Timestamp, MemoryUsed, ReadLatency1, ReadCount, WriteLatency1, WriteCount, PendingTasks, WaitingOnCommit1, SRDelay, 
2019-12-06 16:25:56.055,387412984, 915.6557629377661, 220782, 48.59641155655211, 12122, 0, 0.0, 251617, 
2019-12-06 16:25:57.225,414675960, 903.4180998177214, 221871, 47.55727586282976, 12195, 0, 0.0, 125973, 
2019-12-06 16:25:58.29,437744632, 903.4180998177214, 222766, 47.55727586282976, 12247, 0, 0.0, 62981, 
2019-12-06 16:25:59.327,459764728, 903.4180998177214, 223737, 47.55727586282976, 12288, 0, 0.0, 31445, 
2019-12-06 16:26:00.389,487027704, 903.4180998177214, 224896, 47.55727586282976, 12362, 0, 0.0, 15663, 
2019-12-06 16:26:01.42,513242104, 907.7022720120688, 225997, 48.36024774993343, 12436, 0, 0.0, 7709, 
2019-12-06 16:26:02.451,540505080, 907.7022720120688, 227120, 48.36024774993343, 12483, 0, 0.0, 3797, 
2019-12-06 16:26:03.483,567768056, 907.7022720120688, 228179, 48.36024774993343, 12545, 0, 0.0, 1908, 
2019-12-06 16:26:04.515,593982456, 907.7022720120688, 229312, 48.36024774993343, 12603, 0, 0.0, 969, 
2019-12-06 16:26:05.549,620196856, 907.7022720120688, 230439, 48.36024774993343, 12653, 0, 0.0, 509, 
2019-12-06 16:26:06.576,645362680, 920.6948729747487, 231524, 48.71523073998828, 12708, 0, 0.0, 262, 
2019-12-06 16:26:07.614,673674232, 920.6948729747487, 232643, 48.71523073998828, 12772, 0, 0.0, 179, 
2019-12-06 16:26:08.644,697791480, 920.6948729747487, 233661, 48.71523073998828, 12832, 0, 0.0, 99, 
2019-12-06 16:26:09.675,725054456, 920.6948729747487, 234762, 48.71523073998828, 12897, 0, 0.0, 95, 
2019-12-06 16:26:10.71,129987576, 920.6948729747487, 235902, 48.71523073998828, 12959, 0, 0.0, 1, 
2019-12-06 16:26:11.737,158299128, 933.4322076586027, 237105, 49.50557325242659, 13016, 0, 0.0, 1, 
2019-12-06 16:26:12.769,186610680, 933.4322076586027, 238281, 49.50557325242659, 13078, 0, 0.0, 18, 
2019-12-06 16:26:13.796,217019384, 933.4322076586027, 239567, 49.50557325242659, 13145, 0, 0.0, 1, 
2019-12-06 16:26:14.829,244282360, 933.4322076586027, 240794, 49.50557325242659, 13224, 0, 0.0, 1, 
2019-12-06 16:26:15.857,273642488, 933.4322076586027, 241985, 49.50557325242659, 13296, 0, 0.0, 1, 
2019-12-06 16:26:16.887,301954040, 952.2991506238855, 243112, 50.72844809593776, 13354, 0, 0.0, 1, 
2019-12-06 16:26:17.919,331314168, 952.2991506238855, 244344, 50.72844809593776, 13409, 0, 0.0, 21, 
2019-12-06 16:26:18.949,357528568, 952.2991506238855, 245504, 50.72844809593776, 13475, 0, 0.0, 11, 
2019-12-06 16:26:19.984,386888696, 952.2991506238855, 246768, 50.72844809593776, 13546, 0, 0.0, 1, 
2019-12-06 16:26:21.016,414151672, 952.2991506238855, 248020, 50.72844809593776, 13610, 0, 0.0, 1, 
2019-12-06 16:26:22.047,446657528, 970.1213185153737, 249241, 51.69363609475956, 13675, 0, 0.0, 1, 
2019-12-06 16:26:23.08,472871928, 970.1213185153737, 250412, 51.69363609475956, 13729, 0, 0.0, 1, 
2019-12-06 16:26:24.116,503280632, 970.1213185153737, 251608, 51.69363609475956, 13790, 0, 0.0, 1, 
2019-12-06 16:26:25.144,533689336, 970.1213185153737, 252843, 51.69363609475956, 13847, 0, 0.0, 29, 
2019-12-06 16:26:26.175,564098040, 970.1213185153737, 254107, 51.69363609475956, 13912, 0, 0.0, 40, 
2019-12-06 16:26:27.208,593458168, 987.7977939064544, 255375, 52.245838463585976, 13979, 0, 0.0, 37, 
2019-12-06 16:26:28.237,622818296, 987.7977939064544, 256502, 52.245838463585976, 14053, 0, 0.0, 158, 
2019-12-06 16:26:29.285,651129848, 987.7977939064544, 257766, 52.245838463585976, 14108, 0, 0.0, 1, 
2019-12-06 16:26:30.313,688878584, 987.7977939064544, 259013, 52.245838463585976, 14169, 0, 0.0, 1, 
2019-12-06 16:26:31.341,718238712, 987.7977939064544, 260327, 52.245838463585976, 14230, 0, 0.0, 1, 
2019-12-06 16:26:32.369,122123256, 1004.188865296944, 261529, 53.0257381590301, 14285, 0, 0.0, 1, 
2019-12-06 16:26:33.402,149386232, 1004.188865296944, 262724, 53.0257381590301, 14343, 0, 0.0, 1, 
2019-12-06 16:26:34.436,178746360, 1004.188865296944, 264031, 53.0257381590301, 14418, 0, 0.0, 1, 
2019-12-06 16:26:35.473,209155064, 1004.188865296944, 265422, 53.0257381590301, 14498, 0, 0.0, 1, 
2019-12-06 16:26:36.5,240612344, 1023.251167131014, 266702, 54.04711174220314, 14570, 0, 0.0, 1, 
2019-12-06 16:26:37.525,271021048, 1023.251167131014, 267979, 54.04711174220314, 14638, 0, 0.0, 1, 
2019-12-06 16:26:38.555,304575480, 1023.251167131014, 269390, 54.04711174220314, 14709, 0, 0.0, 1, 
2019-12-06 16:26:39.592,333935608, 1023.251167131014, 270679, 54.04711174220314, 14770, 0, 0.0, 1, 
2019-12-06 16:26:40.643,369587192, 1023.251167131014, 272036, 54.04711174220314, 14839, 0, 0.0, 1, 
2019-12-06 16:26:41.676,404190200, 1046.0664000978932, 273560, 55.00281191972558, 14923, 0, 0.0, 1, 
2019-12-06 16:26:42.715,436696056, 1046.0664000978932, 274988, 55.00281191972558, 14994, 0, 0.0, 59, 
2019-12-06 16:26:43.746,467104760, 1046.0664000978932, 276297, 55.00281191972558, 15064, 0, 0.0, 23, 
2019-12-06 16:26:44.779,496464888, 1046.0664000978932, 277572, 55.00281191972558, 15131, 0, 0.0, 1, 
2019-12-06 16:26:45.819,531067896, 1046.0664000978932, 278835, 55.00281191972558, 15193, 0, 0.0, 30, 
2019-12-06 16:26:46.854,563573752, 1065.8261117428287, 280169, 56.28187645696874, 15285, 0, 0.0, 1, 
