Timestamp, MemoryUsed, ReadLatency1, ReadCount, WriteLatency1, WriteCount, PendingTasks, WaitingOnCommit1, SRDelay, 
2019-12-06 16:22:17.551,300612296, 0.012032559134052257, 252, 4.110689018358917, 504, 0, 0.0, 287, 
2019-12-06 16:22:18.612,311474208, 0.012032559134052257, 496, 4.110689018358917, 525, 0, 0.0, 122, 
2019-12-06 16:22:19.683,323229632, 0.012032559134052257, 811, 4.110689018358917, 544, 0, 0.0, 71, 
2019-12-06 16:22:20.744,337034224, 0.012032559134052257, 1310, 4.110689018358917, 571, 0, 0.0, 1, 
2019-12-06 16:22:21.818,82122320, 22.494581095059274, 1843, 5.061305837550044, 595, 0, 0.0, 14, 
2019-12-06 16:22:22.882,97944528, 22.494581095059274, 2468, 5.061305837550044, 624, 0, 0.0, 15, 
2019-12-06 16:22:23.977,115346872, 22.494581095059274, 3112, 5.061305837550044, 655, 0, 0.0, 1, 
2019-12-06 16:22:25.073,128277656, 22.494581095059274, 3635, 5.061305837550044, 684, 0, 0.0, 1, 
2019-12-06 16:22:26.129,146162968, 65.8229460791456, 4355, 6.895382556947656, 724, 0, 0.0, 1, 
2019-12-06 16:22:27.173,162882592, 65.8229460791456, 5046, 6.895382556947656, 760, 0, 0.0, 1, 
2019-12-06 16:22:28.223,180888936, 65.8229460791456, 5707, 6.895382556947656, 795, 0, 0.0, 1, 
2019-12-06 16:22:29.272,197667216, 65.8229460791456, 6405, 6.895382556947656, 826, 0, 0.0, 1, 
2019-12-06 16:22:30.308,216760792, 65.8229460791456, 7204, 6.895382556947656, 862, 0, 0.0, 15, 
2019-12-06 16:22:31.357,233391568, 114.83388524418037, 7895, 8.966601408410348, 894, 0, 0.0, 1, 
2019-12-06 16:22:32.391,252618776, 114.83388524418037, 8720, 8.966601408410348, 937, 0, 0.0, 1, 
2019-12-06 16:22:33.433,270446552, 114.83388524418037, 9494, 8.966601408410348, 976, 0, 0.0, 9, 
2019-12-06 16:22:34.472,291402960, 114.83388524418037, 10210, 8.966601408410348, 1017, 0, 0.0, 1, 
2019-12-06 16:22:35.504,309999232, 114.83388524418037, 11012, 8.966601408410348, 1064, 0, 0.0, 1, 
2019-12-06 16:22:36.539,329732576, 165.44306146928486, 11862, 11.383930490545891, 1106, 0, 0.0, 1, 
2019-12-06 16:22:37.634,350604824, 165.44306146928486, 12769, 11.383930490545891, 1153, 0, 0.0, 24, 
2019-12-06 16:22:38.683,92551328, 165.44306146928486, 13703, 11.383930490545891, 1190, 0, 0.0, 1, 
2019-12-06 16:22:39.72,110173624, 165.44306146928486, 14490, 11.383930490545891, 1231, 0, 0.0, 4, 
2019-12-06 16:22:40.813,133094712, 165.44306146928486, 15473, 11.383930490545891, 1285, 0, 0.0, 149, 
2019-12-06 16:22:41.852,152381072, 219.90536321880623, 16331, 13.991767420664976, 1328, 0, 0.0, 34, 
2019-12-06 16:22:42.936,175440776, 219.90536321880623, 17320, 13.991767420664976, 1383, 0, 0.0, 47, 
2019-12-06 16:22:44.021,198903592, 219.90536321880623, 18317, 13.991767420664976, 1429, 0, 0.0, 19, 
2019-12-06 16:22:45.054,220532568, 219.90536321880623, 19241, 13.991767420664976, 1478, 0, 0.0, 33, 
2019-12-06 16:22:46.086,242092104, 273.1953320490631, 20140, 16.439066573707525, 1524, 0, 0.0, 30, 
2019-12-06 16:22:47.127,262198952, 273.1953320490631, 20998, 16.439066573707525, 1574, 0, 0.0, 7, 
2019-12-06 16:22:48.161,284029520, 273.1953320490631, 21954, 16.439066573707525, 1628, 0, 0.0, 16, 
2019-12-06 16:22:49.211,305716128, 273.1953320490631, 22882, 16.439066573707525, 1677, 0, 0.0, 17, 
2019-12-06 16:22:50.257,327932008, 273.1953320490631, 23865, 16.439066573707525, 1734, 0, 0.0, 76, 
2019-12-06 16:22:51.3,350662016, 322.8001504417806, 24864, 19.282361822134405, 1786, 0, 0.0, 48, 
2019-12-06 16:22:52.339,90429744, 322.8001504417806, 25787, 19.282361822134405, 1835, 0, 0.0, 23, 
2019-12-06 16:22:53.37,106843168, 322.8001504417806, 26507, 19.282361822134405, 1872, 0, 0.0, 1, 
2019-12-06 16:22:54.405,127347336, 322.8001504417806, 27255, 19.282361822134405, 1923, 0, 0.0, 1, 
2019-12-06 16:22:55.44,146267744, 322.8001504417806, 28064, 19.282361822134405, 1969, 0, 0.0, 23, 
2019-12-06 16:22:56.478,165644136, 360.98692598615514, 28931, 21.386603988219317, 2019, 0, 0.0, 1, 
2019-12-06 16:22:57.512,189064416, 360.98692598615514, 29938, 21.386603988219317, 2070, 0, 0.0, 29, 
2019-12-06 16:22:58.617,214540568, 360.98692598615514, 31050, 21.386603988219317, 2128, 0, 0.0, 1, 
2019-12-06 16:22:59.655,239356576, 360.98692598615514, 32213, 21.386603988219317, 2177, 0, 0.0, 1, 
2019-12-06 16:23:00.691,264868360, 360.98692598615514, 33373, 21.386603988219317, 2248, 0, 0.0, 1, 
2019-12-06 16:23:01.725,288618864, 414.44627570541974, 34442, 23.754360401154905, 2296, 0, 0.0, 1, 
2019-12-06 16:23:02.761,313959760, 414.44627570541974, 35609, 23.754360401154905, 2344, 0, 0.0, 1, 
2019-12-06 16:23:03.811,339558208, 414.44627570541974, 36764, 23.754360401154905, 2401, 0, 0.0, 6, 
2019-12-06 16:23:04.844,80359840, 414.44627570541974, 37767, 23.754360401154905, 2467, 0, 0.0, 20, 
2019-12-06 16:23:05.877,104451704, 414.44627570541974, 38902, 23.754360401154905, 2548, 0, 0.0, 1, 
2019-12-06 16:23:06.911,131987816, 466.7015463025788, 40095, 26.476499444599654, 2599, 0, 0.0, 1, 
2019-12-06 16:23:07.949,157840632, 466.7015463025788, 41286, 26.476499444599654, 2651, 0, 0.0, 1, 
2019-12-06 16:23:08.981,185010128, 466.7015463025788, 42548, 26.476499444599654, 2722, 0, 0.0, 28, 
2019-12-06 16:23:10.011,210811792, 466.7015463025788, 43760, 26.476499444599654, 2783, 0, 0.0, 1, 
2019-12-06 16:23:11.051,236838912, 522.6943191021358, 44911, 28.90103268199473, 2838, 0, 0.0, 24, 
2019-12-06 16:23:12.082,263699896, 522.6943191021358, 46093, 28.90103268199473, 2903, 0, 0.0, 33, 
2019-12-06 16:23:13.119,291262744, 522.6943191021358, 47401, 28.90103268199473, 2974, 0, 0.0, 24, 
2019-12-06 16:23:14.149,320087832, 522.6943191021358, 48702, 28.90103268199473, 3028, 0, 0.0, 1, 
2019-12-06 16:23:15.185,347075848, 522.6943191021358, 49979, 28.90103268199473, 3093, 0, 0.0, 1, 
2019-12-06 16:23:16.213,94722240, 578.5437497030676, 51266, 31.563471106144874, 3160, 0, 0.0, 3, 
2019-12-06 16:23:17.251,123648024, 578.5437497030676, 52595, 31.563471106144874, 3224, 0, 0.0, 36, 
2019-12-06 16:23:18.333,148738000, 578.5437497030676, 53822, 31.563471106144874, 3299, 0, 0.0, 30, 
2019-12-06 16:23:19.372,177376128, 578.5437497030676, 55116, 31.563471106144874, 3370, 0, 0.0, 1, 
2019-12-06 16:23:20.406,207584200, 578.5437497030676, 56438, 31.563471106144874, 3444, 0, 0.0, 1, 
2019-12-06 16:23:21.435,234979168, 632.2624094805067, 57759, 34.444792868580365, 3503, 0, 0.0, 1, 
2019-12-06 16:23:22.469,265075736, 632.2624094805067, 59022, 34.444792868580365, 3573, 0, 0.0, 30, 
2019-12-06 16:23:23.516,292735616, 632.2624094805067, 60177, 34.444792868580365, 3629, 0, 0.0, 79, 
2019-12-06 16:23:24.548,316626096, 632.2624094805067, 61378, 34.444792868580365, 3683, 0, 0.0, 29, 
2019-12-06 16:23:25.577,346493088, 632.2624094805067, 62707, 34.444792868580365, 3755, 0, 0.0, 40, 
2019-12-06 16:23:26.635,88552056, 677.1924584722804, 63901, 36.424109945745364, 3811, 0, 0.0, 1, 
2019-12-06 16:23:27.662,116272968, 677.1924584722804, 65203, 36.424109945745364, 3877, 0, 0.0, 1, 
2019-12-06 16:23:28.691,145208824, 677.1924584722804, 66530, 36.424109945745364, 3942, 0, 0.0, 1, 
2019-12-06 16:23:29.725,175795864, 677.1924584722804, 67969, 36.424109945745364, 4011, 0, 0.0, 1, 
2019-12-06 16:23:30.756,207050704, 677.1924584722804, 69436, 36.424109945745364, 4070, 0, 0.0, 1, 
2019-12-06 16:23:31.799,236432776, 727.8369292333305, 70802, 38.437062972261096, 4141, 0, 0.0, 1, 
2019-12-06 16:23:32.834,267477984, 727.8369292333305, 72287, 38.437062972261096, 4239, 0, 0.0, 1, 
2019-12-06 16:23:33.868,298029240, 727.8369292333305, 73751, 38.437062972261096, 4319, 0, 0.0, 8, 
2019-12-06 16:23:34.897,329709496, 727.8369292333305, 75243, 38.437062972261096, 4385, 0, 0.0, 34, 
2019-12-06 16:23:36.008,357234248, 727.8369292333305, 76441, 38.437062972261096, 4440, 0, 0.0, 12, 
2019-12-06 16:23:37.038,102616848, 777.3744572305335, 77831, 41.024660546628304, 4507, 0, 0.0, 40, 
2019-12-06 16:23:38.067,132388720, 777.3744572305335, 79234, 41.024660546628304, 4580, 0, 0.0, 23, 
2019-12-06 16:23:39.091,156596712, 777.3744572305335, 80232, 41.024660546628304, 4626, 0, 0.0, 4, 
2019-12-06 16:23:40.12,185740584, 777.3744572305335, 81573, 41.024660546628304, 4687, 0, 0.0, 1, 
2019-12-06 16:23:41.153,215804952, 815.3074292174672, 82997, 42.477880451933395, 4753, 0, 0.0, 1, 
2019-12-06 16:23:42.181,240921608, 815.3074292174672, 84219, 42.477880451933395, 4805, 0, 0.0, 1, 
2019-12-06 16:23:43.206,268836728, 815.3074292174672, 85543, 42.477880451933395, 4889, 0, 0.0, 1, 
2019-12-06 16:23:44.236,295053072, 815.3074292174672, 86804, 42.477880451933395, 4948, 0, 0.0, 1, 
2019-12-06 16:23:45.261,322594648, 815.3074292174672, 88087, 42.477880451933395, 5011, 0, 0.0, 15, 
2019-12-06 16:23:46.287,352442984, 851.8065599317497, 89500, 44.23067635296502, 5091, 0, 0.0, 27, 
2019-12-06 16:23:47.312,95673624, 851.8065599317497, 90793, 44.23067635296502, 5155, 0, 0.0, 22, 
2019-12-06 16:23:48.338,124725168, 851.8065599317497, 92205, 44.23067635296502, 5229, 0, 0.0, 1, 
2019-12-06 16:23:49.41,154631992, 851.8065599317497, 93619, 44.23067635296502, 5302, 0, 0.0, 138, 
2019-12-06 16:23:50.445,185060776, 851.8065599317497, 95058, 44.23067635296502, 5385, 0, 0.0, 1, 
2019-12-06 16:23:51.481,213033520, 891.4959880065705, 96472, 46.57891781710456, 5466, 0, 0.0, 1, 
2019-12-06 16:23:52.512,244141064, 891.4959880065705, 97870, 46.57891781710456, 5539, 0, 0.0, 52, 
2019-12-06 16:23:53.542,275287512, 891.4959880065705, 99385, 46.57891781710456, 5618, 0, 0.0, 1, 
2019-12-06 16:23:54.579,307228792, 891.4959880065705, 100849, 46.57891781710456, 5702, 0, 0.0, 1, 
2019-12-06 16:23:55.604,337109336, 891.4959880065705, 102363, 46.57891781710456, 5768, 0, 0.0, 2, 
2019-12-06 16:23:56.63,84165880, 932.7773775147341, 103669, 48.70742202623885, 5836, 0, 0.0, 1, 
2019-12-06 16:23:57.66,114927104, 932.7773775147341, 105140, 48.70742202623885, 5916, 0, 0.0, 77, 
2019-12-06 16:23:58.693,140223376, 932.7773775147341, 106371, 48.70742202623885, 5973, 0, 0.0, 39, 
2019-12-06 16:23:59.721,166783632, 932.7773775147341, 107610, 48.70742202623885, 6042, 0, 0.0, 32, 
2019-12-06 16:24:00.747,195013048, 932.7773775147341, 108992, 48.70742202623885, 6118, 0, 0.0, 1, 
2019-12-06 16:24:01.772,228346280, 961.355312520266, 110549, 50.23398027436621, 6189, 0, 0.0, 16, 
2019-12-06 16:24:02.798,257481080, 961.355312520266, 111955, 50.23398027436621, 6253, 0, 0.0, 64, 
2019-12-06 16:24:03.827,286703064, 961.355312520266, 113371, 50.23398027436621, 6341, 0, 0.0, 12, 
2019-12-06 16:24:04.863,314973200, 961.355312520266, 114674, 50.23398027436621, 6417, 0, 0.0, 1, 
2019-12-06 16:24:05.892,341570488, 961.355312520266, 115957, 50.23398027436621, 6487, 0, 0.0, 1, 
2019-12-06 16:24:06.917,82335384, 991.981874730836, 117198, 51.94231288857068, 6549, 0, 0.0, 1, 
2019-12-06 16:24:07.95,110167784, 991.981874730836, 118533, 51.94231288857068, 6621, 0, 0.0, 1, 
2019-12-06 16:24:08.977,138625928, 991.981874730836, 119859, 51.94231288857068, 6690, 0, 0.0, 56, 
2019-12-06 16:24:10.001,169794328, 991.981874730836, 121368, 51.94231288857068, 6766, 0, 0.0, 5, 
2019-12-06 16:24:11.028,200176560, 1019.7119209538927, 122821, 53.22621466126419, 6830, 0, 0.0, 1, 
2019-12-06 16:24:12.059,228467488, 1019.7119209538927, 124153, 53.22621466126419, 6896, 0, 0.0, 1, 
2019-12-06 16:24:13.087,256938304, 1019.7119209538927, 125551, 53.22621466126419, 6984, 0, 0.0, 1, 
2019-12-06 16:24:14.123,277644112, 1019.7119209538927, 126538, 53.22621466126419, 7044, 0, 0.0, 1, 
2019-12-06 16:24:15.149,300915504, 1019.7119209538927, 127650, 53.22621466126419, 7103, 0, 0.0, 1, 
2019-12-06 16:24:16.186,324728896, 1030.0332338784003, 128728, 54.10363009175496, 7173, 0, 0.0, 1, 
2019-12-06 16:24:17.22,354006184, 1030.0332338784003, 130183, 54.10363009175496, 7243, 0, 0.0, 1, 
2019-12-06 16:24:18.245,98304312, 1030.0332338784003, 131445, 54.10363009175496, 7315, 0, 0.0, 1, 
2019-12-06 16:24:19.275,126625544, 1030.0332338784003, 132782, 54.10363009175496, 7402, 0, 0.0, 1, 
2019-12-06 16:24:20.313,151853672, 1030.0332338784003, 134043, 54.10363009175496, 7467, 0, 0.0, 1, 
2019-12-06 16:24:21.345,176574832, 1048.9800503770489, 135244, 55.48657147255645, 7526, 0, 0.0, 21, 
2019-12-06 16:24:22.374,206191032, 1048.9800503770489, 136597, 55.48657147255645, 7603, 0, 0.0, 40, 
2019-12-06 16:24:23.401,229191472, 1048.9800503770489, 137775, 55.48657147255645, 7665, 0, 0.0, 1, 
2019-12-06 16:24:24.435,254939368, 1048.9800503770489, 138947, 55.48657147255645, 7731, 0, 0.0, 14, 
2019-12-06 16:24:25.467,283462360, 1048.9800503770489, 140250, 55.48657147255645, 7815, 0, 0.0, 1, 
2019-12-06 16:24:26.512,306608136, 1061.4227345445072, 141335, 56.423125507165786, 7868, 0, 0.0, 1, 
2019-12-06 16:24:27.545,328992184, 1061.4227345445072, 142429, 56.423125507165786, 7921, 0, 0.0, 1, 
2019-12-06 16:24:28.579,351068112, 1061.4227345445072, 143459, 56.423125507165786, 7978, 0, 0.0, 1, 
2019-12-06 16:24:29.612,91405312, 1061.4227345445072, 144521, 56.423125507165786, 8036, 0, 0.0, 1, 
2019-12-06 16:24:30.65,117723056, 1061.4227345445072, 145716, 56.423125507165786, 8107, 0, 0.0, 109, 
2019-12-06 16:24:31.684,143851368, 1061.4209167906931, 147006, 56.59717878151884, 8181, 0, 0.0, 50, 
2019-12-06 16:24:32.719,172581328, 1061.4209167906931, 148391, 56.59717878151884, 8250, 0, 0.0, 40, 
2019-12-06 16:24:33.758,200929144, 1061.4209167906931, 149684, 56.59717878151884, 8305, 0, 0.0, 1, 
2019-12-06 16:24:34.8,226485472, 1061.4209167906931, 150915, 56.59717878151884, 8372, 0, 0.0, 1, 
2019-12-06 16:24:35.836,252806488, 1061.4209167906931, 152144, 56.59717878151884, 8448, 0, 0.0, 1, 
2019-12-06 16:24:36.877,280618056, 1075.2675517626506, 153280, 57.17308456836284, 8506, 0, 0.0, 1, 
2019-12-06 16:24:37.968,307202592, 1075.2675517626506, 154546, 57.17308456836284, 8583, 0, 0.0, 1, 
2019-12-06 16:24:39.003,336932768, 1075.2675517626506, 155540, 57.17308456836284, 8647, 0, 0.0, 1, 
2019-12-06 16:24:40.035,91639016, 1075.2675517626506, 156469, 57.17308456836284, 8690, 0, 0.0, 1, 
2019-12-06 16:24:41.074,109838152, 1067.490467723895, 157286, 57.143254373306625, 8744, 0, 0.0, 1, 
2019-12-06 16:24:42.103,127962032, 1067.490467723895, 158111, 57.143254373306625, 8786, 0, 0.0, 33, 
2019-12-06 16:24:43.135,146466616, 1067.490467723895, 158951, 57.143254373306625, 8822, 0, 0.0, 1, 
2019-12-06 16:24:44.161,167854312, 1067.490467723895, 159882, 57.143254373306625, 8874, 0, 0.0, 7, 
2019-12-06 16:24:45.201,189196904, 1067.490467723895, 160854, 57.143254373306625, 8931, 0, 0.0, 56, 
2019-12-06 16:24:46.228,206063824, 1050.2288190010818, 161647, 56.076386659139054, 8969, 0, 0.0, 58, 
2019-12-06 16:24:47.257,227314464, 1050.2288190010818, 162545, 56.076386659139054, 9025, 0, 0.0, 23, 
2019-12-06 16:24:48.284,245325760, 1050.2288190010818, 163381, 56.076386659139054, 9066, 0, 0.0, 3, 
2019-12-06 16:24:49.338,264768912, 1050.2288190010818, 164272, 56.076386659139054, 9115, 0, 0.0, 27, 
2019-12-06 16:24:50.365,282610056, 1050.2288190010818, 165083, 56.076386659139054, 9150, 0, 0.0, 1, 
2019-12-06 16:24:51.4,301116096, 1031.4529433159457, 165876, 54.99887427512601, 9187, 0, 0.0, 1, 
2019-12-06 16:24:52.432,319288904, 1031.4529433159457, 166688, 54.99887427512601, 9243, 0, 0.0, 21, 
2019-12-06 16:24:53.455,337729808, 1031.4529433159457, 167567, 54.99887427512601, 9292, 0, 0.0, 10, 
2019-12-06 16:24:54.481,356156792, 1031.4529433159457, 168384, 54.99887427512601, 9333, 0, 0.0, 24, 
2019-12-06 16:24:55.505,88652608, 1031.4529433159457, 169121, 54.99887427512601, 9375, 0, 0.0, 42, 
2019-12-06 16:24:56.535,112614640, 1012.4032897668327, 169927, 54.16742619526224, 9423, 0, 0.0, 10, 
2019-12-06 16:24:57.559,142290592, 1012.4032897668327, 170778, 54.16742619526224, 9474, 0, 0.0, 1, 
2019-12-06 16:24:58.585,163502648, 1012.4032897668327, 171740, 54.16742619526224, 9512, 0, 0.0, 1, 
2019-12-06 16:24:59.613,184389864, 1012.4032897668327, 172621, 54.16742619526224, 9568, 0, 0.0, 1, 
2019-12-06 16:25:00.638,201340880, 1012.4032897668327, 173456, 54.16742619526224, 9618, 0, 0.0, 5, 
2019-12-06 16:25:01.665,224387528, 998.7785949844365, 174276, 53.610341555293054, 9660, 0, 0.0, 1, 
2019-12-06 16:25:02.696,239619512, 998.7785949844365, 175041, 53.610341555293054, 9708, 0, 0.0, 1, 
2019-12-06 16:25:03.721,258133416, 998.7785949844365, 175825, 53.610341555293054, 9746, 0, 0.0, 1, 
2019-12-06 16:25:04.752,277399528, 998.7785949844365, 176669, 53.610341555293054, 9781, 0, 0.0, 1, 
2019-12-06 16:25:05.782,296881248, 998.7785949844365, 177536, 53.610341555293054, 9829, 0, 0.0, 1, 
2019-12-06 16:25:06.813,315558688, 982.5813048388867, 178449, 52.618065431589564, 9868, 0, 0.0, 1, 
2019-12-06 16:25:07.84,336070008, 982.5813048388867, 179298, 52.618065431589564, 9907, 0, 0.0, 1, 
2019-12-06 16:25:08.948,75107384, 982.5813048388867, 180345, 52.618065431589564, 9966, 0, 0.0, 1, 
2019-12-06 16:25:09.976,95314736, 982.5813048388867, 181274, 52.618065431589564, 10008, 0, 0.0, 1, 
2019-12-06 16:25:11.002,111195696, 973.1000671964748, 182027, 51.76909179450268, 10048, 0, 0.0, 22, 
2019-12-06 16:25:12.042,128106448, 973.1000671964748, 182759, 51.76909179450268, 10096, 0, 0.0, 1, 
2019-12-06 16:25:13.069,144204296, 973.1000671964748, 183535, 51.76909179450268, 10136, 0, 0.0, 1, 
2019-12-06 16:25:14.102,162818744, 973.1000671964748, 184288, 51.76909179450268, 10181, 0, 0.0, 52, 
2019-12-06 16:25:15.129,180334536, 973.1000671964748, 185119, 51.76909179450268, 10221, 0, 0.0, 25, 
2019-12-06 16:25:16.159,197932048, 954.4304326396883, 185855, 50.87606052201439, 10255, 0, 0.0, 28, 
2019-12-06 16:25:17.188,216126800, 954.4304326396883, 186674, 50.87606052201439, 10287, 0, 0.0, 1, 
2019-12-06 16:25:18.215,235660536, 954.4304326396883, 187538, 50.87606052201439, 10337, 0, 0.0, 1, 
2019-12-06 16:25:19.245,255064696, 954.4304326396883, 188388, 50.87606052201439, 10376, 0, 0.0, 1, 
2019-12-06 16:25:20.275,276246664, 954.4304326396883, 189277, 50.87606052201439, 10430, 0, 0.0, 1, 
2019-12-06 16:25:21.301,294018368, 944.6894090820193, 190124, 50.07042320474636, 10466, 0, 0.0, 47, 
2019-12-06 16:25:22.327,313257272, 944.6894090820193, 191010, 50.07042320474636, 10510, 0, 0.0, 1, 
2019-12-06 16:25:23.355,332960704, 944.6894090820193, 191900, 50.07042320474636, 10553, 0, 0.0, 1, 
2019-12-06 16:25:24.383,352142576, 944.6894090820193, 192744, 50.07042320474636, 10605, 0, 0.0, 35, 
2019-12-06 16:25:25.409,87382280, 944.6894090820193, 193586, 50.07042320474636, 10646, 0, 0.0, 1, 
2019-12-06 16:25:26.436,106683632, 936.8306218431285, 194449, 49.50510337859245, 10693, 0, 0.0, 44, 
2019-12-06 16:25:27.461,124381264, 936.8306218431285, 195285, 49.50510337859245, 10736, 0, 0.0, 16, 
2019-12-06 16:25:28.535,144632856, 936.8306218431285, 196147, 49.50510337859245, 10776, 0, 0.0, 1, 
2019-12-06 16:25:29.562,163135328, 936.8306218431285, 197001, 49.50510337859245, 10820, 0, 0.0, 1, 
2019-12-06 16:25:30.589,182558824, 936.8306218431285, 197900, 49.50510337859245, 10862, 0, 0.0, 4, 
2019-12-06 16:25:31.617,202713632, 927.6332811381083, 198805, 48.761108391022425, 10892, 0, 0.0, 1, 
2019-12-06 16:25:32.646,223562136, 927.6332811381083, 199756, 48.761108391022425, 10945, 0, 0.0, 8, 
2019-12-06 16:25:33.673,242089312, 927.6332811381083, 200527, 48.761108391022425, 11002, 0, 0.0, 9, 
2019-12-06 16:25:34.705,262491216, 927.6332811381083, 201336, 48.761108391022425, 11046, 0, 0.0, 1, 
2019-12-06 16:25:35.732,280317936, 927.6332811381083, 202202, 48.761108391022425, 11087, 0, 0.0, 10, 
2019-12-06 16:25:36.767,299460400, 920.2427240369784, 203058, 48.54034235334635, 11135, 0, 0.0, 14, 
2019-12-06 16:25:37.79,318140360, 920.2427240369784, 203925, 48.54034235334635, 11187, 0, 0.0, 1, 
2019-12-06 16:25:38.856,338659544, 920.2427240369784, 204784, 48.54034235334635, 11230, 0, 0.0, 1, 
2019-12-06 16:25:39.887,355655128, 920.2427240369784, 205553, 48.54034235334635, 11268, 0, 0.0, 1, 
2019-12-06 16:25:40.918,88346400, 920.2427240369784, 206448, 48.54034235334635, 11311, 0, 0.0, 13, 
2019-12-06 16:25:41.944,110608400, 912.259740591599, 207263, 48.06537880318231, 11363, 0, 0.0, 16, 
2019-12-06 16:25:42.976,128765672, 912.259740591599, 208073, 48.06537880318231, 11402, 0, 0.0, 1, 
2019-12-06 16:25:44.011,147201880, 912.259740591599, 208943, 48.06537880318231, 11441, 0, 0.0, 1, 
2019-12-06 16:25:45.041,166877216, 912.259740591599, 209791, 48.06537880318231, 11489, 0, 0.0, 18, 
2019-12-06 16:25:46.066,188227096, 906.5461352021609, 210794, 47.932222466109955, 11551, 0, 0.0, 1, 
2019-12-06 16:25:47.127,209445736, 906.5461352021609, 211775, 47.932222466109955, 11613, 0, 0.0, 25, 
2019-12-06 16:25:48.15,231494272, 906.5461352021609, 212782, 47.932222466109955, 11663, 0, 0.0, 5, 
2019-12-06 16:25:49.175,251050976, 906.5461352021609, 213652, 47.932222466109955, 11709, 0, 0.0, 1, 
2019-12-06 16:25:50.211,271554416, 906.5461352021609, 214604, 47.932222466109955, 11754, 0, 0.0, 1, 
2019-12-06 16:25:51.238,290802160, 907.2380600277908, 215529, 47.98561500972952, 11805, 0, 0.0, 1, 
2019-12-06 16:25:52.27,307971360, 907.2380600277908, 216340, 47.98561500972952, 11852, 0, 0.0, 1, 
2019-12-06 16:25:53.295,327976776, 907.2380600277908, 217221, 47.98561500972952, 11907, 0, 0.0, 1, 
2019-12-06 16:25:54.318,345472928, 907.2380600277908, 218021, 47.98561500972952, 11940, 0, 0.0, 1, 
2019-12-06 16:25:55.343,80068984, 907.2380600277908, 218757, 47.98561500972952, 11994, 0, 0.0, 1, 
2019-12-06 16:25:56.411,99091584, 897.0646664568395, 219494, 47.74689841393512, 12035, 0, 0.0, 60, 
2019-12-06 16:25:57.438,117000192, 897.0646664568395, 220273, 47.74689841393512, 12079, 0, 0.0, 1, 
2019-12-06 16:25:58.467,135952968, 897.0646664568395, 221090, 47.74689841393512, 12120, 0, 0.0, 1, 
2019-12-06 16:25:59.489,157923144, 897.0646664568395, 222022, 47.74689841393512, 12167, 0, 0.0, 1, 
2019-12-06 16:26:00.513,181185880, 897.0646664568395, 223113, 47.74689841393512, 12221, 0, 0.0, 1, 
2019-12-06 16:26:01.537,204605360, 896.0040822855361, 224165, 47.65519747988824, 12284, 0, 0.0, 1, 
2019-12-06 16:26:02.56,228559736, 896.0040822855361, 225264, 47.65519747988824, 12348, 0, 0.0, 1, 
2019-12-06 16:26:03.585,251457856, 896.0040822855361, 226347, 47.65519747988824, 12405, 0, 0.0, 8, 
2019-12-06 16:26:04.611,279511016, 896.0040822855361, 227440, 47.65519747988824, 12466, 0, 0.0, 31, 
2019-12-06 16:26:05.64,306684280, 896.0040822855361, 228437, 47.65519747988824, 12518, 0, 0.0, 70, 
2019-12-06 16:26:06.665,331098384, 907.1175822505305, 229495, 48.43434886970542, 12576, 0, 0.0, 49, 
2019-12-06 16:26:07.691,355015360, 907.1175822505305, 230612, 48.43434886970542, 12631, 0, 0.0, 48, 
2019-12-06 16:26:08.715,95317184, 907.1175822505305, 231674, 48.43434886970542, 12693, 0, 0.0, 65, 
2019-12-06 16:26:09.743,119913320, 907.1175822505305, 232796, 48.43434886970542, 12766, 0, 0.0, 56, 
2019-12-06 16:26:10.765,143882384, 907.1175822505305, 233916, 48.43434886970542, 12837, 0, 0.0, 1, 
2019-12-06 16:26:11.798,170239136, 920.9245060449131, 235124, 49.614945149207315, 12905, 0, 0.0, 1, 
2019-12-06 16:26:12.864,195668080, 920.9245060449131, 236288, 49.614945149207315, 12978, 0, 0.0, 39, 
2019-12-06 16:26:13.89,221115216, 920.9245060449131, 237495, 49.614945149207315, 13043, 0, 0.0, 34, 
2019-12-06 16:26:14.916,249650912, 920.9245060449131, 238736, 49.614945149207315, 13105, 0, 0.0, 1, 
2019-12-06 16:26:15.944,273316048, 920.9245060449131, 239896, 49.614945149207315, 13174, 0, 0.0, 1, 
2019-12-06 16:26:16.968,297797568, 939.4642468972069, 241012, 50.87704844991069, 13236, 0, 0.0, 1, 
2019-12-06 16:26:18.003,322314536, 939.4642468972069, 242162, 50.87704844991069, 13296, 0, 0.0, 41, 
2019-12-06 16:26:19.027,346652016, 939.4642468972069, 243333, 50.87704844991069, 13358, 0, 0.0, 65, 
2019-12-06 16:26:20.075,91487696, 939.4642468972069, 244619, 50.87704844991069, 13417, 0, 0.0, 1, 
2019-12-06 16:26:21.104,117292736, 956.7934809072952, 245849, 51.35062150822024, 13472, 0, 0.0, 1, 
2019-12-06 16:26:22.131,143017824, 956.7934809072952, 247084, 51.35062150822024, 13537, 0, 0.0, 1, 
2019-12-06 16:26:23.157,168641024, 956.7934809072952, 248249, 51.35062150822024, 13597, 0, 0.0, 5, 
2019-12-06 16:26:24.184,196320664, 956.7934809072952, 249463, 51.35062150822024, 13668, 0, 0.0, 3, 
2019-12-06 16:26:25.21,223649840, 956.7934809072952, 250697, 51.35062150822024, 13730, 0, 0.0, 30, 
2019-12-06 16:26:26.234,255314352, 974.448195395014, 251907, 52.505930023772954, 13799, 0, 0.0, 31, 
2019-12-06 16:26:27.261,282106304, 974.448195395014, 253180, 52.505930023772954, 13865, 0, 0.0, 33, 
2019-12-06 16:26:28.285,308872440, 974.448195395014, 254308, 52.505930023772954, 13929, 0, 0.0, 178, 
2019-12-06 16:26:29.318,336151272, 974.448195395014, 255580, 52.505930023772954, 14005, 0, 0.0, 1, 
2019-12-06 16:26:30.344,76798688, 974.448195395014, 256819, 52.505930023772954, 14088, 0, 0.0, 1, 
2019-12-06 16:26:31.371,104885864, 992.9940377099906, 258113, 53.80873192679296, 14153, 0, 0.0, 1, 
2019-12-06 16:26:32.406,130680328, 992.9940377099906, 259302, 53.80873192679296, 14242, 0, 0.0, 1, 
2019-12-06 16:26:33.442,160115648, 992.9940377099906, 260638, 53.80873192679296, 14299, 0, 0.0, 1, 
2019-12-06 16:26:34.467,187816552, 992.9940377099906, 261912, 53.80873192679296, 14356, 0, 0.0, 1, 
2019-12-06 16:26:35.495,215887952, 992.9940377099906, 263257, 53.80873192679296, 14416, 0, 0.0, 1, 
2019-12-06 16:26:36.54,244889952, 1012.9354374198251, 264578, 54.495651794662635, 14478, 0, 0.0, 1, 
2019-12-06 16:26:37.565,272454424, 1012.9354374198251, 265926, 54.495651794662635, 14546, 0, 0.0, 1, 
2019-12-06 16:26:38.594,304951376, 1012.9354374198251, 267336, 54.495651794662635, 14630, 0, 0.0, 1, 
2019-12-06 16:26:39.62,332887936, 1012.9354374198251, 268580, 54.495651794662635, 14673, 0, 0.0, 1, 
2019-12-06 16:26:40.653,77774400, 1012.9354374198251, 269934, 54.495651794662635, 14731, 0, 0.0, 1, 
2019-12-06 16:26:41.684,108133232, 1036.319612721102, 271414, 54.99971964580096, 14809, 0, 0.0, 1, 
2019-12-06 16:26:42.725,135673944, 1036.319612721102, 272742, 54.99971964580096, 14890, 0, 0.0, 62, 
2019-12-06 16:26:43.751,164951584, 1036.319612721102, 274086, 54.99971964580096, 14970, 0, 0.0, 22, 
2019-12-06 16:26:44.783,190879408, 1036.319612721102, 275316, 54.99971964580096, 15034, 0, 0.0, 1, 
2019-12-06 16:26:45.814,217290568, 1036.319612721102, 276554, 54.99971964580096, 15090, 0, 0.0, 24, 
2019-12-06 16:26:46.843,244436096, 1055.4514161537084, 277848, 56.21506695931934, 15155, 0, 0.0, 1, 
2019-12-06 16:26:47.868,270820248, 1055.4514161537084, 279015, 56.21506695931934, 15211, 0, 0.0, 1, 
2019-12-06 16:26:48.923,287199944, 1055.4514161537084, 279773, 56.21506695931934, 15247, 0, 0.0, 6, 
2019-12-06 16:26:49.954,288460304, 1055.4514161537084, 279775, 56.21506695931934, 15248, 0, 0.0, 9, 
2019-12-06 16:26:50.991,289438800, 1019.8350874209418, 279775, 54.10303481798134, 15248, 0, 0.0, 11, 
2019-12-06 16:26:52.032,290554448, 1019.8350874209418, 279775, 54.10303481798134, 15248, 0, 0.0, 12, 
