Timestamp, MemoryUsed, ReadLatency1, ReadCount, WriteLatency1, WriteCount, PendingTasks, WaitingOnCommit1, SRDelay, 
2019-12-06 16:22:17.482,274888528, 0.003656660327122248, 235, 4.122513929417085, 504, 0, 0.0, 287, 
2019-12-06 16:22:18.597,284468504, 0.003656660327122248, 509, 4.122513929417085, 517, 0, 0.0, 122, 
2019-12-06 16:22:19.667,293381144, 0.003656660327122248, 869, 4.122513929417085, 541, 0, 0.0, 71, 
2019-12-06 16:22:20.736,304248264, 0.003656660327122248, 1388, 4.122513929417085, 567, 0, 0.0, 1, 
2019-12-06 16:22:21.794,313385808, 22.294981491254834, 1906, 4.976238578477789, 601, 0, 0.0, 14, 
2019-12-06 16:22:22.87,325112592, 22.294981491254834, 2589, 4.976238578477789, 629, 0, 0.0, 15, 
2019-12-06 16:22:23.968,336493184, 22.294981491254834, 3214, 4.976238578477789, 658, 0, 0.0, 1, 
2019-12-06 16:22:25.06,77562632, 22.294981491254834, 3712, 4.976238578477789, 690, 0, 0.0, 1, 
2019-12-06 16:22:26.122,89909744, 64.43997179794293, 4390, 6.881081368666942, 726, 0, 0.0, 1, 
2019-12-06 16:22:27.162,102093896, 64.43997179794293, 5105, 6.881081368666942, 780, 0, 0.0, 1, 
2019-12-06 16:22:28.206,113616032, 64.43997179794293, 5752, 6.881081368666942, 812, 0, 0.0, 1, 
2019-12-06 16:22:29.264,124800192, 64.43997179794293, 6461, 6.881081368666942, 855, 0, 0.0, 1, 
2019-12-06 16:22:30.298,137440832, 64.43997179794293, 7247, 6.881081368666942, 894, 0, 0.0, 15, 
2019-12-06 16:22:31.348,150489928, 114.18514104707512, 8010, 9.41718607516004, 937, 0, 0.0, 1, 
2019-12-06 16:22:32.383,163194024, 114.18514104707512, 8813, 9.41718607516004, 982, 0, 0.0, 1, 
2019-12-06 16:22:33.425,177046776, 114.18514104707512, 9587, 9.41718607516004, 1024, 0, 0.0, 9, 
2019-12-06 16:22:34.46,195520416, 114.18514104707512, 10358, 9.41718607516004, 1077, 0, 0.0, 1, 
2019-12-06 16:22:35.496,208869568, 114.18514104707512, 11213, 9.41718607516004, 1118, 0, 0.0, 1, 
2019-12-06 16:22:36.531,224320528, 166.50926416992505, 12063, 12.182275206285809, 1159, 0, 0.0, 1, 
2019-12-06 16:22:37.582,237250064, 166.50926416992505, 12901, 12.182275206285809, 1199, 0, 0.0, 24, 
2019-12-06 16:22:38.675,252403000, 166.50926416992505, 13845, 12.182275206285809, 1241, 0, 0.0, 1, 
2019-12-06 16:22:39.713,264955408, 166.50926416992505, 14667, 12.182275206285809, 1274, 0, 0.0, 4, 
2019-12-06 16:22:40.806,279354392, 220.00680561931551, 15650, 14.294519856328666, 1324, 0, 0.0, 149, 
2019-12-06 16:22:41.844,294972104, 220.00680561931551, 16586, 14.294519856328666, 1385, 0, 0.0, 34, 
2019-12-06 16:22:42.929,311672944, 220.00680561931551, 17642, 14.294519856328666, 1441, 0, 0.0, 47, 
2019-12-06 16:22:44.01,327083240, 220.00680561931551, 18668, 14.294519856328666, 1492, 0, 0.0, 19, 
2019-12-06 16:22:45.046,341672368, 220.00680561931551, 19624, 14.294519856328666, 1538, 0, 0.0, 33, 
2019-12-06 16:22:46.075,78844272, 276.5188692120336, 20550, 17.22932800752766, 1591, 0, 0.0, 30, 
2019-12-06 16:22:47.109,94210488, 276.5188692120336, 21480, 17.22932800752766, 1652, 0, 0.0, 7, 
2019-12-06 16:22:48.152,108571624, 276.5188692120336, 22472, 17.22932800752766, 1705, 0, 0.0, 16, 
2019-12-06 16:22:49.196,123449616, 276.5188692120336, 23446, 17.22932800752766, 1752, 0, 0.0, 17, 
2019-12-06 16:22:50.25,138794656, 276.5188692120336, 24442, 17.22932800752766, 1807, 0, 0.0, 76, 
2019-12-06 16:22:51.29,155424608, 329.567891406584, 25456, 20.041419674565848, 1864, 0, 0.0, 48, 
2019-12-06 16:22:52.331,169309824, 329.567891406584, 26342, 20.041419674565848, 1919, 0, 0.0, 23, 
2019-12-06 16:22:53.363,181970904, 329.567891406584, 27115, 20.041419674565848, 1953, 0, 0.0, 1, 
2019-12-06 16:22:54.395,194921392, 329.567891406584, 27886, 20.041419674565848, 1992, 0, 0.0, 1, 
2019-12-06 16:22:55.431,209029864, 329.567891406584, 28724, 20.041419674565848, 2041, 0, 0.0, 23, 
2019-12-06 16:22:56.471,221686720, 367.85319294344606, 29580, 21.95704198913631, 2083, 0, 0.0, 1, 
2019-12-06 16:22:57.503,239711008, 367.85319294344606, 30674, 21.95704198913631, 2138, 0, 0.0, 29, 
2019-12-06 16:22:58.588,255975312, 367.85319294344606, 31773, 21.95704198913631, 2201, 0, 0.0, 1, 
2019-12-06 16:22:59.646,274913656, 367.85319294344606, 32968, 21.95704198913631, 2258, 0, 0.0, 1, 
2019-12-06 16:23:00.683,292315032, 367.85319294344606, 34155, 21.95704198913631, 2323, 0, 0.0, 1, 
2019-12-06 16:23:01.716,307862192, 422.42662244453913, 35258, 24.56702880512534, 2376, 0, 0.0, 1, 
2019-12-06 16:23:02.753,325865584, 422.42662244453913, 36437, 24.56702880512534, 2447, 0, 0.0, 1, 
2019-12-06 16:23:03.8,343397776, 422.42662244453913, 37650, 24.56702880512534, 2512, 0, 0.0, 6, 
2019-12-06 16:23:04.833,79886784, 422.42662244453913, 38755, 24.56702880512534, 2568, 0, 0.0, 20, 
2019-12-06 16:23:05.869,98554088, 478.2015101859861, 39974, 27.43207499258214, 2638, 0, 0.0, 1, 
2019-12-06 16:23:06.905,116961128, 478.2015101859861, 41208, 27.43207499258214, 2707, 0, 0.0, 1, 
2019-12-06 16:23:07.941,133403512, 478.2015101859861, 42460, 27.43207499258214, 2771, 0, 0.0, 1, 
2019-12-06 16:23:08.972,152536328, 478.2015101859861, 43781, 27.43207499258214, 2826, 0, 0.0, 28, 
2019-12-06 16:23:10.004,169956448, 478.2015101859861, 45009, 27.43207499258214, 2895, 0, 0.0, 1, 
2019-12-06 16:23:11.037,188108440, 537.6243804856684, 46303, 30.259938139896434, 2968, 0, 0.0, 24, 
2019-12-06 16:23:12.071,206938432, 537.6243804856684, 47572, 30.259938139896434, 3024, 0, 0.0, 33, 
2019-12-06 16:23:13.111,224723016, 537.6243804856684, 48892, 30.259938139896434, 3095, 0, 0.0, 24, 
2019-12-06 16:23:14.141,245851664, 537.6243804856684, 50264, 30.259938139896434, 3163, 0, 0.0, 1, 
2019-12-06 16:23:15.178,263665496, 537.6243804856684, 51542, 30.259938139896434, 3227, 0, 0.0, 1, 
2019-12-06 16:23:16.207,283269720, 595.8780706307402, 52869, 32.94165341928972, 3298, 0, 0.0, 3, 
2019-12-06 16:23:17.238,302793248, 595.8780706307402, 54222, 32.94165341928972, 3365, 0, 0.0, 36, 
2019-12-06 16:23:18.324,319586056, 595.8780706307402, 55465, 32.94165341928972, 3432, 0, 0.0, 30, 
2019-12-06 16:23:19.361,338981184, 595.8780706307402, 56819, 32.94165341928972, 3511, 0, 0.0, 1, 
2019-12-06 16:23:20.393,77473568, 595.8780706307402, 58141, 32.94165341928972, 3575, 0, 0.0, 1, 
2019-12-06 16:23:21.428,95690088, 649.5859906997798, 59525, 35.7127818081302, 3658, 0, 0.0, 1, 
2019-12-06 16:23:22.462,115372552, 649.5859906997798, 60848, 35.7127818081302, 3730, 0, 0.0, 30, 
2019-12-06 16:23:23.5,134111560, 649.5859906997798, 62085, 35.7127818081302, 3791, 0, 0.0, 79, 
2019-12-06 16:23:24.542,151828032, 649.5859906997798, 63272, 35.7127818081302, 3855, 0, 0.0, 29, 
2019-12-06 16:23:25.571,170529232, 649.5859906997798, 64631, 35.7127818081302, 3934, 0, 0.0, 40, 
2019-12-06 16:23:26.625,190045056, 697.3685686390959, 65876, 38.32630747280018, 4001, 0, 0.0, 1, 
2019-12-06 16:23:27.656,208504256, 697.3685686390959, 67238, 38.32630747280018, 4080, 0, 0.0, 1, 
2019-12-06 16:23:28.683,228348968, 697.3685686390959, 68667, 38.32630747280018, 4154, 0, 0.0, 1, 
2019-12-06 16:23:29.719,249722048, 697.3685686390959, 70154, 38.32630747280018, 4228, 0, 0.0, 1, 
2019-12-06 16:23:30.747,270056792, 749.4541500624148, 71586, 38.32630747280018, 4315, 0, 0.0, 1, 
2019-12-06 16:23:31.789,288901256, 749.4541500624148, 72958, 41.194609558220115, 4378, 0, 0.0, 1, 
2019-12-06 16:23:32.828,308763224, 749.4541500624148, 74431, 41.194609558220115, 4437, 0, 0.0, 1, 
2019-12-06 16:23:33.859,329262872, 749.4541500624148, 75934, 41.194609558220115, 4520, 0, 0.0, 8, 
2019-12-06 16:23:34.89,349389288, 749.4541500624148, 77420, 41.194609558220115, 4601, 0, 0.0, 34, 
2019-12-06 16:23:35.917,84314448, 798.6704788166652, 78651, 43.193930188414946, 4666, 0, 0.0, 12, 
2019-12-06 16:23:37.029,105565240, 798.6704788166652, 80137, 43.193930188414946, 4748, 0, 0.0, 40, 
2019-12-06 16:23:38.06,125700280, 798.6704788166652, 81594, 43.193930188414946, 4833, 0, 0.0, 23, 
2019-12-06 16:23:39.085,139733224, 798.6704788166652, 82601, 43.193930188414946, 4885, 0, 0.0, 4, 
2019-12-06 16:23:40.112,158750568, 798.6704788166652, 84002, 43.193930188414946, 4968, 0, 0.0, 1, 
2019-12-06 16:23:41.147,177575912, 838.1788939318109, 85425, 45.401189659984, 5028, 0, 0.0, 1, 
2019-12-06 16:23:42.174,194754240, 838.1788939318109, 86613, 45.401189659984, 5087, 0, 0.0, 1, 
2019-12-06 16:23:43.2,213039664, 838.1788939318109, 88033, 45.401189659984, 5170, 0, 0.0, 1, 
2019-12-06 16:23:44.229,231860176, 838.1788939318109, 89404, 45.401189659984, 5218, 0, 0.0, 1, 
2019-12-06 16:23:45.254,251893760, 838.1788939318109, 90779, 45.401189659984, 5294, 0, 0.0, 15, 
2019-12-06 16:23:46.281,272604320, 877.0230048529226, 92262, 47.16011741817847, 5381, 0, 0.0, 27, 
2019-12-06 16:23:47.306,289892176, 877.0230048529226, 93583, 47.16011741817847, 5452, 0, 0.0, 22, 
2019-12-06 16:23:48.331,307799760, 877.0230048529226, 94986, 47.16011741817847, 5514, 0, 0.0, 1, 
2019-12-06 16:23:49.362,327698632, 877.0230048529226, 96358, 47.16011741817847, 5593, 0, 0.0, 138, 
2019-12-06 16:23:50.433,346104192, 877.0230048529226, 97884, 47.16011741817847, 5666, 0, 0.0, 1, 
2019-12-06 16:23:51.473,82639472, 915.3678642302173, 99271, 49.00228471687967, 5749, 0, 0.0, 1, 
2019-12-06 16:23:52.506,104343232, 915.3678642302173, 100808, 49.00228471687967, 5826, 0, 0.0, 52, 
2019-12-06 16:23:53.534,123953128, 915.3678642302173, 102322, 49.00228471687967, 5920, 0, 0.0, 1, 
2019-12-06 16:23:54.569,144067856, 915.3678642302173, 103788, 49.00228471687967, 6005, 0, 0.0, 1, 
2019-12-06 16:23:55.598,164164224, 915.3678642302173, 105399, 49.00228471687967, 6076, 0, 0.0, 2, 
2019-12-06 16:23:56.623,182490280, 958.9782099256686, 106721, 51.464734070420995, 6146, 0, 0.0, 1, 
2019-12-06 16:23:57.654,202231800, 958.9782099256686, 108303, 51.464734070420995, 6228, 0, 0.0, 77, 
2019-12-06 16:23:58.685,220668008, 958.9782099256686, 109594, 51.464734070420995, 6295, 0, 0.0, 39, 
2019-12-06 16:23:59.713,238506632, 958.9782099256686, 110901, 51.464734070420995, 6352, 0, 0.0, 32, 
2019-12-06 16:24:00.741,256882528, 989.9067725851947, 112309, 51.464734070420995, 6449, 0, 0.0, 1, 
2019-12-06 16:24:01.766,276968328, 989.9067725851947, 113798, 53.15461662978541, 6522, 0, 0.0, 16, 
2019-12-06 16:24:02.791,295868456, 989.9067725851947, 115283, 53.15461662978541, 6596, 0, 0.0, 64, 
2019-12-06 16:24:03.82,314618680, 989.9067725851947, 116718, 53.15461662978541, 6677, 0, 0.0, 12, 
2019-12-06 16:24:04.855,333249424, 989.9067725851947, 118063, 53.15461662978541, 6742, 0, 0.0, 1, 
2019-12-06 16:24:05.885,352052128, 1022.504123234806, 119462, 54.693392522834, 6821, 0, 0.0, 1, 
2019-12-06 16:24:06.912,85211904, 1022.504123234806, 120703, 54.693392522834, 6882, 0, 0.0, 1, 
2019-12-06 16:24:07.944,103126672, 1022.504123234806, 122080, 54.693392522834, 6950, 0, 0.0, 1, 
2019-12-06 16:24:08.97,121751840, 1022.504123234806, 123459, 54.693392522834, 7018, 0, 0.0, 56, 
2019-12-06 16:24:09.995,141888944, 1022.504123234806, 124965, 54.693392522834, 7097, 0, 0.0, 5, 
2019-12-06 16:24:11.021,160357568, 1048.2894698411967, 126427, 55.69336564467209, 7167, 0, 0.0, 1, 
2019-12-06 16:24:12.052,179596216, 1048.2894698411967, 127872, 55.69336564467209, 7245, 0, 0.0, 1, 
2019-12-06 16:24:13.081,198035832, 1048.2894698411967, 129271, 55.69336564467209, 7317, 0, 0.0, 1, 
2019-12-06 16:24:14.112,212948928, 1048.2894698411967, 130302, 55.69336564467209, 7370, 0, 0.0, 1, 
2019-12-06 16:24:15.143,228239488, 1048.2894698411967, 131376, 55.69336564467209, 7441, 0, 0.0, 1, 
2019-12-06 16:24:16.178,244418744, 1059.8438938722707, 132488, 56.5814030960504, 7506, 0, 0.0, 1, 
2019-12-06 16:24:17.213,262783032, 1059.8438938722707, 133895, 56.5814030960504, 7569, 0, 0.0, 1, 
2019-12-06 16:24:18.239,281526704, 1059.8438938722707, 135220, 56.5814030960504, 7651, 0, 0.0, 1, 
2019-12-06 16:24:19.268,298838928, 1059.8438938722707, 136620, 56.5814030960504, 7724, 0, 0.0, 1, 
2019-12-06 16:24:20.306,316797128, 1059.8438938722707, 137874, 56.5814030960504, 7801, 0, 0.0, 1, 
2019-12-06 16:24:21.336,333122016, 1077.782417669199, 139109, 57.558348163914026, 7869, 0, 0.0, 21, 
2019-12-06 16:24:22.368,351640808, 1077.782417669199, 140454, 57.558348163914026, 7936, 0, 0.0, 40, 
2019-12-06 16:24:23.395,86462552, 1077.782417669199, 141745, 57.558348163914026, 8005, 0, 0.0, 1, 
2019-12-06 16:24:24.424,101575096, 1077.782417669199, 142898, 57.558348163914026, 8077, 0, 0.0, 14, 
2019-12-06 16:24:25.461,119256968, 1077.782417669199, 144220, 57.558348163914026, 8150, 0, 0.0, 1, 
2019-12-06 16:24:26.501,135257944, 1089.4893211730173, 145288, 58.441189899927494, 8223, 0, 0.0, 1, 
2019-12-06 16:24:27.537,151135904, 1089.4893211730173, 146466, 58.441189899927494, 8295, 0, 0.0, 1, 
2019-12-06 16:24:28.57,168061016, 1089.4893211730173, 147568, 58.441189899927494, 8348, 0, 0.0, 1, 
2019-12-06 16:24:29.603,197083584, 1089.4893211730173, 148698, 58.441189899927494, 8394, 0, 0.0, 1, 
2019-12-06 16:24:30.642,223597680, 1089.4893211730173, 150006, 58.441189899927494, 8457, 0, 0.0, 109, 
2019-12-06 16:24:31.677,242500312, 1092.0727404123527, 151401, 58.517852122738105, 8544, 0, 0.0, 50, 
2019-12-06 16:24:32.708,258883016, 1092.0727404123527, 152726, 58.517852122738105, 8609, 0, 0.0, 40, 
2019-12-06 16:24:33.75,277733952, 1092.0727404123527, 154040, 58.517852122738105, 8681, 0, 0.0, 1, 
2019-12-06 16:24:34.791,294534512, 1092.0727404123527, 155335, 58.517852122738105, 8740, 0, 0.0, 1, 
2019-12-06 16:24:35.823,312094352, 1106.7787521183075, 156613, 59.19604722146522, 8803, 0, 0.0, 1, 
2019-12-06 16:24:36.865,327904952, 1106.7787521183075, 157767, 59.19604722146522, 8855, 0, 0.0, 1, 
2019-12-06 16:24:37.958,344592240, 1106.7787521183075, 159119, 59.19604722146522, 8917, 0, 0.0, 1, 
2019-12-06 16:24:38.997,76867704, 1106.7787521183075, 160129, 59.19604722146522, 8975, 0, 0.0, 1, 
2019-12-06 16:24:40.03,90386936, 1106.7787521183075, 161041, 59.19604722146522, 9036, 0, 0.0, 1, 
2019-12-06 16:24:41.063,103390280, 1100.623870931584, 161960, 58.8285675754817, 9092, 0, 0.0, 1, 
2019-12-06 16:24:42.097,116146264, 1100.623870931584, 162847, 58.8285675754817, 9130, 0, 0.0, 33, 
2019-12-06 16:24:43.129,128501136, 1100.623870931584, 163698, 58.8285675754817, 9171, 0, 0.0, 1, 
2019-12-06 16:24:44.155,141757776, 1100.623870931584, 164597, 58.8285675754817, 9228, 0, 0.0, 7, 
2019-12-06 16:24:45.192,156364584, 1100.623870931584, 165603, 58.8285675754817, 9281, 0, 0.0, 56, 
2019-12-06 16:24:46.222,172133896, 1083.8312893894336, 166496, 57.75487859429437, 9321, 0, 0.0, 58, 
2019-12-06 16:24:47.251,194817504, 1083.8312893894336, 167353, 57.75487859429437, 9369, 0, 0.0, 23, 
2019-12-06 16:24:48.278,208562344, 1083.8312893894336, 168209, 57.75487859429437, 9420, 0, 0.0, 3, 
2019-12-06 16:24:49.332,222578888, 1083.8312893894336, 169134, 57.75487859429437, 9469, 0, 0.0, 27, 
2019-12-06 16:24:50.359,234566032, 1083.8312893894336, 169951, 57.75487859429437, 9512, 0, 0.0, 1, 
2019-12-06 16:24:51.394,246741904, 1062.9443887291648, 170737, 56.78302816117805, 9555, 0, 0.0, 1, 
2019-12-06 16:24:52.426,259950160, 1062.9443887291648, 171638, 56.78302816117805, 9610, 0, 0.0, 21, 
2019-12-06 16:24:53.449,273850488, 1062.9443887291648, 172490, 56.78302816117805, 9661, 0, 0.0, 10, 
2019-12-06 16:24:54.475,285109600, 1062.9443887291648, 173273, 56.78302816117805, 9695, 0, 0.0, 24, 
2019-12-06 16:24:55.499,297529328, 1062.9443887291648, 174091, 56.78302816117805, 9739, 0, 0.0, 42, 
2019-12-06 16:24:56.527,308979760, 1042.8799832328377, 174904, 55.76095366174121, 9780, 0, 0.0, 10, 
2019-12-06 16:24:57.553,323044512, 1042.8799832328377, 175791, 55.76095366174121, 9816, 0, 0.0, 1, 
2019-12-06 16:24:58.58,335875512, 1042.8799832328377, 176695, 55.76095366174121, 9859, 0, 0.0, 1, 
2019-12-06 16:24:59.608,348606544, 1042.8799832328377, 177584, 55.76095366174121, 9904, 0, 0.0, 1, 
2019-12-06 16:25:00.633,75709168, 1042.8799832328377, 178453, 55.76095366174121, 9951, 0, 0.0, 5, 
2019-12-06 16:25:01.66,89395928, 1027.4101779159475, 179267, 54.61271520523553, 9986, 0, 0.0, 1, 
2019-12-06 16:25:02.685,101623712, 1027.4101779159475, 180057, 54.61271520523553, 10016, 0, 0.0, 1, 
2019-12-06 16:25:03.715,114378936, 1027.4101779159475, 180933, 54.61271520523553, 10072, 0, 0.0, 1, 
2019-12-06 16:25:04.744,127856288, 1027.4101779159475, 181841, 54.61271520523553, 10115, 0, 0.0, 1, 
2019-12-06 16:25:05.775,141243336, 1012.2657762655141, 182753, 53.58826706081315, 10165, 0, 0.0, 1, 
2019-12-06 16:25:06.807,153948040, 1012.2657762655141, 183638, 53.58826706081315, 10203, 0, 0.0, 1, 
2019-12-06 16:25:07.83,167589112, 1012.2657762655141, 184520, 53.58826706081315, 10255, 0, 0.0, 1, 
2019-12-06 16:25:08.904,182477784, 1012.2657762655141, 185620, 53.58826706081315, 10311, 0, 0.0, 1, 
2019-12-06 16:25:09.97,196220976, 1012.2657762655141, 186584, 53.58826706081315, 10376, 0, 0.0, 1, 
2019-12-06 16:25:10.995,207758040, 1003.2895004071116, 187393, 53.22140948212884, 10417, 0, 0.0, 22, 
2019-12-06 16:25:12.037,219804024, 1003.2895004071116, 188173, 53.22140948212884, 10458, 0, 0.0, 1, 
2019-12-06 16:25:13.062,232043576, 1003.2895004071116, 188985, 53.22140948212884, 10506, 0, 0.0, 1, 
2019-12-06 16:25:14.09,246307040, 1003.2895004071116, 189847, 53.22140948212884, 10551, 0, 0.0, 52, 
2019-12-06 16:25:15.121,258398792, 1003.2895004071116, 190678, 53.22140948212884, 10599, 0, 0.0, 25, 
2019-12-06 16:25:16.15,270425888, 985.9799556754556, 191508, 52.43613293782012, 10642, 0, 0.0, 28, 
2019-12-06 16:25:17.183,282937880, 985.9799556754556, 192357, 52.43613293782012, 10682, 0, 0.0, 1, 
2019-12-06 16:25:18.209,297393808, 985.9799556754556, 193268, 52.43613293782012, 10748, 0, 0.0, 1, 
2019-12-06 16:25:19.239,310375232, 985.9799556754556, 194171, 52.43613293782012, 10789, 0, 0.0, 1, 
2019-12-06 16:25:20.265,325000128, 985.9799556754556, 195062, 52.43613293782012, 10834, 0, 0.0, 1, 
2019-12-06 16:25:21.295,337066112, 976.1470213305646, 195927, 51.98549262954975, 10884, 0, 0.0, 47, 
2019-12-06 16:25:22.321,350115928, 976.1470213305646, 196908, 51.98549262954975, 10927, 0, 0.0, 1, 
2019-12-06 16:25:23.35,79226944, 976.1470213305646, 197820, 51.98549262954975, 10964, 0, 0.0, 1, 
2019-12-06 16:25:24.376,91881104, 976.1470213305646, 198679, 51.98549262954975, 11008, 0, 0.0, 35, 
2019-12-06 16:25:25.404,104732200, 976.1470213305646, 199533, 51.98549262954975, 11061, 0, 0.0, 1, 
2019-12-06 16:25:26.43,119758392, 968.0437609145049, 200499, 51.39498124310329, 11104, 0, 0.0, 44, 
2019-12-06 16:25:27.456,131126624, 968.0437609145049, 201336, 51.39498124310329, 11147, 0, 0.0, 16, 
2019-12-06 16:25:28.529,144631328, 968.0437609145049, 202262, 51.39498124310329, 11197, 0, 0.0, 1, 
2019-12-06 16:25:29.554,157948864, 968.0437609145049, 203138, 51.39498124310329, 11256, 0, 0.0, 1, 
2019-12-06 16:25:30.583,171918024, 968.0437609145049, 204067, 51.39498124310329, 11307, 0, 0.0, 4, 
2019-12-06 16:25:31.609,185429896, 960.1406501503465, 204964, 50.97961347682128, 11348, 0, 0.0, 1, 
2019-12-06 16:25:32.64,197149248, 960.1406501503465, 205896, 50.97961347682128, 11395, 0, 0.0, 8, 
2019-12-06 16:25:33.667,211485152, 960.1406501503465, 206733, 50.97961347682128, 11444, 0, 0.0, 9, 
2019-12-06 16:25:34.698,225644824, 960.1406501503465, 207573, 50.97961347682128, 11500, 0, 0.0, 1, 
2019-12-06 16:25:35.726,238358224, 960.1406501503465, 208525, 50.97961347682128, 11554, 0, 0.0, 10, 
2019-12-06 16:25:36.76,253951896, 952.7574994140666, 209369, 50.74137673710368, 11602, 0, 0.0, 14, 
2019-12-06 16:25:37.785,264928344, 952.7574994140666, 210225, 50.74137673710368, 11652, 0, 0.0, 1, 
2019-12-06 16:25:38.85,278800792, 952.7574994140666, 211128, 50.74137673710368, 11705, 0, 0.0, 1, 
2019-12-06 16:25:39.88,291049352, 952.7574994140666, 211908, 50.74137673710368, 11747, 0, 0.0, 1, 
2019-12-06 16:25:40.909,305049264, 943.1502362117383, 212862, 50.44223276999632, 11798, 0, 0.0, 13, 
2019-12-06 16:25:41.938,317824072, 943.1502362117383, 213706, 50.44223276999632, 11848, 0, 0.0, 16, 
2019-12-06 16:25:42.97,329137728, 943.1502362117383, 214514, 50.44223276999632, 11896, 0, 0.0, 1, 
2019-12-06 16:25:44.005,340888200, 943.1502362117383, 215361, 50.44223276999632, 11928, 0, 0.0, 1, 
2019-12-06 16:25:45.03,354643696, 943.1502362117383, 216295, 50.44223276999632, 11971, 0, 0.0, 18, 
2019-12-06 16:25:46.06,87075272, 936.5498837529411, 217343, 49.8311935753323, 12018, 0, 0.0, 1, 
2019-12-06 16:25:47.121,101454016, 936.5498837529411, 218367, 49.8311935753323, 12074, 0, 0.0, 25, 
2019-12-06 16:25:48.145,116511616, 936.5498837529411, 219394, 49.8311935753323, 12125, 0, 0.0, 5, 
2019-12-06 16:25:49.169,129723672, 936.5498837529411, 220300, 49.8311935753323, 12173, 0, 0.0, 1, 
2019-12-06 16:25:50.203,142103304, 936.5498837529411, 221211, 49.8311935753323, 12227, 0, 0.0, 1, 
2019-12-06 16:25:51.232,156263312, 936.5219085926631, 222135, 49.66878830401544, 12265, 0, 0.0, 1, 
2019-12-06 16:25:52.264,168516992, 936.5219085926631, 222966, 49.66878830401544, 12301, 0, 0.0, 1, 
2019-12-06 16:25:53.289,180624240, 936.5219085926631, 223816, 49.66878830401544, 12353, 0, 0.0, 1, 
2019-12-06 16:25:54.312,193765520, 936.5219085926631, 224667, 49.66878830401544, 12397, 0, 0.0, 1, 
2019-12-06 16:25:55.337,205321928, 936.5219085926631, 225457, 49.66878830401544, 12437, 0, 0.0, 1, 
2019-12-06 16:25:56.405,217810928, 926.7255976704041, 226215, 49.039634729009954, 12477, 0, 0.0, 60, 
2019-12-06 16:25:57.433,230040944, 926.7255976704041, 227057, 49.039634729009954, 12518, 0, 0.0, 1, 
2019-12-06 16:25:58.461,244579416, 926.7255976704041, 227916, 49.039634729009954, 12564, 0, 0.0, 1, 
2019-12-06 16:25:59.484,259424080, 926.7255976704041, 228879, 49.039634729009954, 12616, 0, 0.0, 1, 
2019-12-06 16:26:00.507,274683968, 926.7255976704041, 229955, 49.039634729009954, 12673, 0, 0.0, 1, 
2019-12-06 16:26:01.531,291138104, 924.268914522803, 231129, 48.84457230616133, 12714, 0, 0.0, 1, 
2019-12-06 16:26:02.555,308180400, 924.268914522803, 232262, 48.84457230616133, 12767, 0, 0.0, 1, 
2019-12-06 16:26:03.579,322853336, 924.268914522803, 233391, 48.84457230616133, 12826, 0, 0.0, 8, 
2019-12-06 16:26:04.606,340626752, 924.268914522803, 234578, 48.84457230616133, 12878, 0, 0.0, 31, 
2019-12-06 16:26:05.634,356006848, 924.268914522803, 235675, 48.84457230616133, 12933, 0, 0.0, 70, 
2019-12-06 16:26:06.659,88541064, 938.9272587787739, 236784, 48.9849285549981, 12989, 0, 0.0, 49, 
2019-12-06 16:26:07.685,104145768, 938.9272587787739, 237970, 48.9849285549981, 13055, 0, 0.0, 48, 
2019-12-06 16:26:08.709,122270712, 938.9272587787739, 239079, 48.9849285549981, 13120, 0, 0.0, 65, 
2019-12-06 16:26:09.738,138130848, 938.9272587787739, 240232, 48.9849285549981, 13187, 0, 0.0, 56, 
2019-12-06 16:26:10.76,155139080, 952.9732756367885, 241372, 50.07352956224681, 13252, 0, 0.0, 1, 
2019-12-06 16:26:11.792,171033088, 952.9732756367885, 242628, 50.07352956224681, 13323, 0, 0.0, 1, 
2019-12-06 16:26:12.854,191028944, 952.9732756367885, 243948, 50.07352956224681, 13378, 0, 0.0, 39, 
2019-12-06 16:26:13.882,207360056, 952.9732756367885, 245158, 50.07352956224681, 13441, 0, 0.0, 34, 
2019-12-06 16:26:14.909,225248968, 952.9732756367885, 246417, 50.07352956224681, 13503, 0, 0.0, 1, 
2019-12-06 16:26:15.938,241524696, 973.8278290635651, 247635, 50.88319743383622, 13566, 0, 0.0, 1, 
2019-12-06 16:26:16.963,258059312, 973.8278290635651, 248791, 50.88319743383622, 13609, 0, 0.0, 1, 
2019-12-06 16:26:17.998,276695456, 973.8278290635651, 250047, 50.88319743383622, 13672, 0, 0.0, 41, 
2019-12-06 16:26:19.021,294097744, 973.8278290635651, 251298, 50.88319743383622, 13726, 0, 0.0, 65, 
2019-12-06 16:26:20.066,311896920, 973.8278290635651, 252530, 50.88319743383622, 13803, 0, 0.0, 1, 
2019-12-06 16:26:21.096,328838992, 990.7282147218585, 253763, 51.5961456026486, 13874, 0, 0.0, 1, 
2019-12-06 16:26:22.126,344396496, 990.7282147218585, 254976, 51.5961456026486, 13928, 0, 0.0, 1, 
2019-12-06 16:26:23.151,78305328, 990.7282147218585, 256163, 51.5961456026486, 13986, 0, 0.0, 5, 
2019-12-06 16:26:24.176,94990984, 990.7282147218585, 257440, 51.5961456026486, 14048, 0, 0.0, 3, 
2019-12-06 16:26:25.203,113461080, 990.7282147218585, 258753, 51.5961456026486, 14118, 0, 0.0, 30, 
2019-12-06 16:26:26.229,133623576, 1009.4435613325318, 260105, 52.36402740280358, 14190, 0, 0.0, 31, 
2019-12-06 16:26:27.255,151638864, 1009.4435613325318, 261422, 52.36402740280358, 14252, 0, 0.0, 33, 
2019-12-06 16:26:28.28,169925960, 1009.4435613325318, 262722, 52.36402740280358, 14323, 0, 0.0, 178, 
2019-12-06 16:26:29.313,185888784, 1009.4435613325318, 263970, 52.36402740280358, 14381, 0, 0.0, 1, 
2019-12-06 16:26:30.339,205894664, 1009.4435613325318, 265290, 52.36402740280358, 14459, 0, 0.0, 1, 
2019-12-06 16:26:31.366,222575928, 1030.3404683765843, 266608, 53.37434398854025, 14519, 0, 0.0, 1, 
2019-12-06 16:26:32.4,241083528, 1030.3404683765843, 267824, 53.37434398854025, 14579, 0, 0.0, 1, 
2019-12-06 16:26:33.429,257773184, 1030.3404683765843, 269108, 53.37434398854025, 14647, 0, 0.0, 1, 
2019-12-06 16:26:34.462,278576144, 1030.3404683765843, 270429, 53.37434398854025, 14719, 0, 0.0, 1, 
2019-12-06 16:26:35.487,298451824, 1030.3404683765843, 271881, 53.37434398854025, 14788, 0, 0.0, 1, 
2019-12-06 16:26:36.535,315697720, 1050.0462844977176, 273219, 54.28788900318051, 14849, 0, 0.0, 1, 
2019-12-06 16:26:37.558,334456928, 1050.0462844977176, 274569, 54.28788900318051, 14925, 0, 0.0, 1, 
2019-12-06 16:26:38.588,354122064, 1050.0462844977176, 275985, 54.28788900318051, 14992, 0, 0.0, 1, 
2019-12-06 16:26:39.614,86634032, 1050.0462844977176, 277269, 54.28788900318051, 15042, 0, 0.0, 1, 
2019-12-06 16:26:40.645,105676976, 1050.0462844977176, 278700, 54.28788900318051, 15117, 0, 0.0, 1, 
2019-12-06 16:26:41.677,127397560, 1071.806494131507, 280234, 55.00046205481965, 15190, 0, 0.0, 1, 
2019-12-06 16:26:42.719,147068976, 1071.806494131507, 281658, 55.00046205481965, 15269, 0, 0.0, 62, 
2019-12-06 16:26:43.744,164841248, 1071.806494131507, 282987, 55.00046205481965, 15342, 0, 0.0, 22, 
2019-12-06 16:26:44.77,181874128, 1071.806494131507, 284267, 55.00046205481965, 15416, 0, 0.0, 1, 
2019-12-06 16:26:45.807,200545944, 1092.3865425638332, 285539, 56.29570559396103, 15481, 0, 0.0, 24, 
2019-12-06 16:26:46.837,217593696, 1092.3865425638332, 286829, 56.29570559396103, 15569, 0, 0.0, 1, 
2019-12-06 16:26:47.862,234523080, 1092.3865425638332, 288032, 56.29570559396103, 15638, 0, 0.0, 1, 
2019-12-06 16:26:48.912,246411528, 1092.3865425638332, 288864, 56.29570559396103, 15680, 0, 0.0, 6, 
2019-12-06 16:26:49.946,247558672, 1092.3865425638332, 288868, 56.29570559396103, 15680, 0, 0.0, 9, 
2019-12-06 16:26:50.978,248657168, 1059.5898374419678, 288868, 55.02475514831594, 15680, 0, 0.0, 11, 
2019-12-06 16:26:52.024,249621368, 1059.5898374419678, 288868, 55.02475514831594, 15680, 0, 0.0, 12, 
