Timestamp, MemoryUsed, ReadLatency1, ReadCount, WriteLatency1, WriteCount, PendingTasks, WaitingOnCommit1, SRDelay, 
2019-12-06 16:22:17.568,257456200, 0.641071386722486, 283, 4.228437154388161, 528, 0, 0.0, 287, 
2019-12-06 16:22:18.629,266021440, 0.641071386722486, 548, 4.228437154388161, 538, 0, 0.0, 122, 
2019-12-06 16:22:19.698,277247064, 0.641071386722486, 923, 4.228437154388161, 556, 0, 0.0, 71, 
2019-12-06 16:22:20.764,292803024, 0.641071386722486, 1463, 4.228437154388161, 600, 0, 0.0, 1, 
2019-12-06 16:22:21.836,307573384, 27.35894413083526, 2041, 5.361532757326389, 625, 0, 0.0, 14, 
2019-12-06 16:22:22.9,324113688, 27.35894413083526, 2741, 5.361532757326389, 657, 0, 0.0, 15, 
2019-12-06 16:22:24.027,74280744, 27.35894413083526, 3392, 5.361532757326389, 698, 0, 0.0, 1, 
2019-12-06 16:22:25.099,88553552, 27.35894413083526, 3906, 5.361532757326389, 741, 0, 0.0, 1, 
2019-12-06 16:22:26.138,106010184, 27.35894413083526, 4613, 5.361532757326389, 773, 0, 0.0, 1, 
2019-12-06 16:22:27.19,123588160, 72.82497261865402, 5324, 7.57138258446263, 818, 0, 0.0, 1, 
2019-12-06 16:22:28.24,140718360, 72.82497261865402, 5993, 7.57138258446263, 858, 0, 0.0, 1, 
2019-12-06 16:22:29.282,157651224, 72.82497261865402, 6674, 7.57138258446263, 902, 0, 0.0, 1, 
2019-12-06 16:22:30.332,175820848, 72.82497261865402, 7419, 7.57138258446263, 948, 0, 0.0, 15, 
2019-12-06 16:22:31.367,194226728, 121.22808730171899, 8156, 10.164231672683641, 979, 0, 0.0, 1, 
2019-12-06 16:22:32.401,213749472, 121.22808730171899, 9007, 10.164231672683641, 1017, 0, 0.0, 1, 
2019-12-06 16:22:33.444,231886200, 121.22808730171899, 9779, 10.164231672683641, 1061, 0, 0.0, 9, 
2019-12-06 16:22:34.48,255651192, 121.22808730171899, 10542, 10.164231672683641, 1097, 0, 0.0, 1, 
2019-12-06 16:22:35.512,275548992, 121.22808730171899, 11381, 10.164231672683641, 1142, 0, 0.0, 1, 
2019-12-06 16:22:36.552,295079016, 173.500803280417, 12178, 12.677696930871198, 1190, 0, 0.0, 1, 
2019-12-06 16:22:37.642,317505656, 173.500803280417, 13083, 12.677696930871198, 1244, 0, 0.0, 24, 
2019-12-06 16:22:38.693,339372296, 173.500803280417, 14034, 12.677696930871198, 1302, 0, 0.0, 1, 
2019-12-06 16:22:39.734,79061312, 173.500803280417, 14843, 12.677696930871198, 1340, 0, 0.0, 4, 
2019-12-06 16:22:40.825,103491136, 173.500803280417, 15941, 12.677696930871198, 1382, 0, 0.0, 149, 
2019-12-06 16:22:41.862,126132200, 229.14183091311494, 16854, 15.118125539624593, 1433, 0, 0.0, 34, 
2019-12-06 16:22:42.943,149599416, 229.14183091311494, 17928, 15.118125539624593, 1497, 0, 0.0, 47, 
2019-12-06 16:22:44.03,176041064, 229.14183091311494, 18998, 15.118125539624593, 1555, 0, 0.0, 19, 
2019-12-06 16:22:45.061,199313624, 229.14183091311494, 19968, 15.118125539624593, 1604, 0, 0.0, 33, 
2019-12-06 16:22:46.092,220465192, 229.14183091311494, 20904, 15.118125539624593, 1650, 0, 0.0, 30, 
2019-12-06 16:22:47.138,241493352, 286.3307165136153, 21775, 18.099019635819992, 1697, 0, 0.0, 7, 
2019-12-06 16:22:48.182,263593656, 286.3307165136153, 22727, 18.099019635819992, 1753, 0, 0.0, 16, 
2019-12-06 16:22:49.224,286849840, 286.3307165136153, 23746, 18.099019635819992, 1811, 0, 0.0, 17, 
2019-12-06 16:22:50.267,310880768, 286.3307165136153, 24855, 18.099019635819992, 1870, 0, 0.0, 76, 
2019-12-06 16:22:51.31,334806176, 341.3456988503513, 25943, 20.8895479508485, 1927, 0, 0.0, 48, 
2019-12-06 16:22:52.347,75490904, 341.3456988503513, 26835, 20.8895479508485, 1981, 0, 0.0, 23, 
2019-12-06 16:22:53.379,93790432, 341.3456988503513, 27562, 20.8895479508485, 2031, 0, 0.0, 1, 
2019-12-06 16:22:54.414,113682408, 341.3456988503513, 28343, 20.8895479508485, 2066, 0, 0.0, 1, 
2019-12-06 16:22:55.448,134639232, 341.3456988503513, 29186, 20.8895479508485, 2114, 0, 0.0, 23, 
2019-12-06 16:22:56.486,157135088, 378.03366309862423, 30102, 23.041188897027933, 2174, 0, 0.0, 1, 
2019-12-06 16:22:57.52,181366816, 378.03366309862423, 31177, 23.041188897027933, 2227, 0, 0.0, 29, 
2019-12-06 16:22:58.628,206682032, 378.03366309862423, 32268, 23.041188897027933, 2296, 0, 0.0, 1, 
2019-12-06 16:22:59.669,232529544, 378.03366309862423, 33403, 23.041188897027933, 2357, 0, 0.0, 1, 
2019-12-06 16:23:00.697,258916704, 378.03366309862423, 34612, 23.041188897027933, 2424, 0, 0.0, 1, 
2019-12-06 16:23:01.736,284004912, 433.26428991993185, 35701, 25.740394400184165, 2470, 0, 0.0, 1, 
2019-12-06 16:23:02.772,309115584, 433.26428991993185, 36822, 25.740394400184165, 2530, 0, 0.0, 1, 
2019-12-06 16:23:03.818,336785736, 433.26428991993185, 38018, 25.740394400184165, 2587, 0, 0.0, 6, 
2019-12-06 16:23:04.854,82366952, 433.26428991993185, 39117, 25.740394400184165, 2642, 0, 0.0, 20, 
2019-12-06 16:23:05.886,109882016, 433.26428991993185, 40347, 25.740394400184165, 2702, 0, 0.0, 1, 
2019-12-06 16:23:06.926,135188800, 486.8453828971777, 41545, 28.063872176558434, 2756, 0, 0.0, 1, 
2019-12-06 16:23:07.957,162700880, 486.8453828971777, 42728, 28.063872176558434, 2823, 0, 0.0, 1, 
2019-12-06 16:23:08.99,191712320, 486.8453828971777, 44045, 28.063872176558434, 2885, 0, 0.0, 28, 
2019-12-06 16:23:10.018,220648608, 486.8453828971777, 45391, 28.063872176558434, 2946, 0, 0.0, 1, 
2019-12-06 16:23:11.057,247962232, 486.8453828971777, 46611, 28.063872176558434, 3014, 0, 0.0, 24, 
2019-12-06 16:23:12.091,276451864, 545.4811805919223, 47876, 30.6333350882286, 3078, 0, 0.0, 33, 
2019-12-06 16:23:13.126,306572008, 545.4811805919223, 49202, 30.6333350882286, 3153, 0, 0.0, 24, 
2019-12-06 16:23:14.156,335555736, 545.4811805919223, 50489, 30.6333350882286, 3211, 0, 0.0, 1, 
2019-12-06 16:23:15.193,82182928, 545.4811805919223, 51766, 30.6333350882286, 3266, 0, 0.0, 1, 
2019-12-06 16:23:16.221,110209704, 545.4811805919223, 53048, 30.6333350882286, 3338, 0, 0.0, 3, 
2019-12-06 16:23:17.258,140942464, 601.0598126998689, 54487, 33.25321296189409, 3418, 0, 0.0, 36, 
2019-12-06 16:23:18.344,170135992, 601.0598126998689, 55800, 33.25321296189409, 3482, 0, 0.0, 30, 
2019-12-06 16:23:19.379,201160248, 601.0598126998689, 57206, 33.25321296189409, 3571, 0, 0.0, 1, 
2019-12-06 16:23:20.412,229492968, 601.0598126998689, 58511, 33.25321296189409, 3628, 0, 0.0, 1, 
2019-12-06 16:23:21.443,261280256, 658.9108919146599, 59891, 36.255288298313985, 3712, 0, 0.0, 1, 
2019-12-06 16:23:22.479,290669856, 658.9108919146599, 61246, 36.255288298313985, 3780, 0, 0.0, 30, 
2019-12-06 16:23:23.528,317992336, 658.9108919146599, 62481, 36.255288298313985, 3844, 0, 0.0, 79, 
2019-12-06 16:23:24.555,345921464, 658.9108919146599, 63652, 36.255288298313985, 3905, 0, 0.0, 29, 
2019-12-06 16:23:25.591,91011592, 658.9108919146599, 64959, 36.255288298313985, 3982, 0, 0.0, 40, 
2019-12-06 16:23:26.642,120539720, 702.7176862698412, 66215, 38.841428656068075, 4057, 0, 0.0, 1, 
2019-12-06 16:23:27.67,149348376, 702.7176862698412, 67565, 38.841428656068075, 4133, 0, 0.0, 1, 
2019-12-06 16:23:28.699,182398072, 702.7176862698412, 69039, 38.841428656068075, 4230, 0, 0.0, 1, 
2019-12-06 16:23:29.732,213176976, 702.7176862698412, 70474, 38.841428656068075, 4308, 0, 0.0, 1, 
2019-12-06 16:23:30.771,244919000, 702.7176862698412, 71949, 38.841428656068075, 4381, 0, 0.0, 1, 
2019-12-06 16:23:31.813,278049192, 758.4053373644595, 73387, 41.95638403307742, 4456, 0, 0.0, 1, 
2019-12-06 16:23:32.843,311587336, 758.4053373644595, 74866, 41.95638403307742, 4541, 0, 0.0, 1, 
2019-12-06 16:23:33.875,344887296, 758.4053373644595, 76399, 41.95638403307742, 4630, 0, 0.0, 8, 
2019-12-06 16:23:34.903,97353144, 758.4053373644595, 77953, 41.95638403307742, 4703, 0, 0.0, 34, 
2019-12-06 16:23:36.014,124916824, 758.4053373644595, 79283, 41.95638403307742, 4781, 0, 0.0, 12, 
2019-12-06 16:23:37.046,155816536, 808.0413380104759, 80727, 44.72633462706964, 4866, 0, 0.0, 40, 
2019-12-06 16:23:38.072,188717672, 808.0413380104759, 82213, 44.72633462706964, 4947, 0, 0.0, 23, 
2019-12-06 16:23:39.098,208736984, 808.0413380104759, 83202, 44.72633462706964, 5001, 0, 0.0, 4, 
2019-12-06 16:23:40.13,237305040, 808.0413380104759, 84579, 44.72633462706964, 5072, 0, 0.0, 1, 
2019-12-06 16:23:41.159,269083696, 808.0413380104759, 86087, 44.72633462706964, 5149, 0, 0.0, 1, 
2019-12-06 16:23:42.186,296034832, 848.7514168763988, 87280, 46.651158633980074, 5208, 0, 0.0, 1, 
2019-12-06 16:23:43.212,324530664, 848.7514168763988, 88644, 46.651158633980074, 5296, 0, 0.0, 1, 
2019-12-06 16:23:44.242,353594688, 848.7514168763988, 89915, 46.651158633980074, 5363, 0, 0.0, 1, 
2019-12-06 16:23:45.267,99591912, 848.7514168763988, 91279, 46.651158633980074, 5434, 0, 0.0, 15, 
2019-12-06 16:23:46.292,130595312, 885.4229328194778, 92790, 48.62996673264622, 5512, 0, 0.0, 27, 
2019-12-06 16:23:47.318,159192024, 885.4229328194778, 94171, 48.62996673264622, 5575, 0, 0.0, 22, 
2019-12-06 16:23:48.345,189437688, 885.4229328194778, 95565, 48.62996673264622, 5666, 0, 0.0, 1, 
2019-12-06 16:23:49.416,222160040, 885.4229328194778, 97121, 48.62996673264622, 5744, 0, 0.0, 138, 
2019-12-06 16:23:50.452,253392352, 885.4229328194778, 98569, 48.62996673264622, 5846, 0, 0.0, 1, 
2019-12-06 16:23:51.494,283541632, 924.7912294489935, 99976, 50.994256051967874, 5921, 0, 0.0, 1, 
2019-12-06 16:23:52.519,314552080, 924.7912294489935, 101441, 50.994256051967874, 5991, 0, 0.0, 52, 
2019-12-06 16:23:53.549,346293624, 924.7912294489935, 102955, 50.994256051967874, 6081, 0, 0.0, 1, 
2019-12-06 16:23:54.585,92170944, 924.7912294489935, 104401, 50.994256051967874, 6162, 0, 0.0, 1, 
2019-12-06 16:23:55.61,124749520, 924.7912294489935, 105923, 50.994256051967874, 6241, 0, 0.0, 2, 
2019-12-06 16:23:56.64,152668128, 964.4978743986113, 107227, 53.10554276648099, 6313, 0, 0.0, 1, 
2019-12-06 16:23:57.668,184669560, 964.4978743986113, 108774, 53.10554276648099, 6392, 0, 0.0, 77, 
2019-12-06 16:23:58.698,214925032, 964.4978743986113, 110102, 53.10554276648099, 6466, 0, 0.0, 39, 
2019-12-06 16:23:59.728,239935272, 964.4978743986113, 111324, 53.10554276648099, 6532, 0, 0.0, 32, 
2019-12-06 16:24:00.754,270696640, 964.4978743986113, 112770, 53.10554276648099, 6612, 0, 0.0, 1, 
2019-12-06 16:24:01.778,303017848, 995.7686737907861, 114283, 54.72819797436716, 6689, 0, 0.0, 16, 
2019-12-06 16:24:02.804,335623256, 995.7686737907861, 115829, 54.72819797436716, 6761, 0, 0.0, 64, 
2019-12-06 16:24:03.834,81511152, 995.7686737907861, 117283, 54.72819797436716, 6835, 0, 0.0, 12, 
2019-12-06 16:24:04.868,112143640, 995.7686737907861, 118627, 54.72819797436716, 6894, 0, 0.0, 1, 
2019-12-06 16:24:05.898,141319288, 995.7686737907861, 119993, 54.72819797436716, 6979, 0, 0.0, 1, 
2019-12-06 16:24:06.924,167324560, 1026.4261499272989, 121252, 55.86930825962104, 7050, 0, 0.0, 1, 
2019-12-06 16:24:07.957,198120616, 1026.4261499272989, 122742, 55.86930825962104, 7142, 0, 0.0, 1, 
2019-12-06 16:24:08.982,229084712, 1026.4261499272989, 124221, 55.86930825962104, 7224, 0, 0.0, 56, 
2019-12-06 16:24:10.008,260077416, 1026.4261499272989, 125692, 55.86930825962104, 7312, 0, 0.0, 5, 
2019-12-06 16:24:11.038,292660360, 1026.4261499272989, 127248, 55.86930825962104, 7397, 0, 0.0, 1, 
2019-12-06 16:24:12.066,322599992, 1058.4062932428249, 128679, 57.89463854556721, 7461, 0, 0.0, 1, 
2019-12-06 16:24:13.098,353931712, 1058.4062932428249, 130149, 57.89463854556721, 7537, 0, 0.0, 1, 
2019-12-06 16:24:14.13,94186224, 1058.4062932428249, 131166, 57.89463854556721, 7591, 0, 0.0, 1, 
2019-12-06 16:24:15.159,117917688, 1058.4062932428249, 132218, 57.89463854556721, 7648, 0, 0.0, 1, 
2019-12-06 16:24:16.191,140971760, 1058.4062932428249, 133333, 57.89463854556721, 7709, 0, 0.0, 1, 
2019-12-06 16:24:17.226,170260152, 1067.744602434206, 134726, 58.190902889666326, 7781, 0, 0.0, 1, 
2019-12-06 16:24:18.252,201414496, 1067.744602434206, 136115, 58.190902889666326, 7840, 0, 0.0, 1, 
2019-12-06 16:24:19.284,229349592, 1067.744602434206, 137430, 58.190902889666326, 7904, 0, 0.0, 1, 
2019-12-06 16:24:20.321,257272304, 1067.744602434206, 138668, 58.190902889666326, 7960, 0, 0.0, 1, 
2019-12-06 16:24:21.352,283802136, 1085.4352072630008, 139982, 58.303568073967185, 8019, 0, 0.0, 21, 
2019-12-06 16:24:22.38,316459480, 1085.4352072630008, 141451, 58.303568073967185, 8102, 0, 0.0, 40, 
2019-12-06 16:24:23.41,343289312, 1085.4352072630008, 142712, 58.303568073967185, 8148, 0, 0.0, 1, 
2019-12-06 16:24:24.442,89851032, 1085.4352072630008, 143915, 58.303568073967185, 8219, 0, 0.0, 14, 
2019-12-06 16:24:25.477,118182872, 1085.4352072630008, 145248, 58.303568073967185, 8295, 0, 0.0, 1, 
2019-12-06 16:24:26.521,141554992, 1098.0973569683936, 146324, 58.8709674426563, 8354, 0, 0.0, 1, 
2019-12-06 16:24:27.552,169143288, 1098.0973569683936, 147418, 58.8709674426563, 8413, 0, 0.0, 1, 
2019-12-06 16:24:28.588,193479512, 1098.0973569683936, 148527, 58.8709674426563, 8475, 0, 0.0, 1, 
2019-12-06 16:24:29.625,218499800, 1098.0973569683936, 149639, 58.8709674426563, 8523, 0, 0.0, 1, 
2019-12-06 16:24:30.656,245862656, 1098.0973569683936, 150956, 58.8709674426563, 8595, 0, 0.0, 109, 
2019-12-06 16:24:31.694,275918248, 1100.5841869985609, 152367, 58.83331096508819, 8667, 0, 0.0, 50, 
2019-12-06 16:24:32.727,302999752, 1100.5841869985609, 153697, 58.83331096508819, 8734, 0, 0.0, 40, 
2019-12-06 16:24:33.774,332137080, 1100.5841869985609, 154994, 58.83331096508819, 8798, 0, 0.0, 1, 
2019-12-06 16:24:34.806,77701896, 1100.5841869985609, 156310, 58.83331096508819, 8876, 0, 0.0, 1, 
2019-12-06 16:24:35.844,102834512, 1100.5841869985609, 157522, 58.83331096508819, 8936, 0, 0.0, 1, 
2019-12-06 16:24:36.891,129298344, 1112.6587447273196, 158707, 59.47029225034071, 9002, 0, 0.0, 1, 
2019-12-06 16:24:37.98,156185024, 1112.6587447273196, 159973, 59.47029225034071, 9077, 0, 0.0, 1, 
2019-12-06 16:24:39.013,179128064, 1112.6587447273196, 160949, 59.47029225034071, 9121, 0, 0.0, 1, 
2019-12-06 16:24:40.046,199498352, 1112.6587447273196, 161878, 59.47029225034071, 9165, 0, 0.0, 1, 
2019-12-06 16:24:41.081,217363712, 1112.6587447273196, 162694, 59.47029225034071, 9214, 0, 0.0, 1, 
2019-12-06 16:24:42.113,237821536, 1101.6841414454025, 163615, 58.777053958129876, 9257, 0, 0.0, 33, 
2019-12-06 16:24:43.141,258415272, 1101.6841414454025, 164509, 58.777053958129876, 9302, 0, 0.0, 1, 
2019-12-06 16:24:44.17,278368504, 1101.6841414454025, 165387, 58.777053958129876, 9357, 0, 0.0, 7, 
2019-12-06 16:24:45.21,300390720, 1101.6841414454025, 166379, 58.777053958129876, 9418, 0, 0.0, 56, 
2019-12-06 16:24:46.235,320256088, 1101.6841414454025, 167221, 58.777053958129876, 9462, 0, 0.0, 58, 
2019-12-06 16:24:47.264,339504952, 1083.4475404023672, 168097, 57.94735053448451, 9502, 0, 0.0, 23, 
2019-12-06 16:24:48.315,77761264, 1083.4475404023672, 168963, 57.94735053448451, 9549, 0, 0.0, 3, 
2019-12-06 16:24:49.346,96294216, 1083.4475404023672, 169829, 57.94735053448451, 9604, 0, 0.0, 27, 
2019-12-06 16:24:50.371,113496584, 1083.4475404023672, 170616, 57.94735053448451, 9647, 0, 0.0, 1, 
2019-12-06 16:24:51.406,132164904, 1061.9676690511033, 171450, 56.72024413861083, 9682, 0, 0.0, 1, 
2019-12-06 16:24:52.438,152657624, 1061.9676690511033, 172365, 56.72024413861083, 9727, 0, 0.0, 21, 
2019-12-06 16:24:53.461,173263912, 1061.9676690511033, 173264, 56.72024413861083, 9779, 0, 0.0, 10, 
2019-12-06 16:24:54.487,193736976, 1061.9676690511033, 174141, 56.72024413861083, 9818, 0, 0.0, 24, 
2019-12-06 16:24:55.511,211000936, 1061.9676690511033, 174960, 56.72024413861083, 9855, 0, 0.0, 42, 
2019-12-06 16:24:56.541,233600224, 1044.9077321729455, 175829, 55.60724287000547, 9904, 0, 0.0, 10, 
2019-12-06 16:24:57.567,254345992, 1044.9077321729455, 176701, 55.60724287000547, 9958, 0, 0.0, 1, 
2019-12-06 16:24:58.594,275129208, 1044.9077321729455, 177606, 55.60724287000547, 10006, 0, 0.0, 1, 
2019-12-06 16:24:59.619,293815688, 1044.9077321729455, 178469, 55.60724287000547, 10066, 0, 0.0, 1, 
2019-12-06 16:25:00.644,313812840, 1044.9077321729455, 179329, 55.60724287000547, 10110, 0, 0.0, 5, 
2019-12-06 16:25:01.671,333489584, 1029.7875127489365, 180165, 55.222876952315175, 10162, 0, 0.0, 1, 
2019-12-06 16:25:02.702,350090768, 1029.7875127489365, 180932, 55.222876952315175, 10194, 0, 0.0, 1, 
2019-12-06 16:25:03.727,83338320, 1029.7875127489365, 181760, 55.222876952315175, 10233, 0, 0.0, 1, 
2019-12-06 16:25:04.758,104370672, 1029.7875127489365, 182668, 55.222876952315175, 10268, 0, 0.0, 1, 
2019-12-06 16:25:05.788,125359432, 1029.7875127489365, 183556, 55.222876952315175, 10304, 0, 0.0, 1, 
2019-12-06 16:25:06.818,149905248, 1013.3496428221937, 184467, 53.81382950967741, 10355, 0, 0.0, 1, 
2019-12-06 16:25:07.89,182266928, 1013.3496428221937, 185313, 53.81382950967741, 10411, 0, 0.0, 1, 
2019-12-06 16:25:08.955,206436808, 1013.3496428221937, 186370, 53.81382950967741, 10481, 0, 0.0, 1, 
2019-12-06 16:25:09.982,225633888, 1013.3496428221937, 187308, 53.81382950967741, 10531, 0, 0.0, 1, 
2019-12-06 16:25:11.007,246649760, 1013.3496428221937, 188132, 53.81382950967741, 10576, 0, 0.0, 22, 
2019-12-06 16:25:12.049,263484768, 1002.1918694420764, 188870, 53.572857007023735, 10607, 0, 0.0, 1, 
2019-12-06 16:25:13.075,281854472, 1002.1918694420764, 189657, 53.572857007023735, 10640, 0, 0.0, 1, 
2019-12-06 16:25:14.109,299666568, 1002.1918694420764, 190464, 53.572857007023735, 10683, 0, 0.0, 52, 
2019-12-06 16:25:15.135,319532400, 1002.1918694420764, 191268, 53.572857007023735, 10728, 0, 0.0, 25, 
2019-12-06 16:25:16.168,336677016, 1002.1918694420764, 192085, 53.572857007023735, 10771, 0, 0.0, 28, 
2019-12-06 16:25:17.196,357139992, 983.2910191439667, 192920, 52.295737874985036, 10826, 0, 0.0, 1, 
2019-12-06 16:25:18.224,94242856, 983.2910191439667, 193827, 52.295737874985036, 10878, 0, 0.0, 1, 
2019-12-06 16:25:19.252,114680624, 983.2910191439667, 194704, 52.295737874985036, 10926, 0, 0.0, 1, 
2019-12-06 16:25:20.282,134700592, 983.2910191439667, 195584, 52.295737874985036, 10976, 0, 0.0, 1, 
2019-12-06 16:25:21.306,155221464, 973.8649736983651, 196530, 51.98425187273989, 11017, 0, 0.0, 47, 
2019-12-06 16:25:22.334,176924752, 973.8649736983651, 197409, 51.98425187273989, 11081, 0, 0.0, 1, 
2019-12-06 16:25:23.362,197008512, 973.8649736983651, 198311, 51.98425187273989, 11137, 0, 0.0, 1, 
2019-12-06 16:25:24.389,217414600, 973.8649736983651, 199241, 51.98425187273989, 11180, 0, 0.0, 35, 
2019-12-06 16:25:25.415,238204952, 973.8649736983651, 200128, 51.98425187273989, 11221, 0, 0.0, 1, 
2019-12-06 16:25:26.442,258627392, 965.9281846195075, 201003, 51.64969756491662, 11262, 0, 0.0, 44, 
2019-12-06 16:25:27.467,276637256, 965.9281846195075, 201848, 51.64969756491662, 11301, 0, 0.0, 16, 
2019-12-06 16:25:28.541,297429680, 965.9281846195075, 202801, 51.64969756491662, 11336, 0, 0.0, 1, 
2019-12-06 16:25:29.571,318290192, 965.9281846195075, 203700, 51.64969756491662, 11375, 0, 0.0, 1, 
2019-12-06 16:25:30.595,339538104, 965.9281846195075, 204647, 51.64969756491662, 11423, 0, 0.0, 4, 
2019-12-06 16:25:31.627,76159264, 958.2901726988567, 205530, 50.590310240129284, 11459, 0, 0.0, 1, 
2019-12-06 16:25:32.653,95125760, 958.2901726988567, 206515, 50.590310240129284, 11501, 0, 0.0, 8, 
2019-12-06 16:25:33.68,115412912, 958.2901726988567, 207327, 50.590310240129284, 11547, 0, 0.0, 9, 
2019-12-06 16:25:34.711,137618104, 958.2901726988567, 208179, 50.590310240129284, 11591, 0, 0.0, 1, 
2019-12-06 16:25:35.746,158387280, 958.2901726988567, 209078, 50.590310240129284, 11638, 0, 0.0, 10, 
2019-12-06 16:25:36.772,177142792, 950.575244458202, 209948, 49.919458073438165, 11683, 0, 0.0, 14, 
2019-12-06 16:25:37.838,196944592, 950.575244458202, 210826, 49.919458073438165, 11732, 0, 0.0, 1, 
2019-12-06 16:25:38.864,217112872, 950.575244458202, 211703, 49.919458073438165, 11789, 0, 0.0, 1, 
2019-12-06 16:25:39.893,236297680, 950.575244458202, 212506, 49.919458073438165, 11830, 0, 0.0, 1, 
2019-12-06 16:25:40.924,257398072, 950.575244458202, 213465, 49.919458073438165, 11870, 0, 0.0, 13, 
2019-12-06 16:25:41.951,276997696, 942.0059850503011, 214294, 49.67003997713713, 11926, 0, 0.0, 16, 
2019-12-06 16:25:42.983,295033112, 942.0059850503011, 215099, 49.67003997713713, 11966, 0, 0.0, 1, 
2019-12-06 16:25:44.018,314523184, 942.0059850503011, 216002, 49.67003997713713, 12012, 0, 0.0, 1, 
2019-12-06 16:25:45.047,335043144, 942.0059850503011, 216920, 49.67003997713713, 12052, 0, 0.0, 18, 
2019-12-06 16:25:46.109,357934592, 942.0059850503011, 217994, 49.67003997713713, 12108, 0, 0.0, 1, 
2019-12-06 16:25:47.132,98957360, 937.192180272786, 219024, 49.280653079986536, 12167, 0, 0.0, 25, 
2019-12-06 16:25:48.156,121427376, 937.192180272786, 220056, 49.280653079986536, 12225, 0, 0.0, 5, 
2019-12-06 16:25:49.191,142420088, 937.192180272786, 220932, 49.280653079986536, 12285, 0, 0.0, 1, 
2019-12-06 16:25:50.217,163784504, 937.192180272786, 221877, 49.280653079986536, 12321, 0, 0.0, 1, 
2019-12-06 16:25:51.244,185292544, 937.192180272786, 222840, 49.280653079986536, 12375, 0, 0.0, 1, 
2019-12-06 16:25:52.276,207322200, 937.5286189622097, 223680, 49.49808005480215, 12414, 0, 0.0, 1, 
2019-12-06 16:25:53.3,226006120, 937.5286189622097, 224571, 49.49808005480215, 12466, 0, 0.0, 1, 
2019-12-06 16:25:54.323,244468104, 937.5286189622097, 225363, 49.49808005480215, 12498, 0, 0.0, 1, 
2019-12-06 16:25:55.348,262719848, 937.5286189622097, 226172, 49.49808005480215, 12534, 0, 0.0, 1, 
2019-12-06 16:25:56.42,281759032, 926.4524821424948, 226986, 48.450815396788464, 12568, 0, 0.0, 60, 
2019-12-06 16:25:57.443,302216336, 926.4524821424948, 227821, 48.450815396788464, 12608, 0, 0.0, 1, 
2019-12-06 16:25:58.472,322981688, 926.4524821424948, 228649, 48.450815396788464, 12645, 0, 0.0, 1, 
2019-12-06 16:25:59.495,343680272, 926.4524821424948, 229571, 48.450815396788464, 12707, 0, 0.0, 1, 
2019-12-06 16:26:00.518,84116440, 926.4524821424948, 230720, 48.450815396788464, 12775, 0, 0.0, 1, 
2019-12-06 16:26:01.543,109587344, 927.3597795752959, 231848, 48.68661917810442, 12835, 0, 0.0, 1, 
2019-12-06 16:26:02.566,134431488, 927.3597795752959, 232960, 48.68661917810442, 12897, 0, 0.0, 1, 
2019-12-06 16:26:03.591,158844088, 927.3597795752959, 234104, 48.68661917810442, 12967, 0, 0.0, 8, 
2019-12-06 16:26:04.62,184210008, 927.3597795752959, 235273, 48.68661917810442, 13029, 0, 0.0, 31, 
2019-12-06 16:26:05.645,209965584, 927.3597795752959, 236413, 48.68661917810442, 13092, 0, 0.0, 70, 
2019-12-06 16:26:06.672,234055768, 942.1068053652498, 237505, 49.78308056913009, 13149, 0, 0.0, 49, 
2019-12-06 16:26:07.696,258564680, 942.1068053652498, 238597, 49.78308056913009, 13207, 0, 0.0, 48, 
2019-12-06 16:26:08.725,282616808, 942.1068053652498, 239672, 49.78308056913009, 13266, 0, 0.0, 65, 
2019-12-06 16:26:09.749,306012072, 942.1068053652498, 240749, 49.78308056913009, 13335, 0, 0.0, 56, 
2019-12-06 16:26:10.776,331960024, 942.1068053652498, 241912, 49.78308056913009, 13387, 0, 0.0, 1, 
2019-12-06 16:26:11.836,358035448, 952.9882164072367, 243159, 50.44006917216899, 13447, 0, 0.0, 1, 
2019-12-06 16:26:12.869,101998144, 952.9882164072367, 244387, 50.44006917216899, 13514, 0, 0.0, 39, 
2019-12-06 16:26:13.896,129393392, 952.9882164072367, 245644, 50.44006917216899, 13587, 0, 0.0, 34, 
2019-12-06 16:26:14.925,157893616, 952.9882164072367, 246934, 50.44006917216899, 13642, 0, 0.0, 1, 
2019-12-06 16:26:15.95,185488544, 952.9882164072367, 248201, 50.44006917216899, 13694, 0, 0.0, 1, 
2019-12-06 16:26:16.978,209666336, 973.2658950212975, 249310, 51.076510101018314, 13748, 0, 0.0, 1, 
2019-12-06 16:26:18.009,236250120, 973.2658950212975, 250525, 51.076510101018314, 13806, 0, 0.0, 41, 
2019-12-06 16:26:19.053,263745384, 973.2658950212975, 251822, 51.076510101018314, 13879, 0, 0.0, 65, 
2019-12-06 16:26:20.081,290629088, 973.2658950212975, 253088, 51.076510101018314, 13948, 0, 0.0, 1, 
2019-12-06 16:26:21.112,317555064, 973.2658950212975, 254302, 51.076510101018314, 14022, 0, 0.0, 1, 
2019-12-06 16:26:22.137,344083184, 990.547023903437, 255545, 52.14179753507169, 14085, 0, 0.0, 1, 
2019-12-06 16:26:23.164,86876640, 990.547023903437, 256728, 52.14179753507169, 14146, 0, 0.0, 5, 
2019-12-06 16:26:24.19,115282360, 990.547023903437, 257965, 52.14179753507169, 14205, 0, 0.0, 3, 
2019-12-06 16:26:25.215,143491248, 990.547023903437, 259281, 52.14179753507169, 14264, 0, 0.0, 30, 
2019-12-06 16:26:26.241,171409424, 990.547023903437, 260555, 52.14179753507169, 14346, 0, 0.0, 31, 
2019-12-06 16:26:27.266,199278744, 1008.9890176247264, 261857, 53.02596258630249, 14413, 0, 0.0, 33, 
2019-12-06 16:26:28.29,229765184, 1008.9890176247264, 263114, 53.02596258630249, 14470, 0, 0.0, 178, 
2019-12-06 16:26:29.325,258404080, 1008.9890176247264, 264381, 53.02596258630249, 14541, 0, 0.0, 1, 
2019-12-06 16:26:30.352,285320088, 1008.9890176247264, 265648, 53.02596258630249, 14604, 0, 0.0, 1, 
2019-12-06 16:26:31.379,313941520, 1028.7069430793792, 266992, 53.935380405742656, 14676, 0, 0.0, 1, 
2019-12-06 16:26:32.412,344722960, 1028.7069430793792, 268195, 53.935380405742656, 14764, 0, 0.0, 1, 
2019-12-06 16:26:33.447,87577984, 1028.7069430793792, 269453, 53.935380405742656, 14853, 0, 0.0, 1, 
2019-12-06 16:26:34.473,117352328, 1028.7069430793792, 270774, 53.935380405742656, 14906, 0, 0.0, 1, 
2019-12-06 16:26:35.522,147456104, 1028.7069430793792, 272161, 53.935380405742656, 14987, 0, 0.0, 1, 
2019-12-06 16:26:36.545,176566304, 1047.2800704230112, 273520, 55.53965881064145, 15053, 0, 0.0, 1, 
2019-12-06 16:26:37.571,204861088, 1047.2800704230112, 274872, 55.53965881064145, 15135, 0, 0.0, 1, 
2019-12-06 16:26:38.602,235109496, 1047.2800704230112, 276277, 55.53965881064145, 15204, 0, 0.0, 1, 
2019-12-06 16:26:39.626,262545224, 1047.2800704230112, 277562, 55.53965881064145, 15274, 0, 0.0, 1, 
2019-12-06 16:26:40.66,291059280, 1047.2800704230112, 278874, 55.53965881064145, 15349, 0, 0.0, 1, 
2019-12-06 16:26:41.698,322835024, 1068.941631980922, 280372, 56.74381720631873, 15425, 0, 0.0, 1, 
2019-12-06 16:26:42.731,354185248, 1068.941631980922, 281844, 56.74381720631873, 15496, 0, 0.0, 62, 
2019-12-06 16:26:43.758,96926560, 1068.941631980922, 283145, 56.74381720631873, 15566, 0, 0.0, 22, 
2019-12-06 16:26:44.789,126138112, 1068.941631980922, 284436, 56.74381720631873, 15648, 0, 0.0, 1, 
2019-12-06 16:26:45.825,154016624, 1068.941631980922, 285773, 56.74381720631873, 15712, 0, 0.0, 24, 
2019-12-06 16:26:46.85,182723696, 1088.663346182463, 287098, 57.883678646738886, 15792, 0, 0.0, 1, 
2019-12-06 16:26:47.873,207499344, 1088.663346182463, 288253, 57.883678646738886, 15842, 0, 0.0, 1, 
2019-12-06 16:26:48.93,224605016, 1088.663346182463, 289017, 57.883678646738886, 15887, 0, 0.0, 6, 
2019-12-06 16:26:49.962,225677192, 1088.663346182463, 289021, 57.883678646738886, 15888, 0, 0.0, 9, 
2019-12-06 16:26:51.007,226724168, 1088.663346182463, 289021, 57.883678646738886, 15888, 0, 0.0, 11, 
2019-12-06 16:26:52.044,227512512, 1044.9385672206772, 289021, 55.526293861657955, 15888, 0, 0.0, 12, 
