Timestamp, MemoryUsed, ReadLatency1, ReadCount, WriteLatency1, WriteCount, PendingTasks, WaitingOnCommit1, SRDelay, 
2019-12-06 16:25:56.216,277389616, 937.5286189622097, 226812, 49.49808005480215, 12556, 0, 0.0, 251617, 
2019-12-06 16:25:57.282,299649200, 926.4524821424948, 227663, 48.450815396788464, 12601, 0, 0.0, 125973, 
2019-12-06 16:25:58.319,318993944, 926.4524821424948, 228529, 48.450815396788464, 12641, 0, 0.0, 62981, 
2019-12-06 16:25:59.38,340145744, 926.4524821424948, 229432, 48.450815396788464, 12700, 0, 0.0, 31445, 
2019-12-06 16:26:00.413,82294448, 926.4524821424948, 230613, 48.450815396788464, 12770, 0, 0.0, 15663, 
2019-12-06 16:26:01.444,106591784, 927.3597795752959, 231734, 48.68661917810442, 12831, 0, 0.0, 7709, 
2019-12-06 16:26:02.476,131016600, 927.3597795752959, 232863, 48.68661917810442, 12894, 0, 0.0, 3797, 
2019-12-06 16:26:03.508,156542192, 927.3597795752959, 234022, 48.68661917810442, 12964, 0, 0.0, 1908, 
2019-12-06 16:26:04.54,182495360, 927.3597795752959, 235191, 48.68661917810442, 13027, 0, 0.0, 969, 
2019-12-06 16:26:05.569,206380072, 927.3597795752959, 236344, 48.68661917810442, 13090, 0, 0.0, 509, 
2019-12-06 16:26:06.604,232998432, 942.1068053652498, 237439, 49.78308056913009, 13144, 0, 0.0, 262, 
2019-12-06 16:26:07.637,257440896, 942.1068053652498, 238545, 49.78308056913009, 13206, 0, 0.0, 179, 
2019-12-06 16:26:08.667,280529648, 942.1068053652498, 239638, 49.78308056913009, 13260, 0, 0.0, 99, 
2019-12-06 16:26:09.698,305187496, 942.1068053652498, 240696, 49.78308056913009, 13332, 0, 0.0, 95, 
2019-12-06 16:26:10.729,329773808, 942.1068053652498, 241864, 49.78308056913009, 13387, 0, 0.0, 1, 
2019-12-06 16:26:11.761,356825040, 952.9882164072367, 243091, 50.44006917216899, 13444, 0, 0.0, 1, 
2019-12-06 16:26:12.789,98965112, 952.9882164072367, 244312, 50.44006917216899, 13506, 0, 0.0, 18, 
2019-12-06 16:26:13.822,126922352, 952.9882164072367, 245561, 50.44006917216899, 13584, 0, 0.0, 1, 
2019-12-06 16:26:14.848,154530376, 952.9882164072367, 246859, 50.44006917216899, 13639, 0, 0.0, 1, 
2019-12-06 16:26:15.879,182481960, 952.9882164072367, 248104, 50.44006917216899, 13689, 0, 0.0, 1, 
2019-12-06 16:26:16.911,208509632, 973.2658950212975, 249255, 51.076510101018314, 13746, 0, 0.0, 1, 
2019-12-06 16:26:17.939,233923616, 973.2658950212975, 250458, 51.076510101018314, 13799, 0, 0.0, 21, 
2019-12-06 16:26:18.975,261907624, 973.2658950212975, 251744, 51.076510101018314, 13871, 0, 0.0, 11, 
2019-12-06 16:26:20.007,289207648, 973.2658950212975, 253028, 51.076510101018314, 13947, 0, 0.0, 1, 
2019-12-06 16:26:21.04,315840600, 973.2658950212975, 254213, 51.076510101018314, 14018, 0, 0.0, 1, 
2019-12-06 16:26:22.072,343105152, 990.547023903437, 255490, 52.14179753507169, 14082, 0, 0.0, 1, 
2019-12-06 16:26:23.108,85371648, 990.547023903437, 256678, 52.14179753507169, 14141, 0, 0.0, 1, 
2019-12-06 16:26:24.138,114031080, 990.547023903437, 257893, 52.14179753507169, 14205, 0, 0.0, 1, 
2019-12-06 16:26:25.167,141590512, 990.547023903437, 259221, 52.14179753507169, 14264, 0, 0.0, 29, 
2019-12-06 16:26:26.202,170262208, 990.547023903437, 260505, 52.14179753507169, 14344, 0, 0.0, 40, 
2019-12-06 16:26:27.228,198287392, 1008.9890176247264, 261814, 53.02596258630249, 14411, 0, 0.0, 37, 
2019-12-06 16:26:28.261,229097144, 1008.9890176247264, 263084, 53.02596258630249, 14470, 0, 0.0, 158, 
2019-12-06 16:26:29.306,257588888, 1008.9890176247264, 264371, 53.02596258630249, 14541, 0, 0.0, 1, 
2019-12-06 16:26:30.334,284708392, 1008.9890176247264, 265631, 53.02596258630249, 14602, 0, 0.0, 1, 
2019-12-06 16:26:31.362,312831888, 1028.7069430793792, 266976, 53.935380405742656, 14676, 0, 0.0, 1, 
2019-12-06 16:26:32.393,343498168, 1028.7069430793792, 268181, 53.935380405742656, 14763, 0, 0.0, 1, 
2019-12-06 16:26:33.422,86840504, 1028.7069430793792, 269423, 53.935380405742656, 14849, 0, 0.0, 1, 
2019-12-06 16:26:34.461,116894824, 1028.7069430793792, 270761, 53.935380405742656, 14906, 0, 0.0, 1, 
2019-12-06 16:26:35.493,146062528, 1028.7069430793792, 272134, 53.935380405742656, 14985, 0, 0.0, 1, 
2019-12-06 16:26:36.519,176105168, 1047.2800704230112, 273499, 55.53965881064145, 15052, 0, 0.0, 1, 
2019-12-06 16:26:37.548,203690960, 1047.2800704230112, 274853, 55.53965881064145, 15135, 0, 0.0, 1, 
2019-12-06 16:26:38.578,233938344, 1047.2800704230112, 276257, 55.53965881064145, 15203, 0, 0.0, 1, 
2019-12-06 16:26:39.629,263002808, 1047.2800704230112, 277563, 55.53965881064145, 15274, 0, 0.0, 1, 
2019-12-06 16:26:40.666,291514208, 1047.2800704230112, 278879, 55.53965881064145, 15349, 0, 0.0, 1, 
2019-12-06 16:26:41.701,323292608, 1068.941631980922, 280372, 56.74381720631873, 15425, 0, 0.0, 1, 
2019-12-06 16:26:42.739,355356400, 1068.941631980922, 281850, 56.74381720631873, 15496, 0, 0.0, 59, 
2019-12-06 16:26:43.764,97347232, 1068.941631980922, 283145, 56.74381720631873, 15566, 0, 0.0, 23, 
2019-12-06 16:26:44.807,126771168, 1068.941631980922, 284436, 56.74381720631873, 15648, 0, 0.0, 1, 
2019-12-06 16:26:45.846,154472872, 1068.941631980922, 285785, 56.74381720631873, 15712, 0, 0.0, 30, 
2019-12-06 16:26:46.881,183854952, 1088.663346182463, 287113, 57.883678646738886, 15792, 0, 0.0, 1, 
