Timestamp, MemoryUsed, ReadLatency1, ReadCount, WriteLatency1, WriteCount, PendingTasks, WaitingOnCommit1, SRDelay, 
2019-12-06 16:25:56.109,214032168, 926.7255976704041, 225996, 49.039634729009954, 12462, 0, 0.0, 251617, 
2019-12-06 16:25:57.232,227705904, 926.7255976704041, 226896, 49.039634729009954, 12515, 0, 0.0, 125973, 
2019-12-06 16:25:58.298,240180792, 926.7255976704041, 227784, 49.039634729009954, 12557, 0, 0.0, 62981, 
2019-12-06 16:25:59.333,255794880, 926.7255976704041, 228730, 49.039634729009954, 12611, 0, 0.0, 31445, 
2019-12-06 16:26:00.399,272819456, 926.7255976704041, 229863, 49.039634729009954, 12667, 0, 0.0, 15663, 
2019-12-06 16:26:01.427,289777536, 924.268914522803, 231023, 48.84457230616133, 12712, 0, 0.0, 7709, 
2019-12-06 16:26:02.462,305077656, 924.268914522803, 232183, 48.84457230616133, 12763, 0, 0.0, 3797, 
2019-12-06 16:26:03.489,320662368, 924.268914522803, 233302, 48.84457230616133, 12821, 0, 0.0, 1908, 
2019-12-06 16:26:04.522,338763592, 924.268914522803, 234499, 48.84457230616133, 12872, 0, 0.0, 969, 
2019-12-06 16:26:05.556,353922320, 924.268914522803, 235605, 48.84457230616133, 12929, 0, 0.0, 509, 
2019-12-06 16:26:06.583,87728720, 938.9272587787739, 236719, 48.9849285549981, 12986, 0, 0.0, 262, 
2019-12-06 16:26:07.622,103135744, 938.9272587787739, 237923, 48.9849285549981, 13051, 0, 0.0, 179, 
2019-12-06 16:26:08.654,119947592, 938.9272587787739, 239022, 48.9849285549981, 13118, 0, 0.0, 99, 
2019-12-06 16:26:09.681,137389624, 938.9272587787739, 240187, 48.9849285549981, 13185, 0, 0.0, 95, 
2019-12-06 16:26:10.716,153969608, 938.9272587787739, 241327, 48.9849285549981, 13249, 0, 0.0, 1, 
2019-12-06 16:26:11.743,170503888, 952.9732756367885, 242603, 50.07352956224681, 13323, 0, 0.0, 1, 
2019-12-06 16:26:12.774,187344512, 952.9732756367885, 243856, 50.07352956224681, 13374, 0, 0.0, 18, 
2019-12-06 16:26:13.802,206804272, 952.9732756367885, 245082, 50.07352956224681, 13435, 0, 0.0, 1, 
2019-12-06 16:26:14.836,223192008, 952.9732756367885, 246329, 50.07352956224681, 13501, 0, 0.0, 1, 
2019-12-06 16:26:15.865,240786048, 973.8278290635651, 247563, 50.88319743383622, 13562, 0, 0.0, 1, 
2019-12-06 16:26:16.898,256063696, 973.8278290635651, 248713, 50.88319743383622, 13607, 0, 0.0, 1, 
2019-12-06 16:26:17.927,275226160, 973.8278290635651, 249979, 50.88319743383622, 13669, 0, 0.0, 21, 
2019-12-06 16:26:18.955,293129080, 973.8278290635651, 251242, 50.88319743383622, 13719, 0, 0.0, 11, 
2019-12-06 16:26:19.991,309924624, 973.8278290635651, 252488, 50.88319743383622, 13800, 0, 0.0, 1, 
2019-12-06 16:26:21.024,327387016, 990.7282147218585, 253694, 51.5961456026486, 13871, 0, 0.0, 1, 
2019-12-06 16:26:22.058,343674688, 990.7282147218585, 254921, 51.5961456026486, 13927, 0, 0.0, 1, 
2019-12-06 16:26:23.091,77615744, 990.7282147218585, 256104, 51.5961456026486, 13983, 0, 0.0, 1, 
2019-12-06 16:26:24.122,93672136, 990.7282147218585, 257373, 51.5961456026486, 14042, 0, 0.0, 1, 
2019-12-06 16:26:25.151,111536720, 990.7282147218585, 258702, 51.5961456026486, 14112, 0, 0.0, 29, 
2019-12-06 16:26:26.183,132761728, 1009.4435613325318, 260054, 52.36402740280358, 14188, 0, 0.0, 40, 
2019-12-06 16:26:27.214,149652208, 1009.4435613325318, 261390, 52.36402740280358, 14249, 0, 0.0, 37, 
2019-12-06 16:26:28.245,169256160, 1009.4435613325318, 262698, 52.36402740280358, 14323, 0, 0.0, 158, 
2019-12-06 16:26:29.292,185172160, 1009.4435613325318, 263958, 52.36402740280358, 14380, 0, 0.0, 1, 
2019-12-06 16:26:30.319,204797192, 1009.4435613325318, 265266, 52.36402740280358, 14457, 0, 0.0, 1, 
2019-12-06 16:26:31.347,221954552, 1030.3404683765843, 266591, 53.37434398854025, 14519, 0, 0.0, 1, 
2019-12-06 16:26:32.378,239687912, 1030.3404683765843, 267806, 53.37434398854025, 14577, 0, 0.0, 1, 
2019-12-06 16:26:33.408,257187336, 1030.3404683765843, 269094, 53.37434398854025, 14647, 0, 0.0, 1, 
2019-12-06 16:26:34.442,277998528, 1030.3404683765843, 270423, 53.37434398854025, 14718, 0, 0.0, 1, 
2019-12-06 16:26:35.48,297875384, 1030.3404683765843, 271881, 53.37434398854025, 14788, 0, 0.0, 1, 
2019-12-06 16:26:36.507,315030344, 1050.0462844977176, 273203, 54.28788900318051, 14848, 0, 0.0, 1, 
2019-12-06 16:26:37.532,333495984, 1050.0462844977176, 274544, 54.28788900318051, 14922, 0, 0.0, 1, 
2019-12-06 16:26:38.561,353496768, 1050.0462844977176, 275972, 54.28788900318051, 14990, 0, 0.0, 1, 
2019-12-06 16:26:39.601,86325960, 1050.0462844977176, 277260, 54.28788900318051, 15041, 0, 0.0, 1, 
2019-12-06 16:26:40.652,106290528, 1050.0462844977176, 278700, 54.28788900318051, 15117, 0, 0.0, 1, 
2019-12-06 16:26:41.682,127705632, 1071.806494131507, 280234, 55.00046205481965, 15190, 0, 0.0, 1, 
2019-12-06 16:26:42.723,147682520, 1071.806494131507, 281658, 55.00046205481965, 15269, 0, 0.0, 59, 
2019-12-06 16:26:43.752,165148016, 1071.806494131507, 282994, 55.00046205481965, 15344, 0, 0.0, 23, 
2019-12-06 16:26:44.785,182487680, 1071.806494131507, 284275, 55.00046205481965, 15416, 0, 0.0, 1, 
2019-12-06 16:26:45.828,200858832, 1092.3865425638332, 285551, 56.29570559396103, 15483, 0, 0.0, 30, 
2019-12-06 16:26:46.861,218653752, 1092.3865425638332, 286848, 56.29570559396103, 15570, 0, 0.0, 1, 
