Timestamp, MemoryUsed, ReadLatency1, ReadCount, WriteLatency1, WriteCount, PendingTasks, WaitingOnCommit1, SRDelay, 
2019-12-06 16:25:56.168,93761448, 897.0646664568395, 219295, 47.74689841393512, 12019, 0, 0.0, 251617, 
2019-12-06 16:25:57.244,113580368, 897.0646664568395, 220132, 47.74689841393512, 12071, 0, 0.0, 125973, 
2019-12-06 16:25:58.305,132123168, 897.0646664568395, 220953, 47.74689841393512, 12112, 0, 0.0, 62981, 
2019-12-06 16:25:59.341,152465840, 897.0646664568395, 221890, 47.74689841393512, 12159, 0, 0.0, 31445, 
2019-12-06 16:26:00.405,177795704, 897.0646664568395, 223004, 47.74689841393512, 12217, 0, 0.0, 15663, 
2019-12-06 16:26:01.434,201948608, 896.0040822855361, 224071, 47.65519747988824, 12282, 0, 0.0, 7709, 
2019-12-06 16:26:02.47,225642680, 896.0040822855361, 225175, 47.65519747988824, 12344, 0, 0.0, 3797, 
2019-12-06 16:26:03.502,249186336, 896.0040822855361, 226267, 47.65519747988824, 12401, 0, 0.0, 1908, 
2019-12-06 16:26:04.53,277020080, 896.0040822855361, 227366, 47.65519747988824, 12462, 0, 0.0, 969, 
2019-12-06 16:26:05.563,304965360, 896.0040822855361, 228384, 47.65519747988824, 12509, 0, 0.0, 509, 
2019-12-06 16:26:06.59,329393216, 907.1175822505305, 229435, 48.43434886970542, 12571, 0, 0.0, 262, 
2019-12-06 16:26:07.63,353657752, 907.1175822505305, 230550, 48.43434886970542, 12630, 0, 0.0, 179, 
2019-12-06 16:26:08.661,92890656, 907.1175822505305, 231634, 48.43434886970542, 12690, 0, 0.0, 99, 
2019-12-06 16:26:09.69,118045960, 907.1175822505305, 232747, 48.43434886970542, 12762, 0, 0.0, 95, 
2019-12-06 16:26:10.722,142030288, 907.1175822505305, 233864, 48.43434886970542, 12836, 0, 0.0, 1, 
2019-12-06 16:26:11.754,168853904, 920.9245060449131, 235091, 49.614945149207315, 12903, 0, 0.0, 1, 
2019-12-06 16:26:12.783,192928776, 920.9245060449131, 236208, 49.614945149207315, 12973, 0, 0.0, 18, 
2019-12-06 16:26:13.813,219712416, 920.9245060449131, 237425, 49.614945149207315, 13039, 0, 0.0, 1, 
2019-12-06 16:26:14.842,246945968, 920.9245060449131, 238652, 49.614945149207315, 13101, 0, 0.0, 1, 
2019-12-06 16:26:15.872,272436856, 920.9245060449131, 239824, 49.614945149207315, 13169, 0, 0.0, 1, 
2019-12-06 16:26:16.905,296681488, 939.4642468972069, 240944, 50.87704844991069, 13233, 0, 0.0, 1, 
2019-12-06 16:26:17.933,321435584, 939.4642468972069, 242115, 50.87704844991069, 13292, 0, 0.0, 21, 
2019-12-06 16:26:18.962,346067896, 939.4642468972069, 243287, 50.87704844991069, 13354, 0, 0.0, 11, 
2019-12-06 16:26:19.998,90156544, 939.4642468972069, 244570, 50.87704844991069, 13413, 0, 0.0, 1, 
2019-12-06 16:26:21.033,114774888, 956.7934809072952, 245770, 51.35062150822024, 13466, 0, 0.0, 1, 
2019-12-06 16:26:22.066,142111648, 956.7934809072952, 247034, 51.35062150822024, 13537, 0, 0.0, 1, 
2019-12-06 16:26:23.101,166961304, 956.7934809072952, 248193, 51.35062150822024, 13593, 0, 0.0, 1, 
2019-12-06 16:26:24.132,193360040, 956.7934809072952, 249399, 51.35062150822024, 13664, 0, 0.0, 1, 
2019-12-06 16:26:25.158,222790032, 956.7934809072952, 250637, 51.35062150822024, 13728, 0, 0.0, 29, 
2019-12-06 16:26:26.196,253712072, 974.448195395014, 251866, 52.505930023772954, 13799, 0, 0.0, 40, 
2019-12-06 16:26:27.222,280431120, 974.448195395014, 253137, 52.505930023772954, 13863, 0, 0.0, 37, 
2019-12-06 16:26:28.251,308028592, 974.448195395014, 254281, 52.505930023772954, 13928, 0, 0.0, 158, 
2019-12-06 16:26:29.298,335400352, 974.448195395014, 255569, 52.505930023772954, 14003, 0, 0.0, 1, 
2019-12-06 16:26:30.325,76375120, 974.448195395014, 256801, 52.505930023772954, 14086, 0, 0.0, 1, 
2019-12-06 16:26:31.353,104247392, 992.9940377099906, 258095, 53.80873192679296, 14152, 0, 0.0, 1, 
2019-12-06 16:26:32.384,129898016, 992.9940377099906, 259284, 53.80873192679296, 14242, 0, 0.0, 1, 
2019-12-06 16:26:33.416,159052384, 992.9940377099906, 260597, 53.80873192679296, 14299, 0, 0.0, 1, 
2019-12-06 16:26:34.45,186524992, 992.9940377099906, 261899, 53.80873192679296, 14355, 0, 0.0, 1, 
2019-12-06 16:26:35.485,215221672, 992.9940377099906, 263250, 53.80873192679296, 14416, 0, 0.0, 1, 
2019-12-06 16:26:36.513,242757120, 1012.9354374198251, 264564, 54.495651794662635, 14478, 0, 0.0, 1, 
2019-12-06 16:26:37.541,271710576, 1012.9354374198251, 265907, 54.495651794662635, 14545, 0, 0.0, 1, 
2019-12-06 16:26:38.572,303967112, 1012.9354374198251, 267310, 54.495651794662635, 14629, 0, 0.0, 1, 
2019-12-06 16:26:39.616,332325856, 1012.9354374198251, 268569, 54.495651794662635, 14673, 0, 0.0, 1, 
2019-12-06 16:26:40.66,78199264, 1012.9354374198251, 269934, 54.495651794662635, 14731, 0, 0.0, 1, 
2019-12-06 16:26:41.693,108561840, 1036.319612721102, 271418, 54.99971964580096, 14809, 0, 0.0, 1, 
2019-12-06 16:26:42.732,136205544, 1036.319612721102, 272752, 54.99971964580096, 14890, 0, 0.0, 59, 
2019-12-06 16:26:43.758,165591408, 1036.319612721102, 274094, 54.99971964580096, 14970, 0, 0.0, 23, 
2019-12-06 16:26:44.796,191348600, 1036.319612721102, 275319, 54.99971964580096, 15034, 0, 0.0, 1, 
2019-12-06 16:26:45.834,217716472, 1036.319612721102, 276564, 54.99971964580096, 15091, 0, 0.0, 30, 
2019-12-06 16:26:46.866,245075912, 1055.4514161537084, 277868, 56.21506695931934, 15156, 0, 0.0, 1, 
