Timestamp, MemoryUsed, ReadLatency1, ReadCount, WriteLatency1, WriteCount, PendingTasks, WaitingOnCommit1, SRDelay, 
2019-12-06 16:21:14.288,213440096, 0.01080364508714307, 3, 0.0, 246, 0, 0.0, 1, 
2019-12-06 16:21:16.012,215350896, 0.009939833320063509, 3, 3.9338148002372937, 246, 0, 0.0, 1, 
2019-12-06 16:21:17.134,216714608, 0.009939833320063509, 3, 3.9338148002372937, 246, 0, 0.0, 1, 
2019-12-06 16:21:18.225,217534192, 0.009939833320063509, 3, 3.9338148002372937, 246, 0, 0.0, 1, 
2019-12-06 16:21:19.352,218866952, 0.009939833320063509, 3, 3.9338148002372937, 246, 0, 0.0, 1, 
2019-12-06 16:21:20.417,219685280, 0.009939833320063509, 3, 3.9338148002372937, 246, 0, 0.0, 1, 
2019-12-06 16:21:21.49,220776432, 0.009145088128470874, 3, 3.6192843351444894, 246, 0, 0.0, 1, 
2019-12-06 16:21:22.571,221902280, 0.009145088128470874, 3, 3.6192843351444894, 246, 0, 0.0, 1, 
2019-12-06 16:21:23.659,222960456, 0.009145088128470874, 3, 3.6192843351444894, 246, 0, 0.0, 1, 
2019-12-06 16:21:24.746,223778728, 0.009145088128470874, 3, 3.6192843351444894, 246, 0, 0.0, 1, 
2019-12-06 16:21:25.811,224916184, 0.008413887253892558, 3, 3.329902337505091, 246, 0, 0.0, 1, 
2019-12-06 16:21:26.903,225734568, 0.008413887253892558, 3, 3.329902337505091, 246, 0, 0.0, 1, 
2019-12-06 16:21:28.024,226552952, 0.008413887253892558, 3, 3.329902337505091, 246, 0, 0.0, 1, 
2019-12-06 16:21:29.096,227611272, 0.008413887253892558, 3, 3.329902337505091, 246, 0, 0.0, 1, 
2019-12-06 16:21:30.2,228430856, 0.008413887253892558, 3, 3.329902337505091, 246, 0, 0.0, 1, 
2019-12-06 16:21:31.252,229250440, 0.007741149973264704, 3, 3.0636580468826873, 246, 0, 0.0, 1, 
2019-12-06 16:21:32.338,230070024, 0.007741149973264704, 3, 3.0636580468826873, 246, 0, 0.0, 1, 
2019-12-06 16:21:33.406,231129544, 0.007741149973264704, 3, 3.0636580468826873, 246, 0, 0.0, 1, 
2019-12-06 16:21:34.473,232494640, 0.007741149973264704, 3, 3.0636580468826873, 246, 0, 0.0, 1, 
2019-12-06 16:21:35.533,233578528, 0.007741149973264704, 3, 3.0636580468826873, 246, 0, 0.0, 1, 
2019-12-06 16:21:36.595,235041872, 0.007122201795710126, 3, 2.8187014743685976, 246, 0, 0.0, 1, 
2019-12-06 16:21:37.643,235860152, 0.007122201795710126, 3, 2.8187014743685976, 246, 0, 0.0, 1, 
2019-12-06 16:21:38.693,236678416, 0.007122201795710126, 3, 2.8187014743685976, 246, 0, 0.0, 1, 
2019-12-06 16:21:39.79,237496696, 0.007122201795710126, 3, 2.8187014743685976, 246, 0, 0.0, 1, 
2019-12-06 16:21:40.876,238314976, 0.006552741982006039, 3, 2.593330548000267, 246, 0, 0.0, 1, 
2019-12-06 16:21:41.94,239133256, 0.006552741982006039, 3, 2.593330548000267, 246, 0, 0.0, 1, 
2019-12-06 16:21:42.992,239951560, 0.006552741982006039, 3, 2.593330548000267, 246, 0, 0.0, 1, 
2019-12-06 16:21:44.04,241009768, 0.006552741982006039, 3, 2.593330548000267, 246, 0, 0.0, 1, 
2019-12-06 16:21:45.092,241828072, 0.006552741982006039, 3, 2.593330548000267, 246, 0, 0.0, 1, 
2019-12-06 16:21:46.145,242646480, 0.006028813661051738, 3, 2.3859792859752478, 246, 0, 0.0, 1, 
2019-12-06 16:21:47.196,243464864, 0.006028813661051738, 3, 2.3859792859752478, 246, 0, 0.0, 1, 
2019-12-06 16:21:48.622,245341432, 0.006028813661051738, 3, 2.3859792859752478, 256, 0, 0.0, 1, 
2019-12-06 16:21:49.667,249250800, 0.006028813661051738, 3, 2.3859792859752478, 338, 0, 0.0, 1, 
2019-12-06 16:21:50.711,253705592, 0.006028813661051738, 3, 2.3859792859752478, 438, 0, 0.0, 1, 
2019-12-06 16:21:51.765,256835600, 0.005546776335691613, 3, 5.297483627865043, 495, 0, 0.0, 1, 
2019-12-06 16:21:52.816,257655664, 0.005546776335691613, 3, 5.297483627865043, 495, 0, 0.0, 1, 
2019-12-06 16:21:53.859,258715280, 0.005546776335691613, 3, 5.297483627865043, 495, 0, 0.0, 1, 
