Timestamp, MemoryUsed, ReadLatency1, ReadCount, WriteLatency1, WriteCount, PendingTasks, WaitingOnCommit1, SRDelay, 
2019-12-06 16:21:13.997,311391224, 0.06826092961003123, 13, 0.0, 248, 0, 0.0, 1, 
2019-12-06 16:21:15.967,313488376, 0.06826092961003123, 13, 0.0, 248, 0, 0.0, 1, 
2019-12-06 16:21:17.099,314536952, 0.06280308702511463, 13, 3.9657970343855653, 248, 0, 0.0, 1, 
2019-12-06 16:21:18.191,316634104, 0.06280308702511463, 13, 3.9657970343855653, 248, 0, 0.0, 1, 
2019-12-06 16:21:19.324,316634104, 0.06280308702511463, 13, 3.9657970343855653, 248, 0, 0.0, 1, 
2019-12-06 16:21:20.398,318731256, 0.06280308702511463, 13, 3.9657970343855653, 248, 0, 0.0, 1, 
2019-12-06 16:21:21.469,318731256, 0.057781629438936034, 13, 3.648709411039974, 248, 0, 0.0, 1, 
2019-12-06 16:21:22.544,319779832, 0.057781629438936034, 13, 3.648709411039974, 248, 0, 0.0, 1, 
2019-12-06 16:21:23.637,321876984, 0.057781629438936034, 13, 3.648709411039974, 248, 0, 0.0, 1, 
2019-12-06 16:21:24.723,321876984, 0.057781629438936034, 13, 3.648709411039974, 248, 0, 0.0, 1, 
2019-12-06 16:21:25.785,322925560, 0.057781629438936034, 13, 3.648709411039974, 248, 0, 0.0, 1, 
2019-12-06 16:21:26.88,323974136, 0.05316166543347438, 13, 3.3569747142327753, 248, 0, 0.0, 1, 
2019-12-06 16:21:28.005,325022712, 0.05316166543347438, 13, 3.3569747142327753, 248, 0, 0.0, 1, 
2019-12-06 16:21:29.067,325022712, 0.05316166543347438, 13, 3.3569747142327753, 248, 0, 0.0, 1, 
2019-12-06 16:21:30.176,326071288, 0.05316166543347438, 13, 3.3569747142327753, 248, 0, 0.0, 1, 
2019-12-06 16:21:31.238,327119864, 0.05316166543347438, 13, 3.3569747142327753, 248, 0, 0.0, 1, 
2019-12-06 16:21:32.321,328168440, 0.048911093354460866, 13, 3.0885658358817336, 248, 0, 0.0, 1, 
2019-12-06 16:21:33.392,329217016, 0.048911093354460866, 13, 3.0885658358817336, 248, 0, 0.0, 1, 
2019-12-06 16:21:34.461,330265592, 0.048911093354460866, 13, 3.0885658358817336, 248, 0, 0.0, 1, 
2019-12-06 16:21:35.518,330265592, 0.048911093354460866, 13, 3.0885658358817336, 248, 0, 0.0, 1, 
2019-12-06 16:21:36.571,331314168, 0.04500037825418513, 13, 2.841617746517936, 248, 0, 0.0, 1, 
2019-12-06 16:21:37.631,332362744, 0.04500037825418513, 13, 2.841617746517936, 248, 0, 0.0, 1, 
2019-12-06 16:21:38.68,333411320, 0.04500037825418513, 13, 2.841617746517936, 248, 0, 0.0, 1, 
2019-12-06 16:21:39.778,334459896, 0.04500037825418513, 13, 2.841617746517936, 248, 0, 0.0, 1, 
2019-12-06 16:21:40.861,335508472, 0.04500037825418513, 13, 2.841617746517936, 248, 0, 0.0, 1, 
2019-12-06 16:21:41.926,336557048, 0.041402346668969886, 13, 2.614414536195391, 248, 0, 0.0, 1, 
2019-12-06 16:21:42.98,336557048, 0.041402346668969886, 13, 2.614414536195391, 248, 0, 0.0, 1, 
2019-12-06 16:21:44.026,337605624, 0.041402346668969886, 13, 2.614414536195391, 248, 0, 0.0, 1, 
2019-12-06 16:21:45.083,338654200, 0.041402346668969886, 13, 2.614414536195391, 248, 0, 0.0, 1, 
2019-12-06 16:21:46.131,339702776, 0.041402346668969886, 13, 2.614414536195391, 248, 0, 0.0, 1, 
2019-12-06 16:21:47.178,339702776, 0.038091997805332706, 13, 2.4053774915522825, 248, 0, 0.0, 1, 
2019-12-06 16:21:48.614,342848504, 0.038091997805332706, 13, 2.4053774915522825, 254, 0, 0.0, 1, 
2019-12-06 16:21:49.651,347042808, 0.038091997805332706, 13, 2.4053774915522825, 336, 0, 0.0, 1, 
2019-12-06 16:21:50.7,351237112, 0.038091997805332706, 13, 2.4053774915522825, 450, 0, 0.0, 1, 
2019-12-06 16:21:51.75,354382840, 0.035046329822868795, 13, 6.258806745934011, 501, 0, 0.0, 1, 
2019-12-06 16:21:52.806,354382840, 0.035046329822868795, 13, 6.258806745934011, 501, 0, 0.0, 1, 
2019-12-06 16:21:53.842,355431416, 0.035046329822868795, 13, 6.258806745934011, 501, 0, 0.0, 1, 
