Timestamp, MemoryUsed, ReadLatency1, ReadCount, WriteLatency1, WriteCount, PendingTasks, WaitingOnCommit1, SRDelay, 
2019-12-06 16:21:14.936,191016920, 0.004215212696015613, 1, 0.0, 268, 0, 0.0, 1, 
2019-12-06 16:21:16.073,193082080, 0.004215212696015613, 1, 0.0, 268, 0, 0.0, 1, 
2019-12-06 16:21:17.17,194336760, 0.003878182897443776, 1, 4.285619375868271, 268, 0, 0.0, 1, 
2019-12-06 16:21:18.309,195366968, 0.003878182897443776, 1, 4.285619375868271, 268, 0, 0.0, 1, 
2019-12-06 16:21:19.382,196114224, 0.003878182897443776, 1, 4.285619375868271, 268, 0, 0.0, 1, 
2019-12-06 16:21:20.455,196894240, 0.003878182897443776, 1, 4.285619375868271, 268, 0, 0.0, 1, 
2019-12-06 16:21:21.53,197674136, 0.003568100513704112, 1, 3.942960169994809, 268, 0, 0.0, 1, 
2019-12-06 16:21:22.623,199026728, 0.003568100513704112, 1, 3.942960169994809, 268, 0, 0.0, 1, 
2019-12-06 16:21:23.708,200410288, 0.003568100513704112, 1, 3.942960169994809, 268, 0, 0.0, 1, 
2019-12-06 16:21:24.774,201416008, 0.003568100513704112, 1, 3.942960169994809, 268, 0, 0.0, 1, 
2019-12-06 16:21:25.863,202164432, 0.003568100513704112, 1, 3.942960169994809, 268, 0, 0.0, 1, 
2019-12-06 16:21:26.99,202911760, 0.0032828109484694876, 1, 3.627698481509611, 268, 0, 0.0, 1, 
2019-12-06 16:21:28.048,203660184, 0.0032828109484694876, 1, 3.627698481509611, 268, 0, 0.0, 1, 
2019-12-06 16:21:29.163,204647240, 0.0032828109484694876, 1, 3.627698481509611, 268, 0, 0.0, 1, 
2019-12-06 16:21:30.226,205646128, 0.0032828109484694876, 1, 3.627698481509611, 268, 0, 0.0, 1, 
2019-12-06 16:21:31.309,206393320, 0.0030203318774233434, 1, 3.337643725872195, 268, 0, 0.0, 1, 
2019-12-06 16:21:32.379,207141744, 0.0030203318774233434, 1, 3.337643725872195, 268, 0, 0.0, 1, 
2019-12-06 16:21:33.448,207888888, 0.0030203318774233434, 1, 3.337643725872195, 268, 0, 0.0, 1, 
2019-12-06 16:21:34.502,209138560, 0.0030203318774233434, 1, 3.337643725872195, 268, 0, 0.0, 1, 
2019-12-06 16:21:35.562,210167720, 0.0030203318774233434, 1, 3.337643725872195, 268, 0, 0.0, 1, 
2019-12-06 16:21:36.618,211228672, 0.0027788394741502446, 1, 3.070780468011317, 268, 0, 0.0, 1, 
2019-12-06 16:21:37.667,211977120, 0.0027788394741502446, 1, 3.070780468011317, 268, 0, 0.0, 1, 
2019-12-06 16:21:38.759,213213496, 0.0027788394741502446, 1, 3.070780468011317, 268, 0, 0.0, 1, 
2019-12-06 16:21:39.846,213961920, 0.0027788394741502446, 1, 3.070780468011317, 268, 0, 0.0, 1, 
2019-12-06 16:21:40.914,214709704, 0.0027788394741502446, 1, 3.070780468011317, 268, 0, 0.0, 1, 
2019-12-06 16:21:41.968,215490968, 0.0025566557373434187, 1, 2.8252544181466317, 268, 0, 0.0, 1, 
2019-12-06 16:21:43.015,216272176, 0.0025566557373434187, 1, 2.8252544181466317, 268, 0, 0.0, 1, 
2019-12-06 16:21:44.071,217541024, 0.0025566557373434187, 1, 2.8252544181466317, 268, 0, 0.0, 1, 
2019-12-06 16:21:45.121,218330440, 0.0025566557373434187, 1, 2.8252544181466317, 268, 0, 0.0, 1, 
2019-12-06 16:21:46.165,219087048, 0.0025566557373434187, 1, 2.8252544181466317, 268, 0, 0.0, 1, 
2019-12-06 16:21:47.606,219835496, 0.0023522368312728264, 1, 2.599359547322627, 268, 0, 0.0, 1, 
2019-12-06 16:21:48.637,221332056, 0.0023522368312728264, 1, 2.599359547322627, 276, 0, 0.0, 1, 
2019-12-06 16:21:49.687,224991096, 0.0023522368312728264, 1, 2.599359547322627, 359, 0, 0.0, 1, 
2019-12-06 16:21:50.738,229805456, 0.0023522368312728264, 1, 2.599359547322627, 469, 0, 0.0, 1, 
2019-12-06 16:21:51.793,232426832, 0.002164162358497942, 1, 6.341332150439019, 515, 0, 0.0, 1, 
2019-12-06 16:21:52.831,233457152, 0.002164162358497942, 1, 6.341332150439019, 515, 0, 0.0, 1, 
2019-12-06 16:21:53.89,234726000, 0.002164162358497942, 1, 6.341332150439019, 515, 0, 0.0, 1, 
