Timestamp, MemoryUsed, ReadLatency1, ReadCount, WriteLatency1, WriteCount, PendingTasks, WaitingOnCommit1, SRDelay, 
2019-12-10 13:56:03.174,314291784, 493.3153005311911, 793140, 25.15139753367538, 43056, 0, 0.0, 4309653, 
2019-12-10 13:56:04.227,315487200, 493.3153005311911, 793140, 25.15139753367538, 43056, 0, 0.0, 2154833, 
2019-12-10 13:56:05.294,316268576, 453.8719869049084, 793140, 23.14040282097977, 43056, 0, 0.0, 1077423, 
2019-12-10 13:56:06.34,317029200, 453.8719869049084, 793140, 23.14040282097977, 43056, 0, 0.0, 538718, 
2019-12-10 13:56:07.385,317782512, 453.8719869049084, 793140, 23.14040282097977, 43056, 0, 0.0, 269366, 
2019-12-10 13:56:08.438,318991944, 453.8719869049084, 793140, 23.14040282097977, 43056, 0, 0.0, 134690, 
2019-12-10 13:56:09.494,319759416, 417.58238650857436, 793140, 21.29019836771507, 43056, 0, 0.0, 67352, 
2019-12-10 13:56:10.534,320500112, 417.58238650857436, 793140, 21.29019836771507, 43056, 0, 0.0, 33683, 
2019-12-10 13:56:11.58,321477400, 417.58238650857436, 793140, 21.29019836771507, 43056, 0, 0.0, 16848, 
2019-12-10 13:56:12.64,322397968, 417.58238650857436, 793140, 21.29019836771507, 43056, 0, 0.0, 8431, 
2019-12-10 13:56:13.687,323601128, 417.58238650857436, 793140, 21.29019836771507, 43056, 0, 0.0, 4222, 
2019-12-10 13:56:14.729,324619760, 384.1943423547971, 793140, 19.58792809456659, 43056, 0, 0.0, 2118, 
2019-12-10 13:56:15.777,325363888, 384.1943423547971, 793140, 19.58792809456659, 43056, 0, 0.0, 1066, 
2019-12-10 13:56:16.821,326097992, 384.1943423547971, 793140, 19.58792809456659, 43056, 0, 0.0, 540, 
2019-12-10 13:56:17.863,326838096, 384.1943423547971, 793140, 19.58792809456659, 43056, 0, 0.0, 277, 
2019-12-10 13:56:18.928,328047584, 384.1943423547971, 793140, 19.58792809456659, 43056, 0, 0.0, 145, 
2019-12-10 13:56:19.978,328806336, 353.4758588157171, 793140, 18.021763837566795, 43056, 0, 0.0, 79, 
2019-12-10 13:56:21.028,329556712, 353.4758588157171, 793140, 18.021763837566795, 43056, 0, 0.0, 46, 
2019-12-10 13:56:22.077,330564080, 353.4758588157171, 793140, 18.021763837566795, 43056, 0, 0.0, 30, 
2019-12-10 13:56:23.13,331335736, 353.4758588157171, 793140, 18.021763837566795, 43056, 0, 0.0, 22, 
2019-12-10 13:56:24.19,332292880, 353.4758588157171, 793140, 18.021763837566795, 43056, 0, 0.0, 18, 
2019-12-10 13:56:25.231,333042464, 325.2134896097038, 793140, 16.580823160522044, 43056, 0, 0.0, 16, 
2019-12-10 13:56:26.262,334043368, 325.2134896097038, 793151, 16.580823160522044, 43056, 0, 0.0, 15, 
2019-12-10 13:56:27.29,341282080, 325.2134896097038, 793352, 16.580823160522044, 43069, 0, 0.0, 9, 
2019-12-10 13:56:28.337,350197712, 325.2134896097038, 793662, 16.580823160522044, 43088, 0, 0.0, 1, 
2019-12-10 13:56:29.374,82764664, 315.85760755169434, 794210, 16.18257852909468, 43115, 0, 0.0, 1, 
2019-12-10 13:56:30.402,97216776, 315.85760755169434, 794884, 16.18257852909468, 43156, 0, 0.0, 18, 
2019-12-10 13:56:31.426,115483904, 315.85760755169434, 795614, 16.18257852909468, 43182, 0, 0.0, 1, 
2019-12-10 13:56:32.455,133175440, 315.85760755169434, 796321, 16.18257852909468, 43210, 0, 0.0, 1, 
2019-12-10 13:56:33.527,151044744, 315.85760755169434, 797045, 16.18257852909468, 43257, 0, 0.0, 1, 
2019-12-10 13:56:34.553,168656856, 346.1081950104409, 797822, 17.671145360893522, 43296, 0, 0.0, 39, 
2019-12-10 13:56:35.582,189643152, 346.1081950104409, 798632, 17.671145360893522, 43346, 0, 0.0, 1, 
2019-12-10 13:56:36.608,207923320, 346.1081950104409, 799405, 17.671145360893522, 43391, 0, 0.0, 1, 
2019-12-10 13:56:37.635,226209688, 346.1081950104409, 800228, 17.671145360893522, 43438, 0, 0.0, 38, 
2019-12-10 13:56:38.659,245903768, 346.1081950104409, 801002, 17.671145360893522, 43486, 0, 0.0, 1, 
2019-12-10 13:56:39.692,265709464, 380.8002682659206, 801825, 19.856239931073414, 43524, 0, 0.0, 1, 
2019-12-10 13:56:40.726,285171408, 380.8002682659206, 802689, 19.856239931073414, 43571, 0, 0.0, 1, 
2019-12-10 13:56:41.753,304322184, 380.8002682659206, 803496, 19.856239931073414, 43607, 0, 0.0, 1, 
2019-12-10 13:56:42.778,324238096, 380.8002682659206, 804384, 19.856239931073414, 43647, 0, 0.0, 1, 
2019-12-10 13:56:43.805,347427600, 380.8002682659206, 805329, 19.856239931073414, 43694, 0, 0.0, 1, 
2019-12-10 13:56:44.83,85660600, 418.7791498676333, 806329, 21.65873946384053, 43744, 0, 0.0, 25, 
2019-12-10 13:56:45.855,109376904, 418.7791498676333, 807315, 21.65873946384053, 43788, 0, 0.0, 1, 
2019-12-10 13:56:46.882,132478424, 418.7791498676333, 808354, 21.65873946384053, 43839, 0, 0.0, 1, 
2019-12-10 13:56:47.906,157362912, 418.7791498676333, 809382, 21.65873946384053, 43890, 0, 0.0, 1, 
2019-12-10 13:56:48.931,184377736, 418.7791498676333, 810461, 21.65873946384053, 43959, 0, 0.0, 1, 
2019-12-10 13:56:49.953,209088696, 466.3703813647985, 811597, 23.95676377430029, 44005, 0, 0.0, 66, 
2019-12-10 13:56:50.979,235074144, 466.3703813647985, 812681, 23.95676377430029, 44066, 0, 0.0, 35, 
2019-12-10 13:56:52.014,258432096, 466.3703813647985, 813766, 23.95676377430029, 44129, 0, 0.0, 1, 
2019-12-10 13:56:53.045,287711392, 466.3703813647985, 815087, 23.95676377430029, 44197, 0, 0.0, 31, 
2019-12-10 13:56:54.075,316671784, 466.3703813647985, 816408, 23.95676377430029, 44265, 0, 0.0, 1, 
2019-12-10 13:56:55.106,337072880, 522.2936859483652, 817245, 26.966550761972773, 44314, 0, 0.0, 1, 
2019-12-10 13:56:56.145,337906792, 522.2936859483652, 817245, 26.966550761972773, 44314, 0, 0.0, 7, 
2019-12-10 13:56:57.177,338750480, 522.2936859483652, 817245, 26.966550761972773, 44314, 0, 0.0, 10, 
