Timestamp, MemoryUsed, ReadLatency1, ReadCount, WriteLatency1, WriteCount, PendingTasks, WaitingOnCommit1, SRDelay, 
2019-12-10 13:56:03.094,536225280, 478.69624642321156, 771520, 25.763883084602778, 42042, 0, 0.0, 4309653, 
2019-12-10 13:56:04.187,537273856, 440.45379005984626, 771520, 23.703916731151686, 42042, 0, 0.0, 2154833, 
2019-12-10 13:56:05.253,538322432, 440.45379005984626, 771520, 23.703916731151686, 42042, 0, 0.0, 1077423, 
2019-12-10 13:56:06.305,539371008, 440.45379005984626, 771520, 23.703916731151686, 42042, 0, 0.0, 538718, 
2019-12-10 13:56:07.353,540419584, 440.45379005984626, 771520, 23.703916731151686, 42042, 0, 0.0, 269366, 
2019-12-10 13:56:08.398,540419584, 440.45379005984626, 771520, 23.703916731151686, 42042, 0, 0.0, 134690, 
2019-12-10 13:56:09.455,542516736, 405.2370494468781, 771520, 21.808656193334677, 42042, 0, 0.0, 67352, 
2019-12-10 13:56:10.506,542516736, 405.2370494468781, 771520, 21.808656193334677, 42042, 0, 0.0, 33683, 
2019-12-10 13:56:11.544,543565312, 405.2370494468781, 771520, 21.808656193334677, 42042, 0, 0.0, 16848, 
2019-12-10 13:56:12.6,544613888, 405.2370494468781, 771520, 21.808656193334677, 42042, 0, 0.0, 8431, 
2019-12-10 13:56:13.651,545662464, 405.2370494468781, 771520, 21.808656193334677, 42042, 0, 0.0, 4222, 
2019-12-10 13:56:14.697,547759616, 372.83608394446713, 771520, 20.06493232124877, 42042, 0, 0.0, 2118, 
2019-12-10 13:56:15.738,547759616, 372.83608394446713, 771520, 20.06493232124877, 42042, 0, 0.0, 1066, 
2019-12-10 13:56:16.788,548808192, 372.83608394446713, 771520, 20.06493232124877, 42042, 0, 0.0, 540, 
2019-12-10 13:56:17.835,549856768, 372.83608394446713, 771520, 20.06493232124877, 42042, 0, 0.0, 277, 
2019-12-10 13:56:18.875,550905344, 343.0257566053765, 771520, 18.460628912080313, 42042, 0, 0.0, 145, 
2019-12-10 13:56:19.938,551953920, 343.0257566053765, 771520, 18.460628912080313, 42042, 0, 0.0, 79, 
2019-12-10 13:56:20.988,551953920, 343.0257566053765, 771520, 18.460628912080313, 42042, 0, 0.0, 46, 
2019-12-10 13:56:22.038,553002496, 343.0257566053765, 771520, 18.460628912080313, 42042, 0, 0.0, 30, 
2019-12-10 13:56:23.091,554051072, 343.0257566053765, 771520, 18.460628912080313, 42042, 0, 0.0, 22, 
2019-12-10 13:56:24.144,556148224, 315.59893143877434, 771520, 16.984598521104093, 42042, 0, 0.0, 18, 
2019-12-10 13:56:25.202,557196800, 315.59893143877434, 771520, 16.984598521104093, 42042, 0, 0.0, 16, 
2019-12-10 13:56:26.239,557196800, 315.59893143877434, 771525, 16.984598521104093, 42042, 0, 0.0, 15, 
2019-12-10 13:56:27.27,563488256, 315.59893143877434, 771700, 16.984598521104093, 42051, 0, 0.0, 9, 
2019-12-10 13:56:28.309,569779712, 315.59893143877434, 772020, 16.984598521104093, 42059, 0, 0.0, 1, 
2019-12-10 13:56:29.35,581314048, 301.94260289490103, 772534, 16.090327399213212, 42090, 0, 0.0, 1, 
2019-12-10 13:56:30.38,595994112, 301.94260289490103, 773234, 16.090327399213212, 42129, 0, 0.0, 18, 
2019-12-10 13:56:31.409,608577024, 301.94260289490103, 773963, 16.090327399213212, 42168, 0, 0.0, 1, 
2019-12-10 13:56:32.433,623257088, 301.94260289490103, 774636, 16.090327399213212, 42201, 0, 0.0, 1, 
2019-12-10 13:56:33.463,637937152, 301.94260289490103, 775346, 16.090327399213212, 42241, 0, 0.0, 1, 
2019-12-10 13:56:34.534,651568640, 331.4348119987434, 776080, 17.746181394844182, 42280, 0, 0.0, 39, 
2019-12-10 13:56:35.56,666248704, 331.4348119987434, 776797, 17.746181394844182, 42309, 0, 0.0, 1, 
2019-12-10 13:56:36.589,680928768, 331.4348119987434, 777588, 17.746181394844182, 42336, 0, 0.0, 1, 
2019-12-10 13:56:37.616,695608832, 331.4348119987434, 778366, 17.746181394844182, 42384, 0, 0.0, 38, 
2019-12-10 13:56:38.642,710288896, 331.4348119987434, 779125, 17.746181394844182, 42423, 0, 0.0, 1, 
2019-12-10 13:56:39.669,728114688, 363.5102094357214, 779897, 19.125720561298888, 42477, 0, 0.0, 1, 
2019-12-10 13:56:40.703,742794752, 363.5102094357214, 780750, 19.125720561298888, 42512, 0, 0.0, 1, 
2019-12-10 13:56:41.735,115895200, 363.5102094357214, 781538, 19.125720561298888, 42559, 0, 0.0, 1, 
2019-12-10 13:56:42.761,132672416, 363.5102094357214, 782447, 19.125720561298888, 42607, 0, 0.0, 1, 
2019-12-10 13:56:43.785,149449632, 363.5102094357214, 783372, 19.125720561298888, 42666, 0, 0.0, 1, 
2019-12-10 13:56:44.813,168324000, 401.4163361585498, 784358, 21.466362710125, 42720, 0, 0.0, 25, 
2019-12-10 13:56:45.837,197684128, 401.4163361585498, 785394, 21.466362710125, 42777, 0, 0.0, 1, 
2019-12-10 13:56:46.862,220752800, 401.4163361585498, 786408, 21.466362710125, 42835, 0, 0.0, 1, 
2019-12-10 13:56:47.889,242772896, 401.4163361585498, 787393, 21.466362710125, 42892, 0, 0.0, 1, 
2019-12-10 13:56:48.913,266890144, 449.0525677552794, 788484, 23.891706436058744, 42935, 0, 0.0, 1, 
2019-12-10 13:56:49.937,293104544, 449.0525677552794, 789626, 23.891706436058744, 42991, 0, 0.0, 66, 
2019-12-10 13:56:50.96,318270368, 449.0525677552794, 790722, 23.891706436058744, 43044, 0, 0.0, 35, 
2019-12-10 13:56:51.989,342387616, 449.0525677552794, 791827, 23.891706436058744, 43095, 0, 0.0, 1, 
2019-12-10 13:56:53.025,372796320, 449.0525677552794, 793130, 23.891706436058744, 43175, 0, 0.0, 31, 
2019-12-10 13:56:54.052,400059296, 504.3616386290686, 794387, 26.874712887144717, 43254, 0, 0.0, 1, 
2019-12-10 13:56:55.084,421030816, 504.3616386290686, 795278, 26.874712887144717, 43316, 0, 0.0, 1, 
2019-12-10 13:56:56.119,422079392, 504.3616386290686, 795278, 26.874712887144717, 43316, 0, 0.0, 7, 
2019-12-10 13:56:57.154,423127968, 504.3616386290686, 795278, 26.874712887144717, 43316, 0, 0.0, 10, 
