Timestamp, MemoryUsed, ReadLatency1, ReadCount, WriteLatency1, WriteCount, PendingTasks, WaitingOnCommit1, SRDelay, 
2019-12-06 17:00:07.159,247837360, 51.58844125354973, 1442857, 4.887747917534439, 78829, 0, 0.0, 30, 
2019-12-06 17:00:08.275,254074296, 51.58844125354973, 1443095, 4.887747917534439, 78840, 0, 0.0, 30, 
2019-12-06 17:00:09.358,262496864, 51.58844125354973, 1443338, 4.887747917534439, 78859, 0, 0.0, 30, 
2019-12-06 17:00:10.66,272524624, 51.58844125354973, 1443739, 4.887747917534439, 78874, 0, 0.0, 30, 
2019-12-06 17:00:11.788,284340032, 65.88542410416531, 1444254, 5.456412196091787, 78898, 0, 0.0, 30, 
2019-12-06 17:00:12.825,296023104, 65.88542410416531, 1444872, 5.456412196091787, 78923, 0, 0.0, 30, 
2019-12-06 17:00:13.862,310831656, 65.88542410416531, 1445545, 5.456412196091787, 78955, 0, 0.0, 30, 
2019-12-06 17:00:14.894,325032304, 65.88542410416531, 1446223, 5.456412196091787, 79001, 0, 0.0, 30, 
2019-12-06 17:00:15.923,340439800, 109.79020145548765, 1446960, 7.514755828494681, 79037, 0, 0.0, 30, 
2019-12-06 17:00:16.964,355528520, 109.79020145548765, 1447620, 7.514755828494681, 79071, 0, 0.0, 30, 
2019-12-06 17:00:17.993,370695968, 109.79020145548765, 1448329, 7.514755828494681, 79105, 0, 0.0, 30, 
2019-12-06 17:00:19.027,97161344, 109.79020145548765, 1449055, 7.514755828494681, 79133, 0, 0.0, 30, 
2019-12-06 17:00:20.055,111342056, 109.79020145548765, 1449689, 7.514755828494681, 79175, 0, 0.0, 30, 
2019-12-06 17:00:21.083,125308552, 153.5906545699066, 1450384, 9.520461210393744, 79204, 0, 0.0, 30, 
2019-12-06 17:00:22.118,139551128, 153.5906545699066, 1451122, 9.520461210393744, 79235, 0, 0.0, 30, 
2019-12-06 17:00:23.146,154737856, 153.5906545699066, 1451830, 9.520461210393744, 79270, 0, 0.0, 30, 
2019-12-06 17:00:24.182,170217680, 153.5906545699066, 1452554, 9.520461210393744, 79321, 0, 0.0, 30, 
2019-12-06 17:00:25.21,184890768, 153.5906545699066, 1453288, 9.520461210393744, 79361, 0, 0.0, 30, 
2019-12-06 17:00:26.24,200360432, 198.0946806065589, 1454076, 11.829541639551875, 79407, 0, 0.0, 30, 
2019-12-06 17:00:27.269,216148552, 198.0946806065589, 1454878, 11.829541639551875, 79438, 0, 0.0, 30, 
2019-12-06 17:00:28.296,231865464, 198.0946806065589, 1455696, 11.829541639551875, 79486, 0, 0.0, 30, 
2019-12-06 17:00:29.327,249189072, 198.0946806065589, 1456518, 11.829541639551875, 79525, 0, 0.0, 30, 
2019-12-06 17:00:30.378,267222720, 198.0946806065589, 1457354, 11.829541639551875, 79569, 0, 0.0, 30, 
2019-12-06 17:00:31.402,282982272, 245.1169856782703, 1458124, 14.065936010847645, 79606, 0, 0.0, 30, 
2019-12-06 17:00:32.429,299035512, 245.1169856782703, 1458928, 14.065936010847645, 79659, 0, 0.0, 30, 
2019-12-06 17:00:33.454,315302064, 245.1169856782703, 1459773, 14.065936010847645, 79707, 0, 0.0, 30, 
2019-12-06 17:00:34.491,330914752, 245.1169856782703, 1460552, 14.065936010847645, 79746, 0, 0.0, 30, 
2019-12-06 17:00:35.515,347777208, 245.1169856782703, 1461419, 14.065936010847645, 79782, 0, 0.0, 30, 
2019-12-06 17:00:36.542,364493776, 289.41901743231324, 1462291, 16.187482629363313, 79819, 0, 0.0, 30, 
2019-12-06 17:00:37.572,99809184, 289.41901743231324, 1463170, 16.187482629363313, 79873, 0, 0.0, 30, 
2019-12-06 17:00:38.597,117272488, 289.41901743231324, 1464042, 16.187482629363313, 79920, 0, 0.0, 30, 
2019-12-06 17:00:39.627,133602960, 289.41901743231324, 1464919, 16.187482629363313, 79972, 0, 0.0, 30, 
2019-12-06 17:00:40.655,151173600, 289.41901743231324, 1465786, 16.187482629363313, 80035, 0, 0.0, 30, 
2019-12-06 17:00:41.68,169893000, 334.3525358607007, 1466738, 18.93895559981115, 80080, 0, 0.0, 30, 
2019-12-06 17:00:42.707,189304864, 334.3525358607007, 1467672, 18.93895559981115, 80119, 0, 0.0, 30, 
2019-12-06 17:00:43.732,207708824, 334.3525358607007, 1468639, 18.93895559981115, 80163, 0, 0.0, 30, 
2019-12-06 17:00:44.758,226537856, 334.3525358607007, 1469576, 18.93895559981115, 80210, 0, 0.0, 30, 
2019-12-06 17:00:45.797,245819128, 383.0013090232622, 1470605, 21.022681660199446, 80269, 0, 0.0, 30, 
2019-12-06 17:00:46.822,264804184, 383.0013090232622, 1471612, 21.022681660199446, 80322, 0, 0.0, 30, 
2019-12-06 17:00:47.85,285713832, 383.0013090232622, 1472774, 21.022681660199446, 80376, 0, 0.0, 30, 
2019-12-06 17:00:48.872,309753752, 383.0013090232622, 1474002, 21.022681660199446, 80434, 0, 0.0, 30, 
2019-12-06 17:00:49.895,331920728, 383.0013090232622, 1475225, 21.022681660199446, 80499, 0, 0.0, 30, 
2019-12-06 17:00:50.918,354056944, 442.58410657776926, 1476403, 23.931251442273652, 80561, 0, 0.0, 30, 
2019-12-06 17:00:51.943,94670400, 442.58410657776926, 1477580, 23.931251442273652, 80617, 0, 0.0, 30, 
2019-12-06 17:00:52.966,117705728, 442.58410657776926, 1478801, 23.931251442273652, 80690, 0, 0.0, 30, 
2019-12-06 17:00:53.991,140106400, 442.58410657776926, 1480053, 23.931251442273652, 80738, 0, 0.0, 30, 
2019-12-06 17:00:55.014,162133912, 442.58410657776926, 1481295, 23.931251442273652, 80785, 0, 0.0, 30, 
2019-12-06 17:00:56.043,185792400, 501.78449275409633, 1482506, 26.28744248334795, 80840, 0, 0.0, 30, 
2019-12-06 17:00:57.07,207775608, 501.78449275409633, 1483695, 26.28744248334795, 80901, 0, 0.0, 30, 
2019-12-06 17:00:58.093,229420888, 501.78449275409633, 1484898, 26.28744248334795, 80963, 0, 0.0, 30, 
2019-12-06 17:00:59.116,252880040, 501.78449275409633, 1486118, 26.28744248334795, 81037, 0, 0.0, 30, 
2019-12-06 17:01:00.143,276136320, 501.78449275409633, 1487338, 26.28744248334795, 81112, 0, 0.0, 30, 
2019-12-06 17:01:01.167,298989088, 556.3474241019699, 1488601, 29.494665500306798, 81176, 0, 0.0, 30, 
2019-12-06 17:01:02.198,322483720, 556.3474241019699, 1489865, 29.494665500306798, 81232, 0, 0.0, 30, 
2019-12-06 17:01:03.229,343737008, 556.3474241019699, 1491003, 29.494665500306798, 81299, 0, 0.0, 30, 
2019-12-06 17:01:04.255,364260224, 556.3474241019699, 1492075, 29.494665500306798, 81354, 0, 0.0, 30, 
2019-12-06 17:01:05.279,101460312, 556.3474241019699, 1493173, 29.494665500306798, 81404, 0, 0.0, 30, 
2019-12-06 17:01:06.305,120343200, 599.2877771827267, 1494112, 31.581932801527092, 81458, 0, 0.0, 30, 
2019-12-06 17:01:07.329,139958920, 599.2877771827267, 1495217, 31.581932801527092, 81522, 0, 0.0, 30, 
2019-12-06 17:01:08.353,160817064, 599.2877771827267, 1496325, 31.581932801527092, 81593, 0, 0.0, 30, 
2019-12-06 17:01:09.376,184671928, 599.2877771827267, 1497637, 31.581932801527092, 81659, 0, 0.0, 30, 
2019-12-06 17:01:10.404,210016632, 599.2877771827267, 1499125, 31.581932801527092, 81724, 0, 0.0, 30, 
2019-12-06 17:01:11.431,234174824, 646.6304565632142, 1500454, 34.030018287299704, 81799, 0, 0.0, 30, 
2019-12-06 17:01:12.454,259452488, 646.6304565632142, 1501879, 34.030018287299704, 81886, 0, 0.0, 30, 
2019-12-06 17:01:13.494,285119288, 646.6304565632142, 1503365, 34.030018287299704, 81953, 0, 0.0, 30, 
2019-12-06 17:01:14.521,311166080, 646.6304565632142, 1504884, 34.030018287299704, 82017, 0, 0.0, 30, 
2019-12-06 17:01:15.546,337334048, 646.6304565632142, 1506383, 34.030018287299704, 82088, 0, 0.0, 30, 
2019-12-06 17:01:16.577,365809944, 710.064782823969, 1507926, 37.12989486994909, 82171, 0, 0.0, 30, 
2019-12-06 17:01:17.605,106489128, 710.064782823969, 1509427, 37.12989486994909, 82242, 0, 0.0, 30, 
2019-12-06 17:01:18.63,133306992, 710.064782823969, 1510918, 37.12989486994909, 82326, 0, 0.0, 30, 
2019-12-06 17:01:19.661,159585456, 710.064782823969, 1512400, 37.12989486994909, 82420, 0, 0.0, 30, 
2019-12-06 17:01:20.685,184943600, 710.064782823969, 1513851, 37.12989486994909, 82493, 0, 0.0, 30, 
2019-12-06 17:01:21.718,210766496, 769.3706563033246, 1515366, 40.47764363515408, 82575, 0, 0.0, 30, 
2019-12-06 17:01:22.749,235742552, 769.3706563033246, 1516764, 40.47764363515408, 82646, 0, 0.0, 30, 
2019-12-06 17:01:23.776,260009600, 769.3706563033246, 1518079, 40.47764363515408, 82706, 0, 0.0, 30, 
2019-12-06 17:01:24.8,286177960, 769.3706563033246, 1519554, 40.47764363515408, 82796, 0, 0.0, 30, 
2019-12-06 17:01:25.823,313575424, 820.2087636744454, 1521092, 43.31785443205112, 82887, 0, 0.0, 30, 
2019-12-06 17:01:26.848,337653136, 820.2087636744454, 1522563, 43.31785443205112, 82959, 0, 0.0, 30, 
2019-12-06 17:01:27.872,365770928, 820.2087636744454, 1524049, 43.31785443205112, 83032, 0, 0.0, 30, 
2019-12-06 17:01:28.897,103682648, 820.2087636744454, 1525386, 43.31785443205112, 83124, 0, 0.0, 30, 
2019-12-06 17:01:29.93,129436608, 820.2087636744454, 1526849, 43.31785443205112, 83228, 0, 0.0, 30, 
2019-12-06 17:01:30.954,156303736, 867.4138405725728, 1528315, 46.44269025847847, 83308, 0, 0.0, 30, 
2019-12-06 17:01:31.982,183151520, 867.4138405725728, 1529740, 46.44269025847847, 83388, 0, 0.0, 30, 
2019-12-06 17:01:33.009,207903792, 867.4138405725728, 1531175, 46.44269025847847, 83463, 0, 0.0, 30, 
2019-12-06 17:01:34.033,233779448, 867.4138405725728, 1532670, 46.44269025847847, 83541, 0, 0.0, 30, 
2019-12-06 17:01:35.062,258471176, 867.4138405725728, 1534028, 46.44269025847847, 83608, 0, 0.0, 30, 
2019-12-06 17:01:36.086,281800800, 907.9342246073498, 1535346, 48.678033324251146, 83684, 0, 0.0, 30, 
2019-12-06 17:01:37.11,307099616, 907.9342246073498, 1536822, 48.678033324251146, 83746, 0, 0.0, 30, 
2019-12-06 17:01:38.132,335496792, 907.9342246073498, 1538413, 48.678033324251146, 83834, 0, 0.0, 30, 
2019-12-06 17:01:39.156,357837840, 907.9342246073498, 1539657, 48.678033324251146, 83905, 0, 0.0, 30, 
2019-12-06 17:01:40.179,98460104, 907.9342246073498, 1541072, 48.678033324251146, 83968, 0, 0.0, 30, 
2019-12-06 17:01:41.203,124886312, 947.2616406026709, 1542554, 50.30288806569403, 84042, 0, 0.0, 30, 
2019-12-06 17:01:42.227,148485256, 947.2616406026709, 1543892, 50.30288806569403, 84118, 0, 0.0, 30, 
2019-12-06 17:01:43.25,174302496, 947.2616406026709, 1545301, 50.30288806569403, 84201, 0, 0.0, 30, 
2019-12-06 17:01:44.278,200243432, 947.2616406026709, 1546719, 50.30288806569403, 84283, 0, 0.0, 30, 
2019-12-06 17:01:45.301,225653608, 947.2616406026709, 1548202, 50.30288806569403, 84366, 0, 0.0, 30, 
2019-12-06 17:01:46.327,251806816, 982.9648765187461, 1549748, 52.45346239518208, 84435, 0, 0.0, 30, 
2019-12-06 17:01:47.352,282961096, 982.9648765187461, 1551227, 52.45346239518208, 84511, 0, 0.0, 30, 
2019-12-06 17:01:48.376,315800464, 982.9648765187461, 1552524, 52.45346239518208, 84590, 0, 0.0, 30, 
2019-12-06 17:01:49.398,350330152, 982.9648765187461, 1553964, 52.45346239518208, 84664, 0, 0.0, 30, 
2019-12-06 17:01:50.422,105184616, 982.9648765187461, 1555392, 52.45346239518208, 84735, 0, 0.0, 30, 
2019-12-06 17:01:51.443,142172696, 1015.589563668486, 1556913, 54.04829948549351, 84801, 0, 0.0, 30, 
2019-12-06 17:01:52.467,181272984, 1015.589563668486, 1558456, 54.04829948549351, 84865, 0, 0.0, 30, 
2019-12-06 17:01:53.49,218430952, 1015.589563668486, 1560048, 54.04829948549351, 84929, 0, 0.0, 30, 
2019-12-06 17:01:54.515,256868048, 1015.589563668486, 1561594, 54.04829948549351, 85001, 0, 0.0, 30, 
2019-12-06 17:01:55.536,295308080, 1015.589563668486, 1563178, 54.04829948549351, 85083, 0, 0.0, 30, 
2019-12-06 17:01:56.559,326777896, 1057.135320270085, 1564435, 55.13183363289898, 85132, 0, 0.0, 30, 
2019-12-06 17:01:57.59,362887736, 1057.135320270085, 1566001, 55.13183363289898, 85212, 0, 0.0, 30, 
2019-12-06 17:01:58.613,110380392, 1057.135320270085, 1567552, 55.13183363289898, 85293, 0, 0.0, 30, 
2019-12-06 17:01:59.644,146320672, 1057.135320270085, 1569195, 55.13183363289898, 85384, 0, 0.0, 30, 
2019-12-06 17:02:00.672,178174776, 1057.135320270085, 1570610, 55.13183363289898, 85470, 0, 0.0, 30, 
2019-12-06 17:02:01.694,205473032, 1087.7954632068693, 1571813, 56.7523867391708, 85522, 0, 0.0, 30, 
2019-12-06 17:02:02.726,228886304, 1087.7954632068693, 1572787, 56.7523867391708, 85578, 0, 0.0, 30, 
2019-12-06 17:02:03.751,249775096, 1087.7954632068693, 1573666, 56.7523867391708, 85633, 0, 0.0, 30, 
2019-12-06 17:02:04.776,268599816, 1087.7954632068693, 1574421, 56.7523867391708, 85670, 0, 0.0, 30, 
2019-12-06 17:02:05.801,286639744, 1071.7087621722396, 1575156, 55.98862006575331, 85711, 0, 0.0, 30, 
2019-12-06 17:02:06.825,306278936, 1071.7087621722396, 1575957, 55.98862006575331, 85745, 0, 0.0, 30, 
2019-12-06 17:02:07.849,324560432, 1071.7087621722396, 1576706, 55.98862006575331, 85796, 0, 0.0, 30, 
2019-12-06 17:02:08.878,345330648, 1071.7087621722396, 1577641, 55.98862006575331, 85841, 0, 0.0, 30, 
2019-12-06 17:02:09.901,367192136, 1071.7087621722396, 1578502, 55.98862006575331, 85888, 0, 0.0, 30, 
2019-12-06 17:02:10.923,105319392, 1050.9755783010125, 1579339, 55.03006293060937, 85938, 0, 0.0, 30, 
2019-12-06 17:02:11.95,127649984, 1050.9755783010125, 1580279, 55.03006293060937, 85990, 0, 0.0, 30, 
2019-12-06 17:02:12.973,147880944, 1050.9755783010125, 1581143, 55.03006293060937, 86034, 0, 0.0, 30, 
2019-12-06 17:02:14.0,168649184, 1050.9755783010125, 1581983, 55.03006293060937, 86080, 0, 0.0, 30, 
2019-12-06 17:02:15.025,188218224, 1050.9755783010125, 1582819, 55.03006293060937, 86134, 0, 0.0, 30, 
2019-12-06 17:02:16.049,208867296, 1034.5386626000397, 1583677, 54.35603231428085, 86177, 0, 0.0, 30, 
2019-12-06 17:02:17.074,228982552, 1034.5386626000397, 1584523, 54.35603231428085, 86234, 0, 0.0, 30, 
2019-12-06 17:02:18.099,251235864, 1034.5386626000397, 1585416, 54.35603231428085, 86282, 0, 0.0, 30, 
2019-12-06 17:02:19.128,272000944, 1034.5386626000397, 1586256, 54.35603231428085, 86319, 0, 0.0, 30, 
2019-12-06 17:02:20.152,292492128, 1034.5386626000397, 1587140, 54.35603231428085, 86362, 0, 0.0, 30, 
2019-12-06 17:02:21.178,312398752, 1018.2166363350664, 1587958, 53.59197415677143, 86403, 0, 0.0, 30, 
2019-12-06 17:02:22.201,333709880, 1018.2166363350664, 1588874, 53.59197415677143, 86444, 0, 0.0, 30, 
2019-12-06 17:02:23.234,355902848, 1018.2166363350664, 1589841, 53.59197415677143, 86498, 0, 0.0, 30, 
2019-12-06 17:02:24.258,94672048, 1018.2166363350664, 1590796, 53.59197415677143, 86549, 0, 0.0, 30, 
2019-12-06 17:02:25.281,116940704, 1018.2166363350664, 1591713, 53.59197415677143, 86591, 0, 0.0, 30, 
2019-12-06 17:02:26.304,137257456, 1009.5321295959023, 1592575, 52.92098895065117, 86635, 0, 0.0, 30, 
2019-12-06 17:02:27.328,156507536, 1009.5321295959023, 1593362, 52.92098895065117, 86685, 0, 0.0, 30, 
2019-12-06 17:02:28.361,177228592, 1009.5321295959023, 1594238, 52.92098895065117, 86727, 0, 0.0, 30, 
2019-12-06 17:02:29.384,199507064, 1009.5321295959023, 1595114, 52.92098895065117, 86771, 0, 0.0, 30, 
2019-12-06 17:02:30.409,222195608, 1009.5321295959023, 1596080, 52.92098895065117, 86817, 0, 0.0, 30, 
2019-12-06 17:02:31.435,242291728, 996.7126803203347, 1596921, 52.20770605701652, 86868, 0, 0.0, 30, 
2019-12-06 17:02:32.466,265043072, 996.7126803203347, 1597845, 52.20770605701652, 86914, 0, 0.0, 30, 
2019-12-06 17:02:33.49,287392432, 996.7126803203347, 1598813, 52.20770605701652, 86965, 0, 0.0, 30, 
2019-12-06 17:02:34.514,306641240, 996.7126803203347, 1599611, 52.20770605701652, 87008, 0, 0.0, 30, 
2019-12-06 17:02:35.545,327335808, 996.7126803203347, 1600493, 52.20770605701652, 87047, 0, 0.0, 30, 
2019-12-06 17:02:36.568,346226640, 985.5898445328385, 1601252, 51.56744523175145, 87084, 0, 0.0, 30, 
2019-12-06 17:02:37.593,365248136, 985.5898445328385, 1602059, 51.56744523175145, 87121, 0, 0.0, 30, 
2019-12-06 17:02:38.615,103517960, 985.5898445328385, 1602892, 51.56744523175145, 87165, 0, 0.0, 30, 
2019-12-06 17:02:39.643,124045488, 985.5898445328385, 1603758, 51.56744523175145, 87207, 0, 0.0, 30, 
2019-12-06 17:02:40.668,142433464, 985.5898445328385, 1604530, 51.56744523175145, 87252, 0, 0.0, 30, 
2019-12-06 17:02:41.69,163008064, 970.0632818401747, 1605379, 50.70652784530006, 87310, 0, 0.0, 30, 
2019-12-06 17:02:42.714,184037544, 970.0632818401747, 1606238, 50.70652784530006, 87347, 0, 0.0, 30, 
2019-12-06 17:02:43.737,206374720, 970.0632818401747, 1607160, 50.70652784530006, 87392, 0, 0.0, 30, 
2019-12-06 17:02:44.766,227482576, 970.0632818401747, 1608073, 50.70652784530006, 87442, 0, 0.0, 30, 
2019-12-06 17:02:45.791,248717136, 962.0786546836066, 1608994, 50.47413471003292, 87498, 0, 0.0, 30, 
2019-12-06 17:02:46.813,274251552, 962.0786546836066, 1609991, 50.47413471003292, 87544, 0, 0.0, 30, 
2019-12-06 17:02:47.837,296959728, 962.0786546836066, 1610968, 50.47413471003292, 87588, 0, 0.0, 30, 
2019-12-06 17:02:48.863,318630056, 962.0786546836066, 1611922, 50.47413471003292, 87640, 0, 0.0, 30, 
2019-12-06 17:02:49.897,339602632, 962.0786546836066, 1612759, 50.47413471003292, 87683, 0, 0.0, 30, 
2019-12-06 17:02:50.921,358966808, 956.9232261044651, 1613617, 49.940500362449484, 87726, 0, 0.0, 30, 
2019-12-06 17:02:51.958,99539512, 956.9232261044651, 1614545, 49.940500362449484, 87778, 0, 0.0, 30, 
2019-12-06 17:02:52.982,122592808, 956.9232261044651, 1615530, 49.940500362449484, 87832, 0, 0.0, 30, 
2019-12-06 17:02:54.005,144370728, 956.9232261044651, 1616500, 49.940500362449484, 87889, 0, 0.0, 30, 
2019-12-06 17:02:55.031,169343832, 956.9232261044651, 1617536, 49.940500362449484, 87934, 0, 0.0, 30, 
2019-12-06 17:02:56.053,191959424, 956.5615689135187, 1618486, 50.05719551031813, 87980, 0, 0.0, 30, 
2019-12-06 17:02:57.076,213687144, 956.5615689135187, 1619413, 50.05719551031813, 88021, 0, 0.0, 30, 
2019-12-06 17:02:58.1,235008808, 956.5615689135187, 1620330, 50.05719551031813, 88061, 0, 0.0, 30, 
2019-12-06 17:02:59.125,256000152, 956.5615689135187, 1621188, 50.05719551031813, 88101, 0, 0.0, 30, 
2019-12-06 17:03:00.15,275477200, 956.5615689135187, 1622017, 50.05719551031813, 88145, 0, 0.0, 30, 
2019-12-06 17:03:01.175,296633848, 949.3206656589515, 1622917, 49.17311097073262, 88188, 0, 0.0, 30, 
2019-12-06 17:03:02.209,319208472, 949.3206656589515, 1623797, 49.17311097073262, 88248, 0, 0.0, 30, 
2019-12-06 17:03:03.236,340683752, 949.3206656589515, 1624687, 49.17311097073262, 88303, 0, 0.0, 30, 
2019-12-06 17:03:04.26,361286480, 949.3206656589515, 1625555, 49.17311097073262, 88340, 0, 0.0, 30, 
2019-12-06 17:03:05.283,100415504, 949.3206656589515, 1626479, 49.17311097073262, 88390, 0, 0.0, 30, 
2019-12-06 17:03:06.313,124317376, 943.3623222139776, 1627451, 49.159269781733606, 88443, 0, 0.0, 30, 
2019-12-06 17:03:07.335,146923056, 943.3623222139776, 1628427, 49.159269781733606, 88504, 0, 0.0, 30, 
2019-12-06 17:03:08.358,172703720, 943.3623222139776, 1629512, 49.159269781733606, 88565, 0, 0.0, 30, 
2019-12-06 17:03:09.393,196404560, 943.3623222139776, 1630564, 49.159269781733606, 88620, 0, 0.0, 30, 
2019-12-06 17:03:10.416,220611280, 943.3623222139776, 1631593, 49.159269781733606, 88675, 0, 0.0, 30, 
2019-12-06 17:03:11.448,244258240, 947.2671673295034, 1632543, 49.642259902401435, 88715, 0, 0.0, 30, 
2019-12-06 17:03:12.472,263287816, 947.2671673295034, 1633436, 49.642259902401435, 88772, 0, 0.0, 30, 
2019-12-06 17:03:13.524,288376224, 947.2671673295034, 1634432, 49.642259902401435, 88820, 0, 0.0, 30, 
2019-12-06 17:03:14.546,311849192, 947.2671673295034, 1635393, 49.642259902401435, 88868, 0, 0.0, 30, 
2019-12-06 17:03:15.569,332084600, 947.2671673295034, 1636233, 49.642259902401435, 88914, 0, 0.0, 30, 
2019-12-06 17:03:16.595,353961952, 943.7277600529712, 1637153, 49.383023113981054, 88967, 0, 0.0, 30, 
2019-12-06 17:03:17.618,372683272, 943.7277600529712, 1637932, 49.383023113981054, 89002, 0, 0.0, 30, 
2019-12-06 17:03:18.641,108930656, 943.7277600529712, 1638687, 49.383023113981054, 89035, 0, 0.0, 30, 
2019-12-06 17:03:19.663,127828592, 943.7277600529712, 1639439, 49.383023113981054, 89066, 0, 0.0, 30, 
2019-12-06 17:03:20.685,148756816, 943.7277600529712, 1640289, 49.383023113981054, 89118, 0, 0.0, 30, 
2019-12-06 17:03:21.708,171033512, 931.5483048297319, 1641172, 48.64878912543024, 89157, 0, 0.0, 30, 
2019-12-06 17:03:22.736,196623528, 931.5483048297319, 1642248, 48.64878912543024, 89217, 0, 0.0, 30, 
2019-12-06 17:03:23.76,223833344, 931.5483048297319, 1643387, 48.64878912543024, 89278, 0, 0.0, 30, 
2019-12-06 17:03:24.796,250257464, 931.5483048297319, 1644501, 48.64878912543024, 89338, 0, 0.0, 30, 
2019-12-06 17:03:25.819,277132336, 940.9712061039974, 1645678, 49.15660390871908, 89402, 0, 0.0, 30, 
2019-12-06 17:03:26.847,303504192, 940.9712061039974, 1646802, 49.15660390871908, 89456, 0, 0.0, 30, 
2019-12-06 17:03:27.87,333768232, 940.9712061039974, 1648009, 49.15660390871908, 89515, 0, 0.0, 30, 
2019-12-06 17:03:28.938,359081256, 940.9712061039974, 1649096, 49.15660390871908, 89561, 0, 0.0, 30, 
2019-12-06 17:03:29.965,103087024, 940.9712061039974, 1650220, 49.15660390871908, 89619, 0, 0.0, 30, 
2019-12-06 17:03:30.988,130504152, 954.1341976888207, 1651392, 49.55985159545363, 89690, 0, 0.0, 30, 
2019-12-06 17:03:32.011,160566944, 954.1341976888207, 1652630, 49.55985159545363, 89749, 0, 0.0, 30, 
2019-12-06 17:03:33.038,192388752, 954.1341976888207, 1653969, 49.55985159545363, 89813, 0, 0.0, 30, 
2019-12-06 17:03:34.061,222058160, 954.1341976888207, 1655279, 49.55985159545363, 89875, 0, 0.0, 30, 
2019-12-06 17:03:35.084,253402584, 954.1341976888207, 1656617, 49.55985159545363, 89936, 0, 0.0, 30, 
2019-12-06 17:03:36.107,282387096, 978.6858236599276, 1657878, 50.53851982616309, 89999, 0, 0.0, 30, 
2019-12-06 17:03:37.129,313293448, 978.6858236599276, 1659202, 50.53851982616309, 90061, 0, 0.0, 30, 
2019-12-06 17:03:38.153,344115608, 978.6858236599276, 1660512, 50.53851982616309, 90122, 0, 0.0, 30, 
2019-12-06 17:03:39.175,375185792, 978.6858236599276, 1661836, 50.53851982616309, 90209, 0, 0.0, 30, 
2019-12-06 17:03:40.2,120615464, 978.6858236599276, 1663163, 50.53851982616309, 90284, 0, 0.0, 30, 
2019-12-06 17:03:41.225,152782408, 1003.7210509170554, 1664558, 52.078582748567904, 90367, 0, 0.0, 30, 
2019-12-06 17:03:42.247,184819344, 1003.7210509170554, 1665967, 52.078582748567904, 90451, 0, 0.0, 30, 
2019-12-06 17:03:43.273,215041184, 1003.7210509170554, 1667271, 52.078582748567904, 90506, 0, 0.0, 30, 
2019-12-06 17:03:44.296,246541584, 1003.7210509170554, 1668656, 52.078582748567904, 90575, 0, 0.0, 30, 
2019-12-06 17:03:45.319,280654120, 1003.7210509170554, 1670032, 52.078582748567904, 90647, 0, 0.0, 30, 
2019-12-06 17:03:46.341,312514504, 1031.0082090656717, 1671429, 53.63942909217139, 90725, 0, 0.0, 30, 
2019-12-06 17:03:47.363,342436352, 1031.0082090656717, 1672770, 53.63942909217139, 90788, 0, 0.0, 30, 
2019-12-06 17:03:48.385,374346880, 1031.0082090656717, 1674131, 53.63942909217139, 90861, 0, 0.0, 30, 
2019-12-06 17:03:49.408,122375696, 1031.0082090656717, 1675525, 53.63942909217139, 90914, 0, 0.0, 30, 
2019-12-06 17:03:50.434,153918128, 1031.0082090656717, 1676883, 53.63942909217139, 90983, 0, 0.0, 30, 
2019-12-06 17:03:51.459,184422520, 1055.7777930528562, 1678203, 54.43583236973296, 91057, 0, 0.0, 30, 
2019-12-06 17:03:52.489,215112056, 1055.7777930528562, 1679508, 54.43583236973296, 91128, 0, 0.0, 30, 
2019-12-06 17:03:53.514,247412368, 1055.7777930528562, 1680882, 54.43583236973296, 91190, 0, 0.0, 30, 
2019-12-06 17:03:54.54,279227672, 1055.7777930528562, 1682287, 54.43583236973296, 91271, 0, 0.0, 30, 
2019-12-06 17:03:55.572,311964264, 1055.7777930528562, 1683722, 54.43583236973296, 91355, 0, 0.0, 30, 
2019-12-06 17:03:56.6,340831400, 1077.4795144919162, 1684983, 56.032079079049275, 91436, 0, 0.0, 30, 
2019-12-06 17:03:57.636,372718400, 1077.4795144919162, 1686303, 56.032079079049275, 91495, 0, 0.0, 30, 
2019-12-06 17:03:58.661,122840792, 1077.4795144919162, 1687763, 56.032079079049275, 91582, 0, 0.0, 30, 
2019-12-06 17:03:59.682,154421944, 1077.4795144919162, 1689167, 56.032079079049275, 91644, 0, 0.0, 30, 
2019-12-06 17:04:00.706,187746296, 1077.4795144919162, 1690589, 56.032079079049275, 91719, 0, 0.0, 30, 
2019-12-06 17:04:01.729,219938424, 1098.5494491678799, 1691970, 57.11691013854694, 91790, 0, 0.0, 30, 
2019-12-06 17:04:02.751,253267264, 1098.5494491678799, 1693454, 57.11691013854694, 91875, 0, 0.0, 30, 
2019-12-06 17:04:03.777,288917840, 1098.5494491678799, 1694970, 57.11691013854694, 91959, 0, 0.0, 30, 
2019-12-06 17:04:04.801,316640560, 1098.5494491678799, 1696227, 57.11691013854694, 92027, 0, 0.0, 30, 
2019-12-06 17:04:05.823,346513816, 1118.510405097774, 1697495, 58.51478082250757, 92097, 0, 0.0, 30, 
2019-12-06 17:04:06.848,378055344, 1118.510405097774, 1698848, 58.51478082250757, 92152, 0, 0.0, 30, 
2019-12-06 17:04:07.87,127711296, 1118.510405097774, 1700317, 58.51478082250757, 92231, 0, 0.0, 30, 
2019-12-06 17:04:08.891,160318000, 1118.510405097774, 1701684, 58.51478082250757, 92302, 0, 0.0, 30, 
2019-12-06 17:04:09.913,191969704, 1118.510405097774, 1703024, 58.51478082250757, 92368, 0, 0.0, 30, 
2019-12-06 17:04:10.94,221571280, 1136.4755931848815, 1704380, 59.24119484006487, 92442, 0, 0.0, 30, 
2019-12-06 17:04:11.973,254329448, 1136.4755931848815, 1705887, 59.24119484006487, 92526, 0, 0.0, 30, 
2019-12-06 17:04:13.003,292890360, 1136.4755931848815, 1707572, 59.24119484006487, 92620, 0, 0.0, 30, 
2019-12-06 17:04:14.025,330555992, 1136.4755931848815, 1709258, 59.24119484006487, 92699, 0, 0.0, 30, 
2019-12-06 17:04:15.047,370388912, 1136.4755931848815, 1711050, 59.24119484006487, 92798, 0, 0.0, 30, 
2019-12-06 17:04:16.073,125567072, 1174.5124166069024, 1712778, 61.0289061948164, 92863, 0, 0.0, 30, 
2019-12-06 17:04:17.096,163433160, 1174.5124166069024, 1714515, 61.0289061948164, 92960, 0, 0.0, 30, 
2019-12-06 17:04:18.118,200617632, 1174.5124166069024, 1716182, 61.0289061948164, 93045, 0, 0.0, 30, 
2019-12-06 17:04:19.139,241344768, 1174.5124166069024, 1717988, 61.0289061948164, 93127, 0, 0.0, 30, 
2019-12-06 17:04:20.159,281301440, 1174.5124166069024, 1719777, 61.0289061948164, 93217, 0, 0.0, 30, 
2019-12-06 17:04:21.189,317560624, 1217.0717819226404, 1721402, 63.12143131980074, 93314, 0, 0.0, 30, 
2019-12-06 17:04:22.212,356085776, 1217.0717819226404, 1723049, 63.12143131980074, 93418, 0, 0.0, 30, 
2019-12-06 17:04:23.234,107571024, 1217.0717819226404, 1724577, 63.12143131980074, 93500, 0, 0.0, 30, 
2019-12-06 17:04:24.255,141929888, 1217.0717819226404, 1726102, 63.12143131980074, 93589, 0, 0.0, 30, 
2019-12-06 17:04:25.278,175474368, 1217.0717819226404, 1727627, 63.12143131980074, 93677, 0, 0.0, 30, 
2019-12-06 17:04:26.305,209091248, 1241.116682636496, 1729066, 65.1266029588848, 93764, 0, 0.0, 30, 
2019-12-06 17:04:27.334,239201336, 1241.116682636496, 1730403, 65.1266029588848, 93833, 0, 0.0, 30, 
2019-12-06 17:04:28.368,241680520, 1241.116682636496, 1730515, 65.1266029588848, 93839, 0, 0.0, 30, 
2019-12-06 17:04:29.407,242527272, 1241.116682636496, 1730515, 65.1266029588848, 93839, 0, 0.0, 30, 
2019-12-06 17:04:30.457,243643992, 1241.116682636496, 1730515, 65.1266029588848, 93839, 0, 0.0, 30, 
