Timestamp, MemoryUsed, ReadLatency1, ReadCount, WriteLatency1, WriteCount, PendingTasks, WaitingOnCommit1, SRDelay, 
2019-12-06 17:00:07.207,366106304, 50.03668216295757, 1397049, 4.810105145336169, 76443, 0, 0.0, 30, 
2019-12-06 17:00:08.296,87774800, 50.03668216295757, 1397298, 4.810105145336169, 76458, 0, 0.0, 30, 
2019-12-06 17:00:09.377,95219600, 50.03668216295757, 1397599, 4.810105145336169, 76472, 0, 0.0, 30, 
2019-12-06 17:00:10.751,106508848, 50.03668216295757, 1398013, 4.810105145336169, 76495, 0, 0.0, 30, 
2019-12-06 17:00:11.795,117511904, 65.68905283472414, 1398533, 5.480924099639244, 76515, 0, 0.0, 30, 
2019-12-06 17:00:12.833,130558520, 65.68905283472414, 1399164, 5.480924099639244, 76552, 0, 0.0, 30, 
2019-12-06 17:00:13.869,145041824, 65.68905283472414, 1399812, 5.480924099639244, 76585, 0, 0.0, 30, 
2019-12-06 17:00:14.901,159013616, 65.68905283472414, 1400492, 5.480924099639244, 76615, 0, 0.0, 30, 
2019-12-06 17:00:15.933,174909752, 65.68905283472414, 1401195, 5.480924099639244, 76650, 0, 0.0, 30, 
2019-12-06 17:00:16.971,189208976, 110.2331847317359, 1401888, 7.473343400148911, 76680, 0, 0.0, 30, 
2019-12-06 17:00:18.001,204733936, 110.2331847317359, 1402569, 7.473343400148911, 76721, 0, 0.0, 30, 
2019-12-06 17:00:19.034,217958856, 110.2331847317359, 1403268, 7.473343400148911, 76759, 0, 0.0, 30, 
2019-12-06 17:00:20.061,232337784, 110.2331847317359, 1403938, 7.473343400148911, 76790, 0, 0.0, 30, 
2019-12-06 17:00:21.09,247036568, 154.5259257224395, 1404611, 9.59429775651693, 76825, 0, 0.0, 30, 
2019-12-06 17:00:22.124,260757088, 154.5259257224395, 1405298, 9.59429775651693, 76868, 0, 0.0, 30, 
2019-12-06 17:00:23.153,275537416, 154.5259257224395, 1405990, 9.59429775651693, 76900, 0, 0.0, 30, 
2019-12-06 17:00:24.189,289204704, 154.5259257224395, 1406677, 9.59429775651693, 76934, 0, 0.0, 30, 
2019-12-06 17:00:25.218,303873672, 154.5259257224395, 1407354, 9.59429775651693, 76960, 0, 0.0, 30, 
2019-12-06 17:00:26.248,320866160, 196.44456622597147, 1408167, 11.593643316999463, 77001, 0, 0.0, 30, 
2019-12-06 17:00:27.274,336602720, 196.44456622597147, 1408975, 11.593643316999463, 77047, 0, 0.0, 30, 
2019-12-06 17:00:28.305,352949848, 196.44456622597147, 1409751, 11.593643316999463, 77088, 0, 0.0, 30, 
2019-12-06 17:00:29.357,88005872, 196.44456622597147, 1410593, 11.593643316999463, 77134, 0, 0.0, 30, 
2019-12-06 17:00:30.383,103260744, 196.44456622597147, 1411355, 11.593643316999463, 77182, 0, 0.0, 30, 
2019-12-06 17:00:31.408,120019368, 242.41546449542525, 1412130, 14.0887658328749, 77229, 0, 0.0, 30, 
2019-12-06 17:00:32.434,135913160, 242.41546449542525, 1412903, 14.0887658328749, 77266, 0, 0.0, 30, 
2019-12-06 17:00:33.467,150735576, 242.41546449542525, 1413694, 14.0887658328749, 77313, 0, 0.0, 30, 
2019-12-06 17:00:34.496,168046800, 242.41546449542525, 1414480, 14.0887658328749, 77357, 0, 0.0, 30, 
2019-12-06 17:00:35.521,183906024, 242.41546449542525, 1415290, 14.0887658328749, 77397, 0, 0.0, 30, 
2019-12-06 17:00:36.548,199947696, 285.55826188865825, 1416157, 16.28844266497715, 77450, 0, 0.0, 30, 
2019-12-06 17:00:37.578,218084680, 285.55826188865825, 1417049, 16.28844266497715, 77493, 0, 0.0, 30, 
2019-12-06 17:00:38.604,235603160, 285.55826188865825, 1417954, 16.28844266497715, 77542, 0, 0.0, 30, 
2019-12-06 17:00:39.633,254249344, 285.55826188865825, 1418858, 16.28844266497715, 77583, 0, 0.0, 30, 
2019-12-06 17:00:40.66,271563056, 285.55826188865825, 1419682, 16.28844266497715, 77625, 0, 0.0, 30, 
2019-12-06 17:00:41.685,291682336, 330.5286202962514, 1420593, 18.58409203860265, 77685, 0, 0.0, 30, 
2019-12-06 17:00:42.712,308320680, 330.5286202962514, 1421530, 18.58409203860265, 77738, 0, 0.0, 30, 
2019-12-06 17:00:43.738,326274608, 330.5286202962514, 1422421, 18.58409203860265, 77793, 0, 0.0, 30, 
2019-12-06 17:00:44.765,344486600, 330.5286202962514, 1423372, 18.58409203860265, 77845, 0, 0.0, 30, 
2019-12-06 17:00:45.802,363660848, 330.5286202962514, 1424329, 18.58409203860265, 77891, 0, 0.0, 30, 
2019-12-06 17:00:46.828,102160760, 377.2283893587234, 1425388, 21.239889403274695, 77935, 0, 0.0, 30, 
2019-12-06 17:00:47.855,124316216, 377.2283893587234, 1426519, 21.239889403274695, 77992, 0, 0.0, 30, 
2019-12-06 17:00:48.878,143904200, 377.2283893587234, 1427612, 21.239889403274695, 78048, 0, 0.0, 30, 
2019-12-06 17:00:49.9,165879032, 377.2283893587234, 1428741, 21.239889403274695, 78111, 0, 0.0, 30, 
2019-12-06 17:00:50.925,187239232, 377.2283893587234, 1429856, 21.239889403274695, 78173, 0, 0.0, 30, 
2019-12-06 17:00:51.949,209612456, 433.179038113328, 1431018, 23.955189925288785, 78239, 0, 0.0, 30, 
2019-12-06 17:00:52.972,231937336, 433.179038113328, 1432176, 23.955189925288785, 78295, 0, 0.0, 30, 
2019-12-06 17:00:53.996,254247352, 433.179038113328, 1433411, 23.955189925288785, 78358, 0, 0.0, 30, 
2019-12-06 17:00:55.025,277790936, 433.179038113328, 1434675, 23.955189925288785, 78419, 0, 0.0, 30, 
2019-12-06 17:00:56.048,300110400, 492.8915452880686, 1435885, 26.853164931461322, 78481, 0, 0.0, 30, 
2019-12-06 17:00:57.075,324051128, 492.8915452880686, 1437131, 26.853164931461322, 78545, 0, 0.0, 30, 
2019-12-06 17:00:58.098,344662176, 492.8915452880686, 1438295, 26.853164931461322, 78602, 0, 0.0, 30, 
2019-12-06 17:00:59.122,368118744, 492.8915452880686, 1439476, 26.853164931461322, 78659, 0, 0.0, 30, 
2019-12-06 17:01:00.149,108989176, 492.8915452880686, 1440678, 26.853164931461322, 78723, 0, 0.0, 30, 
2019-12-06 17:01:01.172,130251592, 546.278565641511, 1441838, 29.359519478884387, 78787, 0, 0.0, 30, 
2019-12-06 17:01:02.204,152097816, 546.278565641511, 1443010, 29.359519478884387, 78849, 0, 0.0, 30, 
2019-12-06 17:01:03.236,173511752, 546.278565641511, 1444096, 29.359519478884387, 78925, 0, 0.0, 30, 
2019-12-06 17:01:04.261,192539768, 546.278565641511, 1445086, 29.359519478884387, 78970, 0, 0.0, 30, 
2019-12-06 17:01:05.284,212264288, 546.278565641511, 1446138, 29.359519478884387, 79033, 0, 0.0, 30, 
2019-12-06 17:01:06.311,230445888, 584.7149293258753, 1447087, 31.649485864247655, 79077, 0, 0.0, 30, 
2019-12-06 17:01:07.336,249995264, 584.7149293258753, 1448139, 31.649485864247655, 79135, 0, 0.0, 30, 
2019-12-06 17:01:08.359,271209632, 584.7149293258753, 1449278, 31.649485864247655, 79185, 0, 0.0, 30, 
2019-12-06 17:01:09.381,294064544, 584.7149293258753, 1450552, 31.649485864247655, 79270, 0, 0.0, 30, 
2019-12-06 17:01:10.409,319561800, 584.7149293258753, 1451970, 31.649485864247655, 79336, 0, 0.0, 30, 
2019-12-06 17:01:11.436,343910712, 632.6471090726064, 1453288, 34.25208127608822, 79418, 0, 0.0, 30, 
2019-12-06 17:01:12.464,369166096, 632.6471090726064, 1454745, 34.25208127608822, 79490, 0, 0.0, 30, 
2019-12-06 17:01:13.502,110858512, 632.6471090726064, 1456192, 34.25208127608822, 79564, 0, 0.0, 30, 
2019-12-06 17:01:14.526,136048120, 632.6471090726064, 1457621, 34.25208127608822, 79639, 0, 0.0, 30, 
2019-12-06 17:01:15.552,160724000, 632.6471090726064, 1459044, 34.25208127608822, 79724, 0, 0.0, 30, 
2019-12-06 17:01:16.584,187394472, 693.3616139696219, 1460454, 37.350193799554, 79781, 0, 0.0, 30, 
2019-12-06 17:01:17.611,213046608, 693.3616139696219, 1461855, 37.350193799554, 79875, 0, 0.0, 30, 
2019-12-06 17:01:18.635,239748520, 693.3616139696219, 1463286, 37.350193799554, 79945, 0, 0.0, 30, 
2019-12-06 17:01:19.667,264825864, 693.3616139696219, 1464795, 37.350193799554, 80027, 0, 0.0, 30, 
2019-12-06 17:01:20.694,290686968, 693.3616139696219, 1466186, 37.350193799554, 80097, 0, 0.0, 30, 
2019-12-06 17:01:21.725,315316000, 749.4775129602917, 1467584, 40.312532742180785, 80169, 0, 0.0, 30, 
2019-12-06 17:01:22.758,339287984, 749.4775129602917, 1468915, 40.312532742180785, 80241, 0, 0.0, 30, 
2019-12-06 17:01:23.781,361475384, 749.4775129602917, 1470154, 40.312532742180785, 80312, 0, 0.0, 30, 
2019-12-06 17:01:24.806,102607816, 749.4775129602917, 1471576, 40.312532742180785, 80399, 0, 0.0, 30, 
2019-12-06 17:01:25.83,127806048, 749.4775129602917, 1473023, 40.312532742180785, 80478, 0, 0.0, 30, 
2019-12-06 17:01:26.853,153381512, 795.3338391347979, 1474473, 43.101980608880034, 80569, 0, 0.0, 30, 
2019-12-06 17:01:27.877,179844120, 795.3338391347979, 1475939, 43.101980608880034, 80650, 0, 0.0, 30, 
2019-12-06 17:01:28.902,204515176, 795.3338391347979, 1477280, 43.101980608880034, 80722, 0, 0.0, 30, 
2019-12-06 17:01:29.936,229720408, 795.3338391347979, 1478744, 43.101980608880034, 80790, 0, 0.0, 30, 
2019-12-06 17:01:30.96,256108144, 842.9127023610565, 1480146, 45.66839653853636, 80868, 0, 0.0, 30, 
2019-12-06 17:01:31.988,280415520, 842.9127023610565, 1481498, 45.66839653853636, 80946, 0, 0.0, 30, 
2019-12-06 17:01:33.015,305772296, 842.9127023610565, 1482962, 45.66839653853636, 81032, 0, 0.0, 30, 
2019-12-06 17:01:34.039,332094952, 842.9127023610565, 1484417, 45.66839653853636, 81108, 0, 0.0, 30, 
2019-12-06 17:01:35.067,355499256, 842.9127023610565, 1485730, 45.66839653853636, 81170, 0, 0.0, 30, 
2019-12-06 17:01:36.093,93832288, 882.0179635411406, 1486974, 48.1255598826772, 81262, 0, 0.0, 30, 
2019-12-06 17:01:37.116,119932616, 882.0179635411406, 1488429, 48.1255598826772, 81342, 0, 0.0, 30, 
2019-12-06 17:01:38.138,146894064, 882.0179635411406, 1489900, 48.1255598826772, 81427, 0, 0.0, 30, 
2019-12-06 17:01:39.162,168447312, 882.0179635411406, 1491035, 48.1255598826772, 81484, 0, 0.0, 30, 
2019-12-06 17:01:40.184,192668944, 882.0179635411406, 1492358, 48.1255598826772, 81555, 0, 0.0, 30, 
2019-12-06 17:01:41.209,217102376, 917.2129759358653, 1493742, 49.97049024935838, 81626, 0, 0.0, 30, 
2019-12-06 17:01:42.232,239402232, 917.2129759358653, 1494993, 49.97049024935838, 81686, 0, 0.0, 30, 
2019-12-06 17:01:43.255,264282992, 917.2129759358653, 1496386, 49.97049024935838, 81761, 0, 0.0, 30, 
2019-12-06 17:01:44.284,289656264, 917.2129759358653, 1497804, 49.97049024935838, 81841, 0, 0.0, 30, 
2019-12-06 17:01:45.306,316213496, 917.2129759358653, 1499230, 49.97049024935838, 81915, 0, 0.0, 30, 
2019-12-06 17:01:46.333,340662296, 950.6493642393344, 1500617, 51.539979192010335, 81981, 0, 0.0, 30, 
2019-12-06 17:01:47.358,368541416, 950.6493642393344, 1502131, 51.539979192010335, 82055, 0, 0.0, 30, 
2019-12-06 17:01:48.381,105725400, 950.6493642393344, 1503368, 51.539979192010335, 82109, 0, 0.0, 30, 
2019-12-06 17:01:49.404,129972176, 950.6493642393344, 1504732, 51.539979192010335, 82164, 0, 0.0, 30, 
2019-12-06 17:01:50.427,155088328, 950.6493642393344, 1506195, 51.539979192010335, 82238, 0, 0.0, 30, 
2019-12-06 17:01:51.449,180390688, 983.0114382507321, 1507583, 52.63217415188877, 82314, 0, 0.0, 30, 
2019-12-06 17:01:52.473,208599928, 983.0114382507321, 1509157, 52.63217415188877, 82399, 0, 0.0, 30, 
2019-12-06 17:01:53.495,235001304, 983.0114382507321, 1510591, 52.63217415188877, 82465, 0, 0.0, 30, 
2019-12-06 17:01:54.521,261443352, 983.0114382507321, 1512084, 52.63217415188877, 82552, 0, 0.0, 30, 
2019-12-06 17:01:55.541,287453440, 983.0114382507321, 1513630, 52.63217415188877, 82621, 0, 0.0, 30, 
2019-12-06 17:01:56.565,310631984, 1022.5405651059617, 1514858, 54.34065117567318, 82685, 0, 0.0, 30, 
2019-12-06 17:01:57.596,337421336, 1022.5405651059617, 1516399, 54.34065117567318, 82781, 0, 0.0, 30, 
2019-12-06 17:01:58.618,365055592, 1022.5405651059617, 1517943, 54.34065117567318, 82852, 0, 0.0, 30, 
2019-12-06 17:01:59.649,109419992, 1022.5405651059617, 1519498, 54.34065117567318, 82934, 0, 0.0, 30, 
2019-12-06 17:02:00.677,136513728, 1022.5405651059617, 1520939, 54.34065117567318, 83011, 0, 0.0, 30, 
2019-12-06 17:02:01.702,155906400, 1053.5201110303062, 1522044, 56.168383792114724, 83078, 0, 0.0, 30, 
2019-12-06 17:02:02.731,174002080, 1053.5201110303062, 1523006, 56.168383792114724, 83119, 0, 0.0, 30, 
2019-12-06 17:02:03.757,191335064, 1053.5201110303062, 1523852, 56.168383792114724, 83162, 0, 0.0, 30, 
2019-12-06 17:02:04.781,204791632, 1053.5201110303062, 1524611, 56.168383792114724, 83203, 0, 0.0, 30, 
2019-12-06 17:02:05.807,220025040, 1053.5201110303062, 1525333, 56.168383792114724, 83249, 0, 0.0, 30, 
2019-12-06 17:02:06.83,235216224, 1035.3445984863506, 1526115, 55.19545354300113, 83298, 0, 0.0, 30, 
2019-12-06 17:02:07.854,250693520, 1035.3445984863506, 1526948, 55.19545354300113, 83337, 0, 0.0, 30, 
2019-12-06 17:02:08.885,267307216, 1035.3445984863506, 1527788, 55.19545354300113, 83377, 0, 0.0, 30, 
2019-12-06 17:02:09.907,284325352, 1035.3445984863506, 1528679, 55.19545354300113, 83421, 0, 0.0, 30, 
2019-12-06 17:02:10.929,300987456, 1035.3445984863506, 1529507, 55.19545354300113, 83451, 0, 0.0, 30, 
2019-12-06 17:02:11.955,317627096, 1017.8707371847751, 1530395, 53.964501042923416, 83495, 0, 0.0, 30, 
2019-12-06 17:02:12.979,335569152, 1017.8707371847751, 1531268, 53.964501042923416, 83552, 0, 0.0, 30, 
2019-12-06 17:02:14.008,351330216, 1017.8707371847751, 1532105, 53.964501042923416, 83596, 0, 0.0, 30, 
2019-12-06 17:02:15.031,367285464, 1017.8707371847751, 1532931, 53.964501042923416, 83636, 0, 0.0, 30, 
2019-12-06 17:02:16.056,99733712, 1003.1212714094062, 1533776, 53.167783529109755, 83674, 0, 0.0, 30, 
2019-12-06 17:02:17.08,114890072, 1003.1212714094062, 1534595, 53.167783529109755, 83725, 0, 0.0, 30, 
2019-12-06 17:02:18.107,133195320, 1003.1212714094062, 1535459, 53.167783529109755, 83764, 0, 0.0, 30, 
2019-12-06 17:02:19.133,147262904, 1003.1212714094062, 1536250, 53.167783529109755, 83810, 0, 0.0, 30, 
2019-12-06 17:02:20.16,165490240, 1003.1212714094062, 1537081, 53.167783529109755, 83850, 0, 0.0, 30, 
2019-12-06 17:02:21.184,178084904, 986.2089643355173, 1537813, 52.17891015730197, 83887, 0, 0.0, 30, 
2019-12-06 17:02:22.206,196064056, 986.2089643355173, 1538760, 52.17891015730197, 83923, 0, 0.0, 30, 
2019-12-06 17:02:23.239,213710648, 986.2089643355173, 1539647, 52.17891015730197, 83968, 0, 0.0, 30, 
2019-12-06 17:02:24.264,231619552, 986.2089643355173, 1540543, 52.17891015730197, 84017, 0, 0.0, 30, 
2019-12-06 17:02:25.286,249731408, 986.2089643355173, 1541512, 52.17891015730197, 84059, 0, 0.0, 30, 
2019-12-06 17:02:26.309,265220744, 977.173266439937, 1542313, 51.39703167138764, 84101, 0, 0.0, 30, 
2019-12-06 17:02:27.333,279890920, 977.173266439937, 1543107, 51.39703167138764, 84138, 0, 0.0, 30, 
2019-12-06 17:02:28.366,296821744, 977.173266439937, 1543961, 51.39703167138764, 84191, 0, 0.0, 30, 
2019-12-06 17:02:29.39,321379880, 977.173266439937, 1544852, 51.39703167138764, 84239, 0, 0.0, 30, 
2019-12-06 17:02:30.416,344300344, 977.173266439937, 1545772, 51.39703167138764, 84280, 0, 0.0, 30, 
2019-12-06 17:02:31.446,363952016, 966.1095509220793, 1546597, 50.82158879117054, 84329, 0, 0.0, 30, 
2019-12-06 17:02:32.473,101460520, 966.1095509220793, 1547461, 50.82158879117054, 84376, 0, 0.0, 30, 
2019-12-06 17:02:33.496,124596608, 966.1095509220793, 1548454, 50.82158879117054, 84435, 0, 0.0, 30, 
2019-12-06 17:02:34.519,143563632, 966.1095509220793, 1549293, 50.82158879117054, 84479, 0, 0.0, 30, 
2019-12-06 17:02:35.55,163629584, 966.1095509220793, 1550162, 50.82158879117054, 84518, 0, 0.0, 30, 
2019-12-06 17:02:36.574,184481856, 957.8014019525002, 1550995, 50.3881024857334, 84558, 0, 0.0, 30, 
2019-12-06 17:02:37.599,204908928, 957.8014019525002, 1551844, 50.3881024857334, 84596, 0, 0.0, 30, 
2019-12-06 17:02:38.621,224949744, 957.8014019525002, 1552672, 50.3881024857334, 84639, 0, 0.0, 30, 
2019-12-06 17:02:39.648,246053608, 957.8014019525002, 1553604, 50.3881024857334, 84696, 0, 0.0, 30, 
2019-12-06 17:02:40.674,265797704, 957.8014019525002, 1554439, 50.3881024857334, 84730, 0, 0.0, 30, 
2019-12-06 17:02:41.696,286936216, 947.6789127506397, 1555278, 49.557515670596004, 84767, 0, 0.0, 30, 
2019-12-06 17:02:42.72,306541128, 947.6789127506397, 1556075, 49.557515670596004, 84813, 0, 0.0, 30, 
2019-12-06 17:02:43.742,327905848, 947.6789127506397, 1556980, 49.557515670596004, 84852, 0, 0.0, 30, 
2019-12-06 17:02:44.772,348617168, 947.6789127506397, 1557888, 49.557515670596004, 84912, 0, 0.0, 30, 
2019-12-06 17:02:45.796,372287640, 947.6789127506397, 1558852, 49.557515670596004, 84955, 0, 0.0, 30, 
2019-12-06 17:02:46.818,110447416, 941.0842630009254, 1559811, 49.22509907146574, 85011, 0, 0.0, 30, 
2019-12-06 17:02:47.844,133154592, 941.0842630009254, 1560801, 49.22509907146574, 85056, 0, 0.0, 30, 
2019-12-06 17:02:48.871,155538872, 941.0842630009254, 1561691, 49.22509907146574, 85102, 0, 0.0, 30, 
2019-12-06 17:02:49.903,175843984, 941.0842630009254, 1562550, 49.22509907146574, 85148, 0, 0.0, 30, 
2019-12-06 17:02:50.931,197533736, 941.0842630009254, 1563447, 49.22509907146574, 85188, 0, 0.0, 30, 
2019-12-06 17:02:51.964,218686216, 937.031773083605, 1564342, 48.85529656780932, 85245, 0, 0.0, 30, 
2019-12-06 17:02:52.987,241038056, 937.031773083605, 1565251, 48.85529656780932, 85293, 0, 0.0, 30, 
2019-12-06 17:02:54.013,264027936, 937.031773083605, 1566226, 48.85529656780932, 85344, 0, 0.0, 30, 
2019-12-06 17:02:55.036,285977032, 937.031773083605, 1567189, 48.85529656780932, 85408, 0, 0.0, 30, 
2019-12-06 17:02:56.059,308322128, 934.854440726024, 1568074, 49.25065322521452, 85463, 0, 0.0, 30, 
2019-12-06 17:02:57.081,327810632, 934.854440726024, 1568890, 49.25065322521452, 85503, 0, 0.0, 30, 
2019-12-06 17:02:58.107,350066944, 934.854440726024, 1569789, 49.25065322521452, 85549, 0, 0.0, 30, 
2019-12-06 17:02:59.13,370198408, 934.854440726024, 1570611, 49.25065322521452, 85589, 0, 0.0, 30, 
2019-12-06 17:03:00.156,108228728, 934.854440726024, 1571478, 49.25065322521452, 85628, 0, 0.0, 30, 
2019-12-06 17:03:01.185,129815400, 926.9025027000614, 1572377, 48.511011831531356, 85674, 0, 0.0, 30, 
2019-12-06 17:03:02.217,150657320, 926.9025027000614, 1573213, 48.511011831531356, 85731, 0, 0.0, 30, 
2019-12-06 17:03:03.243,171849928, 926.9025027000614, 1574049, 48.511011831531356, 85767, 0, 0.0, 30, 
2019-12-06 17:03:04.265,190926648, 926.9025027000614, 1574901, 48.511011831531356, 85818, 0, 0.0, 30, 
2019-12-06 17:03:05.288,213093072, 926.9025027000614, 1575794, 48.511011831531356, 85856, 0, 0.0, 30, 
2019-12-06 17:03:06.318,235501768, 919.9861444606495, 1576709, 48.2782601765203, 85903, 0, 0.0, 30, 
2019-12-06 17:03:07.34,258153296, 919.9861444606495, 1577684, 48.2782601765203, 85949, 0, 0.0, 30, 
2019-12-06 17:03:08.368,284763512, 919.9861444606495, 1578832, 48.2782601765203, 86003, 0, 0.0, 30, 
2019-12-06 17:03:09.398,309653280, 919.9861444606495, 1579876, 48.2782601765203, 86070, 0, 0.0, 30, 
2019-12-06 17:03:10.422,332976696, 919.9861444606495, 1580865, 48.2782601765203, 86126, 0, 0.0, 30, 
2019-12-06 17:03:11.454,356677888, 926.4476635863596, 1581801, 48.70376299929706, 86170, 0, 0.0, 30, 
2019-12-06 17:03:12.502,376194920, 926.4476635863596, 1582653, 48.70376299929706, 86219, 0, 0.0, 30, 
2019-12-06 17:03:13.529,115294160, 926.4476635863596, 1583615, 48.70376299929706, 86267, 0, 0.0, 30, 
2019-12-06 17:03:14.551,137615328, 926.4476635863596, 1584557, 48.70376299929706, 86318, 0, 0.0, 30, 
2019-12-06 17:03:15.575,158387120, 926.4476635863596, 1585388, 48.70376299929706, 86358, 0, 0.0, 30, 
2019-12-06 17:03:16.6,180249040, 921.5665619088, 1586296, 48.263706406946795, 86393, 0, 0.0, 30, 
2019-12-06 17:03:17.625,200511280, 921.5665619088, 1587057, 48.263706406946795, 86443, 0, 0.0, 30, 
2019-12-06 17:03:18.647,218530120, 921.5665619088, 1587804, 48.263706406946795, 86491, 0, 0.0, 30, 
2019-12-06 17:03:19.669,238222416, 921.5665619088, 1588524, 48.263706406946795, 86525, 0, 0.0, 30, 
2019-12-06 17:03:20.69,256867632, 921.5665619088, 1589341, 48.263706406946795, 86573, 0, 0.0, 30, 
2019-12-06 17:03:21.713,278699208, 908.9842263336111, 1590160, 47.85883479703412, 86616, 0, 0.0, 30, 
2019-12-06 17:03:22.742,304239592, 908.9842263336111, 1591205, 47.85883479703412, 86673, 0, 0.0, 30, 
2019-12-06 17:03:23.766,328672208, 908.9842263336111, 1592257, 47.85883479703412, 86725, 0, 0.0, 30, 
2019-12-06 17:03:24.802,356919336, 908.9842263336111, 1593404, 47.85883479703412, 86779, 0, 0.0, 30, 
2019-12-06 17:03:25.825,103974720, 908.9842263336111, 1594525, 47.85883479703412, 86841, 0, 0.0, 30, 
2019-12-06 17:03:26.852,132527856, 918.2923176634874, 1595726, 48.317873021547015, 86907, 0, 0.0, 30, 
2019-12-06 17:03:27.876,162078224, 918.2923176634874, 1596958, 48.317873021547015, 86977, 0, 0.0, 30, 
2019-12-06 17:03:28.945,186533680, 918.2923176634874, 1597938, 48.317873021547015, 87032, 0, 0.0, 30, 
2019-12-06 17:03:29.97,212264544, 918.2923176634874, 1599057, 48.317873021547015, 87089, 0, 0.0, 30, 
2019-12-06 17:03:30.994,239343408, 933.3965419857211, 1600210, 48.836155278556284, 87128, 0, 0.0, 30, 
2019-12-06 17:03:32.02,271101288, 933.3965419857211, 1601474, 48.836155278556284, 87189, 0, 0.0, 30, 
2019-12-06 17:03:33.042,300743888, 933.3965419857211, 1602703, 48.836155278556284, 87255, 0, 0.0, 30, 
2019-12-06 17:03:34.067,330695328, 933.3965419857211, 1603982, 48.836155278556284, 87310, 0, 0.0, 30, 
2019-12-06 17:03:35.089,359524912, 933.3965419857211, 1605186, 48.836155278556284, 87377, 0, 0.0, 30, 
2019-12-06 17:03:36.113,104997048, 953.9613950306151, 1606329, 49.7927314865432, 87444, 0, 0.0, 30, 
2019-12-06 17:03:37.134,135376728, 953.9613950306151, 1607641, 49.7927314865432, 87536, 0, 0.0, 30, 
2019-12-06 17:03:38.159,164392816, 953.9613950306151, 1608848, 49.7927314865432, 87614, 0, 0.0, 30, 
2019-12-06 17:03:39.181,193818240, 953.9613950306151, 1610123, 49.7927314865432, 87691, 0, 0.0, 30, 
2019-12-06 17:03:40.205,224809200, 953.9613950306151, 1611450, 49.7927314865432, 87765, 0, 0.0, 30, 
2019-12-06 17:03:41.231,256313112, 977.8232283881505, 1612785, 51.95211344979968, 87829, 0, 0.0, 30, 
2019-12-06 17:03:42.256,288208336, 977.8232283881505, 1614121, 51.95211344979968, 87894, 0, 0.0, 30, 
2019-12-06 17:03:43.278,320002464, 977.8232283881505, 1615428, 51.95211344979968, 87963, 0, 0.0, 30, 
2019-12-06 17:03:44.301,350816168, 977.8232283881505, 1616822, 51.95211344979968, 88044, 0, 0.0, 30, 
2019-12-06 17:03:45.325,98699696, 977.8232283881505, 1618118, 51.95211344979968, 88104, 0, 0.0, 30, 
2019-12-06 17:03:46.346,130399680, 1004.1267587357313, 1619507, 53.0753204421418, 88184, 0, 0.0, 30, 
2019-12-06 17:03:47.368,162670344, 1004.1267587357313, 1620905, 53.0753204421418, 88259, 0, 0.0, 30, 
2019-12-06 17:03:48.391,193119880, 1004.1267587357313, 1622230, 53.0753204421418, 88329, 0, 0.0, 30, 
2019-12-06 17:03:49.413,224901760, 1004.1267587357313, 1623575, 53.0753204421418, 88412, 0, 0.0, 30, 
2019-12-06 17:03:50.439,257815080, 1004.1267587357313, 1624933, 53.0753204421418, 88469, 0, 0.0, 30, 
2019-12-06 17:03:51.464,288112328, 1030.6298957757315, 1626210, 54.49250757169802, 88527, 0, 0.0, 30, 
2019-12-06 17:03:52.494,316902488, 1030.6298957757315, 1627432, 54.49250757169802, 88585, 0, 0.0, 30, 
2019-12-06 17:03:53.52,345241736, 1030.6298957757315, 1628684, 54.49250757169802, 88661, 0, 0.0, 30, 
2019-12-06 17:03:54.548,377071632, 1030.6298957757315, 1629970, 54.49250757169802, 88738, 0, 0.0, 30, 
2019-12-06 17:03:55.577,126272768, 1030.6298957757315, 1631391, 54.49250757169802, 88814, 0, 0.0, 30, 
2019-12-06 17:03:56.608,156112448, 1048.4576009791435, 1632694, 55.572507035692894, 88875, 0, 0.0, 30, 
2019-12-06 17:03:57.643,188251576, 1048.4576009791435, 1634045, 55.572507035692894, 88957, 0, 0.0, 30, 
2019-12-06 17:03:58.666,218982112, 1048.4576009791435, 1635370, 55.572507035692894, 89031, 0, 0.0, 30, 
2019-12-06 17:03:59.688,253626896, 1048.4576009791435, 1636787, 55.572507035692894, 89101, 0, 0.0, 30, 
2019-12-06 17:04:00.711,285066648, 1048.4576009791435, 1638185, 55.572507035692894, 89157, 0, 0.0, 30, 
2019-12-06 17:04:01.734,315520688, 1070.168932445814, 1639509, 56.406243339602675, 89215, 0, 0.0, 30, 
2019-12-06 17:04:02.756,348840160, 1070.168932445814, 1640961, 56.406243339602675, 89285, 0, 0.0, 30, 
2019-12-06 17:04:03.783,101697608, 1070.168932445814, 1642353, 56.406243339602675, 89361, 0, 0.0, 30, 
2019-12-06 17:04:04.806,129627512, 1070.168932445814, 1643586, 56.406243339602675, 89436, 0, 0.0, 30, 
2019-12-06 17:04:05.828,157067280, 1070.168932445814, 1644801, 56.406243339602675, 89501, 0, 0.0, 30, 
2019-12-06 17:04:06.853,187651904, 1087.8256097201404, 1646134, 57.30124670588165, 89578, 0, 0.0, 30, 
2019-12-06 17:04:07.875,219646256, 1087.8256097201404, 1647432, 57.30124670588165, 89640, 0, 0.0, 30, 
2019-12-06 17:04:08.896,250639024, 1087.8256097201404, 1648744, 57.30124670588165, 89715, 0, 0.0, 30, 
2019-12-06 17:04:09.918,278472976, 1087.8256097201404, 1649966, 57.30124670588165, 89793, 0, 0.0, 30, 
2019-12-06 17:04:10.948,311406760, 1087.8256097201404, 1651364, 57.30124670588165, 89860, 0, 0.0, 30, 
2019-12-06 17:04:11.983,343875400, 1103.5428301638506, 1652790, 58.3645563102131, 89965, 0, 0.0, 30, 
2019-12-06 17:04:13.009,381152952, 1103.5428301638506, 1654412, 58.3645563102131, 90049, 0, 0.0, 30, 
2019-12-06 17:04:14.031,131301528, 1103.5428301638506, 1655986, 58.3645563102131, 90127, 0, 0.0, 30, 
2019-12-06 17:04:15.053,170143848, 1103.5428301638506, 1657716, 58.3645563102131, 90220, 0, 0.0, 30, 
2019-12-06 17:04:16.078,206980328, 1139.0316899990717, 1659298, 60.4462354508153, 90297, 0, 0.0, 30, 
2019-12-06 17:04:17.101,245562688, 1139.0316899990717, 1661012, 60.4462354508153, 90395, 0, 0.0, 30, 
2019-12-06 17:04:18.123,281858536, 1139.0316899990717, 1662628, 60.4462354508153, 90485, 0, 0.0, 30, 
2019-12-06 17:04:19.143,322565088, 1139.0316899990717, 1664432, 60.4462354508153, 90574, 0, 0.0, 30, 
2019-12-06 17:04:20.164,358848920, 1139.0316899990717, 1666044, 60.4462354508153, 90679, 0, 0.0, 30, 
2019-12-06 17:04:21.194,114190072, 1177.9995085163132, 1667644, 63.04909075136455, 90763, 0, 0.0, 30, 
2019-12-06 17:04:22.217,148731000, 1177.9995085163132, 1669215, 63.04909075136455, 90830, 0, 0.0, 30, 
2019-12-06 17:04:23.239,183231048, 1177.9995085163132, 1670720, 63.04909075136455, 90917, 0, 0.0, 30, 
2019-12-06 17:04:24.261,217689136, 1177.9995085163132, 1672219, 63.04909075136455, 91008, 0, 0.0, 30, 
2019-12-06 17:04:25.284,250345744, 1177.9995085163132, 1673633, 63.04909075136455, 91085, 0, 0.0, 30, 
2019-12-06 17:04:26.311,283055968, 1201.1227031023789, 1675056, 64.02062381312517, 91158, 0, 0.0, 30, 
2019-12-06 17:04:27.339,313653424, 1201.1227031023789, 1676342, 64.02062381312517, 91238, 0, 0.0, 30, 
2019-12-06 17:04:28.384,316517568, 1201.1227031023789, 1676439, 64.02062381312517, 91241, 0, 0.0, 30, 
2019-12-06 17:04:29.423,317279776, 1201.1227031023789, 1676439, 64.02062381312517, 91241, 0, 0.0, 30, 
2019-12-06 17:04:30.464,318159912, 1201.1227031023789, 1676439, 64.02062381312517, 91241, 0, 0.0, 30, 
