Timestamp, MemoryUsed, ReadLatency1, ReadCount, WriteLatency1, WriteCount, PendingTasks, WaitingOnCommit1, SRDelay, 
2019-12-06 17:00:07.255,337416152, 52.175847113683446, 1447530, 4.9831729733164485, 79420, 0, 0.0, 30, 
2019-12-06 17:00:08.341,343922496, 52.175847113683446, 1447774, 4.9831729733164485, 79435, 0, 0.0, 30, 
2019-12-06 17:00:09.401,352900920, 52.175847113683446, 1448080, 4.9831729733164485, 79453, 0, 0.0, 30, 
2019-12-06 17:00:10.765,365191176, 52.175847113683446, 1448471, 4.9831729733164485, 79475, 0, 0.0, 30, 
2019-12-06 17:00:11.804,103757528, 68.95246008261525, 1449002, 5.640154188124528, 79495, 0, 0.0, 30, 
2019-12-06 17:00:12.841,116778032, 68.95246008261525, 1449653, 5.640154188124528, 79524, 0, 0.0, 30, 
2019-12-06 17:00:13.876,132009600, 68.95246008261525, 1450297, 5.640154188124528, 79569, 0, 0.0, 30, 
2019-12-06 17:00:14.908,144347888, 68.95246008261525, 1450974, 5.640154188124528, 79597, 0, 0.0, 30, 
2019-12-06 17:00:15.941,159639040, 68.95246008261525, 1451683, 5.640154188124528, 79632, 0, 0.0, 30, 
2019-12-06 17:00:16.977,173580416, 114.27508695263778, 1452363, 7.731779973219678, 79657, 0, 0.0, 30, 
2019-12-06 17:00:18.008,188506400, 114.27508695263778, 1453076, 7.731779973219678, 79691, 0, 0.0, 30, 
2019-12-06 17:00:19.041,204110648, 114.27508695263778, 1453823, 7.731779973219678, 79718, 0, 0.0, 30, 
2019-12-06 17:00:20.068,218960000, 114.27508695263778, 1454563, 7.731779973219678, 79764, 0, 0.0, 30, 
2019-12-06 17:00:21.097,234415584, 114.27508695263778, 1455279, 7.731779973219678, 79807, 0, 0.0, 30, 
2019-12-06 17:00:22.133,248782128, 161.28296752934384, 1455958, 9.880044233329036, 79843, 0, 0.0, 30, 
2019-12-06 17:00:23.166,264006712, 161.28296752934384, 1456671, 9.880044233329036, 79882, 0, 0.0, 30, 
2019-12-06 17:00:24.197,278717408, 161.28296752934384, 1457384, 9.880044233329036, 79926, 0, 0.0, 30, 
2019-12-06 17:00:25.224,292964544, 161.28296752934384, 1458099, 9.880044233329036, 79963, 0, 0.0, 30, 
2019-12-06 17:00:26.254,308121344, 204.14851868772521, 1458861, 12.240329576769696, 80010, 0, 0.0, 30, 
2019-12-06 17:00:27.281,324952760, 204.14851868772521, 1459652, 12.240329576769696, 80057, 0, 0.0, 30, 
2019-12-06 17:00:28.312,341489072, 204.14851868772521, 1460484, 12.240329576769696, 80117, 0, 0.0, 30, 
2019-12-06 17:00:29.363,358121424, 204.14851868772521, 1461337, 12.240329576769696, 80167, 0, 0.0, 30, 
2019-12-06 17:00:30.389,91555704, 204.14851868772521, 1462166, 12.240329576769696, 80219, 0, 0.0, 30, 
2019-12-06 17:00:31.415,108602184, 251.32643027488302, 1462963, 15.323390597159445, 80267, 0, 0.0, 30, 
2019-12-06 17:00:32.441,124796696, 251.32643027488302, 1463795, 15.323390597159445, 80309, 0, 0.0, 30, 
2019-12-06 17:00:33.476,142843472, 251.32643027488302, 1464633, 15.323390597159445, 80358, 0, 0.0, 30, 
2019-12-06 17:00:34.502,158899128, 251.32643027488302, 1465461, 15.323390597159445, 80397, 0, 0.0, 30, 
2019-12-06 17:00:35.528,177394088, 251.32643027488302, 1466345, 15.323390597159445, 80439, 0, 0.0, 30, 
2019-12-06 17:00:36.555,194761848, 296.8110495441612, 1467213, 17.56827233718741, 80498, 0, 0.0, 30, 
2019-12-06 17:00:37.584,211227968, 296.8110495441612, 1468135, 17.56827233718741, 80540, 0, 0.0, 30, 
2019-12-06 17:00:38.611,230603392, 296.8110495441612, 1469061, 17.56827233718741, 80580, 0, 0.0, 30, 
2019-12-06 17:00:39.641,247804728, 296.8110495441612, 1469992, 17.56827233718741, 80635, 0, 0.0, 30, 
2019-12-06 17:00:40.667,265444120, 296.8110495441612, 1470861, 17.56827233718741, 80689, 0, 0.0, 30, 
2019-12-06 17:00:41.693,284024344, 344.35175713279415, 1471795, 19.9534855850862, 80744, 0, 0.0, 30, 
2019-12-06 17:00:42.718,303370480, 344.35175713279415, 1472778, 19.9534855850862, 80798, 0, 0.0, 30, 
2019-12-06 17:00:43.744,321058320, 344.35175713279415, 1473741, 19.9534855850862, 80848, 0, 0.0, 30, 
2019-12-06 17:00:44.78,340524536, 344.35175713279415, 1474737, 19.9534855850862, 80895, 0, 0.0, 30, 
2019-12-06 17:00:45.808,360361624, 344.35175713279415, 1475733, 19.9534855850862, 80958, 0, 0.0, 30, 
2019-12-06 17:00:46.838,100182520, 393.5762727736701, 1476804, 22.739659043258353, 81027, 0, 0.0, 30, 
2019-12-06 17:00:47.86,122355616, 393.5762727736701, 1477986, 22.739659043258353, 81097, 0, 0.0, 30, 
2019-12-06 17:00:48.883,144033816, 393.5762727736701, 1479128, 22.739659043258353, 81154, 0, 0.0, 30, 
2019-12-06 17:00:49.905,166404160, 393.5762727736701, 1480334, 22.739659043258353, 81219, 0, 0.0, 30, 
2019-12-06 17:00:50.931,188035432, 393.5762727736701, 1481504, 22.739659043258353, 81277, 0, 0.0, 30, 
2019-12-06 17:00:51.954,211059616, 453.33697440398424, 1482707, 25.830769235084578, 81337, 0, 0.0, 30, 
2019-12-06 17:00:52.979,232575576, 453.33697440398424, 1483906, 25.830769235084578, 81410, 0, 0.0, 30, 
2019-12-06 17:00:54.002,256630304, 453.33697440398424, 1485181, 25.830769235084578, 81458, 0, 0.0, 30, 
2019-12-06 17:00:55.03,280552624, 453.33697440398424, 1486463, 25.830769235084578, 81514, 0, 0.0, 30, 
2019-12-06 17:00:56.056,302514016, 453.33697440398424, 1487685, 25.830769235084578, 81575, 0, 0.0, 30, 
2019-12-06 17:00:57.081,327541456, 513.1168092755249, 1488991, 28.354905560595366, 81644, 0, 0.0, 30, 
2019-12-06 17:00:58.103,349322312, 513.1168092755249, 1490209, 28.354905560595366, 81711, 0, 0.0, 30, 
2019-12-06 17:00:59.128,372538872, 513.1168092755249, 1491442, 28.354905560595366, 81786, 0, 0.0, 30, 
2019-12-06 17:01:00.155,110727448, 513.1168092755249, 1492652, 28.354905560595366, 81850, 0, 0.0, 30, 
2019-12-06 17:01:01.178,133242760, 513.1168092755249, 1493858, 28.354905560595366, 81931, 0, 0.0, 30, 
2019-12-06 17:01:02.211,156663968, 568.7725482565887, 1495127, 31.668672347240943, 81987, 0, 0.0, 30, 
2019-12-06 17:01:03.243,177117128, 568.7725482565887, 1496192, 31.668672347240943, 82044, 0, 0.0, 30, 
2019-12-06 17:01:04.267,196434928, 568.7725482565887, 1497174, 31.668672347240943, 82088, 0, 0.0, 30, 
2019-12-06 17:01:05.29,215372224, 568.7725482565887, 1498216, 31.668672347240943, 82143, 0, 0.0, 30, 
2019-12-06 17:01:06.316,234496112, 606.5297705888362, 1499211, 33.134364380338965, 82186, 0, 0.0, 30, 
2019-12-06 17:01:07.341,254355696, 606.5297705888362, 1500334, 33.134364380338965, 82234, 0, 0.0, 30, 
2019-12-06 17:01:08.364,276058032, 606.5297705888362, 1501487, 33.134364380338965, 82297, 0, 0.0, 30, 
2019-12-06 17:01:09.387,298948440, 606.5297705888362, 1502712, 33.134364380338965, 82367, 0, 0.0, 30, 
2019-12-06 17:01:10.416,324578568, 606.5297705888362, 1504134, 33.134364380338965, 82441, 0, 0.0, 30, 
2019-12-06 17:01:11.442,350324008, 656.9074046060423, 1505596, 35.41035093925735, 82507, 0, 0.0, 30, 
2019-12-06 17:01:12.481,94291984, 656.9074046060423, 1507037, 35.41035093925735, 82584, 0, 0.0, 30, 
2019-12-06 17:01:13.507,119507072, 656.9074046060423, 1508502, 35.41035093925735, 82678, 0, 0.0, 30, 
2019-12-06 17:01:14.532,147080512, 656.9074046060423, 1510031, 35.41035093925735, 82753, 0, 0.0, 30, 
2019-12-06 17:01:15.557,171615056, 656.9074046060423, 1511494, 35.41035093925735, 82826, 0, 0.0, 30, 
2019-12-06 17:01:16.592,196618664, 718.4326355091674, 1512945, 38.79964014356658, 82903, 0, 0.0, 30, 
2019-12-06 17:01:17.617,224848360, 718.4326355091674, 1514428, 38.79964014356658, 82976, 0, 0.0, 30, 
2019-12-06 17:01:18.647,252313656, 718.4326355091674, 1516002, 38.79964014356658, 83052, 0, 0.0, 30, 
2019-12-06 17:01:19.673,280556112, 718.4326355091674, 1517585, 38.79964014356658, 83143, 0, 0.0, 30, 
2019-12-06 17:01:20.7,306469328, 718.4326355091674, 1519074, 38.79964014356658, 83220, 0, 0.0, 30, 
2019-12-06 17:01:21.73,333085920, 779.8998801509043, 1520584, 41.90194562848062, 83297, 0, 0.0, 30, 
2019-12-06 17:01:22.764,357801736, 779.8998801509043, 1521983, 41.90194562848062, 83374, 0, 0.0, 30, 
2019-12-06 17:01:23.787,100819232, 779.8998801509043, 1523311, 41.90194562848062, 83445, 0, 0.0, 30, 
2019-12-06 17:01:24.811,128502088, 779.8998801509043, 1524888, 41.90194562848062, 83521, 0, 0.0, 30, 
2019-12-06 17:01:25.836,156388648, 779.8998801509043, 1526429, 41.90194562848062, 83600, 0, 0.0, 30, 
2019-12-06 17:01:26.859,183554832, 831.89500690006, 1527996, 44.42039100379285, 83680, 0, 0.0, 30, 
2019-12-06 17:01:27.885,209878248, 831.89500690006, 1529507, 44.42039100379285, 83758, 0, 0.0, 30, 
2019-12-06 17:01:28.918,234529024, 831.89500690006, 1530880, 44.42039100379285, 83837, 0, 0.0, 30, 
2019-12-06 17:01:29.942,259527704, 831.89500690006, 1532375, 44.42039100379285, 83904, 0, 0.0, 30, 
2019-12-06 17:01:30.966,287249336, 831.89500690006, 1533836, 44.42039100379285, 83997, 0, 0.0, 30, 
2019-12-06 17:01:31.994,313210168, 881.0600955707175, 1535336, 46.94535712686169, 84075, 0, 0.0, 30, 
2019-12-06 17:01:33.02,340495368, 881.0600955707175, 1536856, 46.94535712686169, 84175, 0, 0.0, 30, 
2019-12-06 17:01:34.046,367834528, 881.0600955707175, 1538406, 46.94535712686169, 84260, 0, 0.0, 30, 
2019-12-06 17:01:35.074,107741048, 881.0600955707175, 1539799, 46.94535712686169, 84348, 0, 0.0, 30, 
2019-12-06 17:01:36.098,130078728, 881.0600955707175, 1541132, 46.94535712686169, 84429, 0, 0.0, 30, 
2019-12-06 17:01:37.121,155730592, 923.5596797772344, 1542610, 49.956056139707236, 84500, 0, 0.0, 30, 
2019-12-06 17:01:38.143,187344736, 923.5596797772344, 1544223, 49.956056139707236, 84598, 0, 0.0, 30, 
2019-12-06 17:01:39.168,207994896, 923.5596797772344, 1545476, 49.956056139707236, 84669, 0, 0.0, 30, 
2019-12-06 17:01:40.191,232848088, 923.5596797772344, 1546866, 49.956056139707236, 84738, 0, 0.0, 30, 
2019-12-06 17:01:41.215,263083800, 923.5596797772344, 1548307, 49.956056139707236, 84815, 0, 0.0, 30, 
2019-12-06 17:01:42.237,295018168, 961.7017178260606, 1549647, 51.95845933104731, 84886, 0, 0.0, 30, 
2019-12-06 17:01:43.261,328545384, 961.7017178260606, 1551146, 51.95845933104731, 84955, 0, 0.0, 30, 
2019-12-06 17:01:44.289,360463432, 961.7017178260606, 1552584, 51.95845933104731, 85033, 0, 0.0, 30, 
2019-12-06 17:01:45.313,111695344, 961.7017178260606, 1554063, 51.95845933104731, 85128, 0, 0.0, 30, 
2019-12-06 17:01:46.34,144463864, 997.6735983345399, 1555538, 53.592874681111915, 85185, 0, 0.0, 30, 
2019-12-06 17:01:47.363,174953936, 997.6735983345399, 1556919, 53.592874681111915, 85266, 0, 0.0, 30, 
2019-12-06 17:01:48.386,205140952, 997.6735983345399, 1558210, 53.592874681111915, 85337, 0, 0.0, 30, 
2019-12-06 17:01:49.41,237701720, 997.6735983345399, 1559668, 53.592874681111915, 85415, 0, 0.0, 30, 
2019-12-06 17:01:50.432,272123304, 997.6735983345399, 1561199, 53.592874681111915, 85509, 0, 0.0, 30, 
2019-12-06 17:01:51.454,305549480, 1028.91435649948, 1562686, 55.59233402442148, 85591, 0, 0.0, 30, 
2019-12-06 17:01:52.479,339788656, 1028.91435649948, 1564239, 55.59233402442148, 85668, 0, 0.0, 30, 
2019-12-06 17:01:53.504,375391512, 1028.91435649948, 1565791, 55.59233402442148, 85741, 0, 0.0, 30, 
2019-12-06 17:01:54.525,125242320, 1028.91435649948, 1567345, 55.59233402442148, 85825, 0, 0.0, 30, 
2019-12-06 17:01:55.548,161845000, 1028.91435649948, 1568959, 55.59233402442148, 85912, 0, 0.0, 30, 
2019-12-06 17:01:56.572,190251704, 1068.851023509813, 1570224, 57.4958898938084, 85978, 0, 0.0, 30, 
2019-12-06 17:01:57.602,223814424, 1068.851023509813, 1571777, 57.4958898938084, 86053, 0, 0.0, 30, 
2019-12-06 17:01:58.629,260996744, 1068.851023509813, 1573326, 57.4958898938084, 86131, 0, 0.0, 30, 
2019-12-06 17:01:59.655,297740040, 1068.851023509813, 1574994, 57.4958898938084, 86208, 0, 0.0, 30, 
2019-12-06 17:02:00.682,331432704, 1068.851023509813, 1576516, 57.4958898938084, 86285, 0, 0.0, 30, 
2019-12-06 17:02:01.71,359948504, 1098.59042165311, 1577684, 58.44768998566594, 86341, 0, 0.0, 30, 
2019-12-06 17:02:02.736,99273696, 1098.59042165311, 1578708, 58.44768998566594, 86397, 0, 0.0, 30, 
2019-12-06 17:02:03.764,123180200, 1098.59042165311, 1579646, 58.44768998566594, 86442, 0, 0.0, 30, 
2019-12-06 17:02:04.787,142495416, 1098.59042165311, 1580458, 58.44768998566594, 86479, 0, 0.0, 30, 
2019-12-06 17:02:05.812,161383184, 1098.59042165311, 1581261, 58.44768998566594, 86511, 0, 0.0, 30, 
2019-12-06 17:02:06.836,181212696, 1081.384745523673, 1582076, 57.276525358533824, 86559, 0, 0.0, 30, 
2019-12-06 17:02:07.86,202379232, 1081.384745523673, 1582950, 57.276525358533824, 86607, 0, 0.0, 30, 
2019-12-06 17:02:08.89,224717720, 1081.384745523673, 1583841, 57.276525358533824, 86662, 0, 0.0, 30, 
2019-12-06 17:02:09.912,244747640, 1081.384745523673, 1584736, 57.276525358533824, 86696, 0, 0.0, 30, 
2019-12-06 17:02:10.935,264881176, 1081.384745523673, 1585614, 57.276525358533824, 86728, 0, 0.0, 30, 
2019-12-06 17:02:11.96,288157616, 1062.916224983631, 1586520, 55.959135128617454, 86768, 0, 0.0, 30, 
2019-12-06 17:02:12.985,308704720, 1062.916224983631, 1587446, 55.959135128617454, 86825, 0, 0.0, 30, 
2019-12-06 17:02:14.013,331876640, 1062.916224983631, 1588323, 55.959135128617454, 86877, 0, 0.0, 30, 
2019-12-06 17:02:15.037,351667456, 1062.916224983631, 1589175, 55.959135128617454, 86917, 0, 0.0, 30, 
2019-12-06 17:02:16.061,373231888, 1062.916224983631, 1590068, 55.959135128617454, 86959, 0, 0.0, 30, 
2019-12-06 17:02:17.086,112581496, 1047.7153709266015, 1590936, 55.21082000084558, 87009, 0, 0.0, 30, 
2019-12-06 17:02:18.115,132583448, 1047.7153709266015, 1591807, 55.21082000084558, 87059, 0, 0.0, 30, 
2019-12-06 17:02:19.139,152542816, 1047.7153709266015, 1592653, 55.21082000084558, 87097, 0, 0.0, 30, 
2019-12-06 17:02:20.166,172322608, 1047.7153709266015, 1593506, 55.21082000084558, 87146, 0, 0.0, 30, 
2019-12-06 17:02:21.189,193152600, 1047.7153709266015, 1594330, 55.21082000084558, 87193, 0, 0.0, 30, 
2019-12-06 17:02:22.218,215682800, 1030.2598376487488, 1595268, 54.39440791056335, 87240, 0, 0.0, 30, 
2019-12-06 17:02:23.245,237654016, 1030.2598376487488, 1596190, 54.39440791056335, 87291, 0, 0.0, 30, 
2019-12-06 17:02:24.269,259214488, 1030.2598376487488, 1597124, 54.39440791056335, 87333, 0, 0.0, 30, 
2019-12-06 17:02:25.292,281520848, 1030.2598376487488, 1598040, 54.39440791056335, 87374, 0, 0.0, 30, 
2019-12-06 17:02:26.315,301055864, 1018.6455022986935, 1598849, 53.59529917564094, 87421, 0, 0.0, 30, 
2019-12-06 17:02:27.338,321041480, 1018.6455022986935, 1599675, 53.59529917564094, 87461, 0, 0.0, 30, 
2019-12-06 17:02:28.372,341486440, 1018.6455022986935, 1600566, 53.59529917564094, 87502, 0, 0.0, 30, 
2019-12-06 17:02:29.395,364458488, 1018.6455022986935, 1601498, 53.59529917564094, 87539, 0, 0.0, 30, 
2019-12-06 17:02:30.422,103082424, 1018.6455022986935, 1602410, 53.59529917564094, 87580, 0, 0.0, 30, 
2019-12-06 17:02:31.452,123096168, 1006.3446951057557, 1603271, 52.46030572054068, 87619, 0, 0.0, 30, 
2019-12-06 17:02:32.478,143339040, 1006.3446951057557, 1604130, 52.46030572054068, 87657, 0, 0.0, 30, 
2019-12-06 17:02:33.502,167419056, 1006.3446951057557, 1605124, 52.46030572054068, 87699, 0, 0.0, 30, 
2019-12-06 17:02:34.533,187021632, 1006.3446951057557, 1605916, 52.46030572054068, 87732, 0, 0.0, 30, 
2019-12-06 17:02:35.556,208489488, 1006.3446951057557, 1606803, 52.46030572054068, 87776, 0, 0.0, 30, 
2019-12-06 17:02:36.58,228823656, 993.1884276889355, 1607593, 51.416061331534856, 87824, 0, 0.0, 30, 
2019-12-06 17:02:37.604,247980536, 993.1884276889355, 1608404, 51.416061331534856, 87882, 0, 0.0, 30, 
2019-12-06 17:02:38.627,266795808, 993.1884276889355, 1609231, 51.416061331534856, 87932, 0, 0.0, 30, 
2019-12-06 17:02:39.655,289892592, 993.1884276889355, 1610146, 51.416061331534856, 87985, 0, 0.0, 30, 
2019-12-06 17:02:40.679,309929648, 993.1884276889355, 1611005, 51.416061331534856, 88020, 0, 0.0, 30, 
2019-12-06 17:02:41.701,331534840, 980.2845214810135, 1611910, 50.95103474322023, 88063, 0, 0.0, 30, 
2019-12-06 17:02:42.725,353810496, 980.2845214810135, 1612795, 50.95103474322023, 88115, 0, 0.0, 30, 
2019-12-06 17:02:43.747,375051472, 980.2845214810135, 1613686, 50.95103474322023, 88146, 0, 0.0, 30, 
2019-12-06 17:02:44.777,111292656, 980.2845214810135, 1614582, 50.95103474322023, 88207, 0, 0.0, 30, 
2019-12-06 17:02:45.8,134508800, 980.2845214810135, 1615556, 50.95103474322023, 88261, 0, 0.0, 30, 
2019-12-06 17:02:46.823,156765208, 974.2171301454254, 1616503, 50.74706526702512, 88305, 0, 0.0, 30, 
2019-12-06 17:02:47.849,179570936, 974.2171301454254, 1617415, 50.74706526702512, 88370, 0, 0.0, 30, 
2019-12-06 17:02:48.878,201503416, 974.2171301454254, 1618315, 50.74706526702512, 88431, 0, 0.0, 30, 
2019-12-06 17:02:49.909,222129544, 974.2171301454254, 1619111, 50.74706526702512, 88469, 0, 0.0, 30, 
2019-12-06 17:02:50.945,242244248, 974.2171301454254, 1619955, 50.74706526702512, 88511, 0, 0.0, 30, 
2019-12-06 17:02:51.969,263935552, 962.8140940207618, 1620859, 50.607377640919346, 88561, 0, 0.0, 30, 
2019-12-06 17:02:52.993,286638936, 962.8140940207618, 1621813, 50.607377640919346, 88594, 0, 0.0, 30, 
2019-12-06 17:02:54.018,310198872, 962.8140940207618, 1622841, 50.607377640919346, 88657, 0, 0.0, 30, 
2019-12-06 17:02:55.041,336144904, 962.8140940207618, 1623915, 50.607377640919346, 88714, 0, 0.0, 30, 
2019-12-06 17:02:56.065,356272160, 962.8140940207618, 1624788, 50.607377640919346, 88767, 0, 0.0, 30, 
2019-12-06 17:02:57.086,378613344, 962.0294023884488, 1625655, 50.6547611085434, 88818, 0, 0.0, 30, 
2019-12-06 17:02:58.113,117833968, 962.0294023884488, 1626562, 50.6547611085434, 88873, 0, 0.0, 30, 
2019-12-06 17:02:59.137,135881104, 962.0294023884488, 1627387, 50.6547611085434, 88917, 0, 0.0, 30, 
2019-12-06 17:03:00.161,158533064, 962.0294023884488, 1628276, 50.6547611085434, 88963, 0, 0.0, 30, 
2019-12-06 17:03:01.191,181965376, 962.0294023884488, 1629256, 50.6547611085434, 89004, 0, 0.0, 30, 
2019-12-06 17:03:02.223,202399232, 954.7351021174634, 1630114, 50.1706491398302, 89059, 0, 0.0, 30, 
2019-12-06 17:03:03.248,225221216, 954.7351021174634, 1631006, 50.1706491398302, 89097, 0, 0.0, 30, 
2019-12-06 17:03:04.271,246765336, 954.7351021174634, 1631898, 50.1706491398302, 89136, 0, 0.0, 30, 
2019-12-06 17:03:05.294,268365768, 954.7351021174634, 1632837, 50.1706491398302, 89193, 0, 0.0, 30, 
2019-12-06 17:03:06.324,290646128, 948.7756043969985, 1633759, 49.789209095256965, 89236, 0, 0.0, 30, 
2019-12-06 17:03:07.346,314777448, 948.7756043969985, 1634788, 49.789209095256965, 89288, 0, 0.0, 30, 
2019-12-06 17:03:08.373,340664896, 948.7756043969985, 1635909, 49.789209095256965, 89350, 0, 0.0, 30, 
2019-12-06 17:03:09.404,367193368, 948.7756043969985, 1637028, 49.789209095256965, 89405, 0, 0.0, 30, 
2019-12-06 17:03:10.434,108516608, 948.7756043969985, 1638079, 49.789209095256965, 89475, 0, 0.0, 30, 
2019-12-06 17:03:11.46,133322992, 956.117477698745, 1639097, 50.39773433717951, 89527, 0, 0.0, 30, 
2019-12-06 17:03:12.511,156590680, 956.117477698745, 1640063, 50.39773433717951, 89575, 0, 0.0, 30, 
2019-12-06 17:03:13.535,178990160, 956.117477698745, 1641034, 50.39773433717951, 89635, 0, 0.0, 30, 
2019-12-06 17:03:14.556,202888344, 956.117477698745, 1642052, 50.39773433717951, 89686, 0, 0.0, 30, 
2019-12-06 17:03:15.581,227266096, 956.117477698745, 1642888, 50.39773433717951, 89734, 0, 0.0, 30, 
2019-12-06 17:03:16.606,249734024, 952.8299057003761, 1643795, 50.333951021280036, 89781, 0, 0.0, 30, 
2019-12-06 17:03:17.63,268165168, 952.8299057003761, 1644575, 50.333951021280036, 89830, 0, 0.0, 30, 
2019-12-06 17:03:18.652,288001200, 952.8299057003761, 1645387, 50.333951021280036, 89870, 0, 0.0, 30, 
2019-12-06 17:03:19.674,308134128, 952.8299057003761, 1646169, 50.333951021280036, 89915, 0, 0.0, 30, 
2019-12-06 17:03:20.695,327728776, 952.8299057003761, 1646998, 50.333951021280036, 89956, 0, 0.0, 30, 
2019-12-06 17:03:21.72,349679328, 940.1945320840298, 1647866, 49.73156955721958, 90011, 0, 0.0, 30, 
2019-12-06 17:03:22.747,375921904, 940.1945320840298, 1648915, 49.73156955721958, 90069, 0, 0.0, 30, 
2019-12-06 17:03:23.781,118712880, 940.1945320840298, 1650022, 49.73156955721958, 90141, 0, 0.0, 30, 
2019-12-06 17:03:24.808,145304544, 940.1945320840298, 1651172, 49.73156955721958, 90206, 0, 0.0, 30, 
2019-12-06 17:03:25.831,171914800, 940.1945320840298, 1652279, 49.73156955721958, 90278, 0, 0.0, 30, 
2019-12-06 17:03:26.858,201346928, 950.1414440945641, 1653463, 50.82443691437047, 90326, 0, 0.0, 30, 
2019-12-06 17:03:27.886,230155392, 950.1414440945641, 1654713, 50.82443691437047, 90386, 0, 0.0, 30, 
2019-12-06 17:03:28.952,256677144, 950.1414440945641, 1655764, 50.82443691437047, 90436, 0, 0.0, 30, 
2019-12-06 17:03:29.976,283217048, 950.1414440945641, 1656896, 50.82443691437047, 90506, 0, 0.0, 30, 
2019-12-06 17:03:31.0,309843440, 950.1414440945641, 1658066, 50.82443691437047, 90582, 0, 0.0, 30, 
2019-12-06 17:03:32.026,341912168, 963.9624511183132, 1659397, 51.59005666613582, 90647, 0, 0.0, 30, 
2019-12-06 17:03:33.048,372144392, 963.9624511183132, 1660702, 51.59005666613582, 90710, 0, 0.0, 30, 
2019-12-06 17:03:34.072,119347984, 963.9624511183132, 1661988, 51.59005666613582, 90777, 0, 0.0, 30, 
2019-12-06 17:03:35.094,148838704, 963.9624511183132, 1663251, 51.59005666613582, 90840, 0, 0.0, 30, 
2019-12-06 17:03:36.118,178617464, 963.9624511183132, 1664567, 51.59005666613582, 90903, 0, 0.0, 30, 
2019-12-06 17:03:37.142,211448200, 988.479835835778, 1665892, 52.43838089614464, 90991, 0, 0.0, 30, 
2019-12-06 17:03:38.163,242824720, 988.479835835778, 1667222, 52.43838089614464, 91055, 0, 0.0, 30, 
2019-12-06 17:03:39.187,275540760, 988.479835835778, 1668617, 52.43838089614464, 91119, 0, 0.0, 30, 
2019-12-06 17:03:40.213,307834640, 988.479835835778, 1670003, 52.43838089614464, 91215, 0, 0.0, 30, 
2019-12-06 17:03:41.236,339516256, 988.479835835778, 1671380, 52.43838089614464, 91281, 0, 0.0, 30, 
2019-12-06 17:03:42.262,370426888, 1015.8182627115661, 1672756, 54.1783438902071, 91357, 0, 0.0, 30, 
2019-12-06 17:03:43.284,120582272, 1015.8182627115661, 1674124, 54.1783438902071, 91434, 0, 0.0, 30, 
2019-12-06 17:03:44.307,152515136, 1015.8182627115661, 1675466, 54.1783438902071, 91521, 0, 0.0, 30, 
2019-12-06 17:03:45.33,181759000, 1015.8182627115661, 1676789, 54.1783438902071, 91583, 0, 0.0, 30, 
2019-12-06 17:03:46.351,215400400, 1040.1872649267546, 1678153, 55.651258187962895, 91652, 0, 0.0, 30, 
2019-12-06 17:03:47.373,246786080, 1040.1872649267546, 1679579, 55.651258187962895, 91719, 0, 0.0, 30, 
2019-12-06 17:03:48.396,279530992, 1040.1872649267546, 1680996, 55.651258187962895, 91796, 0, 0.0, 30, 
2019-12-06 17:03:49.418,311472864, 1040.1872649267546, 1682363, 55.651258187962895, 91858, 0, 0.0, 30, 
2019-12-06 17:03:50.444,343378648, 1040.1872649267546, 1683759, 55.651258187962895, 91952, 0, 0.0, 30, 
2019-12-06 17:03:51.469,375664152, 1066.0299283587933, 1685088, 56.94244029254425, 92024, 0, 0.0, 30, 
2019-12-06 17:03:52.502,121554120, 1066.0299283587933, 1686351, 56.94244029254425, 92089, 0, 0.0, 30, 
2019-12-06 17:03:53.524,154028752, 1066.0299283587933, 1687731, 56.94244029254425, 92170, 0, 0.0, 30, 
2019-12-06 17:03:54.556,187985736, 1066.0299283587933, 1689148, 56.94244029254425, 92264, 0, 0.0, 30, 
2019-12-06 17:03:55.588,220513160, 1066.0299283587933, 1690562, 56.94244029254425, 92342, 0, 0.0, 30, 
2019-12-06 17:03:56.624,252080640, 1086.847969849871, 1691896, 58.81800321032147, 92435, 0, 0.0, 30, 
2019-12-06 17:03:57.649,283147312, 1086.847969849871, 1693267, 58.81800321032147, 92503, 0, 0.0, 30, 
2019-12-06 17:03:58.671,316120784, 1086.847969849871, 1694724, 58.81800321032147, 92572, 0, 0.0, 30, 
2019-12-06 17:03:59.693,349191944, 1086.847969849871, 1696154, 58.81800321032147, 92643, 0, 0.0, 30, 
2019-12-06 17:04:00.717,382951384, 1086.847969849871, 1697599, 58.81800321032147, 92715, 0, 0.0, 30, 
2019-12-06 17:04:01.739,132356168, 1109.231698296234, 1699012, 59.728057426327375, 92794, 0, 0.0, 30, 
2019-12-06 17:04:02.762,164613448, 1109.231698296234, 1700445, 59.728057426327375, 92855, 0, 0.0, 30, 
2019-12-06 17:04:03.79,196609704, 1109.231698296234, 1701873, 59.728057426327375, 92930, 0, 0.0, 30, 
2019-12-06 17:04:04.811,226560048, 1109.231698296234, 1703176, 59.728057426327375, 93003, 0, 0.0, 30, 
2019-12-06 17:04:05.835,257555240, 1109.231698296234, 1704458, 59.728057426327375, 93056, 0, 0.0, 30, 
2019-12-06 17:04:06.858,289444032, 1128.7543177879227, 1705867, 60.181560914994236, 93131, 0, 0.0, 30, 
2019-12-06 17:04:07.879,322298720, 1128.7543177879227, 1707265, 60.181560914994236, 93212, 0, 0.0, 30, 
2019-12-06 17:04:08.902,355146800, 1128.7543177879227, 1708619, 60.181560914994236, 93272, 0, 0.0, 30, 
2019-12-06 17:04:09.924,104035064, 1128.7543177879227, 1709952, 60.181560914994236, 93344, 0, 0.0, 30, 
2019-12-06 17:04:10.956,132055064, 1128.7543177879227, 1711311, 60.181560914994236, 93417, 0, 0.0, 30, 
2019-12-06 17:04:11.992,165102912, 1146.204279063812, 1712793, 61.14250224727769, 93494, 0, 0.0, 30, 
2019-12-06 17:04:13.014,204238784, 1146.204279063812, 1714484, 61.14250224727769, 93581, 0, 0.0, 30, 
2019-12-06 17:04:14.035,241941256, 1146.204279063812, 1716170, 61.14250224727769, 93668, 0, 0.0, 30, 
2019-12-06 17:04:15.061,281884160, 1146.204279063812, 1717948, 61.14250224727769, 93761, 0, 0.0, 30, 
2019-12-06 17:04:16.084,319083600, 1146.204279063812, 1719588, 61.14250224727769, 93844, 0, 0.0, 30, 
2019-12-06 17:04:17.106,358941280, 1183.5112130627178, 1721360, 62.90612239190899, 93942, 0, 0.0, 30, 
2019-12-06 17:04:18.127,112271408, 1183.5112130627178, 1723081, 62.90612239190899, 94020, 0, 0.0, 30, 
2019-12-06 17:04:19.149,149561160, 1183.5112130627178, 1724775, 62.90612239190899, 94106, 0, 0.0, 30, 
2019-12-06 17:04:20.177,187684744, 1183.5112130627178, 1726505, 62.90612239190899, 94199, 0, 0.0, 30, 
2019-12-06 17:04:21.199,226839056, 1183.5112130627178, 1728195, 62.90612239190899, 94284, 0, 0.0, 30, 
2019-12-06 17:04:22.222,263707912, 1223.7199803986377, 1729806, 64.73661577746854, 94376, 0, 0.0, 30, 
2019-12-06 17:04:23.244,299640216, 1223.7199803986377, 1731369, 64.73661577746854, 94457, 0, 0.0, 30, 
2019-12-06 17:04:24.266,333504336, 1223.7199803986377, 1732897, 64.73661577746854, 94545, 0, 0.0, 30, 
2019-12-06 17:04:25.289,365240800, 1223.7199803986377, 1734336, 64.73661577746854, 94612, 0, 0.0, 30, 
2019-12-06 17:04:26.317,114850392, 1245.1544752920472, 1735827, 65.71714184160656, 94678, 0, 0.0, 30, 
2019-12-06 17:04:27.351,144517464, 1245.1544752920472, 1737137, 65.71714184160656, 94751, 0, 0.0, 30, 
2019-12-06 17:04:28.392,150243824, 1245.1544752920472, 1737268, 65.71714184160656, 94762, 0, 0.0, 30, 
2019-12-06 17:04:29.436,151190688, 1245.1544752920472, 1737268, 65.71714184160656, 94762, 0, 0.0, 30, 
2019-12-06 17:04:30.474,151914928, 1245.1544752920472, 1737268, 65.71714184160656, 94762, 0, 0.0, 30, 
