Timestamp, MemoryUsed, ReadLatency1, ReadCount, WriteLatency1, WriteCount, PendingTasks, WaitingOnCommit1, SRDelay, 
2019-12-06 17:03:19.152,296496696, 952.8299057003761, 1645741, 50.333951021280036, 89896, 0, 0.0, 30, 
2019-12-06 17:03:20.196,318288168, 952.8299057003761, 1646595, 50.333951021280036, 89933, 0, 0.0, 30, 
2019-12-06 17:03:21.229,339722920, 952.8299057003761, 1647435, 50.333951021280036, 89980, 0, 0.0, 30, 
2019-12-06 17:03:22.273,361047272, 940.1945320840298, 1648372, 49.73156955721958, 90042, 0, 0.0, 30, 
2019-12-06 17:03:23.328,107602896, 940.1945320840298, 1649510, 49.73156955721958, 90116, 0, 0.0, 30, 
2019-12-06 17:03:24.359,133802672, 940.1945320840298, 1650669, 49.73156955721958, 90178, 0, 0.0, 30, 
2019-12-06 17:03:25.392,162316368, 940.1945320840298, 1651807, 49.73156955721958, 90248, 0, 0.0, 30, 
2019-12-06 17:03:26.42,188745656, 950.1414440945641, 1652944, 50.82443691437047, 90305, 0, 0.0, 30, 
2019-12-06 17:03:27.446,217239088, 950.1414440945641, 1654178, 50.82443691437047, 90366, 0, 0.0, 30, 
2019-12-06 17:03:28.474,244226040, 950.1414440945641, 1655345, 50.82443691437047, 90416, 0, 0.0, 30, 
2019-12-06 17:03:29.5,268355488, 950.1414440945641, 1656350, 50.82443691437047, 90474, 0, 0.0, 30, 
2019-12-06 17:03:30.54,299124056, 950.1414440945641, 1657575, 50.82443691437047, 90541, 0, 0.0, 30, 
2019-12-06 17:03:31.571,327967576, 963.9624511183132, 1658798, 51.59005666613582, 90617, 0, 0.0, 30, 
2019-12-06 17:03:32.599,359367928, 963.9624511183132, 1660130, 51.59005666613582, 90691, 0, 0.0, 30, 
2019-12-06 17:03:33.63,106594240, 963.9624511183132, 1661441, 51.59005666613582, 90751, 0, 0.0, 30, 
2019-12-06 17:03:34.658,137075232, 963.9624511183132, 1662719, 51.59005666613582, 90818, 0, 0.0, 30, 
2019-12-06 17:03:35.685,165955968, 963.9624511183132, 1664016, 51.59005666613582, 90884, 0, 0.0, 30, 
2019-12-06 17:03:36.713,198461704, 988.479835835778, 1665355, 52.43838089614464, 90954, 0, 0.0, 30, 
2019-12-06 17:03:37.737,230946984, 988.479835835778, 1666700, 52.43838089614464, 91023, 0, 0.0, 30, 
2019-12-06 17:03:38.764,261034536, 988.479835835778, 1668013, 52.43838089614464, 91090, 0, 0.0, 30, 
2019-12-06 17:03:39.79,293351512, 988.479835835778, 1669435, 52.43838089614464, 91174, 0, 0.0, 30, 
2019-12-06 17:03:40.816,325291872, 988.479835835778, 1670802, 52.43838089614464, 91246, 0, 0.0, 30, 
2019-12-06 17:03:41.852,358199720, 1015.8182627115661, 1672178, 54.1783438902071, 91326, 0, 0.0, 30, 
2019-12-06 17:03:42.878,108271824, 1015.8182627115661, 1673557, 54.1783438902071, 91402, 0, 0.0, 30, 
2019-12-06 17:03:43.901,139205360, 1015.8182627115661, 1674938, 54.1783438902071, 91487, 0, 0.0, 30, 
2019-12-06 17:03:44.931,170416928, 1015.8182627115661, 1676306, 54.1783438902071, 91564, 0, 0.0, 30, 
2019-12-06 17:03:45.956,201416808, 1015.8182627115661, 1677606, 54.1783438902071, 91623, 0, 0.0, 30, 
2019-12-06 17:03:46.98,232699992, 1040.1872649267546, 1679027, 55.651258187962895, 91689, 0, 0.0, 30, 
2019-12-06 17:03:48.008,267186952, 1040.1872649267546, 1680447, 55.651258187962895, 91772, 0, 0.0, 30, 
2019-12-06 17:03:49.032,299273432, 1040.1872649267546, 1681814, 55.651258187962895, 91834, 0, 0.0, 30, 
2019-12-06 17:03:50.1,332917728, 1040.1872649267546, 1683263, 55.651258187962895, 91917, 0, 0.0, 30, 
2019-12-06 17:03:51.132,364681680, 1040.1872649267546, 1684669, 55.651258187962895, 91998, 0, 0.0, 30, 
2019-12-06 17:03:52.16,110359264, 1066.0299283587933, 1685955, 56.94244029254425, 92073, 0, 0.0, 30, 
2019-12-06 17:03:53.184,142929424, 1066.0299283587933, 1687264, 56.94244029254425, 92144, 0, 0.0, 30, 
2019-12-06 17:03:54.216,176416944, 1066.0299283587933, 1688712, 56.94244029254425, 92243, 0, 0.0, 30, 
2019-12-06 17:03:55.241,208941544, 1066.0299283587933, 1690082, 56.94244029254425, 92318, 0, 0.0, 30, 
2019-12-06 17:03:56.268,240200272, 1086.847969849871, 1691455, 58.81800321032147, 92406, 0, 0.0, 30, 
2019-12-06 17:03:57.304,270880360, 1086.847969849871, 1692820, 58.81800321032147, 92486, 0, 0.0, 30, 
2019-12-06 17:03:58.33,303843776, 1086.847969849871, 1694209, 58.81800321032147, 92553, 0, 0.0, 30, 
2019-12-06 17:03:59.364,338676776, 1086.847969849871, 1695690, 58.81800321032147, 92621, 0, 0.0, 30, 
2019-12-06 17:04:00.4,372525064, 1086.847969849871, 1697166, 58.81800321032147, 92698, 0, 0.0, 30, 
2019-12-06 17:04:01.431,120302464, 1109.231698296234, 1698549, 59.728057426327375, 92768, 0, 0.0, 30, 
2019-12-06 17:04:02.463,154364784, 1109.231698296234, 1700028, 59.728057426327375, 92837, 0, 0.0, 30, 
2019-12-06 17:04:03.487,186546528, 1109.231698296234, 1701457, 59.728057426327375, 92912, 0, 0.0, 30, 
2019-12-06 17:04:04.509,219350552, 1109.231698296234, 1702796, 59.728057426327375, 92983, 0, 0.0, 30, 
2019-12-06 17:04:05.535,248118128, 1109.231698296234, 1704099, 59.728057426327375, 93040, 0, 0.0, 30, 
2019-12-06 17:04:06.562,279696432, 1128.7543177879227, 1705430, 60.181560914994236, 93106, 0, 0.0, 30, 
2019-12-06 17:04:07.6,312115320, 1128.7543177879227, 1706849, 60.181560914994236, 93190, 0, 0.0, 30, 
2019-12-06 17:04:08.634,346428672, 1128.7543177879227, 1708268, 60.181560914994236, 93255, 0, 0.0, 30, 
2019-12-06 17:04:09.658,379168896, 1128.7543177879227, 1709721, 60.181560914994236, 93332, 0, 0.0, 30, 
