Timestamp, MemoryUsed, ReadLatency1, ReadCount, WriteLatency1, WriteCount, PendingTasks, WaitingOnCommit1, SRDelay, 
2019-12-06 16:58:36.404,274003104, 224.37585141602315, 1447240, 15.520308445540456, 79166, 0, 0.0, 1, 
2019-12-06 16:58:37.492,275578264, 224.37585141602315, 1447240, 15.520308445540456, 79166, 0, 0.0, 1, 
2019-12-06 16:58:38.583,277341968, 224.37585141602315, 1447240, 15.520308445540456, 79166, 0, 0.0, 1, 
2019-12-06 16:58:39.669,278988856, 224.37585141602315, 1447240, 15.520308445540456, 79166, 0, 0.0, 1, 
2019-12-06 16:58:40.723,279742744, 224.37585141602315, 1447240, 15.520308445540456, 79166, 0, 0.0, 1, 
2019-12-06 16:58:41.779,280893072, 206.43574887301105, 1447240, 14.423293152311029, 79166, 0, 0.0, 1, 
2019-12-06 16:58:42.838,281833680, 206.43574887301105, 1447240, 14.423293152311029, 79166, 0, 0.0, 1, 
2019-12-06 16:58:43.886,282555680, 206.43574887301105, 1447240, 14.423293152311029, 79166, 0, 0.0, 1, 
2019-12-06 16:58:44.93,283482464, 206.43574887301105, 1447240, 14.423293152311029, 79166, 0, 0.0, 1, 
2019-12-06 16:58:45.971,284450440, 206.43574887301105, 1447240, 14.423293152311029, 79166, 0, 0.0, 1, 
2019-12-06 16:58:47.016,285368280, 189.93005773043544, 1447240, 13.27007030534513, 79166, 0, 0.0, 1, 
2019-12-06 16:58:48.072,286332776, 189.93005773043544, 1447240, 13.27007030534513, 79166, 0, 0.0, 1, 
2019-12-06 16:58:49.113,287280056, 189.93005773043544, 1447240, 13.27007030534513, 79166, 0, 0.0, 1, 
2019-12-06 16:58:50.153,288270376, 189.93005773043544, 1447240, 13.27007030534513, 79166, 0, 0.0, 1, 
2019-12-06 16:58:51.2,289217248, 189.93005773043544, 1447240, 13.27007030534513, 79166, 0, 0.0, 1, 
2019-12-06 16:58:52.26,290164304, 174.74408878511204, 1447240, 12.209054066171223, 79166, 0, 0.0, 1, 
2019-12-06 16:58:53.305,291122592, 174.74408878511204, 1447240, 12.209054066171223, 79166, 0, 0.0, 1, 
2019-12-06 16:58:54.347,291870120, 174.74408878511204, 1447240, 12.209054066171223, 79166, 0, 0.0, 1, 
2019-12-06 16:58:55.406,292982856, 174.74408878511204, 1447240, 12.209054066171223, 79166, 0, 0.0, 1, 
2019-12-06 16:58:56.45,293954584, 160.7723228762329, 1447240, 11.232872001488262, 79166, 0, 0.0, 1, 
2019-12-06 16:58:57.504,294873440, 160.7723228762329, 1447240, 11.232872001488262, 79166, 0, 0.0, 1, 
2019-12-06 16:58:58.547,295700904, 160.7723228762329, 1447240, 11.232872001488262, 79166, 0, 0.0, 1, 
2019-12-06 16:58:59.575,300939696, 160.7723228762329, 1447240, 11.232872001488262, 79276, 0, 0.0, 1, 
2019-12-06 16:59:00.612,304291952, 160.7723228762329, 1447240, 11.232872001488262, 79402, 0, 0.0, 1, 
2019-12-06 16:59:01.654,305380856, 147.91767768926024, 1447240, 14.108644774711324, 79402, 0, 0.0, 1, 
2019-12-06 16:59:02.7,306003976, 147.91767768926024, 1447240, 14.108644774711324, 79402, 0, 0.0, 1, 
