Timestamp, MemoryUsed, ReadLatency1, ReadCount, WriteLatency1, WriteCount, PendingTasks, WaitingOnCommit1, SRDelay, 
2019-12-06 16:58:36.323,173982416, 226.54498437192373, 1442542, 14.500259733909175, 78584, 0, 0.0, 1, 
2019-12-06 16:58:37.432,176170696, 226.54498437192373, 1442542, 14.500259733909175, 78587, 0, 0.0, 1, 
2019-12-06 16:58:38.55,178019816, 226.54498437192373, 1442542, 14.500259733909175, 78587, 0, 0.0, 1, 
2019-12-06 16:58:39.626,179377768, 226.54498437192373, 1442542, 14.500259733909175, 78587, 0, 0.0, 1, 
2019-12-06 16:58:40.702,180504288, 226.54498437192373, 1442542, 14.500259733909175, 78587, 0, 0.0, 1, 
2019-12-06 16:58:41.753,181328824, 208.4314475336758, 1442542, 14.955985803345284, 78587, 0, 0.0, 1, 
2019-12-06 16:58:42.806,182219552, 208.4314475336758, 1442542, 14.955985803345284, 78587, 0, 0.0, 1, 
2019-12-06 16:58:43.861,183046112, 208.4314475336758, 1442542, 14.955985803345284, 78587, 0, 0.0, 1, 
2019-12-06 16:58:44.912,183640872, 208.4314475336758, 1442542, 14.955985803345284, 78587, 0, 0.0, 1, 
2019-12-06 16:58:45.954,184659440, 191.76618913646325, 1442542, 13.760171203643282, 78587, 0, 0.0, 1, 
2019-12-06 16:58:46.998,185468504, 191.76618913646325, 1442542, 13.760171203643282, 78587, 0, 0.0, 1, 
2019-12-06 16:58:48.053,186255600, 191.76618913646325, 1442542, 13.760171203643282, 78587, 0, 0.0, 1, 
2019-12-06 16:58:49.092,186884664, 191.76618913646325, 1442542, 13.760171203643282, 78587, 0, 0.0, 1, 
2019-12-06 16:58:50.137,187743856, 191.76618913646325, 1442542, 13.760171203643282, 78587, 0, 0.0, 1, 
2019-12-06 16:58:51.184,188779960, 176.43341122975343, 1442542, 12.659968660255252, 78587, 0, 0.0, 1, 
2019-12-06 16:58:52.226,189567256, 176.43341122975343, 1442542, 12.659968660255252, 78587, 0, 0.0, 1, 
2019-12-06 16:58:53.286,190584832, 176.43341122975343, 1442542, 12.659968660255252, 78587, 0, 0.0, 1, 
2019-12-06 16:58:54.328,191185024, 176.43341122975343, 1442542, 12.659968660255252, 78587, 0, 0.0, 1, 
2019-12-06 16:58:55.39,191990376, 176.43341122975343, 1442542, 12.659968660255252, 78587, 0, 0.0, 1, 
2019-12-06 16:58:56.431,193001664, 162.32657455593318, 1442542, 11.64773345525012, 78587, 0, 0.0, 1, 
2019-12-06 16:58:57.483,193821312, 162.32657455593318, 1442542, 11.64773345525012, 78587, 0, 0.0, 1, 
2019-12-06 16:58:58.53,194631680, 162.32657455593318, 1442542, 11.64773345525012, 78587, 0, 0.0, 1, 
2019-12-06 16:58:59.562,197626728, 162.32657455593318, 1442542, 11.64773345525012, 78684, 0, 0.0, 1, 
2019-12-06 16:59:00.594,202753064, 162.32657455593318, 1442542, 11.64773345525012, 78814, 0, 0.0, 1, 
2019-12-06 16:59:01.634,203761920, 149.34765826609674, 1442542, 14.346415684422707, 78814, 0, 0.0, 1, 
2019-12-06 16:59:02.673,204565160, 149.34765826609674, 1442542, 14.346415684422707, 78814, 0, 0.0, 1, 
