Timestamp, MemoryUsed, ReadLatency1, ReadCount, WriteLatency1, WriteCount, PendingTasks, WaitingOnCommit1, SRDelay, 
2019-12-06 16:58:36.359,293340712, 218.30047275277354, 1396774, 14.54924435435698, 76198, 0, 0.0, 1, 
2019-12-06 16:58:37.469,294793192, 218.30047275277354, 1396774, 14.54924435435698, 76198, 0, 0.0, 1, 
2019-12-06 16:58:38.564,296862344, 218.30047275277354, 1396774, 14.54924435435698, 76198, 0, 0.0, 1, 
2019-12-06 16:58:39.635,298467560, 218.30047275277354, 1396774, 14.54924435435698, 76198, 0, 0.0, 1, 
2019-12-06 16:58:40.713,299753128, 218.30047275277354, 1396774, 14.54924435435698, 76198, 0, 0.0, 1, 
2019-12-06 16:58:41.767,300533456, 200.84613066713007, 1396774, 14.393391380973881, 76198, 0, 0.0, 1, 
2019-12-06 16:58:42.821,301336248, 200.84613066713007, 1396774, 14.393391380973881, 76198, 0, 0.0, 1, 
2019-12-06 16:58:43.877,302343672, 200.84613066713007, 1396774, 14.393391380973881, 76198, 0, 0.0, 1, 
2019-12-06 16:58:44.921,303112728, 200.84613066713007, 1396774, 14.393391380973881, 76198, 0, 0.0, 1, 
2019-12-06 16:58:45.963,304593008, 184.78736072020428, 1396774, 13.242559347638862, 76198, 0, 0.0, 1, 
2019-12-06 16:58:47.007,305579976, 184.78736072020428, 1396774, 13.242559347638862, 76198, 0, 0.0, 1, 
2019-12-06 16:58:48.063,306382728, 184.78736072020428, 1396774, 13.242559347638862, 76198, 0, 0.0, 1, 
2019-12-06 16:58:49.1,307191176, 184.78736072020428, 1396774, 13.242559347638862, 76198, 0, 0.0, 1, 
2019-12-06 16:58:50.144,308087488, 184.78736072020428, 1396774, 13.242559347638862, 76198, 0, 0.0, 1, 
2019-12-06 16:58:51.192,309058808, 170.01257912471797, 1396774, 12.18374276319247, 76198, 0, 0.0, 1, 
2019-12-06 16:58:52.25,309918232, 170.01257912471797, 1396774, 12.18374276319247, 76198, 0, 0.0, 1, 
2019-12-06 16:58:53.295,310781680, 170.01257912471797, 1396774, 12.18374276319247, 76198, 0, 0.0, 1, 
2019-12-06 16:58:54.337,311430240, 170.01257912471797, 1396774, 12.18374276319247, 76198, 0, 0.0, 1, 
2019-12-06 16:58:55.398,312126528, 170.01257912471797, 1396774, 12.18374276319247, 76198, 0, 0.0, 1, 
2019-12-06 16:58:56.441,313291264, 156.41912384042263, 1396774, 11.209584478555671, 76198, 0, 0.0, 1, 
2019-12-06 16:58:57.495,313929344, 156.41912384042263, 1396774, 11.209584478555671, 76198, 0, 0.0, 1, 
2019-12-06 16:58:58.539,314793816, 156.41912384042263, 1396774, 11.209584478555671, 76198, 0, 0.0, 1, 
2019-12-06 16:58:59.569,317767776, 156.41912384042263, 1396774, 11.209584478555671, 76290, 0, 0.0, 1, 
2019-12-06 16:59:00.602,322814288, 156.41912384042263, 1396774, 11.209584478555671, 76427, 0, 0.0, 1, 
2019-12-06 16:59:01.644,323533512, 143.91254123059326, 1396774, 13.975281399787693, 76427, 0, 0.0, 1, 
2019-12-06 16:59:02.688,324470648, 143.91254123059326, 1396774, 13.975281399787693, 76427, 0, 0.0, 1, 
