Timestamp, MemoryUsed, ReadLatency1, ReadCount, WriteLatency1, WriteCount, PendingTasks, WaitingOnCommit1, SRDelay, 
2019-12-10 14:53:49.641,688406024, 119.143717163186, 2422415, 10.102980140185634, 131207, 0, 0.0, 40, 
2019-12-10 14:53:50.738,690503176, 119.143717163186, 2422415, 10.102980140185634, 131207, 0, 0.0, 40, 
2019-12-10 14:53:51.787,690503176, 119.143717163186, 2422415, 10.102980140185634, 131207, 0, 0.0, 40, 
2019-12-10 14:53:52.837,691551752, 119.143717163186, 2422415, 10.102980140185634, 131207, 0, 0.0, 40, 
2019-12-10 14:53:53.88,692600328, 109.61751151416512, 2422415, 9.295190449088771, 131207, 0, 0.0, 40, 
2019-12-10 14:53:54.925,693648904, 109.61751151416512, 2422415, 9.295190449088771, 131207, 0, 0.0, 40, 
2019-12-10 14:53:55.964,695746056, 109.61751151416512, 2422415, 9.295190449088771, 131207, 0, 0.0, 40, 
2019-12-10 14:53:57.008,695746056, 109.61751151416512, 2422415, 9.295190449088771, 131207, 0, 0.0, 40, 
2019-12-10 14:53:58.043,696794632, 109.61751151416512, 2422415, 9.295190449088771, 131207, 0, 0.0, 40, 
2019-12-10 14:53:59.076,697843208, 100.85297921417316, 2422415, 8.551988055599956, 131207, 0, 0.0, 40, 
2019-12-10 14:54:00.111,698891784, 100.85297921417316, 2422415, 8.551988055599956, 131207, 0, 0.0, 40, 
2019-12-10 14:54:01.153,700988936, 100.85297921417316, 2422463, 8.551988055599956, 131208, 0, 0.0, 40, 
2019-12-10 14:54:02.182,705183240, 100.85297921417316, 2422599, 8.551988055599956, 131218, 0, 0.0, 40, 
2019-12-10 14:54:03.208,711474696, 100.85297921417316, 2422781, 8.551988055599956, 131226, 0, 0.0, 40, 
2019-12-10 14:54:04.237,716717576, 100.19310743005191, 2422998, 8.23600453723654, 131238, 0, 0.0, 40, 
2019-12-10 14:54:05.267,725106184, 100.19310743005191, 2423333, 8.23600453723654, 131256, 0, 0.0, 40, 
2019-12-10 14:54:06.298,735591944, 100.19310743005191, 2423743, 8.23600453723654, 131278, 0, 0.0, 40, 
2019-12-10 14:54:07.327,745029128, 100.19310743005191, 2424188, 8.23600453723654, 131313, 0, 0.0, 40, 
2019-12-10 14:54:08.355,753417736, 100.19310743005191, 2424681, 8.23600453723654, 131336, 0, 0.0, 40, 
2019-12-10 14:54:09.388,764952072, 124.83596994075938, 2425122, 9.576379607613159, 131371, 0, 0.0, 40, 
2019-12-10 14:54:10.418,775437832, 124.83596994075938, 2425546, 9.576379607613159, 131389, 0, 0.0, 40, 
2019-12-10 14:54:11.445,783826440, 124.83596994075938, 2425995, 9.576379607613159, 131410, 0, 0.0, 40, 
2019-12-10 14:54:12.471,793263624, 124.83596994075938, 2426378, 9.576379607613159, 131441, 0, 0.0, 40, 
2019-12-10 14:54:13.567,151840096, 124.83596994075938, 2426793, 9.576379607613159, 131464, 0, 0.0, 40, 
2019-12-10 14:54:14.602,163374432, 147.0447555590642, 2427248, 10.633681916806067, 131489, 0, 0.0, 40, 
2019-12-10 14:54:15.63,175957344, 147.0447555590642, 2427710, 10.633681916806067, 131516, 0, 0.0, 40, 
2019-12-10 14:54:16.657,186443104, 147.0447555590642, 2428215, 10.633681916806067, 131546, 0, 0.0, 40, 
2019-12-10 14:54:17.685,204268896, 147.0447555590642, 2428646, 10.633681916806067, 131569, 0, 0.0, 40, 
2019-12-10 14:54:18.711,215803232, 147.0447555590642, 2429071, 10.633681916806067, 131590, 0, 0.0, 40, 
2019-12-10 14:54:19.74,228386144, 170.51613696697132, 2429537, 11.73437593754677, 131606, 0, 0.0, 40, 
2019-12-10 14:54:20.766,240969056, 170.51613696697132, 2429989, 11.73437593754677, 131634, 0, 0.0, 40, 
2019-12-10 14:54:21.794,252503392, 170.51613696697132, 2430461, 11.73437593754677, 131656, 0, 0.0, 40, 
2019-12-10 14:54:22.826,265086304, 170.51613696697132, 2430948, 11.73437593754677, 131683, 0, 0.0, 40, 
2019-12-10 14:54:23.852,277669216, 170.51613696697132, 2431484, 11.73437593754677, 131703, 0, 0.0, 40, 
2019-12-10 14:54:24.879,292349280, 194.63744683266418, 2432071, 12.603143269877929, 131731, 0, 0.0, 40, 
2019-12-10 14:54:25.906,308077920, 194.63744683266418, 2432684, 12.603143269877929, 131767, 0, 0.0, 40, 
2019-12-10 14:54:26.933,321709408, 194.63744683266418, 2433307, 12.603143269877929, 131800, 0, 0.0, 40, 
2019-12-10 14:54:27.962,338486624, 194.63744683266418, 2433976, 12.603143269877929, 131824, 0, 0.0, 40, 
2019-12-10 14:54:28.986,353166688, 227.27232269754847, 2434591, 13.882181313825688, 131852, 0, 0.0, 40, 
2019-12-10 14:54:30.013,369943904, 227.27232269754847, 2435231, 13.882181313825688, 131884, 0, 0.0, 40, 
2019-12-10 14:54:31.043,384623968, 227.27232269754847, 2435824, 13.882181313825688, 131910, 0, 0.0, 40, 
2019-12-10 14:54:32.066,399304032, 227.27232269754847, 2436432, 13.882181313825688, 131946, 0, 0.0, 40, 
2019-12-10 14:54:33.09,415032672, 227.27232269754847, 2437104, 13.882181313825688, 131980, 0, 0.0, 40, 
2019-12-10 14:54:34.116,432858464, 259.6485521690544, 2437848, 15.282828761296134, 132010, 0, 0.0, 40, 
2019-12-10 14:54:35.174,449635680, 259.6485521690544, 2438534, 15.282828761296134, 132042, 0, 0.0, 40, 
2019-12-10 14:54:36.197,468510048, 259.6485521690544, 2439294, 15.282828761296134, 132084, 0, 0.0, 40, 
2019-12-10 14:54:37.221,486335840, 259.6485521690544, 2440035, 15.282828761296134, 132117, 0, 0.0, 40, 
2019-12-10 14:54:38.25,504161632, 259.6485521690544, 2440776, 15.282828761296134, 132164, 0, 0.0, 40, 
2019-12-10 14:54:39.28,519890272, 295.0969767053147, 2441463, 16.97126454905952, 132198, 0, 0.0, 40, 
2019-12-10 14:54:40.307,536667488, 295.0969767053147, 2442128, 16.97126454905952, 132236, 0, 0.0, 40, 
2019-12-10 14:54:41.331,556590432, 295.0969767053147, 2442900, 16.97126454905952, 132272, 0, 0.0, 40, 
2019-12-10 14:54:42.355,575464800, 295.0969767053147, 2443707, 16.97126454905952, 132302, 0, 0.0, 40, 
2019-12-10 14:54:43.385,594339168, 295.0969767053147, 2444477, 16.97126454905952, 132349, 0, 0.0, 40, 
2019-12-10 14:54:44.416,611116384, 329.3102134147236, 2445213, 18.492718230903215, 132385, 0, 0.0, 40, 
2019-12-10 14:54:45.441,631039328, 329.3102134147236, 2446033, 18.492718230903215, 132426, 0, 0.0, 40, 
2019-12-10 14:54:46.465,648865120, 329.3102134147236, 2446760, 18.492718230903215, 132464, 0, 0.0, 40, 
2019-12-10 14:54:47.488,666690912, 329.3102134147236, 2447517, 18.492718230903215, 132495, 0, 0.0, 40, 
2019-12-10 14:54:48.516,684516704, 329.3102134147236, 2448241, 18.492718230903215, 132542, 0, 0.0, 40, 
2019-12-10 14:54:49.541,702342496, 361.715395545906, 2448969, 20.180363300335163, 132591, 0, 0.0, 40, 
2019-12-10 14:54:50.571,721216864, 361.715395545906, 2449727, 20.180363300335163, 132633, 0, 0.0, 40, 
2019-12-10 14:54:51.598,741139808, 361.715395545906, 2450530, 20.180363300335163, 132660, 0, 0.0, 40, 
2019-12-10 14:54:52.63,760014176, 361.715395545906, 2451368, 20.180363300335163, 132706, 0, 0.0, 40, 
2019-12-10 14:54:53.656,782034272, 361.715395545906, 2452251, 20.180363300335163, 132747, 0, 0.0, 40, 
2019-12-10 14:54:54.684,161839912, 395.12760371242683, 2452958, 21.605142783749656, 132784, 0, 0.0, 40, 
2019-12-10 14:54:55.722,182811432, 395.12760371242683, 2453948, 21.605142783749656, 132837, 0, 0.0, 40, 
2019-12-10 14:54:56.765,198540072, 395.12760371242683, 2454517, 21.605142783749656, 132869, 0, 0.0, 40, 
2019-12-10 14:54:57.795,212171560, 395.12760371242683, 2455014, 21.605142783749656, 132897, 0, 0.0, 40, 
2019-12-10 14:54:58.824,223705896, 395.12760371242683, 2455460, 21.605142783749656, 132934, 0, 0.0, 40, 
2019-12-10 14:54:59.859,237337384, 413.13939002545476, 2455953, 22.772083135876397, 132961, 0, 0.0, 40, 
2019-12-10 14:55:00.885,252017448, 413.13939002545476, 2456430, 22.772083135876397, 132985, 0, 0.0, 40, 
2019-12-10 14:55:01.913,263551784, 413.13939002545476, 2456929, 22.772083135876397, 133010, 0, 0.0, 40, 
2019-12-10 14:55:02.94,278231848, 413.13939002545476, 2457478, 22.772083135876397, 133036, 0, 0.0, 40, 
2019-12-10 14:55:03.965,293960488, 420.45217663432874, 2458051, 22.93422641583047, 133063, 0, 0.0, 40, 
2019-12-10 14:55:04.992,310737704, 420.45217663432874, 2458685, 22.93422641583047, 133095, 0, 0.0, 40, 
2019-12-10 14:55:06.025,327514920, 420.45217663432874, 2459359, 22.93422641583047, 133129, 0, 0.0, 40, 
2019-12-10 14:55:07.048,346389288, 420.45217663432874, 2460094, 22.93422641583047, 133166, 0, 0.0, 40, 
2019-12-10 14:55:08.075,367360808, 420.45217663432874, 2460988, 22.93422641583047, 133210, 0, 0.0, 40, 
2019-12-10 14:55:09.102,388332328, 445.68198756397385, 2461863, 24.01089022522174, 133252, 0, 0.0, 40, 
2019-12-10 14:55:10.128,411401000, 445.68198756397385, 2462779, 24.01089022522174, 133300, 0, 0.0, 40, 
2019-12-10 14:55:11.154,433421096, 445.68198756397385, 2463656, 24.01089022522174, 133347, 0, 0.0, 40, 
2019-12-10 14:55:12.182,454392616, 445.68198756397385, 2464557, 24.01089022522174, 133399, 0, 0.0, 40, 
2019-12-10 14:55:13.209,476412712, 445.68198756397385, 2465467, 24.01089022522174, 133440, 0, 0.0, 40, 
2019-12-10 14:55:14.235,497384232, 479.51263592917354, 2466352, 25.78503348611834, 133487, 0, 0.0, 40, 
2019-12-10 14:55:15.27,519404328, 479.51263592917354, 2467199, 25.78503348611834, 133530, 0, 0.0, 40, 
2019-12-10 14:55:16.3,541424424, 479.51263592917354, 2468133, 25.78503348611834, 133584, 0, 0.0, 40, 
2019-12-10 14:55:17.324,564493096, 479.51263592917354, 2469062, 25.78503348611834, 133631, 0, 0.0, 40, 
2019-12-10 14:55:18.358,584416040, 479.51263592917354, 2469964, 25.78503348611834, 133681, 0, 0.0, 40, 
2019-12-10 14:55:19.387,608533288, 511.7737043131278, 2470929, 27.513270786503323, 133726, 0, 0.0, 40, 
2019-12-10 14:55:20.412,634747688, 511.7737043131278, 2471850, 27.513270786503323, 133789, 0, 0.0, 40, 
2019-12-10 14:55:21.437,656767784, 511.7737043131278, 2472837, 27.513270786503323, 133852, 0, 0.0, 40, 
2019-12-10 14:55:22.47,679836456, 511.7737043131278, 2473750, 27.513270786503323, 133895, 0, 0.0, 40, 
2019-12-10 14:55:23.498,701856552, 511.7737043131278, 2474700, 27.513270786503323, 133958, 0, 0.0, 40, 
2019-12-10 14:55:24.525,724925224, 543.8220054167316, 2475641, 29.583059374100646, 134008, 0, 0.0, 40, 
2019-12-10 14:55:25.552,749042472, 543.8220054167316, 2476597, 29.583059374100646, 134071, 0, 0.0, 40, 
2019-12-10 14:55:26.578,772111144, 543.8220054167316, 2477581, 29.583059374100646, 134133, 0, 0.0, 40, 
2019-12-10 14:55:27.603,795179816, 543.8220054167316, 2478595, 29.583059374100646, 134184, 0, 0.0, 40, 
2019-12-10 14:55:28.631,183935552, 543.8220054167316, 2479549, 29.583059374100646, 134237, 0, 0.0, 40, 
2019-12-10 14:55:29.657,207004224, 576.7459560164002, 2480547, 31.48735680358308, 134286, 0, 0.0, 40, 
2019-12-10 14:55:30.684,232170048, 576.7459560164002, 2481530, 31.48735680358308, 134341, 0, 0.0, 40, 
2019-12-10 14:55:31.709,258384448, 576.7459560164002, 2482630, 31.48735680358308, 134398, 0, 0.0, 40, 
2019-12-10 14:55:32.737,282501696, 576.7459560164002, 2483616, 31.48735680358308, 134451, 0, 0.0, 40, 
2019-12-10 14:55:33.759,307667520, 576.7459560164002, 2484672, 31.48735680358308, 134508, 0, 0.0, 40, 
2019-12-10 14:55:34.782,334930496, 610.6034719806893, 2485761, 33.287368368593775, 134572, 0, 0.0, 40, 
2019-12-10 14:55:35.808,360096320, 610.6034719806893, 2486846, 33.287368368593775, 134637, 0, 0.0, 40, 
2019-12-10 14:55:36.831,387359296, 610.6034719806893, 2487948, 33.287368368593775, 134697, 0, 0.0, 40, 
2019-12-10 14:55:37.857,412525120, 610.6034719806893, 2489086, 33.287368368593775, 134767, 0, 0.0, 40, 
2019-12-10 14:55:38.889,439788096, 649.029848705588, 2490259, 35.42319246747412, 134813, 0, 0.0, 40, 
2019-12-10 14:55:39.916,467051072, 649.029848705588, 2491457, 35.42319246747412, 134868, 0, 0.0, 40, 
2019-12-10 14:55:40.938,495362624, 649.029848705588, 2492621, 35.42319246747412, 134932, 0, 0.0, 40, 
2019-12-10 14:55:41.96,523674176, 649.029848705588, 2493836, 35.42319246747412, 134994, 0, 0.0, 40, 
2019-12-10 14:55:42.982,548840000, 649.029848705588, 2494952, 35.42319246747412, 135044, 0, 0.0, 40, 
2019-12-10 14:55:44.004,576102976, 687.8379032737868, 2496077, 37.020449807574565, 135096, 0, 0.0, 40, 
2019-12-10 14:55:45.029,604414528, 687.8379032737868, 2497312, 37.020449807574565, 135168, 0, 0.0, 40, 
2019-12-10 14:55:46.052,634823232, 687.8379032737868, 2498504, 37.020449807574565, 135222, 0, 0.0, 40, 
2019-12-10 14:55:47.074,673620544, 687.8379032737868, 2499643, 37.020449807574565, 135285, 0, 0.0, 40, 
2019-12-10 14:55:48.102,702980672, 687.8379032737868, 2500863, 37.020449807574565, 135348, 0, 0.0, 40, 
2019-12-10 14:55:49.125,730243648, 726.5493671318253, 2502068, 38.90576654598719, 135410, 0, 0.0, 40, 
2019-12-10 14:55:50.147,753312320, 726.5493671318253, 2503065, 38.90576654598719, 135460, 0, 0.0, 40, 
2019-12-10 14:55:51.171,766943808, 726.5493671318253, 2503531, 38.90576654598719, 135480, 0, 0.0, 40, 
2019-12-10 14:55:52.197,780575296, 726.5493671318253, 2504018, 38.90576654598719, 135503, 0, 0.0, 40, 
2019-12-10 14:55:53.222,795255360, 726.5493671318253, 2504536, 38.90576654598719, 135533, 0, 0.0, 40, 
2019-12-10 14:55:54.248,172538368, 717.5823988338493, 2505029, 38.30563858814714, 135562, 0, 0.0, 40, 
2019-12-10 14:55:55.274,185121280, 717.5823988338493, 2505509, 38.30563858814714, 135591, 0, 0.0, 40, 
2019-12-10 14:55:56.303,197704192, 717.5823988338493, 2505990, 38.30563858814714, 135616, 0, 0.0, 40, 
2019-12-10 14:55:57.329,211335680, 717.5823988338493, 2506484, 38.30563858814714, 135636, 0, 0.0, 40, 
2019-12-10 14:55:58.366,223918592, 717.5823988338493, 2506965, 38.30563858814714, 135658, 0, 0.0, 40, 
2019-12-10 14:55:59.392,236501504, 697.8507676759091, 2507441, 37.14583176365636, 135680, 0, 0.0, 40, 
2019-12-10 14:56:00.422,249084416, 697.8507676759091, 2507936, 37.14583176365636, 135704, 0, 0.0, 40, 
2019-12-10 14:56:01.46,262715904, 697.8507676759091, 2508457, 37.14583176365636, 135720, 0, 0.0, 40, 
2019-12-10 14:56:02.487,276347392, 697.8507676759091, 2508955, 37.14583176365636, 135754, 0, 0.0, 40, 
2019-12-10 14:56:03.517,289978880, 697.8507676759091, 2509434, 37.14583176365636, 135772, 0, 0.0, 40, 
2019-12-10 14:56:04.546,302561792, 680.7202221302649, 2509918, 35.88686456784502, 135799, 0, 0.0, 40, 
2019-12-10 14:56:05.573,317241856, 680.7202221302649, 2510372, 35.88686456784502, 135828, 0, 0.0, 40, 
2019-12-10 14:56:06.607,331921920, 680.7202221302649, 2510857, 35.88686456784502, 135850, 0, 0.0, 40, 
2019-12-10 14:56:07.636,343456256, 680.7202221302649, 2511330, 35.88686456784502, 135880, 0, 0.0, 40, 
2019-12-10 14:56:08.667,357087744, 680.7202221302649, 2511817, 35.88686456784502, 135904, 0, 0.0, 40, 
2019-12-10 14:56:09.696,371767808, 663.1203809179161, 2512335, 35.192301226287185, 135936, 0, 0.0, 40, 
2019-12-10 14:56:10.727,383302144, 663.1203809179161, 2512783, 35.192301226287185, 135965, 0, 0.0, 40, 
2019-12-10 14:56:11.759,396933632, 663.1203809179161, 2513271, 35.192301226287185, 135998, 0, 0.0, 40, 
2019-12-10 14:56:12.803,410565120, 663.1203809179161, 2513803, 35.192301226287185, 136019, 0, 0.0, 40, 
2019-12-10 14:56:13.828,423148032, 663.1203809179161, 2514284, 35.192301226287185, 136044, 0, 0.0, 40, 
2019-12-10 14:56:14.856,435730944, 648.3189724975815, 2514768, 34.50529875205821, 136067, 0, 0.0, 40, 
2019-12-10 14:56:15.889,450411008, 648.3189724975815, 2515282, 34.50529875205821, 136093, 0, 0.0, 40, 
2019-12-10 14:56:16.919,462993920, 648.3189724975815, 2515761, 34.50529875205821, 136125, 0, 0.0, 40, 
2019-12-10 14:56:17.949,475576832, 648.3189724975815, 2516261, 34.50529875205821, 136142, 0, 0.0, 40, 
2019-12-10 14:56:18.977,488159744, 634.4771437127672, 2516735, 33.64935032376942, 136165, 0, 0.0, 40, 
2019-12-10 14:56:20.007,501791232, 634.4771437127672, 2517214, 33.64935032376942, 136189, 0, 0.0, 40, 
2019-12-10 14:56:21.036,513325568, 634.4771437127672, 2517678, 33.64935032376942, 136208, 0, 0.0, 40, 
2019-12-10 14:56:22.068,526957056, 634.4771437127672, 2518166, 33.64935032376942, 136231, 0, 0.0, 40, 
2019-12-10 14:56:23.097,539539968, 634.4771437127672, 2518651, 33.64935032376942, 136260, 0, 0.0, 40, 
2019-12-10 14:56:24.125,553171456, 621.2303307046711, 2519152, 32.79787528481502, 136286, 0, 0.0, 40, 
2019-12-10 14:56:25.154,566802944, 621.2303307046711, 2519602, 32.79787528481502, 136314, 0, 0.0, 40, 
2019-12-10 14:56:26.185,579385856, 621.2303307046711, 2520090, 32.79787528481502, 136340, 0, 0.0, 40, 
2019-12-10 14:56:27.211,591968768, 621.2303307046711, 2520539, 32.79787528481502, 136373, 0, 0.0, 40, 
2019-12-10 14:56:28.236,604551680, 621.2303307046711, 2521017, 32.79787528481502, 136395, 0, 0.0, 40, 
2019-12-10 14:56:29.263,618183168, 608.4350119361162, 2521533, 32.286329421289054, 136421, 0, 0.0, 40, 
2019-12-10 14:56:30.288,629717504, 608.4350119361162, 2522040, 32.286329421289054, 136445, 0, 0.0, 40, 
2019-12-10 14:56:31.327,643348992, 608.4350119361162, 2522536, 32.286329421289054, 136464, 0, 0.0, 40, 
2019-12-10 14:56:32.36,655931904, 608.4350119361162, 2522993, 32.286329421289054, 136492, 0, 0.0, 40, 
2019-12-10 14:56:33.384,669563392, 608.4350119361162, 2523468, 32.286329421289054, 136523, 0, 0.0, 40, 
2019-12-10 14:56:34.418,682146304, 597.926048618562, 2523977, 31.655773335983895, 136550, 0, 0.0, 40, 
2019-12-10 14:56:35.449,694729216, 597.926048618562, 2524436, 31.655773335983895, 136578, 0, 0.0, 40, 
2019-12-10 14:56:36.475,708360704, 597.926048618562, 2524894, 31.655773335983895, 136605, 0, 0.0, 40, 
2019-12-10 14:56:37.5,720943616, 597.926048618562, 2525364, 31.655773335983895, 136632, 0, 0.0, 40, 
2019-12-10 14:56:38.529,732477952, 597.926048618562, 2525832, 31.655773335983895, 136661, 0, 0.0, 40, 
2019-12-10 14:56:39.554,746109440, 586.4983127365472, 2526304, 31.347482721848657, 136687, 0, 0.0, 40, 
2019-12-10 14:56:40.585,758692352, 586.4983127365472, 2526788, 31.347482721848657, 136707, 0, 0.0, 40, 
2019-12-10 14:56:41.612,771275264, 586.4983127365472, 2527247, 31.347482721848657, 136736, 0, 0.0, 40, 
2019-12-10 14:56:42.644,783858176, 586.4983127365472, 2527729, 31.347482721848657, 136771, 0, 0.0, 40, 
2019-12-10 14:56:43.669,797489664, 586.4983127365472, 2528204, 31.347482721848657, 136792, 0, 0.0, 40, 
2019-12-10 14:56:44.692,172782328, 576.432039444516, 2528682, 30.823974908118856, 136818, 0, 0.0, 40, 
2019-12-10 14:56:45.721,184316664, 576.432039444516, 2529144, 30.823974908118856, 136835, 0, 0.0, 40, 
2019-12-10 14:56:46.746,200045304, 576.432039444516, 2529673, 30.823974908118856, 136860, 0, 0.0, 40, 
2019-12-10 14:56:47.772,212628216, 576.432039444516, 2530160, 30.823974908118856, 136877, 0, 0.0, 40, 
2019-12-10 14:56:48.795,225211128, 576.432039444516, 2530659, 30.823974908118856, 136895, 0, 0.0, 40, 
2019-12-10 14:56:49.819,236745464, 568.5778392285742, 2531113, 29.97452877537683, 136918, 0, 0.0, 40, 
2019-12-10 14:56:50.848,250376952, 568.5778392285742, 2531610, 29.97452877537683, 136949, 0, 0.0, 40, 
2019-12-10 14:56:51.873,262959864, 568.5778392285742, 2532074, 29.97452877537683, 136969, 0, 0.0, 40, 
2019-12-10 14:56:52.897,275542776, 568.5778392285742, 2532555, 29.97452877537683, 136994, 0, 0.0, 40, 
2019-12-10 14:56:53.922,288125688, 560.2482391104013, 2533038, 29.576787415198297, 137022, 0, 0.0, 40, 
2019-12-10 14:56:54.945,301757176, 560.2482391104013, 2533515, 29.576787415198297, 137047, 0, 0.0, 40, 
2019-12-10 14:56:55.971,318534392, 560.2482391104013, 2534006, 29.576787415198297, 137073, 0, 0.0, 40, 
2019-12-10 14:56:56.998,331117304, 560.2482391104013, 2534479, 29.576787415198297, 137101, 0, 0.0, 40, 
2019-12-10 14:56:58.023,342651640, 560.2482391104013, 2534911, 29.576787415198297, 137128, 0, 0.0, 40, 
2019-12-10 14:56:59.049,355234552, 552.2008502358013, 2535390, 29.1788654641507, 137146, 0, 0.0, 40, 
2019-12-10 14:57:00.072,369914616, 552.2008502358013, 2535876, 29.1788654641507, 137171, 0, 0.0, 40, 
2019-12-10 14:57:01.1,381448952, 552.2008502358013, 2536366, 29.1788654641507, 137190, 0, 0.0, 40, 
2019-12-10 14:57:02.125,395080440, 552.2008502358013, 2536834, 29.1788654641507, 137215, 0, 0.0, 40, 
2019-12-10 14:57:03.155,407663352, 552.2008502358013, 2537291, 29.1788654641507, 137235, 0, 0.0, 40, 
2019-12-10 14:57:04.183,421294840, 545.2446463274514, 2537780, 28.54091060537066, 137256, 0, 0.0, 40, 
2019-12-10 14:57:05.209,432829176, 545.2446463274514, 2538275, 28.54091060537066, 137278, 0, 0.0, 40, 
2019-12-10 14:57:06.235,447509240, 545.2446463274514, 2538788, 28.54091060537066, 137304, 0, 0.0, 40, 
2019-12-10 14:57:07.267,460092152, 545.2446463274514, 2539287, 28.54091060537066, 137330, 0, 0.0, 40, 
2019-12-10 14:57:08.293,472675064, 545.2446463274514, 2539770, 28.54091060537066, 137354, 0, 0.0, 40, 
2019-12-10 14:57:09.32,486306552, 540.5716704185578, 2540271, 28.193830556876467, 137387, 0, 0.0, 40, 
2019-12-10 14:57:10.347,498889464, 540.5716704185578, 2540749, 28.193830556876467, 137412, 0, 0.0, 40, 
2019-12-10 14:57:11.373,512520952, 540.5716704185578, 2541248, 28.193830556876467, 137433, 0, 0.0, 40, 
2019-12-10 14:57:12.396,526152440, 540.5716704185578, 2541754, 28.193830556876467, 137471, 0, 0.0, 40, 
2019-12-10 14:57:13.428,538735352, 540.5716704185578, 2542222, 28.193830556876467, 137491, 0, 0.0, 40, 
2019-12-10 14:57:14.454,551318264, 535.1849290728417, 2542716, 28.13035937001628, 137524, 0, 0.0, 40, 
2019-12-10 14:57:15.482,564949752, 535.1849290728417, 2543215, 28.13035937001628, 137555, 0, 0.0, 40, 
2019-12-10 14:57:16.508,577532664, 535.1849290728417, 2543673, 28.13035937001628, 137575, 0, 0.0, 40, 
2019-12-10 14:57:17.532,591164152, 535.1849290728417, 2544148, 28.13035937001628, 137594, 0, 0.0, 40, 
2019-12-10 14:57:18.558,602698488, 535.1849290728417, 2544627, 28.13035937001628, 137622, 0, 0.0, 40, 
2019-12-10 14:57:19.583,615281400, 529.8770832090319, 2545088, 27.784122951721233, 137649, 0, 0.0, 40, 
2019-12-10 14:57:20.608,627864312, 529.8770832090319, 2545570, 27.784122951721233, 137673, 0, 0.0, 40, 
2019-12-10 14:57:21.635,641495800, 529.8770832090319, 2546060, 27.784122951721233, 137701, 0, 0.0, 40, 
2019-12-10 14:57:22.661,655127288, 529.8770832090319, 2546544, 27.784122951721233, 137721, 0, 0.0, 40, 
2019-12-10 14:57:23.686,667710200, 529.8770832090319, 2547025, 27.784122951721233, 137739, 0, 0.0, 40, 
2019-12-10 14:57:24.712,679244536, 525.0256115024685, 2547499, 27.401605600631072, 137757, 0, 0.0, 40, 
2019-12-10 14:57:25.743,693924600, 525.0256115024685, 2548073, 27.401605600631072, 137788, 0, 0.0, 40, 
2019-12-10 14:57:26.768,710701816, 525.0256115024685, 2548684, 27.401605600631072, 137822, 0, 0.0, 40, 
2019-12-10 14:57:27.792,725381880, 525.0256115024685, 2549285, 27.401605600631072, 137858, 0, 0.0, 40, 
2019-12-10 14:57:28.815,745304824, 525.0256115024685, 2550021, 27.401605600631072, 137889, 0, 0.0, 40, 
2019-12-10 14:57:29.837,764179192, 529.9648188957042, 2550773, 27.593370628782367, 137930, 0, 0.0, 40, 
2019-12-10 14:57:30.861,785150712, 529.9648188957042, 2551661, 27.593370628782367, 137988, 0, 0.0, 40, 
2019-12-10 14:57:31.883,808219384, 529.9648188957042, 2552608, 27.593370628782367, 138033, 0, 0.0, 40, 
2019-12-10 14:57:32.915,189636680, 529.9648188957042, 2553437, 27.593370628782367, 138069, 0, 0.0, 40, 
2019-12-10 14:57:33.941,211656776, 555.7293214279242, 2554372, 28.921163401191947, 138114, 0, 0.0, 40, 
2019-12-10 14:57:34.965,235774024, 555.7293214279242, 2555325, 28.921163401191947, 138167, 0, 0.0, 40, 
2019-12-10 14:57:35.988,259891272, 555.7293214279242, 2556259, 28.921163401191947, 138215, 0, 0.0, 40, 
2019-12-10 14:57:37.02,280862792, 555.7293214279242, 2557145, 28.921163401191947, 138268, 0, 0.0, 40, 
2019-12-10 14:57:38.051,301834312, 555.7293214279242, 2558015, 28.921163401191947, 138323, 0, 0.0, 40, 
2019-12-10 14:57:39.084,322805832, 581.1288664882546, 2558899, 30.670498588679035, 138377, 0, 0.0, 40, 
2019-12-10 14:57:40.131,345874504, 581.1288664882546, 2559820, 30.670498588679035, 138416, 0, 0.0, 40, 
2019-12-10 14:57:41.156,367894600, 581.1288664882546, 2560690, 30.670498588679035, 138460, 0, 0.0, 40, 
2019-12-10 14:57:42.18,389914696, 581.1288664882546, 2561652, 30.670498588679035, 138505, 0, 0.0, 40, 
2019-12-10 14:57:43.206,412983368, 581.1288664882546, 2562571, 30.670498588679035, 138543, 0, 0.0, 40, 
2019-12-10 14:57:44.23,435003464, 606.2406078162181, 2563501, 31.624328857201515, 138598, 0, 0.0, 40, 
2019-12-10 14:57:45.258,459120712, 606.2406078162181, 2564434, 31.624328857201515, 138647, 0, 0.0, 40, 
2019-12-10 14:57:46.285,482189384, 606.2406078162181, 2565416, 31.624328857201515, 138689, 0, 0.0, 40, 
2019-12-10 14:57:47.307,502112328, 606.2406078162181, 2566244, 31.624328857201515, 138745, 0, 0.0, 40, 
2019-12-10 14:57:48.331,529375304, 606.2406078162181, 2567165, 31.624328857201515, 138800, 0, 0.0, 40, 
2019-12-10 14:57:49.355,553492552, 630.0001609666668, 2568163, 33.04559304878062, 138856, 0, 0.0, 40, 
2019-12-10 14:57:50.377,576561224, 630.0001609666668, 2569147, 33.04559304878062, 138903, 0, 0.0, 40, 
2019-12-10 14:57:51.401,600678472, 630.0001609666668, 2570146, 33.04559304878062, 138970, 0, 0.0, 40, 
2019-12-10 14:57:52.426,623747144, 630.0001609666668, 2571108, 33.04559304878062, 139017, 0, 0.0, 40, 
2019-12-10 14:57:53.448,647864392, 630.0001609666668, 2572129, 33.04559304878062, 139076, 0, 0.0, 40, 
2019-12-10 14:57:54.472,673030216, 657.4249138786249, 2573147, 34.768988273883146, 139135, 0, 0.0, 40, 
2019-12-10 14:57:55.496,698196040, 657.4249138786249, 2574186, 34.768988273883146, 139204, 0, 0.0, 40, 
2019-12-10 14:57:56.518,722313288, 657.4249138786249, 2575213, 34.768988273883146, 139260, 0, 0.0, 40, 
2019-12-10 14:57:57.54,748527688, 657.4249138786249, 2576317, 34.768988273883146, 139326, 0, 0.0, 40, 
2019-12-10 14:57:58.564,772644936, 657.4249138786249, 2577374, 34.768988273883146, 139399, 0, 0.0, 40, 
2019-12-10 14:57:59.587,799907912, 687.1344173986191, 2578496, 37.12216204449607, 139452, 0, 0.0, 40, 
2019-12-10 14:58:00.609,187504640, 687.1344173986191, 2579587, 37.12216204449607, 139514, 0, 0.0, 40, 
2019-12-10 14:58:01.638,212670464, 687.1344173986191, 2580704, 37.12216204449607, 139571, 0, 0.0, 40, 
2019-12-10 14:58:02.659,239933440, 687.1344173986191, 2581854, 37.12216204449607, 139637, 0, 0.0, 40, 
2019-12-10 14:58:03.682,269293568, 687.1344173986191, 2583098, 37.12216204449607, 139702, 0, 0.0, 40, 
2019-12-10 14:58:04.705,297605120, 721.8243940277022, 2584303, 38.823444033650794, 139771, 0, 0.0, 40, 
2019-12-10 14:58:05.729,324868096, 721.8243940277022, 2585518, 38.823444033650794, 139853, 0, 0.0, 40, 
2019-12-10 14:58:06.751,355276800, 721.8243940277022, 2586775, 38.823444033650794, 139923, 0, 0.0, 40, 
2019-12-10 14:58:07.773,384636928, 721.8243940277022, 2588006, 38.823444033650794, 139984, 0, 0.0, 40, 
2019-12-10 14:58:08.799,412948480, 721.8243940277022, 2589265, 38.823444033650794, 140055, 0, 0.0, 40, 
2019-12-10 14:58:09.825,442308608, 760.9367159522727, 2590533, 41.268210464559495, 140113, 0, 0.0, 40, 
2019-12-10 14:58:10.847,470620160, 760.9367159522727, 2591769, 41.268210464559495, 140172, 0, 0.0, 40, 
2019-12-10 14:58:11.873,498931712, 760.9367159522727, 2592973, 41.268210464559495, 140231, 0, 0.0, 40, 
2019-12-10 14:58:12.911,514660352, 760.9367159522727, 2593551, 41.268210464559495, 140262, 0, 0.0, 40, 
2019-12-10 14:58:13.944,528291840, 774.5182342612943, 2594045, 41.53460564719754, 140284, 0, 0.0, 40, 
2019-12-10 14:58:14.977,540874752, 774.5182342612943, 2594499, 41.53460564719754, 140307, 0, 0.0, 40, 
2019-12-10 14:58:16.005,555554816, 774.5182342612943, 2594990, 41.53460564719754, 140336, 0, 0.0, 40, 
2019-12-10 14:58:17.031,567089152, 774.5182342612943, 2595491, 41.53460564719754, 140354, 0, 0.0, 40, 
2019-12-10 14:58:18.059,580720640, 774.5182342612943, 2595945, 41.53460564719754, 140389, 0, 0.0, 40, 
2019-12-10 14:58:19.086,593303552, 749.738540423886, 2596423, 40.19658045672843, 140413, 0, 0.0, 40, 
2019-12-10 14:58:20.112,609032192, 749.738540423886, 2596901, 40.19658045672843, 140439, 0, 0.0, 40, 
2019-12-10 14:58:21.142,621615104, 749.738540423886, 2597397, 40.19658045672843, 140456, 0, 0.0, 40, 
2019-12-10 14:58:22.167,636295168, 749.738540423886, 2597913, 40.19658045672843, 140479, 0, 0.0, 40, 
2019-12-10 14:58:23.194,648878080, 749.738540423886, 2598425, 40.19658045672843, 140506, 0, 0.0, 40, 
2019-12-10 14:58:24.225,662509568, 728.491259868745, 2598922, 38.901573385307444, 140534, 0, 0.0, 40, 
2019-12-10 14:58:25.25,675092480, 728.491259868745, 2599406, 38.901573385307444, 140554, 0, 0.0, 40, 
2019-12-10 14:58:26.277,688723968, 728.491259868745, 2599917, 38.901573385307444, 140582, 0, 0.0, 40, 
2019-12-10 14:58:27.302,702355456, 728.491259868745, 2600419, 38.901573385307444, 140606, 0, 0.0, 40, 
2019-12-10 14:58:28.337,715986944, 728.491259868745, 2600934, 38.901573385307444, 140623, 0, 0.0, 40, 
2019-12-10 14:58:29.37,728569856, 709.3266048777045, 2601415, 37.534207074525604, 140657, 0, 0.0, 40, 
2019-12-10 14:58:30.402,742201344, 709.3266048777045, 2601858, 37.534207074525604, 140687, 0, 0.0, 40, 
2019-12-10 14:58:31.431,753735680, 709.3266048777045, 2602310, 37.534207074525604, 140720, 0, 0.0, 40, 
2019-12-10 14:58:32.468,767367168, 709.3266048777045, 2602813, 37.534207074525604, 140745, 0, 0.0, 40, 
2019-12-10 14:58:33.497,780998656, 709.3266048777045, 2603309, 37.534207074525604, 140781, 0, 0.0, 40, 
2019-12-10 14:58:34.524,793581568, 689.2636212996312, 2603803, 36.96378737172628, 140801, 0, 0.0, 40, 
2019-12-10 14:58:35.55,807213056, 689.2636212996312, 2604291, 36.96378737172628, 140834, 0, 0.0, 40, 
2019-12-10 14:58:36.576,178328952, 689.2636212996312, 2604783, 36.96378737172628, 140851, 0, 0.0, 40, 
2019-12-10 14:58:37.605,191960440, 689.2636212996312, 2605265, 36.96378737172628, 140874, 0, 0.0, 40, 
2019-12-10 14:58:38.639,203494776, 689.2636212996312, 2605724, 36.96378737172628, 140901, 0, 0.0, 40, 
2019-12-10 14:58:39.667,217126264, 671.8921812788661, 2606187, 35.91126904672479, 140935, 0, 0.0, 40, 
2019-12-10 14:58:40.693,230757752, 671.8921812788661, 2606681, 35.91126904672479, 140955, 0, 0.0, 40, 
2019-12-10 14:58:41.721,245437816, 671.8921812788661, 2607168, 35.91126904672479, 140981, 0, 0.0, 40, 
2019-12-10 14:58:42.752,258020728, 671.8921812788661, 2607665, 35.91126904672479, 141009, 0, 0.0, 40, 
2019-12-10 14:58:43.776,270603640, 671.8921812788661, 2608138, 35.91126904672479, 141031, 0, 0.0, 40, 
2019-12-10 14:58:44.807,285283704, 655.7018003917292, 2608642, 35.08682549417937, 141066, 0, 0.0, 40, 
2019-12-10 14:58:45.842,297866616, 655.7018003917292, 2609126, 35.08682549417937, 141097, 0, 0.0, 40, 
2019-12-10 14:58:46.869,310449528, 655.7018003917292, 2609636, 35.08682549417937, 141124, 0, 0.0, 40, 
2019-12-10 14:58:47.895,325129592, 655.7018003917292, 2610151, 35.08682549417937, 141147, 0, 0.0, 40, 
2019-12-10 14:58:48.924,338761080, 642.4050425932111, 2610663, 34.39226527677934, 141168, 0, 0.0, 40, 
2019-12-10 14:58:49.949,350295416, 642.4050425932111, 2611114, 34.39226527677934, 141199, 0, 0.0, 40, 
2019-12-10 14:58:50.978,364975480, 642.4050425932111, 2611610, 34.39226527677934, 141222, 0, 0.0, 40, 
2019-12-10 14:58:52.004,378606968, 642.4050425932111, 2612085, 34.39226527677934, 141260, 0, 0.0, 40, 
2019-12-10 14:58:53.028,391189880, 642.4050425932111, 2612558, 34.39226527677934, 141281, 0, 0.0, 40, 
2019-12-10 14:58:54.055,403772792, 628.0126340429973, 2613044, 33.81720349643326, 141310, 0, 0.0, 40, 
2019-12-10 14:58:55.081,417404280, 628.0126340429973, 2613499, 33.81720349643326, 141331, 0, 0.0, 40, 
2019-12-10 14:58:56.109,429987192, 628.0126340429973, 2613974, 33.81720349643326, 141355, 0, 0.0, 40, 
2019-12-10 14:58:57.143,444667256, 628.0126340429973, 2614508, 33.81720349643326, 141376, 0, 0.0, 40, 
2019-12-10 14:58:58.168,457250168, 628.0126340429973, 2614996, 33.81720349643326, 141400, 0, 0.0, 40, 
2019-12-10 14:58:59.218,471930232, 615.9863038409442, 2615521, 32.84036983928326, 141424, 0, 0.0, 40, 
2019-12-10 14:59:00.24,483464568, 615.9863038409442, 2615982, 32.84036983928326, 141447, 0, 0.0, 40, 
2019-12-10 14:59:01.264,497096056, 615.9863038409442, 2616482, 32.84036983928326, 141471, 0, 0.0, 40, 
2019-12-10 14:59:02.288,510727544, 615.9863038409442, 2616992, 32.84036983928326, 141490, 0, 0.0, 40, 
2019-12-10 14:59:03.311,526456184, 615.9863038409442, 2617465, 32.84036983928326, 141507, 0, 0.0, 40, 
2019-12-10 14:59:04.337,539039096, 604.8415903246864, 2617955, 31.94163948900047, 141530, 0, 0.0, 40, 
2019-12-10 14:59:05.363,551622008, 604.8415903246864, 2618429, 31.94163948900047, 141554, 0, 0.0, 40, 
2019-12-10 14:59:06.389,564204920, 604.8415903246864, 2618910, 31.94163948900047, 141576, 0, 0.0, 40, 
2019-12-10 14:59:07.415,576787832, 604.8415903246864, 2619378, 31.94163948900047, 141602, 0, 0.0, 40, 
2019-12-10 14:59:08.439,589370744, 604.8415903246864, 2619869, 31.94163948900047, 141627, 0, 0.0, 40, 
2019-12-10 14:59:09.463,604050808, 594.1881809745563, 2620355, 31.306661054854555, 141650, 0, 0.0, 40, 
2019-12-10 14:59:10.494,616633720, 594.1881809745563, 2620862, 31.306661054854555, 141676, 0, 0.0, 40, 
2019-12-10 14:59:11.52,630265208, 594.1881809745563, 2621388, 31.306661054854555, 141694, 0, 0.0, 40, 
2019-12-10 14:59:12.548,644945272, 594.1881809745563, 2621873, 31.306661054854555, 141727, 0, 0.0, 40, 
2019-12-10 14:59:13.571,657528184, 594.1881809745563, 2622391, 31.306661054854555, 141739, 0, 0.0, 40, 
2019-12-10 14:59:14.594,671159672, 585.7777983906589, 2622882, 30.56254152236718, 141765, 0, 0.0, 40, 
2019-12-10 14:59:15.624,683742584, 585.7777983906589, 2623349, 30.56254152236718, 141799, 0, 0.0, 40, 
2019-12-10 14:59:16.65,696325496, 585.7777983906589, 2623849, 30.56254152236718, 141823, 0, 0.0, 40, 
2019-12-10 14:59:17.676,709956984, 585.7777983906589, 2624341, 30.56254152236718, 141845, 0, 0.0, 40, 
2019-12-10 14:59:18.702,722539896, 585.7777983906589, 2624811, 30.56254152236718, 141863, 0, 0.0, 40, 
2019-12-10 14:59:19.728,735122808, 576.80855685474, 2625289, 30.021838556352805, 141888, 0, 0.0, 40, 
2019-12-10 14:59:20.754,747705720, 576.80855685474, 2625756, 30.021838556352805, 141922, 0, 0.0, 40, 
2019-12-10 14:59:21.779,760288632, 576.80855685474, 2626232, 30.021838556352805, 141960, 0, 0.0, 40, 
2019-12-10 14:59:22.805,773920120, 576.80855685474, 2626747, 30.021838556352805, 141986, 0, 0.0, 40, 
2019-12-10 14:59:23.83,787551608, 576.80855685474, 2627272, 30.021838556352805, 142020, 0, 0.0, 40, 
2019-12-10 14:59:24.855,803280248, 569.084163139603, 2627762, 30.06806579301837, 142051, 0, 0.0, 40, 
2019-12-10 14:59:25.879,179310592, 569.084163139603, 2628253, 30.06806579301837, 142079, 0, 0.0, 40, 
2019-12-10 14:59:26.904,192942080, 569.084163139603, 2628733, 30.06806579301837, 142117, 0, 0.0, 40, 
2019-12-10 14:59:27.929,205524992, 569.084163139603, 2629232, 30.06806579301837, 142147, 0, 0.0, 40, 
2019-12-10 14:59:28.954,219156480, 561.2737686943314, 2629695, 30.270508074657624, 142185, 0, 0.0, 40, 
2019-12-10 14:59:29.979,230690816, 561.2737686943314, 2630154, 30.270508074657624, 142216, 0, 0.0, 40, 
2019-12-10 14:59:31.009,244322304, 561.2737686943314, 2630683, 30.270508074657624, 142236, 0, 0.0, 40, 
2019-12-10 14:59:32.034,256905216, 561.2737686943314, 2631132, 30.270508074657624, 142267, 0, 0.0, 40, 
2019-12-10 14:59:33.06,269488128, 561.2737686943314, 2631578, 30.270508074657624, 142300, 0, 0.0, 40, 
2019-12-10 14:59:34.086,282071040, 553.1603741186075, 2632049, 30.040994921237118, 142327, 0, 0.0, 40, 
2019-12-10 14:59:35.111,293605376, 553.1603741186075, 2632486, 30.040994921237118, 142356, 0, 0.0, 40, 
2019-12-10 14:59:36.14,307236864, 553.1603741186075, 2632985, 30.040994921237118, 142379, 0, 0.0, 40, 
2019-12-10 14:59:37.163,318771200, 553.1603741186075, 2633415, 30.040994921237118, 142408, 0, 0.0, 40, 
2019-12-10 14:59:38.189,332402688, 553.1603741186075, 2633898, 30.040994921237118, 142435, 0, 0.0, 40, 
2019-12-10 14:59:39.215,344985600, 545.2639305945271, 2634383, 29.861814860496892, 142467, 0, 0.0, 40, 
2019-12-10 14:59:40.241,359665664, 545.2639305945271, 2634872, 29.861814860496892, 142489, 0, 0.0, 40, 
2019-12-10 14:59:41.27,372248576, 545.2639305945271, 2635352, 29.861814860496892, 142510, 0, 0.0, 40, 
2019-12-10 14:59:42.299,384831488, 545.2639305945271, 2635818, 29.861814860496892, 142537, 0, 0.0, 40, 
2019-12-10 14:59:43.325,397414400, 545.2639305945271, 2636319, 29.861814860496892, 142560, 0, 0.0, 40, 
2019-12-10 14:59:44.352,409997312, 539.150212264099, 2636785, 29.377138904917196, 142591, 0, 0.0, 40, 
2019-12-10 14:59:45.384,427823104, 539.150212264099, 2637261, 29.377138904917196, 142629, 0, 0.0, 40, 
2019-12-10 14:59:46.41,441454592, 539.150212264099, 2637768, 29.377138904917196, 142657, 0, 0.0, 40, 
2019-12-10 14:59:47.438,455086080, 539.150212264099, 2638326, 29.377138904917196, 142688, 0, 0.0, 40, 
2019-12-10 14:59:48.463,470814720, 539.150212264099, 2638952, 29.377138904917196, 142721, 0, 0.0, 40, 
2019-12-10 14:59:49.485,487591936, 538.0827882277001, 2639575, 29.474913479601568, 142763, 0, 0.0, 40, 
2019-12-10 14:59:50.51,505417728, 538.0827882277001, 2640246, 29.474913479601568, 142801, 0, 0.0, 40, 
2019-12-10 14:59:51.536,522194944, 538.0827882277001, 2640911, 29.474913479601568, 142836, 0, 0.0, 40, 
2019-12-10 14:59:52.56,545263616, 538.0827882277001, 2641832, 29.474913479601568, 142875, 0, 0.0, 40, 
2019-12-10 14:59:53.585,567283712, 538.0827882277001, 2642747, 29.474913479601568, 142931, 0, 0.0, 40, 
2019-12-10 14:59:54.609,590352384, 555.9542377353758, 2643682, 30.44438187001013, 142973, 0, 0.0, 40, 
2019-12-10 14:59:55.637,611323904, 555.9542377353758, 2644574, 30.44438187001013, 143019, 0, 0.0, 40, 
2019-12-10 14:59:56.659,635441152, 555.9542377353758, 2645515, 30.44438187001013, 143075, 0, 0.0, 40, 
2019-12-10 14:59:57.684,659558400, 555.9542377353758, 2646514, 30.44438187001013, 143111, 0, 0.0, 40, 
2019-12-10 14:59:58.712,681578496, 555.9542377353758, 2647461, 30.44438187001013, 143162, 0, 0.0, 40, 
2019-12-10 14:59:59.735,705695744, 585.2056498126253, 2648400, 31.70413154047031, 143223, 0, 0.0, 40, 
2019-12-10 15:00:00.758,728764416, 585.2056498126253, 2649367, 31.70413154047031, 143273, 0, 0.0, 40, 
2019-12-10 15:00:01.781,749735936, 585.2056498126253, 2650283, 31.70413154047031, 143311, 0, 0.0, 40, 
2019-12-10 15:00:02.822,772804608, 585.2056498126253, 2651270, 31.70413154047031, 143357, 0, 0.0, 40, 
2019-12-10 15:00:03.851,795873280, 585.2056498126253, 2652178, 31.70413154047031, 143401, 0, 0.0, 40, 
2019-12-10 15:00:04.875,176414768, 611.7024790703919, 2653137, 32.847166071534204, 143453, 0, 0.0, 40, 
2019-12-10 15:00:05.897,201580592, 611.7024790703919, 2654150, 32.847166071534204, 143492, 0, 0.0, 40, 
2019-12-10 15:00:06.921,223600688, 611.7024790703919, 2655108, 32.847166071534204, 143538, 0, 0.0, 40, 
2019-12-10 15:00:07.943,248766512, 611.7024790703919, 2656110, 32.847166071534204, 143596, 0, 0.0, 40, 
2019-12-10 15:00:08.968,272883760, 640.3023937419586, 2657150, 34.23462206612483, 143657, 0, 0.0, 40, 
2019-12-10 15:00:09.99,298049584, 640.3023937419586, 2658144, 34.23462206612483, 143710, 0, 0.0, 40, 
2019-12-10 15:00:11.022,323215408, 640.3023937419586, 2659162, 34.23462206612483, 143780, 0, 0.0, 40, 
2019-12-10 15:00:12.045,346284080, 640.3023937419586, 2660199, 34.23462206612483, 143829, 0, 0.0, 40, 
2019-12-10 15:00:13.069,372498480, 640.3023937419586, 2661271, 34.23462206612483, 143875, 0, 0.0, 40, 
2019-12-10 15:00:14.093,396615728, 670.0057023141254, 2662333, 35.559116555714304, 143930, 0, 0.0, 40, 
2019-12-10 15:00:15.115,422830128, 670.0057023141254, 2663423, 35.559116555714304, 143980, 0, 0.0, 40, 
2019-12-10 15:00:16.137,449044528, 670.0057023141254, 2664478, 35.559116555714304, 144029, 0, 0.0, 40, 
2019-12-10 15:00:17.16,473161776, 670.0057023141254, 2665517, 35.559116555714304, 144081, 0, 0.0, 40, 
2019-12-10 15:00:18.184,499376176, 670.0057023141254, 2666623, 35.559116555714304, 144137, 0, 0.0, 40, 
2019-12-10 15:00:19.207,527687728, 701.2199069109737, 2667738, 37.03356818625459, 144195, 0, 0.0, 40, 
2019-12-10 15:00:20.229,552853552, 701.2199069109737, 2668819, 37.03356818625459, 144247, 0, 0.0, 40, 
2019-12-10 15:00:21.25,578019376, 701.2199069109737, 2669865, 37.03356818625459, 144299, 0, 0.0, 40, 
2019-12-10 15:00:22.275,603185200, 701.2199069109737, 2670906, 37.03356818625459, 144356, 0, 0.0, 40, 
2019-12-10 15:00:23.355,630448176, 701.2199069109737, 2672104, 37.03356818625459, 144414, 0, 0.0, 40, 
2019-12-10 15:00:24.387,656662576, 729.0108767171012, 2673213, 38.24620911990706, 144461, 0, 0.0, 40, 
2019-12-10 15:00:25.409,682876976, 729.0108767171012, 2674314, 38.24620911990706, 144508, 0, 0.0, 40, 
2019-12-10 15:00:26.433,708042800, 729.0108767171012, 2675394, 38.24620911990706, 144573, 0, 0.0, 40, 
2019-12-10 15:00:27.455,732160048, 729.0108767171012, 2676421, 38.24620911990706, 144626, 0, 0.0, 40, 
2019-12-10 15:00:28.479,758374448, 729.0108767171012, 2677527, 38.24620911990706, 144688, 0, 0.0, 40, 
2019-12-10 15:00:29.503,786686000, 755.6671992254021, 2678650, 39.53779492568039, 144745, 0, 0.0, 40, 
2019-12-10 15:00:30.527,812900400, 755.6671992254021, 2679755, 39.53779492568039, 144811, 0, 0.0, 40, 
2019-12-10 15:00:31.552,198301416, 755.6671992254021, 2680898, 39.53779492568039, 144875, 0, 0.0, 40, 
2019-12-10 15:00:32.577,225564392, 755.6671992254021, 2682102, 39.53779492568039, 144929, 0, 0.0, 40, 
2019-12-10 15:00:33.602,253875944, 755.6671992254021, 2683307, 39.53779492568039, 144993, 0, 0.0, 40, 
2019-12-10 15:00:34.625,275896040, 785.9969753616333, 2684199, 41.18985362744658, 145034, 0, 0.0, 40, 
2019-12-10 15:00:35.649,289527528, 785.9969753616333, 2684683, 41.18985362744658, 145057, 0, 0.0, 40, 
2019-12-10 15:00:36.675,302110440, 785.9969753616333, 2685157, 41.18985362744658, 145085, 0, 0.0, 40, 
2019-12-10 15:00:37.699,315741928, 785.9969753616333, 2685661, 41.18985362744658, 145116, 0, 0.0, 40, 
2019-12-10 15:00:38.723,330421992, 785.9969753616333, 2686151, 41.18985362744658, 145138, 0, 0.0, 40, 
2019-12-10 15:00:39.751,341956328, 764.5531292019489, 2686644, 40.03930445726573, 145167, 0, 0.0, 40, 
2019-12-10 15:00:40.779,354539240, 764.5531292019489, 2687125, 40.03930445726573, 145192, 0, 0.0, 40, 
2019-12-10 15:00:41.807,368170728, 764.5531292019489, 2687622, 40.03930445726573, 145216, 0, 0.0, 40, 
2019-12-10 15:00:42.834,380753640, 764.5531292019489, 2688079, 40.03930445726573, 145246, 0, 0.0, 40, 
2019-12-10 15:00:43.861,394385128, 764.5531292019489, 2688543, 40.03930445726573, 145275, 0, 0.0, 40, 
2019-12-10 15:00:44.887,406968040, 740.6821389923598, 2689014, 38.932774768262036, 145300, 0, 0.0, 40, 
2019-12-10 15:00:45.912,418502376, 740.6821389923598, 2689495, 38.932774768262036, 145336, 0, 0.0, 40, 
2019-12-10 15:00:46.939,445765352, 740.6821389923598, 2689943, 38.932774768262036, 145362, 0, 0.0, 40, 
2019-12-10 15:00:47.975,458348264, 740.6821389923598, 2690422, 38.932774768262036, 145384, 0, 0.0, 40, 
2019-12-10 15:00:49.001,471979752, 718.9596345344681, 2690955, 37.86674495705025, 145404, 0, 0.0, 40, 
2019-12-10 15:00:50.027,484562664, 718.9596345344681, 2691421, 37.86674495705025, 145432, 0, 0.0, 40, 
2019-12-10 15:00:51.057,498194152, 718.9596345344681, 2691941, 37.86674495705025, 145448, 0, 0.0, 40, 
2019-12-10 15:00:52.084,510777064, 718.9596345344681, 2692407, 37.86674495705025, 145480, 0, 0.0, 40, 
2019-12-10 15:00:53.109,524408552, 718.9596345344681, 2692886, 37.86674495705025, 145507, 0, 0.0, 40, 
2019-12-10 15:00:54.139,536991464, 698.7021166459641, 2693353, 36.86995906634237, 145543, 0, 0.0, 40, 
2019-12-10 15:00:55.164,549574376, 698.7021166459641, 2693814, 36.86995906634237, 145565, 0, 0.0, 40, 
2019-12-10 15:00:56.189,561108712, 698.7021166459641, 2694275, 36.86995906634237, 145593, 0, 0.0, 40, 
2019-12-10 15:00:57.214,573691624, 698.7021166459641, 2694705, 36.86995906634237, 145620, 0, 0.0, 40, 
2019-12-10 15:00:58.241,587323112, 698.7021166459641, 2695208, 36.86995906634237, 145639, 0, 0.0, 40, 
2019-12-10 15:00:59.266,599906024, 679.440646892501, 2695668, 35.856925072570455, 145665, 0, 0.0, 40, 
2019-12-10 15:01:00.293,613537512, 679.440646892501, 2696183, 35.856925072570455, 145689, 0, 0.0, 40, 
2019-12-10 15:01:01.318,626120424, 679.440646892501, 2696651, 35.856925072570455, 145718, 0, 0.0, 40, 
2019-12-10 15:01:02.344,639751912, 679.440646892501, 2697160, 35.856925072570455, 145743, 0, 0.0, 40, 
2019-12-10 15:01:03.371,652334824, 679.440646892501, 2697641, 35.856925072570455, 145769, 0, 0.0, 40, 
2019-12-10 15:01:04.398,668063464, 662.4868128478341, 2698118, 35.02083550721578, 145791, 0, 0.0, 40, 
2019-12-10 15:01:05.423,681694952, 662.4868128478341, 2698573, 35.02083550721578, 145820, 0, 0.0, 40, 
2019-12-10 15:01:06.45,695326440, 662.4868128478341, 2699031, 35.02083550721578, 145847, 0, 0.0, 40, 
2019-12-10 15:01:07.474,707909352, 662.4868128478341, 2699514, 35.02083550721578, 145875, 0, 0.0, 40, 
2019-12-10 15:01:08.505,720492264, 662.4868128478341, 2699996, 35.02083550721578, 145897, 0, 0.0, 40, 
2019-12-10 15:01:09.528,734123752, 646.6326746552998, 2700481, 34.267587089555484, 145920, 0, 0.0, 40, 
2019-12-10 15:01:10.571,745658088, 646.6326746552998, 2700967, 34.267587089555484, 145945, 0, 0.0, 40, 
2019-12-10 15:01:11.597,759289576, 646.6326746552998, 2701434, 34.267587089555484, 145963, 0, 0.0, 40, 
2019-12-10 15:01:12.624,770823912, 646.6326746552998, 2701924, 34.267587089555484, 145985, 0, 0.0, 40, 
2019-12-10 15:01:13.649,784455400, 646.6326746552998, 2702435, 34.267587089555484, 146009, 0, 0.0, 40, 
2019-12-10 15:01:14.672,798086888, 632.8777014503521, 2702929, 33.25474274857606, 146034, 0, 0.0, 40, 
2019-12-10 15:01:15.695,809621224, 632.8777014503521, 2703391, 33.25474274857606, 146056, 0, 0.0, 40, 
2019-12-10 15:01:16.721,180563192, 632.8777014503521, 2703885, 33.25474274857606, 146088, 0, 0.0, 40, 
2019-12-10 15:01:17.745,193146104, 632.8777014503521, 2704364, 33.25474274857606, 146113, 0, 0.0, 40, 
2019-12-10 15:01:18.769,205729016, 632.8777014503521, 2704855, 33.25474274857606, 146135, 0, 0.0, 40, 
2019-12-10 15:01:19.793,219360504, 620.2544974139122, 2705329, 32.546756608806895, 146155, 0, 0.0, 40, 
2019-12-10 15:01:20.818,231943416, 620.2544974139122, 2705839, 32.546756608806895, 146175, 0, 0.0, 40, 
2019-12-10 15:01:21.844,245574904, 620.2544974139122, 2706292, 32.546756608806895, 146204, 0, 0.0, 40, 
2019-12-10 15:01:22.871,256060664, 620.2544974139122, 2706773, 32.546756608806895, 146225, 0, 0.0, 40, 
2019-12-10 15:01:23.904,270740728, 608.000944362494, 2707267, 31.927360149425585, 146260, 0, 0.0, 40, 
2019-12-10 15:01:24.931,283323640, 608.000944362494, 2707772, 31.927360149425585, 146285, 0, 0.0, 40, 
2019-12-10 15:01:25.955,298003704, 608.000944362494, 2708265, 31.927360149425585, 146313, 0, 0.0, 40, 
2019-12-10 15:01:26.988,309538040, 608.000944362494, 2708749, 31.927360149425585, 146332, 0, 0.0, 40, 
2019-12-10 15:01:28.015,323169528, 608.000944362494, 2709210, 31.927360149425585, 146359, 0, 0.0, 40, 
2019-12-10 15:01:29.043,334703864, 597.0149714255069, 2709689, 31.277532311159955, 146383, 0, 0.0, 40, 
2019-12-10 15:01:30.074,347286776, 597.0149714255069, 2710203, 31.277532311159955, 146409, 0, 0.0, 40, 
2019-12-10 15:01:31.098,363015416, 597.0149714255069, 2710708, 31.277532311159955, 146441, 0, 0.0, 40, 
2019-12-10 15:01:32.121,374549752, 597.0149714255069, 2711173, 31.277532311159955, 146466, 0, 0.0, 40, 
2019-12-10 15:01:33.146,388181240, 597.0149714255069, 2711640, 31.277532311159955, 146487, 0, 0.0, 40, 
2019-12-10 15:01:34.171,400764152, 587.3871218977872, 2712118, 30.839573008834364, 146514, 0, 0.0, 40, 
2019-12-10 15:01:35.194,412298488, 587.3871218977872, 2712583, 30.839573008834364, 146552, 0, 0.0, 40, 
2019-12-10 15:01:36.223,424881400, 587.3871218977872, 2713067, 30.839573008834364, 146576, 0, 0.0, 40, 
2019-12-10 15:01:37.25,437464312, 587.3871218977872, 2713536, 30.839573008834364, 146609, 0, 0.0, 40, 
2019-12-10 15:01:38.274,450047224, 587.3871218977872, 2713980, 30.839573008834364, 146639, 0, 0.0, 40, 
2019-12-10 15:01:39.301,463678712, 577.217801114838, 2714477, 30.72447110622919, 146666, 0, 0.0, 40, 
2019-12-10 15:01:40.325,477310200, 577.217801114838, 2714983, 30.72447110622919, 146695, 0, 0.0, 40, 
2019-12-10 15:01:41.35,490941688, 577.217801114838, 2715447, 30.72447110622919, 146721, 0, 0.0, 40, 
2019-12-10 15:01:42.378,503524600, 577.217801114838, 2715942, 30.72447110622919, 146748, 0, 0.0, 40, 
2019-12-10 15:01:43.401,516107512, 577.217801114838, 2716414, 30.72447110622919, 146769, 0, 0.0, 40, 
2019-12-10 15:01:44.435,529739000, 567.9895032645048, 2716861, 30.2187943167707, 146793, 0, 0.0, 40, 
2019-12-10 15:01:45.46,542321912, 567.9895032645048, 2717380, 30.2187943167707, 146824, 0, 0.0, 40, 
2019-12-10 15:01:46.485,554904824, 567.9895032645048, 2717844, 30.2187943167707, 146841, 0, 0.0, 40, 
2019-12-10 15:01:47.513,568536312, 567.9895032645048, 2718325, 30.2187943167707, 146878, 0, 0.0, 40, 
2019-12-10 15:01:48.538,581119224, 567.9895032645048, 2718780, 30.2187943167707, 146906, 0, 0.0, 40, 
2019-12-10 15:01:49.565,594750712, 560.0907307025129, 2719286, 30.025398201282034, 146942, 0, 0.0, 40, 
2019-12-10 15:01:50.591,607333624, 560.0907307025129, 2719769, 30.025398201282034, 146965, 0, 0.0, 40, 
2019-12-10 15:01:51.615,622013688, 560.0907307025129, 2720300, 30.025398201282034, 146985, 0, 0.0, 40, 
2019-12-10 15:01:52.639,633548024, 560.0907307025129, 2720768, 30.025398201282034, 147013, 0, 0.0, 40, 
2019-12-10 15:01:53.67,648228088, 560.0907307025129, 2721291, 30.025398201282034, 147042, 0, 0.0, 40, 
2019-12-10 15:01:54.693,659762424, 554.5185675342832, 2721790, 29.751518482970866, 147063, 0, 0.0, 40, 
2019-12-10 15:01:55.719,673393912, 554.5185675342832, 2722250, 29.751518482970866, 147089, 0, 0.0, 40, 
2019-12-10 15:01:56.744,685976824, 554.5185675342832, 2722742, 29.751518482970866, 147111, 0, 0.0, 40, 
2019-12-10 15:01:57.773,698559736, 554.5185675342832, 2723216, 29.751518482970866, 147134, 0, 0.0, 40, 
2019-12-10 15:01:58.798,711142648, 554.5185675342832, 2723669, 29.751518482970866, 147153, 0, 0.0, 40, 
2019-12-10 15:01:59.821,724774136, 547.0092534899042, 2724169, 29.051785699782634, 147183, 0, 0.0, 40, 
2019-12-10 15:02:00.856,736308472, 547.0092534899042, 2724653, 29.051785699782634, 147209, 0, 0.0, 40, 
2019-12-10 15:02:01.881,750988536, 547.0092534899042, 2725140, 29.051785699782634, 147240, 0, 0.0, 40, 
2019-12-10 15:02:02.904,763571448, 547.0092534899042, 2725642, 29.051785699782634, 147263, 0, 0.0, 40, 
2019-12-10 15:02:03.929,775105784, 541.4276137628289, 2726108, 28.919716207249603, 147294, 0, 0.0, 40, 
2019-12-10 15:02:04.954,788737272, 541.4276137628289, 2726593, 28.919716207249603, 147325, 0, 0.0, 40, 
2019-12-10 15:02:05.983,801320184, 541.4276137628289, 2727085, 28.919716207249603, 147343, 0, 0.0, 40, 
2019-12-10 15:02:07.01,175380968, 541.4276137628289, 2727606, 28.919716207249603, 147362, 0, 0.0, 40, 
2019-12-10 15:02:08.034,190061032, 541.4276137628289, 2728054, 28.919716207249603, 147377, 0, 0.0, 40, 
2019-12-10 15:02:09.066,197401064, 532.8701582535952, 2728254, 28.078606139965565, 147383, 0, 0.0, 40, 
2019-12-10 15:02:10.092,203692520, 532.8701582535952, 2728400, 28.078606139965565, 147386, 0, 0.0, 40, 
2019-12-10 15:02:11.118,212081128, 532.8701582535952, 2728664, 28.078606139965565, 147401, 0, 0.0, 40, 
