Timestamp, MemoryUsed, ReadLatency1, ReadCount, WriteLatency1, WriteCount, PendingTasks, WaitingOnCommit1, SRDelay, 
2019-12-10 15:02:10.717,212207176, 528.4543843132562, 2695140, 27.606309219185906, 146951, 0, 0.0, 40, 
2019-12-10 15:02:11.783,220863360, 528.4543843132562, 2695474, 27.606309219185906, 146966, 0, 0.0, 40, 
2019-12-10 15:02:12.826,230860248, 528.4543843132562, 2696008, 27.606309219185906, 146987, 0, 0.0, 40, 
2019-12-10 15:02:13.857,244216160, 510.396064806956, 2696662, 26.550391034979732, 147018, 0, 0.0, 40, 
2019-12-10 15:02:14.889,257906760, 510.396064806956, 2697297, 26.550391034979732, 147054, 0, 0.0, 40, 
2019-12-10 15:02:15.919,273083792, 510.396064806956, 2698040, 26.550391034979732, 147094, 0, 0.0, 40, 
2019-12-10 15:02:16.953,286629368, 510.396064806956, 2698746, 26.550391034979732, 147126, 0, 0.0, 40, 
2019-12-10 15:02:17.984,300810560, 510.396064806956, 2699479, 26.550391034979732, 147160, 0, 0.0, 40, 
2019-12-10 15:02:19.012,315894656, 523.6210332679293, 2700225, 27.130037763486435, 147198, 0, 0.0, 40, 
2019-12-10 15:02:20.038,329799808, 523.6210332679293, 2700936, 27.130037763486435, 147243, 0, 0.0, 40, 
2019-12-10 15:02:21.068,344125096, 523.6210332679293, 2701687, 27.130037763486435, 147278, 0, 0.0, 40, 
2019-12-10 15:02:22.1,359404192, 523.6210332679293, 2702473, 27.130037763486435, 147314, 0, 0.0, 40, 
2019-12-10 15:02:23.127,374292936, 523.6210332679293, 2703282, 27.130037763486435, 147361, 0, 0.0, 40, 
2019-12-10 15:02:24.153,390940584, 540.9857046831908, 2704123, 28.09509865950884, 147404, 0, 0.0, 40, 
2019-12-10 15:02:25.193,123844864, 540.9857046831908, 2704974, 28.09509865950884, 147449, 0, 0.0, 40, 
2019-12-10 15:02:26.219,142203344, 540.9857046831908, 2705866, 28.09509865950884, 147489, 0, 0.0, 40, 
2019-12-10 15:02:27.248,159019872, 540.9857046831908, 2706766, 28.09509865950884, 147545, 0, 0.0, 40, 
2019-12-10 15:02:28.277,176667904, 567.3402086117893, 2707767, 29.414757707673076, 147590, 0, 0.0, 40, 
2019-12-10 15:02:29.301,195437016, 567.3402086117893, 2708765, 29.414757707673076, 147637, 0, 0.0, 40, 
2019-12-10 15:02:30.33,214420624, 567.3402086117893, 2709787, 29.414757707673076, 147699, 0, 0.0, 40, 
2019-12-10 15:02:31.354,231607360, 567.3402086117893, 2710759, 29.414757707673076, 147745, 0, 0.0, 40, 
2019-12-10 15:02:32.383,252023408, 567.3402086117893, 2711809, 29.414757707673076, 147794, 0, 0.0, 40, 
2019-12-10 15:02:33.41,271088072, 601.5499886888093, 2712881, 31.076653922227422, 147843, 0, 0.0, 40, 
2019-12-10 15:02:34.435,290777760, 601.5499886888093, 2713921, 31.076653922227422, 147901, 0, 0.0, 40, 
2019-12-10 15:02:35.461,311671584, 601.5499886888093, 2715011, 31.076653922227422, 147942, 0, 0.0, 40, 
2019-12-10 15:02:36.488,333505312, 601.5499886888093, 2716235, 31.076653922227422, 148011, 0, 0.0, 40, 
2019-12-10 15:02:37.525,357392680, 601.5499886888093, 2717568, 31.076653922227422, 148087, 0, 0.0, 40, 
2019-12-10 15:02:38.562,369973456, 643.0509361798519, 2718261, 33.02144129604928, 148114, 0, 0.0, 40, 
2019-12-10 15:02:39.619,370893448, 643.0509361798519, 2718261, 33.02144129604928, 148114, 0, 0.0, 40, 
2019-12-10 15:02:40.668,371759408, 643.0509361798519, 2718261, 33.02144129604928, 148114, 0, 0.0, 40, 
