Timestamp, MemoryUsed, ReadLatency1, ReadCount, WriteLatency1, WriteCount, PendingTasks, WaitingOnCommit1, SRDelay, 
2019-12-10 14:53:49.664,373115696, 124.46717464481041, 2472748, 11.232757567098783, 134557, 0, 0.0, 40, 
2019-12-10 14:53:50.752,373949136, 124.46717464481041, 2472748, 11.232757567098783, 134557, 0, 0.0, 40, 
2019-12-10 14:53:51.804,374776880, 124.46717464481041, 2472748, 11.232757567098783, 134557, 0, 0.0, 40, 
2019-12-10 14:53:52.854,376079128, 114.51532883665035, 2472748, 10.334635860494501, 134557, 0, 0.0, 40, 
2019-12-10 14:53:53.89,376873368, 114.51532883665035, 2472748, 10.334635860494501, 134557, 0, 0.0, 40, 
2019-12-10 14:53:54.933,377679000, 114.51532883665035, 2472748, 10.334635860494501, 134557, 0, 0.0, 40, 
2019-12-10 14:53:55.974,378464608, 114.51532883665035, 2472748, 10.334635860494501, 134557, 0, 0.0, 40, 
2019-12-10 14:53:57.017,379300384, 114.51532883665035, 2472748, 10.334635860494501, 134557, 0, 0.0, 40, 
2019-12-10 14:53:58.051,380571056, 105.35918868560043, 2472748, 9.508324000675877, 134557, 0, 0.0, 40, 
2019-12-10 14:53:59.086,381371984, 105.35918868560043, 2472748, 9.508324000675877, 134557, 0, 0.0, 40, 
2019-12-10 14:54:00.126,382383712, 105.35918868560043, 2472748, 9.508324000675877, 134557, 0, 0.0, 40, 
2019-12-10 14:54:01.161,385783272, 105.35918868560043, 2472780, 9.508324000675877, 134559, 0, 0.0, 40, 
2019-12-10 14:54:02.189,389032272, 99.60564963144428, 2472925, 8.860018208826729, 134564, 0, 0.0, 40, 
2019-12-10 14:54:03.215,394354336, 99.60564963144428, 2473111, 8.860018208826729, 134571, 0, 0.0, 40, 
2019-12-10 14:54:04.242,400098728, 99.60564963144428, 2473323, 8.860018208826729, 134580, 0, 0.0, 40, 
2019-12-10 14:54:05.277,123045456, 99.60564963144428, 2473683, 8.860018208826729, 134598, 0, 0.0, 40, 
2019-12-10 14:54:06.305,132282616, 99.60564963144428, 2474106, 8.860018208826729, 134615, 0, 0.0, 40, 
2019-12-10 14:54:07.334,141630856, 115.80419950795412, 2474543, 9.159050642215659, 134631, 0, 0.0, 40, 
2019-12-10 14:54:08.366,152984072, 115.80419950795412, 2475033, 9.159050642215659, 134661, 0, 0.0, 40, 
2019-12-10 14:54:09.397,164037576, 115.80419950795412, 2475575, 9.159050642215659, 134681, 0, 0.0, 40, 
2019-12-10 14:54:10.426,172865264, 115.80419950795412, 2475998, 9.159050642215659, 134701, 0, 0.0, 40, 
2019-12-10 14:54:11.453,183448272, 115.80419950795412, 2476422, 9.159050642215659, 134721, 0, 0.0, 40, 
2019-12-10 14:54:12.479,192179872, 143.18065616475707, 2476867, 10.153774030684252, 134741, 0, 0.0, 40, 
2019-12-10 14:54:13.577,201394272, 143.18065616475707, 2477307, 10.153774030684252, 134759, 0, 0.0, 40, 
2019-12-10 14:54:14.609,211451512, 143.18065616475707, 2477773, 10.153774030684252, 134777, 0, 0.0, 40, 
2019-12-10 14:54:15.637,221716264, 143.18065616475707, 2478251, 10.153774030684252, 134804, 0, 0.0, 40, 
2019-12-10 14:54:16.662,231418504, 143.18065616475707, 2478774, 10.153774030684252, 134839, 0, 0.0, 40, 
2019-12-10 14:54:17.692,241878928, 167.60063858463192, 2479232, 11.08495484542007, 134851, 0, 0.0, 40, 
2019-12-10 14:54:18.718,251717688, 167.60063858463192, 2479673, 11.08495484542007, 134879, 0, 0.0, 40, 
2019-12-10 14:54:19.746,261069080, 167.60063858463192, 2480109, 11.08495484542007, 134904, 0, 0.0, 40, 
2019-12-10 14:54:20.773,271339472, 167.60063858463192, 2480587, 11.08495484542007, 134930, 0, 0.0, 40, 
2019-12-10 14:54:21.799,281805864, 167.60063858463192, 2481106, 11.08495484542007, 134965, 0, 0.0, 40, 
2019-12-10 14:54:22.832,291439712, 190.86766286909076, 2481635, 12.341460479881123, 134990, 0, 0.0, 40, 
2019-12-10 14:54:23.858,303217888, 190.86766286909076, 2482158, 12.341460479881123, 135013, 0, 0.0, 40, 
2019-12-10 14:54:24.886,315313648, 190.86766286909076, 2482715, 12.341460479881123, 135051, 0, 0.0, 40, 
2019-12-10 14:54:25.912,327597624, 190.86766286909076, 2483354, 12.341460479881123, 135088, 0, 0.0, 40, 
2019-12-10 14:54:26.939,340005288, 190.86766286909076, 2483954, 12.341460479881123, 135124, 0, 0.0, 40, 
2019-12-10 14:54:27.967,353769200, 220.46181054900927, 2484604, 13.785341578151728, 135163, 0, 0.0, 40, 
2019-12-10 14:54:28.993,365983168, 220.46181054900927, 2485255, 13.785341578151728, 135195, 0, 0.0, 40, 
2019-12-10 14:54:30.019,378182208, 220.46181054900927, 2485880, 13.785341578151728, 135237, 0, 0.0, 40, 
2019-12-10 14:54:31.048,391679528, 220.46181054900927, 2486528, 13.785341578151728, 135267, 0, 0.0, 40, 
2019-12-10 14:54:32.072,121930096, 220.46181054900927, 2487219, 13.785341578151728, 135305, 0, 0.0, 40, 
2019-12-10 14:54:33.096,135359456, 253.8303297841016, 2487877, 15.497563127783698, 135353, 0, 0.0, 40, 
2019-12-10 14:54:34.122,148145136, 253.8303297841016, 2488517, 15.497563127783698, 135392, 0, 0.0, 40, 
2019-12-10 14:54:35.179,161812912, 253.8303297841016, 2489256, 15.497563127783698, 135428, 0, 0.0, 40, 
2019-12-10 14:54:36.203,176114128, 253.8303297841016, 2490002, 15.497563127783698, 135467, 0, 0.0, 40, 
2019-12-10 14:54:37.227,190551376, 287.9209663505161, 2490736, 17.360723108464995, 135504, 0, 0.0, 40, 
2019-12-10 14:54:38.257,203954296, 287.9209663505161, 2491414, 17.360723108464995, 135546, 0, 0.0, 40, 
2019-12-10 14:54:39.288,216177608, 287.9209663505161, 2492091, 17.360723108464995, 135583, 0, 0.0, 40, 
2019-12-10 14:54:40.313,231207912, 287.9209663505161, 2492835, 17.360723108464995, 135614, 0, 0.0, 40, 
2019-12-10 14:54:41.337,245042072, 287.9209663505161, 2493616, 17.360723108464995, 135651, 0, 0.0, 40, 
2019-12-10 14:54:42.362,260319680, 322.24422277331905, 2494422, 18.96297522273275, 135697, 0, 0.0, 40, 
2019-12-10 14:54:43.397,277019120, 322.24422277331905, 2495240, 18.96297522273275, 135752, 0, 0.0, 40, 
2019-12-10 14:54:44.422,291303920, 322.24422277331905, 2495991, 18.96297522273275, 135801, 0, 0.0, 40, 
2019-12-10 14:54:45.447,305176352, 322.24422277331905, 2496756, 18.96297522273275, 135846, 0, 0.0, 40, 
2019-12-10 14:54:46.47,320602168, 322.24422277331905, 2497485, 18.96297522273275, 135880, 0, 0.0, 40, 
2019-12-10 14:54:47.494,333838208, 355.6621216005345, 2498240, 20.804914023997938, 135907, 0, 0.0, 40, 
2019-12-10 14:54:48.523,349259400, 355.6621216005345, 2498986, 20.804914023997938, 135954, 0, 0.0, 40, 
2019-12-10 14:54:49.55,362558312, 355.6621216005345, 2499718, 20.804914023997938, 135999, 0, 0.0, 40, 
2019-12-10 14:54:50.576,377094664, 355.6621216005345, 2500506, 20.804914023997938, 136046, 0, 0.0, 40, 
2019-12-10 14:54:51.603,392063400, 355.6621216005345, 2501333, 20.804914023997938, 136081, 0, 0.0, 40, 
2019-12-10 14:54:52.635,126020432, 388.6468291555408, 2502223, 22.387641710672057, 136121, 0, 0.0, 40, 
2019-12-10 14:54:53.666,140631376, 388.6468291555408, 2503094, 22.387641710672057, 136162, 0, 0.0, 40, 
2019-12-10 14:54:54.694,156945608, 388.6468291555408, 2503940, 22.387641710672057, 136198, 0, 0.0, 40, 
2019-12-10 14:54:55.735,175214744, 388.6468291555408, 2504915, 22.387641710672057, 136258, 0, 0.0, 40, 
2019-12-10 14:54:56.771,186866328, 388.6468291555408, 2505447, 22.387641710672057, 136288, 0, 0.0, 40, 
2019-12-10 14:54:57.804,196909280, 419.1381451633732, 2505947, 23.763865893305095, 136317, 0, 0.0, 40, 
2019-12-10 14:54:58.834,206984336, 419.1381451633732, 2506445, 23.763865893305095, 136351, 0, 0.0, 40, 
2019-12-10 14:54:59.865,217910840, 419.1381451633732, 2506955, 23.763865893305095, 136391, 0, 0.0, 40, 
2019-12-10 14:55:00.891,229210184, 419.1381451633732, 2507456, 23.763865893305095, 136425, 0, 0.0, 40, 
2019-12-10 14:55:01.921,238754944, 419.1381451633732, 2507938, 23.763865893305095, 136445, 0, 0.0, 40, 
2019-12-10 14:55:02.945,251999104, 423.95641704235845, 2508495, 24.32644411455247, 136476, 0, 0.0, 40, 
2019-12-10 14:55:03.974,263472408, 423.95641704235845, 2509087, 24.32644411455247, 136510, 0, 0.0, 40, 
2019-12-10 14:55:04.997,277393600, 423.95641704235845, 2509686, 24.32644411455247, 136546, 0, 0.0, 40, 
2019-12-10 14:55:06.03,290903128, 423.95641704235845, 2510410, 24.32644411455247, 136586, 0, 0.0, 40, 
2019-12-10 14:55:07.055,304656264, 423.95641704235845, 2511173, 24.32644411455247, 136614, 0, 0.0, 40, 
2019-12-10 14:55:08.081,321138048, 441.0224236613513, 2512017, 24.971970001396297, 136674, 0, 0.0, 40, 
2019-12-10 14:55:09.108,337881632, 441.0224236613513, 2512950, 24.971970001396297, 136708, 0, 0.0, 40, 
2019-12-10 14:55:10.134,357666720, 441.0224236613513, 2513915, 24.971970001396297, 136764, 0, 0.0, 40, 
2019-12-10 14:55:11.16,375545704, 441.0224236613513, 2514828, 24.971970001396297, 136811, 0, 0.0, 40, 
2019-12-10 14:55:12.189,392647016, 477.0486175324087, 2515731, 27.02107414183192, 136870, 0, 0.0, 40, 
2019-12-10 14:55:13.216,128483928, 477.0486175324087, 2516704, 27.02107414183192, 136926, 0, 0.0, 40, 
2019-12-10 14:55:14.243,145909384, 477.0486175324087, 2517634, 27.02107414183192, 136976, 0, 0.0, 40, 
2019-12-10 14:55:15.276,164831480, 477.0486175324087, 2518575, 27.02107414183192, 137022, 0, 0.0, 40, 
2019-12-10 14:55:16.306,181087984, 477.0486175324087, 2519498, 27.02107414183192, 137058, 0, 0.0, 40, 
2019-12-10 14:55:17.33,198616760, 511.77743657416767, 2520412, 28.490571917306017, 137106, 0, 0.0, 40, 
2019-12-10 14:55:18.364,216832208, 511.77743657416767, 2521347, 28.490571917306017, 137149, 0, 0.0, 40, 
2019-12-10 14:55:19.393,235149896, 511.77743657416767, 2522352, 28.490571917306017, 137188, 0, 0.0, 40, 
2019-12-10 14:55:20.417,252472920, 511.77743657416767, 2523295, 28.490571917306017, 137250, 0, 0.0, 40, 
2019-12-10 14:55:21.444,271564160, 511.77743657416767, 2524288, 28.490571917306017, 137294, 0, 0.0, 40, 
2019-12-10 14:55:22.479,288926808, 544.3051727748793, 2525182, 29.954512957460118, 137342, 0, 0.0, 40, 
2019-12-10 14:55:23.504,306998488, 544.3051727748793, 2526143, 29.954512957460118, 137390, 0, 0.0, 40, 
2019-12-10 14:55:24.531,325129048, 544.3051727748793, 2527062, 29.954512957460118, 137443, 0, 0.0, 40, 
2019-12-10 14:55:25.558,342684488, 544.3051727748793, 2528048, 29.954512957460118, 137493, 0, 0.0, 40, 
2019-12-10 14:55:26.584,359687600, 544.3051727748793, 2528944, 29.954512957460118, 137544, 0, 0.0, 40, 
2019-12-10 14:55:27.61,377751312, 575.3035396308472, 2529924, 31.429332671393627, 137590, 0, 0.0, 40, 
2019-12-10 14:55:28.637,396128064, 575.3035396308472, 2530873, 31.429332671393627, 137653, 0, 0.0, 40, 
2019-12-10 14:55:29.663,130535576, 575.3035396308472, 2531872, 31.429332671393627, 137702, 0, 0.0, 40, 
2019-12-10 14:55:30.69,148868336, 575.3035396308472, 2532920, 31.429332671393627, 137756, 0, 0.0, 40, 
2019-12-10 14:55:31.715,167747992, 575.3035396308472, 2533954, 31.429332671393627, 137819, 0, 0.0, 40, 
2019-12-10 14:55:32.743,189550496, 607.8211931878451, 2535002, 33.23398358985916, 137872, 0, 0.0, 40, 
2019-12-10 14:55:33.765,208317112, 607.8211931878451, 2536135, 33.23398358985916, 137936, 0, 0.0, 40, 
2019-12-10 14:55:34.789,229080616, 607.8211931878451, 2537210, 33.23398358985916, 137985, 0, 0.0, 40, 
2019-12-10 14:55:35.813,248756912, 607.8211931878451, 2538327, 33.23398358985916, 138046, 0, 0.0, 40, 
2019-12-10 14:55:36.837,267657744, 607.8211931878451, 2539404, 33.23398358985916, 138110, 0, 0.0, 40, 
2019-12-10 14:55:37.862,291560760, 644.7429879982835, 2540644, 35.16619157800935, 138171, 0, 0.0, 40, 
2019-12-10 14:55:38.894,312486072, 644.7429879982835, 2541832, 35.16619157800935, 138236, 0, 0.0, 40, 
2019-12-10 14:55:39.921,334048976, 644.7429879982835, 2543045, 35.16619157800935, 138293, 0, 0.0, 40, 
2019-12-10 14:55:40.943,356944200, 644.7429879982835, 2544272, 35.16619157800935, 138354, 0, 0.0, 40, 
2019-12-10 14:55:41.965,378642360, 644.7429879982835, 2545506, 35.16619157800935, 138401, 0, 0.0, 40, 
2019-12-10 14:55:42.987,401056304, 688.1314470483832, 2546705, 36.86395316003841, 138455, 0, 0.0, 40, 
2019-12-10 14:55:44.009,137739848, 688.1314470483832, 2547833, 36.86395316003841, 138501, 0, 0.0, 40, 
2019-12-10 14:55:45.035,160174808, 688.1314470483832, 2549100, 36.86395316003841, 138555, 0, 0.0, 40, 
2019-12-10 14:55:46.057,183162392, 688.1314470483832, 2550400, 36.86395316003841, 138630, 0, 0.0, 40, 
2019-12-10 14:55:47.079,205970064, 688.1314470483832, 2551601, 36.86395316003841, 138695, 0, 0.0, 40, 
2019-12-10 14:55:48.108,227590392, 728.3066143299865, 2552822, 38.521915923401316, 138757, 0, 0.0, 40, 
2019-12-10 14:55:49.13,248836488, 728.3066143299865, 2554098, 38.521915923401316, 138818, 0, 0.0, 40, 
2019-12-10 14:55:50.153,270068816, 728.3066143299865, 2555183, 38.521915923401316, 138874, 0, 0.0, 40, 
2019-12-10 14:55:51.177,281584088, 728.3066143299865, 2555682, 38.521915923401316, 138904, 0, 0.0, 40, 
2019-12-10 14:55:52.202,292501064, 741.8905394318386, 2556163, 39.15181274734517, 138930, 0, 0.0, 40, 
2019-12-10 14:55:53.228,302855096, 741.8905394318386, 2556621, 39.15181274734517, 138952, 0, 0.0, 40, 
2019-12-10 14:55:54.255,312989848, 741.8905394318386, 2557092, 39.15181274734517, 138974, 0, 0.0, 40, 
2019-12-10 14:55:55.282,323533392, 741.8905394318386, 2557593, 39.15181274734517, 139007, 0, 0.0, 40, 
2019-12-10 14:55:56.309,333336840, 741.8905394318386, 2558101, 39.15181274734517, 139036, 0, 0.0, 40, 
2019-12-10 14:55:57.341,344113064, 720.8229991119306, 2558618, 37.98831404092671, 139059, 0, 0.0, 40, 
2019-12-10 14:55:58.371,355026088, 720.8229991119306, 2559111, 37.98831404092671, 139082, 0, 0.0, 40, 
2019-12-10 14:55:59.399,365828968, 720.8229991119306, 2559625, 37.98831404092671, 139107, 0, 0.0, 40, 
2019-12-10 14:56:00.428,377133328, 720.8229991119306, 2560139, 37.98831404092671, 139133, 0, 0.0, 40, 
2019-12-10 14:56:01.466,387734784, 720.8229991119306, 2560663, 37.98831404092671, 139159, 0, 0.0, 40, 
2019-12-10 14:56:02.494,397554872, 702.3993933350692, 2561140, 37.01379025710278, 139191, 0, 0.0, 40, 
2019-12-10 14:56:03.525,125858336, 702.3993933350692, 2561670, 37.01379025710278, 139216, 0, 0.0, 40, 
2019-12-10 14:56:04.552,136285848, 702.3993933350692, 2562156, 37.01379025710278, 139247, 0, 0.0, 40, 
2019-12-10 14:56:05.582,146602728, 702.3993933350692, 2562647, 37.01379025710278, 139279, 0, 0.0, 40, 
2019-12-10 14:56:06.613,156460688, 702.3993933350692, 2563158, 37.01379025710278, 139305, 0, 0.0, 40, 
2019-12-10 14:56:07.645,166219656, 685.0810620500304, 2563638, 36.24511402946522, 139321, 0, 0.0, 40, 
2019-12-10 14:56:08.675,189433072, 685.0810620500304, 2564112, 36.24511402946522, 139349, 0, 0.0, 40, 
2019-12-10 14:56:09.708,200987288, 685.0810620500304, 2564571, 36.24511402946522, 139370, 0, 0.0, 40, 
2019-12-10 14:56:10.733,211697480, 685.0810620500304, 2565072, 36.24511402946522, 139398, 0, 0.0, 40, 
2019-12-10 14:56:11.77,221646664, 685.0810620500304, 2565567, 36.24511402946522, 139419, 0, 0.0, 40, 
2019-12-10 14:56:12.809,232267520, 667.6922364267837, 2566053, 35.07415536441902, 139438, 0, 0.0, 40, 
2019-12-10 14:56:13.836,242065184, 667.6922364267837, 2566525, 35.07415536441902, 139462, 0, 0.0, 40, 
2019-12-10 14:56:14.864,252392304, 667.6922364267837, 2567013, 35.07415536441902, 139487, 0, 0.0, 40, 
2019-12-10 14:56:15.897,263210944, 667.6922364267837, 2567525, 35.07415536441902, 139506, 0, 0.0, 40, 
2019-12-10 14:56:16.926,272491536, 667.6922364267837, 2568014, 35.07415536441902, 139523, 0, 0.0, 40, 
2019-12-10 14:56:17.954,283522648, 652.2534336327471, 2568515, 33.90087468243664, 139550, 0, 0.0, 40, 
2019-12-10 14:56:18.984,293841688, 652.2534336327471, 2569033, 33.90087468243664, 139578, 0, 0.0, 40, 
2019-12-10 14:56:20.014,305357816, 652.2534336327471, 2569514, 33.90087468243664, 139594, 0, 0.0, 40, 
2019-12-10 14:56:21.042,314201592, 652.2534336327471, 2570006, 33.90087468243664, 139627, 0, 0.0, 40, 
2019-12-10 14:56:22.075,326104440, 652.2534336327471, 2570525, 33.90087468243664, 139649, 0, 0.0, 40, 
2019-12-10 14:56:23.105,335749920, 639.0404986121266, 2571003, 33.12523556859484, 139674, 0, 0.0, 40, 
2019-12-10 14:56:24.133,346932608, 639.0404986121266, 2571521, 33.12523556859484, 139708, 0, 0.0, 40, 
2019-12-10 14:56:25.16,357253440, 639.0404986121266, 2572017, 33.12523556859484, 139732, 0, 0.0, 40, 
2019-12-10 14:56:26.192,367488032, 639.0404986121266, 2572499, 33.12523556859484, 139758, 0, 0.0, 40, 
2019-12-10 14:56:27.218,377909392, 626.356304682098, 2572994, 32.619497656100414, 139786, 0, 0.0, 40, 
2019-12-10 14:56:28.243,388255568, 626.356304682098, 2573459, 32.619497656100414, 139815, 0, 0.0, 40, 
2019-12-10 14:56:29.268,398374080, 626.356304682098, 2573958, 32.619497656100414, 139833, 0, 0.0, 40, 
2019-12-10 14:56:30.293,123631728, 626.356304682098, 2574450, 32.619497656100414, 139853, 0, 0.0, 40, 
2019-12-10 14:56:31.34,133867720, 626.356304682098, 2574955, 32.619497656100414, 139870, 0, 0.0, 40, 
2019-12-10 14:56:32.365,145160976, 614.206549390476, 2575431, 31.706445036367835, 139901, 0, 0.0, 40, 
2019-12-10 14:56:33.39,156035416, 614.206549390476, 2575927, 31.706445036367835, 139930, 0, 0.0, 40, 
2019-12-10 14:56:34.429,166444960, 614.206549390476, 2576443, 31.706445036367835, 139946, 0, 0.0, 40, 
2019-12-10 14:56:35.455,176230424, 614.206549390476, 2576922, 31.706445036367835, 139978, 0, 0.0, 40, 
2019-12-10 14:56:36.481,186290128, 614.206549390476, 2577447, 31.706445036367835, 140006, 0, 0.0, 40, 
2019-12-10 14:56:37.505,197620168, 603.9557196856059, 2577923, 31.378111819692535, 140032, 0, 0.0, 40, 
2019-12-10 14:56:38.534,207799000, 603.9557196856059, 2578424, 31.378111819692535, 140050, 0, 0.0, 40, 
2019-12-10 14:56:39.561,218979056, 603.9557196856059, 2578930, 31.378111819692535, 140068, 0, 0.0, 40, 
2019-12-10 14:56:40.591,229657328, 603.9557196856059, 2579448, 31.378111819692535, 140096, 0, 0.0, 40, 
2019-12-10 14:56:41.623,240067656, 603.9557196856059, 2579933, 31.378111819692535, 140121, 0, 0.0, 40, 
2019-12-10 14:56:42.65,250804392, 594.6524300069169, 2580463, 30.532332697032544, 140140, 0, 0.0, 40, 
2019-12-10 14:56:43.675,261008064, 594.6524300069169, 2580943, 30.532332697032544, 140161, 0, 0.0, 40, 
2019-12-10 14:56:44.701,271783632, 594.6524300069169, 2581448, 30.532332697032544, 140197, 0, 0.0, 40, 
2019-12-10 14:56:45.727,282510312, 594.6524300069169, 2581985, 30.532332697032544, 140225, 0, 0.0, 40, 
2019-12-10 14:56:46.751,294392440, 594.6524300069169, 2582480, 30.532332697032544, 140260, 0, 0.0, 40, 
2019-12-10 14:56:47.779,303942960, 586.7486261004, 2583007, 30.265894085591462, 140277, 0, 0.0, 40, 
2019-12-10 14:56:48.801,314553512, 586.7486261004, 2583500, 30.265894085591462, 140296, 0, 0.0, 40, 
2019-12-10 14:56:49.825,326454512, 586.7486261004, 2584023, 30.265894085591462, 140313, 0, 0.0, 40, 
2019-12-10 14:56:50.855,336180720, 586.7486261004, 2584495, 30.265894085591462, 140346, 0, 0.0, 40, 
2019-12-10 14:56:51.879,346423352, 586.7486261004, 2585021, 30.265894085591462, 140363, 0, 0.0, 40, 
2019-12-10 14:56:52.903,356836872, 579.3648376423647, 2585487, 29.493051865847036, 140389, 0, 0.0, 40, 
2019-12-10 14:56:53.927,368694144, 579.3648376423647, 2585984, 29.493051865847036, 140414, 0, 0.0, 40, 
2019-12-10 14:56:54.951,378368536, 579.3648376423647, 2586469, 29.493051865847036, 140446, 0, 0.0, 40, 
2019-12-10 14:56:55.978,389605808, 579.3648376423647, 2586983, 29.493051865847036, 140476, 0, 0.0, 40, 
2019-12-10 14:56:57.005,400001616, 579.3648376423647, 2587523, 29.493051865847036, 140500, 0, 0.0, 40, 
2019-12-10 14:56:58.03,127838632, 572.0277263322245, 2588003, 29.26173621040551, 140527, 0, 0.0, 40, 
2019-12-10 14:56:59.055,137992976, 572.0277263322245, 2588460, 29.26173621040551, 140546, 0, 0.0, 40, 
2019-12-10 14:57:00.078,147677504, 572.0277263322245, 2588942, 29.26173621040551, 140577, 0, 0.0, 40, 
2019-12-10 14:57:01.106,159070744, 572.0277263322245, 2589460, 29.26173621040551, 140598, 0, 0.0, 40, 
2019-12-10 14:57:02.133,169783960, 564.1738709737008, 2589943, 28.681119840895096, 140615, 0, 0.0, 40, 
2019-12-10 14:57:03.163,180970776, 564.1738709737008, 2590453, 28.681119840895096, 140651, 0, 0.0, 40, 
2019-12-10 14:57:04.189,190337672, 564.1738709737008, 2590927, 28.681119840895096, 140673, 0, 0.0, 40, 
2019-12-10 14:57:05.215,201972288, 564.1738709737008, 2591469, 28.681119840895096, 140698, 0, 0.0, 40, 
2019-12-10 14:57:06.24,212401984, 564.1738709737008, 2591951, 28.681119840895096, 140715, 0, 0.0, 40, 
2019-12-10 14:57:07.273,222733512, 558.1952823495672, 2592467, 28.434767100419123, 140744, 0, 0.0, 40, 
2019-12-10 14:57:08.299,234000480, 558.1952823495672, 2592967, 28.434767100419123, 140778, 0, 0.0, 40, 
2019-12-10 14:57:09.325,243331280, 558.1952823495672, 2593423, 28.434767100419123, 140802, 0, 0.0, 40, 
2019-12-10 14:57:10.354,253751128, 558.1952823495672, 2593862, 28.434767100419123, 140829, 0, 0.0, 40, 
2019-12-10 14:57:11.378,264246696, 558.1952823495672, 2594343, 28.434767100419123, 140864, 0, 0.0, 40, 
2019-12-10 14:57:12.403,273934936, 550.391994419891, 2594831, 28.495951744850014, 140891, 0, 0.0, 40, 
2019-12-10 14:57:13.434,286174528, 550.391994419891, 2595356, 28.495951744850014, 140925, 0, 0.0, 40, 
2019-12-10 14:57:14.46,296580480, 550.391994419891, 2595823, 28.495951744850014, 140945, 0, 0.0, 40, 
2019-12-10 14:57:15.489,306986848, 550.391994419891, 2596304, 28.495951744850014, 140970, 0, 0.0, 40, 
2019-12-10 14:57:16.514,317337248, 550.391994419891, 2596816, 28.495951744850014, 140985, 0, 0.0, 40, 
2019-12-10 14:57:17.539,326979104, 544.987636939677, 2597301, 28.072510822995675, 141012, 0, 0.0, 40, 
2019-12-10 14:57:18.564,338090608, 544.987636939677, 2597804, 28.072510822995675, 141040, 0, 0.0, 40, 
2019-12-10 14:57:19.588,348652056, 544.987636939677, 2598292, 28.072510822995675, 141063, 0, 0.0, 40, 
2019-12-10 14:57:20.614,358600216, 544.987636939677, 2598770, 28.072510822995675, 141091, 0, 0.0, 40, 
2019-12-10 14:57:21.642,369262912, 544.987636939677, 2599278, 28.072510822995675, 141118, 0, 0.0, 40, 
2019-12-10 14:57:22.667,380496440, 539.9514235570496, 2599803, 27.84283753865945, 141145, 0, 0.0, 40, 
2019-12-10 14:57:23.694,391153584, 539.9514235570496, 2600337, 27.84283753865945, 141172, 0, 0.0, 40, 
2019-12-10 14:57:24.718,400910432, 539.9514235570496, 2600813, 27.84283753865945, 141191, 0, 0.0, 40, 
2019-12-10 14:57:25.75,128710568, 539.9514235570496, 2601382, 27.84283753865945, 141219, 0, 0.0, 40, 
2019-12-10 14:57:26.773,141326352, 539.9514235570496, 2602003, 27.84283753865945, 141245, 0, 0.0, 40, 
2019-12-10 14:57:27.798,156046520, 540.1152186857222, 2602698, 27.64751903329047, 141284, 0, 0.0, 40, 
2019-12-10 14:57:28.82,170244512, 540.1152186857222, 2603391, 27.64751903329047, 141315, 0, 0.0, 40, 
2019-12-10 14:57:29.843,186749888, 540.1152186857222, 2604201, 27.64751903329047, 141360, 0, 0.0, 40, 
2019-12-10 14:57:30.867,201953216, 540.1152186857222, 2605079, 27.64751903329047, 141404, 0, 0.0, 40, 
2019-12-10 14:57:31.898,221117168, 540.1152186857222, 2605970, 27.64751903329047, 141465, 0, 0.0, 40, 
2019-12-10 14:57:32.92,238311808, 558.7996221679238, 2606852, 28.875035635875907, 141504, 0, 0.0, 40, 
2019-12-10 14:57:33.947,254635672, 558.7996221679238, 2607742, 28.875035635875907, 141552, 0, 0.0, 40, 
2019-12-10 14:57:34.97,271483488, 558.7996221679238, 2608620, 28.875035635875907, 141601, 0, 0.0, 40, 
2019-12-10 14:57:35.994,288380936, 558.7996221679238, 2609542, 28.875035635875907, 141643, 0, 0.0, 40, 
2019-12-10 14:57:37.029,306927464, 558.7996221679238, 2610525, 28.875035635875907, 141700, 0, 0.0, 40, 
2019-12-10 14:57:38.06,325117416, 586.128471457406, 2611458, 30.244272186061423, 141748, 0, 0.0, 40, 
2019-12-10 14:57:39.09,342384248, 586.128471457406, 2612400, 30.244272186061423, 141781, 0, 0.0, 40, 
2019-12-10 14:57:40.137,360138640, 586.128471457406, 2613357, 30.244272186061423, 141838, 0, 0.0, 40, 
2019-12-10 14:57:41.162,378419064, 586.128471457406, 2614356, 30.244272186061423, 141887, 0, 0.0, 40, 
2019-12-10 14:57:42.186,396464464, 613.1112050679661, 2615295, 31.504030626365935, 141938, 0, 0.0, 40, 
2019-12-10 14:57:43.211,131478776, 613.1112050679661, 2616252, 31.504030626365935, 142003, 0, 0.0, 40, 
2019-12-10 14:57:44.235,149764160, 613.1112050679661, 2617218, 31.504030626365935, 142057, 0, 0.0, 40, 
2019-12-10 14:57:45.263,166660696, 613.1112050679661, 2618177, 31.504030626365935, 142106, 0, 0.0, 40, 
2019-12-10 14:57:46.291,186442488, 613.1112050679661, 2619160, 31.504030626365935, 142151, 0, 0.0, 40, 
2019-12-10 14:57:47.313,204768632, 639.8074791154667, 2620140, 33.318700143189794, 142210, 0, 0.0, 40, 
2019-12-10 14:57:48.336,222478264, 639.8074791154667, 2621117, 33.318700143189794, 142252, 0, 0.0, 40, 
2019-12-10 14:57:49.361,240875520, 639.8074791154667, 2622103, 33.318700143189794, 142316, 0, 0.0, 40, 
2019-12-10 14:57:50.383,259157976, 639.8074791154667, 2623053, 33.318700143189794, 142396, 0, 0.0, 40, 
2019-12-10 14:57:51.407,278503440, 639.8074791154667, 2624042, 33.318700143189794, 142439, 0, 0.0, 40, 
2019-12-10 14:57:52.431,297124448, 665.5205973736212, 2625074, 34.98827669654168, 142485, 0, 0.0, 40, 
2019-12-10 14:57:53.454,316814848, 665.5205973736212, 2626041, 34.98827669654168, 142534, 0, 0.0, 40, 
2019-12-10 14:57:54.477,336247792, 665.5205973736212, 2627109, 34.98827669654168, 142584, 0, 0.0, 40, 
2019-12-10 14:57:55.501,355955440, 665.5205973736212, 2628216, 34.98827669654168, 142653, 0, 0.0, 40, 
2019-12-10 14:57:56.523,375238168, 665.5205973736212, 2629255, 34.98827669654168, 142706, 0, 0.0, 40, 
2019-12-10 14:57:57.547,395516768, 694.1030722685731, 2630325, 36.41242345973021, 142767, 0, 0.0, 40, 
2019-12-10 14:57:58.569,131123200, 694.1030722685731, 2631396, 36.41242345973021, 142824, 0, 0.0, 40, 
2019-12-10 14:57:59.592,150611840, 694.1030722685731, 2632492, 36.41242345973021, 142881, 0, 0.0, 40, 
2019-12-10 14:58:00.614,170530512, 694.1030722685731, 2633569, 36.41242345973021, 142938, 0, 0.0, 40, 
2019-12-10 14:58:01.643,192947080, 694.1030722685731, 2634719, 36.41242345973021, 143007, 0, 0.0, 40, 
2019-12-10 14:58:02.664,215509688, 725.1975537741971, 2635948, 38.13847077874177, 143072, 0, 0.0, 40, 
2019-12-10 14:58:03.687,236482088, 725.1975537741971, 2637141, 38.13847077874177, 143142, 0, 0.0, 40, 
2019-12-10 14:58:04.711,259242144, 725.1975537741971, 2638422, 38.13847077874177, 143201, 0, 0.0, 40, 
2019-12-10 14:58:05.735,281248904, 725.1975537741971, 2639656, 38.13847077874177, 143255, 0, 0.0, 40, 
2019-12-10 14:58:06.756,303536944, 725.1975537741971, 2640909, 38.13847077874177, 143315, 0, 0.0, 40, 
2019-12-10 14:58:07.779,325604560, 764.1521105562068, 2642159, 40.094306666689384, 143379, 0, 0.0, 40, 
2019-12-10 14:58:08.807,348954720, 764.1521105562068, 2643426, 40.094306666689384, 143456, 0, 0.0, 40, 
2019-12-10 14:58:09.83,371682512, 764.1521105562068, 2644688, 40.094306666689384, 143525, 0, 0.0, 40, 
2019-12-10 14:58:10.853,394648128, 764.1521105562068, 2645953, 40.094306666689384, 143594, 0, 0.0, 40, 
2019-12-10 14:58:11.879,133971224, 764.1521105562068, 2647213, 40.094306666689384, 143657, 0, 0.0, 40, 
2019-12-10 14:58:12.919,146210560, 799.6242372551505, 2647764, 42.0856559562168, 143685, 0, 0.0, 40, 
2019-12-10 14:58:13.951,156663032, 799.6242372551505, 2648235, 42.0856559562168, 143704, 0, 0.0, 40, 
2019-12-10 14:58:14.984,168773808, 799.6242372551505, 2648783, 42.0856559562168, 143731, 0, 0.0, 40, 
2019-12-10 14:58:16.011,179367944, 799.6242372551505, 2649258, 42.0856559562168, 143756, 0, 0.0, 40, 
2019-12-10 14:58:17.038,189304384, 799.6242372551505, 2649745, 42.0856559562168, 143778, 0, 0.0, 40, 
2019-12-10 14:58:18.066,200716552, 774.0525031496848, 2650261, 40.57564227912827, 143804, 0, 0.0, 40, 
2019-12-10 14:58:19.091,211150920, 774.0525031496848, 2650763, 40.57564227912827, 143828, 0, 0.0, 40, 
2019-12-10 14:58:20.119,220986040, 774.0525031496848, 2651235, 40.57564227912827, 143854, 0, 0.0, 40, 
2019-12-10 14:58:21.147,229997712, 774.0525031496848, 2651702, 40.57564227912827, 143876, 0, 0.0, 40, 
2019-12-10 14:58:22.173,240315480, 749.949691798896, 2652168, 39.218344863657364, 143902, 0, 0.0, 40, 
2019-12-10 14:58:23.204,251501672, 749.949691798896, 2652653, 39.218344863657364, 143926, 0, 0.0, 40, 
2019-12-10 14:58:24.231,262108856, 749.949691798896, 2653165, 39.218344863657364, 143947, 0, 0.0, 40, 
2019-12-10 14:58:25.257,272352216, 749.949691798896, 2653623, 39.218344863657364, 143975, 0, 0.0, 40, 
2019-12-10 14:58:26.282,281834656, 749.949691798896, 2654134, 39.218344863657364, 144002, 0, 0.0, 40, 
2019-12-10 14:58:27.31,293466784, 727.6461059021455, 2654589, 38.09749989415562, 144029, 0, 0.0, 40, 
2019-12-10 14:58:28.344,304127384, 727.6461059021455, 2655111, 38.09749989415562, 144058, 0, 0.0, 40, 
2019-12-10 14:58:29.377,314445144, 727.6461059021455, 2655599, 38.09749989415562, 144092, 0, 0.0, 40, 
2019-12-10 14:58:30.408,325447248, 727.6461059021455, 2656102, 38.09749989415562, 144115, 0, 0.0, 40, 
2019-12-10 14:58:31.438,336321600, 727.6461059021455, 2656609, 38.09749989415562, 144147, 0, 0.0, 40, 
2019-12-10 14:58:32.475,346147264, 708.2771767009724, 2657086, 37.16221944274498, 144164, 0, 0.0, 40, 
2019-12-10 14:58:33.503,356414864, 708.2771767009724, 2657576, 37.16221944274498, 144182, 0, 0.0, 40, 
2019-12-10 14:58:34.531,366629528, 708.2771767009724, 2658091, 37.16221944274498, 144204, 0, 0.0, 40, 
2019-12-10 14:58:35.556,377457248, 708.2771767009724, 2658579, 37.16221944274498, 144231, 0, 0.0, 40, 
2019-12-10 14:58:36.583,388144568, 708.2771767009724, 2659067, 37.16221944274498, 144254, 0, 0.0, 40, 
2019-12-10 14:58:37.61,398176416, 689.6733368354498, 2659540, 36.02987089705232, 144288, 0, 0.0, 40, 
2019-12-10 14:58:38.646,123509304, 689.6733368354498, 2660054, 36.02987089705232, 144312, 0, 0.0, 40, 
2019-12-10 14:58:39.673,135304216, 689.6733368354498, 2660584, 36.02987089705232, 144346, 0, 0.0, 40, 
2019-12-10 14:58:40.7,146859680, 689.6733368354498, 2661076, 36.02987089705232, 144367, 0, 0.0, 40, 
2019-12-10 14:58:41.731,156828864, 689.6733368354498, 2661564, 36.02987089705232, 144386, 0, 0.0, 40, 
2019-12-10 14:58:42.758,168341032, 673.324551496076, 2662060, 35.16396222998964, 144412, 0, 0.0, 40, 
2019-12-10 14:58:43.783,175910232, 673.324551496076, 2662530, 35.16396222998964, 144441, 0, 0.0, 40, 
2019-12-10 14:58:44.814,187561432, 673.324551496076, 2663015, 35.16396222998964, 144477, 0, 0.0, 40, 
2019-12-10 14:58:45.849,198473032, 673.324551496076, 2663508, 35.16396222998964, 144505, 0, 0.0, 40, 
2019-12-10 14:58:46.874,210306248, 673.324551496076, 2664002, 35.16396222998964, 144534, 0, 0.0, 40, 
2019-12-10 14:58:47.903,220824936, 657.4833870049044, 2664479, 34.5911634363174, 144558, 0, 0.0, 40, 
2019-12-10 14:58:48.931,231562192, 657.4833870049044, 2664968, 34.5911634363174, 144589, 0, 0.0, 40, 
2019-12-10 14:58:49.957,243971648, 657.4833870049044, 2665511, 34.5911634363174, 144615, 0, 0.0, 40, 
2019-12-10 14:58:50.985,252896976, 657.4833870049044, 2665989, 34.5911634363174, 144641, 0, 0.0, 40, 
2019-12-10 14:58:52.01,262306776, 657.4833870049044, 2666454, 34.5911634363174, 144663, 0, 0.0, 40, 
2019-12-10 14:58:53.035,273798808, 643.3405722545795, 2666947, 33.840287466454946, 144681, 0, 0.0, 40, 
2019-12-10 14:58:54.06,284811088, 643.3405722545795, 2667411, 33.840287466454946, 144713, 0, 0.0, 40, 
2019-12-10 14:58:55.088,293920344, 643.3405722545795, 2667909, 33.840287466454946, 144754, 0, 0.0, 40, 
2019-12-10 14:58:56.118,304501448, 643.3405722545795, 2668421, 33.840287466454946, 144773, 0, 0.0, 40, 
2019-12-10 14:58:57.15,314300128, 629.2891319265868, 2668869, 33.24539492674843, 144799, 0, 0.0, 40, 
2019-12-10 14:58:58.173,324646888, 629.2891319265868, 2669338, 33.24539492674843, 144834, 0, 0.0, 40, 
2019-12-10 14:58:59.223,336420816, 629.2891319265868, 2669869, 33.24539492674843, 144851, 0, 0.0, 40, 
2019-12-10 14:59:00.245,345995832, 629.2891319265868, 2670352, 33.24539492674843, 144888, 0, 0.0, 40, 
2019-12-10 14:59:01.269,357499504, 629.2891319265868, 2670852, 33.24539492674843, 144916, 0, 0.0, 40, 
2019-12-10 14:59:02.293,367918136, 617.9762855598077, 2671369, 32.87396965610229, 144941, 0, 0.0, 40, 
2019-12-10 14:59:03.317,377882568, 617.9762855598077, 2671849, 32.87396965610229, 144966, 0, 0.0, 40, 
2019-12-10 14:59:04.343,388536688, 617.9762855598077, 2672341, 32.87396965610229, 144992, 0, 0.0, 40, 
2019-12-10 14:59:05.37,398185472, 617.9762855598077, 2672834, 32.87396965610229, 145021, 0, 0.0, 40, 
2019-12-10 14:59:06.395,124060816, 617.9762855598077, 2673312, 32.87396965610229, 145044, 0, 0.0, 40, 
2019-12-10 14:59:07.421,134081984, 606.4166040171552, 2673799, 32.32435738842836, 145077, 0, 0.0, 40, 
2019-12-10 14:59:08.445,146041248, 606.4166040171552, 2674276, 32.32435738842836, 145114, 0, 0.0, 40, 
2019-12-10 14:59:09.47,156132968, 606.4166040171552, 2674738, 32.32435738842836, 145142, 0, 0.0, 40, 
2019-12-10 14:59:10.5,166791544, 606.4166040171552, 2675231, 32.32435738842836, 145166, 0, 0.0, 40, 
2019-12-10 14:59:11.527,176561112, 606.4166040171552, 2675675, 32.32435738842836, 145188, 0, 0.0, 40, 
2019-12-10 14:59:12.553,187340584, 594.5338764471614, 2676152, 31.930627510862156, 145219, 0, 0.0, 40, 
2019-12-10 14:59:13.577,196509136, 594.5338764471614, 2676634, 31.930627510862156, 145239, 0, 0.0, 40, 
2019-12-10 14:59:14.601,207206272, 594.5338764471614, 2677102, 31.930627510862156, 145256, 0, 0.0, 40, 
2019-12-10 14:59:15.63,218096160, 594.5338764471614, 2677595, 31.930627510862156, 145280, 0, 0.0, 40, 
2019-12-10 14:59:16.656,228474720, 594.5338764471614, 2678104, 31.930627510862156, 145297, 0, 0.0, 40, 
2019-12-10 14:59:17.682,239522488, 585.2643154915369, 2678605, 31.00868943853994, 145328, 0, 0.0, 40, 
2019-12-10 14:59:18.708,250152472, 585.2643154915369, 2679125, 31.00868943853994, 145351, 0, 0.0, 40, 
2019-12-10 14:59:19.734,260073928, 585.2643154915369, 2679608, 31.00868943853994, 145378, 0, 0.0, 40, 
2019-12-10 14:59:20.76,270730872, 585.2643154915369, 2680080, 31.00868943853994, 145401, 0, 0.0, 40, 
2019-12-10 14:59:21.785,281495200, 585.2643154915369, 2680598, 31.00868943853994, 145431, 0, 0.0, 40, 
2019-12-10 14:59:22.811,292508144, 577.1356856351019, 2681099, 30.57623450839328, 145452, 0, 0.0, 40, 
2019-12-10 14:59:23.837,302417424, 577.1356856351019, 2681592, 30.57623450839328, 145483, 0, 0.0, 40, 
2019-12-10 14:59:24.86,313581328, 577.1356856351019, 2682108, 30.57623450839328, 145507, 0, 0.0, 40, 
2019-12-10 14:59:25.885,323431928, 577.1356856351019, 2682567, 30.57623450839328, 145539, 0, 0.0, 40, 
2019-12-10 14:59:26.91,333305792, 577.1356856351019, 2683047, 30.57623450839328, 145558, 0, 0.0, 40, 
2019-12-10 14:59:27.935,342960152, 569.0813049224308, 2683503, 30.258312350703616, 145594, 0, 0.0, 40, 
2019-12-10 14:59:28.961,354604976, 569.0813049224308, 2683988, 30.258312350703616, 145615, 0, 0.0, 40, 
2019-12-10 14:59:29.99,365349320, 569.0813049224308, 2684484, 30.258312350703616, 145635, 0, 0.0, 40, 
2019-12-10 14:59:31.014,376331320, 569.0813049224308, 2684971, 30.258312350703616, 145661, 0, 0.0, 40, 
2019-12-10 14:59:32.039,387868944, 569.0813049224308, 2685467, 30.258312350703616, 145700, 0, 0.0, 40, 
2019-12-10 14:59:33.066,396456872, 561.351094592957, 2685967, 29.93382761108606, 145720, 0, 0.0, 40, 
2019-12-10 14:59:34.092,123773704, 561.351094592957, 2686435, 29.93382761108606, 145751, 0, 0.0, 40, 
2019-12-10 14:59:35.117,134556464, 561.351094592957, 2686958, 29.93382761108606, 145777, 0, 0.0, 40, 
2019-12-10 14:59:36.146,144641432, 561.351094592957, 2687436, 29.93382761108606, 145796, 0, 0.0, 40, 
2019-12-10 14:59:37.169,155518656, 554.990540257899, 2687935, 29.49136718510126, 145822, 0, 0.0, 40, 
2019-12-10 14:59:38.195,165976928, 554.990540257899, 2688446, 29.49136718510126, 145844, 0, 0.0, 40, 
2019-12-10 14:59:39.221,177184424, 554.990540257899, 2688941, 29.49136718510126, 145875, 0, 0.0, 40, 
2019-12-10 14:59:40.252,186009528, 554.990540257899, 2689412, 29.49136718510126, 145902, 0, 0.0, 40, 
2019-12-10 14:59:41.276,196172976, 554.990540257899, 2689904, 29.49136718510126, 145927, 0, 0.0, 40, 
2019-12-10 14:59:42.306,207692216, 549.3464322899464, 2690430, 29.068292824405297, 145950, 0, 0.0, 40, 
2019-12-10 14:59:43.333,220040512, 549.3464322899464, 2690919, 29.068292824405297, 145982, 0, 0.0, 40, 
2019-12-10 14:59:44.357,229128688, 549.3464322899464, 2691390, 29.068292824405297, 146009, 0, 0.0, 40, 
2019-12-10 14:59:45.39,241944152, 549.3464322899464, 2691869, 29.068292824405297, 146032, 0, 0.0, 40, 
2019-12-10 14:59:46.415,253067520, 549.3464322899464, 2692349, 29.068292824405297, 146061, 0, 0.0, 40, 
2019-12-10 14:59:47.444,264342496, 544.2335578638374, 2692932, 28.95089461213441, 146090, 0, 0.0, 40, 
2019-12-10 14:59:48.468,279401088, 544.2335578638374, 2693507, 28.95089461213441, 146122, 0, 0.0, 40, 
2019-12-10 14:59:49.492,290927264, 544.2335578638374, 2694182, 28.95089461213441, 146155, 0, 0.0, 40, 
2019-12-10 14:59:50.515,306119456, 544.2335578638374, 2694908, 28.95089461213441, 146190, 0, 0.0, 40, 
2019-12-10 14:59:51.541,320738616, 544.2335578638374, 2695654, 28.95089461213441, 146238, 0, 0.0, 40, 
2019-12-10 14:59:52.565,337230728, 554.3212695989699, 2696513, 29.690412247576283, 146290, 0, 0.0, 40, 
2019-12-10 14:59:53.591,355306808, 554.3212695989699, 2697419, 29.690412247576283, 146337, 0, 0.0, 40, 
2019-12-10 14:59:54.619,372028040, 554.3212695989699, 2698368, 29.690412247576283, 146379, 0, 0.0, 40, 
2019-12-10 14:59:55.642,390604848, 554.3212695989699, 2699335, 29.690412247576283, 146428, 0, 0.0, 40, 
2019-12-10 14:59:56.664,123158336, 554.3212695989699, 2700241, 29.690412247576283, 146473, 0, 0.0, 40, 
2019-12-10 14:59:57.693,140660832, 582.7117973408609, 2701214, 30.770579244437847, 146518, 0, 0.0, 40, 
2019-12-10 14:59:58.718,158888728, 582.7117973408609, 2702154, 30.770579244437847, 146558, 0, 0.0, 40, 
2019-12-10 14:59:59.741,174648184, 582.7117973408609, 2703076, 30.770579244437847, 146605, 0, 0.0, 40, 
2019-12-10 15:00:00.763,193984448, 582.7117973408609, 2704012, 30.770579244437847, 146655, 0, 0.0, 40, 
2019-12-10 15:00:01.787,211697064, 582.7117973408609, 2704932, 30.770579244437847, 146701, 0, 0.0, 40, 
2019-12-10 15:00:02.828,229654632, 608.4485570083874, 2705828, 32.06821208117583, 146752, 0, 0.0, 40, 
2019-12-10 15:00:03.857,246719000, 608.4485570083874, 2706845, 32.06821208117583, 146802, 0, 0.0, 40, 
2019-12-10 15:00:04.88,265852984, 608.4485570083874, 2707791, 32.06821208117583, 146849, 0, 0.0, 40, 
2019-12-10 15:00:05.903,283670544, 608.4485570083874, 2708739, 32.06821208117583, 146909, 0, 0.0, 40, 
2019-12-10 15:00:06.927,300724424, 608.4485570083874, 2709714, 32.06821208117583, 146956, 0, 0.0, 40, 
2019-12-10 15:00:07.949,319086768, 635.1178578840157, 2710681, 33.45398532974584, 147012, 0, 0.0, 40, 
2019-12-10 15:00:08.973,337996984, 635.1178578840157, 2711659, 33.45398532974584, 147061, 0, 0.0, 40, 
2019-12-10 15:00:10.002,356134712, 635.1178578840157, 2712696, 33.45398532974584, 147106, 0, 0.0, 40, 
2019-12-10 15:00:11.027,377242480, 635.1178578840157, 2713773, 33.45398532974584, 147162, 0, 0.0, 40, 
2019-12-10 15:00:12.051,396745032, 635.1178578840157, 2714811, 33.45398532974584, 147237, 0, 0.0, 40, 
2019-12-10 15:00:13.074,135214496, 663.9883919237972, 2715938, 35.176709545111194, 147313, 0, 0.0, 40, 
2019-12-10 15:00:14.098,154335472, 663.9883919237972, 2716980, 35.176709545111194, 147376, 0, 0.0, 40, 
2019-12-10 15:00:15.121,173236976, 663.9883919237972, 2718028, 35.176709545111194, 147433, 0, 0.0, 40, 
2019-12-10 15:00:16.143,194227272, 663.9883919237972, 2719119, 35.176709545111194, 147502, 0, 0.0, 40, 
2019-12-10 15:00:17.166,214179056, 695.7476785635578, 2720252, 37.209443615480566, 147550, 0, 0.0, 40, 
2019-12-10 15:00:18.189,232783272, 695.7476785635578, 2721336, 37.209443615480566, 147597, 0, 0.0, 40, 
2019-12-10 15:00:19.212,255194216, 695.7476785635578, 2722550, 37.209443615480566, 147652, 0, 0.0, 40, 
2019-12-10 15:00:20.234,275685664, 695.7476785635578, 2723623, 37.209443615480566, 147699, 0, 0.0, 40, 
2019-12-10 15:00:21.257,295315920, 695.7476785635578, 2724714, 37.209443615480566, 147751, 0, 0.0, 40, 
2019-12-10 15:00:22.281,316027512, 727.0944514199413, 2725793, 38.120182218902514, 147800, 0, 0.0, 40, 
2019-12-10 15:00:23.361,336073784, 727.0944514199413, 2726934, 38.120182218902514, 147868, 0, 0.0, 40, 
2019-12-10 15:00:24.392,356293176, 727.0944514199413, 2728032, 38.120182218902514, 147926, 0, 0.0, 40, 
2019-12-10 15:00:25.415,376940984, 727.0944514199413, 2729152, 38.120182218902514, 147988, 0, 0.0, 40, 
2019-12-10 15:00:26.439,396269424, 727.0944514199413, 2730236, 38.120182218902514, 148039, 0, 0.0, 40, 
2019-12-10 15:00:27.461,131672488, 753.8560294834733, 2731331, 39.64572021835601, 148091, 0, 0.0, 40, 
2019-12-10 15:00:28.485,152692832, 753.8560294834733, 2732440, 39.64572021835601, 148149, 0, 0.0, 40, 
2019-12-10 15:00:29.508,174129656, 753.8560294834733, 2733580, 39.64572021835601, 148208, 0, 0.0, 40, 
2019-12-10 15:00:30.533,194787368, 753.8560294834733, 2734762, 39.64572021835601, 148263, 0, 0.0, 40, 
2019-12-10 15:00:31.559,216088576, 753.8560294834733, 2735918, 39.64572021835601, 148305, 0, 0.0, 40, 
2019-12-10 15:00:32.583,236753080, 783.6430007224384, 2737129, 40.6495050072046, 148368, 0, 0.0, 40, 
2019-12-10 15:00:33.607,258067536, 783.6430007224384, 2738339, 40.6495050072046, 148426, 0, 0.0, 40, 
2019-12-10 15:00:34.631,275984480, 783.6430007224384, 2739245, 40.6495050072046, 148467, 0, 0.0, 40, 
2019-12-10 15:00:35.655,287319784, 783.6430007224384, 2739738, 40.6495050072046, 148498, 0, 0.0, 40, 
2019-12-10 15:00:36.681,298136264, 783.6430007224384, 2740227, 40.6495050072046, 148525, 0, 0.0, 40, 
2019-12-10 15:00:37.705,308399984, 782.8719889549459, 2740717, 40.48563563463343, 148551, 0, 0.0, 40, 
2019-12-10 15:00:38.729,318749176, 782.8719889549459, 2741196, 40.48563563463343, 148579, 0, 0.0, 40, 
2019-12-10 15:00:39.756,328443128, 782.8719889549459, 2741667, 40.48563563463343, 148601, 0, 0.0, 40, 
2019-12-10 15:00:40.787,339104264, 782.8719889549459, 2742175, 40.48563563463343, 148624, 0, 0.0, 40, 
2019-12-10 15:00:41.814,349636064, 782.8719889549459, 2742668, 40.48563563463343, 148647, 0, 0.0, 40, 
2019-12-10 15:00:42.84,359911320, 758.175948273448, 2743170, 39.247472572629306, 148673, 0, 0.0, 40, 
2019-12-10 15:00:43.868,372533448, 758.175948273448, 2743685, 39.247472572629306, 148710, 0, 0.0, 40, 
2019-12-10 15:00:44.892,383689192, 758.175948273448, 2744208, 39.247472572629306, 148732, 0, 0.0, 40, 
2019-12-10 15:00:45.919,393348896, 758.175948273448, 2744722, 39.247472572629306, 148755, 0, 0.0, 40, 
2019-12-10 15:00:46.956,123087616, 758.175948273448, 2745259, 39.247472572629306, 148779, 0, 0.0, 40, 
2019-12-10 15:00:47.981,133100768, 738.2689305860251, 2745782, 38.1242986801062, 148806, 0, 0.0, 40, 
2019-12-10 15:00:49.007,143963008, 738.2689305860251, 2746278, 38.1242986801062, 148834, 0, 0.0, 40, 
2019-12-10 15:00:50.033,154006992, 738.2689305860251, 2746772, 38.1242986801062, 148859, 0, 0.0, 40, 
2019-12-10 15:00:51.065,166241408, 738.2689305860251, 2747311, 38.1242986801062, 148880, 0, 0.0, 40, 
2019-12-10 15:00:52.09,176438816, 738.2689305860251, 2747840, 38.1242986801062, 148904, 0, 0.0, 40, 
2019-12-10 15:00:53.116,186460856, 719.3939010531898, 2748356, 37.04295546241044, 148929, 0, 0.0, 40, 
2019-12-10 15:00:54.144,197412800, 719.3939010531898, 2748857, 37.04295546241044, 148953, 0, 0.0, 40, 
2019-12-10 15:00:55.17,207361240, 719.3939010531898, 2749362, 37.04295546241044, 148980, 0, 0.0, 40, 
2019-12-10 15:00:56.194,218887784, 719.3939010531898, 2749886, 37.04295546241044, 149007, 0, 0.0, 40, 
2019-12-10 15:00:57.221,229392352, 702.2679023116532, 2750441, 35.968116089301475, 149026, 0, 0.0, 40, 
2019-12-10 15:00:58.246,241082120, 702.2679023116532, 2750932, 35.968116089301475, 149051, 0, 0.0, 40, 
2019-12-10 15:00:59.272,250625904, 702.2679023116532, 2751429, 35.968116089301475, 149078, 0, 0.0, 40, 
2019-12-10 15:01:00.299,261322520, 702.2679023116532, 2751945, 35.968116089301475, 149098, 0, 0.0, 40, 
2019-12-10 15:01:01.325,272247600, 702.2679023116532, 2752464, 35.968116089301475, 149129, 0, 0.0, 40, 
2019-12-10 15:01:02.35,282096504, 685.2958979269193, 2752945, 35.075162829893706, 149155, 0, 0.0, 40, 
2019-12-10 15:01:03.378,292414496, 685.2958979269193, 2753400, 35.075162829893706, 149186, 0, 0.0, 40, 
2019-12-10 15:01:04.404,302418448, 685.2958979269193, 2753878, 35.075162829893706, 149208, 0, 0.0, 40, 
2019-12-10 15:01:05.429,313723872, 685.2958979269193, 2754343, 35.075162829893706, 149235, 0, 0.0, 40, 
2019-12-10 15:01:06.455,324917008, 685.2958979269193, 2754876, 35.075162829893706, 149257, 0, 0.0, 40, 
2019-12-10 15:01:07.481,334314168, 668.0977794973412, 2755340, 34.365543990569485, 149287, 0, 0.0, 40, 
2019-12-10 15:01:08.511,358482432, 668.0977794973412, 2755863, 34.365543990569485, 149315, 0, 0.0, 40, 
2019-12-10 15:01:09.534,369592960, 668.0977794973412, 2756333, 34.365543990569485, 149341, 0, 0.0, 40, 
2019-12-10 15:01:10.577,380397144, 668.0977794973412, 2756815, 34.365543990569485, 149362, 0, 0.0, 40, 
2019-12-10 15:01:11.603,390214144, 668.0977794973412, 2757315, 34.365543990569485, 149388, 0, 0.0, 40, 
2019-12-10 15:01:12.63,401396544, 653.3781337721896, 2757861, 33.55275197019214, 149413, 0, 0.0, 40, 
2019-12-10 15:01:13.655,127090080, 653.3781337721896, 2758350, 33.55275197019214, 149447, 0, 0.0, 40, 
2019-12-10 15:01:14.678,136999072, 653.3781337721896, 2758845, 33.55275197019214, 149470, 0, 0.0, 40, 
2019-12-10 15:01:15.702,147992656, 653.3781337721896, 2759349, 33.55275197019214, 149495, 0, 0.0, 40, 
2019-12-10 15:01:16.727,159158536, 653.3781337721896, 2759839, 33.55275197019214, 149522, 0, 0.0, 40, 
2019-12-10 15:01:17.751,169035392, 639.8673881715897, 2760328, 32.9488672652559, 149547, 0, 0.0, 40, 
2019-12-10 15:01:18.775,179833456, 639.8673881715897, 2760823, 32.9488672652559, 149580, 0, 0.0, 40, 
2019-12-10 15:01:19.799,189715808, 639.8673881715897, 2761343, 32.9488672652559, 149614, 0, 0.0, 40, 
2019-12-10 15:01:20.825,201698000, 639.8673881715897, 2761850, 32.9488672652559, 149634, 0, 0.0, 40, 
2019-12-10 15:01:21.85,210784520, 639.8673881715897, 2762342, 32.9488672652559, 149660, 0, 0.0, 40, 
2019-12-10 15:01:22.878,222345680, 627.6767689003921, 2762850, 32.53718656906645, 149682, 0, 0.0, 40, 
2019-12-10 15:01:23.91,232778880, 627.6767689003921, 2763334, 32.53718656906645, 149697, 0, 0.0, 40, 
2019-12-10 15:01:24.936,243372072, 627.6767689003921, 2763853, 32.53718656906645, 149718, 0, 0.0, 40, 
2019-12-10 15:01:25.961,253959024, 627.6767689003921, 2764333, 32.53718656906645, 149738, 0, 0.0, 40, 
2019-12-10 15:01:26.994,264427000, 627.6767689003921, 2764794, 32.53718656906645, 149767, 0, 0.0, 40, 
2019-12-10 15:01:28.021,274721496, 615.6772929924215, 2765290, 31.534768478035357, 149794, 0, 0.0, 40, 
2019-12-10 15:01:29.048,286455144, 615.6772929924215, 2765793, 31.534768478035357, 149824, 0, 0.0, 40, 
2019-12-10 15:01:30.08,296553528, 615.6772929924215, 2766287, 31.534768478035357, 149859, 0, 0.0, 40, 
2019-12-10 15:01:31.103,307239064, 615.6772929924215, 2766780, 31.534768478035357, 149891, 0, 0.0, 40, 
2019-12-10 15:01:32.127,317125216, 605.1969313024086, 2767279, 31.44403740011385, 149922, 0, 0.0, 40, 
2019-12-10 15:01:33.152,327679128, 605.1969313024086, 2767767, 31.44403740011385, 149950, 0, 0.0, 40, 
2019-12-10 15:01:34.176,338468096, 605.1969313024086, 2768254, 31.44403740011385, 149979, 0, 0.0, 40, 
2019-12-10 15:01:35.201,347950568, 605.1969313024086, 2768715, 31.44403740011385, 150001, 0, 0.0, 40, 
2019-12-10 15:01:36.23,358645160, 605.1969313024086, 2769213, 31.44403740011385, 150020, 0, 0.0, 40, 
2019-12-10 15:01:37.256,368149576, 594.0833502953968, 2769675, 30.864836149340668, 150043, 0, 0.0, 40, 
2019-12-10 15:01:38.279,379006976, 594.0833502953968, 2770189, 30.864836149340668, 150069, 0, 0.0, 40, 
2019-12-10 15:01:39.306,389225784, 594.0833502953968, 2770648, 30.864836149340668, 150101, 0, 0.0, 40, 
2019-12-10 15:01:40.331,398959728, 594.0833502953968, 2771124, 30.864836149340668, 150125, 0, 0.0, 40, 
2019-12-10 15:01:41.357,124037720, 594.0833502953968, 2771640, 30.864836149340668, 150141, 0, 0.0, 40, 
2019-12-10 15:01:42.383,135685472, 585.1216604122218, 2772148, 30.235998571175678, 150163, 0, 0.0, 40, 
2019-12-10 15:01:43.414,144979768, 585.1216604122218, 2772641, 30.235998571175678, 150198, 0, 0.0, 40, 
2019-12-10 15:01:44.441,156087912, 585.1216604122218, 2773156, 30.235998571175678, 150222, 0, 0.0, 40, 
2019-12-10 15:01:45.465,167000424, 585.1216604122218, 2773653, 30.235998571175678, 150243, 0, 0.0, 40, 
2019-12-10 15:01:46.491,178821072, 585.1216604122218, 2774151, 30.235998571175678, 150276, 0, 0.0, 40, 
2019-12-10 15:01:47.519,189187616, 577.068401094456, 2774619, 29.977262411158655, 150311, 0, 0.0, 40, 
2019-12-10 15:01:48.545,199326792, 577.068401094456, 2775121, 29.977262411158655, 150330, 0, 0.0, 40, 
2019-12-10 15:01:49.571,209795408, 577.068401094456, 2775582, 29.977262411158655, 150345, 0, 0.0, 40, 
2019-12-10 15:01:50.597,220914760, 577.068401094456, 2776080, 29.977262411158655, 150376, 0, 0.0, 40, 
2019-12-10 15:01:51.621,230705928, 577.068401094456, 2776563, 29.977262411158655, 150400, 0, 0.0, 40, 
2019-12-10 15:01:52.644,240986920, 568.939444571248, 2777064, 29.579302481531, 150437, 0, 0.0, 40, 
2019-12-10 15:01:53.675,251666032, 568.939444571248, 2777545, 29.579302481531, 150463, 0, 0.0, 40, 
2019-12-10 15:01:54.699,261749096, 568.939444571248, 2778027, 29.579302481531, 150496, 0, 0.0, 40, 
2019-12-10 15:01:55.724,271731848, 568.939444571248, 2778494, 29.579302481531, 150521, 0, 0.0, 40, 
2019-12-10 15:01:56.752,281633640, 568.939444571248, 2778998, 29.579302481531, 150546, 0, 0.0, 40, 
2019-12-10 15:01:57.778,293160288, 561.0446744813784, 2779492, 29.43703731006869, 150576, 0, 0.0, 40, 
2019-12-10 15:01:58.803,303597864, 561.0446744813784, 2779994, 29.43703731006869, 150612, 0, 0.0, 40, 
2019-12-10 15:01:59.827,313737208, 561.0446744813784, 2780507, 29.43703731006869, 150640, 0, 0.0, 40, 
2019-12-10 15:02:00.862,325960824, 561.0446744813784, 2781027, 29.43703731006869, 150661, 0, 0.0, 40, 
2019-12-10 15:02:01.887,336626112, 561.0446744813784, 2781524, 29.43703731006869, 150678, 0, 0.0, 40, 
2019-12-10 15:02:02.911,345058440, 555.4921848823436, 2782003, 29.19420921414956, 150707, 0, 0.0, 40, 
2019-12-10 15:02:03.935,355597632, 555.4921848823436, 2782499, 29.19420921414956, 150734, 0, 0.0, 40, 
2019-12-10 15:02:04.96,367112520, 555.4921848823436, 2782990, 29.19420921414956, 150765, 0, 0.0, 40, 
2019-12-10 15:02:05.991,377198064, 555.4921848823436, 2783495, 29.19420921414956, 150789, 0, 0.0, 40, 
2019-12-10 15:02:07.016,387585088, 555.4921848823436, 2783995, 29.19420921414956, 150809, 0, 0.0, 40, 
2019-12-10 15:02:08.039,398983712, 549.8559409760179, 2784474, 28.842867644191013, 150831, 0, 0.0, 40, 
2019-12-10 15:02:09.072,124253272, 549.8559409760179, 2784656, 28.842867644191013, 150839, 0, 0.0, 40, 
2019-12-10 15:02:10.101,126072376, 549.8559409760179, 2784806, 28.842867644191013, 150846, 0, 0.0, 40, 
2019-12-10 15:02:11.123,134694840, 549.8559409760179, 2785062, 28.842867644191013, 150862, 0, 0.0, 40, 
