Timestamp, MemoryUsed, ReadLatency1, ReadCount, WriteLatency1, WriteCount, PendingTasks, WaitingOnCommit1, SRDelay, 
2019-12-04 15:05:36.384,165130528, 213.25509955726704, 2154829, 11.80501336400252, 116929, 0, 0.0, 10, 
2019-12-04 15:05:37.614,182956320, 213.25509955726704, 2155610, 11.80501336400252, 116972, 0, 0.0, 10, 
2019-12-04 15:05:38.649,196587808, 213.25509955726704, 2156207, 11.80501336400252, 117011, 0, 0.0, 10, 
2019-12-04 15:05:39.686,211267872, 213.25509955726704, 2156873, 11.80501336400252, 117054, 0, 0.0, 10, 
2019-12-04 15:05:40.723,228045088, 241.8428113684661, 2157717, 13.56363539570391, 117088, 0, 0.0, 10, 
2019-12-04 15:05:41.755,246919456, 241.8428113684661, 2158641, 13.56363539570391, 117141, 0, 0.0, 10, 
2019-12-04 15:05:42.788,280473888, 241.8428113684661, 2159653, 13.56363539570391, 117189, 0, 0.0, 10, 
2019-12-04 15:05:43.821,300396832, 241.8428113684661, 2160652, 13.56363539570391, 117242, 0, 0.0, 10, 
2019-12-04 15:05:44.849,320319776, 241.8428113684661, 2161620, 13.56363539570391, 117280, 0, 0.0, 10, 
2019-12-04 15:05:45.885,340242720, 297.02473338328093, 2162692, 16.06115721249229, 117337, 0, 0.0, 10, 
2019-12-04 15:05:46.909,359117088, 297.02473338328093, 2163658, 16.06115721249229, 117387, 0, 0.0, 10, 
2019-12-04 15:05:47.937,380088608, 297.02473338328093, 2164646, 16.06115721249229, 117435, 0, 0.0, 10, 
2019-12-04 15:05:48.968,400011552, 297.02473338328093, 2165643, 16.06115721249229, 117484, 0, 0.0, 10, 
2019-12-04 15:05:49.997,416788768, 297.02473338328093, 2166610, 16.06115721249229, 117544, 0, 0.0, 10, 
2019-12-04 15:05:51.026,438808864, 351.13669599001656, 2167640, 18.854712839741516, 117601, 0, 0.0, 10, 
2019-12-04 15:05:52.051,457683232, 351.13669599001656, 2168559, 18.854712839741516, 117664, 0, 0.0, 10, 
2019-12-04 15:05:53.078,477606176, 351.13669599001656, 2169528, 18.854712839741516, 117711, 0, 0.0, 10, 
2019-12-04 15:05:54.104,496480544, 351.13669599001656, 2170535, 18.854712839741516, 117759, 0, 0.0, 10, 
2019-12-04 15:05:55.128,516403488, 400.61827372656586, 2171597, 21.440899208622618, 117809, 0, 0.0, 10, 
2019-12-04 15:05:56.156,538423584, 400.61827372656586, 2172682, 21.440899208622618, 117858, 0, 0.0, 10, 
2019-12-04 15:05:57.185,559395104, 400.61827372656586, 2173800, 21.440899208622618, 117911, 0, 0.0, 10, 
2019-12-04 15:05:58.212,580366624, 400.61827372656586, 2174886, 21.440899208622618, 117975, 0, 0.0, 10, 
2019-12-04 15:05:59.238,604483872, 400.61827372656586, 2176154, 21.440899208622618, 118037, 0, 0.0, 10, 
2019-12-04 15:06:00.266,626503968, 457.84902064839173, 2177320, 24.17211010813314, 118092, 0, 0.0, 10, 
2019-12-04 15:06:01.295,651669792, 457.84902064839173, 2178507, 24.17211010813314, 118143, 0, 0.0, 10, 
2019-12-04 15:06:02.318,671592736, 457.84902064839173, 2179603, 24.17211010813314, 118202, 0, 0.0, 10, 
2019-12-04 15:06:03.345,695709984, 457.84902064839173, 2180812, 24.17211010813314, 118260, 0, 0.0, 10, 
2019-12-04 15:06:04.372,719827232, 457.84902064839173, 2182053, 24.17211010813314, 118329, 0, 0.0, 10, 
2019-12-04 15:06:05.396,742895904, 513.3822507722264, 2183302, 27.004767782885235, 118399, 0, 0.0, 10, 
2019-12-04 15:06:06.425,764916000, 513.3822507722264, 2184513, 27.004767782885235, 118457, 0, 0.0, 10, 
2019-12-04 15:06:07.448,787984672, 513.3822507722264, 2185714, 27.004767782885235, 118524, 0, 0.0, 10, 
2019-12-04 15:06:08.472,171535872, 513.3822507722264, 2186873, 27.004767782885235, 118590, 0, 0.0, 10, 
2019-12-04 15:06:09.504,195653120, 513.3822507722264, 2188171, 27.004767782885235, 118660, 0, 0.0, 10, 
2019-12-04 15:06:10.529,220818944, 568.6489705303346, 2189515, 29.994725464877032, 118738, 0, 0.0, 10, 
2019-12-04 15:06:11.553,247033344, 568.6489705303346, 2190948, 29.994725464877032, 118817, 0, 0.0, 10, 
2019-12-04 15:06:12.577,272199168, 568.6489705303346, 2192261, 29.994725464877032, 118882, 0, 0.0, 10, 
2019-12-04 15:06:13.601,298413568, 568.6489705303346, 2193690, 29.994725464877032, 118944, 0, 0.0, 10, 
2019-12-04 15:06:14.629,323579392, 568.6489705303346, 2195088, 29.994725464877032, 119037, 0, 0.0, 10, 
2019-12-04 15:06:15.653,351890944, 631.8579408569728, 2196555, 33.41724624728531, 119108, 0, 0.0, 10, 
2019-12-04 15:06:16.675,380202496, 631.8579408569728, 2198010, 33.41724624728531, 119175, 0, 0.0, 10, 
2019-12-04 15:06:17.698,404319744, 631.8579408569728, 2199350, 33.41724624728531, 119248, 0, 0.0, 10, 
2019-12-04 15:06:18.721,430534144, 631.8579408569728, 2200717, 33.41724624728531, 119327, 0, 0.0, 10, 
2019-12-04 15:06:19.745,455699968, 631.8579408569728, 2202006, 33.41724624728531, 119403, 0, 0.0, 10, 
2019-12-04 15:06:20.769,479817216, 688.8296582969808, 2203339, 36.45417955757388, 119469, 0, 0.0, 10, 
2019-12-04 15:06:21.791,503934464, 688.8296582969808, 2204625, 36.45417955757388, 119540, 0, 0.0, 10, 
2019-12-04 15:06:22.813,527003136, 688.8296582969808, 2205870, 36.45417955757388, 119600, 0, 0.0, 10, 
2019-12-04 15:06:23.836,554266112, 688.8296582969808, 2207167, 36.45417955757388, 119674, 0, 0.0, 10, 
2019-12-04 15:06:24.861,580480512, 688.8296582969808, 2208641, 36.45417955757388, 119748, 0, 0.0, 10, 
2019-12-04 15:06:25.89,607743488, 737.4882562070785, 2210105, 38.91247962874978, 119829, 0, 0.0, 10, 
2019-12-04 15:06:26.913,631860736, 737.4882562070785, 2211435, 38.91247962874978, 119901, 0, 0.0, 10, 
2019-12-04 15:06:27.936,658075136, 737.4882562070785, 2212805, 38.91247962874978, 119983, 0, 0.0, 10, 
2019-12-04 15:06:28.963,684289536, 737.4882562070785, 2214204, 38.91247962874978, 120052, 0, 0.0, 10, 
2019-12-04 15:06:29.986,709455360, 737.4882562070785, 2215600, 38.91247962874978, 120132, 0, 0.0, 10, 
2019-12-04 15:06:31.02,738815488, 786.9417247406795, 2217063, 41.84585179583171, 120198, 0, 0.0, 10, 
2019-12-04 15:06:32.045,766078464, 786.9417247406795, 2218568, 41.84585179583171, 120273, 0, 0.0, 10, 
2019-12-04 15:06:33.068,792292864, 786.9417247406795, 2219961, 41.84585179583171, 120346, 0, 0.0, 10, 
2019-12-04 15:06:34.089,173792632, 786.9417247406795, 2221277, 41.84585179583171, 120425, 0, 0.0, 10, 
2019-12-04 15:06:35.116,201055608, 836.0870869419691, 2222754, 44.20887101562772, 120497, 0, 0.0, 10, 
2019-12-04 15:06:36.15,226221432, 836.0870869419691, 2224056, 44.20887101562772, 120575, 0, 0.0, 10, 
2019-12-04 15:06:37.182,250338680, 836.0870869419691, 2225423, 44.20887101562772, 120646, 0, 0.0, 10, 
2019-12-04 15:06:38.209,277601656, 836.0870869419691, 2226822, 44.20887101562772, 120708, 0, 0.0, 10, 
2019-12-04 15:06:39.239,303816056, 836.0870869419691, 2228170, 44.20887101562772, 120780, 0, 0.0, 10, 
2019-12-04 15:06:40.266,327933304, 873.8031690324311, 2229455, 46.350971416314515, 120864, 0, 0.0, 10, 
2019-12-04 15:06:41.291,351001976, 873.8031690324311, 2230763, 46.350971416314515, 120942, 0, 0.0, 10, 
2019-12-04 15:06:42.333,374070648, 873.8031690324311, 2231971, 46.350971416314515, 120997, 0, 0.0, 10, 
2019-12-04 15:06:43.355,399236472, 873.8031690324311, 2233327, 46.350971416314515, 121072, 0, 0.0, 10, 
2019-12-04 15:06:44.379,423353720, 873.8031690324311, 2234627, 46.350971416314515, 121146, 0, 0.0, 10, 
2019-12-04 15:06:45.407,447470968, 903.7542779304435, 2235925, 48.17787887187441, 121225, 0, 0.0, 10, 
2019-12-04 15:06:46.435,472636792, 903.7542779304435, 2237157, 48.17787887187441, 121301, 0, 0.0, 10, 
2019-12-04 15:06:47.459,497802616, 903.7542779304435, 2238511, 48.17787887187441, 121370, 0, 0.0, 10, 
2019-12-04 15:06:48.485,521919864, 903.7542779304435, 2239922, 48.17787887187441, 121436, 0, 0.0, 10, 
2019-12-04 15:06:49.507,547085688, 903.7542779304435, 2241229, 48.17787887187441, 121502, 0, 0.0, 10, 
2019-12-04 15:06:50.533,571202936, 934.9725941939914, 2242500, 49.76276816996215, 121571, 0, 0.0, 10, 
2019-12-04 15:06:51.563,595320184, 934.9725941939914, 2243827, 49.76276816996215, 121629, 0, 0.0, 10, 
2019-12-04 15:06:52.622,619437432, 934.9725941939914, 2245180, 49.76276816996215, 121695, 0, 0.0, 10, 
2019-12-04 15:06:53.651,650894712, 934.9725941939914, 2246581, 49.76276816996215, 121776, 0, 0.0, 10, 
2019-12-04 15:06:54.674,675011960, 934.9725941939914, 2247973, 49.76276816996215, 121836, 0, 0.0, 10, 
2019-12-04 15:06:55.704,700177784, 965.0220944235538, 2249339, 51.04503442865807, 121901, 0, 0.0, 10, 
2019-12-04 15:06:56.727,726392184, 965.0220944235538, 2250706, 51.04503442865807, 121967, 0, 0.0, 10, 
2019-12-04 15:06:57.755,749460856, 965.0220944235538, 2252029, 51.04503442865807, 122035, 0, 0.0, 10, 
2019-12-04 15:06:58.795,775675256, 965.0220944235538, 2253414, 51.04503442865807, 122114, 0, 0.0, 10, 
2019-12-04 15:06:59.824,159064576, 965.0220944235538, 2254758, 51.04503442865807, 122190, 0, 0.0, 10, 
2019-12-04 15:07:00.847,182133248, 993.484516242946, 2256124, 52.416669742928526, 122267, 0, 0.0, 10, 
2019-12-04 15:07:01.873,208347648, 993.484516242946, 2257538, 52.416669742928526, 122345, 0, 0.0, 10, 
2019-12-04 15:07:02.901,234562048, 993.484516242946, 2259029, 52.416669742928526, 122423, 0, 0.0, 10, 
2019-12-04 15:07:03.928,261825024, 993.484516242946, 2260475, 52.416669742928526, 122493, 0, 0.0, 10, 
2019-12-04 15:07:04.957,288039424, 993.484516242946, 2261896, 52.416669742928526, 122582, 0, 0.0, 10, 
2019-12-04 15:07:05.982,315302400, 1024.69241922598, 2263366, 54.41422653814162, 122662, 0, 0.0, 10, 
2019-12-04 15:07:07.015,341516800, 1024.69241922598, 2264770, 54.41422653814162, 122740, 0, 0.0, 10, 
2019-12-04 15:07:08.039,367731200, 1024.69241922598, 2266179, 54.41422653814162, 122802, 0, 0.0, 10, 
2019-12-04 15:07:09.068,392897024, 1024.69241922598, 2267575, 54.41422653814162, 122890, 0, 0.0, 10, 
2019-12-04 15:07:10.095,420160000, 1052.8773691943682, 2268960, 56.09215633974092, 122970, 0, 0.0, 10, 
2019-12-04 15:07:11.121,446374400, 1052.8773691943682, 2270349, 56.09215633974092, 123044, 0, 0.0, 10, 
2019-12-04 15:07:12.147,472588800, 1052.8773691943682, 2271809, 56.09215633974092, 123133, 0, 0.0, 10, 
2019-12-04 15:07:13.174,495657472, 1052.8773691943682, 2273129, 56.09215633974092, 123194, 0, 0.0, 10, 
2019-12-04 15:07:14.205,519774720, 1052.8773691943682, 2274281, 56.09215633974092, 123267, 0, 0.0, 10, 
2019-12-04 15:07:15.262,544940544, 1072.5402570963292, 2275702, 57.12421053547011, 123327, 0, 0.0, 10, 
2019-12-04 15:07:16.289,573252096, 1072.5402570963292, 2277167, 57.12421053547011, 123400, 0, 0.0, 10, 
2019-12-04 15:07:17.319,600515072, 1072.5402570963292, 2278586, 57.12421053547011, 123489, 0, 0.0, 10, 
2019-12-04 15:07:18.348,626729472, 1072.5402570963292, 2280006, 57.12421053547011, 123583, 0, 0.0, 10, 
2019-12-04 15:07:19.374,649798144, 1072.5402570963292, 2281227, 57.12421053547011, 123635, 0, 0.0, 10, 
2019-12-04 15:07:20.398,674963968, 1093.7492551154673, 2282574, 58.233657404586864, 123703, 0, 0.0, 10, 
2019-12-04 15:07:21.425,700129792, 1093.7492551154673, 2283955, 58.233657404586864, 123776, 0, 0.0, 10, 
2019-12-04 15:07:22.456,727392768, 1093.7492551154673, 2285383, 58.233657404586864, 123865, 0, 0.0, 10, 
2019-12-04 15:07:23.481,754655744, 1093.7492551154673, 2286828, 58.233657404586864, 123941, 0, 0.0, 10, 
2019-12-04 15:07:24.505,779821568, 1093.7492551154673, 2288142, 58.233657404586864, 124013, 0, 0.0, 10, 
2019-12-04 15:07:25.533,160112032, 1114.8775781073475, 2289398, 59.670166843773245, 124075, 0, 0.0, 10, 
2019-12-04 15:07:26.556,184229280, 1114.8775781073475, 2290693, 59.670166843773245, 124152, 0, 0.0, 10, 
2019-12-04 15:07:27.588,208346528, 1114.8775781073475, 2292033, 59.670166843773245, 124236, 0, 0.0, 10, 
2019-12-04 15:07:28.617,234560928, 1114.8775781073475, 2293370, 59.670166843773245, 124305, 0, 0.0, 10, 
2019-12-04 15:07:29.643,259726752, 1114.8775781073475, 2294770, 59.670166843773245, 124378, 0, 0.0, 10, 
2019-12-04 15:07:30.669,288038304, 1129.695140832086, 2296241, 60.71997033959867, 124457, 0, 0.0, 10, 
2019-12-04 15:07:31.696,314252704, 1129.695140832086, 2297685, 60.71997033959867, 124548, 0, 0.0, 10, 
2019-12-04 15:07:32.722,339418528, 1129.695140832086, 2299083, 60.71997033959867, 124631, 0, 0.0, 10, 
2019-12-04 15:07:33.748,365632928, 1129.695140832086, 2300468, 60.71997033959867, 124708, 0, 0.0, 10, 
2019-12-04 15:07:34.785,391847328, 1129.695140832086, 2301872, 60.71997033959867, 124760, 0, 0.0, 10, 
2019-12-04 15:07:35.807,415964576, 1149.180705504535, 2303210, 61.669845065317055, 124833, 0, 0.0, 10, 
2019-12-04 15:07:36.831,442178976, 1149.180705504535, 2304603, 61.669845065317055, 124894, 0, 0.0, 10, 
2019-12-04 15:07:37.857,470490528, 1149.180705504535, 2305990, 61.669845065317055, 124979, 0, 0.0, 10, 
2019-12-04 15:07:38.881,497753504, 1149.180705504535, 2307454, 61.669845065317055, 125072, 0, 0.0, 10, 
2019-12-04 15:07:39.906,522919328, 1149.180705504535, 2308810, 61.669845065317055, 125142, 0, 0.0, 10, 
2019-12-04 15:07:40.933,547036576, 1165.3012942179428, 2310165, 62.79962987449799, 125222, 0, 0.0, 10, 
2019-12-04 15:07:41.958,574299552, 1165.3012942179428, 2311560, 62.79962987449799, 125297, 0, 0.0, 10, 
2019-12-04 15:07:42.989,598416800, 1165.3012942179428, 2312950, 62.79962987449799, 125366, 0, 0.0, 10, 
2019-12-04 15:07:44.013,623582624, 1165.3012942179428, 2314285, 62.79962987449799, 125437, 0, 0.0, 10, 
2019-12-04 15:07:45.035,649797024, 1179.045555863209, 2315659, 62.99155287298879, 125480, 0, 0.0, 10, 
2019-12-04 15:07:46.065,674962848, 1179.045555863209, 2316967, 62.99155287298879, 125541, 0, 0.0, 10, 
2019-12-04 15:07:47.089,698031520, 1179.045555863209, 2318143, 62.99155287298879, 125610, 0, 0.0, 10, 
2019-12-04 15:07:48.123,720051616, 1179.045555863209, 2319372, 62.99155287298879, 125665, 0, 0.0, 10, 
2019-12-04 15:07:49.149,745217440, 1179.045555863209, 2320743, 62.99155287298879, 125733, 0, 0.0, 10, 
2019-12-04 15:07:50.176,770383264, 1184.9106533837066, 2322132, 63.088174970418486, 125806, 0, 0.0, 10, 
2019-12-04 15:07:51.201,796597664, 1184.9106533837066, 2323484, 63.088174970418486, 125878, 0, 0.0, 10, 
2019-12-04 15:07:52.226,178134184, 1184.9106533837066, 2324827, 63.088174970418486, 125947, 0, 0.0, 10, 
2019-12-04 15:07:53.25,205397160, 1184.9106533837066, 2326247, 63.088174970418486, 126017, 0, 0.0, 10, 
2019-12-04 15:07:54.273,230562984, 1184.9106533837066, 2327647, 63.088174970418486, 126106, 0, 0.0, 10, 
2019-12-04 15:07:55.301,256777384, 1197.3908684625387, 2328987, 63.76874292323146, 126174, 0, 0.0, 10, 
2019-12-04 15:07:56.346,282991784, 1197.3908684625387, 2330426, 63.76874292323146, 126246, 0, 0.0, 10, 
2019-12-04 15:07:57.377,309206184, 1197.3908684625387, 2331812, 63.76874292323146, 126314, 0, 0.0, 10, 
2019-12-04 15:07:58.402,332274856, 1197.3908684625387, 2333151, 63.76874292323146, 126395, 0, 0.0, 10, 
2019-12-04 15:07:59.425,359537832, 1197.3908684625387, 2334514, 63.76874292323146, 126468, 0, 0.0, 10, 
2019-12-04 15:08:00.453,386800808, 1209.0811051611547, 2335913, 64.26696673039966, 126533, 0, 0.0, 10, 
2019-12-04 15:08:01.479,413015208, 1209.0811051611547, 2337283, 64.26696673039966, 126609, 0, 0.0, 10, 
2019-12-04 15:08:02.505,436083880, 1209.0811051611547, 2338637, 64.26696673039966, 126669, 0, 0.0, 10, 
2019-12-04 15:08:03.531,461249704, 1209.0811051611547, 2340003, 64.26696673039966, 126745, 0, 0.0, 10, 
2019-12-04 15:08:04.563,486415528, 1209.0811051611547, 2341331, 64.26696673039966, 126819, 0, 0.0, 10, 
2019-12-04 15:08:05.589,511581352, 1218.7972195315924, 2342702, 64.70936364434598, 126906, 0, 0.0, 10, 
2019-12-04 15:08:06.617,536747176, 1218.7972195315924, 2344042, 64.70936364434598, 126964, 0, 0.0, 10, 
2019-12-04 15:08:07.641,559815848, 1218.7972195315924, 2345370, 64.70936364434598, 127026, 0, 0.0, 10, 
2019-12-04 15:08:08.668,587078824, 1218.7972195315924, 2346691, 64.70936364434598, 127113, 0, 0.0, 10, 
2019-12-04 15:08:09.719,612244648, 1218.7972195315924, 2348064, 64.70936364434598, 127169, 0, 0.0, 10, 
2019-12-04 15:08:10.745,636361896, 1224.986004153262, 2349410, 64.81255722966297, 127224, 0, 0.0, 10, 
2019-12-04 15:08:11.768,661527720, 1224.986004153262, 2350727, 64.81255722966297, 127294, 0, 0.0, 10, 
2019-12-04 15:08:12.79,685644968, 1224.986004153262, 2352032, 64.81255722966297, 127355, 0, 0.0, 10, 
2019-12-04 15:08:13.815,708713640, 1224.986004153262, 2353253, 64.81255722966297, 127426, 0, 0.0, 10, 
2019-12-04 15:08:14.84,733879464, 1224.986004153262, 2354623, 64.81255722966297, 127496, 0, 0.0, 10, 
2019-12-04 15:08:15.863,761142440, 1229.4966182142866, 2355938, 64.73159762364396, 127561, 0, 0.0, 10, 
2019-12-04 15:08:16.889,783162536, 1229.4966182142866, 2357183, 64.73159762364396, 127637, 0, 0.0, 10, 
2019-12-04 15:08:17.921,163403776, 1229.4966182142866, 2358453, 64.73159762364396, 127722, 0, 0.0, 10, 
2019-12-04 15:08:18.951,189618176, 1229.4966182142866, 2359809, 64.73159762364396, 127787, 0, 0.0, 10, 
2019-12-04 15:08:19.977,213735424, 1229.4966182142866, 2361118, 64.73159762364396, 127869, 0, 0.0, 10, 
2019-12-04 15:08:21.006,235755520, 1231.6956672046367, 2362376, 65.37671145865167, 127932, 0, 0.0, 10, 
2019-12-04 15:08:22.029,259872768, 1231.6956672046367, 2363665, 65.37671145865167, 127992, 0, 0.0, 10, 
2019-12-04 15:08:23.055,285038592, 1231.6956672046367, 2364959, 65.37671145865167, 128070, 0, 0.0, 10, 
2019-12-04 15:08:24.083,314398720, 1231.6956672046367, 2366303, 65.37671145865167, 128132, 0, 0.0, 10, 
2019-12-04 15:08:25.113,337467392, 1235.3499838872663, 2367650, 65.29861792223691, 128195, 0, 0.0, 10, 
2019-12-04 15:08:26.135,364730368, 1235.3499838872663, 2369056, 65.29861792223691, 128266, 0, 0.0, 10, 
2019-12-04 15:08:27.161,388847616, 1235.3499838872663, 2370389, 65.29861792223691, 128329, 0, 0.0, 10, 
2019-12-04 15:08:28.198,415062016, 1235.3499838872663, 2371792, 65.29861792223691, 128386, 0, 0.0, 10, 
2019-12-04 15:08:29.223,440227840, 1235.3499838872663, 2373131, 65.29861792223691, 128464, 0, 0.0, 10, 
2019-12-04 15:08:30.245,465393664, 1243.301568140683, 2374540, 65.25875063438815, 128537, 0, 0.0, 10, 
2019-12-04 15:08:31.27,491608064, 1243.301568140683, 2375954, 65.25875063438815, 128623, 0, 0.0, 10, 
2019-12-04 15:08:32.298,517822464, 1243.301568140683, 2377340, 65.25875063438815, 128713, 0, 0.0, 10, 
2019-12-04 15:08:33.327,541939712, 1243.301568140683, 2378712, 65.25875063438815, 128781, 0, 0.0, 10, 
2019-12-04 15:08:34.351,567105536, 1243.301568140683, 2380031, 65.25875063438815, 128856, 0, 0.0, 10, 
2019-12-04 15:08:35.376,590174208, 1249.7858407326387, 2381271, 66.32545803699182, 128935, 0, 0.0, 10, 
2019-12-04 15:08:36.401,614291456, 1249.7858407326387, 2382557, 66.32545803699182, 128998, 0, 0.0, 10, 
2019-12-04 15:08:37.425,639457280, 1249.7858407326387, 2383887, 66.32545803699182, 129068, 0, 0.0, 10, 
2019-12-04 15:08:38.454,666720256, 1249.7858407326387, 2385273, 66.32545803699182, 129147, 0, 0.0, 10, 
2019-12-04 15:08:39.484,691886080, 1249.7858407326387, 2386640, 66.32545803699182, 129235, 0, 0.0, 10, 
2019-12-04 15:08:40.511,717051904, 1253.7367787624605, 2387969, 66.6832226589098, 129290, 0, 0.0, 10, 
2019-12-04 15:08:41.562,741169152, 1253.7367787624605, 2389284, 66.6832226589098, 129358, 0, 0.0, 10, 
2019-12-04 15:08:42.591,766334976, 1253.7367787624605, 2390638, 66.6832226589098, 129426, 0, 0.0, 10, 
2019-12-04 15:08:43.614,791500800, 1253.7367787624605, 2391961, 66.6832226589098, 129480, 0, 0.0, 10, 
2019-12-04 15:08:44.639,172846096, 1253.7367787624605, 2393215, 66.6832226589098, 129545, 0, 0.0, 10, 
2019-12-04 15:08:45.665,196963344, 1255.3569364780035, 2394572, 66.13287056197996, 129593, 0, 0.0, 10, 
2019-12-04 15:08:46.687,224226320, 1255.3569364780035, 2395956, 66.13287056197996, 129670, 0, 0.0, 10, 
2019-12-04 15:08:47.711,250440720, 1255.3569364780035, 2397302, 66.13287056197996, 129763, 0, 0.0, 10, 
2019-12-04 15:08:48.736,274557968, 1255.3569364780035, 2398642, 66.13287056197996, 129832, 0, 0.0, 10, 
2019-12-04 15:08:49.757,299723792, 1255.3569364780035, 2400017, 66.13287056197996, 129921, 0, 0.0, 10, 
2019-12-04 15:08:50.782,325938192, 1261.6768708913964, 2401361, 66.77788261845788, 129981, 0, 0.0, 10, 
2019-12-04 15:08:51.805,350055440, 1261.6768708913964, 2402717, 66.77788261845788, 130041, 0, 0.0, 10, 
2019-12-04 15:08:52.837,374172688, 1261.6768708913964, 2403989, 66.77788261845788, 130124, 0, 0.0, 10, 
2019-12-04 15:08:53.875,398289936, 1261.6768708913964, 2405283, 66.77788261845788, 130186, 0, 0.0, 10, 
2019-12-04 15:08:54.907,425552912, 1261.6768708913964, 2406652, 66.77788261845788, 130253, 0, 0.0, 10, 
2019-12-04 15:08:55.934,449670160, 1263.7815520880627, 2408048, 66.667713207127, 130322, 0, 0.0, 10, 
2019-12-04 15:08:56.957,472738832, 1263.7815520880627, 2409233, 66.667713207127, 130400, 0, 0.0, 10, 
2019-12-04 15:08:57.98,495807504, 1263.7815520880627, 2410468, 66.667713207127, 130455, 0, 0.0, 10, 
2019-12-04 15:08:59.004,520973328, 1263.7815520880627, 2411831, 66.667713207127, 130531, 0, 0.0, 10, 
2019-12-04 15:09:00.029,546139152, 1263.719062633364, 2413136, 66.7422547433845, 130597, 0, 0.0, 10, 
2019-12-04 15:09:01.062,569207824, 1263.719062633364, 2414424, 66.7422547433845, 130668, 0, 0.0, 10, 
2019-12-04 15:09:02.091,595422224, 1263.719062633364, 2415700, 66.7422547433845, 130731, 0, 0.0, 10, 
2019-12-04 15:09:03.118,619539472, 1263.719062633364, 2416976, 66.7422547433845, 130786, 0, 0.0, 10, 
2019-12-04 15:09:04.142,645753872, 1263.719062633364, 2418430, 66.7422547433845, 130850, 0, 0.0, 10, 
2019-12-04 15:09:05.165,669871120, 1266.012263769493, 2419744, 66.34709387232618, 130917, 0, 0.0, 10, 
2019-12-04 15:09:06.187,695036944, 1266.012263769493, 2421058, 66.34709387232618, 130993, 0, 0.0, 10, 
2019-12-04 15:09:07.213,719154192, 1266.012263769493, 2422382, 66.34709387232618, 131074, 0, 0.0, 10, 
2019-12-04 15:09:08.236,744320016, 1266.012263769493, 2423738, 66.34709387232618, 131152, 0, 0.0, 10, 
2019-12-04 15:09:09.261,768437264, 1266.012263769493, 2425030, 66.34709387232618, 131216, 0, 0.0, 10, 
2019-12-04 15:09:10.288,793603088, 1267.034714705369, 2426292, 66.79907529080984, 131287, 0, 0.0, 10, 
2019-12-04 15:09:11.31,174093224, 1267.034714705369, 2427459, 66.79907529080984, 131350, 0, 0.0, 10, 
2019-12-04 15:09:12.339,195064744, 1267.034714705369, 2428600, 66.79907529080984, 131409, 0, 0.0, 10, 
2019-12-04 15:09:13.361,220230568, 1267.034714705369, 2429944, 66.79907529080984, 131484, 0, 0.0, 10, 
2019-12-04 15:09:14.384,245396392, 1267.034714705369, 2431288, 66.79907529080984, 131562, 0, 0.0, 10, 
2019-12-04 15:09:15.41,270562216, 1264.3774136364739, 2432604, 66.91108704599338, 131629, 0, 0.0, 10, 
2019-12-04 15:09:16.433,293630888, 1264.3774136364739, 2433885, 66.91108704599338, 131710, 0, 0.0, 10, 
2019-12-04 15:09:17.455,315650984, 1264.3774136364739, 2435123, 66.91108704599338, 131773, 0, 0.0, 10, 
2019-12-04 15:09:18.479,341865384, 1264.3774136364739, 2436451, 66.91108704599338, 131841, 0, 0.0, 10, 
2019-12-04 15:09:19.504,365982632, 1264.3774136364739, 2437779, 66.91108704599338, 131922, 0, 0.0, 10, 
2019-12-04 15:09:20.527,392197032, 1264.5871040643547, 2439167, 67.25400959183486, 132002, 0, 0.0, 10, 
2019-12-04 15:09:21.553,417362856, 1264.5871040643547, 2440537, 67.25400959183486, 132069, 0, 0.0, 10, 
2019-12-04 15:09:22.579,441480104, 1264.5871040643547, 2441855, 67.25400959183486, 132153, 0, 0.0, 10, 
2019-12-04 15:09:23.604,466645928, 1264.5871040643547, 2443196, 67.25400959183486, 132215, 0, 0.0, 10, 
2019-12-04 15:09:24.626,492860328, 1264.5871040643547, 2444603, 67.25400959183486, 132281, 0, 0.0, 10, 
2019-12-04 15:09:25.65,520123304, 1269.6733103960132, 2445984, 67.4415846281937, 132345, 0, 0.0, 10, 
2019-12-04 15:09:26.68,544240552, 1269.6733103960132, 2447359, 67.4415846281937, 132407, 0, 0.0, 10, 
2019-12-04 15:09:27.704,570454952, 1269.6733103960132, 2448680, 67.4415846281937, 132481, 0, 0.0, 10, 
2019-12-04 15:09:28.727,593523624, 1269.6733103960132, 2449995, 67.4415846281937, 132543, 0, 0.0, 10, 
2019-12-04 15:09:29.751,618689448, 1269.6733103960132, 2451348, 67.4415846281937, 132625, 0, 0.0, 10, 
2019-12-04 15:09:30.776,650146728, 1272.8017077669167, 2452624, 67.39028635368165, 132692, 0, 0.0, 10, 
2019-12-04 15:09:31.798,681604008, 1272.8017077669167, 2453996, 67.39028635368165, 132770, 0, 0.0, 10, 
2019-12-04 15:09:32.827,713061288, 1272.8017077669167, 2455333, 67.39028635368165, 132830, 0, 0.0, 10, 
2019-12-04 15:09:33.849,743469992, 1272.8017077669167, 2456730, 67.39028635368165, 132892, 0, 0.0, 10, 
2019-12-04 15:09:34.875,774927272, 1272.8017077669167, 2458122, 67.39028635368165, 132953, 0, 0.0, 10, 
2019-12-04 15:09:35.897,156718672, 1277.1671461826522, 2459449, 67.0712406724764, 133016, 0, 0.0, 10, 
2019-12-04 15:09:36.918,185030224, 1277.1671461826522, 2460700, 67.0712406724764, 133086, 0, 0.0, 10, 
2019-12-04 15:09:37.939,214390352, 1277.1671461826522, 2461907, 67.0712406724764, 133147, 0, 0.0, 10, 
2019-12-04 15:09:38.965,245847632, 1277.1671461826522, 2463237, 67.0712406724764, 133210, 0, 0.0, 10, 
2019-12-04 15:09:39.987,276256336, 1277.1671461826522, 2464617, 67.0712406724764, 133274, 0, 0.0, 10, 
2019-12-04 15:09:41.01,308762192, 1276.4501727605136, 2465992, 66.72973112424951, 133333, 0, 0.0, 10, 
2019-12-04 15:09:42.033,339170896, 1276.4501727605136, 2467329, 66.72973112424951, 133410, 0, 0.0, 10, 
2019-12-04 15:09:43.057,369579600, 1276.4501727605136, 2468623, 66.72973112424951, 133471, 0, 0.0, 10, 
2019-12-04 15:09:44.079,402085456, 1276.4501727605136, 2469979, 66.72973112424951, 133541, 0, 0.0, 10, 
2019-12-04 15:09:45.104,433542736, 1279.7883046365714, 2471346, 66.44750940600903, 133600, 0, 0.0, 10, 
2019-12-04 15:09:46.128,465000016, 1279.7883046365714, 2472710, 66.44750940600903, 133681, 0, 0.0, 10, 
2019-12-04 15:09:47.151,495408720, 1279.7883046365714, 2474004, 66.44750940600903, 133759, 0, 0.0, 10, 
2019-12-04 15:09:48.177,528963152, 1279.7883046365714, 2475394, 66.44750940600903, 133838, 0, 0.0, 10, 
2019-12-04 15:09:49.204,559371856, 1279.7883046365714, 2476753, 66.44750940600903, 133908, 0, 0.0, 10, 
2019-12-04 15:09:50.23,590829136, 1282.2518717756172, 2478064, 66.97141762708743, 133973, 0, 0.0, 10, 
2019-12-04 15:09:51.255,621237840, 1282.2518717756172, 2479369, 66.97141762708743, 134033, 0, 0.0, 10, 
2019-12-04 15:09:52.278,652695120, 1282.2518717756172, 2480679, 66.97141762708743, 134104, 0, 0.0, 10, 
2019-12-04 15:09:53.3,683103824, 1282.2518717756172, 2481927, 66.97141762708743, 134168, 0, 0.0, 10, 
2019-12-04 15:09:54.328,714561104, 1282.2518717756172, 2483303, 66.97141762708743, 134245, 0, 0.0, 10, 
2019-12-04 15:09:55.35,744969808, 1281.7360085910611, 2484581, 66.89374736207427, 134304, 0, 0.0, 10, 
2019-12-04 15:09:56.381,776427088, 1281.7360085910611, 2485903, 66.89374736207427, 134374, 0, 0.0, 10, 
2019-12-04 15:09:57.403,169505120, 1281.7360085910611, 2487166, 66.89374736207427, 134438, 0, 0.0, 10, 
2019-12-04 15:09:58.431,198865248, 1281.7360085910611, 2488385, 66.89374736207427, 134494, 0, 0.0, 10, 
2019-12-04 15:09:59.473,230322528, 1281.7360085910611, 2489661, 66.89374736207427, 134558, 0, 0.0, 10, 
2019-12-04 15:10:00.499,260731232, 1277.51947015405, 2491004, 66.29458040511966, 134612, 0, 0.0, 10, 
2019-12-04 15:10:01.525,292188512, 1277.51947015405, 2492326, 66.29458040511966, 134706, 0, 0.0, 10, 
2019-12-04 15:10:02.551,325742944, 1277.51947015405, 2493747, 66.29458040511966, 134792, 0, 0.0, 10, 
2019-12-04 15:10:03.576,357200224, 1277.51947015405, 2495053, 66.29458040511966, 134872, 0, 0.0, 10, 
2019-12-04 15:10:04.6,389706080, 1277.51947015405, 2496385, 66.29458040511966, 134944, 0, 0.0, 10, 
2019-12-04 15:10:05.621,420114784, 1280.9320169018135, 2497723, 67.03860067594808, 135010, 0, 0.0, 10, 
2019-12-04 15:10:06.643,449474912, 1280.9320169018135, 2498967, 67.03860067594808, 135072, 0, 0.0, 10, 
2019-12-04 15:10:07.665,479883616, 1280.9320169018135, 2500254, 67.03860067594808, 135132, 0, 0.0, 10, 
2019-12-04 15:10:08.69,511340896, 1280.9320169018135, 2501643, 67.03860067594808, 135207, 0, 0.0, 10, 
2019-12-04 15:10:09.714,543846752, 1280.9320169018135, 2502971, 67.03860067594808, 135267, 0, 0.0, 10, 
2019-12-04 15:10:10.738,575304032, 1281.593088330264, 2504317, 67.01952321923282, 135352, 0, 0.0, 10, 
2019-12-04 15:10:11.762,606761312, 1281.593088330264, 2505630, 67.01952321923282, 135418, 0, 0.0, 10, 
2019-12-04 15:10:12.786,637170016, 1281.593088330264, 2506942, 67.01952321923282, 135484, 0, 0.0, 10, 
2019-12-04 15:10:13.81,667578720, 1281.593088330264, 2508258, 67.01952321923282, 135552, 0, 0.0, 10, 
2019-12-04 15:10:14.843,693793120, 1281.593088330264, 2509305, 67.01952321923282, 135612, 0, 0.0, 10, 
2019-12-04 15:10:15.871,707424608, 1275.7888654589524, 2509817, 66.77809547269871, 135637, 0, 0.0, 10, 
2019-12-04 15:10:16.899,720007520, 1275.7888654589524, 2510292, 66.77809547269871, 135655, 0, 0.0, 10, 
2019-12-04 15:10:17.929,735736160, 1275.7888654589524, 2510768, 66.77809547269871, 135685, 0, 0.0, 10, 
2019-12-04 15:10:18.953,749367648, 1275.7888654589524, 2511220, 66.77809547269871, 135708, 0, 0.0, 10, 
2019-12-04 15:10:19.977,761950560, 1275.7888654589524, 2511691, 66.77809547269871, 135734, 0, 0.0, 10, 
2019-12-04 15:10:21.001,773484896, 1210.6899181188949, 2512180, 63.373738925210525, 135761, 0, 0.0, 10, 
2019-12-04 15:10:22.027,788164960, 1210.6899181188949, 2512680, 63.373738925210525, 135787, 0, 0.0, 10, 
2019-12-04 15:10:23.052,167569344, 1210.6899181188949, 2513210, 63.373738925210525, 135807, 0, 0.0, 10, 
2019-12-04 15:10:24.077,179103680, 1210.6899181188949, 2513702, 63.373738925210525, 135822, 0, 0.0, 10, 
2019-12-04 15:10:25.101,192735168, 1153.2106538986206, 2514207, 60.04968629339763, 135846, 0, 0.0, 10, 
2019-12-04 15:10:26.127,206366656, 1153.2106538986206, 2514672, 60.04968629339763, 135865, 0, 0.0, 10, 
2019-12-04 15:10:27.15,219998144, 1153.2106538986206, 2515167, 60.04968629339763, 135892, 0, 0.0, 10, 
2019-12-04 15:10:28.174,233629632, 1153.2106538986206, 2515655, 60.04968629339763, 135914, 0, 0.0, 10, 
2019-12-04 15:10:29.219,247261120, 1153.2106538986206, 2516145, 60.04968629339763, 135936, 0, 0.0, 10, 
2019-12-04 15:10:30.245,259844032, 1098.136394856598, 2516594, 56.943436884341864, 135961, 0, 0.0, 10, 
2019-12-04 15:10:31.268,273475520, 1098.136394856598, 2517110, 56.943436884341864, 135978, 0, 0.0, 10, 
2019-12-04 15:10:32.304,285009856, 1098.136394856598, 2517582, 56.943436884341864, 136013, 0, 0.0, 10, 
2019-12-04 15:10:33.329,298641344, 1098.136394856598, 2518071, 56.943436884341864, 136034, 0, 0.0, 10, 
2019-12-04 15:10:34.355,312272832, 1098.136394856598, 2518536, 56.943436884341864, 136061, 0, 0.0, 10, 
2019-12-04 15:10:35.381,323807168, 1047.6095504888035, 2518994, 54.501318509022, 136095, 0, 0.0, 10, 
2019-12-04 15:10:36.403,338487232, 1047.6095504888035, 2519489, 54.501318509022, 136121, 0, 0.0, 10, 
2019-12-04 15:10:37.433,350021568, 1047.6095504888035, 2519961, 54.501318509022, 136143, 0, 0.0, 10, 
2019-12-04 15:10:38.457,363653056, 1047.6095504888035, 2520436, 54.501318509022, 136165, 0, 0.0, 10, 
2019-12-04 15:10:39.484,376235968, 1047.6095504888035, 2520926, 54.501318509022, 136194, 0, 0.0, 10, 
2019-12-04 15:10:40.511,390916032, 1001.7462631052605, 2521442, 52.22247890379704, 136229, 0, 0.0, 10, 
2019-12-04 15:10:41.537,404547520, 1001.7462631052605, 2521941, 52.22247890379704, 136255, 0, 0.0, 10, 
2019-12-04 15:10:42.56,417130432, 1001.7462631052605, 2522441, 52.22247890379704, 136288, 0, 0.0, 10, 
2019-12-04 15:10:43.586,445441984, 1001.7462631052605, 2522904, 52.22247890379704, 136310, 0, 0.0, 10, 
2019-12-04 15:10:44.608,458024896, 1001.7462631052605, 2523355, 52.22247890379704, 136335, 0, 0.0, 10, 
2019-12-04 15:10:45.631,472704960, 959.2621616041578, 2523815, 50.12584525317373, 136362, 0, 0.0, 10, 
2019-12-04 15:10:46.654,486336448, 959.2621616041578, 2524316, 50.12584525317373, 136383, 0, 0.0, 10, 
2019-12-04 15:10:47.678,497870784, 959.2621616041578, 2524774, 50.12584525317373, 136419, 0, 0.0, 10, 
2019-12-04 15:10:48.703,511502272, 959.2621616041578, 2525260, 50.12584525317373, 136446, 0, 0.0, 10, 
2019-12-04 15:10:49.735,525133760, 959.2621616041578, 2525727, 50.12584525317373, 136485, 0, 0.0, 10, 
2019-12-04 15:10:50.76,537716672, 919.4073276879645, 2526179, 48.4846892807283, 136505, 0, 0.0, 10, 
2019-12-04 15:10:51.784,551348160, 919.4073276879645, 2526631, 48.4846892807283, 136528, 0, 0.0, 10, 
2019-12-04 15:10:52.809,562882496, 919.4073276879645, 2527088, 48.4846892807283, 136557, 0, 0.0, 10, 
2019-12-04 15:10:53.844,575465408, 919.4073276879645, 2527545, 48.4846892807283, 136591, 0, 0.0, 10, 
2019-12-04 15:10:54.868,588048320, 919.4073276879645, 2528014, 48.4846892807283, 136619, 0, 0.0, 10, 
2019-12-04 15:10:55.891,601679808, 881.6677055034245, 2528519, 46.70290390448402, 136647, 0, 0.0, 10, 
2019-12-04 15:10:56.914,615311296, 881.6677055034245, 2529021, 46.70290390448402, 136677, 0, 0.0, 10, 
2019-12-04 15:10:57.939,627894208, 881.6677055034245, 2529493, 46.70290390448402, 136704, 0, 0.0, 10, 
2019-12-04 15:10:58.972,641525696, 881.6677055034245, 2529969, 46.70290390448402, 136731, 0, 0.0, 10, 
2019-12-04 15:10:59.998,654108608, 881.6677055034245, 2530437, 46.70290390448402, 136759, 0, 0.0, 10, 
2019-12-04 15:11:01.023,667740096, 848.9604576536585, 2530928, 45.14353780637294, 136785, 0, 0.0, 10, 
2019-12-04 15:11:02.046,681371584, 848.9604576536585, 2531423, 45.14353780637294, 136809, 0, 0.0, 10, 
2019-12-04 15:11:03.075,695003072, 848.9604576536585, 2531931, 45.14353780637294, 136835, 0, 0.0, 10, 
2019-12-04 15:11:04.099,707585984, 848.9604576536585, 2532417, 45.14353780637294, 136859, 0, 0.0, 10, 
2019-12-04 15:11:05.138,721217472, 819.9397417955516, 2532939, 43.516958332553905, 136886, 0, 0.0, 10, 
2019-12-04 15:11:06.163,734848960, 819.9397417955516, 2533435, 43.516958332553905, 136914, 0, 0.0, 10, 
2019-12-04 15:11:07.188,747431872, 819.9397417955516, 2533892, 43.516958332553905, 136944, 0, 0.0, 10, 
2019-12-04 15:11:08.21,760014784, 819.9397417955516, 2534372, 43.516958332553905, 136966, 0, 0.0, 10, 
2019-12-04 15:11:09.234,773646272, 819.9397417955516, 2534835, 43.516958332553905, 136988, 0, 0.0, 10, 
2019-12-04 15:11:10.257,786229184, 791.7522203738611, 2535318, 41.972459621493584, 137009, 0, 0.0, 10, 
2019-12-04 15:11:11.283,801957824, 791.7522203738611, 2535803, 41.972459621493584, 137036, 0, 0.0, 10, 
2019-12-04 15:11:12.308,178178096, 791.7522203738611, 2536273, 41.972459621493584, 137056, 0, 0.0, 10, 
2019-12-04 15:11:13.333,190761008, 791.7522203738611, 2536771, 41.972459621493584, 137084, 0, 0.0, 10, 
2019-12-04 15:11:14.365,205441072, 791.7522203738611, 2537265, 41.972459621493584, 137101, 0, 0.0, 10, 
2019-12-04 15:11:15.389,218023984, 766.5540401130005, 2537774, 40.45550550653554, 137126, 0, 0.0, 10, 
2019-12-04 15:11:16.41,231655472, 766.5540401130005, 2538237, 40.45550550653554, 137156, 0, 0.0, 10, 
2019-12-04 15:11:17.436,244238384, 766.5540401130005, 2538683, 40.45550550653554, 137178, 0, 0.0, 10, 
2019-12-04 15:11:18.462,254724144, 766.5540401130005, 2539135, 40.45550550653554, 137205, 0, 0.0, 10, 
2019-12-04 15:11:19.488,269404208, 766.5540401130005, 2539625, 40.45550550653554, 137230, 0, 0.0, 10, 
2019-12-04 15:11:20.513,280938544, 741.4036877050542, 2540082, 39.17177816533837, 137254, 0, 0.0, 10, 
2019-12-04 15:11:21.536,294570032, 741.4036877050542, 2540587, 39.17177816533837, 137282, 0, 0.0, 10, 
2019-12-04 15:11:22.565,308201520, 741.4036877050542, 2541085, 39.17177816533837, 137309, 0, 0.0, 10, 
2019-12-04 15:11:23.592,321833008, 741.4036877050542, 2541602, 39.17177816533837, 137332, 0, 0.0, 10, 
2019-12-04 15:11:24.615,336513072, 741.4036877050542, 2542103, 39.17177816533837, 137360, 0, 0.0, 10, 
2019-12-04 15:11:25.639,349095984, 721.1106652853601, 2542584, 38.0546564634595, 137382, 0, 0.0, 10, 
2019-12-04 15:11:26.664,362727472, 721.1106652853601, 2543102, 38.0546564634595, 137401, 0, 0.0, 10, 
2019-12-04 15:11:27.697,375310384, 721.1106652853601, 2543576, 38.0546564634595, 137425, 0, 0.0, 10, 
2019-12-04 15:11:28.722,387893296, 721.1106652853601, 2544087, 38.0546564634595, 137446, 0, 0.0, 10, 
2019-12-04 15:11:29.746,401524784, 721.1106652853601, 2544557, 38.0546564634595, 137473, 0, 0.0, 10, 
2019-12-04 15:11:30.771,416204848, 702.0244143082455, 2545049, 36.81897035922088, 137495, 0, 0.0, 10, 
2019-12-04 15:11:31.794,428787760, 702.0244143082455, 2545521, 36.81897035922088, 137516, 0, 0.0, 10, 
2019-12-04 15:11:32.82,440322096, 702.0244143082455, 2546002, 36.81897035922088, 137533, 0, 0.0, 10, 
2019-12-04 15:11:33.843,453953584, 702.0244143082455, 2546453, 36.81897035922088, 137568, 0, 0.0, 10, 
2019-12-04 15:11:34.867,467585072, 702.0244143082455, 2546923, 36.81897035922088, 137596, 0, 0.0, 10, 
2019-12-04 15:11:35.905,480167984, 682.4813171833449, 2547410, 35.76203984615175, 137611, 0, 0.0, 10, 
2019-12-04 15:11:36.929,493799472, 682.4813171833449, 2547902, 35.76203984615175, 137631, 0, 0.0, 10, 
2019-12-04 15:11:37.957,508479536, 682.4813171833449, 2548392, 35.76203984615175, 137661, 0, 0.0, 10, 
2019-12-04 15:11:38.98,520013872, 682.4813171833449, 2548861, 35.76203984615175, 137680, 0, 0.0, 10, 
2019-12-04 15:11:40.009,533645360, 682.4813171833449, 2549335, 35.76203984615175, 137707, 0, 0.0, 10, 
2019-12-04 15:11:41.031,546228272, 665.4282846193216, 2549799, 34.64569677728397, 137739, 0, 0.0, 10, 
2019-12-04 15:11:42.06,558811184, 665.4282846193216, 2550278, 34.64569677728397, 137764, 0, 0.0, 10, 
2019-12-04 15:11:43.083,572442672, 665.4282846193216, 2550766, 34.64569677728397, 137786, 0, 0.0, 10, 
2019-12-04 15:11:44.109,586074160, 665.4282846193216, 2551257, 34.64569677728397, 137810, 0, 0.0, 10, 
2019-12-04 15:11:45.137,597608496, 649.2590037440759, 2551707, 33.826496093925776, 137830, 0, 0.0, 10, 
2019-12-04 15:11:46.167,611239984, 649.2590037440759, 2552180, 33.826496093925776, 137860, 0, 0.0, 10, 
2019-12-04 15:11:47.189,622774320, 649.2590037440759, 2552645, 33.826496093925776, 137889, 0, 0.0, 10, 
2019-12-04 15:11:48.216,637454384, 649.2590037440759, 2553132, 33.826496093925776, 137915, 0, 0.0, 10, 
2019-12-04 15:11:49.24,650037296, 649.2590037440759, 2553624, 33.826496093925776, 137936, 0, 0.0, 10, 
2019-12-04 15:11:50.274,664717360, 634.6224139423455, 2554110, 33.104777314889816, 137958, 0, 0.0, 10, 
2019-12-04 15:11:51.296,676251696, 634.6224139423455, 2554574, 33.104777314889816, 137986, 0, 0.0, 10, 
2019-12-04 15:11:52.32,689883184, 634.6224139423455, 2555045, 33.104777314889816, 138013, 0, 0.0, 10, 
2019-12-04 15:11:53.349,702466096, 634.6224139423455, 2555545, 33.104777314889816, 138043, 0, 0.0, 10, 
2019-12-04 15:11:54.372,716097584, 634.6224139423455, 2556052, 33.104777314889816, 138064, 0, 0.0, 10, 
2019-12-04 15:11:55.396,729729072, 621.6518258753409, 2556533, 32.48873733452709, 138089, 0, 0.0, 10, 
2019-12-04 15:11:56.426,742311984, 621.6518258753409, 2557014, 32.48873733452709, 138104, 0, 0.0, 10, 
2019-12-04 15:11:57.45,755943472, 621.6518258753409, 2557497, 32.48873733452709, 138122, 0, 0.0, 10, 
2019-12-04 15:11:58.475,768526384, 621.6518258753409, 2557946, 32.48873733452709, 138149, 0, 0.0, 10, 
2019-12-04 15:11:59.5,781109296, 621.6518258753409, 2558443, 32.48873733452709, 138168, 0, 0.0, 10, 
2019-12-04 15:12:00.524,794740784, 609.2865486088341, 2558918, 31.45821079625608, 138192, 0, 0.0, 10, 
2019-12-04 15:12:01.55,172117200, 609.2865486088341, 2559389, 31.45821079625608, 138218, 0, 0.0, 10, 
2019-12-04 15:12:02.573,185748688, 609.2865486088341, 2559891, 31.45821079625608, 138237, 0, 0.0, 10, 
2019-12-04 15:12:03.595,199380176, 609.2865486088341, 2560374, 31.45821079625608, 138263, 0, 0.0, 10, 
2019-12-04 15:12:04.62,214060240, 609.2865486088341, 2560855, 31.45821079625608, 138293, 0, 0.0, 10, 
2019-12-04 15:12:05.645,226643152, 598.3576956025173, 2561346, 30.893867420371798, 138316, 0, 0.0, 10, 
2019-12-04 15:12:06.669,240274640, 598.3576956025173, 2561817, 30.893867420371798, 138340, 0, 0.0, 10, 
2019-12-04 15:12:07.692,251808976, 598.3576956025173, 2562262, 30.893867420371798, 138367, 0, 0.0, 10, 
2019-12-04 15:12:08.717,265440464, 598.3576956025173, 2562754, 30.893867420371798, 138388, 0, 0.0, 10, 
2019-12-04 15:12:09.742,278023376, 598.3576956025173, 2563195, 30.893867420371798, 138420, 0, 0.0, 10, 
2019-12-04 15:12:10.769,290606288, 586.8634648990785, 2563655, 30.422619800678813, 138451, 0, 0.0, 10, 
2019-12-04 15:12:11.793,301092048, 586.8634648990785, 2564098, 30.422619800678813, 138477, 0, 0.0, 10, 
2019-12-04 15:12:12.818,314723536, 586.8634648990785, 2564571, 30.422619800678813, 138507, 0, 0.0, 10, 
2019-12-04 15:12:13.842,327306448, 586.8634648990785, 2565036, 30.422619800678813, 138538, 0, 0.0, 10, 
2019-12-04 15:12:14.866,339889360, 586.8634648990785, 2565488, 30.422619800678813, 138563, 0, 0.0, 10, 
2019-12-04 15:12:15.89,352472272, 575.8085286276947, 2565969, 30.260900050533216, 138597, 0, 0.0, 10, 
2019-12-04 15:12:16.919,366103760, 575.8085286276947, 2566485, 30.260900050533216, 138623, 0, 0.0, 10, 
2019-12-04 15:12:17.943,380783824, 575.8085286276947, 2566990, 30.260900050533216, 138641, 0, 0.0, 10, 
2019-12-04 15:12:18.966,394415312, 575.8085286276947, 2567491, 30.260900050533216, 138666, 0, 0.0, 10, 
2019-12-04 15:12:19.992,406998224, 575.8085286276947, 2567954, 30.260900050533216, 138693, 0, 0.0, 10, 
2019-12-04 15:12:21.016,420629712, 568.2440483402089, 2568459, 29.856252824490344, 138725, 0, 0.0, 10, 
2019-12-04 15:12:22.041,435309776, 568.2440483402089, 2568957, 29.856252824490344, 138741, 0, 0.0, 10, 
2019-12-04 15:12:23.065,448941264, 568.2440483402089, 2569470, 29.856252824490344, 138765, 0, 0.0, 10, 
2019-12-04 15:12:24.088,460475600, 568.2440483402089, 2569947, 29.856252824490344, 138785, 0, 0.0, 10, 
2019-12-04 15:12:25.11,477252816, 561.6841684289874, 2570446, 29.308057116458862, 138808, 0, 0.0, 10, 
2019-12-04 15:12:26.141,489835728, 561.6841684289874, 2570949, 29.308057116458862, 138839, 0, 0.0, 10, 
2019-12-04 15:12:27.166,502418640, 561.6841684289874, 2571405, 29.308057116458862, 138864, 0, 0.0, 10, 
2019-12-04 15:12:28.191,515001552, 561.6841684289874, 2571886, 29.308057116458862, 138880, 0, 0.0, 10, 
2019-12-04 15:12:29.224,529681616, 561.6841684289874, 2572369, 29.308057116458862, 138907, 0, 0.0, 10, 
2019-12-04 15:12:30.246,543313104, 554.5134182437653, 2572867, 28.70774601471592, 138923, 0, 0.0, 10, 
2019-12-04 15:12:31.271,556944592, 554.5134182437653, 2573333, 28.70774601471592, 138961, 0, 0.0, 10, 
2019-12-04 15:12:32.297,568478928, 554.5134182437653, 2573795, 28.70774601471592, 138995, 0, 0.0, 10, 
2019-12-04 15:12:33.32,583158992, 554.5134182437653, 2574254, 28.70774601471592, 139013, 0, 0.0, 10, 
2019-12-04 15:12:34.345,595741904, 554.5134182437653, 2574739, 28.70774601471592, 139042, 0, 0.0, 10, 
2019-12-04 15:12:35.368,608324816, 546.6367202212188, 2575200, 28.795077821482764, 139075, 0, 0.0, 10, 
2019-12-04 15:12:36.391,620907728, 546.6367202212188, 2575680, 28.795077821482764, 139087, 0, 0.0, 10, 
2019-12-04 15:12:37.418,635587792, 546.6367202212188, 2576152, 28.795077821482764, 139119, 0, 0.0, 10, 
2019-12-04 15:12:38.442,647122128, 546.6367202212188, 2576612, 28.795077821482764, 139147, 0, 0.0, 10, 
2019-12-04 15:12:39.467,659705040, 546.6367202212188, 2577107, 28.795077821482764, 139174, 0, 0.0, 10, 
2019-12-04 15:12:40.496,673336528, 540.0774262340408, 2577589, 28.41168456736816, 139200, 0, 0.0, 10, 
2019-12-04 15:12:41.521,685919440, 540.0774262340408, 2578070, 28.41168456736816, 139232, 0, 0.0, 10, 
2019-12-04 15:12:42.543,699550928, 540.0774262340408, 2578548, 28.41168456736816, 139259, 0, 0.0, 10, 
2019-12-04 15:12:43.568,711085264, 540.0774262340408, 2579012, 28.41168456736816, 139269, 0, 0.0, 10, 
2019-12-04 15:12:44.594,724716752, 540.0774262340408, 2579493, 28.41168456736816, 139288, 0, 0.0, 10, 
2019-12-04 15:12:45.617,738348240, 534.2344778421157, 2579992, 27.962999042868645, 139308, 0, 0.0, 10, 
2019-12-04 15:12:46.64,751979728, 534.2344778421157, 2580472, 27.962999042868645, 139336, 0, 0.0, 10, 
2019-12-04 15:12:47.666,763514064, 534.2344778421157, 2580937, 27.962999042868645, 139360, 0, 0.0, 10, 
2019-12-04 15:12:48.694,780291280, 534.2344778421157, 2581423, 27.962999042868645, 139386, 0, 0.0, 10, 
2019-12-04 15:12:49.719,792874192, 534.2344778421157, 2581879, 27.962999042868645, 139410, 0, 0.0, 10, 
2019-12-04 15:12:50.743,804408528, 528.3629811798593, 2582335, 27.58217066627611, 139436, 0, 0.0, 10, 
2019-12-04 15:12:51.766,175501056, 528.3629811798593, 2582795, 27.58217066627611, 139449, 0, 0.0, 10, 
2019-12-04 15:12:52.8,189132544, 528.3629811798593, 2583324, 27.58217066627611, 139476, 0, 0.0, 10, 
2019-12-04 15:12:53.824,203812608, 528.3629811798593, 2583834, 27.58217066627611, 139498, 0, 0.0, 10, 
2019-12-04 15:12:54.857,216395520, 528.3629811798593, 2584335, 27.58217066627611, 139516, 0, 0.0, 10, 
2019-12-04 15:12:55.88,230027008, 524.6560018800939, 2584813, 27.023907123496034, 139539, 0, 0.0, 10, 
2019-12-04 15:12:56.904,241561344, 524.6560018800939, 2585295, 27.023907123496034, 139564, 0, 0.0, 10, 
2019-12-04 15:12:57.927,255192832, 524.6560018800939, 2585754, 27.023907123496034, 139591, 0, 0.0, 10, 
2019-12-04 15:12:58.95,268824320, 524.6560018800939, 2586280, 27.023907123496034, 139627, 0, 0.0, 10, 
2019-12-04 15:12:59.974,282455808, 524.6560018800939, 2586771, 27.023907123496034, 139652, 0, 0.0, 10, 
2019-12-04 15:13:00.998,296087296, 520.7496916509001, 2587254, 27.006004498368245, 139677, 0, 0.0, 10, 
2019-12-04 15:13:02.022,308670208, 520.7496916509001, 2587762, 27.006004498368245, 139701, 0, 0.0, 10, 
2019-12-04 15:13:03.045,322301696, 520.7496916509001, 2588210, 27.006004498368245, 139726, 0, 0.0, 10, 
2019-12-04 15:13:04.068,334884608, 520.7496916509001, 2588710, 27.006004498368245, 139750, 0, 0.0, 10, 
2019-12-04 15:13:05.091,348516096, 516.9478282207573, 2589187, 26.733675414926054, 139773, 0, 0.0, 10, 
2019-12-04 15:13:06.113,361099008, 516.9478282207573, 2589676, 26.733675414926054, 139792, 0, 0.0, 10, 
2019-12-04 15:13:07.139,374730496, 516.9478282207573, 2590159, 26.733675414926054, 139813, 0, 0.0, 10, 
2019-12-04 15:13:08.162,388361984, 516.9478282207573, 2590644, 26.733675414926054, 139845, 0, 0.0, 10, 
2019-12-04 15:13:09.186,400944896, 516.9478282207573, 2591098, 26.733675414926054, 139873, 0, 0.0, 10, 
2019-12-04 15:13:10.21,414576384, 512.7303447383347, 2591576, 26.499111679838077, 139894, 0, 0.0, 10, 
2019-12-04 15:13:11.233,427159296, 512.7303447383347, 2592029, 26.499111679838077, 139912, 0, 0.0, 10, 
2019-12-04 15:13:12.256,440790784, 512.7303447383347, 2592521, 26.499111679838077, 139942, 0, 0.0, 10, 
2019-12-04 15:13:13.283,455470848, 512.7303447383347, 2593005, 26.499111679838077, 139963, 0, 0.0, 10, 
2019-12-04 15:13:14.316,468053760, 512.7303447383347, 2593464, 26.499111679838077, 139991, 0, 0.0, 10, 
2019-12-04 15:13:15.343,481685248, 508.97800155313354, 2593940, 26.203347040125117, 140015, 0, 0.0, 10, 
2019-12-04 15:13:16.371,493219584, 508.97800155313354, 2594410, 26.203347040125117, 140049, 0, 0.0, 10, 
2019-12-04 15:13:17.394,506851072, 508.97800155313354, 2594862, 26.203347040125117, 140070, 0, 0.0, 10, 
2019-12-04 15:13:18.421,519433984, 508.97800155313354, 2595367, 26.203347040125117, 140085, 0, 0.0, 10, 
2019-12-04 15:13:19.447,533065472, 508.97800155313354, 2595854, 26.203347040125117, 140107, 0, 0.0, 10, 
2019-12-04 15:13:20.471,546696960, 505.1259012369634, 2596343, 26.027177137757167, 140133, 0, 0.0, 10, 
2019-12-04 15:13:21.494,560328448, 505.1259012369634, 2596821, 26.027177137757167, 140165, 0, 0.0, 10, 
2019-12-04 15:13:22.525,575008512, 505.1259012369634, 2597334, 26.027177137757167, 140185, 0, 0.0, 10, 
2019-12-04 15:13:23.549,587591424, 505.1259012369634, 2597820, 26.027177137757167, 140212, 0, 0.0, 10, 
2019-12-04 15:13:24.574,601222912, 505.1259012369634, 2598307, 26.027177137757167, 140240, 0, 0.0, 10, 
2019-12-04 15:13:25.598,614854400, 503.42077632000473, 2598809, 26.040995290873227, 140266, 0, 0.0, 10, 
2019-12-04 15:13:26.621,627437312, 503.42077632000473, 2599288, 26.040995290873227, 140299, 0, 0.0, 10, 
2019-12-04 15:13:27.645,640020224, 503.42077632000473, 2599760, 26.040995290873227, 140320, 0, 0.0, 10, 
2019-12-04 15:13:28.671,654700288, 503.42077632000473, 2600278, 26.040995290873227, 140341, 0, 0.0, 10, 
2019-12-04 15:13:29.695,667283200, 503.42077632000473, 2600754, 26.040995290873227, 140368, 0, 0.0, 10, 
2019-12-04 15:13:30.725,681963264, 501.2603143321686, 2601279, 25.845824083504393, 140385, 0, 0.0, 10, 
2019-12-04 15:13:31.75,696643328, 501.2603143321686, 2601786, 25.845824083504393, 140412, 0, 0.0, 10, 
2019-12-04 15:13:32.774,709226240, 501.2603143321686, 2602285, 25.845824083504393, 140427, 0, 0.0, 10, 
2019-12-04 15:13:33.8,722857728, 501.2603143321686, 2602752, 25.845824083504393, 140458, 0, 0.0, 10, 
2019-12-04 15:13:34.823,735440640, 501.2603143321686, 2603247, 25.845824083504393, 140491, 0, 0.0, 10, 
2019-12-04 15:13:35.848,749072128, 499.80030021068757, 2603697, 25.74621348963891, 140526, 0, 0.0, 10, 
2019-12-04 15:13:36.872,762703616, 499.80030021068757, 2604191, 25.74621348963891, 140549, 0, 0.0, 10, 
2019-12-04 15:13:37.895,776335104, 499.80030021068757, 2604694, 25.74621348963891, 140575, 0, 0.0, 10, 
2019-12-04 15:13:38.918,789966592, 499.80030021068757, 2605149, 25.74621348963891, 140608, 0, 0.0, 10, 
2019-12-04 15:13:39.941,802549504, 499.80030021068757, 2605626, 25.74621348963891, 140632, 0, 0.0, 10, 
2019-12-04 15:13:40.966,178551840, 497.08178630456325, 2606101, 25.862451841078826, 140653, 0, 0.0, 10, 
2019-12-04 15:13:41.995,192183328, 497.08178630456325, 2606580, 25.862451841078826, 140680, 0, 0.0, 10, 
2019-12-04 15:13:43.029,204766240, 497.08178630456325, 2607048, 25.862451841078826, 140714, 0, 0.0, 10, 
2019-12-04 15:13:44.053,218397728, 497.08178630456325, 2607519, 25.862451841078826, 140742, 0, 0.0, 10, 
2019-12-04 15:13:45.077,230980640, 494.5806327691415, 2608015, 26.00137852123511, 140771, 0, 0.0, 10, 
2019-12-04 15:13:46.101,244612128, 494.5806327691415, 2608490, 26.00137852123511, 140795, 0, 0.0, 10, 
2019-12-04 15:13:47.135,257195040, 494.5806327691415, 2608961, 26.00137852123511, 140813, 0, 0.0, 10, 
2019-12-04 15:13:48.158,270826528, 494.5806327691415, 2609416, 26.00137852123511, 140842, 0, 0.0, 10, 
2019-12-04 15:13:49.181,282360864, 494.5806327691415, 2609876, 26.00137852123511, 140864, 0, 0.0, 10, 
2019-12-04 15:13:50.206,295992352, 491.6717979799292, 2610364, 25.681445959280104, 140881, 0, 0.0, 10, 
2019-12-04 15:13:51.229,308575264, 491.6717979799292, 2610829, 25.681445959280104, 140909, 0, 0.0, 10, 
2019-12-04 15:13:52.253,322206752, 491.6717979799292, 2611279, 25.681445959280104, 140935, 0, 0.0, 10, 
2019-12-04 15:13:53.277,334789664, 491.6717979799292, 2611764, 25.681445959280104, 140967, 0, 0.0, 10, 
2019-12-04 15:13:54.302,347372576, 491.6717979799292, 2612232, 25.681445959280104, 140986, 0, 0.0, 10, 
2019-12-04 15:13:55.326,351566880, 485.0457348617235, 2612318, 25.41907602674362, 140992, 0, 0.0, 10, 
2019-12-04 15:13:56.365,352615456, 485.0457348617235, 2612318, 25.41907602674362, 140992, 0, 0.0, 10, 
2019-12-04 15:13:57.394,353664032, 485.0457348617235, 2612318, 25.41907602674362, 140992, 0, 0.0, 10, 
