Timestamp, MemoryUsed, ReadLatency1, ReadCount, WriteLatency1, WriteCount, PendingTasks, WaitingOnCommit1, SRDelay, 
2019-12-04 15:05:36.604,262139424, 218.74650823625012, 2206197, 12.7862117457687, 121227, 0, 0.0, 10, 
2019-12-04 15:05:37.641,276387176, 218.74650823625012, 2206833, 12.7862117457687, 121259, 0, 0.0, 10, 
2019-12-04 15:05:38.678,290324216, 218.74650823625012, 2207481, 12.7862117457687, 121297, 0, 0.0, 10, 
2019-12-04 15:05:39.713,304179568, 218.74650823625012, 2208166, 12.7862117457687, 121334, 0, 0.0, 10, 
2019-12-04 15:05:40.747,321418648, 250.9409038717677, 2209015, 14.370434784046402, 121389, 0, 0.0, 10, 
2019-12-04 15:05:41.78,340558040, 250.9409038717677, 2209967, 14.370434784046402, 121450, 0, 0.0, 10, 
2019-12-04 15:05:42.811,361510992, 250.9409038717677, 2210994, 14.370434784046402, 121506, 0, 0.0, 10, 
2019-12-04 15:05:43.84,382882344, 250.9409038717677, 2212065, 14.370434784046402, 121567, 0, 0.0, 10, 
2019-12-04 15:05:44.876,116422256, 250.9409038717677, 2212961, 14.370434784046402, 121613, 0, 0.0, 10, 
2019-12-04 15:05:45.902,137468192, 306.48277853576565, 2214012, 17.682959922540597, 121679, 0, 0.0, 10, 
2019-12-04 15:05:46.93,155910392, 306.48277853576565, 2214957, 17.682959922540597, 121740, 0, 0.0, 10, 
2019-12-04 15:05:47.961,175588384, 306.48277853576565, 2215933, 17.682959922540597, 121794, 0, 0.0, 10, 
2019-12-04 15:05:48.99,195096528, 306.48277853576565, 2216931, 17.682959922540597, 121846, 0, 0.0, 10, 
2019-12-04 15:05:50.015,213432112, 306.48277853576565, 2217893, 17.682959922540597, 121902, 0, 0.0, 10, 
2019-12-04 15:05:51.044,232505888, 358.1274680789395, 2218896, 20.714639057457273, 121973, 0, 0.0, 10, 
2019-12-04 15:05:52.072,253263056, 358.1274680789395, 2219935, 20.714639057457273, 122023, 0, 0.0, 10, 
2019-12-04 15:05:53.096,273817064, 358.1274680789395, 2220975, 20.714639057457273, 122081, 0, 0.0, 10, 
2019-12-04 15:05:54.122,294990096, 358.1274680789395, 2222089, 20.714639057457273, 122153, 0, 0.0, 10, 
2019-12-04 15:05:55.148,315580912, 411.84742966316657, 2223143, 23.74378526859765, 122203, 0, 0.0, 10, 
2019-12-04 15:05:56.177,336823136, 411.84742966316657, 2224221, 23.74378526859765, 122246, 0, 0.0, 10, 
2019-12-04 15:05:57.205,358187552, 411.84742966316657, 2225389, 23.74378526859765, 122305, 0, 0.0, 10, 
2019-12-04 15:05:58.23,378092936, 411.84742966316657, 2226476, 23.74378526859765, 122354, 0, 0.0, 10, 
2019-12-04 15:05:59.257,117508984, 411.84742966316657, 2227629, 23.74378526859765, 122424, 0, 0.0, 10, 
2019-12-04 15:06:00.289,139231888, 466.2134354487443, 2228785, 26.274876448066763, 122488, 0, 0.0, 10, 
2019-12-04 15:06:01.312,163928648, 466.2134354487443, 2230020, 26.274876448066763, 122564, 0, 0.0, 10, 
2019-12-04 15:06:02.338,186866216, 466.2134354487443, 2231186, 26.274876448066763, 122615, 0, 0.0, 10, 
2019-12-04 15:06:03.364,209450600, 466.2134354487443, 2232450, 26.274876448066763, 122683, 0, 0.0, 10, 
2019-12-04 15:06:04.389,232788128, 466.2134354487443, 2233706, 26.274876448066763, 122735, 0, 0.0, 10, 
2019-12-04 15:06:05.417,256447288, 525.1716098619122, 2234982, 29.083326262878927, 122811, 0, 0.0, 10, 
2019-12-04 15:06:06.441,280667632, 525.1716098619122, 2236279, 29.083326262878927, 122866, 0, 0.0, 10, 
2019-12-04 15:06:07.466,304055656, 525.1716098619122, 2237509, 29.083326262878927, 122936, 0, 0.0, 10, 
2019-12-04 15:06:08.497,324226272, 525.1716098619122, 2238644, 29.083326262878927, 123009, 0, 0.0, 10, 
2019-12-04 15:06:09.522,349036672, 525.1716098619122, 2239960, 29.083326262878927, 123075, 0, 0.0, 10, 
2019-12-04 15:06:10.546,374367104, 581.7664431373868, 2241337, 32.019029404394594, 123151, 0, 0.0, 10, 
2019-12-04 15:06:11.57,116593256, 581.7664431373868, 2242703, 32.019029404394594, 123225, 0, 0.0, 10, 
2019-12-04 15:06:12.594,141757192, 581.7664431373868, 2244121, 32.019029404394594, 123307, 0, 0.0, 10, 
2019-12-04 15:06:13.62,168816712, 581.7664431373868, 2245633, 32.019029404394594, 123381, 0, 0.0, 10, 
2019-12-04 15:06:14.646,195030912, 581.7664431373868, 2247026, 32.019029404394594, 123464, 0, 0.0, 10, 
2019-12-04 15:06:15.668,221066264, 646.1013901852266, 2248499, 35.599518121833285, 123542, 0, 0.0, 10, 
2019-12-04 15:06:16.691,256247184, 646.1013901852266, 2249993, 35.599518121833285, 123618, 0, 0.0, 10, 
2019-12-04 15:06:17.713,289231016, 646.1013901852266, 2251422, 35.599518121833285, 123698, 0, 0.0, 10, 
2019-12-04 15:06:18.738,315285776, 646.1013901852266, 2252866, 35.599518121833285, 123764, 0, 0.0, 10, 
2019-12-04 15:06:19.763,338882528, 646.1013901852266, 2254176, 35.599518121833285, 123833, 0, 0.0, 10, 
2019-12-04 15:06:20.784,362585560, 705.3723544674357, 2255457, 38.55791330939922, 123907, 0, 0.0, 10, 
2019-12-04 15:06:21.808,386471896, 705.3723544674357, 2256768, 38.55791330939922, 123972, 0, 0.0, 10, 
2019-12-04 15:06:22.83,125770088, 705.3723544674357, 2258066, 38.55791330939922, 124044, 0, 0.0, 10, 
2019-12-04 15:06:23.854,149659128, 705.3723544674357, 2259351, 38.55791330939922, 124121, 0, 0.0, 10, 
2019-12-04 15:06:24.881,177382704, 705.3723544674357, 2260842, 38.55791330939922, 124208, 0, 0.0, 10, 
2019-12-04 15:06:25.907,204684216, 753.7956673826566, 2262334, 41.327741629207935, 124289, 0, 0.0, 10, 
2019-12-04 15:06:26.929,232219288, 753.7956673826566, 2263873, 41.327741629207935, 124362, 0, 0.0, 10, 
2019-12-04 15:06:27.952,255332504, 753.7956673826566, 2265174, 41.327741629207935, 124433, 0, 0.0, 10, 
2019-12-04 15:06:28.979,282712456, 753.7956673826566, 2266628, 41.327741629207935, 124517, 0, 0.0, 10, 
2019-12-04 15:06:30.014,308819656, 753.7956673826566, 2268094, 41.327741629207935, 124579, 0, 0.0, 10, 
2019-12-04 15:06:31.038,336216768, 805.9270554612937, 2269508, 43.78016000188526, 124651, 0, 0.0, 10, 
2019-12-04 15:06:32.061,362700136, 805.9270554612937, 2270919, 43.78016000188526, 124746, 0, 0.0, 10, 
2019-12-04 15:06:33.084,111551432, 805.9270554612937, 2272401, 43.78016000188526, 124825, 0, 0.0, 10, 
2019-12-04 15:06:34.107,134033176, 805.9270554612937, 2273750, 43.78016000188526, 124894, 0, 0.0, 10, 
2019-12-04 15:06:35.137,160027976, 852.8668163971728, 2275197, 46.51622734022541, 124980, 0, 0.0, 10, 
2019-12-04 15:06:36.167,184902864, 852.8668163971728, 2276598, 46.51622734022541, 125044, 0, 0.0, 10, 
2019-12-04 15:06:37.202,210857904, 852.8668163971728, 2277983, 46.51622734022541, 125111, 0, 0.0, 10, 
2019-12-04 15:06:38.227,234487640, 852.8668163971728, 2279306, 46.51622734022541, 125204, 0, 0.0, 10, 
2019-12-04 15:06:39.257,259865496, 852.8668163971728, 2280662, 46.51622734022541, 125288, 0, 0.0, 10, 
2019-12-04 15:06:40.285,285368496, 890.9203326894667, 2282034, 48.79366405680297, 125360, 0, 0.0, 10, 
2019-12-04 15:06:41.324,310123728, 890.9203326894667, 2283400, 48.79366405680297, 125413, 0, 0.0, 10, 
2019-12-04 15:06:42.349,333692104, 890.9203326894667, 2284705, 48.79366405680297, 125498, 0, 0.0, 10, 
2019-12-04 15:06:43.372,359292240, 890.9203326894667, 2286119, 48.79366405680297, 125576, 0, 0.0, 10, 
2019-12-04 15:06:44.4,385497928, 890.9203326894667, 2287520, 48.79366405680297, 125651, 0, 0.0, 10, 
2019-12-04 15:06:45.429,123426208, 924.9877819038236, 2288821, 50.47323794363437, 125722, 0, 0.0, 10, 
2019-12-04 15:06:46.453,148638576, 924.9877819038236, 2290150, 50.47323794363437, 125792, 0, 0.0, 10, 
2019-12-04 15:06:47.478,174248128, 924.9877819038236, 2291531, 50.47323794363437, 125861, 0, 0.0, 10, 
2019-12-04 15:06:48.501,199970104, 924.9877819038236, 2292979, 50.47323794363437, 125929, 0, 0.0, 10, 
2019-12-04 15:06:49.527,225201536, 924.9877819038236, 2294332, 50.47323794363437, 126010, 0, 0.0, 10, 
2019-12-04 15:06:50.549,250702424, 959.4815983377655, 2295714, 51.874600463503654, 126066, 0, 0.0, 10, 
2019-12-04 15:06:51.612,274368016, 959.4815983377655, 2297070, 51.874600463503654, 126126, 0, 0.0, 10, 
2019-12-04 15:06:52.64,302292200, 959.4815983377655, 2298542, 51.874600463503654, 126206, 0, 0.0, 10, 
2019-12-04 15:06:53.668,329874096, 959.4815983377655, 2300005, 51.874600463503654, 126282, 0, 0.0, 10, 
2019-12-04 15:06:54.694,356169624, 959.4815983377655, 2301502, 51.874600463503654, 126367, 0, 0.0, 10, 
2019-12-04 15:06:55.721,382290184, 993.48818011159, 2302919, 53.435765213040554, 126437, 0, 0.0, 10, 
2019-12-04 15:06:56.746,123181304, 993.48818011159, 2304290, 53.435765213040554, 126504, 0, 0.0, 10, 
2019-12-04 15:06:57.783,148323728, 993.48818011159, 2305646, 53.435765213040554, 126583, 0, 0.0, 10, 
2019-12-04 15:06:58.816,172851888, 993.48818011159, 2307032, 53.435765213040554, 126650, 0, 0.0, 10, 
2019-12-04 15:06:59.84,199129968, 993.48818011159, 2308421, 53.435765213040554, 126712, 0, 0.0, 10, 
2019-12-04 15:07:00.864,224469496, 1021.625495669628, 2309827, 54.47232819431479, 126784, 0, 0.0, 10, 
2019-12-04 15:07:01.894,251275232, 1021.625495669628, 2311277, 54.47232819431479, 126859, 0, 0.0, 10, 
2019-12-04 15:07:02.921,277818040, 1021.625495669628, 2312781, 54.47232819431479, 126930, 0, 0.0, 10, 
2019-12-04 15:07:03.951,303807320, 1021.625495669628, 2314211, 54.47232819431479, 127009, 0, 0.0, 10, 
2019-12-04 15:07:04.975,329964640, 1021.625495669628, 2315636, 54.47232819431479, 127097, 0, 0.0, 10, 
2019-12-04 15:07:06.007,356674336, 1051.6867572478127, 2317141, 56.08164797568722, 127159, 0, 0.0, 10, 
2019-12-04 15:07:07.031,382232464, 1051.6867572478127, 2318563, 56.08164797568722, 127224, 0, 0.0, 10, 
2019-12-04 15:07:08.058,124896896, 1051.6867572478127, 2320006, 56.08164797568722, 127301, 0, 0.0, 10, 
2019-12-04 15:07:09.085,149478288, 1051.6867572478127, 2321415, 56.08164797568722, 127374, 0, 0.0, 10, 
2019-12-04 15:07:10.111,176227080, 1051.6867572478127, 2322844, 56.08164797568722, 127437, 0, 0.0, 10, 
2019-12-04 15:07:11.139,199833808, 1079.8081954546828, 2324194, 56.922648968925984, 127514, 0, 0.0, 10, 
2019-12-04 15:07:12.163,226920768, 1079.8081954546828, 2325645, 56.922648968925984, 127591, 0, 0.0, 10, 
2019-12-04 15:07:13.193,252788224, 1079.8081954546828, 2327075, 56.922648968925984, 127663, 0, 0.0, 10, 
2019-12-04 15:07:14.253,275227080, 1079.8081954546828, 2328284, 56.922648968925984, 127709, 0, 0.0, 10, 
2019-12-04 15:07:15.282,301662336, 1098.7090405639344, 2329662, 57.64843388423062, 127780, 0, 0.0, 10, 
2019-12-04 15:07:16.312,328525048, 1098.7090405639344, 2331156, 57.64843388423062, 127850, 0, 0.0, 10, 
2019-12-04 15:07:17.342,355255088, 1098.7090405639344, 2332633, 57.64843388423062, 127928, 0, 0.0, 10, 
2019-12-04 15:07:18.367,382576352, 1098.7090405639344, 2334159, 57.64843388423062, 127996, 0, 0.0, 10, 
2019-12-04 15:07:19.39,120922344, 1098.7090405639344, 2335423, 57.64843388423062, 128053, 0, 0.0, 10, 
2019-12-04 15:07:20.417,146539256, 1120.927974894864, 2336762, 58.444117178371954, 128125, 0, 0.0, 10, 
2019-12-04 15:07:21.445,181026024, 1120.927974894864, 2338158, 58.444117178371954, 128196, 0, 0.0, 10, 
2019-12-04 15:07:22.473,214228984, 1120.927974894864, 2339617, 58.444117178371954, 128286, 0, 0.0, 10, 
2019-12-04 15:07:23.498,247464880, 1120.927974894864, 2341067, 58.444117178371954, 128375, 0, 0.0, 10, 
2019-12-04 15:07:24.525,277567136, 1120.927974894864, 2342382, 58.444117178371954, 128453, 0, 0.0, 10, 
2019-12-04 15:07:25.549,305245144, 1140.4428965347518, 2343581, 60.11965705633453, 128533, 0, 0.0, 10, 
2019-12-04 15:07:26.581,336440064, 1140.4428965347518, 2344953, 60.11965705633453, 128604, 0, 0.0, 10, 
2019-12-04 15:07:27.61,368335008, 1140.4428965347518, 2346340, 60.11965705633453, 128680, 0, 0.0, 10, 
2019-12-04 15:07:28.636,118614384, 1140.4428965347518, 2347777, 60.11965705633453, 128753, 0, 0.0, 10, 
2019-12-04 15:07:29.662,152276800, 1140.4428965347518, 2349226, 60.11965705633453, 128831, 0, 0.0, 10, 
2019-12-04 15:07:30.688,186414152, 1157.182166293825, 2350685, 61.1655035332445, 128913, 0, 0.0, 10, 
2019-12-04 15:07:31.714,219617928, 1157.182166293825, 2352126, 61.1655035332445, 128983, 0, 0.0, 10, 
2019-12-04 15:07:32.739,252287632, 1157.182166293825, 2353526, 61.1655035332445, 129069, 0, 0.0, 10, 
2019-12-04 15:07:33.768,285934944, 1157.182166293825, 2354982, 61.1655035332445, 129137, 0, 0.0, 10, 
2019-12-04 15:07:34.801,318516088, 1157.182166293825, 2356418, 61.1655035332445, 129201, 0, 0.0, 10, 
2019-12-04 15:07:35.824,351151704, 1176.5648260920934, 2357797, 62.015790923366325, 129290, 0, 0.0, 10, 
2019-12-04 15:07:36.85,384357672, 1176.5648260920934, 2359216, 62.015790923366325, 129356, 0, 0.0, 10, 
2019-12-04 15:07:37.875,131185184, 1176.5648260920934, 2360602, 62.015790923366325, 129425, 0, 0.0, 10, 
2019-12-04 15:07:38.899,166178832, 1176.5648260920934, 2362009, 62.015790923366325, 129507, 0, 0.0, 10, 
2019-12-04 15:07:39.927,197792176, 1176.5648260920934, 2363358, 62.015790923366325, 129594, 0, 0.0, 10, 
2019-12-04 15:07:40.951,228331256, 1189.4244965700946, 2364728, 63.1339065460345, 129679, 0, 0.0, 10, 
2019-12-04 15:07:41.982,261583968, 1189.4244965700946, 2366114, 63.1339065460345, 129739, 0, 0.0, 10, 
2019-12-04 15:07:43.006,292973480, 1189.4244965700946, 2367459, 63.1339065460345, 129815, 0, 0.0, 10, 
2019-12-04 15:07:44.029,325447904, 1189.4244965700946, 2368814, 63.1339065460345, 129879, 0, 0.0, 10, 
2019-12-04 15:07:45.059,357319392, 1189.4244965700946, 2370232, 63.1339065460345, 129957, 0, 0.0, 10, 
2019-12-04 15:07:46.083,387240176, 1201.9116003673928, 2371580, 63.794826886875036, 130026, 0, 0.0, 10, 
2019-12-04 15:07:47.113,134419688, 1201.9116003673928, 2372797, 63.794826886875036, 130086, 0, 0.0, 10, 
2019-12-04 15:07:48.142,165386632, 1201.9116003673928, 2374049, 63.794826886875036, 130156, 0, 0.0, 10, 
2019-12-04 15:07:49.17,197185096, 1201.9116003673928, 2375449, 63.794826886875036, 130243, 0, 0.0, 10, 
2019-12-04 15:07:50.193,229762560, 1209.178635563422, 2376863, 64.21100955009064, 130314, 0, 0.0, 10, 
2019-12-04 15:07:51.219,262374744, 1209.178635563422, 2378269, 64.21100955009064, 130387, 0, 0.0, 10, 
2019-12-04 15:07:52.243,295753752, 1209.178635563422, 2379656, 64.21100955009064, 130452, 0, 0.0, 10, 
2019-12-04 15:07:53.266,328339048, 1209.178635563422, 2381045, 64.21100955009064, 130533, 0, 0.0, 10, 
2019-12-04 15:07:54.294,361101680, 1209.178635563422, 2382466, 64.21100955009064, 130590, 0, 0.0, 10, 
2019-12-04 15:07:55.338,111092192, 1221.5894506189836, 2383855, 64.54594273362532, 130664, 0, 0.0, 10, 
2019-12-04 15:07:56.37,142366704, 1221.5894506189836, 2385217, 64.54594273362532, 130742, 0, 0.0, 10, 
2019-12-04 15:07:57.396,173847736, 1221.5894506189836, 2386616, 64.54594273362532, 130799, 0, 0.0, 10, 
2019-12-04 15:07:58.419,207302872, 1221.5894506189836, 2387952, 64.54594273362532, 130876, 0, 0.0, 10, 
2019-12-04 15:07:59.447,238537280, 1221.5894506189836, 2389328, 64.54594273362532, 130949, 0, 0.0, 10, 
2019-12-04 15:08:00.472,271703928, 1230.8651420039166, 2390743, 65.01400730915176, 131038, 0, 0.0, 10, 
2019-12-04 15:08:01.498,303317320, 1230.8651420039166, 2392159, 65.01400730915176, 131104, 0, 0.0, 10, 
2019-12-04 15:08:02.523,338218776, 1230.8651420039166, 2393594, 65.01400730915176, 131186, 0, 0.0, 10, 
2019-12-04 15:08:03.556,370358920, 1230.8651420039166, 2394956, 65.01400730915176, 131264, 0, 0.0, 10, 
2019-12-04 15:08:04.582,119440224, 1230.8651420039166, 2396334, 65.01400730915176, 131328, 0, 0.0, 10, 
2019-12-04 15:08:05.61,152895112, 1241.2221774009008, 2397790, 65.60455867829208, 131395, 0, 0.0, 10, 
2019-12-04 15:08:06.633,184519096, 1241.2221774009008, 2399137, 65.60455867829208, 131466, 0, 0.0, 10, 
2019-12-04 15:08:07.66,213402304, 1241.2221774009008, 2400419, 65.60455867829208, 131541, 0, 0.0, 10, 
2019-12-04 15:08:08.713,245299560, 1241.2221774009008, 2401776, 65.60455867829208, 131616, 0, 0.0, 10, 
2019-12-04 15:08:09.738,276624344, 1241.2221774009008, 2403110, 65.60455867829208, 131685, 0, 0.0, 10, 
2019-12-04 15:08:10.761,308212968, 1246.3855350087754, 2404433, 66.09991881579892, 131769, 0, 0.0, 10, 
2019-12-04 15:08:11.784,340713688, 1246.3855350087754, 2405767, 66.09991881579892, 131851, 0, 0.0, 10, 
2019-12-04 15:08:12.807,371722872, 1246.3855350087754, 2407110, 66.09991881579892, 131922, 0, 0.0, 10, 
2019-12-04 15:08:13.834,121666496, 1246.3855350087754, 2408462, 66.09991881579892, 132005, 0, 0.0, 10, 
2019-12-04 15:08:14.856,154259656, 1246.3855350087754, 2409890, 66.09991881579892, 132081, 0, 0.0, 10, 
2019-12-04 15:08:15.882,185486912, 1253.0070140343082, 2411271, 66.89148560209894, 132165, 0, 0.0, 10, 
2019-12-04 15:08:16.912,219606704, 1253.0070140343082, 2412681, 66.89148560209894, 132235, 0, 0.0, 10, 
2019-12-04 15:08:17.942,249079560, 1253.0070140343082, 2413986, 66.89148560209894, 132309, 0, 0.0, 10, 
2019-12-04 15:08:18.97,281425656, 1253.0070140343082, 2415373, 66.89148560209894, 132369, 0, 0.0, 10, 
2019-12-04 15:08:19.999,312868552, 1253.0070140343082, 2416723, 66.89148560209894, 132448, 0, 0.0, 10, 
2019-12-04 15:08:21.022,344608160, 1258.619335316111, 2418050, 67.15601980749042, 132523, 0, 0.0, 10, 
2019-12-04 15:08:22.048,377469296, 1258.619335316111, 2419418, 67.15601980749042, 132598, 0, 0.0, 10, 
2019-12-04 15:08:23.072,127100200, 1258.619335316111, 2420809, 67.15601980749042, 132656, 0, 0.0, 10, 
2019-12-04 15:08:24.106,159032480, 1258.619335316111, 2422179, 67.15601980749042, 132730, 0, 0.0, 10, 
2019-12-04 15:08:25.13,190786664, 1264.5504937840972, 2423547, 67.36742079149101, 132805, 0, 0.0, 10, 
2019-12-04 15:08:26.153,224578256, 1264.5504937840972, 2424978, 67.36742079149101, 132897, 0, 0.0, 10, 
2019-12-04 15:08:27.19,256847016, 1264.5504937840972, 2426382, 67.36742079149101, 132966, 0, 0.0, 10, 
2019-12-04 15:08:28.215,289657176, 1264.5504937840972, 2427790, 67.36742079149101, 133039, 0, 0.0, 10, 
2019-12-04 15:08:29.239,322877416, 1264.5504937840972, 2429232, 67.36742079149101, 133118, 0, 0.0, 10, 
2019-12-04 15:08:30.263,357541752, 1274.3729979660884, 2430682, 67.9776881299954, 133189, 0, 0.0, 10, 
2019-12-04 15:08:31.292,390647376, 1274.3729979660884, 2432147, 67.9776881299954, 133262, 0, 0.0, 10, 
2019-12-04 15:08:32.319,142788632, 1274.3729979660884, 2433648, 67.9776881299954, 133327, 0, 0.0, 10, 
2019-12-04 15:08:33.345,174681656, 1274.3729979660884, 2435056, 67.9776881299954, 133393, 0, 0.0, 10, 
2019-12-04 15:08:34.369,207426320, 1274.3729979660884, 2436464, 67.9776881299954, 133471, 0, 0.0, 10, 
2019-12-04 15:08:35.394,238312800, 1283.9058627057007, 2437786, 67.93149873739992, 133536, 0, 0.0, 10, 
2019-12-04 15:08:36.418,269267064, 1283.9058627057007, 2439146, 67.93149873739992, 133597, 0, 0.0, 10, 
2019-12-04 15:08:37.447,301347208, 1283.9058627057007, 2440524, 67.93149873739992, 133663, 0, 0.0, 10, 
2019-12-04 15:08:38.476,334926384, 1283.9058627057007, 2441906, 67.93149873739992, 133752, 0, 0.0, 10, 
2019-12-04 15:08:39.501,366294800, 1283.9058627057007, 2443241, 67.93149873739992, 133817, 0, 0.0, 10, 
2019-12-04 15:08:40.556,396734496, 1286.34403930344, 2444543, 67.84102909350493, 133885, 0, 0.0, 10, 
2019-12-04 15:08:41.583,147149608, 1286.34403930344, 2445985, 67.84102909350493, 133966, 0, 0.0, 10, 
2019-12-04 15:08:42.608,181756400, 1286.34403930344, 2447429, 67.84102909350493, 134035, 0, 0.0, 10, 
2019-12-04 15:08:43.634,211713208, 1286.34403930344, 2448710, 67.84102909350493, 134115, 0, 0.0, 10, 
2019-12-04 15:08:44.658,242425072, 1286.34403930344, 2450010, 67.84102909350493, 134189, 0, 0.0, 10, 
2019-12-04 15:08:45.681,273659848, 1288.7631723518857, 2451370, 68.26950874931816, 134258, 0, 0.0, 10, 
2019-12-04 15:08:46.705,306079296, 1288.7631723518857, 2452725, 68.26950874931816, 134314, 0, 0.0, 10, 
2019-12-04 15:08:47.729,337419336, 1288.7631723518857, 2454062, 68.26950874931816, 134384, 0, 0.0, 10, 
2019-12-04 15:08:48.752,370562920, 1288.7631723518857, 2455509, 68.26950874931816, 134446, 0, 0.0, 10, 
2019-12-04 15:08:49.773,119159968, 1288.7631723518857, 2456934, 68.26950874931816, 134522, 0, 0.0, 10, 
2019-12-04 15:08:50.799,151252568, 1294.730803596701, 2458324, 68.10403996583669, 134589, 0, 0.0, 10, 
2019-12-04 15:08:51.831,183116088, 1294.730803596701, 2459730, 68.10403996583669, 134651, 0, 0.0, 10, 
2019-12-04 15:08:52.863,215444528, 1294.730803596701, 2461089, 68.10403996583669, 134716, 0, 0.0, 10, 
2019-12-04 15:08:53.896,247011048, 1294.730803596701, 2462442, 68.10403996583669, 134787, 0, 0.0, 10, 
2019-12-04 15:08:54.927,281235264, 1294.730803596701, 2463878, 68.10403996583669, 134875, 0, 0.0, 10, 
2019-12-04 15:08:55.951,313834624, 1299.1498845480935, 2465278, 68.1117125065404, 134952, 0, 0.0, 10, 
2019-12-04 15:08:56.973,343341344, 1299.1498845480935, 2466545, 68.1117125065404, 135010, 0, 0.0, 10, 
2019-12-04 15:08:57.997,375454616, 1299.1498845480935, 2467884, 68.1117125065404, 135072, 0, 0.0, 10, 
2019-12-04 15:08:59.023,123649256, 1299.1498845480935, 2469258, 68.1117125065404, 135162, 0, 0.0, 10, 
2019-12-04 15:09:00.051,155076040, 1299.1498845480935, 2470573, 68.1117125065404, 135235, 0, 0.0, 10, 
2019-12-04 15:09:01.083,187064912, 1299.28182049498, 2471891, 68.27868275550223, 135291, 0, 0.0, 10, 
2019-12-04 15:09:02.109,218492624, 1299.28182049498, 2473286, 68.27868275550223, 135370, 0, 0.0, 10, 
2019-12-04 15:09:03.135,249947576, 1299.28182049498, 2474623, 68.27868275550223, 135427, 0, 0.0, 10, 
2019-12-04 15:09:04.159,284134928, 1299.28182049498, 2476023, 68.27868275550223, 135492, 0, 0.0, 10, 
2019-12-04 15:09:05.181,314340328, 1301.7539016358996, 2477396, 67.90459593702236, 135561, 0, 0.0, 10, 
2019-12-04 15:09:06.206,345599688, 1301.7539016358996, 2478706, 67.90459593702236, 135634, 0, 0.0, 10, 
2019-12-04 15:09:07.229,376149872, 1301.7539016358996, 2480002, 67.90459593702236, 135696, 0, 0.0, 10, 
2019-12-04 15:09:08.253,124262712, 1301.7539016358996, 2481378, 67.90459593702236, 135771, 0, 0.0, 10, 
2019-12-04 15:09:09.279,155241528, 1301.7539016358996, 2482697, 67.90459593702236, 135842, 0, 0.0, 10, 
2019-12-04 15:09:10.305,187099128, 1301.7415963405117, 2484072, 68.0561440783917, 135920, 0, 0.0, 10, 
2019-12-04 15:09:11.332,217205152, 1301.7415963405117, 2485297, 68.0561440783917, 135985, 0, 0.0, 10, 
2019-12-04 15:09:12.355,246217336, 1301.7415963405117, 2486516, 68.0561440783917, 136046, 0, 0.0, 10, 
2019-12-04 15:09:13.378,277414448, 1301.7415963405117, 2487836, 68.0561440783917, 136124, 0, 0.0, 10, 
2019-12-04 15:09:14.4,309413280, 1301.7415963405117, 2489228, 68.0561440783917, 136202, 0, 0.0, 10, 
2019-12-04 15:09:15.426,340995184, 1300.4190033221407, 2490594, 68.06764616281292, 136264, 0, 0.0, 10, 
2019-12-04 15:09:16.448,371445928, 1300.4190033221407, 2491880, 68.06764616281292, 136317, 0, 0.0, 10, 
2019-12-04 15:09:17.473,117437312, 1300.4190033221407, 2493154, 68.06764616281292, 136405, 0, 0.0, 10, 
2019-12-04 15:09:18.496,150085592, 1300.4190033221407, 2494505, 68.06764616281292, 136463, 0, 0.0, 10, 
2019-12-04 15:09:19.521,182492312, 1300.4190033221407, 2495857, 68.06764616281292, 136540, 0, 0.0, 10, 
2019-12-04 15:09:20.546,214494928, 1298.6744521393143, 2497221, 67.9982730059706, 136618, 0, 0.0, 10, 
2019-12-04 15:09:21.571,247089296, 1298.6744521393143, 2498630, 67.9982730059706, 136703, 0, 0.0, 10, 
2019-12-04 15:09:22.597,280393592, 1298.6744521393143, 2500048, 67.9982730059706, 136782, 0, 0.0, 10, 
2019-12-04 15:09:23.619,312206504, 1298.6744521393143, 2501414, 67.9982730059706, 136859, 0, 0.0, 10, 
2019-12-04 15:09:24.643,344211464, 1298.6744521393143, 2502766, 67.9982730059706, 136918, 0, 0.0, 10, 
2019-12-04 15:09:25.674,375528872, 1302.4743851385774, 2504135, 68.4301712497908, 136997, 0, 0.0, 10, 
2019-12-04 15:09:26.697,125010488, 1302.4743851385774, 2505470, 68.4301712497908, 137078, 0, 0.0, 10, 
2019-12-04 15:09:27.721,158563520, 1302.4743851385774, 2506906, 68.4301712497908, 137153, 0, 0.0, 10, 
2019-12-04 15:09:28.743,190827192, 1302.4743851385774, 2508355, 68.4301712497908, 137227, 0, 0.0, 10, 
2019-12-04 15:09:29.77,223367264, 1302.4743851385774, 2509725, 68.4301712497908, 137292, 0, 0.0, 10, 
2019-12-04 15:09:30.791,253219040, 1307.1218526998532, 2511033, 68.89150128500235, 137357, 0, 0.0, 10, 
2019-12-04 15:09:31.816,285467952, 1307.1218526998532, 2512394, 68.89150128500235, 137430, 0, 0.0, 10, 
2019-12-04 15:09:32.843,315533928, 1307.1218526998532, 2513694, 68.89150128500235, 137487, 0, 0.0, 10, 
2019-12-04 15:09:33.867,349115248, 1307.1218526998532, 2515119, 68.89150128500235, 137559, 0, 0.0, 10, 
2019-12-04 15:09:34.891,381517224, 1307.1218526998532, 2516508, 68.89150128500235, 137630, 0, 0.0, 10, 
2019-12-04 15:09:35.911,127631776, 1308.727212720395, 2517797, 68.66030960715992, 137704, 0, 0.0, 10, 
2019-12-04 15:09:36.933,158045144, 1308.727212720395, 2519073, 68.66030960715992, 137783, 0, 0.0, 10, 
2019-12-04 15:09:37.958,188959208, 1308.727212720395, 2520390, 68.66030960715992, 137843, 0, 0.0, 10, 
2019-12-04 15:09:38.98,219979072, 1308.727212720395, 2521719, 68.66030960715992, 137899, 0, 0.0, 10, 
2019-12-04 15:09:40.005,253223872, 1308.727212720395, 2523168, 68.66030960715992, 137975, 0, 0.0, 10, 
2019-12-04 15:09:41.027,284759504, 1308.2692900747934, 2524577, 68.47958522940048, 138041, 0, 0.0, 10, 
2019-12-04 15:09:42.05,319205728, 1308.2692900747934, 2526006, 68.47958522940048, 138120, 0, 0.0, 10, 
2019-12-04 15:09:43.072,351285408, 1308.2692900747934, 2527351, 68.47958522940048, 138195, 0, 0.0, 10, 
2019-12-04 15:09:44.097,383719496, 1308.2692900747934, 2528724, 68.47958522940048, 138254, 0, 0.0, 10, 
2019-12-04 15:09:45.121,132804272, 1308.2692900747934, 2530111, 68.47958522940048, 138325, 0, 0.0, 10, 
2019-12-04 15:09:46.144,164827768, 1312.0856269270214, 2531479, 68.47322194579691, 138395, 0, 0.0, 10, 
2019-12-04 15:09:47.171,196722816, 1312.0856269270214, 2532829, 68.47322194579691, 138472, 0, 0.0, 10, 
2019-12-04 15:09:48.196,226854896, 1312.0856269270214, 2534116, 68.47322194579691, 138534, 0, 0.0, 10, 
2019-12-04 15:09:49.224,258911456, 1312.0856269270214, 2535534, 68.47322194579691, 138602, 0, 0.0, 10, 
2019-12-04 15:09:50.248,290803576, 1312.4145940345047, 2536850, 68.19551845199844, 138657, 0, 0.0, 10, 
2019-12-04 15:09:51.272,322664800, 1312.4145940345047, 2538209, 68.19551845199844, 138730, 0, 0.0, 10, 
2019-12-04 15:09:52.294,354589728, 1312.4145940345047, 2539524, 68.19551845199844, 138813, 0, 0.0, 10, 
2019-12-04 15:09:53.321,385713976, 1312.4145940345047, 2540866, 68.19551845199844, 138884, 0, 0.0, 10, 
2019-12-04 15:09:54.343,132752920, 1312.4145940345047, 2542176, 68.19551845199844, 138943, 0, 0.0, 10, 
2019-12-04 15:09:55.376,164405088, 1311.5499068379295, 2543562, 68.19587677679228, 139011, 0, 0.0, 10, 
2019-12-04 15:09:56.397,194412240, 1311.5499068379295, 2544871, 68.19587677679228, 139082, 0, 0.0, 10, 
2019-12-04 15:09:57.423,224061912, 1311.5499068379295, 2546108, 68.19587677679228, 139142, 0, 0.0, 10, 
2019-12-04 15:09:58.458,254255120, 1311.5499068379295, 2547368, 68.19587677679228, 139204, 0, 0.0, 10, 
2019-12-04 15:09:59.493,285244104, 1311.5499068379295, 2548652, 68.19587677679228, 139285, 0, 0.0, 10, 
2019-12-04 15:10:00.518,315396280, 1305.7811188022629, 2549945, 68.06827751492438, 139360, 0, 0.0, 10, 
2019-12-04 15:10:01.543,346628120, 1305.7811188022629, 2551322, 68.06827751492438, 139440, 0, 0.0, 10, 
2019-12-04 15:10:02.569,377462872, 1305.7811188022629, 2552643, 68.06827751492438, 139523, 0, 0.0, 10, 
2019-12-04 15:10:03.593,126251904, 1305.7811188022629, 2554072, 68.06827751492438, 139595, 0, 0.0, 10, 
2019-12-04 15:10:04.616,158165072, 1305.7811188022629, 2555438, 68.06827751492438, 139675, 0, 0.0, 10, 
2019-12-04 15:10:05.637,189329960, 1308.421162776713, 2556762, 68.62250744384568, 139732, 0, 0.0, 10, 
2019-12-04 15:10:06.659,222299448, 1308.421162776713, 2558093, 68.62250744384568, 139795, 0, 0.0, 10, 
2019-12-04 15:10:07.683,252666808, 1308.421162776713, 2559448, 68.62250744384568, 139878, 0, 0.0, 10, 
2019-12-04 15:10:08.707,284623752, 1308.421162776713, 2560827, 68.62250744384568, 139947, 0, 0.0, 10, 
2019-12-04 15:10:09.731,316000464, 1308.421162776713, 2562152, 68.62250744384568, 140002, 0, 0.0, 10, 
2019-12-04 15:10:10.755,345670424, 1309.4588933043315, 2563464, 68.31687662358924, 140053, 0, 0.0, 10, 
2019-12-04 15:10:11.779,376601888, 1309.4588933043315, 2564774, 68.31687662358924, 140110, 0, 0.0, 10, 
2019-12-04 15:10:12.804,123630856, 1309.4588933043315, 2566129, 68.31687662358924, 140168, 0, 0.0, 10, 
2019-12-04 15:10:13.834,155813344, 1309.4588933043315, 2567489, 68.31687662358924, 140251, 0, 0.0, 10, 
2019-12-04 15:10:14.861,182749064, 1309.4588933043315, 2568546, 68.31687662358924, 140311, 0, 0.0, 10, 
2019-12-04 15:10:15.889,196551568, 1301.0748391088623, 2569089, 67.58793141639791, 140340, 0, 0.0, 10, 
2019-12-04 15:10:16.915,211392096, 1301.0748391088623, 2569591, 67.58793141639791, 140375, 0, 0.0, 10, 
2019-12-04 15:10:17.946,225915808, 1301.0748391088623, 2570092, 67.58793141639791, 140403, 0, 0.0, 10, 
2019-12-04 15:10:18.969,239593112, 1301.0748391088623, 2570604, 67.58793141639791, 140422, 0, 0.0, 10, 
2019-12-04 15:10:19.994,252995232, 1301.0748391088623, 2571118, 67.58793141639791, 140449, 0, 0.0, 10, 
2019-12-04 15:10:21.019,266084832, 1236.4967245587463, 2571613, 64.31071736686667, 140478, 0, 0.0, 10, 
2019-12-04 15:10:22.045,280038016, 1236.4967245587463, 2572123, 64.31071736686667, 140500, 0, 0.0, 10, 
2019-12-04 15:10:23.068,293813688, 1236.4967245587463, 2572627, 64.31071736686667, 140523, 0, 0.0, 10, 
2019-12-04 15:10:24.093,307127168, 1236.4967245587463, 2573158, 64.31071736686667, 140545, 0, 0.0, 10, 
2019-12-04 15:10:25.118,319565800, 1236.4967245587463, 2573642, 64.31071736686667, 140566, 0, 0.0, 10, 
2019-12-04 15:10:26.144,333236400, 1176.9060886718037, 2574148, 60.975712543567994, 140596, 0, 0.0, 10, 
2019-12-04 15:10:27.167,346769360, 1176.9060886718037, 2574635, 60.975712543567994, 140612, 0, 0.0, 10, 
2019-12-04 15:10:28.212,360235808, 1176.9060886718037, 2575137, 60.975712543567994, 140641, 0, 0.0, 10, 
2019-12-04 15:10:29.237,372629080, 1176.9060886718037, 2575626, 60.975712543567994, 140660, 0, 0.0, 10, 
2019-12-04 15:10:30.261,386465664, 1121.6482967988109, 2576139, 58.067271153871545, 140692, 0, 0.0, 10, 
2019-12-04 15:10:31.297,116983560, 1121.6482967988109, 2576585, 58.067271153871545, 140718, 0, 0.0, 10, 
2019-12-04 15:10:32.321,131280488, 1121.6482967988109, 2577119, 58.067271153871545, 140744, 0, 0.0, 10, 
2019-12-04 15:10:33.345,144421872, 1121.6482967988109, 2577596, 58.067271153871545, 140768, 0, 0.0, 10, 
2019-12-04 15:10:34.373,159631480, 1121.6482967988109, 2578157, 58.067271153871545, 140793, 0, 0.0, 10, 
2019-12-04 15:10:35.397,173432168, 1071.2084519481675, 2578656, 55.39137589800458, 140817, 0, 0.0, 10, 
2019-12-04 15:10:36.426,187060112, 1071.2084519481675, 2579143, 55.39137589800458, 140844, 0, 0.0, 10, 
2019-12-04 15:10:37.449,199978400, 1071.2084519481675, 2579645, 55.39137589800458, 140868, 0, 0.0, 10, 
2019-12-04 15:10:38.477,213612320, 1071.2084519481675, 2580142, 55.39137589800458, 140893, 0, 0.0, 10, 
2019-12-04 15:10:39.504,226448928, 1071.2084519481675, 2580606, 55.39137589800458, 140916, 0, 0.0, 10, 
2019-12-04 15:10:40.529,238999016, 1023.3943361160395, 2581079, 52.913442296636944, 140943, 0, 0.0, 10, 
2019-12-04 15:10:41.553,251725440, 1023.3943361160395, 2581571, 52.913442296636944, 140968, 0, 0.0, 10, 
2019-12-04 15:10:42.578,265121056, 1023.3943361160395, 2582041, 52.913442296636944, 140993, 0, 0.0, 10, 
2019-12-04 15:10:43.602,278485656, 1023.3943361160395, 2582545, 52.913442296636944, 141026, 0, 0.0, 10, 
2019-12-04 15:10:44.625,292957288, 1023.3943361160395, 2583024, 52.913442296636944, 141060, 0, 0.0, 10, 
2019-12-04 15:10:45.647,306102096, 979.4352081383989, 2583543, 50.905482317136624, 141087, 0, 0.0, 10, 
2019-12-04 15:10:46.671,318438968, 979.4352081383989, 2584009, 50.905482317136624, 141121, 0, 0.0, 10, 
2019-12-04 15:10:47.694,332259720, 979.4352081383989, 2584500, 50.905482317136624, 141147, 0, 0.0, 10, 
2019-12-04 15:10:48.727,343933896, 979.4352081383989, 2584963, 50.905482317136624, 141174, 0, 0.0, 10, 
2019-12-04 15:10:49.752,357730504, 979.4352081383989, 2585447, 50.905482317136624, 141202, 0, 0.0, 10, 
2019-12-04 15:10:50.777,370144752, 938.5750889266676, 2585910, 49.04207883612401, 141235, 0, 0.0, 10, 
2019-12-04 15:10:51.802,383774696, 938.5750889266676, 2586388, 49.04207883612401, 141255, 0, 0.0, 10, 
2019-12-04 15:10:52.837,397902368, 938.5750889266676, 2586896, 49.04207883612401, 141283, 0, 0.0, 10, 
2019-12-04 15:10:53.861,128799872, 938.5750889266676, 2587437, 49.04207883612401, 141310, 0, 0.0, 10, 
2019-12-04 15:10:54.884,142379584, 938.5750889266676, 2587968, 49.04207883612401, 141339, 0, 0.0, 10, 
2019-12-04 15:10:55.908,155661952, 903.1247741527601, 2588432, 47.21572705169857, 141361, 0, 0.0, 10, 
2019-12-04 15:10:56.931,169507672, 903.1247741527601, 2588917, 47.21572705169857, 141386, 0, 0.0, 10, 
2019-12-04 15:10:57.966,182463032, 903.1247741527601, 2589431, 47.21572705169857, 141414, 0, 0.0, 10, 
2019-12-04 15:10:58.99,196683224, 903.1247741527601, 2589906, 47.21572705169857, 141439, 0, 0.0, 10, 
2019-12-04 15:11:00.016,210045352, 903.1247741527601, 2590416, 47.21572705169857, 141465, 0, 0.0, 10, 
2019-12-04 15:11:01.04,223615400, 869.0217361602805, 2590924, 45.43945559084483, 141491, 0, 0.0, 10, 
2019-12-04 15:11:02.067,236988160, 869.0217361602805, 2591393, 45.43945559084483, 141519, 0, 0.0, 10, 
2019-12-04 15:11:03.092,249304504, 869.0217361602805, 2591888, 45.43945559084483, 141541, 0, 0.0, 10, 
2019-12-04 15:11:04.13,264218632, 869.0217361602805, 2592379, 45.43945559084483, 141564, 0, 0.0, 10, 
2019-12-04 15:11:05.155,276836656, 837.9172755236683, 2592883, 43.74124248612434, 141588, 0, 0.0, 10, 
2019-12-04 15:11:06.18,290830656, 837.9172755236683, 2593374, 43.74124248612434, 141607, 0, 0.0, 10, 
2019-12-04 15:11:07.204,303405120, 837.9172755236683, 2593859, 43.74124248612434, 141640, 0, 0.0, 10, 
2019-12-04 15:11:08.227,316969200, 837.9172755236683, 2594383, 43.74124248612434, 141664, 0, 0.0, 10, 
2019-12-04 15:11:09.251,331096080, 837.9172755236683, 2594887, 43.74124248612434, 141691, 0, 0.0, 10, 
2019-12-04 15:11:10.276,344238544, 809.8434882254163, 2595381, 42.21079323842421, 141714, 0, 0.0, 10, 
2019-12-04 15:11:11.3,357399912, 809.8434882254163, 2595879, 42.21079323842421, 141737, 0, 0.0, 10, 
2019-12-04 15:11:12.326,370499056, 809.8434882254163, 2596364, 42.21079323842421, 141766, 0, 0.0, 10, 
2019-12-04 15:11:13.35,383464224, 809.8434882254163, 2596843, 42.21079323842421, 141786, 0, 0.0, 10, 
2019-12-04 15:11:14.383,396645544, 809.8434882254163, 2597319, 42.21079323842421, 141812, 0, 0.0, 10, 
2019-12-04 15:11:15.404,127821224, 783.1828189363127, 2597817, 40.7387474879075, 141838, 0, 0.0, 10, 
2019-12-04 15:11:16.428,140890440, 783.1828189363127, 2598323, 40.7387474879075, 141860, 0, 0.0, 10, 
2019-12-04 15:11:17.454,170635040, 783.1828189363127, 2598843, 40.7387474879075, 141892, 0, 0.0, 10, 
2019-12-04 15:11:18.48,184138536, 783.1828189363127, 2599333, 40.7387474879075, 141922, 0, 0.0, 10, 
2019-12-04 15:11:19.504,197781120, 783.1828189363127, 2599851, 40.7387474879075, 141944, 0, 0.0, 10, 
2019-12-04 15:11:20.529,212374744, 760.2689218910813, 2600349, 39.528320070733, 141970, 0, 0.0, 10, 
2019-12-04 15:11:21.558,225831488, 760.2689218910813, 2600857, 39.528320070733, 141991, 0, 0.0, 10, 
2019-12-04 15:11:22.584,238736664, 760.2689218910813, 2601352, 39.528320070733, 142026, 0, 0.0, 10, 
2019-12-04 15:11:23.608,250839888, 760.2689218910813, 2601829, 39.528320070733, 142051, 0, 0.0, 10, 
2019-12-04 15:11:24.632,264989280, 760.2689218910813, 2602321, 39.528320070733, 142084, 0, 0.0, 10, 
2019-12-04 15:11:25.656,279595568, 737.7319272434783, 2602840, 38.654539842359426, 142113, 0, 0.0, 10, 
2019-12-04 15:11:26.689,291972016, 737.7319272434783, 2603326, 38.654539842359426, 142151, 0, 0.0, 10, 
2019-12-04 15:11:27.714,305898832, 737.7319272434783, 2603832, 38.654539842359426, 142177, 0, 0.0, 10, 
2019-12-04 15:11:28.739,319345080, 737.7319272434783, 2604336, 38.654539842359426, 142199, 0, 0.0, 10, 
2019-12-04 15:11:29.763,333678168, 737.7319272434783, 2604817, 38.654539842359426, 142223, 0, 0.0, 10, 
2019-12-04 15:11:30.788,346062824, 717.7484736979046, 2605323, 37.72269428703771, 142250, 0, 0.0, 10, 
2019-12-04 15:11:31.812,359324768, 717.7484736979046, 2605820, 37.72269428703771, 142271, 0, 0.0, 10, 
2019-12-04 15:11:32.837,372412576, 717.7484736979046, 2606293, 37.72269428703771, 142305, 0, 0.0, 10, 
2019-12-04 15:11:33.859,386693584, 717.7484736979046, 2606815, 37.72269428703771, 142330, 0, 0.0, 10, 
2019-12-04 15:11:34.897,116418360, 717.7484736979046, 2607312, 37.72269428703771, 142358, 0, 0.0, 10, 
2019-12-04 15:11:35.922,130048136, 699.4107822295174, 2607820, 36.78539940319612, 142386, 0, 0.0, 10, 
2019-12-04 15:11:36.949,145310400, 699.4107822295174, 2608322, 36.78539940319612, 142412, 0, 0.0, 10, 
2019-12-04 15:11:37.973,158609664, 699.4107822295174, 2608812, 36.78539940319612, 142431, 0, 0.0, 10, 
2019-12-04 15:11:39.002,171656696, 699.4107822295174, 2609290, 36.78539940319612, 142459, 0, 0.0, 10, 
2019-12-04 15:11:40.025,186175000, 699.4107822295174, 2609796, 36.78539940319612, 142495, 0, 0.0, 10, 
2019-12-04 15:11:41.052,199364936, 681.9796025192372, 2610304, 35.98701094875357, 142514, 0, 0.0, 10, 
2019-12-04 15:11:42.075,212500232, 681.9796025192372, 2610801, 35.98701094875357, 142538, 0, 0.0, 10, 
2019-12-04 15:11:43.103,226603296, 681.9796025192372, 2611288, 35.98701094875357, 142566, 0, 0.0, 10, 
2019-12-04 15:11:44.129,239367416, 681.9796025192372, 2611782, 35.98701094875357, 142597, 0, 0.0, 10, 
2019-12-04 15:11:45.161,252303576, 666.3739031473957, 2612293, 35.02858247150127, 142623, 0, 0.0, 10, 
2019-12-04 15:11:46.183,266285160, 666.3739031473957, 2612804, 35.02858247150127, 142653, 0, 0.0, 10, 
2019-12-04 15:11:47.207,280052728, 666.3739031473957, 2613310, 35.02858247150127, 142685, 0, 0.0, 10, 
2019-12-04 15:11:48.232,292274280, 666.3739031473957, 2613786, 35.02858247150127, 142706, 0, 0.0, 10, 
2019-12-04 15:11:49.266,305938696, 666.3739031473957, 2614271, 35.02858247150127, 142723, 0, 0.0, 10, 
2019-12-04 15:11:50.289,319321832, 651.6321797941691, 2614765, 34.226741289554276, 142751, 0, 0.0, 10, 
2019-12-04 15:11:51.313,333188904, 651.6321797941691, 2615264, 34.226741289554276, 142767, 0, 0.0, 10, 
2019-12-04 15:11:52.343,346918728, 651.6321797941691, 2615759, 34.226741289554276, 142797, 0, 0.0, 10, 
2019-12-04 15:11:53.365,359974928, 651.6321797941691, 2616234, 34.226741289554276, 142821, 0, 0.0, 10, 
2019-12-04 15:11:54.389,373792032, 651.6321797941691, 2616746, 34.226741289554276, 142844, 0, 0.0, 10, 
2019-12-04 15:11:55.419,386288240, 638.1810773805414, 2617238, 33.36108285209109, 142868, 0, 0.0, 10, 
2019-12-04 15:11:56.443,399804096, 638.1810773805414, 2617736, 33.36108285209109, 142890, 0, 0.0, 10, 
2019-12-04 15:11:57.468,131141176, 638.1810773805414, 2618196, 33.36108285209109, 142915, 0, 0.0, 10, 
2019-12-04 15:11:58.492,143338496, 638.1810773805414, 2618682, 33.36108285209109, 142941, 0, 0.0, 10, 
2019-12-04 15:11:59.517,158338232, 638.1810773805414, 2619185, 33.36108285209109, 142968, 0, 0.0, 10, 
2019-12-04 15:12:00.542,171393624, 625.3257322220521, 2619688, 32.74054092954182, 142999, 0, 0.0, 10, 
2019-12-04 15:12:01.566,183169736, 625.3257322220521, 2620130, 32.74054092954182, 143022, 0, 0.0, 10, 
2019-12-04 15:12:02.589,196597000, 625.3257322220521, 2620620, 32.74054092954182, 143035, 0, 0.0, 10, 
2019-12-04 15:12:03.613,210348416, 625.3257322220521, 2621141, 32.74054092954182, 143059, 0, 0.0, 10, 
2019-12-04 15:12:04.637,225167408, 625.3257322220521, 2621646, 32.74054092954182, 143088, 0, 0.0, 10, 
2019-12-04 15:12:05.661,237639888, 613.6741459986674, 2622123, 31.913756926470864, 143115, 0, 0.0, 10, 
2019-12-04 15:12:06.685,250562960, 613.6741459986674, 2622628, 31.913756926470864, 143148, 0, 0.0, 10, 
2019-12-04 15:12:07.71,264608400, 613.6741459986674, 2623180, 31.913756926470864, 143179, 0, 0.0, 10, 
2019-12-04 15:12:08.735,280161976, 613.6741459986674, 2623697, 31.913756926470864, 143207, 0, 0.0, 10, 
2019-12-04 15:12:09.762,292847912, 613.6741459986674, 2624196, 31.913756926470864, 143234, 0, 0.0, 10, 
2019-12-04 15:12:10.785,306905160, 604.3453963577202, 2624698, 31.600830200416343, 143257, 0, 0.0, 10, 
2019-12-04 15:12:11.81,320581928, 604.3453963577202, 2625200, 31.600830200416343, 143288, 0, 0.0, 10, 
2019-12-04 15:12:12.835,333138344, 604.3453963577202, 2625670, 31.600830200416343, 143321, 0, 0.0, 10, 
2019-12-04 15:12:13.859,347225208, 604.3453963577202, 2626177, 31.600830200416343, 143344, 0, 0.0, 10, 
2019-12-04 15:12:14.883,359530008, 604.3453963577202, 2626663, 31.600830200416343, 143369, 0, 0.0, 10, 
2019-12-04 15:12:15.912,371782360, 594.1154472964555, 2627138, 31.29693259684751, 143399, 0, 0.0, 10, 
2019-12-04 15:12:16.936,386248176, 594.1154472964555, 2627595, 31.29693259684751, 143433, 0, 0.0, 10, 
2019-12-04 15:12:17.96,399142616, 594.1154472964555, 2628081, 31.29693259684751, 143466, 0, 0.0, 10, 
2019-12-04 15:12:18.985,130928536, 594.1154472964555, 2628546, 31.29693259684751, 143490, 0, 0.0, 10, 
2019-12-04 15:12:20.009,143680928, 594.1154472964555, 2629051, 31.29693259684751, 143509, 0, 0.0, 10, 
2019-12-04 15:12:21.033,156026584, 584.0158217665086, 2629521, 30.90539548454582, 143534, 0, 0.0, 10, 
2019-12-04 15:12:22.058,169525512, 584.0158217665086, 2630028, 30.90539548454582, 143564, 0, 0.0, 10, 
2019-12-04 15:12:23.081,182304312, 584.0158217665086, 2630473, 30.90539548454582, 143586, 0, 0.0, 10, 
2019-12-04 15:12:24.104,196658504, 584.0158217665086, 2630965, 30.90539548454582, 143616, 0, 0.0, 10, 
2019-12-04 15:12:25.133,209561880, 574.9156111127227, 2631445, 30.577146185400824, 143647, 0, 0.0, 10, 
2019-12-04 15:12:26.158,222969032, 574.9156111127227, 2631964, 30.577146185400824, 143672, 0, 0.0, 10, 
2019-12-04 15:12:27.183,237202992, 574.9156111127227, 2632489, 30.577146185400824, 143695, 0, 0.0, 10, 
2019-12-04 15:12:28.216,250496784, 574.9156111127227, 2632999, 30.577146185400824, 143710, 0, 0.0, 10, 
2019-12-04 15:12:29.239,265731720, 574.9156111127227, 2633515, 30.577146185400824, 143735, 0, 0.0, 10, 
2019-12-04 15:12:30.263,278270752, 569.037627392322, 2634014, 29.795408738892423, 143752, 0, 0.0, 10, 
2019-12-04 15:12:31.289,291089600, 569.037627392322, 2634518, 29.795408738892423, 143784, 0, 0.0, 10, 
2019-12-04 15:12:32.313,304600800, 569.037627392322, 2635002, 29.795408738892423, 143806, 0, 0.0, 10, 
2019-12-04 15:12:33.337,318109688, 569.037627392322, 2635493, 29.795408738892423, 143844, 0, 0.0, 10, 
2019-12-04 15:12:34.361,330849872, 569.037627392322, 2635987, 29.795408738892423, 143874, 0, 0.0, 10, 
2019-12-04 15:12:35.385,344523952, 561.726678369263, 2636460, 29.58789131389811, 143897, 0, 0.0, 10, 
2019-12-04 15:12:36.41,356974384, 561.726678369263, 2636941, 29.58789131389811, 143927, 0, 0.0, 10, 
2019-12-04 15:12:37.435,370904904, 561.726678369263, 2637436, 29.58789131389811, 143958, 0, 0.0, 10, 
2019-12-04 15:12:38.46,384977544, 561.726678369263, 2637955, 29.58789131389811, 143986, 0, 0.0, 10, 
2019-12-04 15:12:39.49,399019168, 561.726678369263, 2638435, 29.58789131389811, 144005, 0, 0.0, 10, 
2019-12-04 15:12:40.513,127540024, 555.0322627891062, 2638910, 29.33300159779729, 144024, 0, 0.0, 10, 
2019-12-04 15:12:41.537,140065208, 555.0322627891062, 2639390, 29.33300159779729, 144048, 0, 0.0, 10, 
2019-12-04 15:12:42.561,154016944, 555.0322627891062, 2639842, 29.33300159779729, 144075, 0, 0.0, 10, 
2019-12-04 15:12:43.586,167038064, 555.0322627891062, 2640389, 29.33300159779729, 144109, 0, 0.0, 10, 
2019-12-04 15:12:44.611,181507736, 555.0322627891062, 2640902, 29.33300159779729, 144132, 0, 0.0, 10, 
2019-12-04 15:12:45.634,195542024, 549.4008099888218, 2641416, 29.002545035707467, 144155, 0, 0.0, 10, 
2019-12-04 15:12:46.656,208487096, 549.4008099888218, 2641866, 29.002545035707467, 144185, 0, 0.0, 10, 
2019-12-04 15:12:47.686,221154400, 549.4008099888218, 2642358, 29.002545035707467, 144210, 0, 0.0, 10, 
2019-12-04 15:12:48.711,234175608, 549.4008099888218, 2642842, 29.002545035707467, 144234, 0, 0.0, 10, 
2019-12-04 15:12:49.736,248335032, 549.4008099888218, 2643333, 29.002545035707467, 144255, 0, 0.0, 10, 
2019-12-04 15:12:50.758,262163416, 543.659934196077, 2643867, 28.570581384886033, 144277, 0, 0.0, 10, 
2019-12-04 15:12:51.793,273742144, 543.659934196077, 2644350, 28.570581384886033, 144307, 0, 0.0, 10, 
2019-12-04 15:12:52.815,289233952, 543.659934196077, 2644841, 28.570581384886033, 144334, 0, 0.0, 10, 
2019-12-04 15:12:53.85,302167224, 543.659934196077, 2645344, 28.570581384886033, 144364, 0, 0.0, 10, 
2019-12-04 15:12:54.874,315855528, 543.659934196077, 2645838, 28.570581384886033, 144383, 0, 0.0, 10, 
2019-12-04 15:12:55.897,329016240, 538.8098336488829, 2646326, 28.28509346014383, 144406, 0, 0.0, 10, 
2019-12-04 15:12:56.92,341411080, 538.8098336488829, 2646798, 28.28509346014383, 144429, 0, 0.0, 10, 
2019-12-04 15:12:57.944,354893648, 538.8098336488829, 2647291, 28.28509346014383, 144457, 0, 0.0, 10, 
2019-12-04 15:12:58.967,368751136, 538.8098336488829, 2647760, 28.28509346014383, 144479, 0, 0.0, 10, 
2019-12-04 15:12:59.991,381922736, 538.8098336488829, 2648283, 28.28509346014383, 144505, 0, 0.0, 10, 
2019-12-04 15:13:01.015,397290464, 534.0436945056377, 2648791, 27.99044965539238, 144528, 0, 0.0, 10, 
2019-12-04 15:13:02.038,126579048, 534.0436945056377, 2649261, 27.99044965539238, 144563, 0, 0.0, 10, 
2019-12-04 15:13:03.061,139117904, 534.0436945056377, 2649776, 27.99044965539238, 144583, 0, 0.0, 10, 
2019-12-04 15:13:04.084,153399168, 534.0436945056377, 2650245, 27.99044965539238, 144604, 0, 0.0, 10, 
2019-12-04 15:13:05.106,166932896, 534.0436945056377, 2650741, 27.99044965539238, 144633, 0, 0.0, 10, 
2019-12-04 15:13:06.131,179613272, 529.658634807549, 2651242, 27.703373151451537, 144656, 0, 0.0, 10, 
2019-12-04 15:13:07.156,192660592, 529.658634807549, 2651745, 27.703373151451537, 144681, 0, 0.0, 10, 
2019-12-04 15:13:08.179,206588064, 529.658634807549, 2652228, 27.703373151451537, 144705, 0, 0.0, 10, 
2019-12-04 15:13:09.202,219593312, 529.658634807549, 2652755, 27.703373151451537, 144730, 0, 0.0, 10, 
2019-12-04 15:13:10.226,233634760, 526.2318475733234, 2653228, 27.455241134503584, 144761, 0, 0.0, 10, 
2019-12-04 15:13:11.25,247731464, 526.2318475733234, 2653739, 27.455241134503584, 144784, 0, 0.0, 10, 
2019-12-04 15:13:12.276,259872128, 526.2318475733234, 2654227, 27.455241134503584, 144808, 0, 0.0, 10, 
2019-12-04 15:13:13.306,273627088, 526.2318475733234, 2654731, 27.455241134503584, 144828, 0, 0.0, 10, 
2019-12-04 15:13:14.332,287409496, 526.2318475733234, 2655249, 27.455241134503584, 144847, 0, 0.0, 10, 
2019-12-04 15:13:15.361,301743744, 523.3189178744631, 2655740, 27.01906413625616, 144871, 0, 0.0, 10, 
2019-12-04 15:13:16.387,313219216, 523.3189178744631, 2656211, 27.01906413625616, 144897, 0, 0.0, 10, 
2019-12-04 15:13:17.414,326854112, 523.3189178744631, 2656672, 27.01906413625616, 144932, 0, 0.0, 10, 
2019-12-04 15:13:18.442,340014376, 523.3189178744631, 2657128, 27.01906413625616, 144960, 0, 0.0, 10, 
2019-12-04 15:13:19.464,351363096, 523.3189178744631, 2657595, 27.01906413625616, 144980, 0, 0.0, 10, 
2019-12-04 15:13:20.488,364939880, 517.7604921014744, 2658079, 26.95357538378567, 145002, 0, 0.0, 10, 
2019-12-04 15:13:21.519,380151032, 517.7604921014744, 2658554, 26.95357538378567, 145032, 0, 0.0, 10, 
2019-12-04 15:13:22.542,392318616, 517.7604921014744, 2659038, 26.95357538378567, 145066, 0, 0.0, 10, 
2019-12-04 15:13:23.566,121178400, 517.7604921014744, 2659539, 26.95357538378567, 145091, 0, 0.0, 10, 
2019-12-04 15:13:24.591,135941104, 517.7604921014744, 2660016, 26.95357538378567, 145116, 0, 0.0, 10, 
2019-12-04 15:13:25.614,148199440, 513.6379427735009, 2660459, 26.925305057002426, 145145, 0, 0.0, 10, 
2019-12-04 15:13:26.638,161172608, 513.6379427735009, 2660954, 26.925305057002426, 145179, 0, 0.0, 10, 
2019-12-04 15:13:27.663,175256904, 513.6379427735009, 2661473, 26.925305057002426, 145212, 0, 0.0, 10, 
2019-12-04 15:13:28.688,188398720, 513.6379427735009, 2661966, 26.925305057002426, 145244, 0, 0.0, 10, 
2019-12-04 15:13:29.719,202884440, 513.6379427735009, 2662517, 26.925305057002426, 145266, 0, 0.0, 10, 
2019-12-04 15:13:30.742,216423224, 512.2756640855335, 2662991, 27.075197388561243, 145288, 0, 0.0, 10, 
2019-12-04 15:13:31.767,229655600, 512.2756640855335, 2663485, 27.075197388561243, 145322, 0, 0.0, 10, 
2019-12-04 15:13:32.792,242428080, 512.2756640855335, 2663966, 27.075197388561243, 145350, 0, 0.0, 10, 
2019-12-04 15:13:33.816,257044392, 512.2756640855335, 2664449, 27.075197388561243, 145378, 0, 0.0, 10, 
2019-12-04 15:13:34.839,268949040, 512.2756640855335, 2664945, 27.075197388561243, 145405, 0, 0.0, 10, 
2019-12-04 15:13:35.865,283558584, 509.35923101179054, 2665467, 27.133149405637024, 145426, 0, 0.0, 10, 
2019-12-04 15:13:36.888,296273336, 509.35923101179054, 2665941, 27.133149405637024, 145460, 0, 0.0, 10, 
2019-12-04 15:13:37.911,309652728, 509.35923101179054, 2666451, 27.133149405637024, 145491, 0, 0.0, 10, 
2019-12-04 15:13:38.934,323425504, 509.35923101179054, 2666963, 27.133149405637024, 145513, 0, 0.0, 10, 
2019-12-04 15:13:39.958,337075568, 509.35923101179054, 2667462, 27.133149405637024, 145541, 0, 0.0, 10, 
2019-12-04 15:13:40.983,349857968, 507.6834234273236, 2667949, 27.042547781596884, 145572, 0, 0.0, 10, 
2019-12-04 15:13:42.015,366289240, 507.6834234273236, 2668442, 27.042547781596884, 145602, 0, 0.0, 10, 
2019-12-04 15:13:43.047,378802384, 507.6834234273236, 2668940, 27.042547781596884, 145629, 0, 0.0, 10, 
2019-12-04 15:13:44.07,392140224, 507.6834234273236, 2669394, 27.042547781596884, 145659, 0, 0.0, 10, 
2019-12-04 15:13:45.094,121457264, 507.6834234273236, 2669867, 27.042547781596884, 145685, 0, 0.0, 10, 
2019-12-04 15:13:46.127,133117200, 504.60645878012434, 2670383, 27.167074785406164, 145706, 0, 0.0, 10, 
2019-12-04 15:13:47.151,146934288, 504.60645878012434, 2670862, 27.167074785406164, 145731, 0, 0.0, 10, 
2019-12-04 15:13:48.174,161071680, 504.60645878012434, 2671357, 27.167074785406164, 145761, 0, 0.0, 10, 
2019-12-04 15:13:49.198,173062440, 504.60645878012434, 2671832, 27.167074785406164, 145793, 0, 0.0, 10, 
2019-12-04 15:13:50.222,187951328, 502.65502608153423, 2672330, 26.96182281824871, 145812, 0, 0.0, 10, 
2019-12-04 15:13:51.246,200557576, 502.65502608153423, 2672840, 26.96182281824871, 145840, 0, 0.0, 10, 
2019-12-04 15:13:52.27,214039872, 502.65502608153423, 2673346, 26.96182281824871, 145857, 0, 0.0, 10, 
2019-12-04 15:13:53.295,229367744, 502.65502608153423, 2673845, 26.96182281824871, 145878, 0, 0.0, 10, 
2019-12-04 15:13:54.318,241329680, 502.65502608153423, 2674330, 26.96182281824871, 145899, 0, 0.0, 10, 
2019-12-04 15:13:55.357,244558056, 496.78188647276676, 2674428, 26.325230614198023, 145904, 0, 0.0, 10, 
2019-12-04 15:13:56.387,245386480, 496.78188647276676, 2674428, 26.325230614198023, 145904, 0, 0.0, 10, 
2019-12-04 15:13:57.413,246697048, 496.78188647276676, 2674428, 26.325230614198023, 145904, 0, 0.0, 10, 
