Timestamp, MemoryUsed, ReadLatency1, ReadCount, WriteLatency1, WriteCount, PendingTasks, WaitingOnCommit1, SRDelay, 
2019-12-04 15:05:36.562,253657872, 206.72161458657874, 2131912, 11.725291544392949, 116757, 0, 0.0, 10, 
2019-12-04 15:05:37.629,267110088, 206.72161458657874, 2132445, 11.725291544392949, 116802, 0, 0.0, 10, 
2019-12-04 15:05:38.664,279346936, 206.72161458657874, 2133019, 11.725291544392949, 116836, 0, 0.0, 10, 
2019-12-04 15:05:39.699,295126032, 231.78596239336343, 2133725, 13.570243366218714, 116880, 0, 0.0, 10, 
2019-12-04 15:05:40.741,311885064, 231.78596239336343, 2134552, 13.570243366218714, 116910, 0, 0.0, 10, 
2019-12-04 15:05:41.771,329625240, 231.78596239336343, 2135486, 13.570243366218714, 116973, 0, 0.0, 10, 
2019-12-04 15:05:42.805,349701336, 231.78596239336343, 2136486, 13.570243366218714, 117027, 0, 0.0, 10, 
2019-12-04 15:05:43.834,369702104, 231.78596239336343, 2137400, 13.570243366218714, 117081, 0, 0.0, 10, 
2019-12-04 15:05:44.867,386569144, 283.85416197180393, 2138320, 16.48300588278399, 117137, 0, 0.0, 10, 
2019-12-04 15:05:45.897,125109856, 283.85416197180393, 2139337, 16.48300588278399, 117196, 0, 0.0, 10, 
2019-12-04 15:05:46.922,143382488, 283.85416197180393, 2140298, 16.48300588278399, 117248, 0, 0.0, 10, 
2019-12-04 15:05:47.955,162312104, 283.85416197180393, 2141286, 16.48300588278399, 117313, 0, 0.0, 10, 
2019-12-04 15:05:48.984,181885496, 283.85416197180393, 2142243, 16.48300588278399, 117355, 0, 0.0, 10, 
2019-12-04 15:05:50.009,200684336, 337.3241269155521, 2143217, 19.30679682095874, 117399, 0, 0.0, 10, 
2019-12-04 15:05:51.037,218633112, 337.3241269155521, 2144208, 19.30679682095874, 117468, 0, 0.0, 10, 
2019-12-04 15:05:52.066,239196456, 337.3241269155521, 2145257, 19.30679682095874, 117514, 0, 0.0, 10, 
2019-12-04 15:05:53.09,258595560, 337.3241269155521, 2146199, 19.30679682095874, 117561, 0, 0.0, 10, 
2019-12-04 15:05:54.117,280491048, 337.3241269155521, 2147271, 19.30679682095874, 117603, 0, 0.0, 10, 
2019-12-04 15:05:55.141,299306896, 388.90154595651944, 2148316, 21.66494314559529, 117665, 0, 0.0, 10, 
2019-12-04 15:05:56.171,318976624, 388.90154595651944, 2149315, 21.66494314559529, 117717, 0, 0.0, 10, 
2019-12-04 15:05:57.2,339886728, 388.90154595651944, 2150393, 21.66494314559529, 117765, 0, 0.0, 10, 
2019-12-04 15:05:58.225,361162496, 388.90154595651944, 2151495, 21.66494314559529, 117822, 0, 0.0, 10, 
2019-12-04 15:05:59.25,382895880, 388.90154595651944, 2152645, 21.66494314559529, 117875, 0, 0.0, 10, 
2019-12-04 15:06:00.282,119149344, 441.98393547625324, 2153750, 24.170355959012653, 117929, 0, 0.0, 10, 
2019-12-04 15:06:01.306,142921232, 441.98393547625324, 2154977, 24.170355959012653, 117992, 0, 0.0, 10, 
2019-12-04 15:06:02.329,165555112, 441.98393547625324, 2156136, 24.170355959012653, 118063, 0, 0.0, 10, 
2019-12-04 15:06:03.358,188352744, 441.98393547625324, 2157299, 24.170355959012653, 118128, 0, 0.0, 10, 
2019-12-04 15:06:04.382,210922072, 441.98393547625324, 2158519, 24.170355959012653, 118202, 0, 0.0, 10, 
2019-12-04 15:06:05.409,233934024, 498.24196979146126, 2159757, 27.38694069756375, 118263, 0, 0.0, 10, 
2019-12-04 15:06:06.436,257190064, 498.24196979146126, 2161018, 27.38694069756375, 118327, 0, 0.0, 10, 
2019-12-04 15:06:07.46,293524024, 498.24196979146126, 2162187, 27.38694069756375, 118397, 0, 0.0, 10, 
2019-12-04 15:06:08.487,315629520, 498.24196979146126, 2163362, 27.38694069756375, 118454, 0, 0.0, 10, 
2019-12-04 15:06:09.516,338908152, 498.24196979146126, 2164667, 27.38694069756375, 118534, 0, 0.0, 10, 
2019-12-04 15:06:10.541,363143496, 554.3034705341356, 2166006, 30.362332637523746, 118605, 0, 0.0, 10, 
2019-12-04 15:06:11.563,388879720, 554.3034705341356, 2167284, 30.362332637523746, 118682, 0, 0.0, 10, 
2019-12-04 15:06:12.588,129537640, 554.3034705341356, 2168626, 30.362332637523746, 118738, 0, 0.0, 10, 
2019-12-04 15:06:13.615,154509920, 554.3034705341356, 2170012, 30.362332637523746, 118809, 0, 0.0, 10, 
2019-12-04 15:06:14.64,180788160, 614.7416200272418, 2171382, 33.32370101225494, 118882, 0, 0.0, 10, 
2019-12-04 15:06:15.663,205946976, 614.7416200272418, 2172821, 33.32370101225494, 118961, 0, 0.0, 10, 
2019-12-04 15:06:16.686,232346936, 614.7416200272418, 2174243, 33.32370101225494, 119030, 0, 0.0, 10, 
2019-12-04 15:06:17.709,255863840, 614.7416200272418, 2175545, 33.32370101225494, 119102, 0, 0.0, 10, 
2019-12-04 15:06:18.732,281980744, 614.7416200272418, 2176866, 33.32370101225494, 119166, 0, 0.0, 10, 
2019-12-04 15:06:19.758,304625352, 670.5712775379441, 2178090, 36.16022926460524, 119231, 0, 0.0, 10, 
2019-12-04 15:06:20.779,328853000, 670.5712775379441, 2179341, 36.16022926460524, 119299, 0, 0.0, 10, 
2019-12-04 15:06:21.802,351048624, 670.5712775379441, 2180603, 36.16022926460524, 119358, 0, 0.0, 10, 
2019-12-04 15:06:22.825,375884280, 670.5712775379441, 2181900, 36.16022926460524, 119425, 0, 0.0, 10, 
2019-12-04 15:06:23.849,113881896, 670.5712775379441, 2183142, 36.16022926460524, 119493, 0, 0.0, 10, 
2019-12-04 15:06:24.871,140096096, 718.1151651206154, 2184551, 38.57806783522879, 119576, 0, 0.0, 10, 
2019-12-04 15:06:25.902,167464472, 718.1151651206154, 2185994, 38.57806783522879, 119655, 0, 0.0, 10, 
2019-12-04 15:06:26.925,193400040, 718.1151651206154, 2187386, 38.57806783522879, 119729, 0, 0.0, 10, 
2019-12-04 15:06:27.947,218081848, 718.1151651206154, 2188767, 38.57806783522879, 119800, 0, 0.0, 10, 
2019-12-04 15:06:28.974,243989416, 718.1151651206154, 2190131, 38.57806783522879, 119867, 0, 0.0, 10, 
2019-12-04 15:06:30.009,269262888, 769.2615405461412, 2191543, 41.362275805201065, 119947, 0, 0.0, 10, 
2019-12-04 15:06:31.031,295021552, 769.2615405461412, 2192934, 41.362275805201065, 120013, 0, 0.0, 10, 
2019-12-04 15:06:32.055,321269600, 769.2615405461412, 2194373, 41.362275805201065, 120104, 0, 0.0, 10, 
2019-12-04 15:06:33.078,347078208, 769.2615405461412, 2195787, 41.362275805201065, 120167, 0, 0.0, 10, 
2019-12-04 15:06:34.1,372193376, 769.2615405461412, 2197095, 41.362275805201065, 120228, 0, 0.0, 10, 
2019-12-04 15:06:35.131,114573824, 816.3984331703015, 2198476, 43.41215505076818, 120279, 0, 0.0, 10, 
2019-12-04 15:06:36.161,138981824, 816.3984331703015, 2199734, 43.41215505076818, 120351, 0, 0.0, 10, 
2019-12-04 15:06:37.197,161080496, 816.3984331703015, 2201007, 43.41215505076818, 120407, 0, 0.0, 10, 
2019-12-04 15:06:38.222,187412880, 816.3984331703015, 2202371, 43.41215505076818, 120490, 0, 0.0, 10, 
2019-12-04 15:06:39.25,210956112, 816.3984331703015, 2203643, 43.41215505076818, 120563, 0, 0.0, 10, 
2019-12-04 15:06:40.277,234922080, 852.3465896297433, 2204961, 45.362099469613305, 120643, 0, 0.0, 10, 
2019-12-04 15:06:41.303,260345504, 852.3465896297433, 2206288, 45.362099469613305, 120711, 0, 0.0, 10, 
2019-12-04 15:06:42.343,283753056, 852.3465896297433, 2207534, 45.362099469613305, 120777, 0, 0.0, 10, 
2019-12-04 15:06:43.366,308645392, 852.3465896297433, 2208881, 45.362099469613305, 120836, 0, 0.0, 10, 
2019-12-04 15:06:44.394,333237400, 852.3465896297433, 2210265, 45.362099469613305, 120897, 0, 0.0, 10, 
2019-12-04 15:06:45.418,358011496, 886.5718506258117, 2211591, 46.83631259952668, 120977, 0, 0.0, 10, 
2019-12-04 15:06:46.447,383394672, 886.5718506258117, 2212959, 46.83631259952668, 121040, 0, 0.0, 10, 
2019-12-04 15:06:47.472,122834496, 886.5718506258117, 2214315, 46.83631259952668, 121122, 0, 0.0, 10, 
2019-12-04 15:06:48.496,146406672, 886.5718506258117, 2215680, 46.83631259952668, 121178, 0, 0.0, 10, 
2019-12-04 15:06:49.521,172627872, 920.859056332449, 2217001, 46.83631259952668, 121234, 0, 0.0, 10, 
2019-12-04 15:06:50.544,193835584, 920.859056332449, 2218241, 48.320583092269786, 121307, 0, 0.0, 10, 
2019-12-04 15:06:51.598,220240664, 920.859056332449, 2219586, 48.320583092269786, 121370, 0, 0.0, 10, 
2019-12-04 15:06:52.635,245750192, 920.859056332449, 2220951, 48.320583092269786, 121454, 0, 0.0, 10, 
2019-12-04 15:06:53.662,272057528, 920.859056332449, 2222384, 48.320583092269786, 121535, 0, 0.0, 10, 
2019-12-04 15:06:54.688,296628440, 951.1095279530822, 2223724, 50.245866966511926, 121614, 0, 0.0, 10, 
2019-12-04 15:06:55.715,321006408, 951.1095279530822, 2225143, 50.245866966511926, 121683, 0, 0.0, 10, 
2019-12-04 15:06:56.738,345618824, 951.1095279530822, 2226400, 50.245866966511926, 121756, 0, 0.0, 10, 
2019-12-04 15:06:57.769,372890808, 951.1095279530822, 2227769, 50.245866966511926, 121823, 0, 0.0, 10, 
2019-12-04 15:06:58.81,114705128, 951.1095279530822, 2229143, 50.245866966511926, 121887, 0, 0.0, 10, 
2019-12-04 15:06:59.835,137779072, 979.804825729552, 2230418, 51.72937353424987, 121964, 0, 0.0, 10, 
2019-12-04 15:07:00.859,164049240, 979.804825729552, 2231853, 51.72937353424987, 122038, 0, 0.0, 10, 
2019-12-04 15:07:01.888,190368608, 979.804825729552, 2233299, 51.72937353424987, 122111, 0, 0.0, 10, 
2019-12-04 15:07:02.915,216448672, 979.804825729552, 2234694, 51.72937353424987, 122193, 0, 0.0, 10, 
2019-12-04 15:07:03.945,241938712, 979.804825729552, 2236047, 51.72937353424987, 122262, 0, 0.0, 10, 
2019-12-04 15:07:04.969,267964144, 1009.8837311019695, 2237445, 53.35012333914926, 122329, 0, 0.0, 10, 
2019-12-04 15:07:05.997,293469256, 1009.8837311019695, 2238902, 53.35012333914926, 122394, 0, 0.0, 10, 
2019-12-04 15:07:07.026,317600472, 1009.8837311019695, 2240161, 53.35012333914926, 122467, 0, 0.0, 10, 
2019-12-04 15:07:08.052,342240456, 1009.8837311019695, 2241473, 53.35012333914926, 122539, 0, 0.0, 10, 
2019-12-04 15:07:09.079,367601872, 1009.8837311019695, 2242869, 53.35012333914926, 122620, 0, 0.0, 10, 
2019-12-04 15:07:10.105,392618712, 1036.0544949830573, 2244288, 54.7933117934361, 122709, 0, 0.0, 10, 
2019-12-04 15:07:11.133,136697488, 1036.0544949830573, 2245710, 54.7933117934361, 122766, 0, 0.0, 10, 
2019-12-04 15:07:12.158,161418992, 1036.0544949830573, 2247125, 54.7933117934361, 122838, 0, 0.0, 10, 
2019-12-04 15:07:13.185,186598640, 1036.0544949830573, 2248426, 54.7933117934361, 122911, 0, 0.0, 10, 
2019-12-04 15:07:14.241,208619528, 1036.0544949830573, 2249613, 54.7933117934361, 122973, 0, 0.0, 10, 
2019-12-04 15:07:15.274,232551552, 1056.087007498679, 2250906, 55.80128692857751, 123044, 0, 0.0, 10, 
2019-12-04 15:07:16.306,258250520, 1056.087007498679, 2252364, 55.80128692857751, 123128, 0, 0.0, 10, 
2019-12-04 15:07:17.335,285517304, 1056.087007498679, 2253765, 55.80128692857751, 123198, 0, 0.0, 10, 
2019-12-04 15:07:18.359,310458392, 1056.087007498679, 2255207, 55.80128692857751, 123257, 0, 0.0, 10, 
2019-12-04 15:07:19.385,333880488, 1056.087007498679, 2256473, 55.80128692857751, 123325, 0, 0.0, 10, 
2019-12-04 15:07:20.409,358005152, 1078.723472540166, 2257759, 56.76065105589789, 123398, 0, 0.0, 10, 
2019-12-04 15:07:21.439,383465920, 1078.723472540166, 2259158, 56.76065105589789, 123470, 0, 0.0, 10, 
2019-12-04 15:07:22.468,125563656, 1078.723472540166, 2260528, 56.76065105589789, 123531, 0, 0.0, 10, 
2019-12-04 15:07:23.493,150826912, 1078.723472540166, 2261835, 56.76065105589789, 123615, 0, 0.0, 10, 
2019-12-04 15:07:24.519,175644104, 1096.8475269830094, 2263170, 56.76065105589789, 123698, 0, 0.0, 10, 
2019-12-04 15:07:25.544,199203848, 1096.8475269830094, 2264407, 58.043086589688116, 123758, 0, 0.0, 10, 
2019-12-04 15:07:26.576,223079264, 1096.8475269830094, 2265746, 58.043086589688116, 123840, 0, 0.0, 10, 
2019-12-04 15:07:27.604,250220056, 1096.8475269830094, 2267152, 58.043086589688116, 123912, 0, 0.0, 10, 
2019-12-04 15:07:28.629,275128152, 1096.8475269830094, 2268521, 58.043086589688116, 123989, 0, 0.0, 10, 
2019-12-04 15:07:29.657,300801576, 1114.114133375328, 2269894, 58.98311748356196, 124054, 0, 0.0, 10, 
2019-12-04 15:07:30.682,325983944, 1114.114133375328, 2271352, 58.98311748356196, 124127, 0, 0.0, 10, 
2019-12-04 15:07:31.709,352780912, 1114.114133375328, 2272758, 58.98311748356196, 124206, 0, 0.0, 10, 
2019-12-04 15:07:32.734,376779728, 1114.114133375328, 2274078, 58.98311748356196, 124257, 0, 0.0, 10, 
2019-12-04 15:07:33.76,119288888, 1114.114133375328, 2275470, 58.98311748356196, 124330, 0, 0.0, 10, 
2019-12-04 15:07:34.796,142576664, 1132.6387124634164, 2276795, 59.49618308141863, 124391, 0, 0.0, 10, 
2019-12-04 15:07:35.818,169266920, 1132.6387124634164, 2278169, 59.49618308141863, 124460, 0, 0.0, 10, 
2019-12-04 15:07:36.843,191596608, 1132.6387124634164, 2279465, 59.49618308141863, 124534, 0, 0.0, 10, 
2019-12-04 15:07:37.869,219425120, 1132.6387124634164, 2280859, 59.49618308141863, 124598, 0, 0.0, 10, 
2019-12-04 15:07:38.893,242756560, 1132.6387124634164, 2282225, 59.49618308141863, 124664, 0, 0.0, 10, 
2019-12-04 15:07:39.921,266773256, 1147.4593827134663, 2283567, 60.000208453213375, 124732, 0, 0.0, 10, 
2019-12-04 15:07:40.945,292000032, 1147.4593827134663, 2284884, 60.000208453213375, 124801, 0, 0.0, 10, 
2019-12-04 15:07:41.97,316163544, 1147.4593827134663, 2286231, 60.000208453213375, 124869, 0, 0.0, 10, 
2019-12-04 15:07:43.0,342305480, 1147.4593827134663, 2287612, 60.000208453213375, 124945, 0, 0.0, 10, 
2019-12-04 15:07:44.024,366753056, 1147.4593827134663, 2288861, 60.000208453213375, 125019, 0, 0.0, 10, 
2019-12-04 15:07:45.046,391511576, 1159.240088017488, 2290241, 60.7357831716249, 125091, 0, 0.0, 10, 
2019-12-04 15:07:46.076,130577648, 1159.240088017488, 2291562, 60.7357831716249, 125160, 0, 0.0, 10, 
2019-12-04 15:07:47.104,153674064, 1159.240088017488, 2292801, 60.7357831716249, 125241, 0, 0.0, 10, 
2019-12-04 15:07:48.136,176343952, 1159.240088017488, 2294032, 60.7357831716249, 125300, 0, 0.0, 10, 
2019-12-04 15:07:49.164,202057696, 1159.240088017488, 2295428, 60.7357831716249, 125368, 0, 0.0, 10, 
2019-12-04 15:07:50.188,230456144, 1168.975473054732, 2296878, 61.300606763323024, 125439, 0, 0.0, 10, 
2019-12-04 15:07:51.212,254619536, 1168.975473054732, 2298287, 61.300606763323024, 125508, 0, 0.0, 10, 
2019-12-04 15:07:52.237,280211136, 1168.975473054732, 2299629, 61.300606763323024, 125576, 0, 0.0, 10, 
2019-12-04 15:07:53.261,304260096, 1168.975473054732, 2300933, 61.300606763323024, 125645, 0, 0.0, 10, 
2019-12-04 15:07:54.284,328672496, 1168.975473054732, 2302282, 61.300606763323024, 125714, 0, 0.0, 10, 
2019-12-04 15:07:55.312,353635648, 1181.0347363948963, 2303607, 61.86824290533816, 125786, 0, 0.0, 10, 
2019-12-04 15:07:56.364,378656224, 1181.0347363948963, 2305003, 61.86824290533816, 125856, 0, 0.0, 10, 
2019-12-04 15:07:57.39,121165584, 1181.0347363948963, 2306371, 61.86824290533816, 125931, 0, 0.0, 10, 
2019-12-04 15:07:58.413,147815696, 1181.0347363948963, 2307755, 61.86824290533816, 126018, 0, 0.0, 10, 
2019-12-04 15:07:59.436,173088952, 1181.0347363948963, 2309130, 61.86824290533816, 126095, 0, 0.0, 10, 
2019-12-04 15:08:00.465,198132192, 1193.361110290267, 2310498, 62.870226879564974, 126171, 0, 0.0, 10, 
2019-12-04 15:08:01.491,221753824, 1193.361110290267, 2311820, 62.870226879564974, 126239, 0, 0.0, 10, 
2019-12-04 15:08:02.517,248308768, 1193.361110290267, 2313157, 62.870226879564974, 126301, 0, 0.0, 10, 
2019-12-04 15:08:03.543,272112712, 1193.361110290267, 2314521, 62.870226879564974, 126374, 0, 0.0, 10, 
2019-12-04 15:08:04.576,295582128, 1202.143343013474, 2315806, 63.05650525319023, 126431, 0, 0.0, 10, 
2019-12-04 15:08:05.604,322782040, 1202.143343013474, 2317183, 63.05650525319023, 126500, 0, 0.0, 10, 
2019-12-04 15:08:06.627,347214176, 1202.143343013474, 2318571, 63.05650525319023, 126565, 0, 0.0, 10, 
2019-12-04 15:08:07.653,372190704, 1202.143343013474, 2319875, 63.05650525319023, 126646, 0, 0.0, 10, 
2019-12-04 15:08:08.707,113866408, 1202.143343013474, 2321134, 63.05650525319023, 126714, 0, 0.0, 10, 
2019-12-04 15:08:09.732,135077376, 1209.2959023881353, 2322456, 63.25987186455865, 126768, 0, 0.0, 10, 
2019-12-04 15:08:10.756,158857560, 1209.2959023881353, 2323761, 63.25987186455865, 126831, 0, 0.0, 10, 
2019-12-04 15:08:11.779,184824088, 1209.2959023881353, 2325102, 63.25987186455865, 126915, 0, 0.0, 10, 
2019-12-04 15:08:12.801,209402392, 1209.2959023881353, 2326409, 63.25987186455865, 126988, 0, 0.0, 10, 
2019-12-04 15:08:13.829,233068688, 1209.2959023881353, 2327671, 63.25987186455865, 127054, 0, 0.0, 10, 
2019-12-04 15:08:14.851,257609056, 1214.6932320276114, 2329015, 63.8307649892495, 127134, 0, 0.0, 10, 
2019-12-04 15:08:15.876,282131992, 1214.6932320276114, 2330379, 63.8307649892495, 127215, 0, 0.0, 10, 
2019-12-04 15:08:16.906,307160944, 1214.6932320276114, 2331740, 63.8307649892495, 127280, 0, 0.0, 10, 
2019-12-04 15:08:17.934,330724896, 1214.6932320276114, 2333010, 63.8307649892495, 127342, 0, 0.0, 10, 
2019-12-04 15:08:18.964,355878032, 1214.6932320276114, 2334360, 63.8307649892495, 127416, 0, 0.0, 10, 
2019-12-04 15:08:19.992,380566416, 1222.1056559286671, 2335727, 64.2600653175268, 127489, 0, 0.0, 10, 
2019-12-04 15:08:21.017,120188520, 1222.1056559286671, 2336908, 64.2600653175268, 127567, 0, 0.0, 10, 
2019-12-04 15:08:22.041,143648416, 1222.1056559286671, 2338203, 64.2600653175268, 127644, 0, 0.0, 10, 
2019-12-04 15:08:23.067,168361944, 1222.1056559286671, 2339484, 64.2600653175268, 127709, 0, 0.0, 10, 
2019-12-04 15:08:24.099,192456832, 1222.1056559286671, 2340760, 64.2600653175268, 127818, 0, 0.0, 10, 
2019-12-04 15:08:25.124,216807992, 1223.2805508105287, 2342060, 65.40662318924122, 127871, 0, 0.0, 10, 
2019-12-04 15:08:26.148,240185608, 1223.2805508105287, 2343404, 65.40662318924122, 127947, 0, 0.0, 10, 
2019-12-04 15:08:27.185,265153896, 1223.2805508105287, 2344711, 65.40662318924122, 128019, 0, 0.0, 10, 
2019-12-04 15:08:28.209,289830736, 1223.2805508105287, 2346040, 65.40662318924122, 128089, 0, 0.0, 10, 
2019-12-04 15:08:29.234,315696008, 1223.2805508105287, 2347400, 65.40662318924122, 128165, 0, 0.0, 10, 
2019-12-04 15:08:30.256,341741280, 1228.7590634797493, 2348798, 65.50204033071321, 128224, 0, 0.0, 10, 
2019-12-04 15:08:31.286,364957704, 1228.7590634797493, 2350199, 65.50204033071321, 128291, 0, 0.0, 10, 
2019-12-04 15:08:32.312,391634656, 1228.7590634797493, 2351553, 65.50204033071321, 128370, 0, 0.0, 10, 
2019-12-04 15:08:33.339,130426264, 1228.7590634797493, 2352871, 65.50204033071321, 128456, 0, 0.0, 10, 
2019-12-04 15:08:34.363,155870584, 1228.7590634797493, 2354247, 65.50204033071321, 128533, 0, 0.0, 10, 
2019-12-04 15:08:35.387,179915152, 1237.1576730471102, 2355550, 66.05357073393436, 128599, 0, 0.0, 10, 
2019-12-04 15:08:36.412,204496704, 1237.1576730471102, 2356860, 66.05357073393436, 128671, 0, 0.0, 10, 
2019-12-04 15:08:37.442,230701016, 1237.1576730471102, 2358206, 66.05357073393436, 128736, 0, 0.0, 10, 
2019-12-04 15:08:38.471,254579176, 1237.1576730471102, 2359560, 66.05357073393436, 128803, 0, 0.0, 10, 
2019-12-04 15:08:39.495,278496072, 1237.1576730471102, 2360890, 66.05357073393436, 128866, 0, 0.0, 10, 
2019-12-04 15:08:40.521,302528416, 1242.1502858505355, 2362165, 65.9533407520991, 128938, 0, 0.0, 10, 
2019-12-04 15:08:41.576,331631320, 1242.1502858505355, 2363477, 65.9533407520991, 129008, 0, 0.0, 10, 
2019-12-04 15:08:42.603,364151568, 1242.1502858505355, 2364815, 65.9533407520991, 129078, 0, 0.0, 10, 
2019-12-04 15:08:43.627,393533408, 1242.1502858505355, 2366152, 65.9533407520991, 129156, 0, 0.0, 10, 
2019-12-04 15:08:44.65,138597704, 1244.153150408724, 2367410, 66.32486711228309, 129223, 0, 0.0, 10, 
2019-12-04 15:08:45.675,168515536, 1244.153150408724, 2368757, 66.32486711228309, 129289, 0, 0.0, 10, 
2019-12-04 15:08:46.699,198183456, 1244.153150408724, 2370059, 66.32486711228309, 129353, 0, 0.0, 10, 
2019-12-04 15:08:47.723,229104704, 1244.153150408724, 2371356, 66.32486711228309, 129424, 0, 0.0, 10, 
2019-12-04 15:08:48.747,259223264, 1244.153150408724, 2372705, 66.32486711228309, 129513, 0, 0.0, 10, 
2019-12-04 15:08:49.768,289985632, 1248.2346311491235, 2374029, 66.5227678111907, 129579, 0, 0.0, 10, 
2019-12-04 15:08:50.793,320833880, 1248.2346311491235, 2375382, 66.5227678111907, 129646, 0, 0.0, 10, 
2019-12-04 15:08:51.819,349745688, 1248.2346311491235, 2376685, 66.5227678111907, 129709, 0, 0.0, 10, 
2019-12-04 15:08:52.848,381815904, 1248.2346311491235, 2377982, 66.5227678111907, 129781, 0, 0.0, 10, 
2019-12-04 15:08:53.89,127769192, 1248.2346311491235, 2379321, 66.5227678111907, 129853, 0, 0.0, 10, 
2019-12-04 15:08:54.92,159675856, 1250.9503520979263, 2380673, 66.60889854142708, 129931, 0, 0.0, 10, 
2019-12-04 15:08:55.945,192195792, 1250.9503520979263, 2382091, 66.60889854142708, 130001, 0, 0.0, 10, 
2019-12-04 15:08:56.968,221659720, 1250.9503520979263, 2383293, 66.60889854142708, 130067, 0, 0.0, 10, 
2019-12-04 15:08:57.991,251734040, 1250.9503520979263, 2384610, 66.60889854142708, 130132, 0, 0.0, 10, 
2019-12-04 15:08:59.017,282021864, 1250.9503520979263, 2385930, 66.60889854142708, 130224, 0, 0.0, 10, 
2019-12-04 15:09:00.045,312623824, 1253.7367760958984, 2387232, 66.9919738631176, 130293, 0, 0.0, 10, 
2019-12-04 15:09:01.077,342252144, 1253.7367760958984, 2388531, 66.9919738631176, 130358, 0, 0.0, 10, 
2019-12-04 15:09:02.104,374286160, 1253.7367760958984, 2389863, 66.9919738631176, 130432, 0, 0.0, 10, 
2019-12-04 15:09:03.129,122675960, 1253.7367760958984, 2391152, 66.9919738631176, 130496, 0, 0.0, 10, 
2019-12-04 15:09:04.153,155798192, 1253.7367760958984, 2392544, 66.9919738631176, 130569, 0, 0.0, 10, 
2019-12-04 15:09:05.176,186239696, 1257.4517703613596, 2393900, 67.00860671466442, 130650, 0, 0.0, 10, 
2019-12-04 15:09:06.198,216304392, 1257.4517703613596, 2395191, 67.00860671466442, 130717, 0, 0.0, 10, 
2019-12-04 15:09:07.223,248139616, 1257.4517703613596, 2396569, 67.00860671466442, 130782, 0, 0.0, 10, 
2019-12-04 15:09:08.247,277939368, 1257.4517703613596, 2397867, 67.00860671466442, 130872, 0, 0.0, 10, 
2019-12-04 15:09:09.271,311051504, 1257.4517703613596, 2399264, 67.00860671466442, 130934, 0, 0.0, 10, 
2019-12-04 15:09:10.3,343111448, 1261.3974369491239, 2400637, 67.37571425246043, 131004, 0, 0.0, 10, 
2019-12-04 15:09:11.326,371623968, 1261.3974369491239, 2401853, 67.37571425246043, 131065, 0, 0.0, 10, 
2019-12-04 15:09:12.349,117437312, 1261.3974369491239, 2403053, 67.37571425246043, 131123, 0, 0.0, 10, 
2019-12-04 15:09:13.372,146709240, 1261.3974369491239, 2404367, 67.37571425246043, 131178, 0, 0.0, 10, 
2019-12-04 15:09:14.394,176868464, 1261.3974369491239, 2405662, 67.37571425246043, 131249, 0, 0.0, 10, 
2019-12-04 15:09:15.421,207841664, 1260.0064146939071, 2406948, 66.80197581895224, 131315, 0, 0.0, 10, 
2019-12-04 15:09:16.444,237647376, 1260.0064146939071, 2408235, 66.80197581895224, 131392, 0, 0.0, 10, 
2019-12-04 15:09:17.468,268512160, 1260.0064146939071, 2409524, 66.80197581895224, 131465, 0, 0.0, 10, 
2019-12-04 15:09:18.49,298950592, 1260.0064146939071, 2410817, 66.80197581895224, 131540, 0, 0.0, 10, 
2019-12-04 15:09:19.516,330890960, 1260.0064146939071, 2412176, 66.80197581895224, 131622, 0, 0.0, 10, 
2019-12-04 15:09:20.539,363124344, 1260.9333865936007, 2413562, 67.36150693878605, 131681, 0, 0.0, 10, 
2019-12-04 15:09:21.566,394251968, 1260.9333865936007, 2414921, 67.36150693878605, 131746, 0, 0.0, 10, 
2019-12-04 15:09:22.591,141235808, 1260.9333865936007, 2416207, 67.36150693878605, 131820, 0, 0.0, 10, 
2019-12-04 15:09:23.614,171931600, 1260.9333865936007, 2417518, 67.36150693878605, 131915, 0, 0.0, 10, 
2019-12-04 15:09:24.637,202960840, 1264.5367140491833, 2418871, 67.4445402593988, 131969, 0, 0.0, 10, 
2019-12-04 15:09:25.662,233867416, 1264.5367140491833, 2420209, 67.4445402593988, 132046, 0, 0.0, 10, 
2019-12-04 15:09:26.692,265232144, 1264.5367140491833, 2421487, 67.4445402593988, 132127, 0, 0.0, 10, 
2019-12-04 15:09:27.715,298036320, 1264.5367140491833, 2422864, 67.4445402593988, 132196, 0, 0.0, 10, 
2019-12-04 15:09:28.737,328764616, 1264.5367140491833, 2424175, 67.4445402593988, 132264, 0, 0.0, 10, 
2019-12-04 15:09:29.765,358207696, 1266.3327792267298, 2425449, 67.71282800714631, 132335, 0, 0.0, 10, 
2019-12-04 15:09:30.786,390489568, 1266.3327792267298, 2426845, 67.71282800714631, 132407, 0, 0.0, 10, 
2019-12-04 15:09:31.81,139056464, 1266.3327792267298, 2428230, 67.71282800714631, 132472, 0, 0.0, 10, 
2019-12-04 15:09:32.838,169198600, 1266.3327792267298, 2429503, 67.71282800714631, 132550, 0, 0.0, 10, 
2019-12-04 15:09:33.86,199934128, 1266.3327792267298, 2430798, 67.71282800714631, 132628, 0, 0.0, 10, 
2019-12-04 15:09:34.886,232472480, 1269.7442618397965, 2432182, 68.03962023634557, 132703, 0, 0.0, 10, 
2019-12-04 15:09:35.906,263327360, 1269.7442618397965, 2433465, 68.03962023634557, 132776, 0, 0.0, 10, 
2019-12-04 15:09:36.928,292453832, 1269.7442618397965, 2434747, 68.03962023634557, 132841, 0, 0.0, 10, 
2019-12-04 15:09:37.951,321367304, 1269.7442618397965, 2435972, 68.03962023634557, 132903, 0, 0.0, 10, 
2019-12-04 15:09:38.975,351619176, 1269.7442618397965, 2437256, 68.03962023634557, 132985, 0, 0.0, 10, 
2019-12-04 15:09:39.999,382082264, 1267.8137932510526, 2438536, 68.13239907960084, 133055, 0, 0.0, 10, 
2019-12-04 15:09:41.022,129817848, 1267.8137932510526, 2439853, 68.13239907960084, 133112, 0, 0.0, 10, 
2019-12-04 15:09:42.044,161960776, 1267.8137932510526, 2441189, 68.13239907960084, 133177, 0, 0.0, 10, 
2019-12-04 15:09:43.067,195244864, 1267.8137932510526, 2442581, 68.13239907960084, 133243, 0, 0.0, 10, 
2019-12-04 15:09:44.091,223593032, 1267.8137932510526, 2443841, 68.13239907960084, 133316, 0, 0.0, 10, 
2019-12-04 15:09:45.115,254231160, 1270.0194645598212, 2445161, 67.94591074587333, 133393, 0, 0.0, 10, 
2019-12-04 15:09:46.139,285529928, 1270.0194645598212, 2446438, 67.94591074587333, 133471, 0, 0.0, 10, 
2019-12-04 15:09:47.162,317728384, 1270.0194645598212, 2447787, 67.94591074587333, 133530, 0, 0.0, 10, 
2019-12-04 15:09:48.189,348360880, 1270.0194645598212, 2449068, 67.94591074587333, 133605, 0, 0.0, 10, 
2019-12-04 15:09:49.218,378440352, 1270.0194645598212, 2450356, 67.94591074587333, 133677, 0, 0.0, 10, 
2019-12-04 15:09:50.241,124753632, 1269.8579970888054, 2451625, 68.11014665459065, 133752, 0, 0.0, 10, 
2019-12-04 15:09:51.267,154088440, 1269.8579970888054, 2452913, 68.11014665459065, 133816, 0, 0.0, 10, 
2019-12-04 15:09:52.289,183381336, 1269.8579970888054, 2454192, 68.11014665459065, 133864, 0, 0.0, 10, 
2019-12-04 15:09:53.314,215763968, 1269.8579970888054, 2455496, 68.11014665459065, 133934, 0, 0.0, 10, 
2019-12-04 15:09:54.338,246585392, 1269.8579970888054, 2456819, 68.11014665459065, 133991, 0, 0.0, 10, 
2019-12-04 15:09:55.37,278417920, 1269.3256530341737, 2458161, 67.52565959967737, 134050, 0, 0.0, 10, 
2019-12-04 15:09:56.392,308055728, 1269.3256530341737, 2459394, 67.52565959967737, 134115, 0, 0.0, 10, 
2019-12-04 15:09:57.418,336625416, 1269.3256530341737, 2460613, 67.52565959967737, 134183, 0, 0.0, 10, 
2019-12-04 15:09:58.442,365357496, 1269.3256530341737, 2461803, 67.52565959967737, 134241, 0, 0.0, 10, 
2019-12-04 15:09:59.487,395114808, 1269.3256530341737, 2463082, 67.52565959967737, 134313, 0, 0.0, 10, 
2019-12-04 15:10:00.511,142254816, 1264.7261557719958, 2464369, 67.06786113475194, 134382, 0, 0.0, 10, 
2019-12-04 15:10:01.537,173922096, 1264.7261557719958, 2465692, 67.06786113475194, 134448, 0, 0.0, 10, 
2019-12-04 15:10:02.563,207043328, 1264.7261557719958, 2467056, 67.06786113475194, 134535, 0, 0.0, 10, 
2019-12-04 15:10:03.587,237715952, 1264.7261557719958, 2468414, 67.06786113475194, 134604, 0, 0.0, 10, 
2019-12-04 15:10:04.611,268974560, 1266.8908608354805, 2469694, 67.43023095070404, 134677, 0, 0.0, 10, 
2019-12-04 15:10:05.632,299339160, 1266.8908608354805, 2471033, 67.43023095070404, 134742, 0, 0.0, 10, 
2019-12-04 15:10:06.654,329726464, 1266.8908608354805, 2472333, 67.43023095070404, 134802, 0, 0.0, 10, 
2019-12-04 15:10:07.677,360527112, 1266.8908608354805, 2473638, 67.43023095070404, 134879, 0, 0.0, 10, 
2019-12-04 15:10:08.701,391469440, 1266.8908608354805, 2474969, 67.43023095070404, 134934, 0, 0.0, 10, 
2019-12-04 15:10:09.726,139198752, 1269.0264056921264, 2476310, 67.18794706123215, 135012, 0, 0.0, 10, 
2019-12-04 15:10:10.749,168911232, 1269.0264056921264, 2477568, 67.18794706123215, 135077, 0, 0.0, 10, 
2019-12-04 15:10:11.774,198440272, 1269.0264056921264, 2478858, 67.18794706123215, 135145, 0, 0.0, 10, 
2019-12-04 15:10:12.798,229524824, 1269.0264056921264, 2480149, 67.18794706123215, 135210, 0, 0.0, 10, 
2019-12-04 15:10:13.826,261368928, 1269.0264056921264, 2481489, 67.18794706123215, 135270, 0, 0.0, 10, 
2019-12-04 15:10:14.854,285361520, 1267.0413958923625, 2482484, 66.90107065367235, 135328, 0, 0.0, 10, 
2019-12-04 15:10:15.883,298552616, 1267.0413958923625, 2482982, 66.90107065367235, 135347, 0, 0.0, 10, 
2019-12-04 15:10:16.91,311865112, 1267.0413958923625, 2483444, 66.90107065367235, 135366, 0, 0.0, 10, 
2019-12-04 15:10:17.94,325797136, 1267.0413958923625, 2483955, 66.90107065367235, 135392, 0, 0.0, 10, 
2019-12-04 15:10:18.964,338597040, 1267.0413958923625, 2484432, 66.90107065367235, 135414, 0, 0.0, 10, 
2019-12-04 15:10:19.988,351638376, 1204.8326406411704, 2484926, 63.35895261701026, 135440, 0, 0.0, 10, 
2019-12-04 15:10:21.013,364798128, 1204.8326406411704, 2485402, 63.35895261701026, 135467, 0, 0.0, 10, 
2019-12-04 15:10:22.039,376358312, 1204.8326406411704, 2485850, 63.35895261701026, 135495, 0, 0.0, 10, 
2019-12-04 15:10:23.062,388179456, 1204.8326406411704, 2486285, 63.35895261701026, 135519, 0, 0.0, 10, 
2019-12-04 15:10:24.088,400502584, 1204.8326406411704, 2486738, 63.35895261701026, 135543, 0, 0.0, 10, 
2019-12-04 15:10:25.112,128581984, 1143.871892552995, 2487176, 60.27594898923702, 135561, 0, 0.0, 10, 
2019-12-04 15:10:26.138,141532576, 1143.871892552995, 2487661, 60.27594898923702, 135589, 0, 0.0, 10, 
2019-12-04 15:10:27.161,154571744, 1143.871892552995, 2488119, 60.27594898923702, 135611, 0, 0.0, 10, 
2019-12-04 15:10:28.188,165752584, 1143.871892552995, 2488577, 60.27594898923702, 135630, 0, 0.0, 10, 
2019-12-04 15:10:29.232,179349184, 1143.871892552995, 2489090, 60.27594898923702, 135662, 0, 0.0, 10, 
2019-12-04 15:10:30.255,194250400, 1089.5283285239243, 2489587, 57.311519784629226, 135680, 0, 0.0, 10, 
2019-12-04 15:10:31.279,204938696, 1089.5283285239243, 2490053, 57.311519784629226, 135712, 0, 0.0, 10, 
2019-12-04 15:10:32.316,219252864, 1089.5283285239243, 2490542, 57.311519784629226, 135735, 0, 0.0, 10, 
2019-12-04 15:10:33.339,231630816, 1089.5283285239243, 2491020, 57.311519784629226, 135750, 0, 0.0, 10, 
2019-12-04 15:10:34.367,245566672, 1089.5283285239243, 2491493, 57.311519784629226, 135772, 0, 0.0, 10, 
2019-12-04 15:10:35.391,260046568, 1039.7377204898908, 2491984, 54.52014878406923, 135797, 0, 0.0, 10, 
2019-12-04 15:10:36.421,271280584, 1039.7377204898908, 2492468, 54.52014878406923, 135821, 0, 0.0, 10, 
2019-12-04 15:10:37.444,284813576, 1039.7377204898908, 2492946, 54.52014878406923, 135844, 0, 0.0, 10, 
2019-12-04 15:10:38.468,297433416, 1039.7377204898908, 2493442, 54.52014878406923, 135862, 0, 0.0, 10, 
2019-12-04 15:10:39.497,311532032, 1039.7377204898908, 2493954, 54.52014878406923, 135889, 0, 0.0, 10, 
2019-12-04 15:10:40.523,323562640, 994.9195989257769, 2494410, 51.95196348584575, 135911, 0, 0.0, 10, 
2019-12-04 15:10:41.547,335088344, 994.9195989257769, 2494879, 51.95196348584575, 135938, 0, 0.0, 10, 
2019-12-04 15:10:42.571,349470048, 994.9195989257769, 2495360, 51.95196348584575, 135963, 0, 0.0, 10, 
2019-12-04 15:10:43.597,362627216, 994.9195989257769, 2495841, 51.95196348584575, 135982, 0, 0.0, 10, 
2019-12-04 15:10:44.619,375504240, 952.5975405454946, 2496350, 49.717047883075175, 136012, 0, 0.0, 10, 
2019-12-04 15:10:45.642,388965952, 952.5975405454946, 2496847, 49.717047883075175, 136037, 0, 0.0, 10, 
2019-12-04 15:10:46.665,400995504, 952.5975405454946, 2497295, 49.717047883075175, 136056, 0, 0.0, 10, 
2019-12-04 15:10:47.69,131191736, 952.5975405454946, 2497796, 49.717047883075175, 136080, 0, 0.0, 10, 
2019-12-04 15:10:48.722,143268800, 952.5975405454946, 2498282, 49.717047883075175, 136105, 0, 0.0, 10, 
2019-12-04 15:10:49.746,156406544, 914.2190562146944, 2498755, 47.5808706802075, 136129, 0, 0.0, 10, 
2019-12-04 15:10:50.771,168879904, 914.2190562146944, 2499264, 47.5808706802075, 136157, 0, 0.0, 10, 
2019-12-04 15:10:51.797,182602056, 914.2190562146944, 2499766, 47.5808706802075, 136185, 0, 0.0, 10, 
2019-12-04 15:10:52.82,196256512, 914.2190562146944, 2500265, 47.5808706802075, 136213, 0, 0.0, 10, 
2019-12-04 15:10:53.855,208200504, 914.2190562146944, 2500744, 47.5808706802075, 136242, 0, 0.0, 10, 
2019-12-04 15:10:54.879,221929296, 879.3249151081303, 2501225, 45.887341766310904, 136264, 0, 0.0, 10, 
2019-12-04 15:10:55.903,234530968, 879.3249151081303, 2501696, 45.887341766310904, 136291, 0, 0.0, 10, 
2019-12-04 15:10:56.925,247144080, 879.3249151081303, 2502163, 45.887341766310904, 136308, 0, 0.0, 10, 
2019-12-04 15:10:57.96,261047888, 879.3249151081303, 2502640, 45.887341766310904, 136321, 0, 0.0, 10, 
2019-12-04 15:10:58.984,275283872, 879.3249151081303, 2503159, 45.887341766310904, 136351, 0, 0.0, 10, 
2019-12-04 15:11:00.009,286854192, 846.5171463284864, 2503639, 43.89745978706543, 136376, 0, 0.0, 10, 
2019-12-04 15:11:01.035,301608464, 846.5171463284864, 2504103, 43.89745978706543, 136402, 0, 0.0, 10, 
2019-12-04 15:11:02.061,313340000, 846.5171463284864, 2504579, 43.89745978706543, 136429, 0, 0.0, 10, 
2019-12-04 15:11:03.087,325379784, 846.5171463284864, 2505028, 43.89745978706543, 136452, 0, 0.0, 10, 
2019-12-04 15:11:04.116,338388104, 846.5171463284864, 2505489, 43.89745978706543, 136478, 0, 0.0, 10, 
2019-12-04 15:11:05.15,349798976, 815.277128179432, 2505965, 42.30654674240111, 136498, 0, 0.0, 10, 
2019-12-04 15:11:06.174,363787672, 815.277128179432, 2506454, 42.30654674240111, 136532, 0, 0.0, 10, 
2019-12-04 15:11:07.198,379912048, 815.277128179432, 2506967, 42.30654674240111, 136556, 0, 0.0, 10, 
2019-12-04 15:11:08.222,124425112, 815.277128179432, 2507412, 42.30654674240111, 136580, 0, 0.0, 10, 
2019-12-04 15:11:09.245,139064368, 815.277128179432, 2507906, 42.30654674240111, 136599, 0, 0.0, 10, 
2019-12-04 15:11:10.268,151769672, 787.9261511539255, 2508411, 40.93878278394158, 136627, 0, 0.0, 10, 
2019-12-04 15:11:11.296,163179592, 787.9261511539255, 2508869, 40.93878278394158, 136654, 0, 0.0, 10, 
2019-12-04 15:11:12.319,177171472, 787.9261511539255, 2509370, 40.93878278394158, 136680, 0, 0.0, 10, 
2019-12-04 15:11:13.344,191237736, 787.9261511539255, 2509902, 40.93878278394158, 136699, 0, 0.0, 10, 
2019-12-04 15:11:14.377,204482784, 787.9261511539255, 2510381, 40.93878278394158, 136728, 0, 0.0, 10, 
2019-12-04 15:11:15.399,215134040, 763.3696999557704, 2510834, 39.6324058422072, 136753, 0, 0.0, 10, 
2019-12-04 15:11:16.422,229751480, 763.3696999557704, 2511335, 39.6324058422072, 136782, 0, 0.0, 10, 
2019-12-04 15:11:17.449,242569080, 763.3696999557704, 2511814, 39.6324058422072, 136806, 0, 0.0, 10, 
2019-12-04 15:11:18.473,256367592, 763.3696999557704, 2512314, 39.6324058422072, 136830, 0, 0.0, 10, 
2019-12-04 15:11:19.5,269776624, 763.3696999557704, 2512789, 39.6324058422072, 136847, 0, 0.0, 10, 
2019-12-04 15:11:20.524,280461600, 740.1370295048249, 2513259, 38.31854321404499, 136878, 0, 0.0, 10, 
2019-12-04 15:11:21.548,294854744, 740.1370295048249, 2513704, 38.31854321404499, 136904, 0, 0.0, 10, 
2019-12-04 15:11:22.577,307663936, 740.1370295048249, 2514180, 38.31854321404499, 136923, 0, 0.0, 10, 
2019-12-04 15:11:23.603,318679496, 740.1370295048249, 2514619, 38.31854321404499, 136949, 0, 0.0, 10, 
2019-12-04 15:11:24.627,332112856, 716.7950334193902, 2515086, 37.28563352922964, 136976, 0, 0.0, 10, 
2019-12-04 15:11:25.65,345572736, 716.7950334193902, 2515540, 37.28563352922964, 136994, 0, 0.0, 10, 
2019-12-04 15:11:26.683,358196656, 716.7950334193902, 2515995, 37.28563352922964, 137014, 0, 0.0, 10, 
2019-12-04 15:11:27.709,371580256, 716.7950334193902, 2516491, 37.28563352922964, 137038, 0, 0.0, 10, 
2019-12-04 15:11:28.733,382638424, 716.7950334193902, 2516946, 37.28563352922964, 137060, 0, 0.0, 10, 
2019-12-04 15:11:29.757,396762480, 696.326800670357, 2517476, 35.9994972843419, 137084, 0, 0.0, 10, 
2019-12-04 15:11:30.783,124650280, 696.326800670357, 2517944, 35.9994972843419, 137103, 0, 0.0, 10, 
2019-12-04 15:11:31.806,138205304, 696.326800670357, 2518441, 35.9994972843419, 137134, 0, 0.0, 10, 
2019-12-04 15:11:32.832,152527144, 696.326800670357, 2518929, 35.9994972843419, 137166, 0, 0.0, 10, 
2019-12-04 15:11:33.854,164437808, 696.326800670357, 2519395, 35.9994972843419, 137181, 0, 0.0, 10, 
2019-12-04 15:11:34.878,176884040, 678.2946733059825, 2519852, 34.992097103596095, 137205, 0, 0.0, 10, 
2019-12-04 15:11:35.917,190192768, 678.2946733059825, 2520343, 34.992097103596095, 137233, 0, 0.0, 10, 
2019-12-04 15:11:36.94,203483664, 678.2946733059825, 2520844, 34.992097103596095, 137256, 0, 0.0, 10, 
2019-12-04 15:11:37.968,216598280, 678.2946733059825, 2521322, 34.992097103596095, 137281, 0, 0.0, 10, 
2019-12-04 15:11:38.996,229094960, 678.2946733059825, 2521801, 34.992097103596095, 137298, 0, 0.0, 10, 
2019-12-04 15:11:40.019,242327640, 661.2565639624296, 2522237, 34.12920866230088, 137330, 0, 0.0, 10, 
2019-12-04 15:11:41.046,253599744, 661.2565639624296, 2522717, 34.12920866230088, 137355, 0, 0.0, 10, 
2019-12-04 15:11:42.071,267545792, 661.2565639624296, 2523207, 34.12920866230088, 137379, 0, 0.0, 10, 
2019-12-04 15:11:43.094,281904992, 661.2565639624296, 2523709, 34.12920866230088, 137393, 0, 0.0, 10, 
2019-12-04 15:11:44.124,295077304, 661.2565639624296, 2524200, 34.12920866230088, 137407, 0, 0.0, 10, 
2019-12-04 15:11:45.152,308605928, 646.3163380104603, 2524692, 32.919543927511505, 137426, 0, 0.0, 10, 
2019-12-04 15:11:46.178,319991504, 646.3163380104603, 2525152, 32.919543927511505, 137444, 0, 0.0, 10, 
2019-12-04 15:11:47.201,333097200, 646.3163380104603, 2525623, 32.919543927511505, 137467, 0, 0.0, 10, 
2019-12-04 15:11:48.227,345946248, 646.3163380104603, 2526087, 32.919543927511505, 137496, 0, 0.0, 10, 
2019-12-04 15:11:49.256,359102640, 646.3163380104603, 2526580, 32.919543927511505, 137515, 0, 0.0, 10, 
2019-12-04 15:11:50.284,372680376, 631.531243960232, 2527075, 32.01448316665823, 137535, 0, 0.0, 10, 
2019-12-04 15:11:51.307,386211184, 631.531243960232, 2527571, 32.01448316665823, 137559, 0, 0.0, 10, 
2019-12-04 15:11:52.337,398195304, 631.531243960232, 2528028, 32.01448316665823, 137592, 0, 0.0, 10, 
2019-12-04 15:11:53.359,126336288, 631.531243960232, 2528510, 32.01448316665823, 137615, 0, 0.0, 10, 
2019-12-04 15:11:54.384,139156008, 631.531243960232, 2528968, 32.01448316665823, 137637, 0, 0.0, 10, 
2019-12-04 15:11:55.406,151356160, 618.3920431547001, 2529474, 31.341698239476365, 137658, 0, 0.0, 10, 
2019-12-04 15:11:56.438,165540760, 618.3920431547001, 2529961, 31.341698239476365, 137683, 0, 0.0, 10, 
2019-12-04 15:11:57.462,179555744, 618.3920431547001, 2530491, 31.341698239476365, 137704, 0, 0.0, 10, 
2019-12-04 15:11:58.487,192146408, 618.3920431547001, 2530972, 31.341698239476365, 137736, 0, 0.0, 10, 
2019-12-04 15:11:59.512,205200808, 618.3920431547001, 2531427, 31.341698239476365, 137767, 0, 0.0, 10, 
2019-12-04 15:12:00.536,217985216, 607.1509240458066, 2531916, 30.88261739571725, 137791, 0, 0.0, 10, 
2019-12-04 15:12:01.561,230428496, 607.1509240458066, 2532442, 30.88261739571725, 137819, 0, 0.0, 10, 
2019-12-04 15:12:02.584,245457256, 607.1509240458066, 2532936, 30.88261739571725, 137848, 0, 0.0, 10, 
2019-12-04 15:12:03.608,257730576, 607.1509240458066, 2533387, 30.88261739571725, 137872, 0, 0.0, 10, 
2019-12-04 15:12:04.631,269141408, 596.4248083857069, 2533838, 30.556189331998166, 137901, 0, 0.0, 10, 
2019-12-04 15:12:05.656,283255928, 596.4248083857069, 2534340, 30.556189331998166, 137929, 0, 0.0, 10, 
2019-12-04 15:12:06.68,296149464, 596.4248083857069, 2534785, 30.556189331998166, 137961, 0, 0.0, 10, 
2019-12-04 15:12:07.704,308585672, 596.4248083857069, 2535225, 30.556189331998166, 137981, 0, 0.0, 10, 
2019-12-04 15:12:08.728,321144864, 596.4248083857069, 2535669, 30.556189331998166, 138000, 0, 0.0, 10, 
2019-12-04 15:12:09.753,333285112, 584.9412027574764, 2536172, 30.095949844453813, 138029, 0, 0.0, 10, 
2019-12-04 15:12:10.78,347307184, 584.9412027574764, 2536678, 30.095949844453813, 138058, 0, 0.0, 10, 
2019-12-04 15:12:11.804,359846696, 584.9412027574764, 2537152, 30.095949844453813, 138079, 0, 0.0, 10, 
2019-12-04 15:12:12.83,374039824, 584.9412027574764, 2537642, 30.095949844453813, 138101, 0, 0.0, 10, 
2019-12-04 15:12:13.853,385882072, 584.9412027574764, 2538120, 30.095949844453813, 138139, 0, 0.0, 10, 
2019-12-04 15:12:14.877,399974256, 576.1987628858686, 2538602, 29.768455776991576, 138161, 0, 0.0, 10, 
2019-12-04 15:12:15.906,130103320, 576.1987628858686, 2539092, 29.768455776991576, 138189, 0, 0.0, 10, 
2019-12-04 15:12:16.93,141675792, 576.1987628858686, 2539593, 29.768455776991576, 138201, 0, 0.0, 10, 
2019-12-04 15:12:17.955,153421736, 576.1987628858686, 2540055, 29.768455776991576, 138233, 0, 0.0, 10, 
2019-12-04 15:12:18.978,169246328, 576.1987628858686, 2540561, 29.768455776991576, 138260, 0, 0.0, 10, 
2019-12-04 15:12:20.004,181379136, 568.2192943800595, 2541014, 29.227279933286678, 138287, 0, 0.0, 10, 
2019-12-04 15:12:21.027,193304528, 568.2192943800595, 2541501, 29.227279933286678, 138312, 0, 0.0, 10, 
2019-12-04 15:12:22.052,206142160, 568.2192943800595, 2541948, 29.227279933286678, 138341, 0, 0.0, 10, 
2019-12-04 15:12:23.075,218382888, 568.2192943800595, 2542440, 29.227279933286678, 138366, 0, 0.0, 10, 
2019-12-04 15:12:24.099,231506376, 568.2192943800595, 2542938, 29.227279933286678, 138386, 0, 0.0, 10, 
2019-12-04 15:12:25.128,244078976, 559.9823263934278, 2543429, 28.953249759991568, 138420, 0, 0.0, 10, 
2019-12-04 15:12:26.152,257408344, 559.9823263934278, 2543892, 28.953249759991568, 138441, 0, 0.0, 10, 
2019-12-04 15:12:27.177,271052984, 559.9823263934278, 2544355, 28.953249759991568, 138458, 0, 0.0, 10, 
2019-12-04 15:12:28.211,283528312, 559.9823263934278, 2544822, 28.953249759991568, 138472, 0, 0.0, 10, 
2019-12-04 15:12:29.234,296328472, 559.9823263934278, 2545303, 28.953249759991568, 138501, 0, 0.0, 10, 
2019-12-04 15:12:30.257,309855480, 551.7802964379555, 2545761, 28.365316371054654, 138528, 0, 0.0, 10, 
2019-12-04 15:12:31.284,322240456, 551.7802964379555, 2546220, 28.365316371054654, 138548, 0, 0.0, 10, 
2019-12-04 15:12:32.308,335670728, 551.7802964379555, 2546715, 28.365316371054654, 138567, 0, 0.0, 10, 
2019-12-04 15:12:33.331,348175536, 551.7802964379555, 2547199, 28.365316371054654, 138593, 0, 0.0, 10, 
2019-12-04 15:12:34.356,361571096, 551.7802964379555, 2547683, 28.365316371054654, 138614, 0, 0.0, 10, 
2019-12-04 15:12:35.379,373816744, 544.7777625693213, 2548159, 27.904347125759838, 138646, 0, 0.0, 10, 
2019-12-04 15:12:36.403,385885648, 544.7777625693213, 2548633, 27.904347125759838, 138678, 0, 0.0, 10, 
2019-12-04 15:12:37.43,399682936, 544.7777625693213, 2549113, 27.904347125759838, 138709, 0, 0.0, 10, 
2019-12-04 15:12:38.453,128206200, 544.7777625693213, 2549588, 27.904347125759838, 138736, 0, 0.0, 10, 
2019-12-04 15:12:39.484,140582832, 544.7777625693213, 2550062, 27.904347125759838, 138762, 0, 0.0, 10, 
2019-12-04 15:12:40.507,153349656, 538.4950315659732, 2550531, 27.943977341460368, 138785, 0, 0.0, 10, 
2019-12-04 15:12:41.531,166801848, 538.4950315659732, 2551014, 27.943977341460368, 138810, 0, 0.0, 10, 
2019-12-04 15:12:42.555,180873880, 538.4950315659732, 2551515, 27.943977341460368, 138845, 0, 0.0, 10, 
2019-12-04 15:12:43.58,194446464, 538.4950315659732, 2552004, 27.943977341460368, 138871, 0, 0.0, 10, 
2019-12-04 15:12:44.605,206882352, 533.4022580319121, 2552495, 27.900483314695517, 138901, 0, 0.0, 10, 
2019-12-04 15:12:45.628,218803648, 533.4022580319121, 2552962, 27.900483314695517, 138926, 0, 0.0, 10, 
2019-12-04 15:12:46.65,231976976, 533.4022580319121, 2553455, 27.900483314695517, 138954, 0, 0.0, 10, 
2019-12-04 15:12:47.68,245174072, 533.4022580319121, 2553930, 27.900483314695517, 138974, 0, 0.0, 10, 
2019-12-04 15:12:48.706,257576792, 533.4022580319121, 2554418, 27.900483314695517, 139000, 0, 0.0, 10, 
2019-12-04 15:12:49.731,272098376, 528.5407778991116, 2554910, 27.620600122188748, 139030, 0, 0.0, 10, 
2019-12-04 15:12:50.753,285027792, 528.5407778991116, 2555390, 27.620600122188748, 139052, 0, 0.0, 10, 
2019-12-04 15:12:51.787,299225744, 528.5407778991116, 2555907, 27.620600122188748, 139074, 0, 0.0, 10, 
2019-12-04 15:12:52.81,311980208, 528.5407778991116, 2556387, 27.620600122188748, 139095, 0, 0.0, 10, 
2019-12-04 15:12:53.838,324214352, 528.5407778991116, 2556855, 27.620600122188748, 139123, 0, 0.0, 10, 
2019-12-04 15:12:54.868,337821784, 524.2119203097643, 2557346, 27.2831395688036, 139144, 0, 0.0, 10, 
2019-12-04 15:12:55.891,351004296, 524.2119203097643, 2557810, 27.2831395688036, 139173, 0, 0.0, 10, 
2019-12-04 15:12:56.915,364368848, 524.2119203097643, 2558286, 27.2831395688036, 139197, 0, 0.0, 10, 
2019-12-04 15:12:57.939,376561360, 524.2119203097643, 2558768, 27.2831395688036, 139218, 0, 0.0, 10, 
2019-12-04 15:12:58.961,389400064, 524.2119203097643, 2559234, 27.2831395688036, 139249, 0, 0.0, 10, 
2019-12-04 15:12:59.985,402110456, 518.8859252287323, 2559690, 27.100589808096952, 139268, 0, 0.0, 10, 
2019-12-04 15:13:01.009,131237072, 518.8859252287323, 2560159, 27.100589808096952, 139291, 0, 0.0, 10, 
2019-12-04 15:13:02.032,145209176, 518.8859252287323, 2560638, 27.100589808096952, 139315, 0, 0.0, 10, 
2019-12-04 15:13:03.055,159666072, 518.8859252287323, 2561157, 27.100589808096952, 139336, 0, 0.0, 10, 
2019-12-04 15:13:04.079,171439680, 518.8859252287323, 2561637, 27.100589808096952, 139370, 0, 0.0, 10, 
2019-12-04 15:13:05.101,185210488, 515.2810536850903, 2562127, 26.77272474962553, 139393, 0, 0.0, 10, 
2019-12-04 15:13:06.124,197830568, 515.2810536850903, 2562605, 26.77272474962553, 139413, 0, 0.0, 10, 
2019-12-04 15:13:07.15,209554528, 515.2810536850903, 2563080, 26.77272474962553, 139439, 0, 0.0, 10, 
2019-12-04 15:13:08.173,224975584, 515.2810536850903, 2563568, 26.77272474962553, 139461, 0, 0.0, 10, 
2019-12-04 15:13:09.197,237223424, 515.2810536850903, 2564064, 26.77272474962553, 139482, 0, 0.0, 10, 
2019-12-04 15:13:10.22,249746968, 511.9804028729806, 2564560, 26.487065450900918, 139508, 0, 0.0, 10, 
2019-12-04 15:13:11.245,264140400, 511.9804028729806, 2565077, 26.487065450900918, 139535, 0, 0.0, 10, 
2019-12-04 15:13:12.267,275743320, 511.9804028729806, 2565557, 26.487065450900918, 139565, 0, 0.0, 10, 
2019-12-04 15:13:13.295,292387968, 511.9804028729806, 2566040, 26.487065450900918, 139586, 0, 0.0, 10, 
2019-12-04 15:13:14.327,306094288, 511.9804028729806, 2566538, 26.487065450900918, 139613, 0, 0.0, 10, 
2019-12-04 15:13:15.355,319020264, 509.4873555091779, 2567041, 26.368166262289627, 139640, 0, 0.0, 10, 
2019-12-04 15:13:16.382,331368704, 509.4873555091779, 2567509, 26.368166262289627, 139668, 0, 0.0, 10, 
2019-12-04 15:13:17.407,344695072, 509.4873555091779, 2567995, 26.368166262289627, 139693, 0, 0.0, 10, 
2019-12-04 15:13:18.436,358815920, 509.4873555091779, 2568508, 26.368166262289627, 139716, 0, 0.0, 10, 
2019-12-04 15:13:19.458,370636920, 509.4873555091779, 2568998, 26.368166262289627, 139735, 0, 0.0, 10, 
2019-12-04 15:13:20.483,383742984, 507.17765008963073, 2569489, 26.1468359083849, 139754, 0, 0.0, 10, 
2019-12-04 15:13:21.512,398195184, 507.17765008963073, 2569962, 26.1468359083849, 139775, 0, 0.0, 10, 
2019-12-04 15:13:22.537,126203384, 507.17765008963073, 2570438, 26.1468359083849, 139794, 0, 0.0, 10, 
2019-12-04 15:13:23.56,139028888, 507.17765008963073, 2570905, 26.1468359083849, 139822, 0, 0.0, 10, 
2019-12-04 15:13:24.585,153994312, 503.7093646847099, 2571377, 25.927211035412792, 139856, 0, 0.0, 10, 
2019-12-04 15:13:25.609,166292720, 503.7093646847099, 2571862, 25.927211035412792, 139893, 0, 0.0, 10, 
2019-12-04 15:13:26.632,178049880, 503.7093646847099, 2572330, 25.927211035412792, 139923, 0, 0.0, 10, 
2019-12-04 15:13:27.658,191322640, 503.7093646847099, 2572797, 25.927211035412792, 139946, 0, 0.0, 10, 
2019-12-04 15:13:28.682,204329168, 503.7093646847099, 2573267, 25.927211035412792, 139965, 0, 0.0, 10, 
2019-12-04 15:13:29.712,216291784, 500.19856572808936, 2573731, 25.96501315383316, 139989, 0, 0.0, 10, 
2019-12-04 15:13:30.736,228989704, 500.19856572808936, 2574210, 25.96501315383316, 140010, 0, 0.0, 10, 
2019-12-04 15:13:31.762,241738944, 500.19856572808936, 2574696, 25.96501315383316, 140031, 0, 0.0, 10, 
2019-12-04 15:13:32.787,255211664, 500.19856572808936, 2575173, 25.96501315383316, 140050, 0, 0.0, 10, 
2019-12-04 15:13:33.81,268809400, 500.19856572808936, 2575656, 25.96501315383316, 140081, 0, 0.0, 10, 
2019-12-04 15:13:34.834,282098648, 497.7840217279452, 2576144, 25.791908259783217, 140107, 0, 0.0, 10, 
2019-12-04 15:13:35.86,293464112, 497.7840217279452, 2576615, 25.791908259783217, 140134, 0, 0.0, 10, 
2019-12-04 15:13:36.883,308208256, 497.7840217279452, 2577088, 25.791908259783217, 140156, 0, 0.0, 10, 
2019-12-04 15:13:37.906,319456024, 497.7840217279452, 2577523, 25.791908259783217, 140179, 0, 0.0, 10, 
2019-12-04 15:13:38.929,332616336, 497.7840217279452, 2577997, 25.791908259783217, 140201, 0, 0.0, 10, 
2019-12-04 15:13:39.953,344546520, 494.02738676761874, 2578468, 25.488724015200347, 140230, 0, 0.0, 10, 
2019-12-04 15:13:40.977,359151872, 494.02738676761874, 2578960, 25.488724015200347, 140251, 0, 0.0, 10, 
2019-12-04 15:13:42.008,371026760, 494.02738676761874, 2579446, 25.488724015200347, 140269, 0, 0.0, 10, 
2019-12-04 15:13:43.042,384996944, 494.02738676761874, 2579951, 25.488724015200347, 140296, 0, 0.0, 10, 
2019-12-04 15:13:44.065,398603344, 494.02738676761874, 2580443, 25.488724015200347, 140326, 0, 0.0, 10, 
2019-12-04 15:13:45.088,125004816, 493.1776678376532, 2580937, 25.40167444925789, 140347, 0, 0.0, 10, 
2019-12-04 15:13:46.112,139223000, 493.1776678376532, 2581419, 25.40167444925789, 140372, 0, 0.0, 10, 
2019-12-04 15:13:47.145,151540464, 493.1776678376532, 2581912, 25.40167444925789, 140398, 0, 0.0, 10, 
2019-12-04 15:13:48.169,165586832, 493.1776678376532, 2582387, 25.40167444925789, 140421, 0, 0.0, 10, 
2019-12-04 15:13:49.193,176984688, 493.1776678376532, 2582864, 25.40167444925789, 140445, 0, 0.0, 10, 
2019-12-04 15:13:50.217,191153328, 491.59633282842685, 2583345, 25.22563827987181, 140470, 0, 0.0, 10, 
2019-12-04 15:13:51.241,204373680, 491.59633282842685, 2583816, 25.22563827987181, 140494, 0, 0.0, 10, 
2019-12-04 15:13:52.264,217439032, 491.59633282842685, 2584295, 25.22563827987181, 140515, 0, 0.0, 10, 
2019-12-04 15:13:53.29,229731464, 491.59633282842685, 2584757, 25.22563827987181, 140543, 0, 0.0, 10, 
2019-12-04 15:13:54.313,241735416, 491.59633282842685, 2585228, 25.22563827987181, 140563, 0, 0.0, 10, 
2019-12-04 15:13:55.345,246116592, 488.8461539025254, 2585318, 25.031694951307138, 140567, 0, 0.0, 10, 
2019-12-04 15:13:56.381,246895440, 488.8461539025254, 2585318, 25.031694951307138, 140567, 0, 0.0, 10, 
2019-12-04 15:13:57.406,247683168, 488.8461539025254, 2585318, 25.031694951307138, 140567, 0, 0.0, 10, 
