Timestamp, MemoryUsed, ReadLatency1, ReadCount, WriteLatency1, WriteCount, PendingTasks, WaitingOnCommit1, SRDelay, 
2019-12-04 15:05:36.456,382842264, 213.0382620398559, 2201297, 12.635426396662382, 119704, 0, 0.0, 10, 
2019-12-04 15:05:37.621,115212376, 213.0382620398559, 2201931, 12.635426396662382, 119728, 0, 0.0, 10, 
2019-12-04 15:05:38.656,129680144, 213.0382620398559, 2202527, 12.635426396662382, 119754, 0, 0.0, 10, 
2019-12-04 15:05:39.692,142640168, 240.01221728012808, 2203147, 13.65602535112433, 119781, 0, 0.0, 10, 
2019-12-04 15:05:40.734,159525240, 240.01221728012808, 2203976, 13.65602535112433, 119815, 0, 0.0, 10, 
2019-12-04 15:05:41.762,178776552, 240.01221728012808, 2204914, 13.65602535112433, 119860, 0, 0.0, 10, 
2019-12-04 15:05:42.794,195495784, 240.01221728012808, 2205869, 13.65602535112433, 119902, 0, 0.0, 10, 
2019-12-04 15:05:43.828,215585408, 240.01221728012808, 2206883, 13.65602535112433, 119949, 0, 0.0, 10, 
2019-12-04 15:05:44.86,234892664, 292.87787348743524, 2207892, 15.858319967610262, 120002, 0, 0.0, 10, 
2019-12-04 15:05:45.89,255833376, 292.87787348743524, 2208984, 15.858319967610262, 120057, 0, 0.0, 10, 
2019-12-04 15:05:46.917,274329224, 292.87787348743524, 2209981, 15.858319967610262, 120096, 0, 0.0, 10, 
2019-12-04 15:05:47.949,295216328, 292.87787348743524, 2210964, 15.858319967610262, 120160, 0, 0.0, 10, 
2019-12-04 15:05:48.978,314417296, 292.87787348743524, 2211973, 15.858319967610262, 120215, 0, 0.0, 10, 
2019-12-04 15:05:50.003,333455096, 348.0729832070777, 2212959, 18.78003138502795, 120282, 0, 0.0, 10, 
2019-12-04 15:05:51.032,353549656, 348.0729832070777, 2214003, 18.78003138502795, 120329, 0, 0.0, 10, 
2019-12-04 15:05:52.058,373127144, 348.0729832070777, 2214991, 18.78003138502795, 120386, 0, 0.0, 10, 
2019-12-04 15:05:53.084,111348600, 348.0729832070777, 2216023, 18.78003138502795, 120431, 0, 0.0, 10, 
2019-12-04 15:05:54.11,131456752, 348.0729832070777, 2217085, 18.78003138502795, 120491, 0, 0.0, 10, 
2019-12-04 15:05:55.136,150996680, 399.3506602487856, 2218072, 21.56408235822663, 120556, 0, 0.0, 10, 
2019-12-04 15:05:56.166,169909328, 399.3506602487856, 2219109, 21.56408235822663, 120611, 0, 0.0, 10, 
2019-12-04 15:05:57.192,204211224, 399.3506602487856, 2220242, 21.56408235822663, 120686, 0, 0.0, 10, 
2019-12-04 15:05:58.219,224844456, 399.3506602487856, 2221327, 21.56408235822663, 120741, 0, 0.0, 10, 
2019-12-04 15:05:59.244,248006192, 399.3506602487856, 2222476, 21.56408235822663, 120806, 0, 0.0, 10, 
2019-12-04 15:06:00.276,269840384, 452.3651583382346, 2223620, 24.733195354978555, 120856, 0, 0.0, 10, 
2019-12-04 15:06:01.301,293631312, 452.3651583382346, 2224829, 24.733195354978555, 120922, 0, 0.0, 10, 
2019-12-04 15:06:02.324,315002632, 452.3651583382346, 2226011, 24.733195354978555, 120982, 0, 0.0, 10, 
2019-12-04 15:06:03.353,337777208, 452.3651583382346, 2227260, 24.733195354978555, 121047, 0, 0.0, 10, 
2019-12-04 15:06:04.377,362042944, 452.3651583382346, 2228543, 24.733195354978555, 121113, 0, 0.0, 10, 
2019-12-04 15:06:05.402,385569576, 510.7195303272163, 2229806, 27.520991130376274, 121170, 0, 0.0, 10, 
2019-12-04 15:06:06.43,125637792, 510.7195303272163, 2231084, 27.520991130376274, 121239, 0, 0.0, 10, 
2019-12-04 15:06:07.453,149343576, 510.7195303272163, 2232323, 27.520991130376274, 121303, 0, 0.0, 10, 
2019-12-04 15:06:08.479,171136288, 510.7195303272163, 2233487, 27.520991130376274, 121371, 0, 0.0, 10, 
2019-12-04 15:06:09.51,193407960, 566.6948740864821, 2234769, 30.72553174562358, 121454, 0, 0.0, 10, 
2019-12-04 15:06:10.535,219123920, 566.6948740864821, 2236138, 30.72553174562358, 121516, 0, 0.0, 10, 
2019-12-04 15:06:11.558,244989768, 566.6948740864821, 2237516, 30.72553174562358, 121590, 0, 0.0, 10, 
2019-12-04 15:06:12.583,270031544, 566.6948740864821, 2238914, 30.72553174562358, 121665, 0, 0.0, 10, 
2019-12-04 15:06:13.607,295885864, 566.6948740864821, 2240380, 30.72553174562358, 121741, 0, 0.0, 10, 
2019-12-04 15:06:14.634,324612560, 631.4992858748313, 2241865, 33.78578925965363, 121816, 0, 0.0, 10, 
2019-12-04 15:06:15.658,351414952, 631.4992858748313, 2243328, 33.78578925965363, 121893, 0, 0.0, 10, 
2019-12-04 15:06:16.68,377416776, 631.4992858748313, 2244782, 33.78578925965363, 121968, 0, 0.0, 10, 
2019-12-04 15:06:17.703,117816432, 631.4992858748313, 2246127, 33.78578925965363, 122046, 0, 0.0, 10, 
2019-12-04 15:06:18.727,142890848, 631.4992858748313, 2247502, 33.78578925965363, 122125, 0, 0.0, 10, 
2019-12-04 15:06:19.751,166184584, 690.9463206962254, 2248820, 37.017131136691916, 122192, 0, 0.0, 10, 
2019-12-04 15:06:20.774,190359680, 690.9463206962254, 2250060, 37.017131136691916, 122258, 0, 0.0, 10, 
2019-12-04 15:06:21.797,215485752, 690.9463206962254, 2251384, 37.017131136691916, 122343, 0, 0.0, 10, 
2019-12-04 15:06:22.819,240251136, 690.9463206962254, 2252685, 37.017131136691916, 122402, 0, 0.0, 10, 
2019-12-04 15:06:23.842,264011216, 690.9463206962254, 2253987, 37.017131136691916, 122459, 0, 0.0, 10, 
2019-12-04 15:06:24.866,290172312, 738.460221483637, 2255468, 39.35046449945341, 122531, 0, 0.0, 10, 
2019-12-04 15:06:25.896,317238144, 738.460221483637, 2256954, 39.35046449945341, 122606, 0, 0.0, 10, 
2019-12-04 15:06:26.92,344633936, 738.460221483637, 2258467, 39.35046449945341, 122681, 0, 0.0, 10, 
2019-12-04 15:06:27.941,369989016, 738.460221483637, 2259908, 39.35046449945341, 122756, 0, 0.0, 10, 
2019-12-04 15:06:28.969,111928752, 738.460221483637, 2261343, 39.35046449945341, 122837, 0, 0.0, 10, 
2019-12-04 15:06:30.004,139750576, 794.1204849747262, 2262791, 42.21683509566647, 122921, 0, 0.0, 10, 
2019-12-04 15:06:31.026,167287536, 794.1204849747262, 2264231, 42.21683509566647, 123004, 0, 0.0, 10, 
2019-12-04 15:06:32.05,192611832, 794.1204849747262, 2265659, 42.21683509566647, 123092, 0, 0.0, 10, 
2019-12-04 15:06:33.073,218659152, 794.1204849747262, 2267114, 42.21683509566647, 123168, 0, 0.0, 10, 
2019-12-04 15:06:34.094,244081248, 794.1204849747262, 2268446, 42.21683509566647, 123243, 0, 0.0, 10, 
2019-12-04 15:06:35.124,269046592, 840.7409489162222, 2269802, 44.99794340663723, 123323, 0, 0.0, 10, 
2019-12-04 15:06:36.156,295283384, 840.7409489162222, 2271225, 44.99794340663723, 123392, 0, 0.0, 10, 
2019-12-04 15:06:37.187,320284616, 840.7409489162222, 2272580, 44.99794340663723, 123462, 0, 0.0, 10, 
2019-12-04 15:06:38.216,345812384, 840.7409489162222, 2274006, 44.99794340663723, 123541, 0, 0.0, 10, 
2019-12-04 15:06:39.245,371236272, 840.7409489162222, 2275422, 44.99794340663723, 123601, 0, 0.0, 10, 
2019-12-04 15:06:40.271,113313288, 881.4430633338669, 2276758, 47.06096194532688, 123677, 0, 0.0, 10, 
2019-12-04 15:06:41.298,139645168, 881.4430633338669, 2278154, 47.06096194532688, 123745, 0, 0.0, 10, 
2019-12-04 15:06:42.337,162503856, 881.4430633338669, 2279454, 47.06096194532688, 123820, 0, 0.0, 10, 
2019-12-04 15:06:43.361,188411968, 881.4430633338669, 2280860, 47.06096194532688, 123892, 0, 0.0, 10, 
2019-12-04 15:06:44.388,214689584, 916.7160244453421, 2282212, 47.06096194532688, 123971, 0, 0.0, 10, 
2019-12-04 15:06:45.413,239095176, 916.7160244453421, 2283610, 49.022995097421585, 124048, 0, 0.0, 10, 
2019-12-04 15:06:46.441,264949504, 916.7160244453421, 2284955, 49.022995097421585, 124124, 0, 0.0, 10, 
2019-12-04 15:06:47.464,291225288, 916.7160244453421, 2286390, 49.022995097421585, 124198, 0, 0.0, 10, 
2019-12-04 15:06:48.49,317051344, 916.7160244453421, 2287836, 49.022995097421585, 124289, 0, 0.0, 10, 
2019-12-04 15:06:49.515,341779368, 952.1110808450331, 2289201, 51.16396619888072, 124359, 0, 0.0, 10, 
2019-12-04 15:06:50.539,365510168, 952.1110808450331, 2290543, 51.16396619888072, 124426, 0, 0.0, 10, 
2019-12-04 15:06:51.59,392535680, 952.1110808450331, 2291911, 51.16396619888072, 124501, 0, 0.0, 10, 
2019-12-04 15:06:52.629,136541544, 952.1110808450331, 2293371, 51.16396619888072, 124576, 0, 0.0, 10, 
2019-12-04 15:06:53.656,162644488, 952.1110808450331, 2294805, 51.16396619888072, 124656, 0, 0.0, 10, 
2019-12-04 15:06:54.68,187611224, 984.4202469178726, 2296175, 52.909879063623094, 124733, 0, 0.0, 10, 
2019-12-04 15:06:55.709,211986424, 984.4202469178726, 2297572, 52.909879063623094, 124809, 0, 0.0, 10, 
2019-12-04 15:06:56.733,238128968, 984.4202469178726, 2298929, 52.909879063623094, 124875, 0, 0.0, 10, 
2019-12-04 15:06:57.764,261369920, 984.4202469178726, 2300259, 52.909879063623094, 124954, 0, 0.0, 10, 
2019-12-04 15:06:58.804,289339280, 984.4202469178726, 2301699, 52.909879063623094, 125035, 0, 0.0, 10, 
2019-12-04 15:06:59.829,314726656, 1014.0181857679268, 2303094, 54.596152028629476, 125108, 0, 0.0, 10, 
2019-12-04 15:07:00.854,339229768, 1014.0181857679268, 2304504, 54.596152028629476, 125177, 0, 0.0, 10, 
2019-12-04 15:07:01.882,366700216, 1014.0181857679268, 2305974, 54.596152028629476, 125236, 0, 0.0, 10, 
2019-12-04 15:07:02.908,392239040, 1014.0181857679268, 2307399, 54.596152028629476, 125310, 0, 0.0, 10, 
2019-12-04 15:07:03.938,133730848, 1014.0181857679268, 2308888, 54.596152028629476, 125384, 0, 0.0, 10, 
2019-12-04 15:07:04.963,159035616, 1044.2719252184709, 2310327, 55.635882305251684, 125464, 0, 0.0, 10, 
2019-12-04 15:07:05.99,187899608, 1044.2719252184709, 2311797, 55.635882305251684, 125544, 0, 0.0, 10, 
2019-12-04 15:07:07.02,213319216, 1044.2719252184709, 2313165, 55.635882305251684, 125621, 0, 0.0, 10, 
2019-12-04 15:07:08.047,237797112, 1044.2719252184709, 2314568, 55.635882305251684, 125699, 0, 0.0, 10, 
2019-12-04 15:07:09.074,263681992, 1044.2719252184709, 2316014, 55.635882305251684, 125782, 0, 0.0, 10, 
2019-12-04 15:07:10.099,290663616, 1071.6109845922965, 2317455, 57.312080607315046, 125852, 0, 0.0, 10, 
2019-12-04 15:07:11.127,315765488, 1071.6109845922965, 2318835, 57.312080607315046, 125926, 0, 0.0, 10, 
2019-12-04 15:07:12.152,343394176, 1071.6109845922965, 2320371, 57.312080607315046, 125996, 0, 0.0, 10, 
2019-12-04 15:07:13.18,369239888, 1071.6109845922965, 2321770, 57.312080607315046, 126067, 0, 0.0, 10, 
2019-12-04 15:07:14.236,392151232, 1071.6109845922965, 2323029, 57.312080607315046, 126136, 0, 0.0, 10, 
2019-12-04 15:07:15.268,134536984, 1094.0296524507273, 2324401, 58.15064834167765, 126203, 0, 0.0, 10, 
2019-12-04 15:07:16.298,160070488, 1094.0296524507273, 2325846, 58.15064834167765, 126276, 0, 0.0, 10, 
2019-12-04 15:07:17.325,186463984, 1094.0296524507273, 2327220, 58.15064834167765, 126359, 0, 0.0, 10, 
2019-12-04 15:07:18.354,212803016, 1094.0296524507273, 2328684, 58.15064834167765, 126429, 0, 0.0, 10, 
2019-12-04 15:07:19.379,235277128, 1094.0296524507273, 2329954, 58.15064834167765, 126501, 0, 0.0, 10, 
2019-12-04 15:07:20.404,261256368, 1114.39996472412, 2331254, 59.19401689222662, 126575, 0, 0.0, 10, 
2019-12-04 15:07:21.433,285398680, 1114.39996472412, 2332637, 59.19401689222662, 126655, 0, 0.0, 10, 
2019-12-04 15:07:22.462,312524360, 1114.39996472412, 2334089, 59.19401689222662, 126732, 0, 0.0, 10, 
2019-12-04 15:07:23.487,337329904, 1114.39996472412, 2335493, 59.19401689222662, 126796, 0, 0.0, 10, 
2019-12-04 15:07:24.51,362234392, 1131.4305072285779, 2336773, 60.37783793859699, 126875, 0, 0.0, 10, 
2019-12-04 15:07:25.539,391656376, 1131.4305072285779, 2338002, 60.37783793859699, 126961, 0, 0.0, 10, 
2019-12-04 15:07:26.57,141131800, 1131.4305072285779, 2339365, 60.37783793859699, 127028, 0, 0.0, 10, 
2019-12-04 15:07:27.598,174072096, 1131.4305072285779, 2340812, 60.37783793859699, 127120, 0, 0.0, 10, 
2019-12-04 15:07:28.624,205788040, 1131.4305072285779, 2342244, 60.37783793859699, 127179, 0, 0.0, 10, 
2019-12-04 15:07:29.651,238947384, 1148.7464477965475, 2343677, 61.43502364608243, 127269, 0, 0.0, 10, 
2019-12-04 15:07:30.675,271744984, 1148.7464477965475, 2345121, 61.43502364608243, 127343, 0, 0.0, 10, 
2019-12-04 15:07:31.701,304970552, 1148.7464477965475, 2346579, 61.43502364608243, 127415, 0, 0.0, 10, 
2019-12-04 15:07:32.728,337449344, 1148.7464477965475, 2348010, 61.43502364608243, 127488, 0, 0.0, 10, 
2019-12-04 15:07:33.753,370421096, 1148.7464477965475, 2349438, 61.43502364608243, 127553, 0, 0.0, 10, 
2019-12-04 15:07:34.791,119186256, 1168.8675548735846, 2350902, 62.167814695368314, 127621, 0, 0.0, 10, 
2019-12-04 15:07:35.813,150580768, 1168.8675548735846, 2352243, 62.167814695368314, 127681, 0, 0.0, 10, 
2019-12-04 15:07:36.837,182277680, 1168.8675548735846, 2353579, 62.167814695368314, 127763, 0, 0.0, 10, 
2019-12-04 15:07:37.862,213350208, 1168.8675548735846, 2354965, 62.167814695368314, 127842, 0, 0.0, 10, 
2019-12-04 15:07:38.887,246502096, 1168.8675548735846, 2356381, 62.167814695368314, 127915, 0, 0.0, 10, 
2019-12-04 15:07:39.916,277653536, 1182.2946918263963, 2357681, 62.953952826873106, 127989, 0, 0.0, 10, 
2019-12-04 15:07:40.939,308320520, 1182.2946918263963, 2359053, 62.953952826873106, 128052, 0, 0.0, 10, 
2019-12-04 15:07:41.964,340769048, 1182.2946918263963, 2360453, 62.953952826873106, 128131, 0, 0.0, 10, 
2019-12-04 15:07:42.994,373681848, 1182.2946918263963, 2361877, 62.953952826873106, 128201, 0, 0.0, 10, 
2019-12-04 15:07:44.019,121605472, 1182.2946918263963, 2363264, 62.953952826873106, 128280, 0, 0.0, 10, 
2019-12-04 15:07:45.041,155386408, 1195.4638011550744, 2364670, 63.805163760484305, 128366, 0, 0.0, 10, 
2019-12-04 15:07:46.071,186818232, 1195.4638011550744, 2366017, 63.805163760484305, 128442, 0, 0.0, 10, 
2019-12-04 15:07:47.098,216892008, 1195.4638011550744, 2367308, 63.805163760484305, 128504, 0, 0.0, 10, 
2019-12-04 15:07:48.129,246454560, 1195.4638011550744, 2368582, 63.805163760484305, 128569, 0, 0.0, 10, 
2019-12-04 15:07:49.155,277846280, 1195.4638011550744, 2369960, 63.805163760484305, 128646, 0, 0.0, 10, 
2019-12-04 15:07:50.182,312410616, 1203.6781340724788, 2371386, 64.15655546462304, 128717, 0, 0.0, 10, 
2019-12-04 15:07:51.207,344402048, 1203.6781340724788, 2372842, 64.15655546462304, 128810, 0, 0.0, 10, 
2019-12-04 15:07:52.231,376199696, 1203.6781340724788, 2374216, 64.15655546462304, 128882, 0, 0.0, 10, 
2019-12-04 15:07:53.256,126654312, 1203.6781340724788, 2375613, 64.15655546462304, 128967, 0, 0.0, 10, 
2019-12-04 15:07:54.279,157992424, 1203.6781340724788, 2377017, 64.15655546462304, 129042, 0, 0.0, 10, 
2019-12-04 15:07:55.306,189565360, 1217.7760520763638, 2378316, 65.2634161759956, 129118, 0, 0.0, 10, 
2019-12-04 15:07:56.353,221414984, 1217.7760520763638, 2379724, 65.2634161759956, 129194, 0, 0.0, 10, 
2019-12-04 15:07:57.384,253449416, 1217.7760520763638, 2381091, 65.2634161759956, 129257, 0, 0.0, 10, 
2019-12-04 15:07:58.408,288248208, 1217.7760520763638, 2382532, 65.2634161759956, 129322, 0, 0.0, 10, 
2019-12-04 15:07:59.431,318375656, 1227.4206104423201, 2383907, 65.48222133755979, 129396, 0, 0.0, 10, 
2019-12-04 15:08:00.46,351516664, 1227.4206104423201, 2385304, 65.48222133755979, 129467, 0, 0.0, 10, 
2019-12-04 15:08:01.485,384366536, 1227.4206104423201, 2386737, 65.48222133755979, 129545, 0, 0.0, 10, 
2019-12-04 15:08:02.512,131271576, 1227.4206104423201, 2388091, 65.48222133755979, 129624, 0, 0.0, 10, 
2019-12-04 15:08:03.536,163822720, 1227.4206104423201, 2389474, 65.48222133755979, 129693, 0, 0.0, 10, 
2019-12-04 15:08:04.57,195167592, 1236.7417837765604, 2390831, 65.92339856046102, 129756, 0, 0.0, 10, 
2019-12-04 15:08:05.596,228187392, 1236.7417837765604, 2392280, 65.92339856046102, 129816, 0, 0.0, 10, 
2019-12-04 15:08:06.622,259884792, 1236.7417837765604, 2393622, 65.92339856046102, 129884, 0, 0.0, 10, 
2019-12-04 15:08:07.648,291306888, 1236.7417837765604, 2394967, 65.92339856046102, 129968, 0, 0.0, 10, 
2019-12-04 15:08:08.677,324770200, 1236.7417837765604, 2396318, 65.92339856046102, 130038, 0, 0.0, 10, 
2019-12-04 15:08:09.726,355841920, 1244.8699259624443, 2397696, 66.05745220999268, 130114, 0, 0.0, 10, 
2019-12-04 15:08:10.75,386801104, 1244.8699259624443, 2399048, 66.05745220999268, 130192, 0, 0.0, 10, 
2019-12-04 15:08:11.773,135693264, 1244.8699259624443, 2400420, 66.05745220999268, 130260, 0, 0.0, 10, 
2019-12-04 15:08:12.796,165603288, 1244.8699259624443, 2401744, 66.05745220999268, 130326, 0, 0.0, 10, 
2019-12-04 15:08:13.82,197814512, 1244.8699259624443, 2403079, 66.05745220999268, 130393, 0, 0.0, 10, 
2019-12-04 15:08:14.846,229329016, 1250.1094213915007, 2404461, 66.40466316054285, 130472, 0, 0.0, 10, 
2019-12-04 15:08:15.87,262032216, 1250.1094213915007, 2405871, 66.40466316054285, 130555, 0, 0.0, 10, 
2019-12-04 15:08:16.9,296011440, 1250.1094213915007, 2407282, 66.40466316054285, 130629, 0, 0.0, 10, 
2019-12-04 15:08:17.926,327416632, 1250.1094213915007, 2408633, 66.40466316054285, 130701, 0, 0.0, 10, 
2019-12-04 15:08:18.958,357375176, 1250.1094213915007, 2409991, 66.40466316054285, 130766, 0, 0.0, 10, 
2019-12-04 15:08:19.983,390330328, 1258.6079468235314, 2411367, 66.80406824166536, 130830, 0, 0.0, 10, 
2019-12-04 15:08:21.011,138757376, 1258.6079468235314, 2412704, 66.80406824166536, 130899, 0, 0.0, 10, 
2019-12-04 15:08:22.035,170620392, 1258.6079468235314, 2414063, 66.80406824166536, 130974, 0, 0.0, 10, 
2019-12-04 15:08:23.061,203329064, 1258.6079468235314, 2415462, 66.80406824166536, 131047, 0, 0.0, 10, 
2019-12-04 15:08:24.09,234728744, 1258.6079468235314, 2416812, 66.80406824166536, 131117, 0, 0.0, 10, 
2019-12-04 15:08:25.119,265920056, 1263.7404600114016, 2418204, 67.12356530450428, 131198, 0, 0.0, 10, 
2019-12-04 15:08:26.142,299859416, 1263.7404600114016, 2419621, 67.12356530450428, 131266, 0, 0.0, 10, 
2019-12-04 15:08:27.178,332934608, 1263.7404600114016, 2421057, 67.12356530450428, 131332, 0, 0.0, 10, 
2019-12-04 15:08:28.204,364329432, 1263.7404600114016, 2422397, 67.12356530450428, 131399, 0, 0.0, 10, 
2019-12-04 15:08:29.228,398715264, 1263.7404600114016, 2423835, 67.12356530450428, 131475, 0, 0.0, 10, 
2019-12-04 15:08:30.251,147898176, 1272.2684859665571, 2425264, 67.22562338777009, 131541, 0, 0.0, 10, 
2019-12-04 15:08:31.276,180418504, 1272.2684859665571, 2426687, 67.22562338777009, 131603, 0, 0.0, 10, 
2019-12-04 15:08:32.306,213736896, 1272.2684859665571, 2428067, 67.22562338777009, 131680, 0, 0.0, 10, 
2019-12-04 15:08:33.333,247013112, 1272.2684859665571, 2429502, 67.22562338777009, 131757, 0, 0.0, 10, 
2019-12-04 15:08:34.357,279711080, 1272.2684859665571, 2430947, 67.22562338777009, 131823, 0, 0.0, 10, 
2019-12-04 15:08:35.382,313381848, 1281.4259202144908, 2432339, 67.22357465480175, 131894, 0, 0.0, 10, 
2019-12-04 15:08:36.406,343737192, 1281.4259202144908, 2433706, 67.22357465480175, 131950, 0, 0.0, 10, 
2019-12-04 15:08:37.432,376504192, 1281.4259202144908, 2435101, 67.22357465480175, 132022, 0, 0.0, 10, 
2019-12-04 15:08:38.466,126102776, 1281.4259202144908, 2436498, 67.22357465480175, 132098, 0, 0.0, 10, 
2019-12-04 15:08:39.49,158532808, 1286.9887564903675, 2437864, 67.01380520751341, 132155, 0, 0.0, 10, 
2019-12-04 15:08:40.516,189723296, 1286.9887564903675, 2439215, 67.01380520751341, 132216, 0, 0.0, 10, 
2019-12-04 15:08:41.567,221691680, 1286.9887564903675, 2440619, 67.01380520751341, 132290, 0, 0.0, 10, 
2019-12-04 15:08:42.597,255132112, 1286.9887564903675, 2442069, 67.01380520751341, 132381, 0, 0.0, 10, 
2019-12-04 15:08:43.621,289402648, 1286.9887564903675, 2443478, 67.01380520751341, 132443, 0, 0.0, 10, 
2019-12-04 15:08:44.645,318179568, 1290.3957634085525, 2444747, 67.188603691881, 132522, 0, 0.0, 10, 
2019-12-04 15:08:45.67,351044568, 1290.3957634085525, 2446183, 67.188603691881, 132599, 0, 0.0, 10, 
2019-12-04 15:08:46.693,380154680, 1290.3957634085525, 2447479, 67.188603691881, 132667, 0, 0.0, 10, 
2019-12-04 15:08:47.718,131000704, 1290.3957634085525, 2448822, 67.188603691881, 132731, 0, 0.0, 10, 
2019-12-04 15:08:48.741,163369992, 1290.3957634085525, 2450237, 67.188603691881, 132795, 0, 0.0, 10, 
2019-12-04 15:08:49.762,195405216, 1294.3938814162357, 2451595, 67.10955930499703, 132849, 0, 0.0, 10, 
2019-12-04 15:08:50.788,227131600, 1294.3938814162357, 2452997, 67.10955930499703, 132910, 0, 0.0, 10, 
2019-12-04 15:08:51.81,261083392, 1294.3938814162357, 2454435, 67.10955930499703, 132974, 0, 0.0, 10, 
2019-12-04 15:08:52.842,293364384, 1294.3938814162357, 2455804, 67.10955930499703, 133035, 0, 0.0, 10, 
2019-12-04 15:08:53.883,323823424, 1294.3938814162357, 2457171, 67.10955930499703, 133101, 0, 0.0, 10, 
2019-12-04 15:08:54.915,354757400, 1297.8804341533435, 2458501, 66.66903926563154, 133171, 0, 0.0, 10, 
2019-12-04 15:08:55.939,387274248, 1297.8804341533435, 2459907, 66.66903926563154, 133232, 0, 0.0, 10, 
2019-12-04 15:08:56.963,132177240, 1297.8804341533435, 2461090, 66.66903926563154, 133310, 0, 0.0, 10, 
2019-12-04 15:08:57.985,162507472, 1297.8804341533435, 2462416, 66.66903926563154, 133381, 0, 0.0, 10, 
2019-12-04 15:08:59.01,193467712, 1297.8804341533435, 2463749, 66.66903926563154, 133464, 0, 0.0, 10, 
2019-12-04 15:09:00.038,224337568, 1297.5221984178982, 2465087, 66.85541259562403, 133525, 0, 0.0, 10, 
2019-12-04 15:09:01.068,256528528, 1297.5221984178982, 2466452, 66.85541259562403, 133591, 0, 0.0, 10, 
2019-12-04 15:09:02.098,288352024, 1297.5221984178982, 2467760, 66.85541259562403, 133663, 0, 0.0, 10, 
2019-12-04 15:09:03.123,318322992, 1297.5221984178982, 2469057, 66.85541259562403, 133733, 0, 0.0, 10, 
2019-12-04 15:09:04.148,350985848, 1297.5221984178982, 2470474, 66.85541259562403, 133810, 0, 0.0, 10, 
2019-12-04 15:09:05.17,382423496, 1298.7597351036466, 2471859, 67.10683992229018, 133886, 0, 0.0, 10, 
2019-12-04 15:09:06.193,129650016, 1298.7597351036466, 2473198, 67.10683992229018, 133950, 0, 0.0, 10, 
2019-12-04 15:09:07.218,160258120, 1298.7597351036466, 2474470, 67.10683992229018, 134019, 0, 0.0, 10, 
2019-12-04 15:09:08.241,191645256, 1298.7597351036466, 2475835, 67.10683992229018, 134083, 0, 0.0, 10, 
2019-12-04 15:09:09.266,224225592, 1298.7597351036466, 2477196, 67.10683992229018, 134163, 0, 0.0, 10, 
2019-12-04 15:09:10.294,254886912, 1299.4665636582663, 2478492, 67.2262264103556, 134219, 0, 0.0, 10, 
2019-12-04 15:09:11.316,284140592, 1299.4665636582663, 2479795, 67.2262264103556, 134271, 0, 0.0, 10, 
2019-12-04 15:09:12.344,313430848, 1299.4665636582663, 2481029, 67.2262264103556, 134339, 0, 0.0, 10, 
2019-12-04 15:09:13.367,345159656, 1299.4665636582663, 2482366, 67.2262264103556, 134413, 0, 0.0, 10, 
2019-12-04 15:09:14.389,375684288, 1297.6542452926278, 2483741, 66.77637818428765, 134479, 0, 0.0, 10, 
2019-12-04 15:09:15.415,124585624, 1297.6542452926278, 2485091, 66.77637818428765, 134549, 0, 0.0, 10, 
2019-12-04 15:09:16.438,155297200, 1297.6542452926278, 2486405, 66.77637818428765, 134621, 0, 0.0, 10, 
2019-12-04 15:09:17.462,188990048, 1297.6542452926278, 2487802, 66.77637818428765, 134686, 0, 0.0, 10, 
2019-12-04 15:09:18.485,222565232, 1297.6542452926278, 2489269, 66.77637818428765, 134766, 0, 0.0, 10, 
2019-12-04 15:09:19.51,255375232, 1302.1434119763342, 2490667, 66.98615140235421, 134834, 0, 0.0, 10, 
2019-12-04 15:09:20.534,286890712, 1302.1434119763342, 2492039, 66.98615140235421, 134911, 0, 0.0, 10, 
2019-12-04 15:09:21.559,318742680, 1302.1434119763342, 2493433, 66.98615140235421, 134962, 0, 0.0, 10, 
2019-12-04 15:09:22.585,351079504, 1302.1434119763342, 2494806, 66.98615140235421, 135036, 0, 0.0, 10, 
2019-12-04 15:09:23.609,382559608, 1302.1434119763342, 2496168, 66.98615140235421, 135112, 0, 0.0, 10, 
2019-12-04 15:09:24.631,130046792, 1305.2182309831253, 2497564, 67.06721426045623, 135179, 0, 0.0, 10, 
2019-12-04 15:09:25.657,162516752, 1305.2182309831253, 2498907, 67.06721426045623, 135251, 0, 0.0, 10, 
2019-12-04 15:09:26.686,193047264, 1305.2182309831253, 2500252, 67.06721426045623, 135315, 0, 0.0, 10, 
2019-12-04 15:09:27.71,224250712, 1305.2182309831253, 2501641, 67.06721426045623, 135385, 0, 0.0, 10, 
2019-12-04 15:09:28.732,257760480, 1305.2182309831253, 2503041, 67.06721426045623, 135449, 0, 0.0, 10, 
2019-12-04 15:09:29.755,286114368, 1307.1037251289458, 2504313, 67.07783122199032, 135520, 0, 0.0, 10, 
2019-12-04 15:09:30.781,317316888, 1307.1037251289458, 2505629, 67.07783122199032, 135589, 0, 0.0, 10, 
2019-12-04 15:09:31.804,350591616, 1307.1037251289458, 2507049, 67.07783122199032, 135672, 0, 0.0, 10, 
2019-12-04 15:09:32.833,383171520, 1307.1037251289458, 2508442, 67.07783122199032, 135741, 0, 0.0, 10, 
2019-12-04 15:09:33.855,132571968, 1307.1037251289458, 2509837, 67.07783122199032, 135814, 0, 0.0, 10, 
2019-12-04 15:09:34.88,164376472, 1309.302205881774, 2511200, 67.29548382011387, 135881, 0, 0.0, 10, 
2019-12-04 15:09:35.901,195007880, 1309.302205881774, 2512549, 67.29548382011387, 135962, 0, 0.0, 10, 
2019-12-04 15:09:36.923,227461024, 1309.302205881774, 2513870, 67.29548382011387, 136042, 0, 0.0, 10, 
2019-12-04 15:09:37.945,257366952, 1309.302205881774, 2515149, 67.29548382011387, 136112, 0, 0.0, 10, 
2019-12-04 15:09:38.97,288094840, 1309.302205881774, 2516505, 67.29548382011387, 136167, 0, 0.0, 10, 
2019-12-04 15:09:39.993,321060376, 1309.2140783652976, 2517941, 67.43176940905045, 136241, 0, 0.0, 10, 
2019-12-04 15:09:41.017,353688408, 1309.2140783652976, 2519310, 67.43176940905045, 136317, 0, 0.0, 10, 
2019-12-04 15:09:42.038,385146320, 1309.2140783652976, 2520689, 67.43176940905045, 136397, 0, 0.0, 10, 
2019-12-04 15:09:43.062,132989760, 1309.2140783652976, 2522026, 67.43176940905045, 136444, 0, 0.0, 10, 
2019-12-04 15:09:44.085,165037384, 1309.2140783652976, 2523440, 67.43176940905045, 136528, 0, 0.0, 10, 
2019-12-04 15:09:45.11,198336944, 1313.5625365655242, 2524875, 67.73306049176152, 136596, 0, 0.0, 10, 
2019-12-04 15:09:46.134,229891040, 1313.5625365655242, 2526204, 67.73306049176152, 136663, 0, 0.0, 10, 
2019-12-04 15:09:47.156,259002616, 1313.5625365655242, 2527468, 67.73306049176152, 136728, 0, 0.0, 10, 
2019-12-04 15:09:48.183,292234992, 1313.5625365655242, 2528866, 67.73306049176152, 136810, 0, 0.0, 10, 
2019-12-04 15:09:49.209,324561064, 1313.5625365655242, 2530250, 67.73306049176152, 136863, 0, 0.0, 10, 
2019-12-04 15:09:50.236,355970984, 1314.4610345325093, 2531610, 67.57850150858579, 136936, 0, 0.0, 10, 
2019-12-04 15:09:51.261,386986400, 1314.4610345325093, 2532944, 67.57850150858579, 137020, 0, 0.0, 10, 
2019-12-04 15:09:52.284,134389528, 1314.4610345325093, 2534246, 67.57850150858579, 137089, 0, 0.0, 10, 
2019-12-04 15:09:53.308,163458280, 1314.4610345325093, 2535550, 67.57850150858579, 137153, 0, 0.0, 10, 
2019-12-04 15:09:54.333,197309240, 1314.4610345325093, 2536951, 67.57850150858579, 137223, 0, 0.0, 10, 
2019-12-04 15:09:55.364,227958768, 1313.4647052221383, 2538304, 67.74013160379275, 137294, 0, 0.0, 10, 
2019-12-04 15:09:56.386,262225848, 1313.4647052221383, 2539703, 67.74013160379275, 137386, 0, 0.0, 10, 
2019-12-04 15:09:57.413,290604056, 1313.4647052221383, 2540950, 67.74013160379275, 137453, 0, 0.0, 10, 
2019-12-04 15:09:58.436,321809184, 1313.4647052221383, 2542260, 67.74013160379275, 137523, 0, 0.0, 10, 
2019-12-04 15:09:59.481,351229016, 1310.9329351805122, 2543534, 68.1926696945325, 137600, 0, 0.0, 10, 
2019-12-04 15:10:00.506,382582776, 1310.9329351805122, 2544901, 68.1926696945325, 137667, 0, 0.0, 10, 
2019-12-04 15:10:01.531,130488304, 1310.9329351805122, 2546216, 68.1926696945325, 137756, 0, 0.0, 10, 
2019-12-04 15:10:02.557,164850584, 1310.9329351805122, 2547678, 68.1926696945325, 137841, 0, 0.0, 10, 
2019-12-04 15:10:03.582,195539360, 1310.9329351805122, 2549012, 68.1926696945325, 137912, 0, 0.0, 10, 
2019-12-04 15:10:04.605,227691104, 1312.8892136704565, 2550389, 68.84889159343665, 137994, 0, 0.0, 10, 
2019-12-04 15:10:05.627,258383704, 1312.8892136704565, 2551715, 68.84889159343665, 138064, 0, 0.0, 10, 
2019-12-04 15:10:06.649,288390648, 1312.8892136704565, 2553001, 68.84889159343665, 138123, 0, 0.0, 10, 
2019-12-04 15:10:07.672,319945320, 1312.8892136704565, 2554333, 68.84889159343665, 138193, 0, 0.0, 10, 
2019-12-04 15:10:08.695,350440992, 1312.8892136704565, 2555640, 68.84889159343665, 138263, 0, 0.0, 10, 
2019-12-04 15:10:09.72,382455872, 1311.1070665439831, 2557021, 68.60511568135168, 138330, 0, 0.0, 10, 
2019-12-04 15:10:10.743,129158096, 1311.1070665439831, 2558411, 68.60511568135168, 138413, 0, 0.0, 10, 
2019-12-04 15:10:11.768,161490056, 1311.1070665439831, 2559754, 68.60511568135168, 138473, 0, 0.0, 10, 
2019-12-04 15:10:12.792,191489624, 1311.1070665439831, 2561064, 68.60511568135168, 138531, 0, 0.0, 10, 
2019-12-04 15:10:13.816,223553568, 1311.1070665439831, 2562415, 68.60511568135168, 138609, 0, 0.0, 10, 
2019-12-04 15:10:14.848,247212368, 1310.9066125708957, 2563417, 68.28488431257193, 138644, 0, 0.0, 10, 
2019-12-04 15:10:15.877,260584328, 1310.9066125708957, 2563894, 68.28488431257193, 138669, 0, 0.0, 10, 
2019-12-04 15:10:16.904,274166904, 1310.9066125708957, 2564413, 68.28488431257193, 138689, 0, 0.0, 10, 
2019-12-04 15:10:17.934,288159856, 1310.9066125708957, 2564881, 68.28488431257193, 138714, 0, 0.0, 10, 
2019-12-04 15:10:18.959,302117168, 1310.9066125708957, 2565404, 68.28488431257193, 138739, 0, 0.0, 10, 
2019-12-04 15:10:19.983,313820736, 1246.070099681837, 2565866, 64.68009599599101, 138764, 0, 0.0, 10, 
2019-12-04 15:10:21.006,326728184, 1246.070099681837, 2566347, 64.68009599599101, 138791, 0, 0.0, 10, 
2019-12-04 15:10:22.033,340024712, 1246.070099681837, 2566826, 64.68009599599101, 138827, 0, 0.0, 10, 
2019-12-04 15:10:23.057,352518776, 1246.070099681837, 2567322, 64.68009599599101, 138844, 0, 0.0, 10, 
2019-12-04 15:10:24.082,365728856, 1246.070099681837, 2567810, 64.68009599599101, 138869, 0, 0.0, 10, 
2019-12-04 15:10:25.107,379830376, 1184.450720734098, 2568336, 61.52344181014104, 138899, 0, 0.0, 10, 
2019-12-04 15:10:26.132,393454632, 1184.450720734098, 2568827, 61.52344181014104, 138928, 0, 0.0, 10, 
2019-12-04 15:10:27.156,123278928, 1184.450720734098, 2569338, 61.52344181014104, 138954, 0, 0.0, 10, 
2019-12-04 15:10:28.182,136284504, 1184.450720734098, 2569846, 61.52344181014104, 138978, 0, 0.0, 10, 
2019-12-04 15:10:29.225,151300000, 1184.450720734098, 2570343, 61.52344181014104, 139009, 0, 0.0, 10, 
2019-12-04 15:10:30.25,164331488, 1128.7975779101218, 2570842, 58.859046513645524, 139031, 0, 0.0, 10, 
2019-12-04 15:10:31.273,178037208, 1128.7975779101218, 2571345, 58.859046513645524, 139064, 0, 0.0, 10, 
2019-12-04 15:10:32.309,190423928, 1128.7975779101218, 2571812, 58.859046513645524, 139093, 0, 0.0, 10, 
2019-12-04 15:10:33.334,204700832, 1128.7975779101218, 2572337, 58.859046513645524, 139116, 0, 0.0, 10, 
2019-12-04 15:10:34.361,216429616, 1128.7975779101218, 2572793, 58.859046513645524, 139144, 0, 0.0, 10, 
2019-12-04 15:10:35.386,230525336, 1076.714703259277, 2573276, 56.247773331998836, 139175, 0, 0.0, 10, 
2019-12-04 15:10:36.41,242171208, 1076.714703259277, 2573759, 56.247773331998836, 139198, 0, 0.0, 10, 
2019-12-04 15:10:37.438,257763152, 1076.714703259277, 2574270, 56.247773331998836, 139223, 0, 0.0, 10, 
2019-12-04 15:10:38.463,269086856, 1076.714703259277, 2574752, 56.247773331998836, 139250, 0, 0.0, 10, 
2019-12-04 15:10:39.489,283004960, 1028.7961453389282, 2575241, 53.813303792005186, 139274, 0, 0.0, 10, 
2019-12-04 15:10:40.517,296497872, 1028.7961453389282, 2575751, 53.813303792005186, 139292, 0, 0.0, 10, 
2019-12-04 15:10:41.542,309020952, 1028.7961453389282, 2576233, 53.813303792005186, 139316, 0, 0.0, 10, 
2019-12-04 15:10:42.565,322169880, 1028.7961453389282, 2576726, 53.813303792005186, 139340, 0, 0.0, 10, 
2019-12-04 15:10:43.591,335492920, 1028.7961453389282, 2577227, 53.813303792005186, 139364, 0, 0.0, 10, 
2019-12-04 15:10:44.613,348892688, 985.4125529184815, 2577721, 51.31762581596265, 139392, 0, 0.0, 10, 
2019-12-04 15:10:45.637,361831568, 985.4125529184815, 2578193, 51.31762581596265, 139414, 0, 0.0, 10, 
2019-12-04 15:10:46.659,375183376, 985.4125529184815, 2578719, 51.31762581596265, 139441, 0, 0.0, 10, 
2019-12-04 15:10:47.683,388963456, 985.4125529184815, 2579224, 51.31762581596265, 139457, 0, 0.0, 10, 
2019-12-04 15:10:48.716,402153216, 985.4125529184815, 2579731, 51.31762581596265, 139488, 0, 0.0, 10, 
2019-12-04 15:10:49.741,133857976, 945.7056055474583, 2580251, 49.03748235046544, 139507, 0, 0.0, 10, 
2019-12-04 15:10:50.765,147708760, 945.7056055474583, 2580775, 49.03748235046544, 139530, 0, 0.0, 10, 
2019-12-04 15:10:51.791,162096648, 945.7056055474583, 2581296, 49.03748235046544, 139553, 0, 0.0, 10, 
2019-12-04 15:10:52.815,173490120, 945.7056055474583, 2581767, 49.03748235046544, 139582, 0, 0.0, 10, 
2019-12-04 15:10:53.85,186207280, 945.7056055474583, 2582244, 49.03748235046544, 139608, 0, 0.0, 10, 
2019-12-04 15:10:54.874,199749928, 908.8856102894333, 2582709, 47.03559579292599, 139630, 0, 0.0, 10, 
2019-12-04 15:10:55.897,213540480, 908.8856102894333, 2583203, 47.03559579292599, 139663, 0, 0.0, 10, 
2019-12-04 15:10:56.92,233873600, 908.8856102894333, 2583698, 47.03559579292599, 139695, 0, 0.0, 10, 
2019-12-04 15:10:57.944,253247224, 908.8856102894333, 2584191, 47.03559579292599, 139721, 0, 0.0, 10, 
2019-12-04 15:10:58.978,266839392, 908.8856102894333, 2584678, 47.03559579292599, 139749, 0, 0.0, 10, 
2019-12-04 15:11:00.004,278759408, 874.4179079738661, 2585164, 45.49760247134887, 139776, 0, 0.0, 10, 
2019-12-04 15:11:01.029,293237200, 874.4179079738661, 2585649, 45.49760247134887, 139800, 0, 0.0, 10, 
2019-12-04 15:11:02.052,305933056, 874.4179079738661, 2586139, 45.49760247134887, 139835, 0, 0.0, 10, 
2019-12-04 15:11:03.081,319714856, 874.4179079738661, 2586651, 45.49760247134887, 139857, 0, 0.0, 10, 
2019-12-04 15:11:04.11,334332216, 874.4179079738661, 2587167, 45.49760247134887, 139880, 0, 0.0, 10, 
2019-12-04 15:11:05.144,345962552, 843.3137534221397, 2587646, 43.97064248657569, 139906, 0, 0.0, 10, 
2019-12-04 15:11:06.169,359250344, 843.3137534221397, 2588108, 43.97064248657569, 139929, 0, 0.0, 10, 
2019-12-04 15:11:07.193,372457728, 843.3137534221397, 2588597, 43.97064248657569, 139956, 0, 0.0, 10, 
2019-12-04 15:11:08.216,385655600, 843.3137534221397, 2589100, 43.97064248657569, 139974, 0, 0.0, 10, 
2019-12-04 15:11:09.24,399239896, 843.3137534221397, 2589599, 43.97064248657569, 139999, 0, 0.0, 10, 
2019-12-04 15:11:10.263,132525968, 813.5451893257188, 2590072, 42.21396690559167, 140019, 0, 0.0, 10, 
2019-12-04 15:11:11.289,146868256, 813.5451893257188, 2590582, 42.21396690559167, 140045, 0, 0.0, 10, 
2019-12-04 15:11:12.314,159527768, 813.5451893257188, 2591057, 42.21396690559167, 140078, 0, 0.0, 10, 
2019-12-04 15:11:13.338,171687048, 813.5451893257188, 2591502, 42.21396690559167, 140107, 0, 0.0, 10, 
2019-12-04 15:11:14.372,185834520, 813.5451893257188, 2592013, 42.21396690559167, 140126, 0, 0.0, 10, 
2019-12-04 15:11:15.394,200300856, 786.2367437826423, 2592523, 40.8695963392519, 140147, 0, 0.0, 10, 
2019-12-04 15:11:16.416,211415600, 786.2367437826423, 2592982, 40.8695963392519, 140177, 0, 0.0, 10, 
2019-12-04 15:11:17.442,224655416, 786.2367437826423, 2593475, 40.8695963392519, 140209, 0, 0.0, 10, 
2019-12-04 15:11:18.468,238443704, 786.2367437826423, 2593985, 40.8695963392519, 140229, 0, 0.0, 10, 
2019-12-04 15:11:19.494,251820240, 761.6554589690464, 2594469, 39.568751240202396, 140252, 0, 0.0, 10, 
2019-12-04 15:11:20.518,265292448, 761.6554589690464, 2594983, 39.568751240202396, 140284, 0, 0.0, 10, 
2019-12-04 15:11:21.542,278036024, 761.6554589690464, 2595466, 39.568751240202396, 140318, 0, 0.0, 10, 
2019-12-04 15:11:22.572,291422496, 761.6554589690464, 2595951, 39.568751240202396, 140340, 0, 0.0, 10, 
2019-12-04 15:11:23.597,304711944, 761.6554589690464, 2596465, 39.568751240202396, 140369, 0, 0.0, 10, 
2019-12-04 15:11:24.621,317530632, 739.2314785767745, 2596944, 38.64376496278427, 140394, 0, 0.0, 10, 
2019-12-04 15:11:25.645,331512136, 739.2314785767745, 2597435, 38.64376496278427, 140423, 0, 0.0, 10, 
2019-12-04 15:11:26.674,343798464, 739.2314785767745, 2597918, 38.64376496278427, 140449, 0, 0.0, 10, 
2019-12-04 15:11:27.702,358853912, 739.2314785767745, 2598418, 38.64376496278427, 140473, 0, 0.0, 10, 
2019-12-04 15:11:28.728,370354664, 739.2314785767745, 2598906, 38.64376496278427, 140501, 0, 0.0, 10, 
2019-12-04 15:11:29.752,383959864, 718.1526693850315, 2599374, 37.53687863145079, 140522, 0, 0.0, 10, 
2019-12-04 15:11:30.777,396874848, 718.1526693850315, 2599871, 37.53687863145079, 140545, 0, 0.0, 10, 
2019-12-04 15:11:31.8,124001136, 718.1526693850315, 2600352, 37.53687863145079, 140572, 0, 0.0, 10, 
2019-12-04 15:11:32.825,140032856, 718.1526693850315, 2600847, 37.53687863145079, 140599, 0, 0.0, 10, 
2019-12-04 15:11:33.848,153250248, 718.1526693850315, 2601361, 37.53687863145079, 140621, 0, 0.0, 10, 
2019-12-04 15:11:34.873,166874792, 699.3828822870223, 2601861, 36.50250292760374, 140659, 0, 0.0, 10, 
2019-12-04 15:11:35.91,178922704, 699.3828822870223, 2602359, 36.50250292760374, 140680, 0, 0.0, 10, 
2019-12-04 15:11:36.935,192226704, 699.3828822870223, 2602811, 36.50250292760374, 140713, 0, 0.0, 10, 
2019-12-04 15:11:37.962,205999152, 699.3828822870223, 2603315, 36.50250292760374, 140729, 0, 0.0, 10, 
2019-12-04 15:11:38.985,220561840, 699.3828822870223, 2603845, 36.50250292760374, 140755, 0, 0.0, 10, 
2019-12-04 15:11:40.014,235055136, 682.5136224305709, 2604374, 35.58281357279926, 140777, 0, 0.0, 10, 
2019-12-04 15:11:41.036,247046968, 682.5136224305709, 2604856, 35.58281357279926, 140803, 0, 0.0, 10, 
2019-12-04 15:11:42.065,261519320, 682.5136224305709, 2605370, 35.58281357279926, 140820, 0, 0.0, 10, 
2019-12-04 15:11:43.088,273345920, 682.5136224305709, 2605849, 35.58281357279926, 140841, 0, 0.0, 10, 
2019-12-04 15:11:44.118,286779896, 682.5136224305709, 2606323, 35.58281357279926, 140875, 0, 0.0, 10, 
2019-12-04 15:11:45.145,300803976, 666.2095893840794, 2606836, 34.704676284569075, 140903, 0, 0.0, 10, 
2019-12-04 15:11:46.172,314127216, 666.2095893840794, 2607345, 34.704676284569075, 140932, 0, 0.0, 10, 
2019-12-04 15:11:47.196,327245192, 666.2095893840794, 2607834, 34.704676284569075, 140956, 0, 0.0, 10, 
2019-12-04 15:11:48.221,341354584, 666.2095893840794, 2608357, 34.704676284569075, 140992, 0, 0.0, 10, 
2019-12-04 15:11:49.246,355091824, 666.2095893840794, 2608855, 34.704676284569075, 141019, 0, 0.0, 10, 
2019-12-04 15:11:50.279,366577528, 652.3765063901349, 2609338, 34.12062661629306, 141049, 0, 0.0, 10, 
2019-12-04 15:11:51.302,381035584, 652.3765063901349, 2609833, 34.12062661629306, 141067, 0, 0.0, 10, 
2019-12-04 15:11:52.332,394503776, 652.3765063901349, 2610344, 34.12062661629306, 141098, 0, 0.0, 10, 
2019-12-04 15:11:53.354,123922792, 652.3765063901349, 2610842, 34.12062661629306, 141122, 0, 0.0, 10, 
2019-12-04 15:11:54.378,137963888, 652.3765063901349, 2611307, 34.12062661629306, 141155, 0, 0.0, 10, 
2019-12-04 15:11:55.401,151191008, 638.4661129809664, 2611784, 33.503319395758915, 141180, 0, 0.0, 10, 
2019-12-04 15:11:56.432,165212816, 638.4661129809664, 2612301, 33.503319395758915, 141198, 0, 0.0, 10, 
2019-12-04 15:11:57.456,177629128, 638.4661129809664, 2612785, 33.503319395758915, 141223, 0, 0.0, 10, 
2019-12-04 15:11:58.48,192904080, 638.4661129809664, 2613297, 33.503319395758915, 141257, 0, 0.0, 10, 
2019-12-04 15:11:59.507,204102200, 626.1796489659367, 2613797, 32.75946704758064, 141279, 0, 0.0, 10, 
2019-12-04 15:12:00.531,218587408, 626.1796489659367, 2614287, 32.75946704758064, 141296, 0, 0.0, 10, 
2019-12-04 15:12:01.555,231173896, 626.1796489659367, 2614779, 32.75946704758064, 141332, 0, 0.0, 10, 
2019-12-04 15:12:02.577,243307736, 626.1796489659367, 2615262, 32.75946704758064, 141353, 0, 0.0, 10, 
2019-12-04 15:12:03.601,257303896, 626.1796489659367, 2615744, 32.75946704758064, 141385, 0, 0.0, 10, 
2019-12-04 15:12:04.625,270392384, 614.235911690399, 2616246, 32.107072083478585, 141403, 0, 0.0, 10, 
2019-12-04 15:12:05.651,283632432, 614.235911690399, 2616712, 32.107072083478585, 141438, 0, 0.0, 10, 
2019-12-04 15:12:06.674,296871224, 614.235911690399, 2617229, 32.107072083478585, 141468, 0, 0.0, 10, 
2019-12-04 15:12:07.698,310126784, 614.235911690399, 2617734, 32.107072083478585, 141487, 0, 0.0, 10, 
2019-12-04 15:12:08.724,325021664, 614.235911690399, 2618247, 32.107072083478585, 141512, 0, 0.0, 10, 
2019-12-04 15:12:09.748,337747008, 604.2385921788369, 2618739, 31.586795325994864, 141537, 0, 0.0, 10, 
2019-12-04 15:12:10.774,351204640, 604.2385921788369, 2619209, 31.586795325994864, 141565, 0, 0.0, 10, 
2019-12-04 15:12:11.799,363997160, 604.2385921788369, 2619737, 31.586795325994864, 141586, 0, 0.0, 10, 
2019-12-04 15:12:12.824,378614992, 604.2385921788369, 2620255, 31.586795325994864, 141603, 0, 0.0, 10, 
2019-12-04 15:12:13.848,390318624, 604.2385921788369, 2620732, 31.586795325994864, 141629, 0, 0.0, 10, 
2019-12-04 15:12:14.872,125881744, 595.2325076058492, 2621263, 30.932215313395023, 141656, 0, 0.0, 10, 
2019-12-04 15:12:15.895,138859792, 595.2325076058492, 2621755, 30.932215313395023, 141674, 0, 0.0, 10, 
2019-12-04 15:12:16.925,152700208, 595.2325076058492, 2622250, 30.932215313395023, 141690, 0, 0.0, 10, 
2019-12-04 15:12:17.949,165420328, 595.2325076058492, 2622737, 30.932215313395023, 141718, 0, 0.0, 10, 
2019-12-04 15:12:18.973,177658944, 595.2325076058492, 2623206, 30.932215313395023, 141748, 0, 0.0, 10, 
2019-12-04 15:12:19.998,191850864, 585.7471760162322, 2623720, 30.345963745948687, 141787, 0, 0.0, 10, 
2019-12-04 15:12:21.022,204923816, 585.7471760162322, 2624211, 30.345963745948687, 141804, 0, 0.0, 10, 
2019-12-04 15:12:22.047,218175232, 585.7471760162322, 2624711, 30.345963745948687, 141823, 0, 0.0, 10, 
2019-12-04 15:12:23.07,230808120, 585.7471760162322, 2625203, 30.345963745948687, 141856, 0, 0.0, 10, 
2019-12-04 15:12:24.095,244716704, 585.7471760162322, 2625691, 30.345963745948687, 141888, 0, 0.0, 10, 
2019-12-04 15:12:25.117,258122352, 577.5159742955963, 2626143, 30.01447078771576, 141912, 0, 0.0, 10, 
2019-12-04 15:12:26.147,270994768, 577.5159742955963, 2626615, 30.01447078771576, 141943, 0, 0.0, 10, 
2019-12-04 15:12:27.171,283999080, 577.5159742955963, 2627128, 30.01447078771576, 141971, 0, 0.0, 10, 
2019-12-04 15:12:28.196,297804008, 577.5159742955963, 2627642, 30.01447078771576, 141998, 0, 0.0, 10, 
2019-12-04 15:12:29.229,309264656, 577.5159742955963, 2628119, 30.01447078771576, 142027, 0, 0.0, 10, 
2019-12-04 15:12:30.252,323161400, 569.239293975576, 2628617, 29.80542924544941, 142062, 0, 0.0, 10, 
2019-12-04 15:12:31.276,337367320, 569.239293975576, 2629116, 29.80542924544941, 142096, 0, 0.0, 10, 
2019-12-04 15:12:32.303,350485920, 569.239293975576, 2629621, 29.80542924544941, 142124, 0, 0.0, 10, 
2019-12-04 15:12:33.326,364347600, 569.239293975576, 2630128, 29.80542924544941, 142150, 0, 0.0, 10, 
2019-12-04 15:12:34.35,378560416, 569.239293975576, 2630620, 29.80542924544941, 142167, 0, 0.0, 10, 
2019-12-04 15:12:35.374,391060488, 562.9356520755479, 2631143, 29.613101742061758, 142187, 0, 0.0, 10, 
2019-12-04 15:12:36.397,405433040, 562.9356520755479, 2631656, 29.613101742061758, 142216, 0, 0.0, 10, 
2019-12-04 15:12:37.424,133882096, 562.9356520755479, 2632146, 29.613101742061758, 142236, 0, 0.0, 10, 
2019-12-04 15:12:38.448,147689192, 562.9356520755479, 2632630, 29.613101742061758, 142265, 0, 0.0, 10, 
2019-12-04 15:12:39.478,160864688, 557.0880482023814, 2633139, 29.148311789455914, 142288, 0, 0.0, 10, 
2019-12-04 15:12:40.502,173880776, 557.0880482023814, 2633670, 29.148311789455914, 142317, 0, 0.0, 10, 
2019-12-04 15:12:41.526,187365032, 557.0880482023814, 2634164, 29.148311789455914, 142348, 0, 0.0, 10, 
2019-12-04 15:12:42.549,200542712, 557.0880482023814, 2634665, 29.148311789455914, 142375, 0, 0.0, 10, 
2019-12-04 15:12:43.574,214117400, 557.0880482023814, 2635121, 29.148311789455914, 142394, 0, 0.0, 10, 
2019-12-04 15:12:44.6,225630576, 551.2282594076855, 2635593, 28.816631092029887, 142418, 0, 0.0, 10, 
2019-12-04 15:12:45.623,239841520, 551.2282594076855, 2636074, 28.816631092029887, 142438, 0, 0.0, 10, 
2019-12-04 15:12:46.645,252920888, 551.2282594076855, 2636579, 28.816631092029887, 142465, 0, 0.0, 10, 
2019-12-04 15:12:47.674,265605512, 551.2282594076855, 2637093, 28.816631092029887, 142501, 0, 0.0, 10, 
2019-12-04 15:12:48.7,281002608, 551.2282594076855, 2637593, 28.816631092029887, 142525, 0, 0.0, 10, 
2019-12-04 15:12:49.724,293990512, 545.9969046269596, 2638103, 28.575434587219252, 142549, 0, 0.0, 10, 
2019-12-04 15:12:50.748,307310848, 545.9969046269596, 2638588, 28.575434587219252, 142571, 0, 0.0, 10, 
2019-12-04 15:12:51.781,320264400, 545.9969046269596, 2639085, 28.575434587219252, 142597, 0, 0.0, 10, 
2019-12-04 15:12:52.804,333475968, 545.9969046269596, 2639558, 28.575434587219252, 142620, 0, 0.0, 10, 
2019-12-04 15:12:53.83,344851432, 545.9969046269596, 2640021, 28.575434587219252, 142644, 0, 0.0, 10, 
2019-12-04 15:12:54.863,358131184, 539.9045365140773, 2640521, 28.081674099879812, 142664, 0, 0.0, 10, 
2019-12-04 15:12:55.887,372379112, 539.9045365140773, 2641035, 28.081674099879812, 142694, 0, 0.0, 10, 
2019-12-04 15:12:56.909,386505312, 539.9045365140773, 2641551, 28.081674099879812, 142718, 0, 0.0, 10, 
2019-12-04 15:12:57.933,401268448, 539.9045365140773, 2642064, 28.081674099879812, 142746, 0, 0.0, 10, 
2019-12-04 15:12:58.956,129146064, 539.9045365140773, 2642540, 28.081674099879812, 142765, 0, 0.0, 10, 
2019-12-04 15:12:59.98,140578072, 535.8664167332196, 2643026, 27.83527704330227, 142790, 0, 0.0, 10, 
2019-12-04 15:13:01.003,154639336, 535.8664167332196, 2643514, 27.83527704330227, 142814, 0, 0.0, 10, 
2019-12-04 15:13:02.027,168340832, 535.8664167332196, 2643999, 27.83527704330227, 142840, 0, 0.0, 10, 
2019-12-04 15:13:03.051,180352496, 535.8664167332196, 2644480, 27.83527704330227, 142861, 0, 0.0, 10, 
2019-12-04 15:13:04.073,195217376, 535.8664167332196, 2644969, 27.83527704330227, 142880, 0, 0.0, 10, 
2019-12-04 15:13:05.096,207521792, 531.0637712221961, 2645455, 27.400696285653236, 142905, 0, 0.0, 10, 
2019-12-04 15:13:06.119,221037240, 531.0637712221961, 2645954, 27.400696285653236, 142927, 0, 0.0, 10, 
2019-12-04 15:13:07.144,233537128, 531.0637712221961, 2646440, 27.400696285653236, 142952, 0, 0.0, 10, 
2019-12-04 15:13:08.167,246865464, 531.0637712221961, 2646942, 27.400696285653236, 142971, 0, 0.0, 10, 
2019-12-04 15:13:09.191,260269256, 531.0637712221961, 2647411, 27.400696285653236, 142994, 0, 0.0, 10, 
2019-12-04 15:13:10.215,273315896, 526.8050352150756, 2647901, 26.952889335650458, 143026, 0, 0.0, 10, 
2019-12-04 15:13:11.239,286217728, 526.8050352150756, 2648375, 26.952889335650458, 143054, 0, 0.0, 10, 
2019-12-04 15:13:12.262,299701104, 526.8050352150756, 2648849, 26.952889335650458, 143081, 0, 0.0, 10, 
2019-12-04 15:13:13.288,312347592, 526.8050352150756, 2649344, 26.952889335650458, 143109, 0, 0.0, 10, 
2019-12-04 15:13:14.321,324610056, 526.8050352150756, 2649831, 26.952889335650458, 143135, 0, 0.0, 10, 
2019-12-04 15:13:15.349,337159944, 522.3910843090454, 2650303, 27.004629447618136, 143162, 0, 0.0, 10, 
2019-12-04 15:13:16.376,352108456, 522.3910843090454, 2650827, 27.004629447618136, 143191, 0, 0.0, 10, 
2019-12-04 15:13:17.401,366555720, 522.3910843090454, 2651370, 27.004629447618136, 143229, 0, 0.0, 10, 
2019-12-04 15:13:18.426,379466808, 522.3910843090454, 2651845, 27.004629447618136, 143262, 0, 0.0, 10, 
2019-12-04 15:13:19.453,394228536, 520.0570940755109, 2652367, 27.340072755980724, 143292, 0, 0.0, 10, 
2019-12-04 15:13:20.476,123990320, 520.0570940755109, 2652870, 27.340072755980724, 143309, 0, 0.0, 10, 
2019-12-04 15:13:21.501,136606928, 520.0570940755109, 2653376, 27.340072755980724, 143337, 0, 0.0, 10, 
2019-12-04 15:13:22.53,151322408, 520.0570940755109, 2653872, 27.340072755980724, 143356, 0, 0.0, 10, 
2019-12-04 15:13:23.555,163269352, 520.0570940755109, 2654368, 27.340072755980724, 143381, 0, 0.0, 10, 
2019-12-04 15:13:24.579,178246288, 517.5739059387912, 2654866, 26.849139644557745, 143404, 0, 0.0, 10, 
2019-12-04 15:13:25.603,190380056, 517.5739059387912, 2655360, 26.849139644557745, 143431, 0, 0.0, 10, 
2019-12-04 15:13:26.627,203682016, 517.5739059387912, 2655855, 26.849139644557745, 143449, 0, 0.0, 10, 
2019-12-04 15:13:27.651,216000408, 517.5739059387912, 2656335, 26.849139644557745, 143481, 0, 0.0, 10, 
2019-12-04 15:13:28.676,228265736, 517.5739059387912, 2656808, 26.849139644557745, 143510, 0, 0.0, 10, 
2019-12-04 15:13:29.706,241928832, 513.450284099603, 2657255, 26.86120177258636, 143544, 0, 0.0, 10, 
2019-12-04 15:13:30.731,254756480, 513.450284099603, 2657749, 26.86120177258636, 143572, 0, 0.0, 10, 
2019-12-04 15:13:31.755,267097232, 513.450284099603, 2658215, 26.86120177258636, 143583, 0, 0.0, 10, 
2019-12-04 15:13:32.781,280706608, 513.450284099603, 2658719, 26.86120177258636, 143610, 0, 0.0, 10, 
2019-12-04 15:13:33.805,295046680, 513.450284099603, 2659225, 26.86120177258636, 143632, 0, 0.0, 10, 
2019-12-04 15:13:34.829,306384512, 510.26403130723145, 2659688, 26.520494890476648, 143658, 0, 0.0, 10, 
2019-12-04 15:13:35.854,321169848, 510.26403130723145, 2660186, 26.520494890476648, 143680, 0, 0.0, 10, 
2019-12-04 15:13:36.877,334317760, 510.26403130723145, 2660681, 26.520494890476648, 143715, 0, 0.0, 10, 
2019-12-04 15:13:37.9,347265056, 510.26403130723145, 2661168, 26.520494890476648, 143744, 0, 0.0, 10, 
2019-12-04 15:13:38.923,362701032, 510.26403130723145, 2661659, 26.520494890476648, 143776, 0, 0.0, 10, 
2019-12-04 15:13:39.947,373944096, 508.3399775976834, 2662151, 26.670771821715764, 143802, 0, 0.0, 10, 
2019-12-04 15:13:40.971,388626096, 508.3399775976834, 2662649, 26.670771821715764, 143833, 0, 0.0, 10, 
2019-12-04 15:13:42.002,401374008, 508.3399775976834, 2663140, 26.670771821715764, 143865, 0, 0.0, 10, 
2019-12-04 15:13:43.035,132818112, 508.3399775976834, 2663617, 26.670771821715764, 143900, 0, 0.0, 10, 
2019-12-04 15:13:44.059,145059512, 508.3399775976834, 2664135, 26.670771821715764, 143920, 0, 0.0, 10, 
2019-12-04 15:13:45.083,159603112, 505.91412692872746, 2664614, 26.825024390024083, 143951, 0, 0.0, 10, 
2019-12-04 15:13:46.107,172720760, 505.91412692872746, 2665106, 26.825024390024083, 143967, 0, 0.0, 10, 
2019-12-04 15:13:47.14,187282208, 505.91412692872746, 2665629, 26.825024390024083, 143996, 0, 0.0, 10, 
2019-12-04 15:13:48.163,199496000, 505.91412692872746, 2666148, 26.825024390024083, 144017, 0, 0.0, 10, 
2019-12-04 15:13:49.187,215114712, 505.91412692872746, 2666680, 26.825024390024083, 144038, 0, 0.0, 10, 
2019-12-04 15:13:50.211,227707336, 505.16941045792424, 2667176, 26.535183442936727, 144072, 0, 0.0, 10, 
2019-12-04 15:13:51.234,241316272, 505.16941045792424, 2667670, 26.535183442936727, 144095, 0, 0.0, 10, 
2019-12-04 15:13:52.259,254032240, 505.16941045792424, 2668177, 26.535183442936727, 144134, 0, 0.0, 10, 
2019-12-04 15:13:53.283,268032280, 505.16941045792424, 2668675, 26.535183442936727, 144154, 0, 0.0, 10, 
2019-12-04 15:13:54.307,281893712, 505.16941045792424, 2669213, 26.535183442936727, 144182, 0, 0.0, 10, 
2019-12-04 15:13:55.338,285963984, 504.3723004089604, 2669299, 26.572348122846705, 144184, 0, 0.0, 10, 
2019-12-04 15:13:56.371,286791496, 504.3723004089604, 2669299, 26.572348122846705, 144184, 0, 0.0, 10, 
2019-12-04 15:13:57.4,288090704, 504.3723004089604, 2669299, 26.572348122846705, 144184, 0, 0.0, 10, 
