Timestamp, MemoryUsed, ReadLatency1, ReadCount, WriteLatency1, WriteCount, PendingTasks, WaitingOnCommit1, SRDelay, 
2019-12-04 15:04:50.729,369988232, 81.67408719182441, 2187881, 5.895865437169618, 118950, 0, 0.0, 10, 
2019-12-04 15:04:51.805,371155280, 81.67408719182441, 2187881, 5.895865437169618, 118950, 0, 0.0, 10, 
2019-12-04 15:04:52.854,372081288, 81.67408719182441, 2187881, 5.895865437169618, 118950, 0, 0.0, 10, 
2019-12-04 15:04:53.902,373003768, 81.67408719182441, 2187881, 5.895865437169618, 118950, 0, 0.0, 10, 
2019-12-04 15:04:54.949,373932280, 75.1437877407864, 2187881, 5.424458064873981, 118950, 0, 0.0, 10, 
2019-12-04 15:04:55.984,374848064, 75.1437877407864, 2187881, 5.424458064873981, 118950, 0, 0.0, 10, 
2019-12-04 15:04:57.035,375983080, 75.1437877407864, 2187881, 5.424458064873981, 118950, 0, 0.0, 10, 
2019-12-04 15:04:58.088,376963096, 75.1437877407864, 2187881, 5.424458064873981, 118950, 0, 0.0, 10, 
2019-12-04 15:04:59.118,377917976, 75.1437877407864, 2187881, 5.424458064873981, 118950, 0, 0.0, 10, 
2019-12-04 15:05:00.157,378561112, 69.13562220500194, 2187881, 4.990742344978294, 118950, 0, 0.0, 10, 
2019-12-04 15:05:01.21,379496592, 69.13562220500194, 2187881, 4.990742344978294, 118950, 0, 0.0, 10, 
2019-12-04 15:05:02.244,380670088, 69.13562220500194, 2187881, 4.990742344978294, 118950, 0, 0.0, 10, 
2019-12-04 15:05:03.282,381827832, 69.13562220500194, 2187881, 4.990742344978294, 118950, 0, 0.0, 10, 
2019-12-04 15:05:04.323,382748064, 69.13562220500194, 2187881, 4.990742344978294, 118950, 0, 0.0, 10, 
2019-12-04 15:05:05.354,383669344, 63.60784306163505, 2187881, 4.59170461935133, 118950, 0, 0.0, 10, 
2019-12-04 15:05:06.396,384852224, 63.60784306163505, 2187881, 4.59170461935133, 118950, 0, 0.0, 10, 
2019-12-04 15:05:07.434,385788088, 63.60784306163505, 2187881, 4.59170461935133, 118950, 0, 0.0, 10, 
2019-12-04 15:05:08.482,386721632, 63.60784306163505, 2187881, 4.59170461935133, 118950, 0, 0.0, 10, 
2019-12-04 15:05:09.53,387634064, 58.52204073547588, 2187881, 4.224572188661854, 118950, 0, 0.0, 10, 
2019-12-04 15:05:10.563,388562920, 58.52204073547588, 2187881, 4.224572188661854, 118950, 0, 0.0, 10, 
2019-12-04 15:05:11.607,389736624, 58.52204073547588, 2187881, 4.224572188661854, 118950, 0, 0.0, 10, 
2019-12-04 15:05:12.642,390651680, 58.52204073547588, 2187881, 4.224572188661854, 118950, 0, 0.0, 10, 
2019-12-04 15:05:13.685,391671464, 58.52204073547588, 2187881, 4.224572188661854, 118950, 0, 0.0, 10, 
2019-12-04 15:05:14.763,107815728, 55.42599730172372, 2188053, 4.046705217118069, 118963, 0, 0.0, 10, 
2019-12-04 15:05:15.812,116877704, 55.42599730172372, 2188359, 4.046705217118069, 118981, 0, 0.0, 10, 
2019-12-04 15:05:16.838,128079440, 55.42599730172372, 2188830, 4.046705217118069, 119011, 0, 0.0, 10, 
2019-12-04 15:05:17.864,139941400, 55.42599730172372, 2189494, 4.046705217118069, 119048, 0, 0.0, 10, 
2019-12-04 15:05:18.888,155335808, 55.42599730172372, 2190233, 4.046705217118069, 119091, 0, 0.0, 10, 
2019-12-04 15:05:19.914,170482736, 92.31542576227658, 2190974, 6.025869391336311, 119121, 0, 0.0, 10, 
2019-12-04 15:05:20.946,183833560, 92.31542576227658, 2191702, 6.025869391336311, 119165, 0, 0.0, 10, 
2019-12-04 15:05:21.97,200664912, 92.31542576227658, 2192435, 6.025869391336311, 119215, 0, 0.0, 10, 
2019-12-04 15:05:22.996,215440600, 92.31542576227658, 2193252, 6.025869391336311, 119262, 0, 0.0, 10, 
2019-12-04 15:05:24.029,231872032, 92.31542576227658, 2194102, 6.025869391336311, 119305, 0, 0.0, 10, 
2019-12-04 15:05:25.054,245406696, 146.2442347189454, 2194807, 8.982157647723872, 119341, 0, 0.0, 10, 
2019-12-04 15:05:26.081,258393984, 146.2442347189454, 2195377, 8.982157647723872, 119379, 0, 0.0, 10, 
2019-12-04 15:05:27.105,269411656, 146.2442347189454, 2195934, 8.982157647723872, 119408, 0, 0.0, 10, 
2019-12-04 15:05:28.13,281206160, 146.2442347189454, 2196507, 8.982157647723872, 119445, 0, 0.0, 10, 
2019-12-04 15:05:29.16,293049928, 146.2442347189454, 2197049, 8.982157647723872, 119472, 0, 0.0, 10, 
2019-12-04 15:05:30.193,305973416, 178.7666300348897, 2197658, 10.726616004525253, 119495, 0, 0.0, 10, 
2019-12-04 15:05:31.224,317694824, 178.7666300348897, 2198252, 10.726616004525253, 119537, 0, 0.0, 10, 
2019-12-04 15:05:32.248,330560680, 178.7666300348897, 2198865, 10.726616004525253, 119571, 0, 0.0, 10, 
2019-12-04 15:05:33.276,343963632, 178.7666300348897, 2199532, 10.726616004525253, 119606, 0, 0.0, 10, 
2019-12-04 15:05:34.3,356154192, 178.7666300348897, 2200153, 10.726616004525253, 119644, 0, 0.0, 10, 
2019-12-04 15:05:35.327,369441584, 213.0382620398559, 2200688, 12.635426396662382, 119672, 0, 0.0, 10, 
2019-12-04 15:05:36.356,381087704, 213.0382620398559, 2201247, 12.635426396662382, 119700, 0, 0.0, 10, 
2019-12-04 15:05:37.381,110360672, 213.0382620398559, 2201799, 12.635426396662382, 119724, 0, 0.0, 10, 
2019-12-04 15:05:38.405,125021400, 213.0382620398559, 2202372, 12.635426396662382, 119747, 0, 0.0, 10, 
2019-12-04 15:05:39.432,138600192, 240.01221728012808, 2202972, 13.65602535112433, 119773, 0, 0.0, 10, 
2019-12-04 15:05:40.461,154267048, 240.01221728012808, 2203736, 13.65602535112433, 119805, 0, 0.0, 10, 
2019-12-04 15:05:41.485,172600680, 240.01221728012808, 2204654, 13.65602535112433, 119848, 0, 0.0, 10, 
2019-12-04 15:05:42.509,191185376, 240.01221728012808, 2205602, 13.65602535112433, 119891, 0, 0.0, 10, 
2019-12-04 15:05:43.535,209544528, 240.01221728012808, 2206619, 13.65602535112433, 119932, 0, 0.0, 10, 
2019-12-04 15:05:44.562,230320552, 292.87787348743524, 2207616, 15.858319967610262, 119983, 0, 0.0, 10, 
2019-12-04 15:05:45.59,250010592, 292.87787348743524, 2208687, 15.858319967610262, 120047, 0, 0.0, 10, 
2019-12-04 15:05:46.614,269171768, 292.87787348743524, 2209670, 15.858319967610262, 120083, 0, 0.0, 10, 
2019-12-04 15:05:47.639,289224544, 292.87787348743524, 2210673, 15.858319967610262, 120145, 0, 0.0, 10, 
2019-12-04 15:05:48.663,308136232, 292.87787348743524, 2211674, 15.858319967610262, 120196, 0, 0.0, 10, 
2019-12-04 15:05:49.693,327844848, 348.0729832070777, 2212667, 18.78003138502795, 120262, 0, 0.0, 10, 
2019-12-04 15:05:50.718,347083488, 348.0729832070777, 2213665, 18.78003138502795, 120314, 0, 0.0, 10, 
2019-12-04 15:05:51.744,366070728, 348.0729832070777, 2214684, 18.78003138502795, 120372, 0, 0.0, 10, 
2019-12-04 15:05:52.768,385071688, 348.0729832070777, 2215705, 18.78003138502795, 120412, 0, 0.0, 10, 
2019-12-04 15:05:53.792,125452320, 348.0729832070777, 2216744, 18.78003138502795, 120473, 0, 0.0, 10, 
2019-12-04 15:05:54.819,145036936, 399.3506602487856, 2217739, 21.56408235822663, 120537, 0, 0.0, 10, 
2019-12-04 15:05:55.843,163894208, 399.3506602487856, 2218791, 21.56408235822663, 120594, 0, 0.0, 10, 
2019-12-04 15:05:56.875,199346840, 399.3506602487856, 2219940, 21.56408235822663, 120669, 0, 0.0, 10, 
2019-12-04 15:05:57.904,218075408, 399.3506602487856, 2221001, 21.56408235822663, 120724, 0, 0.0, 10, 
2019-12-04 15:05:58.927,241557568, 399.3506602487856, 2222104, 21.56408235822663, 120790, 0, 0.0, 10, 
2019-12-04 15:05:59.953,263101536, 452.3651583382346, 2223265, 24.733195354978555, 120842, 0, 0.0, 10, 
2019-12-04 15:06:00.985,285576368, 452.3651583382346, 2224480, 24.733195354978555, 120909, 0, 0.0, 10, 
2019-12-04 15:06:02.008,308116760, 452.3651583382346, 2225660, 24.733195354978555, 120967, 0, 0.0, 10, 
2019-12-04 15:06:03.043,331878176, 452.3651583382346, 2226913, 24.733195354978555, 121029, 0, 0.0, 10, 
2019-12-04 15:06:04.068,355546584, 452.3651583382346, 2228142, 24.733195354978555, 121092, 0, 0.0, 10, 
2019-12-04 15:06:05.094,378432752, 510.7195303272163, 2229458, 27.520991130376274, 121154, 0, 0.0, 10, 
2019-12-04 15:06:06.118,119013496, 510.7195303272163, 2230719, 27.520991130376274, 121220, 0, 0.0, 10, 
2019-12-04 15:06:07.14,142624408, 510.7195303272163, 2232015, 27.520991130376274, 121289, 0, 0.0, 10, 
2019-12-04 15:06:08.171,163098184, 510.7195303272163, 2233067, 27.520991130376274, 121351, 0, 0.0, 10, 
2019-12-04 15:06:09.196,186968512, 510.7195303272163, 2234369, 27.520991130376274, 121428, 0, 0.0, 10, 
2019-12-04 15:06:10.222,211863904, 566.6948740864821, 2235735, 30.72553174562358, 121499, 0, 0.0, 10, 
2019-12-04 15:06:11.244,236256016, 566.6948740864821, 2237074, 30.72553174562358, 121567, 0, 0.0, 10, 
2019-12-04 15:06:12.268,261348088, 566.6948740864821, 2238496, 30.72553174562358, 121644, 0, 0.0, 10, 
2019-12-04 15:06:13.298,288164736, 566.6948740864821, 2239902, 30.72553174562358, 121715, 0, 0.0, 10, 
2019-12-04 15:06:14.32,315344888, 566.6948740864821, 2241420, 30.72553174562358, 121789, 0, 0.0, 10, 
2019-12-04 15:06:15.349,343000920, 631.4992858748313, 2242895, 33.78578925965363, 121864, 0, 0.0, 10, 
2019-12-04 15:06:16.385,369323056, 631.4992858748313, 2244383, 33.78578925965363, 121943, 0, 0.0, 10, 
2019-12-04 15:06:17.41,111309504, 631.4992858748313, 2245731, 33.78578925965363, 122026, 0, 0.0, 10, 
2019-12-04 15:06:18.432,135116808, 631.4992858748313, 2247145, 33.78578925965363, 122106, 0, 0.0, 10, 
2019-12-04 15:06:19.461,160168968, 690.9463206962254, 2248460, 37.017131136691916, 122173, 0, 0.0, 10, 
2019-12-04 15:06:20.483,183477248, 690.9463206962254, 2249712, 37.017131136691916, 122238, 0, 0.0, 10, 
2019-12-04 15:06:21.507,207900840, 690.9463206962254, 2251004, 37.017131136691916, 122316, 0, 0.0, 10, 
2019-12-04 15:06:22.529,233697632, 690.9463206962254, 2252317, 37.017131136691916, 122387, 0, 0.0, 10, 
2019-12-04 15:06:23.551,256466672, 690.9463206962254, 2253608, 37.017131136691916, 122445, 0, 0.0, 10, 
2019-12-04 15:06:24.573,282874104, 738.460221483637, 2255064, 39.35046449945341, 122510, 0, 0.0, 10, 
2019-12-04 15:06:25.601,308751040, 738.460221483637, 2256516, 39.35046449945341, 122585, 0, 0.0, 10, 
2019-12-04 15:06:26.623,336354872, 738.460221483637, 2258045, 39.35046449945341, 122662, 0, 0.0, 10, 
2019-12-04 15:06:27.647,362556968, 738.460221483637, 2259483, 39.35046449945341, 122733, 0, 0.0, 10, 
2019-12-04 15:06:28.67,387906392, 738.460221483637, 2260937, 39.35046449945341, 122815, 0, 0.0, 10, 
2019-12-04 15:06:29.701,133415472, 794.1204849747262, 2262421, 42.21683509566647, 122896, 0, 0.0, 10, 
2019-12-04 15:06:30.726,157804008, 794.1204849747262, 2263803, 42.21683509566647, 122985, 0, 0.0, 10, 
2019-12-04 15:06:31.76,184965728, 794.1204849747262, 2265267, 42.21683509566647, 123061, 0, 0.0, 10, 
2019-12-04 15:06:32.782,212538384, 794.1204849747262, 2266694, 42.21683509566647, 123148, 0, 0.0, 10, 
2019-12-04 15:06:33.805,236625512, 794.1204849747262, 2268060, 42.21683509566647, 123226, 0, 0.0, 10, 
2019-12-04 15:06:34.828,261232752, 840.7409489162222, 2269429, 44.99794340663723, 123293, 0, 0.0, 10, 
2019-12-04 15:06:35.849,285475544, 840.7409489162222, 2270798, 44.99794340663723, 123368, 0, 0.0, 10, 
2019-12-04 15:06:36.874,312921056, 840.7409489162222, 2272175, 44.99794340663723, 123437, 0, 0.0, 10, 
2019-12-04 15:06:37.897,337452720, 840.7409489162222, 2273548, 44.99794340663723, 123507, 0, 0.0, 10, 
2019-12-04 15:06:38.919,364009728, 840.7409489162222, 2275000, 44.99794340663723, 123574, 0, 0.0, 10, 
2019-12-04 15:06:39.942,388693976, 881.4430633338669, 2276386, 47.06096194532688, 123650, 0, 0.0, 10, 
2019-12-04 15:06:40.967,131187088, 881.4430633338669, 2277764, 47.06096194532688, 123721, 0, 0.0, 10, 
2019-12-04 15:06:41.991,155832784, 881.4430633338669, 2279029, 47.06096194532688, 123795, 0, 0.0, 10, 
2019-12-04 15:06:43.018,179720776, 881.4430633338669, 2280377, 47.06096194532688, 123865, 0, 0.0, 10, 
2019-12-04 15:06:44.044,206124352, 881.4430633338669, 2281749, 47.06096194532688, 123943, 0, 0.0, 10, 
2019-12-04 15:06:45.069,231177120, 916.7160244453421, 2283135, 49.022995097421585, 124020, 0, 0.0, 10, 
2019-12-04 15:06:46.098,255826344, 916.7160244453421, 2284482, 49.022995097421585, 124096, 0, 0.0, 10, 
2019-12-04 15:06:47.122,282347968, 916.7160244453421, 2285957, 49.022995097421585, 124175, 0, 0.0, 10, 
2019-12-04 15:06:48.148,307691832, 916.7160244453421, 2287344, 49.022995097421585, 124257, 0, 0.0, 10, 
2019-12-04 15:06:49.176,334248040, 916.7160244453421, 2288766, 49.022995097421585, 124332, 0, 0.0, 10, 
2019-12-04 15:06:50.199,358379336, 952.1110808450331, 2290127, 51.16396619888072, 124401, 0, 0.0, 10, 
2019-12-04 15:06:51.223,383513552, 952.1110808450331, 2291468, 51.16396619888072, 124475, 0, 0.0, 10, 
2019-12-04 15:06:52.246,127438152, 952.1110808450331, 2292825, 51.16396619888072, 124549, 0, 0.0, 10, 
2019-12-04 15:06:53.271,152351928, 952.1110808450331, 2294269, 51.16396619888072, 124632, 0, 0.0, 10, 
2019-12-04 15:06:54.295,177477104, 952.1110808450331, 2295681, 51.16396619888072, 124709, 0, 0.0, 10, 
2019-12-04 15:06:55.318,203610120, 984.4202469178726, 2297044, 52.909879063623094, 124779, 0, 0.0, 10, 
2019-12-04 15:06:56.351,228772048, 984.4202469178726, 2298449, 52.909879063623094, 124853, 0, 0.0, 10, 
2019-12-04 15:06:57.375,252389832, 984.4202469178726, 2299767, 52.909879063623094, 124928, 0, 0.0, 10, 
2019-12-04 15:06:58.399,279350800, 984.4202469178726, 2301179, 52.909879063623094, 124997, 0, 0.0, 10, 
2019-12-04 15:06:59.422,306145376, 1014.0181857679268, 2302616, 54.596152028629476, 125088, 0, 0.0, 10, 
2019-12-04 15:07:00.448,329833624, 1014.0181857679268, 2303953, 54.596152028629476, 125150, 0, 0.0, 10, 
2019-12-04 15:07:01.474,355760608, 1014.0181857679268, 2305424, 54.596152028629476, 125216, 0, 0.0, 10, 
2019-12-04 15:07:02.508,381691360, 1014.0181857679268, 2306821, 54.596152028629476, 125280, 0, 0.0, 10, 
2019-12-04 15:07:03.532,123712904, 1014.0181857679268, 2308303, 54.596152028629476, 125352, 0, 0.0, 10, 
2019-12-04 15:07:04.555,150365696, 1044.2719252184709, 2309773, 55.635882305251684, 125438, 0, 0.0, 10, 
2019-12-04 15:07:05.58,175810296, 1044.2719252184709, 2311191, 55.635882305251684, 125522, 0, 0.0, 10, 
2019-12-04 15:07:06.606,202179208, 1044.2719252184709, 2312623, 55.635882305251684, 125593, 0, 0.0, 10, 
2019-12-04 15:07:07.629,226529736, 1044.2719252184709, 2313986, 55.635882305251684, 125664, 0, 0.0, 10, 
2019-12-04 15:07:08.655,253477688, 1044.2719252184709, 2315428, 55.635882305251684, 125744, 0, 0.0, 10, 
2019-12-04 15:07:09.679,278774552, 1071.6109845922965, 2316867, 57.312080607315046, 125824, 0, 0.0, 10, 
2019-12-04 15:07:10.708,305454216, 1071.6109845922965, 2318280, 57.312080607315046, 125896, 0, 0.0, 10, 
2019-12-04 15:07:11.733,331807104, 1071.6109845922965, 2319765, 57.312080607315046, 125967, 0, 0.0, 10, 
2019-12-04 15:07:12.761,359569536, 1071.6109845922965, 2321260, 57.312080607315046, 126043, 0, 0.0, 10, 
2019-12-04 15:07:13.782,383631184, 1071.6109845922965, 2322516, 57.312080607315046, 126104, 0, 0.0, 10, 
2019-12-04 15:07:14.806,123705080, 1094.0296524507273, 2323759, 58.15064834167765, 126172, 0, 0.0, 10, 
2019-12-04 15:07:15.83,148723456, 1094.0296524507273, 2325200, 58.15064834167765, 126240, 0, 0.0, 10, 
2019-12-04 15:07:16.853,174338856, 1094.0296524507273, 2326576, 58.15064834167765, 126319, 0, 0.0, 10, 
2019-12-04 15:07:17.877,200203712, 1094.0296524507273, 2328019, 58.15064834167765, 126394, 0, 0.0, 10, 
2019-12-04 15:07:18.901,224989352, 1094.0296524507273, 2329395, 58.15064834167765, 126468, 0, 0.0, 10, 
2019-12-04 15:07:19.936,249330400, 1114.39996472412, 2330608, 59.19401689222662, 126541, 0, 0.0, 10, 
2019-12-04 15:07:20.96,274996688, 1114.39996472412, 2332029, 59.19401689222662, 126619, 0, 0.0, 10, 
2019-12-04 15:07:21.983,300059208, 1114.39996472412, 2333380, 59.19401689222662, 126696, 0, 0.0, 10, 
2019-12-04 15:07:23.011,327056640, 1114.39996472412, 2334881, 59.19401689222662, 126773, 0, 0.0, 10, 
2019-12-04 15:07:24.042,350015224, 1114.39996472412, 2336153, 59.19401689222662, 126848, 0, 0.0, 10, 
2019-12-04 15:07:25.065,379761104, 1131.4305072285779, 2337536, 60.37783793859699, 126930, 0, 0.0, 10, 
2019-12-04 15:07:26.093,127143408, 1131.4305072285779, 2338733, 60.37783793859699, 126994, 0, 0.0, 10, 
2019-12-04 15:07:27.116,158144320, 1131.4305072285779, 2340118, 60.37783793859699, 127066, 0, 0.0, 10, 
2019-12-04 15:07:28.138,191507360, 1131.4305072285779, 2341549, 60.37783793859699, 127158, 0, 0.0, 10, 
2019-12-04 15:07:29.16,223049528, 1131.4305072285779, 2343008, 60.37783793859699, 127223, 0, 0.0, 10, 
2019-12-04 15:07:30.185,255493896, 1148.7464477965475, 2344433, 61.43502364608243, 127306, 0, 0.0, 10, 
2019-12-04 15:07:31.211,289974512, 1148.7464477965475, 2345909, 61.43502364608243, 127373, 0, 0.0, 10, 
2019-12-04 15:07:32.251,322054760, 1148.7464477965475, 2347340, 61.43502364608243, 127446, 0, 0.0, 10, 
2019-12-04 15:07:33.283,354968296, 1148.7464477965475, 2348782, 61.43502364608243, 127521, 0, 0.0, 10, 
2019-12-04 15:07:34.313,389067856, 1148.7464477965475, 2350262, 61.43502364608243, 127589, 0, 0.0, 10, 
2019-12-04 15:07:35.349,136804720, 1168.8675548735846, 2351654, 62.167814695368314, 127649, 0, 0.0, 10, 
2019-12-04 15:07:36.373,167387536, 1168.8675548735846, 2352960, 62.167814695368314, 127722, 0, 0.0, 10, 
2019-12-04 15:07:37.396,200204272, 1168.8675548735846, 2354337, 62.167814695368314, 127801, 0, 0.0, 10, 
2019-12-04 15:07:38.419,231179520, 1168.8675548735846, 2355700, 62.167814695368314, 127884, 0, 0.0, 10, 
2019-12-04 15:07:39.444,262402368, 1182.2946918263963, 2357076, 62.953952826873106, 127955, 0, 0.0, 10, 
2019-12-04 15:07:40.468,292323800, 1182.2946918263963, 2358363, 62.953952826873106, 128018, 0, 0.0, 10, 
2019-12-04 15:07:41.497,326405552, 1182.2946918263963, 2359843, 62.953952826873106, 128100, 0, 0.0, 10, 
2019-12-04 15:07:42.525,357743144, 1182.2946918263963, 2361205, 62.953952826873106, 128168, 0, 0.0, 10, 
2019-12-04 15:07:43.552,391485056, 1182.2946918263963, 2362623, 62.953952826873106, 128242, 0, 0.0, 10, 
2019-12-04 15:07:44.578,140438104, 1195.4638011550744, 2364021, 63.805163760484305, 128333, 0, 0.0, 10, 
2019-12-04 15:07:45.605,171621912, 1195.4638011550744, 2365385, 63.805163760484305, 128406, 0, 0.0, 10, 
2019-12-04 15:07:46.629,203164056, 1195.4638011550744, 2366711, 63.805163760484305, 128479, 0, 0.0, 10, 
2019-12-04 15:07:47.661,232407536, 1195.4638011550744, 2367979, 63.805163760484305, 128545, 0, 0.0, 10, 
2019-12-04 15:07:48.688,263489496, 1195.4638011550744, 2369333, 63.805163760484305, 128615, 0, 0.0, 10, 
2019-12-04 15:07:49.717,296144848, 1203.6781340724788, 2370724, 64.15655546462304, 128693, 0, 0.0, 10, 
2019-12-04 15:07:50.742,329449064, 1203.6781340724788, 2372172, 64.15655546462304, 128772, 0, 0.0, 10, 
2019-12-04 15:07:51.766,361660520, 1203.6781340724788, 2373552, 64.15655546462304, 128842, 0, 0.0, 10, 
2019-12-04 15:07:52.789,393599920, 1203.6781340724788, 2374945, 64.15655546462304, 128927, 0, 0.0, 10, 
2019-12-04 15:07:53.814,143067608, 1203.6781340724788, 2376384, 64.15655546462304, 129012, 0, 0.0, 10, 
2019-12-04 15:07:54.838,175445784, 1217.7760520763638, 2377739, 65.2634161759956, 129080, 0, 0.0, 10, 
2019-12-04 15:07:55.864,206449320, 1217.7760520763638, 2379055, 65.2634161759956, 129160, 0, 0.0, 10, 
2019-12-04 15:07:56.892,239803408, 1217.7760520763638, 2380445, 65.2634161759956, 129226, 0, 0.0, 10, 
2019-12-04 15:07:57.916,271358616, 1217.7760520763638, 2381833, 65.2634161759956, 129292, 0, 0.0, 10, 
2019-12-04 15:07:58.941,303609984, 1217.7760520763638, 2383274, 65.2634161759956, 129358, 0, 0.0, 10, 
2019-12-04 15:07:59.964,335803144, 1227.4206104423201, 2384664, 65.48222133755979, 129427, 0, 0.0, 10, 
2019-12-04 15:08:00.987,367849184, 1227.4206104423201, 2386036, 65.48222133755979, 129508, 0, 0.0, 10, 
2019-12-04 15:08:02.01,116227176, 1227.4206104423201, 2387397, 65.48222133755979, 129585, 0, 0.0, 10, 
2019-12-04 15:08:03.037,148297600, 1227.4206104423201, 2388817, 65.48222133755979, 129658, 0, 0.0, 10, 
2019-12-04 15:08:04.065,179388856, 1227.4206104423201, 2390156, 65.48222133755979, 129727, 0, 0.0, 10, 
2019-12-04 15:08:05.089,211458784, 1236.7417837765604, 2391558, 65.92339856046102, 129785, 0, 0.0, 10, 
2019-12-04 15:08:06.111,243996800, 1236.7417837765604, 2392965, 65.92339856046102, 129845, 0, 0.0, 10, 
2019-12-04 15:08:07.136,276002280, 1236.7417837765604, 2394296, 65.92339856046102, 129925, 0, 0.0, 10, 
2019-12-04 15:08:08.168,307102480, 1236.7417837765604, 2395631, 65.92339856046102, 129998, 0, 0.0, 10, 
2019-12-04 15:08:09.193,339072456, 1236.7417837765604, 2396986, 65.92339856046102, 130068, 0, 0.0, 10, 
2019-12-04 15:08:10.217,369939816, 1244.8699259624443, 2398345, 66.05745220999268, 130146, 0, 0.0, 10, 
2019-12-04 15:08:11.24,118726728, 1244.8699259624443, 2399691, 66.05745220999268, 130223, 0, 0.0, 10, 
2019-12-04 15:08:12.262,150439624, 1244.8699259624443, 2401052, 66.05745220999268, 130294, 0, 0.0, 10, 
2019-12-04 15:08:13.286,180900776, 1244.8699259624443, 2402364, 66.05745220999268, 130362, 0, 0.0, 10, 
2019-12-04 15:08:14.308,211489352, 1244.8699259624443, 2403709, 66.05745220999268, 130428, 0, 0.0, 10, 
2019-12-04 15:08:15.333,245550448, 1250.1094213915007, 2405139, 66.40466316054285, 130513, 0, 0.0, 10, 
2019-12-04 15:08:16.359,277262480, 1250.1094213915007, 2406556, 66.40466316054285, 130596, 0, 0.0, 10, 
2019-12-04 15:08:17.385,310344280, 1250.1094213915007, 2407907, 66.40466316054285, 130667, 0, 0.0, 10, 
2019-12-04 15:08:18.411,341312624, 1250.1094213915007, 2409241, 66.40466316054285, 130736, 0, 0.0, 10, 
2019-12-04 15:08:19.438,374772712, 1258.6079468235314, 2410661, 66.80406824166536, 130793, 0, 0.0, 10, 
2019-12-04 15:08:20.463,122251904, 1258.6079468235314, 2412003, 66.80406824166536, 130863, 0, 0.0, 10, 
2019-12-04 15:08:21.487,152725744, 1258.6079468235314, 2413292, 66.80406824166536, 130934, 0, 0.0, 10, 
2019-12-04 15:08:22.509,185760984, 1258.6079468235314, 2414746, 66.80406824166536, 131014, 0, 0.0, 10, 
2019-12-04 15:08:23.533,216732968, 1258.6079468235314, 2416091, 66.80406824166536, 131083, 0, 0.0, 10, 
2019-12-04 15:08:24.561,249127088, 1263.7404600114016, 2417465, 67.12356530450428, 131160, 0, 0.0, 10, 
2019-12-04 15:08:25.587,281138472, 1263.7404600114016, 2418851, 67.12356530450428, 131227, 0, 0.0, 10, 
2019-12-04 15:08:26.611,314403048, 1263.7404600114016, 2420232, 67.12356530450428, 131292, 0, 0.0, 10, 
2019-12-04 15:08:27.635,348196168, 1263.7404600114016, 2421672, 67.12356530450428, 131369, 0, 0.0, 10, 
2019-12-04 15:08:28.659,379844680, 1263.7404600114016, 2423027, 67.12356530450428, 131434, 0, 0.0, 10, 
2019-12-04 15:08:29.682,130078144, 1272.2684859665571, 2424469, 67.22562338777009, 131507, 0, 0.0, 10, 
2019-12-04 15:08:30.706,162676104, 1272.2684859665571, 2425909, 67.22562338777009, 131569, 0, 0.0, 10, 
2019-12-04 15:08:31.728,195273568, 1272.2684859665571, 2427302, 67.22562338777009, 131631, 0, 0.0, 10, 
2019-12-04 15:08:32.752,227596792, 1272.2684859665571, 2428681, 67.22562338777009, 131710, 0, 0.0, 10, 
2019-12-04 15:08:33.773,262242656, 1272.2684859665571, 2430145, 67.22562338777009, 131786, 0, 0.0, 10, 
2019-12-04 15:08:34.798,293611320, 1281.4259202144908, 2431533, 67.22357465480175, 131855, 0, 0.0, 10, 
2019-12-04 15:08:35.823,326836368, 1281.4259202144908, 2432952, 67.22357465480175, 131918, 0, 0.0, 10, 
2019-12-04 15:08:36.85,358774768, 1281.4259202144908, 2434335, 67.22357465480175, 131980, 0, 0.0, 10, 
2019-12-04 15:08:37.873,389808504, 1281.4259202144908, 2435687, 67.22357465480175, 132048, 0, 0.0, 10, 
2019-12-04 15:08:38.898,139818752, 1281.4259202144908, 2437082, 67.22357465480175, 132121, 0, 0.0, 10, 
2019-12-04 15:08:39.924,171240416, 1286.9887564903675, 2438468, 67.01380520751341, 132187, 0, 0.0, 10, 
2019-12-04 15:08:40.953,203168640, 1286.9887564903675, 2439786, 67.01380520751341, 132241, 0, 0.0, 10, 
2019-12-04 15:08:41.977,233910360, 1286.9887564903675, 2441156, 67.01380520751341, 132327, 0, 0.0, 10, 
2019-12-04 15:08:43.047,269521944, 1286.9887564903675, 2442663, 67.01380520751341, 132406, 0, 0.0, 10, 
2019-12-04 15:08:44.071,300428072, 1286.9887564903675, 2443993, 67.01380520751341, 132475, 0, 0.0, 10, 
2019-12-04 15:08:45.098,332187040, 1290.3957634085525, 2445400, 67.188603691881, 132555, 0, 0.0, 10, 
2019-12-04 15:08:46.131,364927144, 1290.3957634085525, 2446748, 67.188603691881, 132628, 0, 0.0, 10, 
2019-12-04 15:08:47.155,395972568, 1290.3957634085525, 2448102, 67.188603691881, 132693, 0, 0.0, 10, 
2019-12-04 15:08:48.187,144795696, 1290.3957634085525, 2449468, 67.188603691881, 132767, 0, 0.0, 10, 
2019-12-04 15:08:49.212,177482240, 1290.3957634085525, 2450863, 67.188603691881, 132817, 0, 0.0, 10, 
2019-12-04 15:08:50.235,208908432, 1294.3938814162357, 2452212, 67.10955930499703, 132884, 0, 0.0, 10, 
2019-12-04 15:08:51.264,242520328, 1294.3938814162357, 2453669, 67.10955930499703, 132938, 0, 0.0, 10, 
2019-12-04 15:08:52.294,275525248, 1294.3938814162357, 2455088, 67.10955930499703, 133003, 0, 0.0, 10, 
2019-12-04 15:08:53.331,308556968, 1294.3938814162357, 2456451, 67.10955930499703, 133064, 0, 0.0, 10, 
2019-12-04 15:08:54.376,338568424, 1294.3938814162357, 2457776, 67.10955930499703, 133133, 0, 0.0, 10, 
2019-12-04 15:08:55.399,370967792, 1297.8804341533435, 2459189, 66.66903926563154, 133207, 0, 0.0, 10, 
2019-12-04 15:08:56.422,401815584, 1297.8804341533435, 2460475, 66.66903926563154, 133257, 0, 0.0, 10, 
2019-12-04 15:08:57.445,145724112, 1297.8804341533435, 2461727, 66.66903926563154, 133339, 0, 0.0, 10, 
2019-12-04 15:08:58.468,178751576, 1297.8804341533435, 2463072, 66.66903926563154, 133422, 0, 0.0, 10, 
2019-12-04 15:08:59.496,208145936, 1297.5221984178982, 2464383, 66.85541259562403, 133486, 0, 0.0, 10, 
2019-12-04 15:09:00.52,240201176, 1297.5221984178982, 2465742, 66.85541259562403, 133552, 0, 0.0, 10, 
2019-12-04 15:09:01.545,271290784, 1297.5221984178982, 2467065, 66.85541259562403, 133626, 0, 0.0, 10, 
2019-12-04 15:09:02.566,302045200, 1297.5221984178982, 2468354, 66.85541259562403, 133700, 0, 0.0, 10, 
2019-12-04 15:09:03.591,333058032, 1297.5221984178982, 2469710, 66.85541259562403, 133771, 0, 0.0, 10, 
2019-12-04 15:09:04.616,366517904, 1298.7597351036466, 2471141, 67.10683992229018, 133838, 0, 0.0, 10, 
2019-12-04 15:09:05.643,397604904, 1298.7597351036466, 2472490, 67.10683992229018, 133912, 0, 0.0, 10, 
2019-12-04 15:09:06.666,144114192, 1298.7597351036466, 2473778, 67.10683992229018, 133978, 0, 0.0, 10, 
2019-12-04 15:09:07.689,174529656, 1298.7597351036466, 2475098, 67.10683992229018, 134055, 0, 0.0, 10, 
2019-12-04 15:09:08.713,207761416, 1298.7597351036466, 2476492, 67.10683992229018, 134122, 0, 0.0, 10, 
2019-12-04 15:09:09.739,237117640, 1299.4665636582663, 2477765, 67.2262264103556, 134184, 0, 0.0, 10, 
2019-12-04 15:09:10.763,266947320, 1299.4665636582663, 2479034, 67.2262264103556, 134241, 0, 0.0, 10, 
2019-12-04 15:09:11.785,297750592, 1299.4665636582663, 2480361, 67.2262264103556, 134294, 0, 0.0, 10, 
2019-12-04 15:09:12.813,328222936, 1299.4665636582663, 2481640, 67.2262264103556, 134381, 0, 0.0, 10, 
2019-12-04 15:09:13.848,358612120, 1299.4665636582663, 2483003, 67.2262264103556, 134443, 0, 0.0, 10, 
2019-12-04 15:09:14.877,392446384, 1297.6542452926278, 2484425, 66.77637818428765, 134514, 0, 0.0, 10, 
2019-12-04 15:09:15.903,137736008, 1297.6542452926278, 2485642, 66.77637818428765, 134580, 0, 0.0, 10, 
2019-12-04 15:09:16.926,171088552, 1297.6542452926278, 2487093, 66.77637818428765, 134651, 0, 0.0, 10, 
2019-12-04 15:09:17.952,205841784, 1297.6542452926278, 2488528, 66.77637818428765, 134718, 0, 0.0, 10, 
2019-12-04 15:09:18.976,237770488, 1297.6542452926278, 2489947, 66.77637818428765, 134797, 0, 0.0, 10, 
2019-12-04 15:09:19.999,269857808, 1302.1434119763342, 2491309, 66.98615140235421, 134868, 0, 0.0, 10, 
2019-12-04 15:09:21.027,301451496, 1302.1434119763342, 2492715, 66.98615140235421, 134933, 0, 0.0, 10, 
2019-12-04 15:09:22.055,334517320, 1302.1434119763342, 2494089, 66.98615140235421, 134994, 0, 0.0, 10, 
2019-12-04 15:09:23.083,366556648, 1302.1434119763342, 2495482, 66.98615140235421, 135072, 0, 0.0, 10, 
2019-12-04 15:09:24.109,398368992, 1302.1434119763342, 2496846, 66.98615140235421, 135146, 0, 0.0, 10, 
2019-12-04 15:09:25.133,145713040, 1305.2182309831253, 2498222, 67.06721426045623, 135218, 0, 0.0, 10, 
2019-12-04 15:09:26.161,176522008, 1305.2182309831253, 2499560, 67.06721426045623, 135281, 0, 0.0, 10, 
2019-12-04 15:09:27.186,208479440, 1305.2182309831253, 2500918, 67.06721426045623, 135353, 0, 0.0, 10, 
2019-12-04 15:09:28.209,241826384, 1305.2182309831253, 2502360, 67.06721426045623, 135411, 0, 0.0, 10, 
2019-12-04 15:09:29.237,272463912, 1305.2182309831253, 2503677, 67.06721426045623, 135491, 0, 0.0, 10, 
2019-12-04 15:09:30.262,301458560, 1307.1037251289458, 2504938, 67.07783122199032, 135555, 0, 0.0, 10, 
2019-12-04 15:09:31.288,333598648, 1307.1037251289458, 2506341, 67.07783122199032, 135628, 0, 0.0, 10, 
2019-12-04 15:09:32.315,365790896, 1307.1037251289458, 2507690, 67.07783122199032, 135703, 0, 0.0, 10, 
2019-12-04 15:09:33.349,400773816, 1307.1037251289458, 2509157, 67.07783122199032, 135779, 0, 0.0, 10, 
2019-12-04 15:09:34.371,147372496, 1307.1037251289458, 2510505, 67.07783122199032, 135850, 0, 0.0, 10, 
2019-12-04 15:09:35.394,181090520, 1309.302205881774, 2511924, 67.29548382011387, 135923, 0, 0.0, 10, 
2019-12-04 15:09:36.418,211271096, 1309.302205881774, 2513232, 67.29548382011387, 136007, 0, 0.0, 10, 
2019-12-04 15:09:37.439,241850632, 1309.302205881774, 2514510, 67.29548382011387, 136079, 0, 0.0, 10, 
2019-12-04 15:09:38.464,271918760, 1309.302205881774, 2515805, 67.29548382011387, 136135, 0, 0.0, 10, 
2019-12-04 15:09:39.488,305323136, 1309.2140783652976, 2517208, 67.43176940905045, 136210, 0, 0.0, 10, 
2019-12-04 15:09:40.509,337732952, 1309.2140783652976, 2518641, 67.43176940905045, 136275, 0, 0.0, 10, 
2019-12-04 15:09:41.531,368885904, 1309.2140783652976, 2519994, 67.43176940905045, 136363, 0, 0.0, 10, 
2019-12-04 15:09:42.554,401374104, 1309.2140783652976, 2521384, 67.43176940905045, 136418, 0, 0.0, 10, 
2019-12-04 15:09:43.576,149405200, 1309.2140783652976, 2522716, 67.43176940905045, 136481, 0, 0.0, 10, 
2019-12-04 15:09:44.599,182688824, 1313.5625365655242, 2524203, 67.73306049176152, 136562, 0, 0.0, 10, 
2019-12-04 15:09:45.622,213367672, 1313.5625365655242, 2525549, 67.73306049176152, 136625, 0, 0.0, 10, 
2019-12-04 15:09:46.653,244706824, 1313.5625365655242, 2526840, 67.73306049176152, 136687, 0, 0.0, 10, 
2019-12-04 15:09:47.675,275294408, 1313.5625365655242, 2528162, 67.73306049176152, 136762, 0, 0.0, 10, 
2019-12-04 15:09:48.697,308512272, 1313.5625365655242, 2529579, 67.73306049176152, 136833, 0, 0.0, 10, 
2019-12-04 15:09:49.719,341469176, 1314.4610345325093, 2530949, 67.57850150858579, 136902, 0, 0.0, 10, 
2019-12-04 15:09:50.746,371338664, 1314.4610345325093, 2532291, 67.57850150858579, 136973, 0, 0.0, 10, 
2019-12-04 15:09:51.78,402893928, 1314.4610345325093, 2533607, 67.57850150858579, 137054, 0, 0.0, 10, 
2019-12-04 15:09:52.806,150456016, 1314.4610345325093, 2534932, 67.57850150858579, 137124, 0, 0.0, 10, 
2019-12-04 15:09:53.828,180703904, 1314.4610345325093, 2536221, 67.57850150858579, 137185, 0, 0.0, 10, 
2019-12-04 15:09:54.853,213928696, 1313.4647052221383, 2537665, 67.74013160379275, 137261, 0, 0.0, 10, 
2019-12-04 15:09:55.897,245039360, 1313.4647052221383, 2539026, 67.74013160379275, 137339, 0, 0.0, 10, 
2019-12-04 15:09:56.919,278491400, 1313.4647052221383, 2540421, 67.74013160379275, 137420, 0, 0.0, 10, 
2019-12-04 15:09:57.942,305554248, 1313.4647052221383, 2541579, 67.74013160379275, 137486, 0, 0.0, 10, 
2019-12-04 15:09:58.965,337305752, 1313.4647052221383, 2542924, 67.74013160379275, 137569, 0, 0.0, 10, 
2019-12-04 15:09:59.988,366156920, 1310.9329351805122, 2544179, 68.1926696945325, 137632, 0, 0.0, 10, 
2019-12-04 15:10:01.011,397994096, 1310.9329351805122, 2545545, 68.1926696945325, 137716, 0, 0.0, 10, 
2019-12-04 15:10:02.032,146520016, 1310.9329351805122, 2546928, 68.1926696945325, 137792, 0, 0.0, 10, 
2019-12-04 15:10:03.058,179987528, 1310.9329351805122, 2548342, 68.1926696945325, 137875, 0, 0.0, 10, 
2019-12-04 15:10:04.083,212395792, 1310.9329351805122, 2549704, 68.1926696945325, 137959, 0, 0.0, 10, 
2019-12-04 15:10:05.106,243281368, 1312.8892136704565, 2551034, 68.84889159343665, 138032, 0, 0.0, 10, 
2019-12-04 15:10:06.131,275077480, 1312.8892136704565, 2552409, 68.84889159343665, 138092, 0, 0.0, 10, 
2019-12-04 15:10:07.153,304335600, 1312.8892136704565, 2553654, 68.84889159343665, 138163, 0, 0.0, 10, 
2019-12-04 15:10:08.179,334327728, 1312.8892136704565, 2554943, 68.84889159343665, 138225, 0, 0.0, 10, 
2019-12-04 15:10:09.204,365341736, 1312.8892136704565, 2556292, 68.84889159343665, 138295, 0, 0.0, 10, 
2019-12-04 15:10:10.227,398963192, 1311.1070665439831, 2557739, 68.60511568135168, 138375, 0, 0.0, 10, 
2019-12-04 15:10:11.251,144318040, 1311.1070665439831, 2559082, 68.60511568135168, 138450, 0, 0.0, 10, 
2019-12-04 15:10:12.276,176789040, 1311.1070665439831, 2560410, 68.60511568135168, 138502, 0, 0.0, 10, 
2019-12-04 15:10:13.3,207576440, 1311.1070665439831, 2561735, 68.60511568135168, 138570, 0, 0.0, 10, 
2019-12-04 15:10:14.323,238062400, 1311.1070665439831, 2563033, 68.60511568135168, 138628, 0, 0.0, 10, 
2019-12-04 15:10:15.347,253524168, 1310.9066125708957, 2563649, 68.28488431257193, 138659, 0, 0.0, 10, 
2019-12-04 15:10:16.371,267004848, 1310.9066125708957, 2564148, 68.28488431257193, 138682, 0, 0.0, 10, 
2019-12-04 15:10:17.395,280522520, 1310.9066125708957, 2564628, 68.28488431257193, 138701, 0, 0.0, 10, 
