Timestamp, MemoryUsed, ReadLatency1, ReadCount, WriteLatency1, WriteCount, PendingTasks, WaitingOnCommit1, SRDelay, 
2019-12-13 13:12:53.532,93584080, 9.113322819495603E-6, 2, 4.417957589890785, 507, 0, 0.0, 596, 
2019-12-13 13:12:54.657,94491864, 9.113322819495603E-6, 2, 4.417957589890785, 507, 0, 0.0, 303, 
2019-12-13 13:12:55.753,95147928, 9.113322819495603E-6, 2, 4.417957589890785, 507, 0, 0.0, 157, 
2019-12-13 13:12:56.836,95976296, 9.113322819495603E-6, 2, 4.417957589890785, 507, 0, 0.0, 84, 
2019-12-13 13:12:57.922,96811480, 8.384661758790886E-6, 2, 4.064717204648243, 507, 0, 0.0, 47, 
2019-12-13 13:12:59.0,97612048, 8.384661758790886E-6, 2, 4.064717204648243, 507, 0, 0.0, 29, 
2019-12-13 13:13:00.094,98272080, 8.384661758790886E-6, 2, 4.064717204648243, 507, 0, 0.0, 20, 
2019-12-13 13:13:01.179,99100312, 8.384661758790886E-6, 2, 4.064717204648243, 507, 0, 0.0, 15, 
2019-12-13 13:13:02.259,100126464, 7.714261219731634E-6, 2, 3.7397203611843324, 507, 0, 0.0, 13, 
2019-12-13 13:13:03.346,101001784, 7.714261219731634E-6, 2, 3.7397203611843324, 507, 0, 0.0, 12, 
2019-12-13 13:13:04.429,102518008, 7.714261219731634E-6, 2, 3.7397203611843324, 507, 0, 0.0, 11, 
2019-12-13 13:13:05.518,103346280, 7.714261219731634E-6, 2, 3.7397203611843324, 507, 0, 0.0, 11, 
2019-12-13 13:13:06.581,103962528, 7.714261219731634E-6, 2, 3.7397203611843324, 507, 0, 0.0, 11, 
2019-12-13 13:13:07.636,104610280, 7.09746294820568E-6, 2, 3.4407088305832008, 507, 0, 0.0, 11, 
2019-12-13 13:13:08.686,105438632, 7.09746294820568E-6, 2, 3.4407088305832008, 507, 0, 0.0, 11, 
2019-12-13 13:13:09.742,106273776, 7.09746294820568E-6, 2, 3.4407088305832008, 507, 0, 0.0, 11, 
2019-12-13 13:13:10.821,106888960, 7.09746294820568E-6, 2, 3.4407088305832008, 507, 0, 0.0, 11, 
2019-12-13 13:13:11.89,107757080, 7.09746294820568E-6, 2, 3.4407088305832008, 507, 0, 0.0, 11, 
2019-12-13 13:13:12.942,108372048, 6.529981143535206E-6, 2, 3.165604941943864, 507, 0, 0.0, 11, 
2019-12-13 13:13:14.014,109028088, 6.529981143535206E-6, 2, 3.165604941943864, 507, 0, 0.0, 11, 
2019-12-13 13:13:15.084,110147840, 6.529981143535206E-6, 2, 3.165604941943864, 507, 0, 0.0, 11, 
2019-12-13 13:13:16.131,110974816, 6.529981143535206E-6, 2, 3.165604941943864, 507, 0, 0.0, 11, 
2019-12-13 13:13:17.178,113548440, 0.49573063717087434, 52, 2.9284882628325706, 512, 0, 0.0, 11, 
2019-12-13 13:13:18.231,117885768, 0.49573063717087434, 167, 2.9284882628325706, 521, 0, 0.0, 13, 
2019-12-13 13:13:19.288,125223776, 0.49573063717087434, 348, 2.9284882628325706, 529, 0, 0.0, 10, 
2019-12-13 13:13:20.328,132390160, 0.49573063717087434, 615, 2.9284882628325706, 541, 0, 0.0, 10, 
2019-12-13 13:13:21.37,142042008, 0.49573063717087434, 1005, 2.9284882628325706, 563, 0, 0.0, 13, 
2019-12-13 13:13:22.414,151002976, 19.14971006355391, 1377, 3.7177707622712983, 582, 0, 0.0, 12, 
2019-12-13 13:13:23.464,161049000, 19.14971006355391, 1787, 3.7177707622712983, 597, 0, 0.0, 14, 
2019-12-13 13:13:24.508,171511200, 19.14971006355391, 2222, 3.7177707622712983, 622, 0, 0.0, 13, 
2019-12-13 13:13:25.552,183050472, 19.14971006355391, 2650, 3.7177707622712983, 644, 0, 0.0, 16, 
2019-12-13 13:13:26.602,193521800, 19.14971006355391, 3125, 3.7177707622712983, 666, 0, 0.0, 14, 
2019-12-13 13:13:27.644,204598056, 50.5922671926108, 3573, 5.019625932113444, 689, 0, 0.0, 15, 
2019-12-13 13:13:28.692,216136328, 50.5922671926108, 4056, 5.019625932113444, 713, 0, 0.0, 13, 
2019-12-13 13:13:29.732,227560032, 50.5922671926108, 4577, 5.019625932113444, 742, 0, 0.0, 12, 
2019-12-13 13:13:30.826,240476576, 50.5922671926108, 5177, 5.019625932113444, 772, 0, 0.0, 15, 
2019-12-13 13:13:31.857,252941848, 50.5922671926108, 5758, 5.019625932113444, 809, 0, 0.0, 20, 
2019-12-13 13:13:32.898,265636104, 87.13258798815141, 6333, 6.841044075674297, 841, 0, 0.0, 20, 
2019-12-13 13:13:33.941,277429808, 87.13258798815141, 6846, 6.841044075674297, 864, 0, 0.0, 15, 
2019-12-13 13:13:34.976,290461200, 87.13258798815141, 7411, 6.841044075674297, 891, 0, 0.0, 13, 
2019-12-13 13:13:36.021,301083632, 87.13258798815141, 7876, 6.841044075674297, 920, 0, 0.0, 10, 
2019-12-13 13:13:37.06,313688976, 121.1670750887798, 8459, 8.404891845843025, 943, 0, 0.0, 6, 
2019-12-13 13:13:38.097,326545144, 121.1670750887798, 9049, 8.404891845843025, 981, 0, 0.0, 10, 
2019-12-13 13:13:39.136,340146944, 121.1670750887798, 9556, 8.404891845843025, 1009, 0, 0.0, 15, 
2019-12-13 13:13:40.175,73633552, 121.1670750887798, 10104, 8.404891845843025, 1029, 0, 0.0, 12, 
2019-12-13 13:13:41.222,86605752, 121.1670750887798, 10629, 8.404891845843025, 1058, 0, 0.0, 15, 
2019-12-13 13:13:42.259,97966600, 153.34383517248997, 11140, 9.731763432598335, 1073, 0, 0.0, 13, 
2019-12-13 13:13:43.313,110208776, 153.34383517248997, 11614, 9.731763432598335, 1098, 0, 0.0, 20, 
2019-12-13 13:13:44.369,123331192, 153.34383517248997, 12118, 9.731763432598335, 1120, 0, 0.0, 14, 
2019-12-13 13:13:45.416,136783552, 153.34383517248997, 12686, 9.731763432598335, 1147, 0, 0.0, 13, 
2019-12-13 13:13:46.456,150836568, 153.34383517248997, 13266, 9.731763432598335, 1192, 0, 0.0, 18, 
2019-12-13 13:13:47.493,165032304, 182.26026553418748, 13912, 11.160428746886666, 1226, 0, 0.0, 15, 
2019-12-13 13:13:48.578,182917400, 182.26026553418748, 14770, 11.160428746886666, 1270, 0, 0.0, 17, 
2019-12-13 13:13:49.62,202087344, 182.26026553418748, 15627, 11.160428746886666, 1315, 0, 0.0, 13, 
2019-12-13 13:13:50.656,219800144, 182.26026553418748, 16482, 11.160428746886666, 1366, 0, 0.0, 16, 
2019-12-13 13:13:51.697,237957224, 182.26026553418748, 17387, 11.160428746886666, 1416, 0, 0.0, 18, 
2019-12-13 13:13:52.731,256216808, 232.0517855369813, 18240, 13.770144772677256, 1462, 0, 0.0, 19, 
2019-12-13 13:13:53.768,274719256, 232.0517855369813, 19147, 13.770144772677256, 1513, 0, 0.0, 18, 
2019-12-13 13:13:54.802,293791336, 232.0517855369813, 20065, 13.770144772677256, 1549, 0, 0.0, 18, 
2019-12-13 13:13:55.833,313445624, 232.0517855369813, 21013, 13.770144772677256, 1594, 0, 0.0, 15, 
2019-12-13 13:13:56.87,333308856, 232.0517855369813, 21998, 13.770144772677256, 1639, 0, 0.0, 14, 
2019-12-13 13:13:57.909,72920880, 284.88229580700136, 22917, 16.123226074752115, 1693, 0, 0.0, 17, 
2019-12-13 13:13:58.95,91663352, 284.88229580700136, 23894, 16.123226074752115, 1743, 0, 0.0, 14, 
2019-12-13 13:13:59.986,111573472, 284.88229580700136, 24862, 16.123226074752115, 1790, 0, 0.0, 15, 
2019-12-13 13:14:01.022,130693328, 284.88229580700136, 25792, 16.123226074752115, 1837, 0, 0.0, 14, 
2019-12-13 13:14:02.055,147348296, 333.4407383517281, 26626, 18.52803214000681, 1878, 0, 0.0, 19, 
2019-12-13 13:14:03.082,167315688, 333.4407383517281, 27653, 18.52803214000681, 1939, 0, 0.0, 25, 
2019-12-13 13:14:04.118,187615000, 333.4407383517281, 28662, 18.52803214000681, 1991, 0, 0.0, 17, 
2019-12-13 13:14:05.156,207439152, 333.4407383517281, 29678, 18.52803214000681, 2030, 0, 0.0, 11, 
2019-12-13 13:14:06.191,228779304, 333.4407383517281, 30697, 18.52803214000681, 2091, 0, 0.0, 23, 
2019-12-13 13:14:07.24,249842848, 386.3680786083566, 31798, 21.204302923761045, 2146, 0, 0.0, 20, 
2019-12-13 13:14:08.279,270780288, 386.3680786083566, 32860, 21.204302923761045, 2203, 0, 0.0, 27, 
2019-12-13 13:14:09.314,291774448, 386.3680786083566, 33906, 21.204302923761045, 2267, 0, 0.0, 24, 
2019-12-13 13:14:10.351,313364256, 386.3680786083566, 35014, 21.204302923761045, 2317, 0, 0.0, 19, 
2019-12-13 13:14:11.38,333099480, 386.3680786083566, 36076, 21.204302923761045, 2381, 0, 0.0, 22, 
2019-12-13 13:14:12.445,73149344, 437.75009006110815, 37156, 23.954431017724207, 2440, 0, 0.0, 19, 
2019-12-13 13:14:13.491,94412112, 437.75009006110815, 38357, 23.954431017724207, 2501, 0, 0.0, 23, 
2019-12-13 13:14:14.518,117858864, 437.75009006110815, 39548, 23.954431017724207, 2559, 0, 0.0, 27, 
2019-12-13 13:14:15.548,143014176, 437.75009006110815, 40780, 23.954431017724207, 2618, 0, 0.0, 28, 
2019-12-13 13:14:16.59,165145152, 437.75009006110815, 42078, 23.954431017724207, 2665, 0, 0.0, 19, 
2019-12-13 13:14:17.634,189626512, 496.93720493086295, 43366, 26.516653244238466, 2726, 0, 0.0, 19, 
2019-12-13 13:14:18.669,213816944, 496.93720493086295, 44673, 26.516653244238466, 2787, 0, 0.0, 10, 
2019-12-13 13:14:19.7,238959632, 496.93720493086295, 45991, 26.516653244238466, 2869, 0, 0.0, 14, 
2019-12-13 13:14:20.741,264193624, 496.93720493086295, 47346, 26.516653244238466, 2929, 0, 0.0, 16, 
2019-12-13 13:14:21.789,287161312, 496.93720493086295, 48608, 26.516653244238466, 3008, 0, 0.0, 24, 
2019-12-13 13:14:22.908,315095264, 557.4046394046799, 50143, 29.673567346488788, 3087, 0, 0.0, 29, 
2019-12-13 13:14:23.941,339122304, 557.4046394046799, 51369, 29.673567346488788, 3155, 0, 0.0, 26, 
2019-12-13 13:14:24.973,79521552, 557.4046394046799, 52508, 29.673567346488788, 3220, 0, 0.0, 29, 
2019-12-13 13:14:26.01,105049256, 557.4046394046799, 53808, 29.673567346488788, 3291, 0, 0.0, 20, 
2019-12-13 13:14:27.048,129239936, 611.4222619347921, 55106, 32.53009518250634, 3352, 0, 0.0, 17, 
2019-12-13 13:14:28.078,152923896, 611.4222619347921, 56393, 32.53009518250634, 3420, 0, 0.0, 24, 
2019-12-13 13:14:29.105,178117712, 611.4222619347921, 57739, 32.53009518250634, 3497, 0, 0.0, 21, 
2019-12-13 13:14:30.137,203123664, 611.4222619347921, 59065, 32.53009518250634, 3569, 0, 0.0, 21, 
2019-12-13 13:14:31.162,231752944, 611.4222619347921, 60513, 32.53009518250634, 3644, 0, 0.0, 15, 
2019-12-13 13:14:32.192,258219416, 669.1004412551705, 61989, 35.60597894134326, 3721, 0, 0.0, 14, 
2019-12-13 13:14:33.233,283692816, 669.1004412551705, 63385, 35.60597894134326, 3805, 0, 0.0, 27, 
2019-12-13 13:14:34.282,311282168, 669.1004412551705, 64912, 35.60597894134326, 3871, 0, 0.0, 22, 
2019-12-13 13:14:35.316,337971216, 669.1004412551705, 66316, 35.60597894134326, 3967, 0, 0.0, 30, 
2019-12-13 13:14:36.345,76583392, 669.1004412551705, 67582, 35.60597894134326, 4028, 0, 0.0, 26, 
2019-12-13 13:14:37.371,100907432, 721.8790878775387, 68887, 38.62782201859984, 4101, 0, 0.0, 31, 
2019-12-13 13:14:38.402,124402144, 721.8790878775387, 70167, 38.62782201859984, 4161, 0, 0.0, 31, 
2019-12-13 13:14:39.43,147085688, 721.8790878775387, 71470, 38.62782201859984, 4214, 0, 0.0, 26, 
2019-12-13 13:14:40.458,174877456, 721.8790878775387, 73027, 38.62782201859984, 4290, 0, 0.0, 28, 
2019-12-13 13:14:41.483,196076480, 721.8790878775387, 74120, 38.62782201859984, 4348, 0, 0.0, 23, 
2019-12-13 13:14:42.518,206041936, 761.178930128219, 74606, 40.27268255145244, 4381, 0, 0.0, 19, 
2019-12-13 13:14:43.555,217238056, 761.178930128219, 75103, 40.27268255145244, 4407, 0, 0.0, 20, 
2019-12-13 13:14:44.598,226712784, 761.178930128219, 75621, 40.27268255145244, 4436, 0, 0.0, 19, 
2019-12-13 13:14:45.634,237861392, 761.178930128219, 76077, 40.27268255145244, 4460, 0, 0.0, 18, 
2019-12-13 13:14:46.681,246773288, 761.178930128219, 76542, 40.27268255145244, 4476, 0, 0.0, 15, 
2019-12-13 13:14:47.727,257735024, 737.7696193856168, 77043, 38.90762622420332, 4497, 0, 0.0, 15, 
2019-12-13 13:14:48.765,267214000, 737.7696193856168, 77510, 38.90762622420332, 4527, 0, 0.0, 15, 
2019-12-13 13:14:49.816,278381472, 737.7696193856168, 78010, 38.90762622420332, 4555, 0, 0.0, 12, 
2019-12-13 13:14:50.856,289872752, 737.7696193856168, 78497, 38.90762622420332, 4581, 0, 0.0, 14, 
2019-12-13 13:14:51.895,299120968, 737.7696193856168, 78984, 38.90762622420332, 4607, 0, 0.0, 15, 
2019-12-13 13:14:52.928,315373800, 716.0721026158221, 79475, 37.82761606247884, 4637, 0, 0.0, 14, 
2019-12-13 13:14:53.974,338301384, 716.0721026158221, 79957, 37.82761606247884, 4657, 0, 0.0, 12, 
2019-12-13 13:14:55.017,349238016, 716.0721026158221, 80429, 37.82761606247884, 4682, 0, 0.0, 17, 
2019-12-13 13:14:56.054,76773008, 716.0721026158221, 80953, 37.82761606247884, 4703, 0, 0.0, 15, 
2019-12-13 13:14:57.085,86728104, 696.541183661448, 81425, 36.754003160070646, 4734, 0, 0.0, 15, 
2019-12-13 13:14:58.116,97859440, 696.541183661448, 81904, 36.754003160070646, 4762, 0, 0.0, 14, 
2019-12-13 13:14:59.223,108407040, 696.541183661448, 82391, 36.754003160070646, 4790, 0, 0.0, 15, 
2019-12-13 13:15:00.269,119065280, 696.541183661448, 82878, 36.754003160070646, 4816, 0, 0.0, 16, 
2019-12-13 13:15:01.301,129570624, 696.541183661448, 83360, 36.754003160070646, 4845, 0, 0.0, 18, 
2019-12-13 13:15:02.344,139451328, 677.1326702282261, 83820, 35.95812501062563, 4877, 0, 0.0, 18, 
2019-12-13 13:15:03.396,149861784, 677.1326702282261, 84313, 35.95812501062563, 4902, 0, 0.0, 20, 
2019-12-13 13:15:04.441,160887424, 677.1326702282261, 84820, 35.95812501062563, 4923, 0, 0.0, 17, 
2019-12-13 13:15:05.472,170547200, 677.1326702282261, 85307, 35.95812501062563, 4944, 0, 0.0, 15, 
2019-12-13 13:15:06.505,180968544, 677.1326702282261, 85761, 35.95812501062563, 4971, 0, 0.0, 13, 
2019-12-13 13:15:07.546,191095640, 659.8356649453267, 86237, 34.90605942302052, 4990, 0, 0.0, 10, 
2019-12-13 13:15:08.582,201060640, 659.8356649453267, 86686, 34.90605942302052, 5013, 0, 0.0, 17, 
2019-12-13 13:15:09.614,212158920, 659.8356649453267, 87173, 34.90605942302052, 5036, 0, 0.0, 14, 
2019-12-13 13:15:10.651,221971936, 659.8356649453267, 87660, 34.90605942302052, 5068, 0, 0.0, 21, 
2019-12-13 13:15:11.696,232752720, 659.8356649453267, 88147, 34.90605942302052, 5105, 0, 0.0, 23, 
2019-12-13 13:15:12.734,243747240, 644.241474186464, 88624, 34.22595246265516, 5132, 0, 0.0, 16, 
2019-12-13 13:15:13.766,254204536, 644.241474186464, 89101, 34.22595246265516, 5158, 0, 0.0, 17, 
2019-12-13 13:15:14.794,265094896, 644.241474186464, 89586, 34.22595246265516, 5186, 0, 0.0, 17, 
2019-12-13 13:15:15.832,275701784, 644.241474186464, 90076, 34.22595246265516, 5212, 0, 0.0, 11, 
2019-12-13 13:15:16.868,287362992, 644.241474186464, 90579, 34.22595246265516, 5248, 0, 0.0, 18, 
2019-12-13 13:15:17.905,297521576, 630.3578684732579, 91073, 33.74414390608769, 5284, 0, 0.0, 23, 
2019-12-13 13:15:18.938,307431224, 630.3578684732579, 91533, 33.74414390608769, 5306, 0, 0.0, 16, 
2019-12-13 13:15:19.97,318020040, 630.3578684732579, 92016, 33.74414390608769, 5330, 0, 0.0, 14, 
2019-12-13 13:15:20.999,327958640, 630.3578684732579, 92475, 33.74414390608769, 5356, 0, 0.0, 14, 
2019-12-13 13:15:22.026,338010424, 616.528920855014, 92943, 33.06099187858515, 5377, 0, 0.0, 14, 
2019-12-13 13:15:23.057,348381200, 616.528920855014, 93435, 33.06099187858515, 5391, 0, 0.0, 11, 
2019-12-13 13:15:24.095,74968432, 616.528920855014, 93885, 33.06099187858515, 5411, 0, 0.0, 7, 
2019-12-13 13:15:25.129,85672224, 616.528920855014, 94348, 33.06099187858515, 5439, 0, 0.0, 12, 
2019-12-13 13:15:26.165,95739984, 616.528920855014, 94810, 33.06099187858515, 5476, 0, 0.0, 20, 
2019-12-13 13:15:27.198,106869616, 603.3899057947198, 95273, 32.32052385181979, 5502, 0, 0.0, 14, 
2019-12-13 13:15:28.239,117793896, 603.3899057947198, 95766, 32.32052385181979, 5532, 0, 0.0, 20, 
2019-12-13 13:15:29.272,127717640, 603.3899057947198, 96258, 32.32052385181979, 5563, 0, 0.0, 19, 
2019-12-13 13:15:30.306,138668736, 603.3899057947198, 96730, 32.32052385181979, 5584, 0, 0.0, 16, 
2019-12-13 13:15:31.338,147246088, 603.3899057947198, 97215, 32.32052385181979, 5616, 0, 0.0, 21, 
2019-12-13 13:15:32.366,158255720, 592.6126999748445, 97699, 31.799171550324086, 5635, 0, 0.0, 16, 
2019-12-13 13:15:33.403,170034120, 592.6126999748445, 98175, 31.799171550324086, 5657, 0, 0.0, 12, 
2019-12-13 13:15:34.433,179809792, 592.6126999748445, 98659, 31.799171550324086, 5682, 0, 0.0, 15, 
2019-12-13 13:15:35.467,188519504, 592.6126999748445, 99127, 31.799171550324086, 5707, 0, 0.0, 15, 
2019-12-13 13:15:36.54,201302776, 592.6126999748445, 99620, 31.799171550324086, 5733, 0, 0.0, 13, 
2019-12-13 13:15:37.573,211885168, 582.0095739207699, 100071, 31.095628638240917, 5752, 0, 0.0, 11, 
2019-12-13 13:15:38.602,220788016, 582.0095739207699, 100527, 31.095628638240917, 5771, 0, 0.0, 12, 
2019-12-13 13:15:39.634,231961176, 582.0095739207699, 101022, 31.095628638240917, 5800, 0, 0.0, 16, 
2019-12-13 13:15:40.673,243538432, 582.0095739207699, 101538, 31.095628638240917, 5822, 0, 0.0, 18, 
2019-12-13 13:15:41.702,254263656, 582.0095739207699, 102026, 31.095628638240917, 5846, 0, 0.0, 13, 
2019-12-13 13:15:42.73,263011968, 572.4781026561458, 102500, 30.368382326156073, 5871, 0, 0.0, 15, 
2019-12-13 13:15:43.757,274466584, 572.4781026561458, 102969, 30.368382326156073, 5899, 0, 0.0, 18, 
2019-12-13 13:15:44.789,283822112, 572.4781026561458, 103467, 30.368382326156073, 5935, 0, 0.0, 22, 
2019-12-13 13:15:45.815,294681416, 572.4781026561458, 103940, 30.368382326156073, 5957, 0, 0.0, 16, 
2019-12-13 13:15:46.845,305210720, 572.4781026561458, 104395, 30.368382326156073, 5974, 0, 0.0, 16, 
2019-12-13 13:15:47.877,315031624, 563.7566991071509, 104906, 29.971132408922937, 6004, 0, 0.0, 18, 
2019-12-13 13:15:48.906,327078864, 563.7566991071509, 105398, 29.971132408922937, 6026, 0, 0.0, 8, 
2019-12-13 13:15:49.946,337424608, 563.7566991071509, 105900, 29.971132408922937, 6048, 0, 0.0, 9, 
2019-12-13 13:15:50.979,347024696, 563.7566991071509, 106383, 29.971132408922937, 6076, 0, 0.0, 15, 
2019-12-13 13:15:52.01,74428848, 556.1963628793197, 106827, 29.557671490138226, 6104, 0, 0.0, 14, 
2019-12-13 13:15:53.042,82880560, 556.1963628793197, 107305, 29.557671490138226, 6138, 0, 0.0, 21, 
2019-12-13 13:15:54.073,92832896, 556.1963628793197, 107809, 29.557671490138226, 6164, 0, 0.0, 17, 
2019-12-13 13:15:55.103,104394688, 556.1963628793197, 108282, 29.557671490138226, 6198, 0, 0.0, 17, 
2019-12-13 13:15:56.133,114641896, 556.1963628793197, 108769, 29.557671490138226, 6227, 0, 0.0, 13, 
2019-12-13 13:15:57.166,125913128, 549.5123667504442, 109263, 29.52907365677382, 6249, 0, 0.0, 7, 
2019-12-13 13:15:58.195,136527040, 549.5123667504442, 109742, 29.52907365677382, 6269, 0, 0.0, 11, 
2019-12-13 13:15:59.23,147192344, 549.5123667504442, 110212, 29.52907365677382, 6299, 0, 0.0, 16, 
2019-12-13 13:16:00.268,156744080, 549.5123667504442, 110680, 29.52907365677382, 6323, 0, 0.0, 9, 
2019-12-13 13:16:01.298,167068504, 549.5123667504442, 111153, 29.52907365677382, 6344, 0, 0.0, 11, 
2019-12-13 13:16:02.335,179184904, 542.851077698296, 111655, 29.039019984766476, 6372, 0, 0.0, 12, 
2019-12-13 13:16:03.408,188221632, 542.851077698296, 112190, 29.039019984766476, 6403, 0, 0.0, 15, 
2019-12-13 13:16:04.437,199780568, 542.851077698296, 112637, 29.039019984766476, 6435, 0, 0.0, 20, 
2019-12-13 13:16:05.472,210409336, 542.851077698296, 113104, 29.039019984766476, 6454, 0, 0.0, 15, 
2019-12-13 13:16:06.501,219333112, 542.851077698296, 113595, 29.039019984766476, 6479, 0, 0.0, 16, 
2019-12-13 13:16:07.528,230217200, 536.6104580921166, 114082, 28.796033362931286, 6502, 0, 0.0, 15, 
2019-12-13 13:16:08.569,240734896, 536.6104580921166, 114564, 28.796033362931286, 6521, 0, 0.0, 11, 
2019-12-13 13:16:09.604,250315568, 536.6104580921166, 115025, 28.796033362931286, 6541, 0, 0.0, 12, 
2019-12-13 13:16:10.635,261529640, 536.6104580921166, 115477, 28.796033362931286, 6573, 0, 0.0, 16, 
2019-12-13 13:16:11.673,271687448, 536.6104580921166, 115972, 28.796033362931286, 6599, 0, 0.0, 13, 
2019-12-13 13:16:12.712,282258216, 530.3890773674009, 116459, 28.300625888421873, 6630, 0, 0.0, 18, 
2019-12-13 13:16:13.757,293678024, 530.3890773674009, 116944, 28.300625888421873, 6665, 0, 0.0, 24, 
2019-12-13 13:16:14.793,303975368, 530.3890773674009, 117382, 28.300625888421873, 6697, 0, 0.0, 20, 
2019-12-13 13:16:15.837,313424168, 530.3890773674009, 117890, 28.300625888421873, 6722, 0, 0.0, 15, 
2019-12-13 13:16:16.875,324280872, 530.3890773674009, 118341, 28.300625888421873, 6754, 0, 0.0, 11, 
2019-12-13 13:16:17.905,333220160, 524.2653528534903, 118833, 28.45249145735101, 6773, 0, 0.0, 9, 
2019-12-13 13:16:18.95,344870232, 524.2653528534903, 119337, 28.45249145735101, 6802, 0, 0.0, 14, 
2019-12-13 13:16:20.02,76625128, 524.2653528534903, 119811, 28.45249145735101, 6827, 0, 0.0, 15, 
2019-12-13 13:16:21.05,88088656, 524.2653528534903, 120297, 28.45249145735101, 6851, 0, 0.0, 10, 
2019-12-13 13:16:22.081,97355376, 519.6386946934088, 120762, 27.984552077001627, 6873, 0, 0.0, 11, 
2019-12-13 13:16:23.113,111484640, 519.6386946934088, 121364, 27.984552077001627, 6906, 0, 0.0, 10, 
2019-12-13 13:16:24.138,124759320, 519.6386946934088, 121985, 27.984552077001627, 6940, 0, 0.0, 11, 
2019-12-13 13:16:25.166,139424008, 519.6386946934088, 122650, 27.984552077001627, 6985, 0, 0.0, 14, 
2019-12-13 13:16:26.195,153793968, 519.6386946934088, 123349, 27.984552077001627, 7020, 0, 0.0, 23, 
2019-12-13 13:16:27.222,170627240, 529.9978447005861, 124204, 28.657414141841407, 7063, 0, 0.0, 19, 
2019-12-13 13:16:28.249,189215544, 529.9978447005861, 125086, 28.657414141841407, 7124, 0, 0.0, 31, 
2019-12-13 13:16:29.281,207253456, 529.9978447005861, 126061, 28.657414141841407, 7172, 0, 0.0, 24, 
2019-12-13 13:16:30.311,226077248, 529.9978447005861, 127034, 28.657414141841407, 7215, 0, 0.0, 23, 
2019-12-13 13:16:31.337,244279240, 529.9978447005861, 127917, 28.657414141841407, 7264, 0, 0.0, 25, 
2019-12-13 13:16:32.368,259688736, 559.0378856354422, 128764, 30.07603298011997, 7308, 0, 0.0, 28, 
2019-12-13 13:16:33.395,277990416, 559.0378856354422, 129665, 30.07603298011997, 7355, 0, 0.0, 15, 
2019-12-13 13:16:34.42,296541160, 559.0378856354422, 130549, 30.07603298011997, 7401, 0, 0.0, 13, 
2019-12-13 13:16:35.445,314698800, 559.0378856354422, 131449, 30.07603298011997, 7454, 0, 0.0, 12, 
2019-12-13 13:16:36.471,332037280, 559.0378856354422, 132368, 30.07603298011997, 7502, 0, 0.0, 11, 
2019-12-13 13:16:37.495,351312904, 584.396768146862, 133327, 31.621092074878128, 7551, 0, 0.0, 11, 
2019-12-13 13:16:38.521,83687824, 584.396768146862, 134265, 31.621092074878128, 7605, 0, 0.0, 17, 
2019-12-13 13:16:39.549,102343336, 584.396768146862, 135221, 31.621092074878128, 7650, 0, 0.0, 24, 
2019-12-13 13:16:40.576,120775392, 584.396768146862, 136200, 31.621092074878128, 7697, 0, 0.0, 19, 
2019-12-13 13:16:41.601,140840208, 584.396768146862, 137210, 31.621092074878128, 7751, 0, 0.0, 19, 
2019-12-13 13:16:42.627,157051704, 613.5328418606459, 138154, 32.81873942624472, 7792, 0, 0.0, 15, 
2019-12-13 13:16:43.656,177292264, 613.5328418606459, 139120, 32.81873942624472, 7846, 0, 0.0, 18, 
2019-12-13 13:16:44.688,198048544, 613.5328418606459, 140100, 32.81873942624472, 7904, 0, 0.0, 23, 
2019-12-13 13:16:45.713,214532216, 613.5328418606459, 141018, 32.81873942624472, 7936, 0, 0.0, 15, 
2019-12-13 13:16:46.745,233142160, 613.5328418606459, 141988, 32.81873942624472, 7992, 0, 0.0, 18, 
2019-12-13 13:16:47.771,253979200, 638.8681409744208, 143026, 33.90463706549101, 8040, 0, 0.0, 13, 
2019-12-13 13:16:48.804,273186256, 638.8681409744208, 144078, 33.90463706549101, 8103, 0, 0.0, 14, 
2019-12-13 13:16:49.828,294507272, 638.8681409744208, 145171, 33.90463706549101, 8157, 0, 0.0, 20, 
2019-12-13 13:16:50.857,313927376, 638.8681409744208, 146236, 33.90463706549101, 8222, 0, 0.0, 19, 
2019-12-13 13:16:51.893,334817384, 638.8681409744208, 147289, 33.90463706549101, 8272, 0, 0.0, 25, 
2019-12-13 13:16:52.92,354545776, 670.253255539451, 148342, 35.62331139167482, 8318, 0, 0.0, 26, 
2019-12-13 13:16:53.944,91179096, 670.253255539451, 149395, 35.62331139167482, 8365, 0, 0.0, 18, 
2019-12-13 13:16:54.968,115581704, 670.253255539451, 150553, 35.62331139167482, 8432, 0, 0.0, 25, 
2019-12-13 13:16:55.993,136174640, 670.253255539451, 151622, 35.62331139167482, 8487, 0, 0.0, 23, 
2019-12-13 13:16:57.023,157586016, 702.1512760245199, 152811, 36.7728079450454, 8530, 0, 0.0, 10, 
2019-12-13 13:16:58.048,179748208, 702.1512760245199, 153975, 36.7728079450454, 8591, 0, 0.0, 16, 
2019-12-13 13:16:59.08,200519344, 702.1512760245199, 155126, 36.7728079450454, 8658, 0, 0.0, 23, 
2019-12-13 13:17:00.107,222482936, 702.1512760245199, 156295, 36.7728079450454, 8714, 0, 0.0, 19, 
2019-12-13 13:17:01.131,245647576, 702.1512760245199, 157527, 36.7728079450454, 8773, 0, 0.0, 20, 
2019-12-13 13:17:02.157,266987992, 738.311087483121, 158730, 38.613960565242294, 8835, 0, 0.0, 31, 
2019-12-13 13:17:03.182,289058112, 738.311087483121, 159863, 38.613960565242294, 8908, 0, 0.0, 27, 
2019-12-13 13:17:04.205,310738864, 738.311087483121, 161003, 38.613960565242294, 8969, 0, 0.0, 21, 
2019-12-13 13:17:05.231,332595856, 738.311087483121, 162184, 38.613960565242294, 9034, 0, 0.0, 25, 
2019-12-13 13:17:06.257,355644968, 738.311087483121, 163381, 38.613960565242294, 9094, 0, 0.0, 19, 
2019-12-13 13:17:07.324,91972520, 768.9251946153498, 164521, 40.43583168652767, 9151, 0, 0.0, 16, 
2019-12-13 13:17:08.35,110938544, 768.9251946153498, 165495, 40.43583168652767, 9208, 0, 0.0, 16, 
2019-12-13 13:17:09.378,122400584, 768.9251946153498, 165993, 40.43583168652767, 9227, 0, 0.0, 15, 
2019-12-13 13:17:10.408,133031800, 768.9251946153498, 166490, 40.43583168652767, 9251, 0, 0.0, 13, 
2019-12-13 13:17:11.437,143680528, 768.9251946153498, 166956, 40.43583168652767, 9277, 0, 0.0, 13, 
2019-12-13 13:17:12.469,154066536, 757.1137402058823, 167430, 39.77733094301698, 9304, 0, 0.0, 18, 
2019-12-13 13:17:13.503,164195832, 757.1137402058823, 167877, 39.77733094301698, 9330, 0, 0.0, 17, 
2019-12-13 13:17:14.533,173100200, 757.1137402058823, 168336, 39.77733094301698, 9365, 0, 0.0, 20, 
2019-12-13 13:17:15.564,185025648, 757.1137402058823, 168833, 39.77733094301698, 9397, 0, 0.0, 22, 
2019-12-13 13:17:16.594,195814416, 757.1137402058823, 169289, 39.77733094301698, 9425, 0, 0.0, 26, 
2019-12-13 13:17:17.626,206288696, 732.6862102689362, 169749, 38.851658670438006, 9453, 0, 0.0, 17, 
2019-12-13 13:17:18.702,216576520, 732.6862102689362, 170245, 38.851658670438006, 9474, 0, 0.0, 13, 
2019-12-13 13:17:19.736,225866016, 732.6862102689362, 170746, 38.851658670438006, 9496, 0, 0.0, 16, 
2019-12-13 13:17:20.773,236358792, 732.6862102689362, 171210, 38.851658670438006, 9525, 0, 0.0, 21, 
2019-12-13 13:17:21.808,246593968, 732.6862102689362, 171676, 38.851658670438006, 9556, 0, 0.0, 18, 
2019-12-13 13:17:22.841,257879536, 710.883424704372, 172165, 37.76013231016246, 9580, 0, 0.0, 18, 
2019-12-13 13:17:23.876,267792344, 710.883424704372, 172671, 37.76013231016246, 9606, 0, 0.0, 20, 
2019-12-13 13:17:24.905,279627296, 710.883424704372, 173162, 37.76013231016246, 9638, 0, 0.0, 19, 
2019-12-13 13:17:25.943,289469016, 710.883424704372, 173633, 37.76013231016246, 9673, 0, 0.0, 20, 
2019-12-13 13:17:27.017,298472256, 691.3036271345579, 174102, 36.915790749711626, 9696, 0, 0.0, 20, 
2019-12-13 13:17:28.06,309147384, 691.3036271345579, 174552, 36.915790749711626, 9716, 0, 0.0, 15, 
2019-12-13 13:17:29.09,319103000, 691.3036271345579, 175035, 36.915790749711626, 9737, 0, 0.0, 11, 
2019-12-13 13:17:30.137,330542640, 691.3036271345579, 175528, 36.915790749711626, 9764, 0, 0.0, 16, 
2019-12-13 13:17:31.179,340990024, 691.3036271345579, 176007, 36.915790749711626, 9796, 0, 0.0, 16, 
2019-12-13 13:17:32.225,350430648, 672.6337079408381, 176469, 35.931074491015664, 9819, 0, 0.0, 15, 
2019-12-13 13:17:33.3,74177280, 672.6337079408381, 176973, 35.931074491015664, 9843, 0, 0.0, 19, 
2019-12-13 13:17:34.339,84619000, 672.6337079408381, 177433, 35.931074491015664, 9869, 0, 0.0, 16, 
2019-12-13 13:17:35.384,95901960, 672.6337079408381, 177922, 35.931074491015664, 9888, 0, 0.0, 16, 
2019-12-13 13:17:36.467,105942912, 672.6337079408381, 178434, 35.931074491015664, 9907, 0, 0.0, 12, 
2019-12-13 13:17:37.508,116132072, 655.7284020553358, 178917, 34.59333163620611, 9929, 0, 0.0, 9, 
2019-12-13 13:17:38.55,127704680, 655.7284020553358, 179384, 34.59333163620611, 9952, 0, 0.0, 7, 
2019-12-13 13:17:39.589,138413552, 655.7284020553358, 179859, 34.59333163620611, 9986, 0, 0.0, 14, 
2019-12-13 13:17:40.622,148797576, 655.7284020553358, 180324, 34.59333163620611, 10016, 0, 0.0, 17, 
2019-12-13 13:17:41.656,159723224, 655.7284020553358, 180805, 34.59333163620611, 10042, 0, 0.0, 19, 
2019-12-13 13:17:42.689,169080464, 639.7270185197033, 181308, 33.938229009097164, 10061, 0, 0.0, 12, 
2019-12-13 13:17:43.719,179486560, 639.7270185197033, 181802, 33.938229009097164, 10086, 0, 0.0, 10, 
2019-12-13 13:17:44.747,191640776, 639.7270185197033, 182291, 33.938229009097164, 10102, 0, 0.0, 9, 
2019-12-13 13:17:45.775,201487096, 639.7270185197033, 182775, 33.938229009097164, 10127, 0, 0.0, 17, 
2019-12-13 13:17:46.807,211319680, 639.7270185197033, 183220, 33.938229009097164, 10152, 0, 0.0, 20, 
2019-12-13 13:17:47.835,220491000, 626.2523421031855, 183709, 32.98370092038561, 10181, 0, 0.0, 18, 
2019-12-13 13:17:48.866,232104272, 626.2523421031855, 184150, 32.98370092038561, 10199, 0, 0.0, 14, 
2019-12-13 13:17:49.896,241260000, 626.2523421031855, 184627, 32.98370092038561, 10227, 0, 0.0, 17, 
2019-12-13 13:17:50.921,251037632, 626.2523421031855, 185095, 32.98370092038561, 10249, 0, 0.0, 16, 
2019-12-13 13:17:51.947,262212368, 612.6397164295967, 185571, 32.34535943987177, 10280, 0, 0.0, 16, 
2019-12-13 13:17:52.979,272389368, 612.6397164295967, 186047, 32.34535943987177, 10301, 0, 0.0, 13, 
2019-12-13 13:17:54.004,283330608, 612.6397164295967, 186531, 32.34535943987177, 10328, 0, 0.0, 10, 
2019-12-13 13:17:55.031,292995792, 612.6397164295967, 187012, 32.34535943987177, 10353, 0, 0.0, 9, 
2019-12-13 13:17:56.057,303956952, 612.6397164295967, 187505, 32.34535943987177, 10374, 0, 0.0, 16, 
2019-12-13 13:17:57.085,314413584, 601.1869010541385, 187982, 31.61413687243158, 10396, 0, 0.0, 18, 
2019-12-13 13:17:58.115,325123344, 601.1869010541385, 188488, 31.61413687243158, 10416, 0, 0.0, 19, 
2019-12-13 13:17:59.142,336947016, 601.1869010541385, 189011, 31.61413687243158, 10448, 0, 0.0, 22, 
2019-12-13 13:18:00.169,347418608, 601.1869010541385, 189464, 31.61413687243158, 10482, 0, 0.0, 20, 
2019-12-13 13:18:01.195,75885280, 601.1869010541385, 189940, 31.61413687243158, 10511, 0, 0.0, 18, 
2019-12-13 13:18:02.223,86171528, 590.9376423435018, 190394, 31.101290804148668, 10531, 0, 0.0, 18, 
2019-12-13 13:18:03.251,95531160, 590.9376423435018, 190883, 31.101290804148668, 10550, 0, 0.0, 15, 
2019-12-13 13:18:04.276,106020448, 590.9376423435018, 191331, 31.101290804148668, 10575, 0, 0.0, 18, 
2019-12-13 13:18:05.305,116646040, 590.9376423435018, 191796, 31.101290804148668, 10602, 0, 0.0, 18, 
2019-12-13 13:18:06.331,125727120, 590.9376423435018, 192281, 31.101290804148668, 10625, 0, 0.0, 16, 
2019-12-13 13:18:07.361,137033504, 580.5963754394638, 192762, 30.405574004422476, 10648, 0, 0.0, 13, 
2019-12-13 13:18:08.388,146316336, 580.5963754394638, 193244, 30.405574004422476, 10676, 0, 0.0, 13, 
2019-12-13 13:18:09.454,156950856, 580.5963754394638, 193724, 30.405574004422476, 10698, 0, 0.0, 17, 
2019-12-13 13:18:10.487,167587512, 580.5963754394638, 194210, 30.405574004422476, 10734, 0, 0.0, 20, 
2019-12-13 13:18:11.521,178137144, 580.5963754394638, 194678, 30.405574004422476, 10756, 0, 0.0, 12, 
2019-12-13 13:18:12.553,188350960, 570.5702348378404, 195139, 30.03733263893091, 10783, 0, 0.0, 13, 
2019-12-13 13:18:13.579,199149072, 570.5702348378404, 195641, 30.03733263893091, 10801, 0, 0.0, 12, 
2019-12-13 13:18:14.611,209736920, 570.5702348378404, 196138, 30.03733263893091, 10822, 0, 0.0, 6, 
2019-12-13 13:18:15.644,219012704, 570.5702348378404, 196623, 30.03733263893091, 10851, 0, 0.0, 10, 
2019-12-13 13:18:16.675,229038344, 570.5702348378404, 197110, 30.03733263893091, 10887, 0, 0.0, 16, 
2019-12-13 13:18:17.701,239505912, 562.5610650746627, 197570, 29.74650757859732, 10917, 0, 0.0, 17, 
2019-12-13 13:18:18.736,249786168, 562.5610650746627, 198023, 29.74650757859732, 10937, 0, 0.0, 11, 
2019-12-13 13:18:19.762,259680472, 562.5610650746627, 198492, 29.74650757859732, 10959, 0, 0.0, 11, 
2019-12-13 13:18:20.789,270169264, 562.5610650746627, 198950, 29.74650757859732, 10976, 0, 0.0, 13, 
2019-12-13 13:18:21.813,280441632, 562.5610650746627, 199411, 29.74650757859732, 11001, 0, 0.0, 16, 
2019-12-13 13:18:22.841,291094360, 553.7210903974126, 199892, 29.15911326472046, 11032, 0, 0.0, 21, 
2019-12-13 13:18:23.868,300921376, 553.7210903974126, 200341, 29.15911326472046, 11054, 0, 0.0, 22, 
2019-12-13 13:18:24.896,313745232, 553.7210903974126, 200833, 29.15911326472046, 11080, 0, 0.0, 18, 
2019-12-13 13:18:25.929,322793136, 553.7210903974126, 201307, 29.15911326472046, 11107, 0, 0.0, 14, 
2019-12-13 13:18:26.964,333779040, 546.2595479872576, 201792, 28.874542280239194, 11135, 0, 0.0, 15, 
2019-12-13 13:18:27.988,344280232, 546.2595479872576, 202268, 28.874542280239194, 11168, 0, 0.0, 18, 
2019-12-13 13:18:29.015,353794360, 546.2595479872576, 202771, 28.874542280239194, 11188, 0, 0.0, 16, 
2019-12-13 13:18:30.041,81112024, 546.2595479872576, 203255, 28.874542280239194, 11212, 0, 0.0, 10, 
2019-12-13 13:18:31.069,91706992, 546.2595479872576, 203783, 28.874542280239194, 11234, 0, 0.0, 13, 
2019-12-13 13:18:32.109,102023088, 540.6578958171315, 204232, 28.452813164660288, 11256, 0, 0.0, 13, 
2019-12-13 13:18:33.137,111864168, 540.6578958171315, 204703, 28.452813164660288, 11284, 0, 0.0, 14, 
2019-12-13 13:18:34.169,122430000, 540.6578958171315, 205165, 28.452813164660288, 11303, 0, 0.0, 15, 
2019-12-13 13:18:35.199,133050680, 540.6578958171315, 205668, 28.452813164660288, 11325, 0, 0.0, 14, 
2019-12-13 13:18:36.227,142985960, 540.6578958171315, 206126, 28.452813164660288, 11350, 0, 0.0, 19, 
2019-12-13 13:18:37.255,152134384, 534.2888021276763, 206618, 28.032821413237077, 11376, 0, 0.0, 21, 
2019-12-13 13:18:38.284,164010840, 534.2888021276763, 207103, 28.032821413237077, 11396, 0, 0.0, 18, 
2019-12-13 13:18:39.316,175329544, 534.2888021276763, 207595, 28.032821413237077, 11422, 0, 0.0, 19, 
2019-12-13 13:18:40.35,185033504, 534.2888021276763, 208080, 28.032821413237077, 11449, 0, 0.0, 15, 
2019-12-13 13:18:41.38,196172760, 534.2888021276763, 208568, 28.032821413237077, 11477, 0, 0.0, 14, 
2019-12-13 13:18:42.409,205978136, 529.4044111939645, 209029, 27.790330401816984, 11508, 0, 0.0, 17, 
2019-12-13 13:18:43.465,217546152, 529.4044111939645, 209553, 27.790330401816984, 11532, 0, 0.0, 16, 
2019-12-13 13:18:44.501,227726984, 529.4044111939645, 210046, 27.790330401816984, 11563, 0, 0.0, 17, 
2019-12-13 13:18:45.528,238499840, 529.4044111939645, 210543, 27.790330401816984, 11594, 0, 0.0, 16, 
2019-12-13 13:18:46.555,248169784, 529.4044111939645, 211008, 27.790330401816984, 11621, 0, 0.0, 16, 
2019-12-13 13:18:47.584,259363632, 524.7026700745731, 211486, 27.807094657274142, 11654, 0, 0.0, 20, 
2019-12-13 13:18:48.613,270407912, 524.7026700745731, 211968, 27.807094657274142, 11681, 0, 0.0, 16, 
2019-12-13 13:18:49.641,280962072, 524.7026700745731, 212443, 27.807094657274142, 11699, 0, 0.0, 10, 
2019-12-13 13:18:50.665,290843336, 524.7026700745731, 212945, 27.807094657274142, 11725, 0, 0.0, 14, 
2019-12-13 13:18:51.697,302203368, 524.7026700745731, 213441, 27.807094657274142, 11746, 0, 0.0, 15, 
2019-12-13 13:18:52.72,312590488, 520.9045662820905, 213930, 27.486705058316076, 11770, 0, 0.0, 20, 
2019-12-13 13:18:53.746,323890800, 520.9045662820905, 214436, 27.486705058316076, 11800, 0, 0.0, 23, 
2019-12-13 13:18:54.773,334310232, 520.9045662820905, 215031, 27.486705058316076, 11829, 0, 0.0, 24, 
2019-12-13 13:18:55.798,348184184, 520.9045662820905, 215654, 27.486705058316076, 11857, 0, 0.0, 18, 
2019-12-13 13:18:56.823,77226144, 520.9045662820905, 216311, 27.486705058316076, 11892, 0, 0.0, 14, 
2019-12-13 13:18:57.848,90776160, 524.2543402093643, 216938, 27.575719207068627, 11926, 0, 0.0, 14, 
2019-12-13 13:18:58.884,108055000, 524.2543402093643, 217784, 27.575719207068627, 11966, 0, 0.0, 11, 
2019-12-13 13:18:59.908,125121168, 524.2543402093643, 218627, 27.575719207068627, 12015, 0, 0.0, 25, 
2019-12-13 13:19:00.932,144265488, 524.2543402093643, 219575, 27.575719207068627, 12062, 0, 0.0, 21, 
2019-12-13 13:19:01.961,162441224, 548.5724844758753, 220544, 28.553118733602975, 12095, 0, 0.0, 9, 
2019-12-13 13:19:02.988,181289200, 548.5724844758753, 221481, 28.553118733602975, 12143, 0, 0.0, 8, 
2019-12-13 13:19:04.012,199916904, 548.5724844758753, 222423, 28.553118733602975, 12201, 0, 0.0, 19, 
2019-12-13 13:19:05.046,217273176, 548.5724844758753, 223301, 28.553118733602975, 12243, 0, 0.0, 19, 
2019-12-13 13:19:06.072,234238072, 548.5724844758753, 224209, 28.553118733602975, 12302, 0, 0.0, 26, 
2019-12-13 13:19:07.096,251178336, 575.0080010192592, 225070, 30.155978860114203, 12351, 0, 0.0, 21, 
2019-12-13 13:19:08.121,270514760, 575.0080010192592, 226024, 30.155978860114203, 12395, 0, 0.0, 23, 
2019-12-13 13:19:09.149,289646624, 575.0080010192592, 226980, 30.155978860114203, 12443, 0, 0.0, 21, 
2019-12-13 13:19:10.174,309198816, 575.0080010192592, 227906, 30.155978860114203, 12485, 0, 0.0, 20, 
2019-12-13 13:19:11.201,325497744, 575.0080010192592, 228866, 30.155978860114203, 12542, 0, 0.0, 19, 
2019-12-13 13:19:12.226,344550128, 601.6965356898125, 229752, 31.5827080157205, 12592, 0, 0.0, 18, 
2019-12-13 13:19:13.25,79284120, 601.6965356898125, 230733, 31.5827080157205, 12635, 0, 0.0, 22, 
2019-12-13 13:19:14.273,96835808, 601.6965356898125, 231669, 31.5827080157205, 12682, 0, 0.0, 21, 
2019-12-13 13:19:15.299,116231768, 601.6965356898125, 232636, 31.5827080157205, 12724, 0, 0.0, 16, 
2019-12-13 13:19:16.325,135092736, 601.6965356898125, 233676, 31.5827080157205, 12767, 0, 0.0, 12, 
2019-12-13 13:19:17.361,154253328, 631.0005347191145, 234692, 32.687477684561124, 12824, 0, 0.0, 22, 
2019-12-13 13:19:18.384,173464744, 631.0005347191145, 235692, 32.687477684561124, 12886, 0, 0.0, 18, 
2019-12-13 13:19:19.452,192478600, 631.0005347191145, 236692, 32.687477684561124, 12956, 0, 0.0, 24, 
2019-12-13 13:19:20.483,211942152, 631.0005347191145, 237689, 32.687477684561124, 13001, 0, 0.0, 11, 
2019-12-13 13:19:21.552,232387656, 631.0005347191145, 238716, 32.687477684561124, 13054, 0, 0.0, 9, 
2019-12-13 13:19:22.626,252553040, 656.6662348693219, 239730, 34.34355953079524, 13110, 0, 0.0, 13, 
2019-12-13 13:19:23.692,272606240, 656.6662348693219, 240857, 34.34355953079524, 13164, 0, 0.0, 17, 
2019-12-13 13:19:24.718,292523040, 656.6662348693219, 241892, 34.34355953079524, 13219, 0, 0.0, 14, 
2019-12-13 13:19:25.744,314273064, 656.6662348693219, 242991, 34.34355953079524, 13275, 0, 0.0, 18, 
2019-12-13 13:19:26.769,335345560, 656.6662348693219, 244073, 34.34355953079524, 13339, 0, 0.0, 23, 
2019-12-13 13:19:27.793,353976168, 687.0440614624305, 245123, 35.94718396896264, 13376, 0, 0.0, 13, 
2019-12-13 13:19:28.816,91854712, 687.0440614624305, 246249, 35.94718396896264, 13431, 0, 0.0, 18, 
2019-12-13 13:19:29.841,113179968, 687.0440614624305, 247360, 35.94718396896264, 13488, 0, 0.0, 19, 
2019-12-13 13:19:30.865,136841960, 687.0440614624305, 248571, 35.94718396896264, 13558, 0, 0.0, 13, 
2019-12-13 13:19:31.893,157132176, 687.0440614624305, 249695, 35.94718396896264, 13614, 0, 0.0, 16, 
2019-12-13 13:19:32.915,179944424, 720.0142219092767, 250875, 37.470563027684044, 13667, 0, 0.0, 17, 
2019-12-13 13:19:33.941,200081624, 720.0142219092767, 251965, 37.470563027684044, 13722, 0, 0.0, 16, 
2019-12-13 13:19:34.967,223250552, 720.0142219092767, 253172, 37.470563027684044, 13786, 0, 0.0, 20, 
2019-12-13 13:19:35.996,245018216, 720.0142219092767, 254358, 37.470563027684044, 13845, 0, 0.0, 17, 
2019-12-13 13:19:37.021,265373896, 753.0347415462849, 255515, 39.016059475691165, 13906, 0, 0.0, 17, 
2019-12-13 13:19:38.047,288283064, 753.0347415462849, 256674, 39.016059475691165, 13964, 0, 0.0, 17, 
2019-12-13 13:19:39.071,309076888, 753.0347415462849, 257850, 39.016059475691165, 14014, 0, 0.0, 13, 
2019-12-13 13:19:40.095,331839000, 753.0347415462849, 259009, 39.016059475691165, 14081, 0, 0.0, 24, 
2019-12-13 13:19:41.122,346594736, 753.0347415462849, 259696, 39.016059475691165, 14111, 0, 0.0, 12, 
2019-12-13 13:19:42.154,72873264, 767.2160846103731, 260167, 39.55847341143214, 14140, 0, 0.0, 12, 
2019-12-13 13:19:43.186,82946816, 767.2160846103731, 260644, 39.55847341143214, 14167, 0, 0.0, 11, 
2019-12-13 13:19:44.211,93691672, 767.2160846103731, 261075, 39.55847341143214, 14192, 0, 0.0, 11, 
2019-12-13 13:19:45.248,103335944, 767.2160846103731, 261556, 39.55847341143214, 14217, 0, 0.0, 17, 
2019-12-13 13:19:46.277,112887480, 767.2160846103731, 261994, 39.55847341143214, 14241, 0, 0.0, 20, 
2019-12-13 13:19:47.307,123110224, 741.7569401739117, 262481, 38.490388850162454, 14273, 0, 0.0, 18, 
2019-12-13 13:19:48.337,132759040, 741.7569401739117, 262926, 38.490388850162454, 14299, 0, 0.0, 12, 
2019-12-13 13:19:49.374,143404888, 741.7569401739117, 263394, 38.490388850162454, 14323, 0, 0.0, 16, 
2019-12-13 13:19:50.401,153023488, 741.7569401739117, 263865, 38.490388850162454, 14360, 0, 0.0, 17, 
2019-12-13 13:19:51.429,163463448, 741.7569401739117, 264383, 38.490388850162454, 14384, 0, 0.0, 14, 
2019-12-13 13:19:52.465,175217808, 719.8685437730213, 264881, 37.52369473228862, 14403, 0, 0.0, 8, 
2019-12-13 13:19:53.492,186704112, 719.8685437730213, 265353, 37.52369473228862, 14427, 0, 0.0, 7, 
2019-12-13 13:19:54.526,210643104, 719.8685437730213, 265824, 37.52369473228862, 14456, 0, 0.0, 8, 
2019-12-13 13:19:55.554,221120576, 719.8685437730213, 266309, 37.52369473228862, 14484, 0, 0.0, 11, 
2019-12-13 13:19:56.582,230954120, 719.8685437730213, 266794, 37.52369473228862, 14507, 0, 0.0, 15, 
2019-12-13 13:19:57.616,241682336, 699.5543446313741, 267285, 36.44239980359414, 14534, 0, 0.0, 12, 
2019-12-13 13:19:58.647,251225312, 699.5543446313741, 267787, 36.44239980359414, 14559, 0, 0.0, 9, 
2019-12-13 13:19:59.678,261998520, 699.5543446313741, 268248, 36.44239980359414, 14586, 0, 0.0, 10, 
2019-12-13 13:20:00.714,274140656, 699.5543446313741, 268716, 36.44239980359414, 14606, 0, 0.0, 18, 
2019-12-13 13:20:01.746,283596776, 699.5543446313741, 269203, 36.44239980359414, 14626, 0, 0.0, 18, 
2019-12-13 13:20:02.772,294284520, 680.8004147051371, 269696, 35.4155782097335, 14650, 0, 0.0, 16, 
2019-12-13 13:20:03.798,304027912, 680.8004147051371, 270181, 35.4155782097335, 14676, 0, 0.0, 18, 
2019-12-13 13:20:04.879,315311144, 680.8004147051371, 270703, 35.4155782097335, 14705, 0, 0.0, 13, 
2019-12-13 13:20:05.91,325781544, 680.8004147051371, 271195, 35.4155782097335, 14726, 0, 0.0, 15, 
2019-12-13 13:20:06.94,335083520, 664.3455220778598, 271678, 34.438874503332976, 14749, 0, 0.0, 14, 
2019-12-13 13:20:07.971,345966608, 664.3455220778598, 272168, 34.438874503332976, 14775, 0, 0.0, 9, 
2019-12-13 13:20:08.997,74275440, 664.3455220778598, 272661, 34.438874503332976, 14805, 0, 0.0, 11, 
2019-12-13 13:20:10.025,83533264, 664.3455220778598, 273144, 34.438874503332976, 14819, 0, 0.0, 12, 
2019-12-13 13:20:11.053,92737088, 664.3455220778598, 273608, 34.438874503332976, 14845, 0, 0.0, 13, 
2019-12-13 13:20:12.083,102959768, 648.726556510584, 274097, 33.68418376717863, 14879, 0, 0.0, 11, 
2019-12-13 13:20:13.112,112741272, 648.726556510584, 274557, 33.68418376717863, 14898, 0, 0.0, 12, 
2019-12-13 13:20:14.149,123169928, 648.726556510584, 275042, 33.68418376717863, 14936, 0, 0.0, 18, 
2019-12-13 13:20:15.177,133511952, 648.726556510584, 275518, 33.68418376717863, 14957, 0, 0.0, 17, 
2019-12-13 13:20:16.206,144318608, 648.726556510584, 276005, 33.68418376717863, 14982, 0, 0.0, 14, 
2019-12-13 13:20:17.232,154807344, 634.1005566049381, 276493, 32.893888068162525, 14999, 0, 0.0, 13, 
2019-12-13 13:20:18.257,163872608, 634.1005566049381, 276927, 32.893888068162525, 15018, 0, 0.0, 19, 
2019-12-13 13:20:19.283,173975344, 634.1005566049381, 277394, 32.893888068162525, 15031, 0, 0.0, 13, 
2019-12-13 13:20:20.309,184250384, 634.1005566049381, 277893, 32.893888068162525, 15060, 0, 0.0, 14, 
2019-12-13 13:20:21.338,196885360, 634.1005566049381, 278402, 32.893888068162525, 15081, 0, 0.0, 14, 
2019-12-13 13:20:22.367,206966528, 620.9638094248622, 278897, 31.958896402413416, 15113, 0, 0.0, 15, 
2019-12-13 13:20:23.392,217700640, 620.9638094248622, 279387, 31.958896402413416, 15129, 0, 0.0, 8, 
2019-12-13 13:20:24.42,228241992, 620.9638094248622, 279864, 31.958896402413416, 15144, 0, 0.0, 6, 
2019-12-13 13:20:25.446,237502408, 620.9638094248622, 280341, 31.958896402413416, 15173, 0, 0.0, 7, 
2019-12-13 13:20:26.473,248514776, 620.9638094248622, 280798, 31.958896402413416, 15201, 0, 0.0, 8, 
2019-12-13 13:20:27.503,258811736, 608.4936317456567, 281293, 31.17861812798666, 15226, 0, 0.0, 11, 
2019-12-13 13:20:28.534,268989696, 608.4936317456567, 281823, 31.17861812798666, 15254, 0, 0.0, 12, 
2019-12-13 13:20:29.564,280484376, 608.4936317456567, 282310, 31.17861812798666, 15281, 0, 0.0, 9, 
2019-12-13 13:20:30.593,290455888, 608.4936317456567, 282785, 31.17861812798666, 15317, 0, 0.0, 13, 
2019-12-13 13:20:31.622,300438248, 608.4936317456567, 283241, 31.17861812798666, 15342, 0, 0.0, 13, 
2019-12-13 13:20:32.652,309682456, 597.7241235737304, 283697, 30.908478737819504, 15363, 0, 0.0, 14, 
2019-12-13 13:20:33.679,321309064, 597.7241235737304, 284179, 30.908478737819504, 15387, 0, 0.0, 10, 
2019-12-13 13:20:34.721,331196944, 597.7241235737304, 284663, 30.908478737819504, 15413, 0, 0.0, 10, 
2019-12-13 13:20:35.747,341381464, 597.7241235737304, 285109, 30.908478737819504, 15440, 0, 0.0, 9, 
2019-12-13 13:20:36.776,351981320, 597.7241235737304, 285585, 30.908478737819504, 15458, 0, 0.0, 11, 
2019-12-13 13:20:37.812,79521960, 586.072665970764, 286076, 30.212187222649053, 15491, 0, 0.0, 17, 
2019-12-13 13:20:38.842,89830600, 586.072665970764, 286547, 30.212187222649053, 15517, 0, 0.0, 19, 
2019-12-13 13:20:39.868,99579688, 586.072665970764, 287021, 30.212187222649053, 15542, 0, 0.0, 16, 
2019-12-13 13:20:40.895,108974760, 586.072665970764, 287494, 30.212187222649053, 15559, 0, 0.0, 13, 
2019-12-13 13:20:41.921,119970440, 586.072665970764, 287992, 30.212187222649053, 15585, 0, 0.0, 14, 
2019-12-13 13:20:42.996,130901832, 576.7120524321658, 288477, 29.82742597634886, 15609, 0, 0.0, 13, 
2019-12-13 13:20:44.023,142268584, 576.7120524321658, 288980, 29.82742597634886, 15641, 0, 0.0, 15, 
2019-12-13 13:20:45.049,152873840, 576.7120524321658, 289473, 29.82742597634886, 15664, 0, 0.0, 14, 
2019-12-13 13:20:46.076,162170816, 576.7120524321658, 289929, 29.82742597634886, 15692, 0, 0.0, 16, 
2019-12-13 13:20:47.109,173354048, 567.987934408956, 290432, 29.617348594391764, 15727, 0, 0.0, 18, 
2019-12-13 13:20:48.14,183074944, 567.987934408956, 290913, 29.617348594391764, 15746, 0, 0.0, 19, 
2019-12-13 13:20:49.168,192457056, 567.987934408956, 291396, 29.617348594391764, 15774, 0, 0.0, 16, 
2019-12-13 13:20:50.195,203050984, 567.987934408956, 291869, 29.617348594391764, 15796, 0, 0.0, 16, 
2019-12-13 13:20:51.221,212512080, 567.987934408956, 292334, 29.617348594391764, 15819, 0, 0.0, 18, 
2019-12-13 13:20:52.247,222848392, 560.0093317003573, 292830, 29.008299028554667, 15843, 0, 0.0, 17, 
2019-12-13 13:20:53.277,234708008, 560.0093317003573, 293344, 29.008299028554667, 15866, 0, 0.0, 14, 
2019-12-13 13:20:54.31,245159336, 560.0093317003573, 293835, 29.008299028554667, 15883, 0, 0.0, 16, 
2019-12-13 13:20:55.336,256003904, 560.0093317003573, 294319, 29.008299028554667, 15916, 0, 0.0, 17, 
2019-12-13 13:20:56.364,265626312, 560.0093317003573, 294793, 29.008299028554667, 15956, 0, 0.0, 18, 
2019-12-13 13:20:57.394,276261704, 553.5641653979161, 295269, 28.911688772423762, 15981, 0, 0.0, 21, 
2019-12-13 13:20:58.422,286508904, 553.5641653979161, 295738, 28.911688772423762, 16008, 0, 0.0, 20, 
2019-12-13 13:20:59.447,296814344, 553.5641653979161, 296200, 28.911688772423762, 16040, 0, 0.0, 19, 
2019-12-13 13:21:00.48,307625320, 553.5641653979161, 296683, 28.911688772423762, 16069, 0, 0.0, 16, 
2019-12-13 13:21:01.505,317362328, 553.5641653979161, 297139, 28.911688772423762, 16088, 0, 0.0, 12, 
2019-12-13 13:21:02.53,326625016, 545.3316052813225, 297571, 28.59892740683672, 16112, 0, 0.0, 16, 
2019-12-13 13:21:03.562,338712392, 545.3316052813225, 298063, 28.59892740683672, 16136, 0, 0.0, 13, 
2019-12-13 13:21:04.588,349107896, 545.3316052813225, 298521, 28.59892740683672, 16160, 0, 0.0, 13, 
2019-12-13 13:21:05.624,75373032, 545.3316052813225, 299019, 28.59892740683672, 16194, 0, 0.0, 22, 
2019-12-13 13:21:06.65,86847176, 545.3316052813225, 299546, 28.59892740683672, 16220, 0, 0.0, 12, 
2019-12-13 13:21:07.678,97452472, 539.5482894402537, 300051, 28.423110878835463, 16252, 0, 0.0, 16, 
2019-12-13 13:21:08.702,107884032, 539.5482894402537, 300534, 28.423110878835463, 16277, 0, 0.0, 15, 
2019-12-13 13:21:09.729,118662088, 539.5482894402537, 301021, 28.423110878835463, 16295, 0, 0.0, 13, 
2019-12-13 13:21:10.756,128332784, 539.5482894402537, 301483, 28.423110878835463, 16320, 0, 0.0, 14, 
2019-12-13 13:21:11.782,138841152, 539.5482894402537, 301961, 28.423110878835463, 16348, 0, 0.0, 10, 
2019-12-13 13:21:12.811,143877608, 533.8595863099358, 302187, 28.11743181058117, 16361, 0, 0.0, 11, 
2019-12-13 13:21:13.842,144781088, 533.8595863099358, 302187, 28.11743181058117, 16361, 0, 0.0, 11, 
2019-12-13 13:21:14.88,145958664, 533.8595863099358, 302187, 28.11743181058117, 16361, 0, 0.0, 11, 
