Timestamp, MemoryUsed, ReadLatency1, ReadCount, WriteLatency1, WriteCount, PendingTasks, WaitingOnCommit1, SRDelay, 
2019-12-10 13:56:03.144,151489384, 479.47249749341796, 764044, 24.913938989890166, 41693, 0, 0.0, 4309653, 
2019-12-10 13:56:04.218,152034360, 441.1359932871914, 764044, 22.92193041406417, 41693, 0, 0.0, 2154833, 
2019-12-10 13:56:05.286,152882608, 441.1359932871914, 764044, 22.92193041406417, 41693, 0, 0.0, 1077423, 
2019-12-10 13:56:06.329,153725240, 441.1359932871914, 764044, 22.92193041406417, 41693, 0, 0.0, 538718, 
2019-12-10 13:56:07.376,154796936, 441.1359932871914, 764044, 22.92193041406417, 41693, 0, 0.0, 269366, 
2019-12-10 13:56:08.422,155635432, 405.86470671583913, 764044, 21.089194049981753, 41693, 0, 0.0, 134690, 
2019-12-10 13:56:09.477,156471528, 405.86470671583913, 764044, 21.089194049981753, 41693, 0, 0.0, 67352, 
2019-12-10 13:56:10.526,157298256, 405.86470671583913, 764044, 21.089194049981753, 41693, 0, 0.0, 33683, 
2019-12-10 13:56:11.57,158148424, 405.86470671583913, 764044, 21.089194049981753, 41693, 0, 0.0, 16848, 
2019-12-10 13:56:12.632,159214416, 405.86470671583913, 764044, 21.089194049981753, 41693, 0, 0.0, 8431, 
2019-12-10 13:56:13.677,160025000, 373.41355650907616, 764044, 19.40299519471967, 41693, 0, 0.0, 4222, 
2019-12-10 13:56:14.721,161060064, 373.41355650907616, 764044, 19.40299519471967, 41693, 0, 0.0, 2118, 
2019-12-10 13:56:15.759,161881928, 373.41355650907616, 764044, 19.40299519471967, 41693, 0, 0.0, 1066, 
2019-12-10 13:56:16.807,162699272, 373.41355650907616, 764044, 19.40299519471967, 41693, 0, 0.0, 540, 
2019-12-10 13:56:17.854,163783896, 373.41355650907616, 764044, 19.40299519471967, 41693, 0, 0.0, 277, 
2019-12-10 13:56:18.911,164629416, 343.5570570130467, 764044, 17.851617355981432, 41693, 0, 0.0, 145, 
2019-12-10 13:56:19.96,165442184, 343.5570570130467, 764044, 17.851617355981432, 41693, 0, 0.0, 79, 
2019-12-10 13:56:21.007,166292744, 343.5570570130467, 764044, 17.851617355981432, 41693, 0, 0.0, 46, 
2019-12-10 13:56:22.062,167304864, 343.5570570130467, 764044, 17.851617355981432, 41693, 0, 0.0, 30, 
2019-12-10 13:56:23.123,168390672, 343.5570570130467, 764044, 17.851617355981432, 41693, 0, 0.0, 22, 
2019-12-10 13:56:24.176,169211520, 316.0877514113416, 764044, 16.424280840470605, 41693, 0, 0.0, 18, 
2019-12-10 13:56:25.223,170047456, 316.0877514113416, 764044, 16.424280840470605, 41693, 0, 0.0, 16, 
2019-12-10 13:56:26.254,170863248, 316.0877514113416, 764049, 16.424280840470605, 41693, 0, 0.0, 15, 
2019-12-10 13:56:27.283,176741016, 316.0877514113416, 764228, 16.424280840470605, 41702, 0, 0.0, 9, 
2019-12-10 13:56:28.321,185445144, 297.5790127411061, 764518, 15.510845778431772, 41719, 0, 0.0, 1, 
2019-12-10 13:56:29.367,200409160, 297.5790127411061, 765060, 15.510845778431772, 41742, 0, 0.0, 1, 
2019-12-10 13:56:30.396,216031720, 297.5790127411061, 765714, 15.510845778431772, 41782, 0, 0.0, 18, 
2019-12-10 13:56:31.421,233720192, 297.5790127411061, 766412, 15.510845778431772, 41816, 0, 0.0, 1, 
2019-12-10 13:56:32.448,251252384, 297.5790127411061, 767098, 15.510845778431772, 41858, 0, 0.0, 1, 
2019-12-10 13:56:33.521,267123968, 324.6856342303357, 767820, 16.94118357600357, 41895, 0, 0.0, 1, 
2019-12-10 13:56:34.547,285235032, 324.6856342303357, 768506, 16.94118357600357, 41937, 0, 0.0, 39, 
2019-12-10 13:56:35.573,305337320, 324.6856342303357, 769303, 16.94118357600357, 41982, 0, 0.0, 1, 
2019-12-10 13:56:36.601,323235072, 324.6856342303357, 770045, 16.94118357600357, 42024, 0, 0.0, 1, 
2019-12-10 13:56:37.629,341918944, 324.6856342303357, 770793, 16.94118357600357, 42069, 0, 0.0, 38, 
2019-12-10 13:56:38.654,360496072, 355.6215988337733, 771577, 18.864820326509857, 42121, 0, 0.0, 1, 
2019-12-10 13:56:39.686,96192464, 355.6215988337733, 772364, 18.864820326509857, 42160, 0, 0.0, 1, 
2019-12-10 13:56:40.719,114689456, 355.6215988337733, 773194, 18.864820326509857, 42199, 0, 0.0, 1, 
2019-12-10 13:56:41.747,132959016, 355.6215988337733, 773935, 18.864820326509857, 42233, 0, 0.0, 1, 
2019-12-10 13:56:42.773,155905888, 355.6215988337733, 774874, 18.864820326509857, 42282, 0, 0.0, 1, 
2019-12-10 13:56:43.796,177592824, 391.5519119519578, 775792, 20.77857162825608, 42347, 0, 0.0, 1, 
2019-12-10 13:56:44.825,198008352, 391.5519119519578, 776717, 20.77857162825608, 42389, 0, 0.0, 25, 
2019-12-10 13:56:45.849,222264304, 391.5519119519578, 777676, 20.77857162825608, 42448, 0, 0.0, 1, 
2019-12-10 13:56:46.876,243916024, 391.5519119519578, 778664, 20.77857162825608, 42507, 0, 0.0, 1, 
2019-12-10 13:56:47.9,268787176, 391.5519119519578, 779696, 20.77857162825608, 42554, 0, 0.0, 1, 
2019-12-10 13:56:48.925,295616744, 436.538769189531, 780833, 23.498774848865416, 42626, 0, 0.0, 1, 
2019-12-10 13:56:49.948,319005808, 436.538769189531, 781843, 23.498774848865416, 42675, 0, 0.0, 66, 
2019-12-10 13:56:50.973,343547296, 436.538769189531, 782898, 23.498774848865416, 42733, 0, 0.0, 35, 
2019-12-10 13:56:52.003,86955568, 436.538769189531, 783986, 23.498774848865416, 42792, 0, 0.0, 1, 
2019-12-10 13:56:53.039,113919096, 436.538769189531, 785192, 23.498774848865416, 42859, 0, 0.0, 31, 
2019-12-10 13:56:54.068,142522672, 487.3314527622787, 786414, 26.44923390671952, 42941, 0, 0.0, 1, 
2019-12-10 13:56:55.099,162886184, 487.3314527622787, 787287, 26.44923390671952, 42999, 0, 0.0, 1, 
2019-12-10 13:56:56.137,163704272, 487.3314527622787, 787287, 26.44923390671952, 42999, 0, 0.0, 7, 
2019-12-10 13:56:57.17,164517776, 487.3314527622787, 787287, 26.44923390671952, 42999, 0, 0.0, 10, 
