Timestamp, MemoryUsed, ReadLatency1, ReadCount, WriteLatency1, WriteCount, PendingTasks, WaitingOnCommit1, SRDelay, 
2019-12-10 13:47:29.706,161489704, 0.0491935162329832, 478398, 3.9388105300682557, 26585, 0, 0.0, 1428298, 
2019-12-10 13:47:30.781,162319504, 0.0491935162329832, 478398, 3.9388105300682557, 26585, 0, 0.0, 714156, 
2019-12-10 13:47:31.838,163179576, 0.0491935162329832, 478398, 3.9388105300682557, 26585, 0, 0.0, 357085, 
2019-12-10 13:47:32.885,163798952, 0.0491935162329832, 478398, 3.9388105300682557, 26585, 0, 0.0, 178549, 
2019-12-10 13:47:33.934,164754784, 0.0491935162329832, 478398, 3.9388105300682557, 26585, 0, 0.0, 89281, 
2019-12-10 13:47:34.975,165557176, 0.04526021984613314, 478398, 3.6238806284724627, 26585, 0, 0.0, 44647, 
2019-12-10 13:47:36.016,166161064, 0.04526021984613314, 478398, 3.6238806284724627, 26585, 0, 0.0, 22330, 
2019-12-10 13:47:37.056,167290592, 0.04526021984613314, 478398, 3.6238806284724627, 26585, 0, 0.0, 11172, 
2019-12-10 13:47:38.093,168277496, 0.04526021984613314, 478398, 3.6238806284724627, 26585, 0, 0.0, 5593, 
2019-12-10 13:47:39.129,169090864, 0.04526021984613314, 478398, 3.6238806284724627, 26585, 0, 0.0, 2803, 
2019-12-10 13:47:40.165,169908464, 0.04164141247433005, 478398, 3.334131131509491, 26585, 0, 0.0, 1408, 
2019-12-10 13:47:41.194,172456696, 0.04164141247433005, 478452, 3.334131131509491, 26588, 0, 0.0, 707, 
2019-12-10 13:47:42.223,177519880, 0.04164141247433005, 478596, 3.334131131509491, 26595, 0, 0.0, 340, 
2019-12-10 13:47:43.517,182969360, 0.04164141247433005, 478802, 3.334131131509491, 26604, 0, 0.0, 142, 
2019-12-10 13:47:44.545,190720976, 9.93681341785406, 479089, 3.579264471559384, 26622, 0, 0.0, 57, 
2019-12-10 13:47:45.581,200482704, 9.93681341785406, 479515, 3.579264471559384, 26637, 0, 0.0, 3, 
2019-12-10 13:47:46.615,209986720, 9.93681341785406, 479975, 3.579264471559384, 26652, 0, 0.0, 1, 
2019-12-10 13:47:47.641,220183528, 9.93681341785406, 480478, 3.579264471559384, 26679, 0, 0.0, 37, 
2019-12-10 13:47:48.677,230868960, 9.93681341785406, 480923, 3.579264471559384, 26705, 0, 0.0, 25, 
2019-12-10 13:47:49.713,239828672, 44.45069618400118, 481404, 5.100078514916682, 26742, 0, 0.0, 1, 
2019-12-10 13:47:50.741,251340840, 44.45069618400118, 481923, 5.100078514916682, 26766, 0, 0.0, 18, 
2019-12-10 13:47:51.768,260564976, 44.45069618400118, 482353, 5.100078514916682, 26795, 0, 0.0, 1, 
2019-12-10 13:47:52.795,270633656, 44.45069618400118, 482812, 5.100078514916682, 26815, 0, 0.0, 10, 
2019-12-10 13:47:53.837,281095000, 44.45069618400118, 483300, 5.100078514916682, 26851, 0, 0.0, 1, 
2019-12-10 13:47:54.866,291011536, 77.75613960635722, 483763, 6.883081790976649, 26874, 0, 0.0, 1, 
2019-12-10 13:47:55.896,300855848, 77.75613960635722, 484224, 6.883081790976649, 26912, 0, 0.0, 1, 
2019-12-10 13:47:56.921,311041600, 77.75613960635722, 484709, 6.883081790976649, 26934, 0, 0.0, 1, 
2019-12-10 13:47:57.947,321293704, 77.75613960635722, 485170, 6.883081790976649, 26967, 0, 0.0, 1, 
2019-12-10 13:47:58.98,332380192, 77.75613960635722, 485754, 6.883081790976649, 26990, 0, 0.0, 35, 
2019-12-10 13:48:00.006,344656048, 109.85381845759515, 486297, 8.44356841101073, 27024, 0, 0.0, 47, 
2019-12-10 13:48:01.04,355188184, 109.85381845759515, 486822, 8.44356841101073, 27050, 0, 0.0, 31, 
2019-12-10 13:48:02.078,78457744, 109.85381845759515, 487368, 8.44356841101073, 27083, 0, 0.0, 1, 
2019-12-10 13:48:03.107,89486856, 109.85381845759515, 487864, 8.44356841101073, 27105, 0, 0.0, 1, 
2019-12-10 13:48:04.134,101201448, 109.85381845759515, 488440, 8.44356841101073, 27137, 0, 0.0, 5, 
2019-12-10 13:48:05.163,112582624, 142.7592343098849, 489010, 10.023205463544096, 27167, 0, 0.0, 9, 
2019-12-10 13:48:06.196,125138904, 142.7592343098849, 489693, 10.023205463544096, 27212, 0, 0.0, 16, 
2019-12-10 13:48:07.226,139887280, 142.7592343098849, 490442, 10.023205463544096, 27251, 0, 0.0, 75, 
2019-12-10 13:48:08.257,153420160, 142.7592343098849, 491139, 10.023205463544096, 27281, 0, 0.0, 63, 
2019-12-10 13:48:09.283,168172856, 142.7592343098849, 491851, 10.023205463544096, 27319, 0, 0.0, 34, 
2019-12-10 13:48:10.31,180684520, 184.72318495703223, 492551, 12.084204159686088, 27356, 0, 0.0, 1, 
2019-12-10 13:48:11.336,194341992, 184.72318495703223, 493271, 12.084204159686088, 27393, 0, 0.0, 37, 
2019-12-10 13:48:12.366,207786136, 184.72318495703223, 493910, 12.084204159686088, 27441, 0, 0.0, 13, 
2019-12-10 13:48:13.398,220885424, 184.72318495703223, 494600, 12.084204159686088, 27482, 0, 0.0, 1, 
2019-12-10 13:48:14.435,235391944, 224.29135039016882, 495347, 14.300236840112554, 27523, 0, 0.0, 1, 
2019-12-10 13:48:15.467,248879616, 224.29135039016882, 496083, 14.300236840112554, 27565, 0, 0.0, 1, 
2019-12-10 13:48:16.493,263970616, 224.29135039016882, 496871, 14.300236840112554, 27600, 0, 0.0, 1, 
2019-12-10 13:48:17.53,280195704, 224.29135039016882, 497628, 14.300236840112554, 27639, 0, 0.0, 7, 
2019-12-10 13:48:18.559,293726864, 224.29135039016882, 498367, 14.300236840112554, 27677, 0, 0.0, 1, 
2019-12-10 13:48:19.589,308463184, 265.10936830651656, 499145, 16.24313862793016, 27719, 0, 0.0, 1, 
2019-12-10 13:48:20.615,322922584, 265.10936830651656, 499916, 16.24313862793016, 27747, 0, 0.0, 1, 
2019-12-10 13:48:21.666,339004368, 265.10936830651656, 500769, 16.24313862793016, 27788, 0, 0.0, 1, 
2019-12-10 13:48:22.695,355228336, 265.10936830651656, 501617, 16.24313862793016, 27829, 0, 0.0, 1, 
2019-12-10 13:48:23.727,88436568, 265.10936830651656, 502445, 16.24313862793016, 27873, 0, 0.0, 1, 
2019-12-10 13:48:24.751,103100664, 306.9333859654861, 503231, 17.998712331836803, 27917, 0, 0.0, 24, 
2019-12-10 13:48:25.778,118012208, 306.9333859654861, 503987, 17.998712331836803, 27961, 0, 0.0, 1, 
2019-12-10 13:48:26.804,132846896, 306.9333859654861, 504738, 17.998712331836803, 28005, 0, 0.0, 22, 
2019-12-10 13:48:27.832,147265984, 306.9333859654861, 505477, 17.998712331836803, 28038, 0, 0.0, 3, 
2019-12-10 13:48:28.861,161436400, 306.9333859654861, 506191, 17.998712331836803, 28079, 0, 0.0, 1, 
2019-12-10 13:48:29.891,174585048, 339.8964044194025, 506906, 19.645900346734496, 28129, 0, 0.0, 1, 
2019-12-10 13:48:30.914,190672976, 339.8964044194025, 507670, 19.645900346734496, 28167, 0, 0.0, 12, 
2019-12-10 13:48:31.942,204407160, 339.8964044194025, 508436, 19.645900346734496, 28207, 0, 0.0, 7, 
2019-12-10 13:48:32.969,221460240, 339.8964044194025, 509310, 19.645900346734496, 28255, 0, 0.0, 39, 
2019-12-10 13:48:34.006,240461056, 339.8964044194025, 510365, 19.645900346734496, 28303, 0, 0.0, 39, 
2019-12-10 13:48:35.036,250491496, 377.3398925352418, 510859, 21.59314664068713, 28327, 0, 0.0, 25, 
2019-12-10 13:48:36.068,261641016, 377.3398925352418, 511368, 21.59314664068713, 28353, 0, 0.0, 1, 
2019-12-10 13:48:37.094,271880280, 377.3398925352418, 511890, 21.59314664068713, 28374, 0, 0.0, 1, 
2019-12-10 13:48:38.139,282768312, 377.3398925352418, 512382, 21.59314664068713, 28390, 0, 0.0, 1, 
2019-12-10 13:48:39.179,293146896, 377.3398925352418, 512873, 21.59314664068713, 28417, 0, 0.0, 1, 
2019-12-10 13:48:40.211,302965248, 386.0438661511013, 513378, 21.59369460504275, 28448, 0, 0.0, 1, 
2019-12-10 13:48:41.25,313825024, 386.0438661511013, 513874, 21.59369460504275, 28477, 0, 0.0, 1, 
2019-12-10 13:48:42.282,324825376, 386.0438661511013, 514386, 21.59369460504275, 28508, 0, 0.0, 1, 
2019-12-10 13:48:43.319,336266960, 386.0438661511013, 514893, 21.59369460504275, 28530, 0, 0.0, 1, 
2019-12-10 13:48:44.402,347329392, 394.4676775053814, 515415, 21.86604774684785, 28548, 0, 0.0, 26, 
2019-12-10 13:48:45.455,357969896, 394.4676775053814, 515926, 21.86604774684785, 28574, 0, 0.0, 1, 
2019-12-10 13:48:46.481,86927048, 394.4676775053814, 516425, 21.86604774684785, 28610, 0, 0.0, 1, 
2019-12-10 13:48:47.51,98034704, 394.4676775053814, 516923, 21.86604774684785, 28637, 0, 0.0, 3, 
2019-12-10 13:48:48.54,109086504, 394.4676775053814, 517409, 21.86604774684785, 28668, 0, 0.0, 1, 
2019-12-10 13:48:49.586,119324936, 400.9066864916988, 517891, 22.404464841106815, 28697, 0, 0.0, 9, 
2019-12-10 13:48:50.63,131042392, 400.9066864916988, 518415, 22.404464841106815, 28728, 0, 0.0, 1, 
2019-12-10 13:48:51.677,141715680, 400.9066864916988, 518907, 22.404464841106815, 28757, 0, 0.0, 1, 
2019-12-10 13:48:52.715,152404344, 400.9066864916988, 519388, 22.404464841106815, 28783, 0, 0.0, 1, 
2019-12-10 13:48:53.742,163085040, 400.9066864916988, 519829, 22.404464841106815, 28809, 0, 0.0, 1, 
2019-12-10 13:48:54.771,174834744, 406.3191449989357, 520395, 22.75591242775351, 28838, 0, 0.0, 1, 
2019-12-10 13:48:55.801,187421200, 406.3191449989357, 521020, 22.75591242775351, 28872, 0, 0.0, 1, 
2019-12-10 13:48:56.826,200158048, 406.3191449989357, 521676, 22.75591242775351, 28904, 0, 0.0, 1, 
2019-12-10 13:48:57.857,215197672, 406.3191449989357, 522377, 22.75591242775351, 28936, 0, 0.0, 1, 
2019-12-10 13:48:58.887,232575112, 406.3191449989357, 523251, 22.75591242775351, 28973, 0, 0.0, 5, 
2019-12-10 13:48:59.913,248383632, 429.89651637515146, 524156, 23.78286896814471, 29027, 0, 0.0, 1, 
2019-12-10 13:49:00.938,266068928, 429.89651637515146, 525070, 23.78286896814471, 29069, 0, 0.0, 1, 
2019-12-10 13:49:01.971,283193688, 429.89651637515146, 526002, 23.78286896814471, 29109, 0, 0.0, 1, 
2019-12-10 13:49:03.001,301614544, 429.89651637515146, 526923, 23.78286896814471, 29157, 0, 0.0, 1, 
2019-12-10 13:49:04.025,318618656, 429.89651637515146, 527832, 23.78286896814471, 29197, 0, 0.0, 20, 
2019-12-10 13:49:05.052,338202096, 467.02017319802064, 528800, 25.223439226496886, 29243, 0, 0.0, 31, 
2019-12-10 13:49:06.079,355958952, 467.02017319802064, 529771, 25.223439226496886, 29293, 0, 0.0, 46, 
2019-12-10 13:49:07.102,88672416, 467.02017319802064, 530658, 25.223439226496886, 29338, 0, 0.0, 11, 
2019-12-10 13:49:08.133,107382968, 467.02017319802064, 531630, 25.223439226496886, 29389, 0, 0.0, 48, 
2019-12-10 13:49:09.16,124789512, 467.02017319802064, 532575, 25.223439226496886, 29432, 0, 0.0, 1, 
2019-12-10 13:49:10.184,143660920, 503.7341650403788, 533551, 26.820676836835226, 29479, 0, 0.0, 1, 
2019-12-10 13:49:11.209,160057680, 503.7341650403788, 534477, 26.820676836835226, 29541, 0, 0.0, 1, 
2019-12-10 13:49:12.24,179413008, 503.7341650403788, 535484, 26.820676836835226, 29594, 0, 0.0, 7, 
2019-12-10 13:49:13.267,198455352, 503.7341650403788, 536488, 26.820676836835226, 29636, 0, 0.0, 1, 
2019-12-10 13:49:14.291,217343192, 503.7341650403788, 537493, 26.820676836835226, 29690, 0, 0.0, 1, 
2019-12-10 13:49:15.32,236552664, 539.9113357348073, 538465, 28.70597542299042, 29733, 0, 0.0, 1, 
2019-12-10 13:49:16.343,253784960, 539.9113357348073, 539391, 28.70597542299042, 29790, 0, 0.0, 1, 
2019-12-10 13:49:17.372,272187416, 539.9113357348073, 540393, 28.70597542299042, 29844, 0, 0.0, 1, 
2019-12-10 13:49:18.406,290492880, 539.9113357348073, 541411, 28.70597542299042, 29888, 0, 0.0, 13, 
2019-12-10 13:49:19.435,309362104, 572.8921083448994, 542398, 30.424542740016935, 29950, 0, 0.0, 1, 
2019-12-10 13:49:20.458,327449984, 572.8921083448994, 543357, 30.424542740016935, 30005, 0, 0.0, 1, 
2019-12-10 13:49:21.484,347200648, 572.8921083448994, 544427, 30.424542740016935, 30065, 0, 0.0, 3, 
2019-12-10 13:49:22.508,83726360, 572.8921083448994, 545477, 30.424542740016935, 30132, 0, 0.0, 1, 
2019-12-10 13:49:23.532,101089560, 572.8921083448994, 546488, 30.424542740016935, 30182, 0, 0.0, 1, 
2019-12-10 13:49:24.566,121167088, 608.0971835655114, 547592, 32.56539009880642, 30238, 0, 0.0, 5, 
2019-12-10 13:49:25.594,141306744, 608.0971835655114, 548690, 32.56539009880642, 30294, 0, 0.0, 26, 
2019-12-10 13:49:26.617,163410184, 608.0971835655114, 549840, 32.56539009880642, 30354, 0, 0.0, 1, 
2019-12-10 13:49:27.647,182066920, 608.0971835655114, 550922, 32.56539009880642, 30412, 0, 0.0, 1, 
2019-12-10 13:49:28.673,204420104, 608.0971835655114, 552075, 32.56539009880642, 30471, 0, 0.0, 1, 
2019-12-10 13:49:29.703,224624472, 647.1077388575327, 553237, 34.32718023187086, 30526, 0, 0.0, 1, 
2019-12-10 13:49:30.729,246133896, 647.1077388575327, 554389, 34.32718023187086, 30580, 0, 0.0, 38, 
2019-12-10 13:49:31.754,264284664, 647.1077388575327, 555486, 34.32718023187086, 30639, 0, 0.0, 20, 
2019-12-10 13:49:32.776,286004568, 647.1077388575327, 556599, 34.32718023187086, 30708, 0, 0.0, 12, 
2019-12-10 13:49:33.802,307382392, 647.1077388575327, 557801, 34.32718023187086, 30774, 0, 0.0, 1, 
2019-12-10 13:49:34.824,330019104, 684.2304983802537, 558953, 36.44383003284405, 30825, 0, 0.0, 1, 
2019-12-10 13:49:35.848,350190168, 684.2304983802537, 560095, 36.44383003284405, 30886, 0, 0.0, 39, 
2019-12-10 13:49:36.871,89297368, 684.2304983802537, 561240, 36.44383003284405, 30947, 0, 0.0, 9, 
2019-12-10 13:49:37.901,109172384, 684.2304983802537, 562344, 36.44383003284405, 31000, 0, 0.0, 1, 
2019-12-10 13:49:38.928,129622576, 684.2304983802537, 563506, 36.44383003284405, 31053, 0, 0.0, 17, 
2019-12-10 13:49:39.992,151451920, 719.1046862030969, 564724, 37.86353499650923, 31111, 0, 0.0, 112, 
2019-12-10 13:49:41.018,172691864, 719.1046862030969, 565855, 37.86353499650923, 31168, 0, 0.0, 88, 
2019-12-10 13:49:42.052,193001616, 719.1046862030969, 566985, 37.86353499650923, 31224, 0, 0.0, 1, 
2019-12-10 13:49:43.082,206598824, 719.1046862030969, 567649, 37.86353499650923, 31260, 0, 0.0, 14, 
2019-12-10 13:49:44.11,217687920, 719.1046862030969, 568140, 37.86353499650923, 31293, 0, 0.0, 1, 
2019-12-10 13:49:45.141,229988024, 729.8263555131929, 568680, 38.43413523334069, 31315, 0, 0.0, 29, 
2019-12-10 13:49:46.167,242032672, 729.8263555131929, 569173, 38.43413523334069, 31341, 0, 0.0, 23, 
2019-12-10 13:49:47.195,252188056, 729.8263555131929, 569694, 38.43413523334069, 31375, 0, 0.0, 29, 
2019-12-10 13:49:48.226,261769104, 729.8263555131929, 570192, 38.43413523334069, 31396, 0, 0.0, 14, 
2019-12-10 13:49:49.261,273112072, 729.8263555131929, 570690, 38.43413523334069, 31420, 0, 0.0, 1, 
2019-12-10 13:49:50.293,283414464, 710.9387389781539, 571187, 37.31202773558769, 31448, 0, 0.0, 1, 
2019-12-10 13:49:51.325,293777712, 710.9387389781539, 571684, 37.31202773558769, 31466, 0, 0.0, 1, 
2019-12-10 13:49:52.354,304347440, 710.9387389781539, 572187, 37.31202773558769, 31496, 0, 0.0, 1, 
2019-12-10 13:49:53.383,314923224, 710.9387389781539, 572672, 37.31202773558769, 31526, 0, 0.0, 1, 
2019-12-10 13:49:54.41,325043488, 692.6178169720569, 573165, 36.35959458503704, 31551, 0, 0.0, 1, 
2019-12-10 13:49:55.442,335445304, 692.6178169720569, 573656, 36.35959458503704, 31580, 0, 0.0, 1, 
2019-12-10 13:49:56.471,346439624, 692.6178169720569, 574150, 36.35959458503704, 31612, 0, 0.0, 1, 
2019-12-10 13:49:57.503,357030512, 692.6178169720569, 574633, 36.35959458503704, 31632, 0, 0.0, 1, 
2019-12-10 13:49:58.533,82983632, 692.6178169720569, 575152, 36.35959458503704, 31664, 0, 0.0, 1, 
2019-12-10 13:49:59.56,92653024, 675.425941550931, 575626, 35.547278252861645, 31687, 0, 0.0, 1, 
2019-12-10 13:50:00.593,101704584, 675.425941550931, 576118, 35.547278252861645, 31713, 0, 0.0, 1, 
2019-12-10 13:50:01.627,111877608, 675.425941550931, 576601, 35.547278252861645, 31735, 0, 0.0, 5, 
2019-12-10 13:50:02.653,123899912, 675.425941550931, 577122, 35.547278252861645, 31772, 0, 0.0, 1, 
2019-12-10 13:50:03.685,133308536, 675.425941550931, 577627, 35.547278252861645, 31801, 0, 0.0, 1, 
2019-12-10 13:50:04.715,145878064, 660.7440219049847, 578168, 34.8478844997539, 31828, 0, 0.0, 30, 
2019-12-10 13:50:05.743,155952992, 660.7440219049847, 578682, 34.8478844997539, 31853, 0, 0.0, 10, 
2019-12-10 13:50:06.771,166593480, 660.7440219049847, 579166, 34.8478844997539, 31874, 0, 0.0, 1, 
2019-12-10 13:50:07.798,177975064, 660.7440219049847, 579656, 34.8478844997539, 31903, 0, 0.0, 1, 
2019-12-10 13:50:08.828,187576144, 660.7440219049847, 580146, 34.8478844997539, 31926, 0, 0.0, 1, 
2019-12-10 13:50:09.857,197937568, 646.500412353285, 580658, 33.99652666161673, 31941, 0, 0.0, 9, 
2019-12-10 13:50:10.885,208440008, 646.500412353285, 581150, 33.99652666161673, 31975, 0, 0.0, 1, 
2019-12-10 13:50:11.915,218807576, 646.500412353285, 581677, 33.99652666161673, 31997, 0, 0.0, 33, 
2019-12-10 13:50:12.948,230307680, 646.500412353285, 582205, 33.99652666161673, 32023, 0, 0.0, 53, 
2019-12-10 13:50:13.982,240655272, 646.500412353285, 582712, 33.99652666161673, 32048, 0, 0.0, 45, 
2019-12-10 13:50:15.019,251635928, 634.7549038923843, 583246, 33.277204106084255, 32076, 0, 0.0, 50, 
2019-12-10 13:50:16.049,261116832, 634.7549038923843, 583725, 33.277204106084255, 32101, 0, 0.0, 10, 
2019-12-10 13:50:17.121,273014768, 634.7549038923843, 584257, 33.277204106084255, 32130, 0, 0.0, 55, 
2019-12-10 13:50:18.148,284116288, 634.7549038923843, 584760, 33.277204106084255, 32159, 0, 0.0, 3, 
2019-12-10 13:50:19.185,293767336, 634.7549038923843, 585275, 33.277204106084255, 32192, 0, 0.0, 1, 
2019-12-10 13:50:20.212,304842784, 623.2608964017634, 585787, 32.775306577291076, 32215, 0, 0.0, 1, 
2019-12-10 13:50:21.243,316088440, 623.2608964017634, 586286, 32.775306577291076, 32246, 0, 0.0, 1, 
2019-12-10 13:50:22.275,327216392, 623.2608964017634, 586800, 32.775306577291076, 32265, 0, 0.0, 1, 
2019-12-10 13:50:23.308,336513328, 623.2608964017634, 587265, 32.775306577291076, 32292, 0, 0.0, 1, 
2019-12-10 13:50:24.334,347678064, 611.9662987399739, 587755, 32.1536273884673, 32320, 0, 0.0, 2, 
2019-12-10 13:50:25.364,357286992, 611.9662987399739, 588230, 32.1536273884673, 32347, 0, 0.0, 1, 
2019-12-10 13:50:26.388,84737112, 611.9662987399739, 588718, 32.1536273884673, 32368, 0, 0.0, 1, 
2019-12-10 13:50:27.419,94259544, 611.9662987399739, 589200, 32.1536273884673, 32397, 0, 0.0, 1, 
2019-12-10 13:50:28.445,106937856, 611.9662987399739, 589684, 32.1536273884673, 32425, 0, 0.0, 1, 
2019-12-10 13:50:29.47,115635816, 600.1355667090869, 590128, 31.50169933772801, 32443, 0, 0.0, 1, 
2019-12-10 13:50:30.496,126408752, 600.1355667090869, 590636, 31.50169933772801, 32467, 0, 0.0, 4, 
2019-12-10 13:50:31.528,137575968, 600.1355667090869, 591139, 31.50169933772801, 32495, 0, 0.0, 22, 
2019-12-10 13:50:32.554,147589000, 600.1355667090869, 591645, 31.50169933772801, 32513, 0, 0.0, 1, 
2019-12-10 13:50:33.581,158131232, 600.1355667090869, 592135, 31.50169933772801, 32537, 0, 0.0, 16, 
2019-12-10 13:50:34.608,168169904, 590.5620393831722, 592611, 30.853923224682745, 32566, 0, 0.0, 9, 
2019-12-10 13:50:35.638,178427056, 590.5620393831722, 593082, 30.853923224682745, 32603, 0, 0.0, 1, 
2019-12-10 13:50:36.662,189043800, 590.5620393831722, 593613, 30.853923224682745, 32631, 0, 0.0, 11, 
2019-12-10 13:50:37.686,198892000, 590.5620393831722, 594088, 30.853923224682745, 32649, 0, 0.0, 10, 
2019-12-10 13:50:38.713,209208328, 590.5620393831722, 594584, 30.853923224682745, 32674, 0, 0.0, 1, 
2019-12-10 13:50:39.741,218950920, 581.8339246240338, 595081, 30.44983383483478, 32697, 0, 0.0, 9, 
2019-12-10 13:50:40.768,230321936, 581.8339246240338, 595569, 30.44983383483478, 32718, 0, 0.0, 9, 
2019-12-10 13:50:41.796,239828544, 581.8339246240338, 596036, 30.44983383483478, 32741, 0, 0.0, 1, 
2019-12-10 13:50:42.821,250420000, 581.8339246240338, 596538, 30.44983383483478, 32758, 0, 0.0, 1, 
2019-12-10 13:50:43.849,260340616, 581.8339246240338, 597044, 30.44983383483478, 32783, 0, 0.0, 20, 
2019-12-10 13:50:44.877,272361840, 573.4358756969395, 597551, 29.710257955989075, 32805, 0, 0.0, 1, 
2019-12-10 13:50:45.902,281949768, 573.4358756969395, 598047, 29.710257955989075, 32828, 0, 0.0, 5, 
2019-12-10 13:50:46.932,294533504, 573.4358756969395, 598548, 29.710257955989075, 32859, 0, 0.0, 1, 
2019-12-10 13:50:47.963,304700248, 573.4358756969395, 599057, 29.710257955989075, 32870, 0, 0.0, 1, 
2019-12-10 13:50:48.989,313769376, 573.4358756969395, 599545, 29.710257955989075, 32893, 0, 0.0, 1, 
2019-12-10 13:50:50.015,325929784, 566.3489423707482, 600039, 29.077788650684916, 32917, 0, 0.0, 1, 
2019-12-10 13:50:51.042,335299488, 566.3489423707482, 600511, 29.077788650684916, 32946, 0, 0.0, 1, 
2019-12-10 13:50:52.067,346169160, 566.3489423707482, 601022, 29.077788650684916, 32975, 0, 0.0, 4, 
2019-12-10 13:50:53.092,357631112, 566.3489423707482, 601532, 29.077788650684916, 33003, 0, 0.0, 1, 
2019-12-10 13:50:54.119,84035904, 566.3489423707482, 601994, 29.077788650684916, 33025, 0, 0.0, 1, 
2019-12-10 13:50:55.144,94573104, 559.3968887861338, 602474, 28.815711140398044, 33048, 0, 0.0, 1, 
2019-12-10 13:50:56.17,104879688, 559.3968887861338, 602962, 28.815711140398044, 33073, 0, 0.0, 5, 
2019-12-10 13:50:57.197,114167208, 559.3968887861338, 603437, 28.815711140398044, 33096, 0, 0.0, 1, 
2019-12-10 13:50:58.241,126160456, 559.3968887861338, 603944, 28.815711140398044, 33121, 0, 0.0, 3, 
2019-12-10 13:50:59.267,136772240, 559.3968887861338, 604432, 28.815711140398044, 33153, 0, 0.0, 1, 
2019-12-10 13:51:00.294,146743608, 552.6009127885521, 604948, 28.49463260548797, 33177, 0, 0.0, 1, 
2019-12-10 13:51:01.326,157275888, 552.6009127885521, 605424, 28.49463260548797, 33206, 0, 0.0, 32, 
2019-12-10 13:51:02.352,168076928, 552.6009127885521, 605941, 28.49463260548797, 33226, 0, 0.0, 1, 
2019-12-10 13:51:03.379,178343664, 552.6009127885521, 606440, 28.49463260548797, 33252, 0, 0.0, 28, 
2019-12-10 13:51:04.406,189096592, 547.387735639841, 606944, 28.247199444008995, 33282, 0, 0.0, 1, 
2019-12-10 13:51:05.432,198017824, 547.387735639841, 607409, 28.247199444008995, 33296, 0, 0.0, 7, 
2019-12-10 13:51:06.457,209584848, 547.387735639841, 607935, 28.247199444008995, 33317, 0, 0.0, 23, 
2019-12-10 13:51:07.482,221858360, 547.387735639841, 608448, 28.247199444008995, 33336, 0, 0.0, 1, 
2019-12-10 13:51:08.51,231843920, 547.387735639841, 608940, 28.247199444008995, 33365, 0, 0.0, 1, 
2019-12-10 13:51:09.534,242182816, 542.6393544729185, 609427, 27.715718721387617, 33393, 0, 0.0, 1, 
2019-12-10 13:51:10.559,252348328, 542.6393544729185, 609954, 27.715718721387617, 33417, 0, 0.0, 6, 
2019-12-10 13:51:11.595,263467280, 542.6393544729185, 610460, 27.715718721387617, 33444, 0, 0.0, 1, 
2019-12-10 13:51:12.623,275583272, 542.6393544729185, 611007, 27.715718721387617, 33470, 0, 0.0, 1, 
2019-12-10 13:51:13.649,286195016, 542.6393544729185, 611532, 27.715718721387617, 33501, 0, 0.0, 1, 
2019-12-10 13:51:14.674,297316648, 539.7897890238033, 612053, 27.578537426687642, 33528, 0, 0.0, 1, 
2019-12-10 13:51:15.702,306940904, 539.7897890238033, 612536, 27.578537426687642, 33552, 0, 0.0, 8, 
2019-12-10 13:51:16.726,317191392, 539.7897890238033, 613036, 27.578537426687642, 33584, 0, 0.0, 1, 
2019-12-10 13:51:17.752,327579480, 539.7897890238033, 613537, 27.578537426687642, 33608, 0, 0.0, 4, 
2019-12-10 13:51:18.78,340609416, 539.7897890238033, 614050, 27.578537426687642, 33641, 0, 0.0, 3, 
2019-12-10 13:51:19.817,351075080, 535.7928261798486, 614553, 27.51628901100385, 33661, 0, 0.0, 1, 
2019-12-10 13:51:20.851,79466664, 535.7928261798486, 615077, 27.51628901100385, 33694, 0, 0.0, 1, 
2019-12-10 13:51:21.879,88877200, 535.7928261798486, 615589, 27.51628901100385, 33717, 0, 0.0, 14, 
2019-12-10 13:51:22.906,100332736, 535.7928261798486, 616105, 27.51628901100385, 33745, 0, 0.0, 7, 
2019-12-10 13:51:23.937,111838160, 535.7928261798486, 616615, 27.51628901100385, 33771, 0, 0.0, 14, 
2019-12-10 13:51:24.967,122586424, 532.8990075764195, 617134, 27.41104435261205, 33798, 0, 0.0, 1, 
2019-12-10 13:51:26.005,133438080, 532.8990075764195, 617640, 27.41104435261205, 33823, 0, 0.0, 1, 
2019-12-10 13:51:27.034,143923880, 532.8990075764195, 618117, 27.41104435261205, 33862, 0, 0.0, 1, 
2019-12-10 13:51:28.064,156551104, 532.8990075764195, 618608, 27.41104435261205, 33883, 0, 0.0, 1, 
2019-12-10 13:51:29.093,167016952, 532.8990075764195, 619102, 27.41104435261205, 33907, 0, 0.0, 15, 
2019-12-10 13:51:30.126,178116072, 528.0138006600796, 619659, 27.250250124192558, 33932, 0, 0.0, 1, 
2019-12-10 13:51:31.151,193208912, 528.0138006600796, 620317, 27.250250124192558, 33966, 0, 0.0, 8, 
2019-12-10 13:51:32.175,206708776, 528.0138006600796, 620983, 27.250250124192558, 34007, 0, 0.0, 1, 
2019-12-10 13:51:33.2,219706888, 528.0138006600796, 621681, 27.250250124192558, 34041, 0, 0.0, 1, 
2019-12-10 13:51:34.223,236781816, 528.0138006600796, 622537, 27.250250124192558, 34092, 0, 0.0, 1, 
2019-12-10 13:51:35.249,254338776, 540.8855464649034, 623448, 28.045788199804562, 34140, 0, 0.0, 1, 
2019-12-10 13:51:36.272,271562424, 540.8855464649034, 624385, 28.045788199804562, 34184, 0, 0.0, 1, 
2019-12-10 13:51:37.297,288615296, 540.8855464649034, 625282, 28.045788199804562, 34235, 0, 0.0, 1, 
2019-12-10 13:51:38.323,307448536, 540.8855464649034, 626206, 28.045788199804562, 34300, 0, 0.0, 1, 
2019-12-10 13:51:39.347,324884344, 569.4548327587055, 627128, 29.801150055641003, 34347, 0, 0.0, 1, 
2019-12-10 13:51:40.371,343864632, 569.4548327587055, 628097, 29.801150055641003, 34404, 0, 0.0, 1, 
2019-12-10 13:51:41.395,79834032, 569.4548327587055, 629050, 29.801150055641003, 34456, 0, 0.0, 1, 
2019-12-10 13:51:42.423,95347376, 569.4548327587055, 630025, 29.801150055641003, 34520, 0, 0.0, 1, 
2019-12-10 13:51:43.446,114355640, 569.4548327587055, 630985, 29.801150055641003, 34574, 0, 0.0, 1, 
2019-12-10 13:51:44.469,133092216, 599.3538375020188, 631959, 31.67201879994285, 34622, 0, 0.0, 1, 
2019-12-10 13:51:45.492,150814336, 599.3538375020188, 632930, 31.67201879994285, 34675, 0, 0.0, 1, 
2019-12-10 13:51:46.513,169093560, 599.3538375020188, 633923, 31.67201879994285, 34720, 0, 0.0, 1, 
2019-12-10 13:51:47.537,188910344, 599.3538375020188, 634951, 31.67201879994285, 34782, 0, 0.0, 1, 
2019-12-10 13:51:48.559,207622464, 599.3538375020188, 635979, 31.67201879994285, 34835, 0, 0.0, 89, 
2019-12-10 13:51:49.587,226813104, 629.5807397216829, 636964, 33.29735443619754, 34886, 0, 0.0, 65, 
2019-12-10 13:51:50.614,246122536, 629.5807397216829, 637976, 33.29735443619754, 34946, 0, 0.0, 1, 
2019-12-10 13:51:51.642,265172608, 629.5807397216829, 638975, 33.29735443619754, 34998, 0, 0.0, 11, 
2019-12-10 13:51:52.675,283451616, 629.5807397216829, 639948, 33.29735443619754, 35059, 0, 0.0, 24, 
2019-12-10 13:51:53.702,302451512, 629.5807397216829, 640978, 33.29735443619754, 35102, 0, 0.0, 1, 
2019-12-10 13:51:54.726,322530368, 657.5027700999505, 642052, 34.80872652730579, 35148, 0, 0.0, 1, 
2019-12-10 13:51:55.75,341501544, 657.5027700999505, 643080, 34.80872652730579, 35207, 0, 0.0, 3, 
2019-12-10 13:51:56.787,77395456, 657.5027700999505, 644109, 34.80872652730579, 35265, 0, 0.0, 19, 
2019-12-10 13:51:57.811,96909376, 657.5027700999505, 645270, 34.80872652730579, 35336, 0, 0.0, 32, 
2019-12-10 13:51:58.834,118000448, 657.5027700999505, 646406, 34.80872652730579, 35387, 0, 0.0, 1, 
2019-12-10 13:51:59.857,140309384, 690.1484141218347, 647512, 36.56705167086169, 35450, 0, 0.0, 1, 
2019-12-10 13:52:00.882,160566600, 690.1484141218347, 648645, 36.56705167086169, 35502, 0, 0.0, 1, 
2019-12-10 13:52:01.906,181811320, 690.1484141218347, 649790, 36.56705167086169, 35563, 0, 0.0, 6, 
2019-12-10 13:52:02.93,202097832, 690.1484141218347, 650903, 36.56705167086169, 35619, 0, 0.0, 1, 
2019-12-10 13:52:03.956,223685656, 690.1484141218347, 652125, 36.56705167086169, 35670, 0, 0.0, 1, 
2019-12-10 13:52:04.979,246087184, 725.5728630201301, 653422, 38.04086884462538, 35738, 0, 0.0, 44, 
2019-12-10 13:52:06.01,269123528, 725.5728630201301, 654669, 38.04086884462538, 35790, 0, 0.0, 1, 
2019-12-10 13:52:07.033,291195160, 725.5728630201301, 655919, 38.04086884462538, 35863, 0, 0.0, 1, 
2019-12-10 13:52:08.056,325765224, 725.5728630201301, 657180, 38.04086884462538, 35924, 0, 0.0, 1, 
2019-12-10 13:52:09.083,352510752, 725.5728630201301, 658478, 38.04086884462538, 35989, 0, 0.0, 1, 
2019-12-10 13:52:10.112,89767824, 765.9845856195807, 659700, 40.02049966942271, 36062, 0, 0.0, 1, 
2019-12-10 13:52:11.135,113978016, 765.9845856195807, 661035, 40.02049966942271, 36132, 0, 0.0, 1, 
2019-12-10 13:52:12.161,136201888, 765.9845856195807, 662243, 40.02049966942271, 36184, 0, 0.0, 1, 
2019-12-10 13:52:13.184,158977360, 765.9845856195807, 663566, 40.02049966942271, 36253, 0, 0.0, 47, 
2019-12-10 13:52:14.208,183220712, 765.9845856195807, 664878, 40.02049966942271, 36316, 0, 0.0, 1, 
2019-12-10 13:52:15.237,196810832, 804.9721615121323, 665590, 42.0017591235469, 36360, 0, 0.0, 1, 
2019-12-10 13:52:16.267,208434360, 804.9721615121323, 666070, 42.0017591235469, 36392, 0, 0.0, 1, 
2019-12-10 13:52:17.297,218397728, 804.9721615121323, 666540, 42.0017591235469, 36418, 0, 0.0, 1, 
2019-12-10 13:52:18.324,228655128, 804.9721615121323, 667020, 42.0017591235469, 36440, 0, 0.0, 5, 
2019-12-10 13:52:19.354,240971776, 780.8597828069295, 667561, 40.978186979049305, 36478, 0, 0.0, 1, 
2019-12-10 13:52:20.384,251323104, 780.8597828069295, 668075, 40.978186979049305, 36505, 0, 0.0, 1, 
2019-12-10 13:52:21.413,262514216, 780.8597828069295, 668606, 40.978186979049305, 36529, 0, 0.0, 21, 
2019-12-10 13:52:22.441,273181040, 780.8597828069295, 669093, 40.978186979049305, 36549, 0, 0.0, 1, 
2019-12-10 13:52:23.471,283892000, 780.8597828069295, 669584, 40.978186979049305, 36581, 0, 0.0, 1, 
2019-12-10 13:52:24.506,293768264, 757.9557231874445, 670108, 39.63667721768075, 36607, 0, 0.0, 7, 
2019-12-10 13:52:25.547,304906912, 757.9557231874445, 670610, 39.63667721768075, 36638, 0, 0.0, 8, 
2019-12-10 13:52:26.58,315907744, 757.9557231874445, 671120, 39.63667721768075, 36671, 0, 0.0, 1, 
2019-12-10 13:52:27.61,326597520, 757.9557231874445, 671630, 39.63667721768075, 36705, 0, 0.0, 1, 
2019-12-10 13:52:28.639,337255600, 757.9557231874445, 672101, 39.63667721768075, 36741, 0, 0.0, 1, 
2019-12-10 13:52:29.669,348067256, 736.0674240914194, 672602, 39.09004668875072, 36771, 0, 0.0, 1, 
2019-12-10 13:52:30.698,357655872, 736.0674240914194, 673071, 39.09004668875072, 36798, 0, 0.0, 1, 
2019-12-10 13:52:31.734,83249800, 736.0674240914194, 673558, 39.09004668875072, 36825, 0, 0.0, 4, 
2019-12-10 13:52:32.761,92369992, 736.0674240914194, 674048, 39.09004668875072, 36848, 0, 0.0, 1, 
2019-12-10 13:52:33.788,103006048, 736.0674240914194, 674534, 39.09004668875072, 36879, 0, 0.0, 1, 
2019-12-10 13:52:34.821,114619512, 714.6659185135288, 674997, 38.1073888115187, 36904, 0, 0.0, 30, 
2019-12-10 13:52:35.849,124761984, 714.6659185135288, 675528, 38.1073888115187, 36928, 0, 0.0, 18, 
2019-12-10 13:52:36.882,135089528, 714.6659185135288, 676027, 38.1073888115187, 36952, 0, 0.0, 1, 
2019-12-10 13:52:37.917,145144784, 714.6659185135288, 676506, 38.1073888115187, 36980, 0, 0.0, 9, 
2019-12-10 13:52:38.942,156423456, 714.6659185135288, 677004, 38.1073888115187, 37004, 0, 0.0, 1, 
2019-12-10 13:52:39.971,167599712, 696.0949610371217, 677512, 36.97942428104199, 37036, 0, 0.0, 1, 
2019-12-10 13:52:41.0,178524400, 696.0949610371217, 678015, 36.97942428104199, 37068, 0, 0.0, 14, 
2019-12-10 13:52:42.028,187918592, 696.0949610371217, 678538, 36.97942428104199, 37090, 0, 0.0, 23, 
2019-12-10 13:52:43.056,198917248, 696.0949610371217, 679036, 36.97942428104199, 37121, 0, 0.0, 1, 
2019-12-10 13:52:44.088,210559872, 696.0949610371217, 679563, 36.97942428104199, 37145, 0, 0.0, 22, 
2019-12-10 13:52:45.118,220434008, 680.4160736391586, 680072, 36.229486922211336, 37171, 0, 0.0, 34, 
2019-12-10 13:52:46.145,231373432, 680.4160736391586, 680563, 36.229486922211336, 37206, 0, 0.0, 16, 
2019-12-10 13:52:47.173,241551344, 680.4160736391586, 681052, 36.229486922211336, 37231, 0, 0.0, 1, 
2019-12-10 13:52:48.199,252298464, 680.4160736391586, 681555, 36.229486922211336, 37256, 0, 0.0, 9, 
2019-12-10 13:52:49.225,262997144, 680.4160736391586, 682069, 36.229486922211336, 37282, 0, 0.0, 10, 
2019-12-10 13:52:50.252,273886928, 664.8234493146488, 682549, 35.41158230730424, 37308, 0, 0.0, 10, 
2019-12-10 13:52:51.281,284205528, 664.8234493146488, 683037, 35.41158230730424, 37345, 0, 0.0, 1, 
2019-12-10 13:52:52.307,293754656, 664.8234493146488, 683534, 35.41158230730424, 37375, 0, 0.0, 1, 
2019-12-10 13:52:53.336,305720296, 664.8234493146488, 684035, 35.41158230730424, 37411, 0, 0.0, 1, 
2019-12-10 13:52:54.361,316552008, 650.0777644686167, 684532, 35.25074506640244, 37451, 0, 0.0, 1, 
2019-12-10 13:52:55.387,326738104, 650.0777644686167, 685048, 35.25074506640244, 37474, 0, 0.0, 6, 
2019-12-10 13:52:56.412,336700408, 650.0777644686167, 685517, 35.25074506640244, 37502, 0, 0.0, 2, 
2019-12-10 13:52:57.437,348167272, 650.0777644686167, 686014, 35.25074506640244, 37526, 0, 0.0, 1, 
2019-12-10 13:52:58.467,358643296, 650.0777644686167, 686492, 35.25074506640244, 37556, 0, 0.0, 1, 
2019-12-10 13:52:59.495,84558992, 635.8234614519529, 686974, 34.543078563651605, 37584, 0, 0.0, 1, 
2019-12-10 13:53:00.521,94957688, 635.8234614519529, 687472, 34.543078563651605, 37608, 0, 0.0, 1, 
2019-12-10 13:53:01.547,106075624, 635.8234614519529, 687967, 34.543078563651605, 37635, 0, 0.0, 1, 
2019-12-10 13:53:02.573,115548376, 635.8234614519529, 688453, 34.543078563651605, 37651, 0, 0.0, 1, 
2019-12-10 13:53:03.599,126331472, 635.8234614519529, 688969, 34.543078563651605, 37678, 0, 0.0, 1, 
2019-12-10 13:53:04.625,136211960, 623.7482921868561, 689452, 33.572171608892724, 37700, 0, 0.0, 1, 
2019-12-10 13:53:05.651,146813248, 623.7482921868561, 689907, 33.572171608892724, 37723, 0, 0.0, 1, 
2019-12-10 13:53:06.677,156543352, 623.7482921868561, 690396, 33.572171608892724, 37742, 0, 0.0, 44, 
2019-12-10 13:53:07.703,168244976, 623.7482921868561, 690915, 33.572171608892724, 37765, 0, 0.0, 1, 
2019-12-10 13:53:08.729,178603384, 623.7482921868561, 691383, 33.572171608892724, 37791, 0, 0.0, 1, 
2019-12-10 13:53:09.754,187888488, 611.4072841340918, 691858, 32.646911853893776, 37815, 0, 0.0, 25, 
2019-12-10 13:53:10.779,197876592, 611.4072841340918, 692332, 32.646911853893776, 37846, 0, 0.0, 1, 
2019-12-10 13:53:11.806,208341184, 611.4072841340918, 692803, 32.646911853893776, 37871, 0, 0.0, 3, 
2019-12-10 13:53:12.834,219115912, 611.4072841340918, 693286, 32.646911853893776, 37897, 0, 0.0, 1, 
2019-12-10 13:53:13.86,228283568, 611.4072841340918, 693761, 32.646911853893776, 37917, 0, 0.0, 3, 
2019-12-10 13:53:14.892,238893408, 599.9730530188798, 694260, 32.00351630618947, 37938, 0, 0.0, 1, 
2019-12-10 13:53:15.92,249238896, 599.9730530188798, 694734, 32.00351630618947, 37970, 0, 0.0, 15, 
2019-12-10 13:53:16.948,259607608, 599.9730530188798, 695240, 32.00351630618947, 37998, 0, 0.0, 22, 
2019-12-10 13:53:17.978,271076992, 599.9730530188798, 695760, 32.00351630618947, 38018, 0, 0.0, 1, 
2019-12-10 13:53:19.007,282591568, 599.9730530188798, 696258, 32.00351630618947, 38037, 0, 0.0, 1, 
2019-12-10 13:53:20.035,292583432, 590.6843685604566, 696760, 31.315617123681925, 38073, 0, 0.0, 1, 
2019-12-10 13:53:21.068,303451872, 590.6843685604566, 697269, 31.315617123681925, 38091, 0, 0.0, 1, 
2019-12-10 13:53:22.096,313765544, 590.6843685604566, 697779, 31.315617123681925, 38118, 0, 0.0, 1, 
2019-12-10 13:53:23.123,324996304, 590.6843685604566, 698308, 31.315617123681925, 38146, 0, 0.0, 1, 
2019-12-10 13:53:24.149,335911984, 590.6843685604566, 698813, 31.315617123681925, 38172, 0, 0.0, 1, 
2019-12-10 13:53:25.175,346824000, 583.3856734370127, 699329, 30.858621610803272, 38193, 0, 0.0, 1, 
2019-12-10 13:53:26.242,358383872, 583.3856734370127, 699850, 30.858621610803272, 38220, 0, 0.0, 1, 
2019-12-10 13:53:27.266,85771176, 583.3856734370127, 700363, 30.858621610803272, 38252, 0, 0.0, 1, 
2019-12-10 13:53:28.29,96111376, 583.3856734370127, 700850, 30.858621610803272, 38283, 0, 0.0, 1, 
2019-12-10 13:53:29.315,108015800, 583.3856734370127, 701349, 30.858621610803272, 38303, 0, 0.0, 1, 
2019-12-10 13:53:30.342,117149408, 575.855002783825, 701814, 30.470147675816875, 38334, 0, 0.0, 17, 
2019-12-10 13:53:31.367,128323840, 575.855002783825, 702313, 30.470147675816875, 38362, 0, 0.0, 1, 
2019-12-10 13:53:32.393,138059616, 575.855002783825, 702824, 30.470147675816875, 38384, 0, 0.0, 7, 
2019-12-10 13:53:33.419,149039528, 575.855002783825, 703322, 30.470147675816875, 38408, 0, 0.0, 3, 
2019-12-10 13:53:34.445,158941320, 568.6226200865381, 703831, 29.95282323096221, 38429, 0, 0.0, 44, 
2019-12-10 13:53:35.476,169383072, 568.6226200865381, 704316, 29.95282323096221, 38464, 0, 0.0, 1, 
2019-12-10 13:53:36.503,181774688, 568.6226200865381, 704812, 29.95282323096221, 38493, 0, 0.0, 1, 
2019-12-10 13:53:37.531,191615952, 568.6226200865381, 705336, 29.95282323096221, 38518, 0, 0.0, 14, 
2019-12-10 13:53:38.568,201109240, 568.6226200865381, 705845, 29.95282323096221, 38541, 0, 0.0, 1, 
2019-12-10 13:53:39.592,212474544, 561.8405778448443, 706341, 29.716728521034494, 38565, 0, 0.0, 6, 
2019-12-10 13:53:40.619,223385104, 561.8405778448443, 706862, 29.716728521034494, 38592, 0, 0.0, 19, 
2019-12-10 13:53:41.649,235795856, 561.8405778448443, 707351, 29.716728521034494, 38627, 0, 0.0, 1, 
2019-12-10 13:53:42.676,245115928, 561.8405778448443, 707831, 29.716728521034494, 38659, 0, 0.0, 1, 
2019-12-10 13:53:43.702,255124496, 561.8405778448443, 708336, 29.716728521034494, 38682, 0, 0.0, 1, 
2019-12-10 13:53:44.737,267378272, 556.0645401557438, 708854, 29.59545760428678, 38705, 0, 0.0, 10, 
2019-12-10 13:53:45.772,277963592, 556.0645401557438, 709382, 29.59545760428678, 38732, 0, 0.0, 13, 
2019-12-10 13:53:46.796,287733992, 556.0645401557438, 709865, 29.59545760428678, 38749, 0, 0.0, 1, 
2019-12-10 13:53:47.822,299027592, 556.0645401557438, 710339, 29.59545760428678, 38776, 0, 0.0, 1, 
2019-12-10 13:53:48.852,309517400, 556.0645401557438, 710843, 29.59545760428678, 38802, 0, 0.0, 1, 
2019-12-10 13:53:49.877,322875304, 550.238613194826, 711324, 29.084105047822685, 38834, 0, 0.0, 1, 
2019-12-10 13:53:50.916,334209744, 550.238613194826, 711841, 29.084105047822685, 38858, 0, 0.0, 1, 
2019-12-10 13:53:51.939,345359816, 550.238613194826, 712352, 29.084105047822685, 38879, 0, 0.0, 1, 
2019-12-10 13:53:52.965,356783120, 550.238613194826, 712936, 29.084105047822685, 38903, 0, 0.0, 1, 
2019-12-10 13:53:53.989,86406912, 550.238613194826, 713543, 29.084105047822685, 38943, 0, 0.0, 24, 
2019-12-10 13:53:55.012,99952128, 549.0202009565965, 714203, 28.997424794120715, 38981, 0, 0.0, 1, 
2019-12-10 13:53:56.036,116495552, 549.0202009565965, 714947, 28.997424794120715, 39006, 0, 0.0, 1, 
2019-12-10 13:53:57.059,130448256, 549.0202009565965, 715764, 28.997424794120715, 39049, 0, 0.0, 9, 
2019-12-10 13:53:58.083,148535352, 549.0202009565965, 716656, 28.997424794120715, 39102, 0, 0.0, 1, 
2019-12-10 13:53:59.107,165465104, 549.0202009565965, 717561, 28.997424794120715, 39152, 0, 0.0, 1, 
2019-12-10 13:54:00.13,183160904, 569.375277812661, 718503, 29.94110660358823, 39192, 0, 0.0, 39, 
2019-12-10 13:54:01.152,202003648, 569.375277812661, 719473, 29.94110660358823, 39242, 0, 0.0, 47, 
2019-12-10 13:54:02.175,219551088, 569.375277812661, 720393, 29.94110660358823, 39288, 0, 0.0, 32, 
2019-12-10 13:54:03.198,236094744, 569.375277812661, 721293, 29.94110660358823, 39343, 0, 0.0, 1, 
2019-12-10 13:54:04.227,254669504, 569.375277812661, 722238, 29.94110660358823, 39402, 0, 0.0, 1, 
2019-12-10 13:54:05.249,272440464, 596.7860291546892, 723210, 31.512944932838067, 39446, 0, 0.0, 52, 
2019-12-10 13:54:06.272,288919632, 596.7860291546892, 724139, 31.512944932838067, 39494, 0, 0.0, 22, 
2019-12-10 13:54:07.295,308082768, 596.7860291546892, 725062, 31.512944932838067, 39555, 0, 0.0, 1, 
2019-12-10 13:54:08.317,325559304, 596.7860291546892, 726027, 31.512944932838067, 39602, 0, 0.0, 1, 
2019-12-10 13:54:09.34,344773504, 623.4603294814619, 726982, 32.7512214864009, 39642, 0, 0.0, 1, 
2019-12-10 13:54:10.364,81564248, 623.4603294814619, 727987, 32.7512214864009, 39698, 0, 0.0, 24, 
2019-12-10 13:54:11.388,99721616, 623.4603294814619, 729009, 32.7512214864009, 39756, 0, 0.0, 37, 
2019-12-10 13:54:12.41,117288048, 623.4603294814619, 730010, 32.7512214864009, 39810, 0, 0.0, 17, 
2019-12-10 13:54:13.433,135682112, 623.4603294814619, 730957, 32.7512214864009, 39869, 0, 0.0, 1, 
2019-12-10 13:54:14.456,154280088, 651.2640583943779, 731970, 34.514144479164116, 39919, 0, 0.0, 28, 
2019-12-10 13:54:15.479,172372568, 651.2640583943779, 732933, 34.514144479164116, 39972, 0, 0.0, 1, 
2019-12-10 13:54:16.5,190837992, 651.2640583943779, 733896, 34.514144479164116, 40033, 0, 0.0, 1, 
2019-12-10 13:54:17.523,208501560, 651.2640583943779, 734879, 34.514144479164116, 40084, 0, 0.0, 1, 
2019-12-10 13:54:18.546,228004000, 651.2640583943779, 735850, 34.514144479164116, 40129, 0, 0.0, 25, 
2019-12-10 13:54:19.568,246525416, 675.6933634572364, 736857, 35.688360654001734, 40169, 0, 0.0, 1, 
2019-12-10 13:54:20.591,263222688, 675.6933634572364, 737753, 35.688360654001734, 40220, 0, 0.0, 16, 
2019-12-10 13:54:21.614,282596392, 675.6933634572364, 738733, 35.688360654001734, 40277, 0, 0.0, 22, 
2019-12-10 13:54:22.641,302054264, 675.6933634572364, 739785, 35.688360654001734, 40339, 0, 0.0, 35, 
2019-12-10 13:54:23.664,320802360, 675.6933634572364, 740833, 35.688360654001734, 40401, 0, 0.0, 41, 
2019-12-10 13:54:24.687,340555208, 699.6246007873414, 741863, 37.04054067748879, 40449, 0, 0.0, 48, 
2019-12-10 13:54:25.708,359210496, 699.6246007873414, 742914, 37.04054067748879, 40492, 0, 0.0, 1, 
2019-12-10 13:54:26.733,93145208, 699.6246007873414, 743964, 37.04054067748879, 40559, 0, 0.0, 1, 
2019-12-10 13:54:27.755,112898680, 699.6246007873414, 745027, 37.04054067748879, 40619, 0, 0.0, 38, 
2019-12-10 13:54:28.783,133754112, 699.6246007873414, 746108, 37.04054067748879, 40682, 0, 0.0, 22, 
2019-12-10 13:54:29.809,154181600, 726.5037016186104, 747197, 38.65240204837652, 40732, 0, 0.0, 54, 
2019-12-10 13:54:30.834,173974840, 726.5037016186104, 748325, 38.65240204837652, 40804, 0, 0.0, 1, 
2019-12-10 13:54:31.863,193800240, 726.5037016186104, 749401, 38.65240204837652, 40872, 0, 0.0, 1, 
2019-12-10 13:54:32.885,215523256, 726.5037016186104, 750552, 38.65240204837652, 40945, 0, 0.0, 1, 
2019-12-10 13:54:33.915,236538464, 726.5037016186104, 751772, 38.65240204837652, 40992, 0, 0.0, 1, 
2019-12-10 13:54:34.936,263047304, 757.0864170578114, 752940, 40.47119955837538, 41053, 0, 0.0, 17, 
2019-12-10 13:54:35.965,292937456, 757.0864170578114, 753982, 40.47119955837538, 41108, 0, 0.0, 1, 
2019-12-10 13:54:36.989,311313088, 757.0864170578114, 754891, 40.47119955837538, 41161, 0, 0.0, 37, 
2019-12-10 13:54:38.012,336711592, 757.0864170578114, 755925, 40.47119955837538, 41214, 0, 0.0, 49, 
2019-12-10 13:54:39.034,355863648, 757.0864170578114, 757016, 40.47119955837538, 41265, 0, 0.0, 1, 
2019-12-10 13:54:40.056,97389536, 777.724039674077, 758163, 41.34501819508478, 41314, 0, 0.0, 1, 
2019-12-10 13:54:41.079,115525552, 777.724039674077, 759287, 41.34501819508478, 41366, 0, 0.0, 25, 
2019-12-10 13:54:42.102,137706600, 777.724039674077, 760027, 41.34501819508478, 41400, 0, 0.0, 1, 
2019-12-10 13:54:43.132,169694336, 777.724039674077, 760888, 41.34501819508478, 41441, 0, 0.0, 1, 
2019-12-10 13:54:44.159,194192040, 777.724039674077, 761656, 41.34501819508478, 41473, 0, 0.0, 1, 
2019-12-10 13:54:45.185,211142792, 786.4772541659531, 762156, 41.31743206333325, 41492, 0, 0.0, 2, 
2019-12-10 13:54:46.213,227350024, 786.4772541659531, 762652, 41.31743206333325, 41521, 0, 0.0, 5, 
2019-12-10 13:54:47.242,244994904, 786.4772541659531, 763172, 41.31743206333325, 41550, 0, 0.0, 38, 
2019-12-10 13:54:48.27,259062592, 786.4772541659531, 763661, 41.31743206333325, 41574, 0, 0.0, 31, 
2019-12-10 13:54:49.294,275081936, 786.4772541659531, 764177, 41.31743206333325, 41608, 0, 0.0, 1, 
2019-12-10 13:54:50.323,291310296, 763.0600818673579, 764686, 40.06073558218559, 41635, 0, 0.0, 6, 
2019-12-10 13:54:51.347,306921120, 763.0600818673579, 765208, 40.06073558218559, 41662, 0, 0.0, 11, 
2019-12-10 13:54:52.374,322450064, 763.0600818673579, 765713, 40.06073558218559, 41694, 0, 0.0, 1, 
2019-12-10 13:54:53.399,338100088, 763.0600818673579, 766159, 40.06073558218559, 41714, 0, 0.0, 5, 
2019-12-10 13:54:54.426,354029680, 741.3713232339556, 766705, 38.90451900382137, 41739, 0, 0.0, 45, 
2019-12-10 13:54:55.456,83781912, 741.3713232339556, 767219, 38.90451900382137, 41766, 0, 0.0, 4, 
2019-12-10 13:54:56.488,100091544, 741.3713232339556, 767767, 38.90451900382137, 41789, 0, 0.0, 20, 
2019-12-10 13:54:57.514,115102912, 741.3713232339556, 768266, 38.90451900382137, 41813, 0, 0.0, 2, 
2019-12-10 13:54:58.541,130831968, 741.3713232339556, 768760, 38.90451900382137, 41835, 0, 0.0, 1, 
2019-12-10 13:54:59.565,146493440, 722.0083733247933, 769244, 37.69682834512832, 41862, 0, 0.0, 1, 
2019-12-10 13:55:00.589,161461976, 722.0083733247933, 769755, 37.69682834512832, 41887, 0, 0.0, 13, 
2019-12-10 13:55:01.614,177100432, 722.0083733247933, 770251, 37.69682834512832, 41908, 0, 0.0, 1, 
2019-12-10 13:55:02.638,192316488, 722.0083733247933, 770794, 37.69682834512832, 41930, 0, 0.0, 15, 
2019-12-10 13:55:03.662,207647728, 722.0083733247933, 771278, 37.69682834512832, 41965, 0, 0.0, 1, 
2019-12-10 13:55:04.686,222759216, 703.7618392491196, 771800, 36.68164600244259, 41987, 0, 0.0, 12, 
2019-12-10 13:55:05.711,239170792, 703.7618392491196, 772322, 36.68164600244259, 42016, 0, 0.0, 2, 
2019-12-10 13:55:06.743,254606336, 703.7618392491196, 772847, 36.68164600244259, 42041, 0, 0.0, 8, 
2019-12-10 13:55:07.77,268869872, 703.7618392491196, 773348, 36.68164600244259, 42065, 0, 0.0, 1, 
2019-12-10 13:55:08.802,283718384, 703.7618392491196, 773872, 36.68164600244259, 42083, 0, 0.0, 1, 
2019-12-10 13:55:09.829,298772168, 687.5658888181953, 774325, 35.651686455779455, 42109, 0, 0.0, 21, 
2019-12-10 13:55:10.857,314276504, 687.5658888181953, 774821, 35.651686455779455, 42140, 0, 0.0, 1, 
2019-12-10 13:55:11.88,328955688, 687.5658888181953, 775306, 35.651686455779455, 42172, 0, 0.0, 1, 
2019-12-10 13:55:12.905,344315768, 687.5658888181953, 775828, 35.651686455779455, 42197, 0, 0.0, 1, 
2019-12-10 13:55:13.93,359644568, 687.5658888181953, 776323, 35.651686455779455, 42230, 0, 0.0, 6, 
2019-12-10 13:55:14.956,91449568, 670.8419077381586, 776829, 35.10385585443127, 42255, 0, 0.0, 1, 
2019-12-10 13:55:15.982,106140512, 670.8419077381586, 777322, 35.10385585443127, 42282, 0, 0.0, 4, 
2019-12-10 13:55:17.014,121166896, 670.8419077381586, 777803, 35.10385585443127, 42301, 0, 0.0, 18, 
2019-12-10 13:55:18.041,137372600, 670.8419077381586, 778323, 35.10385585443127, 42325, 0, 0.0, 51, 
2019-12-10 13:55:19.068,153211552, 670.8419077381586, 778845, 35.10385585443127, 42350, 0, 0.0, 29, 
2019-12-10 13:55:20.092,168362288, 656.2866404429594, 779307, 34.184058325570334, 42375, 0, 0.0, 24, 
2019-12-10 13:55:21.135,182572552, 656.2866404429594, 779803, 34.184058325570334, 42405, 0, 0.0, 1, 
2019-12-10 13:55:22.16,197723304, 656.2866404429594, 780319, 34.184058325570334, 42445, 0, 0.0, 1, 
2019-12-10 13:55:23.186,213993360, 656.2866404429594, 780825, 34.184058325570334, 42463, 0, 0.0, 1, 
2019-12-10 13:55:24.209,230533216, 656.2866404429594, 781330, 34.184058325570334, 42490, 0, 0.0, 3, 
2019-12-10 13:55:25.234,244096632, 642.6232990743142, 781825, 33.577670502664006, 42516, 0, 0.0, 1, 
2019-12-10 13:55:26.259,261709648, 642.6232990743142, 782320, 33.577670502664006, 42538, 0, 0.0, 1, 
2019-12-10 13:55:27.287,275204856, 642.6232990743142, 782811, 33.577670502664006, 42556, 0, 0.0, 1, 
2019-12-10 13:55:28.312,291502080, 642.6232990743142, 783339, 33.577670502664006, 42576, 0, 0.0, 2, 
2019-12-10 13:55:29.342,309057760, 631.0918407727373, 783882, 32.63597996332055, 42603, 0, 0.0, 58, 
2019-12-10 13:55:30.365,323727736, 631.0918407727373, 784366, 32.63597996332055, 42627, 0, 0.0, 23, 
2019-12-10 13:55:31.39,338264280, 631.0918407727373, 784862, 32.63597996332055, 42658, 0, 0.0, 1, 
2019-12-10 13:55:32.416,353161096, 631.0918407727373, 785357, 32.63597996332055, 42686, 0, 0.0, 1, 
2019-12-10 13:55:33.443,84125168, 631.0918407727373, 785834, 32.63597996332055, 42715, 0, 0.0, 1, 
2019-12-10 13:55:34.469,100717648, 618.9472397307234, 786348, 32.15336965206758, 42738, 0, 0.0, 1, 
2019-12-10 13:55:35.499,116171488, 618.9472397307234, 786852, 32.15336965206758, 42764, 0, 0.0, 2, 
2019-12-10 13:55:36.526,132453472, 618.9472397307234, 787356, 32.15336965206758, 42791, 0, 0.0, 13, 
2019-12-10 13:55:37.552,146609792, 618.9472397307234, 787851, 32.15336965206758, 42818, 0, 0.0, 10, 
2019-12-10 13:55:38.578,162329288, 618.9472397307234, 788344, 32.15336965206758, 42846, 0, 0.0, 1, 
2019-12-10 13:55:39.603,177367872, 608.8610633351583, 788857, 31.51745332586714, 42862, 0, 0.0, 1, 
2019-12-10 13:55:40.63,192943816, 608.8610633351583, 789375, 31.51745332586714, 42887, 0, 0.0, 1, 
2019-12-10 13:55:41.656,208690336, 608.8610633351583, 789884, 31.51745332586714, 42912, 0, 0.0, 7, 
2019-12-10 13:55:42.683,223262120, 608.8610633351583, 790341, 31.51745332586714, 42927, 0, 0.0, 1, 
2019-12-10 13:55:43.709,238380312, 608.8610633351583, 790860, 31.51745332586714, 42955, 0, 0.0, 26, 
2019-12-10 13:55:44.733,252632224, 598.8937150432647, 791353, 30.85242647640415, 42984, 0, 0.0, 1, 
2019-12-10 13:55:45.76,268646904, 598.8937150432647, 791826, 30.85242647640415, 42998, 0, 0.0, 1, 
2019-12-10 13:55:46.784,282769176, 598.8937150432647, 792322, 30.85242647640415, 43020, 0, 0.0, 1, 
2019-12-10 13:55:47.807,298590216, 598.8937150432647, 792837, 30.85242647640415, 43045, 0, 0.0, 5, 
2019-12-10 13:55:48.835,308245480, 598.8937150432647, 793140, 30.85242647640415, 43056, 0, 0.0, 1, 
2019-12-10 13:55:49.864,308996824, 582.7831671084682, 793140, 29.71286537453073, 43056, 0, 0.0, 7, 
2019-12-10 13:55:50.891,309969568, 582.7831671084682, 793140, 29.71286537453073, 43056, 0, 0.0, 10, 
