Timestamp, MemoryUsed, ReadLatency1, ReadCount, WriteLatency1, WriteCount, PendingTasks, WaitingOnCommit1, SRDelay, 
2019-12-10 13:47:29.647,304933832, 0.03178291663908601, 478063, 4.223866491072831, 26489, 0, 0.0, 1428298, 
2019-12-10 13:47:30.756,305650408, 0.03178291663908601, 478063, 4.223866491072831, 26489, 0, 0.0, 714156, 
2019-12-10 13:47:31.811,306565456, 0.03178291663908601, 478063, 4.223866491072831, 26489, 0, 0.0, 357085, 
2019-12-10 13:47:32.866,307294328, 0.029241694934420467, 478063, 3.886144773251517, 26489, 0, 0.0, 178549, 
2019-12-10 13:47:33.909,308081648, 0.029241694934420467, 478063, 3.886144773251517, 26489, 0, 0.0, 89281, 
2019-12-10 13:47:34.955,308979000, 0.029241694934420467, 478063, 3.886144773251517, 26489, 0, 0.0, 44647, 
2019-12-10 13:47:35.998,309955456, 0.029241694934420467, 478063, 3.886144773251517, 26489, 0, 0.0, 22330, 
2019-12-10 13:47:37.039,311006456, 0.029241694934420467, 478063, 3.886144773251517, 26489, 0, 0.0, 11172, 
2019-12-10 13:47:38.077,311756200, 0.026903658098708125, 478063, 3.5754257930709956, 26489, 0, 0.0, 5593, 
2019-12-10 13:47:39.113,312491920, 0.026903658098708125, 478063, 3.5754257930709956, 26489, 0, 0.0, 2803, 
2019-12-10 13:47:40.143,313320296, 0.026903658098708125, 478063, 3.5754257930709956, 26489, 0, 0.0, 1408, 
2019-12-10 13:47:41.178,315539880, 0.026903658098708125, 478108, 3.5754257930709956, 26489, 0, 0.0, 707, 
2019-12-10 13:47:42.209,319822336, 2.583331292228468, 478241, 3.4654528186520768, 26501, 0, 0.0, 340, 
2019-12-10 13:47:43.505,326965816, 2.583331292228468, 478452, 3.4654528186520768, 26521, 0, 0.0, 142, 
2019-12-10 13:47:44.532,332264152, 2.583331292228468, 478704, 3.4654528186520768, 26528, 0, 0.0, 57, 
2019-12-10 13:47:45.558,342122112, 2.583331292228468, 479121, 3.4654528186520768, 26541, 0, 0.0, 3, 
2019-12-10 13:47:46.6,352421632, 2.583331292228468, 479604, 3.4654528186520768, 26565, 0, 0.0, 1, 
2019-12-10 13:47:47.628,74557344, 28.122478015909856, 480053, 4.387704290522439, 26590, 0, 0.0, 37, 
2019-12-10 13:47:48.662,85444088, 28.122478015909856, 480540, 4.387704290522439, 26612, 0, 0.0, 25, 
2019-12-10 13:47:49.695,95983880, 28.122478015909856, 481041, 4.387704290522439, 26633, 0, 0.0, 1, 
2019-12-10 13:47:50.727,106191456, 28.122478015909856, 481529, 4.387704290522439, 26659, 0, 0.0, 18, 
2019-12-10 13:47:51.755,115151696, 28.122478015909856, 481938, 4.387704290522439, 26674, 0, 0.0, 1, 
2019-12-10 13:47:52.781,124977144, 61.51812878232147, 482347, 5.715950118324499, 26699, 0, 0.0, 10, 
2019-12-10 13:47:53.815,133317576, 61.51812878232147, 482787, 5.715950118324499, 26725, 0, 0.0, 1, 
2019-12-10 13:47:54.85,144390848, 61.51812878232147, 483276, 5.715950118324499, 26757, 0, 0.0, 1, 
2019-12-10 13:47:55.88,155710696, 61.51812878232147, 483796, 5.715950118324499, 26784, 0, 0.0, 1, 
2019-12-10 13:47:56.909,165921624, 61.51812878232147, 484264, 5.715950118324499, 26806, 0, 0.0, 1, 
2019-12-10 13:47:57.934,175909368, 93.29902446976288, 484739, 7.321782083227735, 26827, 0, 0.0, 1, 
2019-12-10 13:47:58.962,186286816, 93.29902446976288, 485270, 7.321782083227735, 26849, 0, 0.0, 35, 
2019-12-10 13:47:59.993,197525936, 93.29902446976288, 485776, 7.321782083227735, 26880, 0, 0.0, 47, 
2019-12-10 13:48:01.022,208196992, 93.29902446976288, 486292, 7.321782083227735, 26908, 0, 0.0, 31, 
2019-12-10 13:48:02.054,218715928, 93.29902446976288, 486827, 7.321782083227735, 26939, 0, 0.0, 1, 
2019-12-10 13:48:03.093,230199528, 125.81703903910825, 487330, 8.847192164592593, 26973, 0, 0.0, 1, 
2019-12-10 13:48:04.12,241241432, 125.81703903910825, 487882, 8.847192164592593, 27006, 0, 0.0, 5, 
2019-12-10 13:48:05.15,252800984, 125.81703903910825, 488486, 8.847192164592593, 27035, 0, 0.0, 9, 
2019-12-10 13:48:06.181,265150040, 125.81703903910825, 489112, 8.847192164592593, 27070, 0, 0.0, 16, 
2019-12-10 13:48:07.21,279246688, 161.90762790908565, 489798, 10.698388468047384, 27107, 0, 0.0, 75, 
2019-12-10 13:48:08.245,290985896, 161.90762790908565, 490428, 10.698388468047384, 27141, 0, 0.0, 63, 
2019-12-10 13:48:09.271,304250416, 161.90762790908565, 491140, 10.698388468047384, 27178, 0, 0.0, 34, 
2019-12-10 13:48:10.298,319282312, 161.90762790908565, 491844, 10.698388468047384, 27220, 0, 0.0, 1, 
2019-12-10 13:48:11.324,332460288, 161.90762790908565, 492604, 10.698388468047384, 27254, 0, 0.0, 37, 
2019-12-10 13:48:12.354,345422672, 202.11668189806286, 493226, 12.753375863054389, 27292, 0, 0.0, 13, 
2019-12-10 13:48:13.381,75404696, 202.11668189806286, 493919, 12.753375863054389, 27327, 0, 0.0, 1, 
2019-12-10 13:48:14.42,89749488, 202.11668189806286, 494665, 12.753375863054389, 27378, 0, 0.0, 1, 
2019-12-10 13:48:15.454,103076720, 202.11668189806286, 495413, 12.753375863054389, 27408, 0, 0.0, 1, 
2019-12-10 13:48:16.481,118479312, 202.11668189806286, 496171, 12.753375863054389, 27439, 0, 0.0, 1, 
2019-12-10 13:48:17.507,133195160, 243.41240793109267, 496951, 14.644055537964249, 27475, 0, 0.0, 7, 
2019-12-10 13:48:18.543,147076232, 243.41240793109267, 497654, 14.644055537964249, 27521, 0, 0.0, 1, 
2019-12-10 13:48:19.574,160713416, 243.41240793109267, 498346, 14.644055537964249, 27563, 0, 0.0, 1, 
2019-12-10 13:48:20.603,173899320, 243.41240793109267, 499081, 14.644055537964249, 27593, 0, 0.0, 1, 
2019-12-10 13:48:21.652,190088984, 243.41240793109267, 499924, 14.644055537964249, 27649, 0, 0.0, 1, 
2019-12-10 13:48:22.682,206410288, 283.37321741596315, 500807, 16.703387154200957, 27704, 0, 0.0, 1, 
2019-12-10 13:48:23.709,222946992, 283.37321741596315, 501646, 16.703387154200957, 27750, 0, 0.0, 1, 
2019-12-10 13:48:24.74,237285240, 283.37321741596315, 502400, 16.703387154200957, 27793, 0, 0.0, 24, 
2019-12-10 13:48:25.766,251399392, 283.37321741596315, 503121, 16.703387154200957, 27827, 0, 0.0, 1, 
2019-12-10 13:48:26.792,266910328, 283.37321741596315, 503892, 16.703387154200957, 27861, 0, 0.0, 22, 
2019-12-10 13:48:27.819,280126408, 320.5547060305122, 504637, 18.7259926421822, 27901, 0, 0.0, 3, 
2019-12-10 13:48:28.849,294233152, 320.5547060305122, 505345, 18.7259926421822, 27930, 0, 0.0, 1, 
2019-12-10 13:48:29.878,308419288, 320.5547060305122, 506085, 18.7259926421822, 27961, 0, 0.0, 1, 
2019-12-10 13:48:30.903,322375120, 320.5547060305122, 506859, 18.7259926421822, 27999, 0, 0.0, 12, 
2019-12-10 13:48:31.929,338044752, 320.5547060305122, 507641, 18.7259926421822, 28045, 0, 0.0, 7, 
2019-12-10 13:48:32.958,354020040, 353.2281797188149, 508517, 20.04318154387736, 28092, 0, 0.0, 39, 
2019-12-10 13:48:33.989,90704520, 353.2281797188149, 509561, 20.04318154387736, 28140, 0, 0.0, 39, 
2019-12-10 13:48:35.021,99890224, 353.2281797188149, 510031, 20.04318154387736, 28164, 0, 0.0, 25, 
2019-12-10 13:48:36.053,110689216, 353.2281797188149, 510497, 20.04318154387736, 28196, 0, 0.0, 1, 
2019-12-10 13:48:37.081,121386184, 353.2281797188149, 511011, 20.04318154387736, 28215, 0, 0.0, 1, 
2019-12-10 13:48:38.114,131272608, 377.0846732675114, 511518, 21.047169313929963, 28244, 0, 0.0, 1, 
2019-12-10 13:48:39.164,141635360, 377.0846732675114, 512015, 21.047169313929963, 28265, 0, 0.0, 1, 
2019-12-10 13:48:40.198,153174552, 377.0846732675114, 512503, 21.047169313929963, 28293, 0, 0.0, 1, 
2019-12-10 13:48:41.239,163647576, 377.0846732675114, 513013, 21.047169313929963, 28319, 0, 0.0, 1, 
2019-12-10 13:48:42.269,174989432, 385.1054439380582, 513497, 21.37921132238, 28348, 0, 0.0, 1, 
2019-12-10 13:48:43.299,184806704, 385.1054439380582, 514016, 21.37921132238, 28363, 0, 0.0, 1, 
2019-12-10 13:48:44.337,197337480, 385.1054439380582, 514533, 21.37921132238, 28388, 0, 0.0, 26, 
2019-12-10 13:48:45.418,208315544, 385.1054439380582, 515074, 21.37921132238, 28416, 0, 0.0, 1, 
2019-12-10 13:48:46.469,219260080, 385.1054439380582, 515566, 21.37921132238, 28437, 0, 0.0, 1, 
2019-12-10 13:48:47.495,229859536, 393.9241097311897, 516062, 21.52479354693541, 28467, 0, 0.0, 3, 
2019-12-10 13:48:48.525,241492280, 393.9241097311897, 516572, 21.52479354693541, 28491, 0, 0.0, 1, 
2019-12-10 13:48:49.558,251501832, 393.9241097311897, 517080, 21.52479354693541, 28518, 0, 0.0, 9, 
2019-12-10 13:48:50.602,262924432, 393.9241097311897, 517578, 21.52479354693541, 28540, 0, 0.0, 1, 
2019-12-10 13:48:51.652,273995400, 393.9241097311897, 518100, 21.52479354693541, 28569, 0, 0.0, 1, 
2019-12-10 13:48:52.692,284084360, 401.47798484104817, 518580, 21.81864683024828, 28596, 0, 0.0, 1, 
2019-12-10 13:48:53.728,294767808, 401.47798484104817, 519067, 21.81864683024828, 28609, 0, 0.0, 1, 
2019-12-10 13:48:54.756,307666800, 401.47798484104817, 519669, 21.81864683024828, 28635, 0, 0.0, 1, 
2019-12-10 13:48:55.787,320248960, 401.47798484104817, 520324, 21.81864683024828, 28670, 0, 0.0, 1, 
2019-12-10 13:48:56.813,335053280, 401.47798484104817, 520977, 21.81864683024828, 28720, 0, 0.0, 1, 
2019-12-10 13:48:57.84,350216120, 414.4885188157783, 521684, 22.344862775466936, 28761, 0, 0.0, 1, 
2019-12-10 13:48:58.87,81378584, 414.4885188157783, 522535, 22.344862775466936, 28801, 0, 0.0, 5, 
2019-12-10 13:48:59.901,99119632, 414.4885188157783, 523437, 22.344862775466936, 28846, 0, 0.0, 1, 
2019-12-10 13:49:00.925,116188984, 414.4885188157783, 524338, 22.344862775466936, 28894, 0, 0.0, 1, 
2019-12-10 13:49:01.953,134241400, 414.4885188157783, 525282, 22.344862775466936, 28931, 0, 0.0, 1, 
2019-12-10 13:49:02.988,152522040, 449.51797875147696, 526208, 23.96437412901786, 28987, 0, 0.0, 1, 
2019-12-10 13:49:04.013,168991400, 449.51797875147696, 527128, 23.96437412901786, 29030, 0, 0.0, 20, 
2019-12-10 13:49:05.04,186914912, 449.51797875147696, 528093, 23.96437412901786, 29082, 0, 0.0, 31, 
2019-12-10 13:49:06.068,205435184, 449.51797875147696, 529022, 23.96437412901786, 29132, 0, 0.0, 46, 
2019-12-10 13:49:07.091,221436040, 449.51797875147696, 529926, 23.96437412901786, 29188, 0, 0.0, 11, 
2019-12-10 13:49:08.115,239291504, 485.98428373744406, 530907, 26.03007671895004, 29223, 0, 0.0, 48, 
2019-12-10 13:49:09.146,257376792, 485.98428373744406, 531878, 26.03007671895004, 29273, 0, 0.0, 1, 
2019-12-10 13:49:10.173,276626728, 485.98428373744406, 532831, 26.03007671895004, 29333, 0, 0.0, 1, 
2019-12-10 13:49:11.197,295568120, 485.98428373744406, 533810, 26.03007671895004, 29374, 0, 0.0, 1, 
2019-12-10 13:49:12.222,313298216, 522.9889852499657, 534794, 27.770703678361112, 29430, 0, 0.0, 7, 
2019-12-10 13:49:13.255,332263232, 522.9889852499657, 535758, 27.770703678361112, 29484, 0, 0.0, 1, 
2019-12-10 13:49:14.28,351312456, 522.9889852499657, 536776, 27.770703678361112, 29533, 0, 0.0, 1, 
2019-12-10 13:49:15.305,87512600, 522.9889852499657, 537750, 27.770703678361112, 29593, 0, 0.0, 1, 
2019-12-10 13:49:16.332,106133704, 522.9889852499657, 538725, 27.770703678361112, 29652, 0, 0.0, 1, 
2019-12-10 13:49:17.355,124365592, 557.3547765330693, 539713, 29.70797124887733, 29690, 0, 0.0, 1, 
2019-12-10 13:49:18.386,143857416, 557.3547765330693, 540758, 29.70797124887733, 29739, 0, 0.0, 13, 
2019-12-10 13:49:19.418,162368256, 557.3547765330693, 541759, 29.70797124887733, 29796, 0, 0.0, 1, 
2019-12-10 13:49:20.446,180741312, 557.3547765330693, 542737, 29.70797124887733, 29839, 0, 0.0, 1, 
2019-12-10 13:49:21.47,199772000, 557.3547765330693, 543788, 29.70797124887733, 29887, 0, 0.0, 3, 
2019-12-10 13:49:22.497,221256600, 593.0665568283845, 544873, 31.17052111529059, 29947, 0, 0.0, 1, 
2019-12-10 13:49:23.521,239872952, 593.0665568283845, 545900, 31.17052111529059, 30009, 0, 0.0, 1, 
2019-12-10 13:49:24.545,260158336, 593.0665568283845, 547046, 31.17052111529059, 30056, 0, 0.0, 5, 
2019-12-10 13:49:25.582,280185624, 593.0665568283845, 548201, 31.17052111529059, 30114, 0, 0.0, 26, 
2019-12-10 13:49:26.606,301784296, 593.0665568283845, 549293, 31.17052111529059, 30184, 0, 0.0, 1, 
2019-12-10 13:49:27.632,321352224, 631.8237030259147, 550403, 33.235732219337066, 30239, 0, 0.0, 1, 
2019-12-10 13:49:28.663,341439440, 631.8237030259147, 551542, 33.235732219337066, 30306, 0, 0.0, 1, 
2019-12-10 13:49:29.692,79086360, 631.8237030259147, 552692, 33.235732219337066, 30362, 0, 0.0, 1, 
2019-12-10 13:49:30.715,99291040, 631.8237030259147, 553864, 33.235732219337066, 30421, 0, 0.0, 38, 
2019-12-10 13:49:31.743,119025080, 631.8237030259147, 554921, 33.235732219337066, 30487, 0, 0.0, 20, 
2019-12-10 13:49:32.766,140452184, 668.3135369997794, 556061, 35.29572933138684, 30548, 0, 0.0, 12, 
2019-12-10 13:49:33.79,160319904, 668.3135369997794, 557221, 35.29572933138684, 30624, 0, 0.0, 1, 
2019-12-10 13:49:34.814,181224880, 668.3135369997794, 558377, 35.29572933138684, 30678, 0, 0.0, 1, 
2019-12-10 13:49:35.837,202649288, 668.3135369997794, 559569, 35.29572933138684, 30744, 0, 0.0, 39, 
2019-12-10 13:49:36.861,224466592, 668.3135369997794, 560746, 35.29572933138684, 30801, 0, 0.0, 9, 
2019-12-10 13:49:37.888,245112464, 706.1074598457568, 561863, 37.43088492459279, 30850, 0, 0.0, 1, 
2019-12-10 13:49:38.916,264289488, 706.1074598457568, 562973, 37.43088492459279, 30906, 0, 0.0, 17, 
2019-12-10 13:49:39.939,286530040, 706.1074598457568, 564081, 37.43088492459279, 30969, 0, 0.0, 112, 
2019-12-10 13:49:41.005,308200840, 706.1074598457568, 565314, 37.43088492459279, 31031, 0, 0.0, 88, 
2019-12-10 13:49:42.037,328118192, 706.1074598457568, 566415, 37.43088492459279, 31091, 0, 0.0, 1, 
2019-12-10 13:49:43.069,341717272, 737.4414572961907, 567057, 38.899598273188296, 31120, 0, 0.0, 14, 
2019-12-10 13:49:44.099,352468376, 737.4414572961907, 567546, 38.899598273188296, 31155, 0, 0.0, 1, 
2019-12-10 13:49:45.129,76761008, 737.4414572961907, 568003, 38.899598273188296, 31175, 0, 0.0, 29, 
2019-12-10 13:49:46.155,87533176, 737.4414572961907, 568517, 38.899598273188296, 31202, 0, 0.0, 23, 
2019-12-10 13:49:47.183,99149272, 718.2967754160659, 569014, 37.91617669343136, 31231, 0, 0.0, 29, 
2019-12-10 13:49:48.214,109849192, 718.2967754160659, 569543, 37.91617669343136, 31262, 0, 0.0, 14, 
2019-12-10 13:49:49.248,120479352, 718.2967754160659, 570037, 37.91617669343136, 31296, 0, 0.0, 1, 
2019-12-10 13:49:50.281,130480992, 718.2967754160659, 570520, 37.91617669343136, 31320, 0, 0.0, 1, 
2019-12-10 13:49:51.309,141801752, 718.2967754160659, 571031, 37.91617669343136, 31349, 0, 0.0, 1, 
2019-12-10 13:49:52.341,152422672, 699.7073596408796, 571515, 37.07534963004659, 31372, 0, 0.0, 1, 
2019-12-10 13:49:53.369,162934216, 699.7073596408796, 572004, 37.07534963004659, 31396, 0, 0.0, 1, 
2019-12-10 13:49:54.398,172965672, 699.7073596408796, 572510, 37.07534963004659, 31421, 0, 0.0, 1, 
2019-12-10 13:49:55.429,182443368, 699.7073596408796, 572989, 37.07534963004659, 31445, 0, 0.0, 1, 
2019-12-10 13:49:56.458,193394072, 699.7073596408796, 573470, 37.07534963004659, 31478, 0, 0.0, 1, 
2019-12-10 13:49:57.488,204795768, 681.9966090368802, 573977, 36.1418402159689, 31503, 0, 0.0, 1, 
2019-12-10 13:49:58.52,215267040, 681.9966090368802, 574469, 36.1418402159689, 31534, 0, 0.0, 1, 
2019-12-10 13:49:59.547,226140568, 681.9966090368802, 574971, 36.1418402159689, 31568, 0, 0.0, 1, 
2019-12-10 13:50:00.579,236327976, 681.9966090368802, 575475, 36.1418402159689, 31597, 0, 0.0, 1, 
2019-12-10 13:50:01.614,246926016, 681.9966090368802, 575982, 36.1418402159689, 31623, 0, 0.0, 5, 
2019-12-10 13:50:02.641,256740088, 666.005763089186, 576471, 35.538827966728995, 31651, 0, 0.0, 1, 
2019-12-10 13:50:03.673,267039880, 666.005763089186, 576933, 35.538827966728995, 31672, 0, 0.0, 1, 
2019-12-10 13:50:04.702,276681944, 666.005763089186, 577393, 35.538827966728995, 31704, 0, 0.0, 30, 
2019-12-10 13:50:05.731,287100864, 666.005763089186, 577893, 35.538827966728995, 31728, 0, 0.0, 10, 
2019-12-10 13:50:06.758,297890376, 666.005763089186, 578398, 35.538827966728995, 31753, 0, 0.0, 1, 
2019-12-10 13:50:07.787,307242264, 650.7817588434397, 578890, 34.68019869045418, 31778, 0, 0.0, 1, 
2019-12-10 13:50:08.816,318399624, 650.7817588434397, 579386, 34.68019869045418, 31803, 0, 0.0, 1, 
2019-12-10 13:50:09.844,330768584, 650.7817588434397, 579930, 34.68019869045418, 31833, 0, 0.0, 9, 
2019-12-10 13:50:10.872,339921024, 650.7817588434397, 580398, 34.68019869045418, 31859, 0, 0.0, 1, 
2019-12-10 13:50:11.903,350379296, 650.7817588434397, 580925, 34.68019869045418, 31878, 0, 0.0, 33, 
2019-12-10 13:50:12.931,77977184, 637.622527973777, 581421, 33.93819497180273, 31908, 0, 0.0, 53, 
2019-12-10 13:50:13.963,88420072, 637.622527973777, 581932, 33.93819497180273, 31937, 0, 0.0, 45, 
2019-12-10 13:50:15.006,98827096, 637.622527973777, 582399, 33.93819497180273, 31963, 0, 0.0, 50, 
2019-12-10 13:50:16.033,109438056, 637.622527973777, 582890, 33.93819497180273, 31989, 0, 0.0, 10, 
2019-12-10 13:50:17.065,122439632, 637.622527973777, 583408, 33.93819497180273, 32021, 0, 0.0, 55, 
2019-12-10 13:50:18.135,131499136, 625.0676998332501, 583900, 33.447411999712905, 32051, 0, 0.0, 3, 
2019-12-10 13:50:19.167,142648712, 625.0676998332501, 584388, 33.447411999712905, 32076, 0, 0.0, 1, 
2019-12-10 13:50:20.199,153269408, 625.0676998332501, 584879, 33.447411999712905, 32100, 0, 0.0, 1, 
2019-12-10 13:50:21.227,162362648, 625.0676998332501, 585398, 33.447411999712905, 32120, 0, 0.0, 1, 
2019-12-10 13:50:22.258,173510592, 613.2608424527411, 585879, 32.6440652918155, 32144, 0, 0.0, 1, 
2019-12-10 13:50:23.296,183428120, 613.2608424527411, 586391, 32.6440652918155, 32174, 0, 0.0, 1, 
2019-12-10 13:50:24.322,194361232, 613.2608424527411, 586882, 32.6440652918155, 32199, 0, 0.0, 2, 
2019-12-10 13:50:25.348,204988864, 613.2608424527411, 587402, 32.6440652918155, 32223, 0, 0.0, 1, 
2019-12-10 13:50:26.376,215024296, 613.2608424527411, 587904, 32.6440652918155, 32244, 0, 0.0, 1, 
2019-12-10 13:50:27.405,225908536, 603.0696361825926, 588382, 31.936932874351907, 32269, 0, 0.0, 1, 
2019-12-10 13:50:28.433,235909128, 603.0696361825926, 588876, 31.936932874351907, 32300, 0, 0.0, 1, 
2019-12-10 13:50:29.458,247417312, 603.0696361825926, 589415, 31.936932874351907, 32328, 0, 0.0, 1, 
2019-12-10 13:50:30.485,257670928, 603.0696361825926, 589906, 31.936932874351907, 32350, 0, 0.0, 4, 
2019-12-10 13:50:31.511,266955792, 603.0696361825926, 590381, 31.936932874351907, 32379, 0, 0.0, 22, 
2019-12-10 13:50:32.542,278022672, 593.7412471266296, 590865, 31.542197516447363, 32407, 0, 0.0, 1, 
2019-12-10 13:50:33.57,287715024, 593.7412471266296, 591395, 31.542197516447363, 32430, 0, 0.0, 16, 
2019-12-10 13:50:34.596,299937280, 593.7412471266296, 591897, 31.542197516447363, 32457, 0, 0.0, 9, 
2019-12-10 13:50:35.622,308834272, 593.7412471266296, 592374, 31.542197516447363, 32483, 0, 0.0, 1, 
2019-12-10 13:50:36.65,318582104, 593.7412471266296, 592851, 31.542197516447363, 32515, 0, 0.0, 11, 
2019-12-10 13:50:37.675,329912368, 584.8548836537929, 593367, 31.051094518557495, 32535, 0, 0.0, 10, 
2019-12-10 13:50:38.7,341266656, 584.8548836537929, 593830, 31.051094518557495, 32566, 0, 0.0, 1, 
2019-12-10 13:50:39.728,350730680, 584.8548836537929, 594296, 31.051094518557495, 32591, 0, 0.0, 9, 
2019-12-10 13:50:40.754,79944368, 584.8548836537929, 594806, 31.051094518557495, 32619, 0, 0.0, 9, 
2019-12-10 13:50:41.78,90231736, 584.8548836537929, 595293, 31.051094518557495, 32651, 0, 0.0, 1, 
2019-12-10 13:50:42.808,100001144, 576.1673188278711, 595795, 30.72718688493429, 32674, 0, 0.0, 1, 
2019-12-10 13:50:43.838,111612888, 576.1673188278711, 596320, 30.72718688493429, 32696, 0, 0.0, 20, 
2019-12-10 13:50:44.862,122666808, 576.1673188278711, 596820, 30.72718688493429, 32733, 0, 0.0, 1, 
2019-12-10 13:50:45.89,132688272, 576.1673188278711, 597341, 30.72718688493429, 32757, 0, 0.0, 5, 
2019-12-10 13:50:46.916,142747544, 576.1673188278711, 597834, 30.72718688493429, 32777, 0, 0.0, 1, 
2019-12-10 13:50:47.952,152814240, 569.5016360502049, 598308, 30.237284070873834, 32809, 0, 0.0, 1, 
2019-12-10 13:50:48.976,163583848, 569.5016360502049, 598785, 30.237284070873834, 32838, 0, 0.0, 1, 
2019-12-10 13:50:50.004,173233432, 569.5016360502049, 599258, 30.237284070873834, 32871, 0, 0.0, 1, 
2019-12-10 13:50:51.03,183489024, 569.5016360502049, 599731, 30.237284070873834, 32901, 0, 0.0, 1, 
2019-12-10 13:50:52.054,194017488, 569.5016360502049, 600210, 30.237284070873834, 32927, 0, 0.0, 4, 
2019-12-10 13:50:53.082,204507512, 560.8423153432087, 600699, 30.1383562987173, 32948, 0, 0.0, 1, 
2019-12-10 13:50:54.107,214706840, 560.8423153432087, 601203, 30.1383562987173, 32979, 0, 0.0, 1, 
2019-12-10 13:50:55.132,225925304, 560.8423153432087, 601709, 30.1383562987173, 33008, 0, 0.0, 1, 
2019-12-10 13:50:56.158,235089912, 560.8423153432087, 602175, 30.1383562987173, 33032, 0, 0.0, 5, 
2019-12-10 13:50:57.184,246026728, 554.3305473459992, 602674, 29.87143606667748, 33063, 0, 0.0, 1, 
2019-12-10 13:50:58.212,257574744, 554.3305473459992, 603138, 29.87143606667748, 33087, 0, 0.0, 3, 
2019-12-10 13:50:59.255,267094096, 554.3305473459992, 603636, 29.87143606667748, 33117, 0, 0.0, 1, 
2019-12-10 13:51:00.28,277801168, 554.3305473459992, 604128, 29.87143606667748, 33139, 0, 0.0, 1, 
2019-12-10 13:51:01.307,288814280, 554.3305473459992, 604613, 29.87143606667748, 33168, 0, 0.0, 32, 
2019-12-10 13:51:02.34,298679408, 547.7957335902839, 605098, 29.545902012666993, 33197, 0, 0.0, 1, 
2019-12-10 13:51:03.366,309854528, 547.7957335902839, 605621, 29.545902012666993, 33223, 0, 0.0, 28, 
2019-12-10 13:51:04.393,322653840, 547.7957335902839, 606111, 29.545902012666993, 33253, 0, 0.0, 1, 
2019-12-10 13:51:05.419,342701792, 547.7957335902839, 606626, 29.545902012666993, 33271, 0, 0.0, 7, 
2019-12-10 13:51:06.445,352424840, 547.7957335902839, 607119, 29.545902012666993, 33296, 0, 0.0, 23, 
2019-12-10 13:51:07.47,79196640, 542.8708106547366, 607576, 29.166440639132333, 33327, 0, 0.0, 1, 
2019-12-10 13:51:08.498,89276752, 542.8708106547366, 608049, 29.166440639132333, 33361, 0, 0.0, 1, 
2019-12-10 13:51:09.522,98469032, 542.8708106547366, 608504, 29.166440639132333, 33394, 0, 0.0, 1, 
2019-12-10 13:51:10.547,108843608, 542.8708106547366, 609004, 29.166440639132333, 33418, 0, 0.0, 6, 
2019-12-10 13:51:11.572,119053960, 542.8708106547366, 609499, 29.166440639132333, 33443, 0, 0.0, 1, 
2019-12-10 13:51:12.611,129876176, 536.4687021177325, 609965, 28.993221609659685, 33459, 0, 0.0, 1, 
2019-12-10 13:51:13.637,138925328, 536.4687021177325, 610430, 28.993221609659685, 33492, 0, 0.0, 1, 
2019-12-10 13:51:14.662,149527856, 536.4687021177325, 610923, 28.993221609659685, 33509, 0, 0.0, 1, 
2019-12-10 13:51:15.69,161133024, 536.4687021177325, 611442, 28.993221609659685, 33537, 0, 0.0, 8, 
2019-12-10 13:51:16.714,169921224, 536.4687021177325, 611921, 28.993221609659685, 33572, 0, 0.0, 1, 
2019-12-10 13:51:17.74,181474400, 531.3300604188955, 612401, 28.76988794078932, 33595, 0, 0.0, 4, 
2019-12-10 13:51:18.767,192486864, 531.3300604188955, 612892, 28.76988794078932, 33628, 0, 0.0, 3, 
2019-12-10 13:51:19.796,203569296, 531.3300604188955, 613390, 28.76988794078932, 33655, 0, 0.0, 1, 
2019-12-10 13:51:20.834,214773104, 531.3300604188955, 613890, 28.76988794078932, 33678, 0, 0.0, 1, 
2019-12-10 13:51:21.866,226750928, 531.3300604188955, 614383, 28.76988794078932, 33707, 0, 0.0, 14, 
2019-12-10 13:51:22.894,236758648, 527.0180508690269, 614862, 28.628375514443007, 33727, 0, 0.0, 7, 
2019-12-10 13:51:23.919,247416152, 527.0180508690269, 615352, 28.628375514443007, 33754, 0, 0.0, 14, 
2019-12-10 13:51:24.95,258508344, 527.0180508690269, 615831, 28.628375514443007, 33792, 0, 0.0, 1, 
2019-12-10 13:51:25.989,268416840, 527.0180508690269, 616319, 28.628375514443007, 33812, 0, 0.0, 1, 
2019-12-10 13:51:27.02,278783944, 527.0180508690269, 616831, 28.628375514443007, 33843, 0, 0.0, 1, 
2019-12-10 13:51:28.051,290245664, 523.0348194497676, 617339, 28.4342133286859, 33869, 0, 0.0, 1, 
2019-12-10 13:51:29.08,301717704, 523.0348194497676, 617843, 28.4342133286859, 33894, 0, 0.0, 15, 
2019-12-10 13:51:30.108,314561752, 523.0348194497676, 618397, 28.4342133286859, 33933, 0, 0.0, 1, 
2019-12-10 13:51:31.139,327275824, 523.0348194497676, 619046, 28.4342133286859, 33962, 0, 0.0, 8, 
2019-12-10 13:51:32.163,341060448, 526.2622410892545, 619737, 28.591388952704694, 33998, 0, 0.0, 1, 
2019-12-10 13:51:33.188,354679424, 526.2622410892545, 620444, 28.591388952704694, 34028, 0, 0.0, 1, 
2019-12-10 13:51:34.212,87566856, 526.2622410892545, 621315, 28.591388952704694, 34065, 0, 0.0, 1, 
2019-12-10 13:51:35.237,103528032, 526.2622410892545, 622217, 28.591388952704694, 34108, 0, 0.0, 1, 
2019-12-10 13:51:36.261,122610976, 526.2622410892545, 623166, 28.591388952704694, 34149, 0, 0.0, 1, 
2019-12-10 13:51:37.285,140147032, 552.6585988559265, 624127, 29.311677722367936, 34196, 0, 0.0, 1, 
2019-12-10 13:51:38.31,157973680, 552.6585988559265, 625034, 29.311677722367936, 34242, 0, 0.0, 1, 
2019-12-10 13:51:39.335,176476200, 552.6585988559265, 625998, 29.311677722367936, 34297, 0, 0.0, 1, 
2019-12-10 13:51:40.36,194593680, 552.6585988559265, 626989, 29.311677722367936, 34346, 0, 0.0, 1, 
2019-12-10 13:51:41.384,212112016, 552.6585988559265, 627906, 29.311677722367936, 34384, 0, 0.0, 1, 
2019-12-10 13:51:42.407,229407544, 582.1575245518785, 628842, 30.805913469671868, 34440, 0, 0.0, 1, 
2019-12-10 13:51:43.435,248297264, 582.1575245518785, 629843, 30.805913469671868, 34506, 0, 0.0, 1, 
2019-12-10 13:51:44.458,267076912, 582.1575245518785, 630825, 30.805913469671868, 34569, 0, 0.0, 1, 
2019-12-10 13:51:45.481,286247760, 582.1575245518785, 631797, 30.805913469671868, 34636, 0, 0.0, 1, 
2019-12-10 13:51:46.503,304969384, 582.1575245518785, 632741, 30.805913469671868, 34689, 0, 0.0, 1, 
2019-12-10 13:51:47.525,321820384, 611.0088959029371, 633696, 32.85230364023201, 34729, 0, 0.0, 1, 
2019-12-10 13:51:48.548,340693360, 611.0088959029371, 634663, 32.85230364023201, 34780, 0, 0.0, 89, 
2019-12-10 13:51:49.577,359406640, 611.0088959029371, 635646, 32.85230364023201, 34829, 0, 0.0, 65, 
2019-12-10 13:51:50.603,91896672, 611.0088959029371, 636571, 32.85230364023201, 34885, 0, 0.0, 1, 
2019-12-10 13:51:51.627,111466752, 611.0088959029371, 637582, 32.85230364023201, 34938, 0, 0.0, 11, 
2019-12-10 13:51:52.658,130812200, 638.2890303542852, 638611, 34.28732220873242, 35000, 0, 0.0, 24, 
2019-12-10 13:51:53.691,149265320, 638.2890303542852, 639588, 34.28732220873242, 35063, 0, 0.0, 1, 
2019-12-10 13:51:54.715,169200032, 638.2890303542852, 640633, 34.28732220873242, 35128, 0, 0.0, 1, 
2019-12-10 13:51:55.739,186811400, 638.2890303542852, 641635, 34.28732220873242, 35183, 0, 0.0, 3, 
2019-12-10 13:51:56.762,207476016, 638.2890303542852, 642719, 34.28732220873242, 35241, 0, 0.0, 19, 
2019-12-10 13:51:57.8,227784240, 667.1778604331552, 643779, 36.29522106175841, 35304, 0, 0.0, 32, 
2019-12-10 13:51:58.823,246596984, 667.1778604331552, 644867, 36.29522106175841, 35370, 0, 0.0, 1, 
2019-12-10 13:51:59.845,268783896, 667.1778604331552, 646029, 36.29522106175841, 35420, 0, 0.0, 1, 
2019-12-10 13:52:00.868,290203880, 667.1778604331552, 647212, 36.29522106175841, 35485, 0, 0.0, 1, 
2019-12-10 13:52:01.895,311338808, 667.1778604331552, 648389, 36.29522106175841, 35547, 0, 0.0, 6, 
2019-12-10 13:52:02.918,332417128, 703.0796884466159, 649544, 38.20654165492214, 35611, 0, 0.0, 1, 
2019-12-10 13:52:03.943,354046384, 703.0796884466159, 650788, 38.20654165492214, 35682, 0, 0.0, 1, 
2019-12-10 13:52:04.968,90607504, 703.0796884466159, 652022, 38.20654165492214, 35758, 0, 0.0, 44, 
2019-12-10 13:52:05.996,115192536, 703.0796884466159, 653282, 38.20654165492214, 35828, 0, 0.0, 1, 
2019-12-10 13:52:07.022,137918720, 703.0796884466159, 654535, 38.20654165492214, 35901, 0, 0.0, 1, 
2019-12-10 13:52:08.046,160456256, 742.7792606052975, 655793, 40.7166239937128, 35980, 0, 0.0, 1, 
2019-12-10 13:52:09.072,184171200, 742.7792606052975, 657109, 40.7166239937128, 36051, 0, 0.0, 1, 
2019-12-10 13:52:10.099,206472776, 742.7792606052975, 658360, 40.7166239937128, 36107, 0, 0.0, 1, 
2019-12-10 13:52:11.124,228420488, 742.7792606052975, 659617, 40.7166239937128, 36181, 0, 0.0, 1, 
2019-12-10 13:52:12.15,251263320, 783.0625427454881, 660915, 43.02601122977685, 36261, 0, 0.0, 1, 
2019-12-10 13:52:13.173,275222608, 783.0625427454881, 662152, 43.02601122977685, 36319, 0, 0.0, 47, 
2019-12-10 13:52:14.196,297951960, 783.0625427454881, 663408, 43.02601122977685, 36372, 0, 0.0, 1, 
2019-12-10 13:52:15.224,311510040, 783.0625427454881, 664157, 43.02601122977685, 36413, 0, 0.0, 1, 
2019-12-10 13:52:16.253,324399000, 783.0625427454881, 664670, 43.02601122977685, 36443, 0, 0.0, 1, 
2019-12-10 13:52:17.282,334353960, 787.5990193527164, 665168, 42.86402031593248, 36466, 0, 0.0, 1, 
2019-12-10 13:52:18.311,345936520, 787.5990193527164, 665679, 42.86402031593248, 36493, 0, 0.0, 5, 
2019-12-10 13:52:19.34,356335240, 787.5990193527164, 666172, 42.86402031593248, 36511, 0, 0.0, 1, 
2019-12-10 13:52:20.369,83993280, 787.5990193527164, 666709, 42.86402031593248, 36545, 0, 0.0, 1, 
2019-12-10 13:52:21.398,93055152, 787.5990193527164, 667173, 42.86402031593248, 36567, 0, 0.0, 21, 
2019-12-10 13:52:22.428,102845312, 763.5324665643703, 667646, 41.45168323157257, 36600, 0, 0.0, 1, 
2019-12-10 13:52:23.458,114051336, 763.5324665643703, 668173, 41.45168323157257, 36625, 0, 0.0, 1, 
2019-12-10 13:52:24.494,125139920, 763.5324665643703, 668673, 41.45168323157257, 36656, 0, 0.0, 7, 
2019-12-10 13:52:25.524,134882808, 763.5324665643703, 669157, 41.45168323157257, 36687, 0, 0.0, 8, 
2019-12-10 13:52:26.565,145221488, 763.5324665643703, 669670, 41.45168323157257, 36717, 0, 0.0, 1, 
2019-12-10 13:52:27.596,154812840, 741.2622401554777, 670145, 40.408128258719536, 36740, 0, 0.0, 1, 
2019-12-10 13:52:28.626,164898680, 741.2622401554777, 670619, 40.408128258719536, 36772, 0, 0.0, 1, 
2019-12-10 13:52:29.653,175341720, 741.2622401554777, 671112, 40.408128258719536, 36798, 0, 0.0, 1, 
2019-12-10 13:52:30.685,186191352, 741.2622401554777, 671620, 40.408128258719536, 36822, 0, 0.0, 1, 
2019-12-10 13:52:31.716,197884592, 741.2622401554777, 672124, 40.408128258719536, 36851, 0, 0.0, 4, 
2019-12-10 13:52:32.748,209171784, 719.989077998813, 672604, 39.25611792969783, 36872, 0, 0.0, 1, 
2019-12-10 13:52:33.777,219096688, 719.989077998813, 673075, 39.25611792969783, 36895, 0, 0.0, 1, 
2019-12-10 13:52:34.808,230143592, 719.989077998813, 673595, 39.25611792969783, 36921, 0, 0.0, 30, 
2019-12-10 13:52:35.837,240681208, 719.989077998813, 674064, 39.25611792969783, 36952, 0, 0.0, 18, 
2019-12-10 13:52:36.863,250432312, 719.989077998813, 674567, 39.25611792969783, 36969, 0, 0.0, 1, 
2019-12-10 13:52:37.895,261207464, 700.6566907311817, 675094, 37.956350504774086, 36991, 0, 0.0, 9, 
2019-12-10 13:52:38.929,272224632, 700.6566907311817, 675591, 37.956350504774086, 37021, 0, 0.0, 1, 
2019-12-10 13:52:39.958,283070528, 700.6566907311817, 676097, 37.956350504774086, 37053, 0, 0.0, 1, 
2019-12-10 13:52:40.987,292574688, 700.6566907311817, 676565, 37.956350504774086, 37081, 0, 0.0, 14, 
2019-12-10 13:52:42.014,303326800, 700.6566907311817, 677036, 37.956350504774086, 37106, 0, 0.0, 23, 
2019-12-10 13:52:43.044,314063232, 682.934000272443, 677540, 37.0963202037127, 37145, 0, 0.0, 1, 
2019-12-10 13:52:44.071,324435760, 682.934000272443, 678035, 37.0963202037127, 37170, 0, 0.0, 22, 
2019-12-10 13:52:45.104,334679832, 682.934000272443, 678552, 37.0963202037127, 37198, 0, 0.0, 34, 
2019-12-10 13:52:46.132,344103392, 682.934000272443, 679046, 37.0963202037127, 37229, 0, 0.0, 16, 
2019-12-10 13:52:47.159,355673264, 667.2679825866416, 679555, 36.51293865077296, 37262, 0, 0.0, 1, 
2019-12-10 13:52:48.187,82130280, 667.2679825866416, 680061, 36.51293865077296, 37285, 0, 0.0, 9, 
2019-12-10 13:52:49.212,92417192, 667.2679825866416, 680584, 36.51293865077296, 37311, 0, 0.0, 10, 
2019-12-10 13:52:50.239,102727008, 667.2679825866416, 681065, 36.51293865077296, 37336, 0, 0.0, 10, 
2019-12-10 13:52:51.266,114366424, 667.2679825866416, 681537, 36.51293865077296, 37360, 0, 0.0, 1, 
2019-12-10 13:52:52.295,125504184, 653.0304528031511, 682072, 35.56043266746544, 37384, 0, 0.0, 1, 
2019-12-10 13:52:53.324,136017376, 653.0304528031511, 682560, 35.56043266746544, 37407, 0, 0.0, 1, 
2019-12-10 13:52:54.35,147184472, 653.0304528031511, 683106, 35.56043266746544, 37430, 0, 0.0, 1, 
2019-12-10 13:52:55.374,157798944, 653.0304528031511, 683579, 35.56043266746544, 37457, 0, 0.0, 6, 
2019-12-10 13:52:56.399,166920800, 653.0304528031511, 684063, 35.56043266746544, 37490, 0, 0.0, 2, 
2019-12-10 13:52:57.425,178280528, 639.9952575160287, 684589, 34.63611150639995, 37506, 0, 0.0, 1, 
2019-12-10 13:52:58.451,188687440, 639.9952575160287, 685088, 34.63611150639995, 37528, 0, 0.0, 1, 
2019-12-10 13:52:59.483,198556072, 639.9952575160287, 685613, 34.63611150639995, 37548, 0, 0.0, 1, 
2019-12-10 13:53:00.509,209065272, 639.9952575160287, 686088, 34.63611150639995, 37569, 0, 0.0, 1, 
2019-12-10 13:53:01.535,219530560, 639.9952575160287, 686581, 34.63611150639995, 37605, 0, 0.0, 1, 
2019-12-10 13:53:02.56,230171960, 627.4106275667662, 687054, 33.86565057020863, 37640, 0, 0.0, 1, 
2019-12-10 13:53:03.587,240154656, 627.4106275667662, 687550, 33.86565057020863, 37660, 0, 0.0, 1, 
2019-12-10 13:53:04.613,250091952, 627.4106275667662, 688052, 33.86565057020863, 37678, 0, 0.0, 1, 
2019-12-10 13:53:05.639,261442648, 627.4106275667662, 688595, 33.86565057020863, 37696, 0, 0.0, 1, 
2019-12-10 13:53:06.665,272400408, 627.4106275667662, 689122, 33.86565057020863, 37723, 0, 0.0, 44, 
2019-12-10 13:53:07.691,283454248, 617.1274895547754, 689597, 32.884943298915424, 37742, 0, 0.0, 1, 
2019-12-10 13:53:08.717,293307336, 617.1274895547754, 690078, 32.884943298915424, 37769, 0, 0.0, 1, 
2019-12-10 13:53:09.743,304758568, 617.1274895547754, 690606, 32.884943298915424, 37796, 0, 0.0, 25, 
2019-12-10 13:53:10.768,314252848, 617.1274895547754, 691112, 32.884943298915424, 37824, 0, 0.0, 1, 
2019-12-10 13:53:11.794,325999768, 617.1274895547754, 691626, 32.884943298915424, 37853, 0, 0.0, 3, 
2019-12-10 13:53:12.822,336551232, 607.0588834131635, 692111, 32.19053357353951, 37873, 0, 0.0, 1, 
2019-12-10 13:53:13.847,347393496, 607.0588834131635, 692635, 32.19053357353951, 37903, 0, 0.0, 3, 
2019-12-10 13:53:14.881,78497976, 607.0588834131635, 693163, 32.19053357353951, 37922, 0, 0.0, 1, 
2019-12-10 13:53:15.905,85514584, 607.0588834131635, 693633, 32.19053357353951, 37951, 0, 0.0, 15, 
2019-12-10 13:53:16.934,96358088, 607.0588834131635, 694127, 32.19053357353951, 37976, 0, 0.0, 22, 
2019-12-10 13:53:17.963,107182664, 597.203647237728, 694603, 31.535654667168977, 37996, 0, 0.0, 1, 
2019-12-10 13:53:18.995,117145120, 597.203647237728, 695070, 31.535654667168977, 38012, 0, 0.0, 1, 
2019-12-10 13:53:20.022,126493536, 597.203647237728, 695569, 31.535654667168977, 38036, 0, 0.0, 1, 
2019-12-10 13:53:21.05,137753680, 597.203647237728, 696074, 31.535654667168977, 38063, 0, 0.0, 1, 
2019-12-10 13:53:22.083,148596456, 597.203647237728, 696570, 31.535654667168977, 38100, 0, 0.0, 1, 
2019-12-10 13:53:23.111,158241280, 587.6086853762192, 697051, 31.013092572474886, 38119, 0, 0.0, 1, 
2019-12-10 13:53:24.136,168390928, 587.6086853762192, 697539, 31.013092572474886, 38143, 0, 0.0, 1, 
2019-12-10 13:53:25.163,179059864, 587.6086853762192, 698017, 31.013092572474886, 38167, 0, 0.0, 1, 
2019-12-10 13:53:26.195,189375888, 587.6086853762192, 698523, 31.013092572474886, 38191, 0, 0.0, 1, 
2019-12-10 13:53:27.254,199897984, 578.7808943069568, 699035, 30.308436596916692, 38214, 0, 0.0, 1, 
2019-12-10 13:53:28.278,210727888, 578.7808943069568, 699517, 30.308436596916692, 38237, 0, 0.0, 1, 
2019-12-10 13:53:29.303,221485264, 578.7808943069568, 700010, 30.308436596916692, 38272, 0, 0.0, 1, 
2019-12-10 13:53:30.33,231454088, 578.7808943069568, 700549, 30.308436596916692, 38301, 0, 0.0, 17, 
2019-12-10 13:53:31.356,242051984, 578.7808943069568, 701041, 30.308436596916692, 38322, 0, 0.0, 1, 
2019-12-10 13:53:32.382,251752128, 571.0747034840947, 701505, 29.883997441407093, 38345, 0, 0.0, 7, 
2019-12-10 13:53:33.407,262836240, 571.0747034840947, 701989, 29.883997441407093, 38368, 0, 0.0, 3, 
2019-12-10 13:53:34.433,274728352, 571.0747034840947, 702516, 29.883997441407093, 38393, 0, 0.0, 44, 
2019-12-10 13:53:35.463,285152752, 571.0747034840947, 703008, 29.883997441407093, 38424, 0, 0.0, 1, 
2019-12-10 13:53:36.491,294739280, 571.0747034840947, 703503, 29.883997441407093, 38451, 0, 0.0, 1, 
2019-12-10 13:53:37.517,306094480, 564.0966034789717, 704004, 29.557459035327042, 38476, 0, 0.0, 14, 
2019-12-10 13:53:38.551,316136160, 564.0966034789717, 704491, 29.557459035327042, 38510, 0, 0.0, 1, 
2019-12-10 13:53:39.581,326471456, 564.0966034789717, 705004, 29.557459035327042, 38539, 0, 0.0, 6, 
2019-12-10 13:53:40.607,336989608, 564.0966034789717, 705508, 29.557459035327042, 38561, 0, 0.0, 19, 
2019-12-10 13:53:41.632,347810616, 564.0966034789717, 706005, 29.557459035327042, 38583, 0, 0.0, 1, 
2019-12-10 13:53:42.664,358164048, 557.7244148957558, 706491, 29.225046964502862, 38611, 0, 0.0, 1, 
2019-12-10 13:53:43.691,84113824, 557.7244148957558, 707012, 29.225046964502862, 38626, 0, 0.0, 1, 
2019-12-10 13:53:44.716,94541672, 557.7244148957558, 707476, 29.225046964502862, 38653, 0, 0.0, 10, 
2019-12-10 13:53:45.756,104145928, 557.7244148957558, 707992, 29.225046964502862, 38675, 0, 0.0, 13, 
2019-12-10 13:53:46.785,115144592, 557.7244148957558, 708475, 29.225046964502862, 38695, 0, 0.0, 1, 
2019-12-10 13:53:47.808,126042384, 551.7018072100619, 708967, 28.66335522219954, 38721, 0, 0.0, 1, 
2019-12-10 13:53:48.838,137173656, 551.7018072100619, 709473, 28.66335522219954, 38746, 0, 0.0, 1, 
2019-12-10 13:53:49.866,147982728, 551.7018072100619, 709954, 28.66335522219954, 38764, 0, 0.0, 1, 
2019-12-10 13:53:50.903,157625816, 551.7018072100619, 710435, 28.66335522219954, 38799, 0, 0.0, 1, 
2019-12-10 13:53:51.929,169290568, 551.7018072100619, 710957, 28.66335522219954, 38826, 0, 0.0, 1, 
2019-12-10 13:53:52.952,180962464, 546.2566873497805, 711546, 28.43441397928439, 38854, 0, 0.0, 1, 
2019-12-10 13:53:53.977,196290736, 546.2566873497805, 712220, 28.43441397928439, 38889, 0, 0.0, 24, 
2019-12-10 13:53:55.001,209779224, 546.2566873497805, 712883, 28.43441397928439, 38933, 0, 0.0, 1, 
2019-12-10 13:53:56.024,224121224, 546.2566873497805, 713603, 28.43441397928439, 38972, 0, 0.0, 1, 
2019-12-10 13:53:57.049,238126152, 546.2566873497805, 714392, 28.43441397928439, 39018, 0, 0.0, 9, 
2019-12-10 13:53:58.072,256668168, 556.8222832655491, 715292, 29.151262657761865, 39056, 0, 0.0, 1, 
2019-12-10 13:53:59.096,273176776, 556.8222832655491, 716249, 29.151262657761865, 39102, 0, 0.0, 1, 
2019-12-10 13:54:00.119,290809720, 556.8222832655491, 717145, 29.151262657761865, 39150, 0, 0.0, 39, 
2019-12-10 13:54:01.141,307984416, 556.8222832655491, 718029, 29.151262657761865, 39197, 0, 0.0, 47, 
2019-12-10 13:54:02.164,326266416, 583.9254450346676, 718977, 30.37048437812421, 39246, 0, 0.0, 32, 
2019-12-10 13:54:03.187,343021784, 583.9254450346676, 719939, 30.37048437812421, 39308, 0, 0.0, 1, 
2019-12-10 13:54:04.21,79414176, 583.9254450346676, 720866, 30.37048437812421, 39363, 0, 0.0, 1, 
2019-12-10 13:54:05.238,95750352, 583.9254450346676, 721780, 30.37048437812421, 39405, 0, 0.0, 52, 
2019-12-10 13:54:06.261,112526592, 583.9254450346676, 722683, 30.37048437812421, 39454, 0, 0.0, 22, 
2019-12-10 13:54:07.284,131619656, 609.565166790402, 723635, 31.987947141436536, 39507, 0, 0.0, 1, 
2019-12-10 13:54:08.307,149051456, 609.565166790402, 724631, 31.987947141436536, 39565, 0, 0.0, 1, 
2019-12-10 13:54:09.33,166947768, 609.565166790402, 725649, 31.987947141436536, 39606, 0, 0.0, 1, 
2019-12-10 13:54:10.353,186348072, 609.565166790402, 726604, 31.987947141436536, 39659, 0, 0.0, 24, 
2019-12-10 13:54:11.377,203540512, 609.565166790402, 727545, 31.987947141436536, 39708, 0, 0.0, 37, 
2019-12-10 13:54:12.4,222891392, 637.5524067798027, 728516, 33.524058073915356, 39768, 0, 0.0, 17, 
2019-12-10 13:54:13.422,239007880, 637.5524067798027, 729489, 33.524058073915356, 39810, 0, 0.0, 1, 
2019-12-10 13:54:14.445,257240720, 637.5524067798027, 730437, 33.524058073915356, 39861, 0, 0.0, 28, 
2019-12-10 13:54:15.468,275444256, 637.5524067798027, 731370, 33.524058073915356, 39920, 0, 0.0, 1, 
2019-12-10 13:54:16.49,293192000, 637.5524067798027, 732347, 33.524058073915356, 39961, 0, 0.0, 1, 
2019-12-10 13:54:17.512,311591168, 661.2870298616001, 733308, 34.61752601611084, 40001, 0, 0.0, 1, 
2019-12-10 13:54:18.535,333092168, 661.2870298616001, 734355, 34.61752601611084, 40052, 0, 0.0, 25, 
2019-12-10 13:54:19.557,349151808, 661.2870298616001, 735368, 34.61752601611084, 40102, 0, 0.0, 1, 
2019-12-10 13:54:20.58,87187576, 661.2870298616001, 736349, 34.61752601611084, 40144, 0, 0.0, 16, 
2019-12-10 13:54:21.603,107231616, 661.2870298616001, 737358, 34.61752601611084, 40204, 0, 0.0, 22, 
2019-12-10 13:54:22.625,125608448, 687.8093345640617, 738377, 35.86343184501604, 40259, 0, 0.0, 35, 
2019-12-10 13:54:23.653,145690152, 687.8093345640617, 739445, 35.86343184501604, 40318, 0, 0.0, 41, 
2019-12-10 13:54:24.676,163770240, 687.8093345640617, 740503, 35.86343184501604, 40377, 0, 0.0, 48, 
2019-12-10 13:54:25.698,183979776, 687.8093345640617, 741520, 35.86343184501604, 40433, 0, 0.0, 1, 
2019-12-10 13:54:26.721,203171080, 687.8093345640617, 742601, 35.86343184501604, 40491, 0, 0.0, 1, 
2019-12-10 13:54:27.744,222938152, 715.3293006981148, 743682, 37.393507353833634, 40546, 0, 0.0, 38, 
2019-12-10 13:54:28.771,243538088, 715.3293006981148, 744765, 37.393507353833634, 40611, 0, 0.0, 22, 
2019-12-10 13:54:29.795,265091336, 715.3293006981148, 745950, 37.393507353833634, 40667, 0, 0.0, 54, 
2019-12-10 13:54:30.821,283905464, 715.3293006981148, 747084, 37.393507353833634, 40741, 0, 0.0, 1, 
2019-12-10 13:54:31.847,304456640, 715.3293006981148, 748142, 37.393507353833634, 40798, 0, 0.0, 1, 
2019-12-10 13:54:32.874,326160152, 744.0390086502554, 749329, 39.24899605775817, 40871, 0, 0.0, 1, 
2019-12-10 13:54:33.901,346670864, 744.0390086502554, 750464, 39.24899605775817, 40916, 0, 0.0, 1, 
2019-12-10 13:54:34.926,85140848, 744.0390086502554, 751671, 39.24899605775817, 40973, 0, 0.0, 17, 
2019-12-10 13:54:35.954,104682312, 744.0390086502554, 752738, 39.24899605775817, 41030, 0, 0.0, 1, 
2019-12-10 13:54:36.978,122738760, 744.0390086502554, 753684, 39.24899605775817, 41080, 0, 0.0, 37, 
2019-12-10 13:54:38.002,142102128, 770.5971351509286, 754656, 40.396438978617006, 41130, 0, 0.0, 49, 
2019-12-10 13:54:39.024,162973176, 770.5971351509286, 755711, 40.396438978617006, 41182, 0, 0.0, 1, 
2019-12-10 13:54:40.046,186438640, 770.5971351509286, 756821, 40.396438978617006, 41233, 0, 0.0, 1, 
2019-12-10 13:54:41.068,215262912, 770.5971351509286, 757900, 40.396438978617006, 41292, 0, 0.0, 25, 
2019-12-10 13:54:42.09,237767496, 770.5971351509286, 758593, 40.396438978617006, 41334, 0, 0.0, 1, 
2019-12-10 13:54:43.121,250253712, 785.8528899003381, 759451, 41.212270672947106, 41391, 0, 0.0, 1, 
2019-12-10 13:54:44.147,263243720, 785.8528899003381, 760221, 41.212270672947106, 41438, 0, 0.0, 1, 
2019-12-10 13:54:45.173,273184736, 785.8528899003381, 760711, 41.212270672947106, 41467, 0, 0.0, 2, 
2019-12-10 13:54:46.2,281469952, 785.8528899003381, 761213, 41.212270672947106, 41489, 0, 0.0, 5, 
2019-12-10 13:54:47.23,290759000, 771.9523803199729, 761722, 40.82750275432948, 41523, 0, 0.0, 38, 
2019-12-10 13:54:48.256,297484456, 771.9523803199729, 762176, 40.82750275432948, 41550, 0, 0.0, 31, 
2019-12-10 13:54:49.282,306237616, 771.9523803199729, 762660, 40.82750275432948, 41579, 0, 0.0, 1, 
2019-12-10 13:54:50.309,315198768, 771.9523803199729, 763146, 40.82750275432948, 41603, 0, 0.0, 6, 
2019-12-10 13:54:51.336,323254144, 771.9523803199729, 763609, 40.82750275432948, 41632, 0, 0.0, 11, 
2019-12-10 13:54:52.362,331123968, 747.6177075925306, 764138, 39.817863379837235, 41665, 0, 0.0, 1, 
2019-12-10 13:54:53.387,339500528, 747.6177075925306, 764657, 39.817863379837235, 41693, 0, 0.0, 5, 
2019-12-10 13:54:54.414,347434000, 747.6177075925306, 765148, 39.817863379837235, 41720, 0, 0.0, 45, 
2019-12-10 13:54:55.443,356116312, 747.6177075925306, 765620, 39.817863379837235, 41754, 0, 0.0, 4, 
2019-12-10 13:54:56.476,81365128, 747.6177075925306, 766099, 39.817863379837235, 41786, 0, 0.0, 20, 
2019-12-10 13:54:57.502,88104208, 726.2841415947078, 766590, 38.92093254669407, 41807, 0, 0.0, 2, 
2019-12-10 13:54:58.528,96866424, 726.2841415947078, 767089, 38.92093254669407, 41831, 0, 0.0, 1, 
2019-12-10 13:54:59.553,105171792, 726.2841415947078, 767614, 38.92093254669407, 41856, 0, 0.0, 1, 
2019-12-10 13:55:00.578,112426784, 726.2841415947078, 768096, 38.92093254669407, 41880, 0, 0.0, 13, 
2019-12-10 13:55:01.601,123061496, 726.2841415947078, 768607, 38.92093254669407, 41900, 0, 0.0, 1, 
2019-12-10 13:55:02.627,132595472, 707.519833676288, 769107, 37.59999171405368, 41930, 0, 0.0, 15, 
2019-12-10 13:55:03.65,139903168, 707.519833676288, 769605, 37.59999171405368, 41950, 0, 0.0, 1, 
2019-12-10 13:55:04.675,147325640, 707.519833676288, 770086, 37.59999171405368, 41970, 0, 0.0, 12, 
2019-12-10 13:55:05.7,157012160, 707.519833676288, 770542, 37.59999171405368, 42005, 0, 0.0, 2, 
2019-12-10 13:55:06.73,163862200, 707.519833676288, 771001, 37.59999171405368, 42027, 0, 0.0, 8, 
2019-12-10 13:55:07.757,171922976, 688.2409562302204, 771497, 36.49660529844603, 42049, 0, 0.0, 1, 
2019-12-10 13:55:08.784,179222552, 688.2409562302204, 771988, 36.49660529844603, 42077, 0, 0.0, 1, 
2019-12-10 13:55:09.817,189058440, 688.2409562302204, 772484, 36.49660529844603, 42106, 0, 0.0, 21, 
2019-12-10 13:55:10.845,195739560, 688.2409562302204, 772983, 36.49660529844603, 42129, 0, 0.0, 1, 
2019-12-10 13:55:11.87,204737304, 688.2409562302204, 773510, 36.49660529844603, 42158, 0, 0.0, 1, 
2019-12-10 13:55:12.893,213661264, 671.9747154864629, 773998, 35.641351960329686, 42174, 0, 0.0, 1, 
2019-12-10 13:55:13.917,220647544, 671.9747154864629, 774494, 35.641351960329686, 42200, 0, 0.0, 6, 
2019-12-10 13:55:14.944,230909768, 671.9747154864629, 775004, 35.641351960329686, 42225, 0, 0.0, 1, 
2019-12-10 13:55:15.97,238788616, 671.9747154864629, 775503, 35.641351960329686, 42249, 0, 0.0, 4, 
2019-12-10 13:55:17.002,247205712, 671.9747154864629, 776045, 35.641351960329686, 42272, 0, 0.0, 18, 
2019-12-10 13:55:18.03,256589904, 657.9045540993044, 776587, 34.59862303031651, 42300, 0, 0.0, 51, 
2019-12-10 13:55:19.057,264821080, 657.9045540993044, 777072, 34.59862303031651, 42333, 0, 0.0, 29, 
2019-12-10 13:55:20.08,272337528, 657.9045540993044, 777578, 34.59862303031651, 42359, 0, 0.0, 24, 
2019-12-10 13:55:21.116,281293064, 657.9045540993044, 778046, 34.59862303031651, 42379, 0, 0.0, 1, 
2019-12-10 13:55:22.147,289096776, 644.0958603801129, 778537, 33.81516839010095, 42402, 0, 0.0, 1, 
2019-12-10 13:55:23.174,296431920, 644.0958603801129, 779027, 33.81516839010095, 42440, 0, 0.0, 1, 
2019-12-10 13:55:24.198,305526544, 644.0958603801129, 779542, 33.81516839010095, 42465, 0, 0.0, 3, 
2019-12-10 13:55:25.222,313345144, 644.0958603801129, 780020, 33.81516839010095, 42483, 0, 0.0, 1, 
2019-12-10 13:55:26.247,320985408, 644.0958603801129, 780495, 33.81516839010095, 42510, 0, 0.0, 1, 
2019-12-10 13:55:27.275,329622584, 630.4637640601438, 780991, 33.2702576120707, 42540, 0, 0.0, 1, 
2019-12-10 13:55:28.3,337636952, 630.4637640601438, 781479, 33.2702576120707, 42570, 0, 0.0, 2, 
2019-12-10 13:55:29.325,345947120, 630.4637640601438, 781982, 33.2702576120707, 42594, 0, 0.0, 58, 
2019-12-10 13:55:30.354,354952416, 630.4637640601438, 782490, 33.2702576120707, 42624, 0, 0.0, 23, 
2019-12-10 13:55:31.378,81672768, 630.4637640601438, 782965, 33.2702576120707, 42646, 0, 0.0, 1, 
2019-12-10 13:55:32.404,88246600, 618.9130792398637, 783467, 32.752924377198504, 42680, 0, 0.0, 1, 
2019-12-10 13:55:33.431,95596544, 618.9130792398637, 783946, 32.752924377198504, 42701, 0, 0.0, 1, 
2019-12-10 13:55:34.457,106137120, 618.9130792398637, 784460, 32.752924377198504, 42729, 0, 0.0, 1, 
2019-12-10 13:55:35.483,114495448, 618.9130792398637, 785002, 32.752924377198504, 42757, 0, 0.0, 2, 
2019-12-10 13:55:36.516,121762760, 618.9130792398637, 785512, 32.752924377198504, 42778, 0, 0.0, 13, 
2019-12-10 13:55:37.541,130080264, 608.9255808687866, 785997, 32.260963706878094, 42811, 0, 0.0, 10, 
2019-12-10 13:55:38.566,139348104, 608.9255808687866, 786495, 32.260963706878094, 42830, 0, 0.0, 1, 
2019-12-10 13:55:39.592,145592760, 608.9255808687866, 786952, 32.260963706878094, 42857, 0, 0.0, 1, 
2019-12-10 13:55:40.616,154406480, 608.9255808687866, 787450, 32.260963706878094, 42880, 0, 0.0, 1, 
2019-12-10 13:55:41.644,163748952, 608.9255808687866, 787958, 32.260963706878094, 42902, 0, 0.0, 7, 
2019-12-10 13:55:42.671,170937856, 598.7771717519097, 788481, 31.408560113079115, 42926, 0, 0.0, 1, 
2019-12-10 13:55:43.696,178915360, 598.7771717519097, 788942, 31.408560113079115, 42949, 0, 0.0, 26, 
2019-12-10 13:55:44.722,187328728, 598.7771717519097, 789419, 31.408560113079115, 42968, 0, 0.0, 1, 
2019-12-10 13:55:45.747,195865000, 598.7771717519097, 789934, 31.408560113079115, 42992, 0, 0.0, 1, 
2019-12-10 13:55:46.773,203993744, 598.7771717519097, 790425, 31.408560113079115, 43023, 0, 0.0, 1, 
2019-12-10 13:55:47.795,213042800, 588.9604511143295, 790883, 30.91215105492884, 43054, 0, 0.0, 5, 
2019-12-10 13:55:48.821,217467720, 588.9604511143295, 791186, 30.91215105492884, 43070, 0, 0.0, 1, 
2019-12-10 13:55:49.849,218569664, 588.9604511143295, 791186, 30.91215105492884, 43070, 0, 0.0, 7, 
2019-12-10 13:55:50.878,219337512, 588.9604511143295, 791186, 30.91215105492884, 43070, 0, 0.0, 10, 
