Timestamp, MemoryUsed, ReadLatency1, ReadCount, WriteLatency1, WriteCount, PendingTasks, WaitingOnCommit1, SRDelay, 
2019-12-04 14:43:44.89,608931432, 185.61204958203027, 1213863, 10.225739984091675, 67111, 0, 0.0, 1, 
2019-12-04 14:43:46.108,625708648, 219.04851195266258, 1214675, 11.790811401861456, 67160, 0, 0.0, 1, 
2019-12-04 14:43:47.175,641437288, 219.04851195266258, 1215376, 11.790811401861456, 67196, 0, 0.0, 1, 
2019-12-04 14:43:48.225,658214504, 219.04851195266258, 1216170, 11.790811401861456, 67236, 0, 0.0, 1, 
2019-12-04 14:43:49.278,676040296, 219.04851195266258, 1217097, 11.790811401861456, 67278, 0, 0.0, 1, 
2019-12-04 14:43:50.311,694914664, 261.19721775851076, 1218042, 13.61453342805579, 67307, 0, 0.0, 1, 
2019-12-04 14:43:51.342,714837608, 261.19721775851076, 1219059, 13.61453342805579, 67361, 0, 0.0, 1, 
2019-12-04 14:43:52.374,736857704, 261.19721775851076, 1220167, 13.61453342805579, 67430, 0, 0.0, 1, 
2019-12-04 14:43:53.402,758877800, 261.19721775851076, 1221284, 13.61453342805579, 67478, 0, 0.0, 1, 
2019-12-04 14:43:54.513,131904672, 261.19721775851076, 1222367, 13.61453342805579, 67532, 0, 0.0, 1, 
2019-12-04 14:43:55.571,152876192, 321.7078272227858, 1223458, 16.571728058023183, 67596, 0, 0.0, 1, 
2019-12-04 14:43:56.606,174896288, 321.7078272227858, 1224582, 16.571728058023183, 67653, 0, 0.0, 1, 
2019-12-04 14:43:57.634,194819232, 321.7078272227858, 1225615, 16.571728058023183, 67707, 0, 0.0, 1, 
2019-12-04 14:43:58.658,215790752, 321.7078272227858, 1226711, 16.571728058023183, 67758, 0, 0.0, 1, 
2019-12-04 14:43:59.685,237810848, 321.7078272227858, 1227852, 16.571728058023183, 67824, 0, 0.0, 1, 
2019-12-04 14:44:00.714,259830944, 382.3535128962644, 1229054, 19.804194206668846, 67877, 0, 0.0, 1, 
2019-12-04 14:44:01.743,281851040, 382.3535128962644, 1230224, 19.804194206668846, 67936, 0, 0.0, 1, 
2019-12-04 14:44:02.775,305968288, 382.3535128962644, 1231429, 19.804194206668846, 68009, 0, 0.0, 1, 
2019-12-04 14:44:03.801,332182688, 382.3535128962644, 1232691, 19.804194206668846, 68076, 0, 0.0, 1, 
2019-12-04 14:44:04.826,353154208, 382.3535128962644, 1233934, 19.804194206668846, 68142, 0, 0.0, 1, 
2019-12-04 14:44:05.852,375174304, 445.36223107194905, 1235061, 23.289922378580975, 68196, 0, 0.0, 1, 
2019-12-04 14:44:06.875,398242976, 445.36223107194905, 1236258, 23.289922378580975, 68257, 0, 0.0, 1, 
2019-12-04 14:44:07.904,421311648, 445.36223107194905, 1237491, 23.289922378580975, 68313, 0, 0.0, 1, 
2019-12-04 14:44:08.927,444380320, 445.36223107194905, 1238685, 23.289922378580975, 68369, 0, 0.0, 1, 
2019-12-04 14:44:09.965,466400416, 445.36223107194905, 1239907, 23.289922378580975, 68446, 0, 0.0, 1, 
2019-12-04 14:44:10.988,489469088, 503.0452101951064, 1241135, 26.113160304285568, 68508, 0, 0.0, 1, 
2019-12-04 14:44:12.015,514634912, 503.0452101951064, 1242438, 26.113160304285568, 68587, 0, 0.0, 1, 
2019-12-04 14:44:13.04,539800736, 503.0452101951064, 1243650, 26.113160304285568, 68662, 0, 0.0, 1, 
2019-12-04 14:44:14.066,563917984, 503.0452101951064, 1244858, 26.113160304285568, 68721, 0, 0.0, 1, 
2019-12-04 14:44:15.096,586986656, 559.2983452543001, 1246091, 29.12643363292727, 68770, 0, 0.0, 1, 
2019-12-04 14:44:16.12,611103904, 559.2983452543001, 1247385, 29.12643363292727, 68854, 0, 0.0, 1, 
2019-12-04 14:44:17.144,633124000, 559.2983452543001, 1248607, 29.12643363292727, 68927, 0, 0.0, 1, 
2019-12-04 14:44:18.177,658289824, 559.2983452543001, 1249904, 29.12643363292727, 68993, 0, 0.0, 1, 
2019-12-04 14:44:19.202,682407072, 559.2983452543001, 1251161, 29.12643363292727, 69056, 0, 0.0, 1, 
2019-12-04 14:44:20.225,707572896, 613.7882089905773, 1252528, 32.28256573847482, 69120, 0, 0.0, 1, 
2019-12-04 14:44:21.248,732738720, 613.7882089905773, 1253769, 32.28256573847482, 69176, 0, 0.0, 1, 
2019-12-04 14:44:22.277,758953120, 613.7882089905773, 1255148, 32.28256573847482, 69239, 0, 0.0, 1, 
2019-12-04 14:44:23.304,141360864, 613.7882089905773, 1256412, 32.28256573847482, 69302, 0, 0.0, 1, 
2019-12-04 14:44:24.327,166526688, 613.7882089905773, 1257793, 32.28256573847482, 69370, 0, 0.0, 1, 
2019-12-04 14:44:25.35,192741088, 667.9190830435859, 1259124, 34.70661394179208, 69449, 0, 0.0, 1, 
2019-12-04 14:44:26.372,218955488, 667.9190830435859, 1260598, 34.70661394179208, 69517, 0, 0.0, 1, 
2019-12-04 14:44:27.406,246218464, 667.9190830435859, 1262047, 34.70661394179208, 69591, 0, 0.0, 1, 
2019-12-04 14:44:28.439,273481440, 667.9190830435859, 1263366, 34.70661394179208, 69667, 0, 0.0, 1, 
2019-12-04 14:44:29.468,297598688, 667.9190830435859, 1264638, 34.70661394179208, 69737, 0, 0.0, 1, 
2019-12-04 14:44:30.491,322764512, 721.0480437264802, 1265917, 37.68842845453073, 69819, 0, 0.0, 1, 
2019-12-04 14:44:31.514,344784608, 721.0480437264802, 1267129, 37.68842845453073, 69899, 0, 0.0, 1, 
2019-12-04 14:44:32.537,368901856, 721.0480437264802, 1268404, 37.68842845453073, 69975, 0, 0.0, 1, 
2019-12-04 14:44:33.592,393019104, 721.0480437264802, 1269695, 37.68842845453073, 70059, 0, 0.0, 1, 
2019-12-04 14:44:34.62,420282080, 721.0480437264802, 1271124, 37.68842845453073, 70135, 0, 0.0, 1, 
2019-12-04 14:44:35.654,445447904, 764.9718009648557, 1272581, 40.65570588147447, 70199, 0, 0.0, 1, 
2019-12-04 14:44:36.686,471662304, 764.9718009648557, 1273953, 40.65570588147447, 70272, 0, 0.0, 1, 
2019-12-04 14:44:37.732,496828128, 764.9718009648557, 1275302, 40.65570588147447, 70352, 0, 0.0, 1, 
2019-12-04 14:44:38.762,520945376, 764.9718009648557, 1276587, 40.65570588147447, 70416, 0, 0.0, 1, 
2019-12-04 14:44:39.797,546111200, 764.9718009648557, 1277968, 40.65570588147447, 70499, 0, 0.0, 1, 
2019-12-04 14:44:40.825,572325600, 808.5498496622364, 1279399, 43.11388391452943, 70566, 0, 0.0, 1, 
2019-12-04 14:44:41.856,595394272, 808.5498496622364, 1280668, 43.11388391452943, 70635, 0, 0.0, 1, 
2019-12-04 14:44:42.886,620560096, 808.5498496622364, 1281958, 43.11388391452943, 70693, 0, 0.0, 1, 
2019-12-04 14:44:43.918,643628768, 808.5498496622364, 1283151, 43.11388391452943, 70759, 0, 0.0, 1, 
2019-12-04 14:44:44.947,667746016, 808.5498496622364, 1284385, 43.11388391452943, 70824, 0, 0.0, 1, 
2019-12-04 14:44:45.973,692911840, 843.9741837810585, 1285767, 44.7198810839666, 70876, 0, 0.0, 1, 
2019-12-04 14:44:46.997,715980512, 843.9741837810585, 1287037, 44.7198810839666, 70953, 0, 0.0, 1, 
2019-12-04 14:44:48.041,742194912, 843.9741837810585, 1288466, 44.7198810839666, 71018, 0, 0.0, 1, 
2019-12-04 14:44:49.069,768409312, 843.9741837810585, 1289869, 44.7198810839666, 71089, 0, 0.0, 1, 
2019-12-04 14:44:50.098,155018160, 881.6193375244707, 1291161, 46.24544316084017, 71162, 0, 0.0, 1, 
2019-12-04 14:44:51.127,182281136, 881.6193375244707, 1292475, 46.24544316084017, 71237, 0, 0.0, 1, 
2019-12-04 14:44:52.15,207446960, 881.6193375244707, 1293794, 46.24544316084017, 71305, 0, 0.0, 1, 
2019-12-04 14:44:53.175,232612784, 881.6193375244707, 1295142, 46.24544316084017, 71376, 0, 0.0, 1, 
2019-12-04 14:44:54.204,257778608, 881.6193375244707, 1296492, 46.24544316084017, 71450, 0, 0.0, 1, 
2019-12-04 14:44:55.233,282944432, 915.9187375054023, 1297903, 48.11277042398793, 71518, 0, 0.0, 1, 
2019-12-04 14:44:56.26,309158832, 915.9187375054023, 1299334, 48.11277042398793, 71599, 0, 0.0, 1, 
2019-12-04 14:44:57.295,335373232, 915.9187375054023, 1300747, 48.11277042398793, 71670, 0, 0.0, 1, 
2019-12-04 14:44:58.32,360539056, 915.9187375054023, 1302091, 48.11277042398793, 71742, 0, 0.0, 1, 
2019-12-04 14:44:59.342,386753456, 915.9187375054023, 1303486, 48.11277042398793, 71813, 0, 0.0, 1, 
2019-12-04 14:45:00.37,411919280, 951.3135769807881, 1304880, 50.35850130617857, 71899, 0, 0.0, 1, 
2019-12-04 14:45:01.402,439182256, 951.3135769807881, 1306306, 50.35850130617857, 71982, 0, 0.0, 1, 
2019-12-04 14:45:02.429,462250928, 951.3135769807881, 1307593, 50.35850130617857, 72058, 0, 0.0, 1, 
2019-12-04 14:45:03.457,488465328, 951.3135769807881, 1309001, 50.35850130617857, 72146, 0, 0.0, 1, 
2019-12-04 14:45:04.48,513631152, 951.3135769807881, 1310419, 50.35850130617857, 72214, 0, 0.0, 1, 
2019-12-04 14:45:05.51,538796976, 982.1833429369599, 1311752, 52.200797822060736, 72285, 0, 0.0, 1, 
2019-12-04 14:45:06.535,567108528, 982.1833429369599, 1313171, 52.200797822060736, 72364, 0, 0.0, 1, 
2019-12-04 14:45:07.566,593322928, 982.1833429369599, 1314550, 52.200797822060736, 72428, 0, 0.0, 1, 
2019-12-04 14:45:08.593,620585904, 982.1833429369599, 1316055, 52.200797822060736, 72519, 0, 0.0, 1, 
2019-12-04 14:45:09.618,645751728, 982.1833429369599, 1317474, 52.200797822060736, 72587, 0, 0.0, 1, 
2019-12-04 14:45:10.648,670917552, 1014.9824558812375, 1318866, 53.92777467573747, 72646, 0, 0.0, 1, 
2019-12-04 14:45:11.674,696083376, 1014.9824558812375, 1320223, 53.92777467573747, 72721, 0, 0.0, 1, 
2019-12-04 14:45:12.704,722297776, 1014.9824558812375, 1321607, 53.92777467573747, 72784, 0, 0.0, 1, 
2019-12-04 14:45:13.741,749560752, 1014.9824558812375, 1323000, 53.92777467573747, 72852, 0, 0.0, 1, 
2019-12-04 14:45:14.769,774726576, 1014.9824558812375, 1324338, 53.92777467573747, 72918, 0, 0.0, 1, 
2019-12-04 14:45:15.796,151052256, 1039.1784187646897, 1325562, 54.813060932894906, 72987, 0, 0.0, 1, 
2019-12-04 14:45:16.824,176218080, 1039.1784187646897, 1326995, 54.813060932894906, 73050, 0, 0.0, 1, 
2019-12-04 14:45:17.856,201383904, 1039.1784187646897, 1328329, 54.813060932894906, 73117, 0, 0.0, 1, 
2019-12-04 14:45:18.886,225501152, 1039.1784187646897, 1329536, 54.813060932894906, 73188, 0, 0.0, 1, 
2019-12-04 14:45:19.909,247521248, 1039.1784187646897, 1330819, 54.813060932894906, 73236, 0, 0.0, 1, 
2019-12-04 14:45:20.934,272687072, 1057.250106598765, 1332188, 55.27575903350973, 73302, 0, 0.0, 1, 
2019-12-04 14:45:21.958,298901472, 1057.250106598765, 1333566, 55.27575903350973, 73371, 0, 0.0, 1, 
2019-12-04 14:45:22.982,324067296, 1057.250106598765, 1334929, 55.27575903350973, 73439, 0, 0.0, 1, 
2019-12-04 14:45:24.015,348184544, 1057.250106598765, 1336212, 55.27575903350973, 73508, 0, 0.0, 1, 
2019-12-04 14:45:25.042,373350368, 1077.5548189804815, 1337548, 56.197186465938195, 73576, 0, 0.0, 1, 
2019-12-04 14:45:26.069,397467616, 1077.5548189804815, 1338902, 56.197186465938195, 73650, 0, 0.0, 1, 
2019-12-04 14:45:27.1,422633440, 1077.5548189804815, 1340283, 56.197186465938195, 73721, 0, 0.0, 1, 
2019-12-04 14:45:28.126,449896416, 1077.5548189804815, 1341726, 56.197186465938195, 73811, 0, 0.0, 1, 
2019-12-04 14:45:29.157,475062240, 1077.5548189804815, 1342967, 56.197186465938195, 73877, 0, 0.0, 1, 
2019-12-04 14:45:30.182,502325216, 1097.3874166272728, 1344390, 57.60462972622498, 73954, 0, 0.0, 1, 
2019-12-04 14:45:31.218,527491040, 1097.3874166272728, 1345705, 57.60462972622498, 74040, 0, 0.0, 1, 
2019-12-04 14:45:32.251,554754016, 1097.3874166272728, 1347141, 57.60462972622498, 74109, 0, 0.0, 1, 
2019-12-04 14:45:33.274,580968416, 1097.3874166272728, 1348527, 57.60462972622498, 74182, 0, 0.0, 1, 
2019-12-04 14:45:34.299,607182816, 1097.3874166272728, 1350049, 57.60462972622498, 74260, 0, 0.0, 1, 
2019-12-04 14:45:35.323,635494368, 1120.9433381884064, 1351552, 58.94751338798192, 74342, 0, 0.0, 1, 
2019-12-04 14:45:36.346,661708768, 1120.9433381884064, 1352892, 58.94751338798192, 74417, 0, 0.0, 1, 
2019-12-04 14:45:37.371,687923168, 1120.9433381884064, 1354291, 58.94751338798192, 74477, 0, 0.0, 1, 
2019-12-04 14:45:38.401,713088992, 1120.9433381884064, 1355744, 58.94751338798192, 74549, 0, 0.0, 1, 
2019-12-04 14:45:39.427,739303392, 1120.9433381884064, 1357156, 58.94751338798192, 74631, 0, 0.0, 1, 
2019-12-04 14:45:40.454,767614944, 1142.2480365594688, 1358707, 60.03910594681115, 74700, 0, 0.0, 1, 
2019-12-04 14:45:41.478,148898304, 1142.2480365594688, 1360047, 60.03910594681115, 74762, 0, 0.0, 1, 
2019-12-04 14:45:42.504,187695616, 1142.2480365594688, 1361329, 60.03910594681115, 74834, 0, 0.0, 1, 
2019-12-04 14:45:43.53,211812864, 1142.2480365594688, 1362689, 60.03910594681115, 74902, 0, 0.0, 1, 
2019-12-04 14:45:44.555,236978688, 1142.2480365594688, 1363897, 60.03910594681115, 74970, 0, 0.0, 1, 
2019-12-04 14:45:45.579,260047360, 1154.4134358616543, 1365192, 60.37179266649924, 75030, 0, 0.0, 1, 
2019-12-04 14:45:46.602,284164608, 1154.4134358616543, 1366446, 60.37179266649924, 75089, 0, 0.0, 1, 
2019-12-04 14:45:47.626,308281856, 1154.4134358616543, 1367710, 60.37179266649924, 75159, 0, 0.0, 1, 
2019-12-04 14:45:48.65,332399104, 1154.4134358616543, 1369066, 60.37179266649924, 75237, 0, 0.0, 1, 
2019-12-04 14:45:49.687,357564928, 1154.4134358616543, 1370434, 60.37179266649924, 75308, 0, 0.0, 1, 
2019-12-04 14:45:50.715,384827904, 1164.2149163559156, 1371950, 60.78981704428855, 75383, 0, 0.0, 1, 
2019-12-04 14:45:51.74,413139456, 1164.2149163559156, 1373326, 60.78981704428855, 75445, 0, 0.0, 1, 
2019-12-04 14:45:52.765,440402432, 1164.2149163559156, 1374790, 60.78981704428855, 75529, 0, 0.0, 1, 
2019-12-04 14:45:53.792,468713984, 1164.2149163559156, 1376289, 60.78981704428855, 75596, 0, 0.0, 1, 
2019-12-04 14:45:54.818,493879808, 1164.2149163559156, 1377758, 60.78981704428855, 75674, 0, 0.0, 1, 
2019-12-04 14:45:55.843,520094208, 1184.5864068623953, 1379128, 61.71811601877312, 75755, 0, 0.0, 1, 
2019-12-04 14:45:56.875,544211456, 1184.5864068623953, 1380515, 61.71811601877312, 75846, 0, 0.0, 1, 
2019-12-04 14:45:57.901,570425856, 1184.5864068623953, 1381873, 61.71811601877312, 75915, 0, 0.0, 1, 
2019-12-04 14:45:58.927,599785984, 1184.5864068623953, 1383343, 61.71811601877312, 75993, 0, 0.0, 1, 
2019-12-04 14:45:59.952,626000384, 1184.5864068623953, 1384765, 61.71811601877312, 76063, 0, 0.0, 1, 
2019-12-04 14:46:00.981,651166208, 1199.4432414715413, 1386128, 62.876023529762335, 76142, 0, 0.0, 1, 
2019-12-04 14:46:02.008,677380608, 1199.4432414715413, 1387575, 62.876023529762335, 76213, 0, 0.0, 1, 
2019-12-04 14:46:03.037,701497856, 1199.4432414715413, 1388915, 62.876023529762335, 76277, 0, 0.0, 1, 
2019-12-04 14:46:04.062,727712256, 1199.4432414715413, 1390337, 62.876023529762335, 76334, 0, 0.0, 1, 
2019-12-04 14:46:05.092,751829504, 1210.217796982339, 1391591, 63.18976736542095, 76411, 0, 0.0, 1, 
2019-12-04 14:46:06.118,780141056, 1210.217796982339, 1392965, 63.18976736542095, 76486, 0, 0.0, 1, 
2019-12-04 14:46:07.143,157375384, 1210.217796982339, 1394425, 63.18976736542095, 76561, 0, 0.0, 1, 
2019-12-04 14:46:08.166,185686936, 1210.217796982339, 1395946, 63.18976736542095, 76645, 0, 0.0, 1, 
2019-12-04 14:46:09.191,212949912, 1210.217796982339, 1397424, 63.18976736542095, 76728, 0, 0.0, 1, 
2019-12-04 14:46:10.218,241261464, 1227.8066027957473, 1398927, 64.26199036567566, 76800, 0, 0.0, 1, 
2019-12-04 14:46:11.245,265378712, 1227.8066027957473, 1400231, 64.26199036567566, 76865, 0, 0.0, 1, 
2019-12-04 14:46:12.268,289495960, 1227.8066027957473, 1401593, 64.26199036567566, 76926, 0, 0.0, 1, 
2019-12-04 14:46:13.303,314661784, 1227.8066027957473, 1402898, 64.26199036567566, 77002, 0, 0.0, 1, 
2019-12-04 14:46:14.329,339827608, 1227.8066027957473, 1404262, 64.26199036567566, 77057, 0, 0.0, 1, 
2019-12-04 14:46:15.352,366042008, 1232.8912500949232, 1405560, 64.16108718725592, 77129, 0, 0.0, 1, 
2019-12-04 14:46:16.375,391207832, 1232.8912500949232, 1406832, 64.16108718725592, 77201, 0, 0.0, 1, 
2019-12-04 14:46:17.4,415325080, 1232.8912500949232, 1408162, 64.16108718725592, 77272, 0, 0.0, 1, 
2019-12-04 14:46:18.427,441539480, 1232.8912500949232, 1409606, 64.16108718725592, 77346, 0, 0.0, 1, 
2019-12-04 14:46:19.454,468802456, 1232.8912500949232, 1411002, 64.16108718725592, 77437, 0, 0.0, 1, 
2019-12-04 14:46:20.479,492919704, 1240.5277081016052, 1412435, 64.8038431669427, 77500, 0, 0.0, 1, 
2019-12-04 14:46:21.507,520182680, 1240.5277081016052, 1413840, 64.8038431669427, 77562, 0, 0.0, 1, 
2019-12-04 14:46:22.532,547445656, 1240.5277081016052, 1415254, 64.8038431669427, 77633, 0, 0.0, 1, 
2019-12-04 14:46:23.561,573660056, 1240.5277081016052, 1416702, 64.8038431669427, 77703, 0, 0.0, 1, 
2019-12-04 14:46:24.588,598825880, 1240.5277081016052, 1418137, 64.8038431669427, 77784, 0, 0.0, 1, 
2019-12-04 14:46:25.614,625040280, 1252.3189415262966, 1419533, 65.17133157698524, 77853, 0, 0.0, 1, 
2019-12-04 14:46:26.641,650206104, 1252.3189415262966, 1420922, 65.17133157698524, 77932, 0, 0.0, 1, 
2019-12-04 14:46:27.668,677469080, 1252.3189415262966, 1422369, 65.17133157698524, 77992, 0, 0.0, 1, 
2019-12-04 14:46:28.693,706829208, 1252.3189415262966, 1423839, 65.17133157698524, 78056, 0, 0.0, 1, 
2019-12-04 14:46:29.73,733043608, 1252.3189415262966, 1425211, 65.17133157698524, 78135, 0, 0.0, 1, 
2019-12-04 14:46:30.762,758209432, 1262.0000484338627, 1426582, 65.34952606534453, 78203, 0, 0.0, 1, 
2019-12-04 14:46:31.79,140620176, 1262.0000484338627, 1427859, 65.34952606534453, 78275, 0, 0.0, 1, 
2019-12-04 14:46:32.823,165786000, 1262.0000484338627, 1429296, 65.34952606534453, 78341, 0, 0.0, 1, 
2019-12-04 14:46:33.846,190951824, 1262.0000484338627, 1430642, 65.34952606534453, 78407, 0, 0.0, 1, 
2019-12-04 14:46:34.871,216117648, 1262.0000484338627, 1432047, 65.34952606534453, 78465, 0, 0.0, 1, 
2019-12-04 14:46:35.898,242332048, 1267.3570687811402, 1433484, 65.35356173833587, 78531, 0, 0.0, 1, 
2019-12-04 14:46:36.924,266449296, 1267.3570687811402, 1434832, 65.35356173833587, 78605, 0, 0.0, 1, 
2019-12-04 14:46:37.948,294760848, 1267.3570687811402, 1436308, 65.35356173833587, 78683, 0, 0.0, 1, 
2019-12-04 14:46:38.973,318878096, 1267.3570687811402, 1437702, 65.35356173833587, 78771, 0, 0.0, 1, 
2019-12-04 14:46:40.003,346141072, 1267.3570687811402, 1439107, 65.35356173833587, 78840, 0, 0.0, 1, 
2019-12-04 14:46:41.03,371306896, 1276.5873759236508, 1440502, 65.96493718554795, 78904, 0, 0.0, 1, 
2019-12-04 14:46:42.055,396472720, 1276.5873759236508, 1441898, 65.96493718554795, 78975, 0, 0.0, 1, 
2019-12-04 14:46:43.081,422687120, 1276.5873759236508, 1443282, 65.96493718554795, 79067, 0, 0.0, 1, 
2019-12-04 14:46:44.106,449950096, 1276.5873759236508, 1444707, 65.96493718554795, 79137, 0, 0.0, 1, 
2019-12-04 14:46:45.134,476164496, 1283.9123169090192, 1446130, 66.43148304855214, 79204, 0, 0.0, 1, 
2019-12-04 14:46:46.159,503427472, 1283.9123169090192, 1447611, 66.43148304855214, 79292, 0, 0.0, 1, 
2019-12-04 14:46:47.194,527544720, 1283.9123169090192, 1448971, 66.43148304855214, 79370, 0, 0.0, 1, 
2019-12-04 14:46:48.229,553759120, 1283.9123169090192, 1450354, 66.43148304855214, 79458, 0, 0.0, 1, 
2019-12-04 14:46:49.255,579973520, 1283.9123169090192, 1451757, 66.43148304855214, 79542, 0, 0.0, 1, 
2019-12-04 14:46:50.279,606187920, 1290.7795168866899, 1453206, 67.30847724205334, 79614, 0, 0.0, 1, 
2019-12-04 14:46:51.307,632402320, 1290.7795168866899, 1454508, 67.30847724205334, 79665, 0, 0.0, 1, 
2019-12-04 14:46:52.339,659665296, 1290.7795168866899, 1455967, 67.30847724205334, 79741, 0, 0.0, 1, 
2019-12-04 14:46:53.365,685879696, 1290.7795168866899, 1457383, 67.30847724205334, 79808, 0, 0.0, 1, 
2019-12-04 14:46:54.388,711045520, 1290.7795168866899, 1458785, 67.30847724205334, 79889, 0, 0.0, 1, 
2019-12-04 14:46:55.412,737259920, 1296.2980900165815, 1460192, 67.4437239343328, 79967, 0, 0.0, 1, 
2019-12-04 14:46:56.437,763474320, 1296.2980900165815, 1461617, 67.4437239343328, 80039, 0, 0.0, 1, 
2019-12-04 14:46:57.46,144831800, 1296.2980900165815, 1462943, 67.4437239343328, 80110, 0, 0.0, 1, 
2019-12-04 14:46:58.483,172094776, 1296.2980900165815, 1464368, 67.4437239343328, 80171, 0, 0.0, 1, 
2019-12-04 14:46:59.513,199357752, 1296.2980900165815, 1465845, 67.4437239343328, 80238, 0, 0.0, 1, 
2019-12-04 14:47:00.537,225572152, 1303.6141787918405, 1467308, 67.79203253719947, 80323, 0, 0.0, 1, 
2019-12-04 14:47:01.562,251786552, 1303.6141787918405, 1468726, 67.79203253719947, 80389, 0, 0.0, 1, 
2019-12-04 14:47:02.589,279049528, 1303.6141787918405, 1470220, 67.79203253719947, 80464, 0, 0.0, 1, 
2019-12-04 14:47:03.615,304215352, 1303.6141787918405, 1471623, 67.79203253719947, 80529, 0, 0.0, 1, 
2019-12-04 14:47:04.639,330429752, 1303.6141787918405, 1472992, 67.79203253719947, 80608, 0, 0.0, 1, 
2019-12-04 14:47:05.664,354547000, 1309.4338117332243, 1474216, 67.80866069742575, 80662, 0, 0.0, 1, 
2019-12-04 14:47:06.686,376567096, 1309.4338117332243, 1475457, 67.80866069742575, 80719, 0, 0.0, 1, 
2019-12-04 14:47:07.708,403830072, 1309.4338117332243, 1476808, 67.80866069742575, 80783, 0, 0.0, 1, 
2019-12-04 14:47:08.731,428995896, 1309.4338117332243, 1478173, 67.80866069742575, 80863, 0, 0.0, 1, 
2019-12-04 14:47:09.758,454161720, 1309.4338117332243, 1479548, 67.80866069742575, 80934, 0, 0.0, 1, 
2019-12-04 14:47:10.783,478278968, 1307.5121742474057, 1480864, 67.48814588481063, 81029, 0, 0.0, 1, 
2019-12-04 14:47:11.809,505541944, 1307.5121742474057, 1482292, 67.48814588481063, 81107, 0, 0.0, 1, 
2019-12-04 14:47:12.835,531756344, 1307.5121742474057, 1483658, 67.48814588481063, 81183, 0, 0.0, 1, 
2019-12-04 14:47:13.861,556922168, 1307.5121742474057, 1485050, 67.48814588481063, 81242, 0, 0.0, 1, 
2019-12-04 14:47:14.883,583136568, 1307.5121742474057, 1486426, 67.48814588481063, 81307, 0, 0.0, 1, 
2019-12-04 14:47:15.91,608302392, 1310.701428704618, 1487792, 67.99281387536492, 81385, 0, 0.0, 1, 
2019-12-04 14:47:16.939,634516792, 1310.701428704618, 1489194, 67.99281387536492, 81452, 0, 0.0, 1, 
2019-12-04 14:47:17.963,660731192, 1310.701428704618, 1490591, 67.99281387536492, 81530, 0, 0.0, 1, 
2019-12-04 14:47:18.984,684848440, 1310.701428704618, 1491986, 67.99281387536492, 81607, 0, 0.0, 1, 
2019-12-04 14:47:20.012,710014264, 1314.5471781280337, 1493387, 68.13730849983388, 81667, 0, 0.0, 1, 
2019-12-04 14:47:21.038,730985784, 1314.5471781280337, 1494343, 68.13730849983388, 81716, 0, 0.0, 1, 
2019-12-04 14:47:22.084,756151608, 1314.5471781280337, 1495485, 68.13730849983388, 81793, 0, 0.0, 1, 
2019-12-04 14:47:23.104,141793312, 1314.5471781280337, 1496753, 68.13730849983388, 81854, 0, 0.0, 1, 
2019-12-04 14:47:24.127,172202016, 1314.5471781280337, 1498044, 68.13730849983388, 81924, 0, 0.0, 1, 
2019-12-04 14:47:25.152,201562144, 1299.535742599114, 1499192, 67.77452534272231, 82000, 0, 0.0, 1, 
2019-12-04 14:47:26.178,231970848, 1299.535742599114, 1500508, 67.77452534272231, 82081, 0, 0.0, 1, 
2019-12-04 14:47:27.202,263428128, 1299.535742599114, 1501863, 67.77452534272231, 82152, 0, 0.0, 1, 
2019-12-04 14:47:28.225,292788256, 1299.535742599114, 1503128, 67.77452534272231, 82207, 0, 0.0, 1, 
2019-12-04 14:47:29.248,324245536, 1299.535742599114, 1504399, 67.77452534272231, 82278, 0, 0.0, 1, 
2019-12-04 14:47:30.272,353605664, 1296.2467102199441, 1505643, 67.76057106678292, 82337, 0, 0.0, 1, 
2019-12-04 14:47:31.294,385062944, 1296.2467102199441, 1506857, 67.76057106678292, 82406, 0, 0.0, 1, 
2019-12-04 14:47:32.324,413374496, 1296.2467102199441, 1508141, 67.76057106678292, 82463, 0, 0.0, 1, 
2019-12-04 14:47:33.348,444831776, 1296.2467102199441, 1509529, 67.76057106678292, 82540, 0, 0.0, 1, 
2019-12-04 14:47:34.374,474191904, 1296.2467102199441, 1510817, 67.76057106678292, 82621, 0, 0.0, 1, 
2019-12-04 14:47:35.41,502503456, 1292.3091606767284, 1512108, 67.65178581069988, 82682, 0, 0.0, 1, 
2019-12-04 14:47:36.434,532912160, 1292.3091606767284, 1513417, 67.65178581069988, 82771, 0, 0.0, 1, 
2019-12-04 14:47:37.458,561223712, 1292.3091606767284, 1514699, 67.65178581069988, 82852, 0, 0.0, 1, 
2019-12-04 14:47:38.484,591632416, 1292.3091606767284, 1515995, 67.65178581069988, 82930, 0, 0.0, 1, 
2019-12-04 14:47:39.512,619943968, 1292.3091606767284, 1517268, 67.65178581069988, 82993, 0, 0.0, 1, 
2019-12-04 14:47:40.537,648255520, 1289.3100937780578, 1518439, 68.07940540689313, 83060, 0, 0.0, 1, 
2019-12-04 14:47:41.559,674469920, 1289.3100937780578, 1519636, 68.07940540689313, 83114, 0, 0.0, 1, 
2019-12-04 14:47:42.581,701732896, 1289.3100937780578, 1520886, 68.07940540689313, 83167, 0, 0.0, 1, 
2019-12-04 14:47:43.602,728995872, 1289.3100937780578, 1522039, 68.07940540689313, 83227, 0, 0.0, 1, 
2019-12-04 14:47:44.625,756258848, 1289.3100937780578, 1523260, 68.07940540689313, 83280, 0, 0.0, 1, 
2019-12-04 14:47:45.649,140664360, 1280.138381082108, 1524320, 67.17755394495181, 83327, 0, 0.0, 1, 
2019-12-04 14:47:46.672,168975912, 1280.138381082108, 1525495, 67.17755394495181, 83394, 0, 0.0, 1, 
2019-12-04 14:47:47.694,198336040, 1280.138381082108, 1526722, 67.17755394495181, 83467, 0, 0.0, 1, 
2019-12-04 14:47:48.721,225599016, 1280.138381082108, 1527947, 67.17755394495181, 83531, 0, 0.0, 1, 
2019-12-04 14:47:49.744,254959144, 1280.138381082108, 1529184, 67.17755394495181, 83587, 0, 0.0, 1, 
2019-12-04 14:47:50.772,282222120, 1270.1488596874233, 1530362, 66.58767730067945, 83645, 0, 0.0, 1, 
2019-12-04 14:47:51.795,313679400, 1270.1488596874233, 1531662, 66.58767730067945, 83708, 0, 0.0, 1, 
2019-12-04 14:47:52.817,343039528, 1270.1488596874233, 1533001, 66.58767730067945, 83777, 0, 0.0, 1, 
2019-12-04 14:47:53.842,378691112, 1270.1488596874233, 1534340, 66.58767730067945, 83868, 0, 0.0, 1, 
2019-12-04 14:47:54.865,407002664, 1270.1488596874233, 1535703, 66.58767730067945, 83936, 0, 0.0, 1, 
2019-12-04 14:47:55.887,437411368, 1271.7040869972427, 1537051, 66.71659150591006, 83992, 0, 0.0, 1, 
2019-12-04 14:47:56.914,467820072, 1271.7040869972427, 1538396, 66.71659150591006, 84057, 0, 0.0, 1, 
2019-12-04 14:47:57.937,500325928, 1271.7040869972427, 1539824, 66.71659150591006, 84141, 0, 0.0, 1, 
2019-12-04 14:47:58.964,531783208, 1271.7040869972427, 1541112, 66.71659150591006, 84216, 0, 0.0, 1, 
2019-12-04 14:47:59.987,565337640, 1271.7040869972427, 1542448, 66.71659150591006, 84287, 0, 0.0, 1, 
2019-12-04 14:48:01.014,597843496, 1274.7340769045345, 1543743, 66.88317165162125, 84357, 0, 0.0, 1, 
2019-12-04 14:48:02.036,632446504, 1274.7340769045345, 1545023, 66.88317165162125, 84435, 0, 0.0, 1, 
2019-12-04 14:48:03.059,661806632, 1274.7340769045345, 1546345, 66.88317165162125, 84502, 0, 0.0, 1, 
2019-12-04 14:48:04.084,691166760, 1274.7340769045345, 1547666, 66.88317165162125, 84582, 0, 0.0, 1, 
2019-12-04 14:48:05.116,722624040, 1275.5548947950026, 1549015, 67.19634395501234, 84649, 0, 0.0, 1, 
2019-12-04 14:48:06.138,751984168, 1275.5548947950026, 1550334, 67.19634395501234, 84722, 0, 0.0, 1, 
2019-12-04 14:48:07.164,139634864, 1275.5548947950026, 1551459, 67.19634395501234, 84796, 0, 0.0, 1, 
2019-12-04 14:48:08.203,168994992, 1275.5548947950026, 1552604, 67.19634395501234, 84841, 0, 0.0, 1, 
2019-12-04 14:48:09.228,198355120, 1275.5548947950026, 1553795, 67.19634395501234, 84897, 0, 0.0, 1, 
2019-12-04 14:48:10.253,228763824, 1268.0906495344502, 1555100, 66.78086723230194, 84965, 0, 0.0, 1, 
2019-12-04 14:48:11.278,259172528, 1268.0906495344502, 1556479, 66.78086723230194, 85018, 0, 0.0, 1, 
2019-12-04 14:48:12.306,287484080, 1268.0906495344502, 1557791, 66.78086723230194, 85098, 0, 0.0, 1, 
2019-12-04 14:48:13.346,321038512, 1268.0906495344502, 1559038, 66.78086723230194, 85180, 0, 0.0, 1, 
2019-12-04 14:48:14.369,350398640, 1268.0906495344502, 1560311, 66.78086723230194, 85236, 0, 0.0, 1, 
2019-12-04 14:48:15.394,383953072, 1268.131374949082, 1561625, 66.36662796001549, 85282, 0, 0.0, 1, 
2019-12-04 14:48:16.417,415410352, 1268.131374949082, 1562940, 66.36662796001549, 85337, 0, 0.0, 1, 
2019-12-04 14:48:17.442,445819056, 1268.131374949082, 1564273, 66.36662796001549, 85393, 0, 0.0, 1, 
2019-12-04 14:48:18.468,475179184, 1268.131374949082, 1565588, 66.36662796001549, 85461, 0, 0.0, 1, 
2019-12-04 14:48:19.495,505587888, 1268.131374949082, 1566742, 66.36662796001549, 85525, 0, 0.0, 1, 
2019-12-04 14:48:20.519,520267952, 1261.5005483194332, 1567324, 65.74564267511619, 85568, 0, 0.0, 1, 
2019-12-04 14:48:21.543,532850864, 1261.5005483194332, 1567836, 65.74564267511619, 85596, 0, 0.0, 1, 
2019-12-04 14:48:22.567,547530928, 1261.5005483194332, 1568321, 65.74564267511619, 85629, 0, 0.0, 1, 
2019-12-04 14:48:23.593,561162416, 1261.5005483194332, 1568796, 65.74564267511619, 85653, 0, 0.0, 1, 
2019-12-04 14:48:24.622,573745328, 1261.5005483194332, 1569299, 65.74564267511619, 85676, 0, 0.0, 1, 
2019-12-04 14:48:25.647,584231088, 1199.271072384234, 1569769, 62.53577431494524, 85688, 0, 0.0, 1, 
2019-12-04 14:48:26.674,597862576, 1199.271072384234, 1570248, 62.53577431494524, 85714, 0, 0.0, 1, 
2019-12-04 14:48:27.699,610445488, 1199.271072384234, 1570737, 62.53577431494524, 85746, 0, 0.0, 1, 
2019-12-04 14:48:28.723,624076976, 1199.271072384234, 1571241, 62.53577431494524, 85776, 0, 0.0, 1, 
2019-12-04 14:48:29.757,636659888, 1199.271072384234, 1571726, 62.53577431494524, 85794, 0, 0.0, 1, 
2019-12-04 14:48:30.783,650291376, 1141.4255192930013, 1572223, 59.47061503895564, 85818, 0, 0.0, 1, 
2019-12-04 14:48:31.812,663922864, 1141.4255192930013, 1572679, 59.47061503895564, 85846, 0, 0.0, 1, 
2019-12-04 14:48:32.836,676505776, 1141.4255192930013, 1573149, 59.47061503895564, 85865, 0, 0.0, 1, 
2019-12-04 14:48:33.861,689088688, 1141.4255192930013, 1573634, 59.47061503895564, 85891, 0, 0.0, 1, 
2019-12-04 14:48:34.889,702720176, 1141.4255192930013, 1574155, 59.47061503895564, 85914, 0, 0.0, 1, 
2019-12-04 14:48:35.918,714254512, 1087.5653965773033, 1574635, 56.554585664687345, 85943, 0, 0.0, 1, 
2019-12-04 14:48:36.943,726837424, 1087.5653965773033, 1575099, 56.554585664687345, 85964, 0, 0.0, 1, 
2019-12-04 14:48:37.974,740468912, 1087.5653965773033, 1575611, 56.554585664687345, 85988, 0, 0.0, 1, 
2019-12-04 14:48:39.0,755148976, 1087.5653965773033, 1576123, 56.554585664687345, 86008, 0, 0.0, 1, 
2019-12-04 14:48:40.026,767731888, 1039.0511141112943, 1576614, 53.88770024307088, 86033, 0, 0.0, 1, 
2019-12-04 14:48:41.1,137713792, 1039.0511141112943, 1577107, 53.88770024307088, 86060, 0, 0.0, 1, 
2019-12-04 14:48:42.123,150296704, 1039.0511141112943, 1577634, 53.88770024307088, 86091, 0, 0.0, 1, 
2019-12-04 14:48:43.15,162879616, 1039.0511141112943, 1578124, 53.88770024307088, 86110, 0, 0.0, 1, 
2019-12-04 14:48:44.173,176511104, 1039.0511141112943, 1578599, 53.88770024307088, 86135, 0, 0.0, 1, 
2019-12-04 14:48:45.198,189094016, 994.0000504547658, 1579067, 51.529993908901105, 86161, 0, 0.0, 1, 
2019-12-04 14:48:46.226,201676928, 994.0000504547658, 1579537, 51.529993908901105, 86188, 0, 0.0, 1, 
2019-12-04 14:48:47.249,214259840, 994.0000504547658, 1580032, 51.529993908901105, 86212, 0, 0.0, 1, 
2019-12-04 14:48:48.276,225794176, 994.0000504547658, 1580491, 51.529993908901105, 86233, 0, 0.0, 1, 
2019-12-04 14:48:49.3,239425664, 994.0000504547658, 1580971, 51.529993908901105, 86262, 0, 0.0, 1, 
2019-12-04 14:48:50.327,253057152, 951.7195328766117, 1581449, 49.55269276970164, 86298, 0, 0.0, 1, 
2019-12-04 14:48:51.351,264591488, 951.7195328766117, 1581944, 49.55269276970164, 86335, 0, 0.0, 1, 
2019-12-04 14:48:52.381,279271552, 951.7195328766117, 1582413, 49.55269276970164, 86361, 0, 0.0, 1, 
2019-12-04 14:48:53.406,290805888, 951.7195328766117, 1582859, 49.55269276970164, 86386, 0, 0.0, 1, 
2019-12-04 14:48:54.432,302340224, 951.7195328766117, 1583313, 49.55269276970164, 86417, 0, 0.0, 1, 
2019-12-04 14:48:55.457,315971712, 911.9880407433388, 1583770, 47.893399071282346, 86446, 0, 0.0, 1, 
2019-12-04 14:48:56.488,328554624, 911.9880407433388, 1584265, 47.893399071282346, 86470, 0, 0.0, 1, 
2019-12-04 14:48:57.513,341137536, 911.9880407433388, 1584722, 47.893399071282346, 86500, 0, 0.0, 1, 
2019-12-04 14:48:58.538,352671872, 911.9880407433388, 1585206, 47.893399071282346, 86528, 0, 0.0, 1, 
2019-12-04 14:48:59.562,366303360, 911.9880407433388, 1585695, 47.893399071282346, 86547, 0, 0.0, 1, 
2019-12-04 14:49:00.586,378886272, 875.9929924188272, 1586165, 46.01497059619105, 86572, 0, 0.0, 1, 
2019-12-04 14:49:01.611,391469184, 875.9929924188272, 1586684, 46.01497059619105, 86597, 0, 0.0, 1, 
2019-12-04 14:49:02.637,406149248, 875.9929924188272, 1587184, 46.01497059619105, 86621, 0, 0.0, 1, 
2019-12-04 14:49:03.661,418732160, 875.9929924188272, 1587670, 46.01497059619105, 86645, 0, 0.0, 1, 
2019-12-04 14:49:04.686,431315072, 875.9929924188272, 1588140, 46.01497059619105, 86675, 0, 0.0, 1, 
2019-12-04 14:49:05.71,443897984, 844.2831675560715, 1588633, 44.44664414014398, 86701, 0, 0.0, 1, 
2019-12-04 14:49:06.734,456480896, 844.2831675560715, 1589082, 44.44664414014398, 86729, 0, 0.0, 1, 
2019-12-04 14:49:07.756,470112384, 844.2831675560715, 1589601, 44.44664414014398, 86757, 0, 0.0, 1, 
2019-12-04 14:49:08.783,481646720, 844.2831675560715, 1590051, 44.44664414014398, 86784, 0, 0.0, 1, 
2019-12-04 14:49:09.808,494229632, 844.2831675560715, 1590535, 44.44664414014398, 86811, 0, 0.0, 1, 
2019-12-04 14:49:10.833,507861120, 814.2292088631417, 1590991, 42.987723026868345, 86839, 0, 0.0, 1, 
2019-12-04 14:49:11.863,519395456, 814.2292088631417, 1591478, 42.987723026868345, 86868, 0, 0.0, 1, 
2019-12-04 14:49:12.889,534075520, 814.2292088631417, 1591979, 42.987723026868345, 86891, 0, 0.0, 1, 
2019-12-04 14:49:13.922,547707008, 814.2292088631417, 1592479, 42.987723026868345, 86913, 0, 0.0, 1, 
2019-12-04 14:49:14.949,561338496, 814.2292088631417, 1592945, 42.987723026868345, 86941, 0, 0.0, 1, 
2019-12-04 14:49:15.973,574969984, 786.5302586789887, 1593427, 41.533512985695346, 86972, 0, 0.0, 1, 
2019-12-04 14:49:16.996,587552896, 786.5302586789887, 1593902, 41.533512985695346, 86997, 0, 0.0, 1, 
2019-12-04 14:49:18.02,600135808, 786.5302586789887, 1594367, 41.533512985695346, 87018, 0, 0.0, 1, 
2019-12-04 14:49:19.043,612718720, 786.5302586789887, 1594841, 41.533512985695346, 87044, 0, 0.0, 1, 
2019-12-04 14:49:20.067,626350208, 761.1899143246302, 1595351, 40.243548510838664, 87070, 0, 0.0, 1, 
2019-12-04 14:49:21.091,638933120, 761.1899143246302, 1595838, 40.243548510838664, 87091, 0, 0.0, 1, 
2019-12-04 14:49:22.116,651516032, 761.1899143246302, 1596352, 40.243548510838664, 87115, 0, 0.0, 1, 
2019-12-04 14:49:23.146,665147520, 761.1899143246302, 1596858, 40.243548510838664, 87136, 0, 0.0, 1, 
2019-12-04 14:49:24.171,678779008, 761.1899143246302, 1597358, 40.243548510838664, 87158, 0, 0.0, 1, 
2019-12-04 14:49:25.197,690313344, 739.0270324659567, 1597828, 38.768883793342084, 87184, 0, 0.0, 1, 
2019-12-04 14:49:26.222,703944832, 739.0270324659567, 1598343, 38.768883793342084, 87209, 0, 0.0, 1, 
2019-12-04 14:49:27.249,715479168, 739.0270324659567, 1598845, 38.768883793342084, 87233, 0, 0.0, 1, 
2019-12-04 14:49:28.272,725964928, 739.0270324659567, 1599324, 38.768883793342084, 87267, 0, 0.0, 1, 
2019-12-04 14:49:29.296,735402112, 739.0270324659567, 1599787, 38.768883793342084, 87296, 0, 0.0, 1, 
2019-12-04 14:49:30.342,745887872, 717.6607386582723, 1600230, 38.00379808830144, 87336, 0, 0.0, 1, 
2019-12-04 14:49:31.374,757422208, 717.6607386582723, 1600702, 38.00379808830144, 87366, 0, 0.0, 1, 
2019-12-04 14:49:32.399,767907968, 717.6607386582723, 1601224, 38.00379808830144, 87391, 0, 0.0, 1, 
2019-12-04 14:49:33.424,138882672, 717.6607386582723, 1601728, 38.00379808830144, 87424, 0, 0.0, 1, 
2019-12-04 14:49:34.448,149368432, 717.6607386582723, 1602230, 38.00379808830144, 87452, 0, 0.0, 1, 
2019-12-04 14:49:35.472,160902768, 698.7223996475192, 1602731, 37.29988525866605, 87480, 0, 0.0, 1, 
2019-12-04 14:49:36.503,171388528, 698.7223996475192, 1603199, 37.29988525866605, 87504, 0, 0.0, 1, 
2019-12-04 14:49:37.528,181874288, 698.7223996475192, 1603669, 37.29988525866605, 87529, 0, 0.0, 1, 
2019-12-04 14:49:38.554,192360048, 698.7223996475192, 1604151, 37.29988525866605, 87546, 0, 0.0, 1, 
2019-12-04 14:49:39.579,203894384, 698.7223996475192, 1604642, 37.29988525866605, 87572, 0, 0.0, 1, 
2019-12-04 14:49:40.605,215428720, 680.1948995402039, 1605158, 36.092565093779356, 87593, 0, 0.0, 1, 
2019-12-04 14:49:41.635,225914480, 680.1948995402039, 1605633, 36.092565093779356, 87619, 0, 0.0, 1, 
2019-12-04 14:49:42.66,236400240, 680.1948995402039, 1606090, 36.092565093779356, 87642, 0, 0.0, 1, 
2019-12-04 14:49:43.683,246886000, 680.1948995402039, 1606582, 36.092565093779356, 87666, 0, 0.0, 1, 
2019-12-04 14:49:44.709,257371760, 680.1948995402039, 1607054, 36.092565093779356, 87692, 0, 0.0, 1, 
2019-12-04 14:49:45.735,268906096, 663.4366166567588, 1607543, 35.093714738924945, 87713, 0, 0.0, 1, 
2019-12-04 14:49:46.77,280440432, 663.4366166567588, 1608056, 35.093714738924945, 87736, 0, 0.0, 1, 
2019-12-04 14:49:47.796,290926192, 663.4366166567588, 1608529, 35.093714738924945, 87773, 0, 0.0, 1, 
2019-12-04 14:49:48.826,301411952, 663.4366166567588, 1608983, 35.093714738924945, 87809, 0, 0.0, 1, 
2019-12-04 14:49:49.852,309800560, 663.4366166567588, 1609423, 35.093714738924945, 87834, 0, 0.0, 1, 
2019-12-04 14:49:50.883,320286320, 647.3146429398049, 1609928, 34.494550390373334, 87853, 0, 0.0, 1, 
2019-12-04 14:49:51.91,331820656, 647.3146429398049, 1610419, 34.494550390373334, 87879, 0, 0.0, 1, 
2019-12-04 14:49:52.942,342306416, 647.3146429398049, 1610903, 34.494550390373334, 87900, 0, 0.0, 1, 
2019-12-04 14:49:54.014,353840752, 647.3146429398049, 1611405, 34.494550390373334, 87921, 0, 0.0, 1, 
2019-12-04 14:49:55.04,364326512, 633.6490626151325, 1611894, 33.43157683167107, 87946, 0, 0.0, 1, 
2019-12-04 14:49:56.064,374812272, 633.6490626151325, 1612355, 33.43157683167107, 87969, 0, 0.0, 1, 
2019-12-04 14:49:57.088,387395184, 633.6490626151325, 1612856, 33.43157683167107, 87993, 0, 0.0, 1, 
2019-12-04 14:49:58.114,398929520, 633.6490626151325, 1613348, 33.43157683167107, 88029, 0, 0.0, 1, 
2019-12-04 14:49:59.137,409415280, 633.6490626151325, 1613811, 33.43157683167107, 88065, 0, 0.0, 1, 
2019-12-04 14:50:00.166,419901040, 619.95674356956, 1614268, 33.06125639490555, 88093, 0, 0.0, 1, 
2019-12-04 14:50:01.19,430386800, 619.95674356956, 1614736, 33.06125639490555, 88116, 0, 0.0, 1, 
2019-12-04 14:50:02.214,440872560, 619.95674356956, 1615204, 33.06125639490555, 88133, 0, 0.0, 1, 
2019-12-04 14:50:03.239,451358320, 619.95674356956, 1615657, 33.06125639490555, 88151, 0, 0.0, 1, 
2019-12-04 14:50:04.266,462892656, 619.95674356956, 1616154, 33.06125639490555, 88164, 0, 0.0, 1, 
2019-12-04 14:50:05.295,473378416, 607.1353262693203, 1616628, 32.01693599417438, 88194, 0, 0.0, 1, 
2019-12-04 14:50:06.323,483864176, 607.1353262693203, 1617093, 32.01693599417438, 88225, 0, 0.0, 1, 
2019-12-04 14:50:07.345,494349936, 607.1353262693203, 1617583, 32.01693599417438, 88252, 0, 0.0, 1, 
2019-12-04 14:50:08.368,505884272, 607.1353262693203, 1618069, 32.01693599417438, 88282, 0, 0.0, 1, 
2019-12-04 14:50:09.393,516370032, 607.1353262693203, 1618566, 32.01693599417438, 88304, 0, 0.0, 1, 
2019-12-04 14:50:10.417,526855792, 596.2505465678288, 1619044, 31.47188388632573, 88323, 0, 0.0, 1, 
2019-12-04 14:50:11.44,536292976, 596.2505465678288, 1619521, 31.47188388632573, 88349, 0, 0.0, 1, 
2019-12-04 14:50:12.464,547827312, 596.2505465678288, 1620009, 31.47188388632573, 88364, 0, 0.0, 1, 
2019-12-04 14:50:13.488,558313072, 596.2505465678288, 1620493, 31.47188388632573, 88391, 0, 0.0, 1, 
2019-12-04 14:50:14.511,568798832, 596.2505465678288, 1620942, 31.47188388632573, 88410, 0, 0.0, 1, 
2019-12-04 14:50:15.537,580333168, 585.9162434575181, 1621423, 30.762527216853883, 88435, 0, 0.0, 1, 
2019-12-04 14:50:16.561,589770352, 585.9162434575181, 1621883, 30.762527216853883, 88458, 0, 0.0, 1, 
2019-12-04 14:50:17.585,600256112, 585.9162434575181, 1622368, 30.762527216853883, 88483, 0, 0.0, 1, 
2019-12-04 14:50:18.613,613887600, 585.9162434575181, 1622895, 30.762527216853883, 88516, 0, 0.0, 1, 
2019-12-04 14:50:19.642,625421936, 585.9162434575181, 1623402, 30.762527216853883, 88540, 0, 0.0, 1, 
2019-12-04 14:50:20.666,636956272, 577.2077814554971, 1623884, 30.253807628793467, 88566, 0, 0.0, 1, 
2019-12-04 14:50:21.692,646393456, 577.2077814554971, 1624382, 30.253807628793467, 88591, 0, 0.0, 1, 
2019-12-04 14:50:22.716,657927792, 577.2077814554971, 1624849, 30.253807628793467, 88612, 0, 0.0, 1, 
2019-12-04 14:50:23.74,668413552, 577.2077814554971, 1625359, 30.253807628793467, 88637, 0, 0.0, 1, 
2019-12-04 14:50:24.765,679947888, 577.2077814554971, 1625849, 30.253807628793467, 88664, 0, 0.0, 1, 
2019-12-04 14:50:25.788,690433648, 569.1156540451552, 1626299, 29.801754130260086, 88692, 0, 0.0, 1, 
2019-12-04 14:50:26.812,700919408, 569.1156540451552, 1626798, 29.801754130260086, 88714, 0, 0.0, 1, 
2019-12-04 14:50:27.834,718745200, 569.1156540451552, 1627271, 29.801754130260086, 88740, 0, 0.0, 1, 
2019-12-04 14:50:28.86,733425264, 569.1156540451552, 1627747, 29.801754130260086, 88761, 0, 0.0, 1, 
2019-12-04 14:50:29.881,746008176, 569.1156540451552, 1628232, 29.801754130260086, 88790, 0, 0.0, 1, 
2019-12-04 14:50:30.904,758591088, 561.0628749699843, 1628715, 29.369853716746672, 88810, 0, 0.0, 1, 
2019-12-04 14:50:31.927,772222576, 561.0628749699843, 1629224, 29.369853716746672, 88835, 0, 0.0, 1, 
2019-12-04 14:50:32.96,784805488, 561.0628749699843, 1629709, 29.369853716746672, 88862, 0, 0.0, 1, 
2019-12-04 14:50:33.985,151905824, 561.0628749699843, 1630216, 29.369853716746672, 88891, 0, 0.0, 1, 
2019-12-04 14:50:35.007,163440160, 561.0628749699843, 1630677, 29.369853716746672, 88926, 0, 0.0, 1, 
2019-12-04 14:50:36.059,178120224, 554.3895519450396, 1631215, 29.148388441433045, 88956, 0, 0.0, 1, 
2019-12-04 14:50:37.083,190703136, 554.3895519450396, 1631687, 29.148388441433045, 88977, 0, 0.0, 1, 
2019-12-04 14:50:38.11,204334624, 554.3895519450396, 1632191, 29.148388441433045, 89000, 0, 0.0, 1, 
2019-12-04 14:50:39.134,216917536, 554.3895519450396, 1632697, 29.148388441433045, 89028, 0, 0.0, 1, 
2019-12-04 14:50:40.158,230549024, 548.857460817739, 1633173, 28.76872826403091, 89050, 0, 0.0, 1, 
2019-12-04 14:50:41.183,243131936, 548.857460817739, 1633671, 28.76872826403091, 89068, 0, 0.0, 1, 
2019-12-04 14:50:42.207,259909152, 548.857460817739, 1634127, 28.76872826403091, 89095, 0, 0.0, 1, 
2019-12-04 14:50:43.233,281929248, 548.857460817739, 1634603, 28.76872826403091, 89119, 0, 0.0, 1, 
2019-12-04 14:50:44.257,294512160, 548.857460817739, 1635078, 28.76872826403091, 89149, 0, 0.0, 1, 
2019-12-04 14:50:45.284,307095072, 542.5683574942857, 1635597, 28.259512867613545, 89171, 0, 0.0, 1, 
2019-12-04 14:50:46.314,321775136, 542.5683574942857, 1636070, 28.259512867613545, 89191, 0, 0.0, 1, 
2019-12-04 14:50:47.34,334358048, 542.5683574942857, 1636578, 28.259512867613545, 89212, 0, 0.0, 1, 
2019-12-04 14:50:48.364,347989536, 542.5683574942857, 1637086, 28.259512867613545, 89241, 0, 0.0, 1, 
2019-12-04 14:50:49.395,360572448, 542.5683574942857, 1637562, 28.259512867613545, 89261, 0, 0.0, 1, 
2019-12-04 14:50:50.419,374203936, 537.8535079524827, 1638051, 27.82299432044476, 89285, 0, 0.0, 1, 
2019-12-04 14:50:51.444,386786848, 537.8535079524827, 1638552, 27.82299432044476, 89314, 0, 0.0, 1, 
2019-12-04 14:50:52.479,400418336, 537.8535079524827, 1639052, 27.82299432044476, 89339, 0, 0.0, 1, 
2019-12-04 14:50:53.508,414049824, 537.8535079524827, 1639527, 27.82299432044476, 89367, 0, 0.0, 1, 
2019-12-04 14:50:54.535,427681312, 537.8535079524827, 1640042, 27.82299432044476, 89401, 0, 0.0, 1, 
2019-12-04 14:50:55.562,440264224, 533.1158590388759, 1640513, 27.805164679019263, 89417, 0, 0.0, 1, 
2019-12-04 14:50:56.587,454944288, 533.1158590388759, 1641019, 27.805164679019263, 89442, 0, 0.0, 1, 
2019-12-04 14:50:57.611,468575776, 533.1158590388759, 1641495, 27.805164679019263, 89466, 0, 0.0, 1, 
2019-12-04 14:50:58.634,481158688, 533.1158590388759, 1641992, 27.805164679019263, 89499, 0, 0.0, 1, 
2019-12-04 14:50:59.661,493741600, 533.1158590388759, 1642465, 27.805164679019263, 89521, 0, 0.0, 1, 
2019-12-04 14:51:00.686,507373088, 528.0374113491011, 1642908, 27.51691162675059, 89556, 0, 0.0, 1, 
2019-12-04 14:51:01.711,518907424, 528.0374113491011, 1643397, 27.51691162675059, 89581, 0, 0.0, 1, 
2019-12-04 14:51:02.736,532538912, 528.0374113491011, 1643921, 27.51691162675059, 89605, 0, 0.0, 1, 
2019-12-04 14:51:03.767,547218976, 528.0374113491011, 1644431, 27.51691162675059, 89624, 0, 0.0, 1, 
2019-12-04 14:51:04.792,559801888, 528.0374113491011, 1644913, 27.51691162675059, 89639, 0, 0.0, 1, 
2019-12-04 14:51:05.818,572384800, 524.0526319513247, 1645388, 27.05981261112132, 89665, 0, 0.0, 1, 
2019-12-04 14:51:06.843,584967712, 524.0526319513247, 1645839, 27.05981261112132, 89688, 0, 0.0, 1, 
2019-12-04 14:51:07.867,598599200, 524.0526319513247, 1646330, 27.05981261112132, 89710, 0, 0.0, 1, 
2019-12-04 14:51:08.891,611182112, 524.0526319513247, 1646811, 27.05981261112132, 89728, 0, 0.0, 1, 
2019-12-04 14:51:09.914,624813600, 524.0526319513247, 1647308, 27.05981261112132, 89752, 0, 0.0, 1, 
2019-12-04 14:51:10.939,637396512, 519.762804356979, 1647794, 26.73520791730386, 89773, 0, 0.0, 1, 
2019-12-04 14:51:11.963,649979424, 519.762804356979, 1648258, 26.73520791730386, 89798, 0, 0.0, 1, 
2019-12-04 14:51:12.988,664659488, 519.762804356979, 1648761, 26.73520791730386, 89820, 0, 0.0, 1, 
2019-12-04 14:51:14.012,677242400, 519.762804356979, 1649220, 26.73520791730386, 89841, 0, 0.0, 1, 
2019-12-04 14:51:15.044,689825312, 515.1923188731872, 1649688, 26.27664601105329, 89863, 0, 0.0, 1, 
2019-12-04 14:51:16.068,703456800, 515.1923188731872, 1650165, 26.27664601105329, 89888, 0, 0.0, 1, 
2019-12-04 14:51:17.094,716039712, 515.1923188731872, 1650638, 26.27664601105329, 89918, 0, 0.0, 1, 
2019-12-04 14:51:18.119,728622624, 515.1923188731872, 1651111, 26.27664601105329, 89941, 0, 0.0, 1, 
2019-12-04 14:51:19.143,741205536, 515.1923188731872, 1651573, 26.27664601105329, 89969, 0, 0.0, 1, 
2019-12-04 14:51:20.167,754837024, 510.74740247556826, 1652042, 26.206553266076657, 89994, 0, 0.0, 1, 
2019-12-04 14:51:21.192,766371360, 510.74740247556826, 1652496, 26.206553266076657, 90027, 0, 0.0, 1, 
2019-12-04 14:51:22.22,141632352, 510.74740247556826, 1652959, 26.206553266076657, 90048, 0, 0.0, 1, 
2019-12-04 14:51:23.253,155263840, 510.74740247556826, 1653434, 26.206553266076657, 90072, 0, 0.0, 1, 
2019-12-04 14:51:24.282,172041056, 510.74740247556826, 1653882, 26.206553266076657, 90103, 0, 0.0, 1, 
2019-12-04 14:51:25.31,183575392, 505.76237941429304, 1654352, 26.254002647073815, 90127, 0, 0.0, 1, 
2019-12-04 14:51:26.338,197206880, 505.76237941429304, 1654833, 26.254002647073815, 90158, 0, 0.0, 1, 
2019-12-04 14:51:27.361,209789792, 505.76237941429304, 1655288, 26.254002647073815, 90186, 0, 0.0, 1, 
2019-12-04 14:51:28.386,224469856, 505.76237941429304, 1655782, 26.254002647073815, 90214, 0, 0.0, 1, 
2019-12-04 14:51:29.411,237052768, 505.76237941429304, 1656265, 26.254002647073815, 90237, 0, 0.0, 1, 
2019-12-04 14:51:30.434,250684256, 503.04689748764224, 1656772, 26.233693716741328, 90266, 0, 0.0, 1, 
2019-12-04 14:51:31.457,263267168, 503.04689748764224, 1657241, 26.233693716741328, 90296, 0, 0.0, 1, 
2019-12-04 14:51:32.484,276898656, 503.04689748764224, 1657706, 26.233693716741328, 90320, 0, 0.0, 1, 
2019-12-04 14:51:33.515,288432992, 503.04689748764224, 1658184, 26.233693716741328, 90341, 0, 0.0, 1, 
2019-12-04 14:51:34.54,303113056, 503.04689748764224, 1658673, 26.233693716741328, 90368, 0, 0.0, 1, 
2019-12-04 14:51:35.564,315695968, 500.1487555811469, 1659148, 26.07108854515461, 90387, 0, 0.0, 1, 
2019-12-04 14:51:36.588,328278880, 500.1487555811469, 1659606, 26.07108854515461, 90412, 0, 0.0, 1, 
2019-12-04 14:51:37.612,341910368, 500.1487555811469, 1660069, 26.07108854515461, 90436, 0, 0.0, 1, 
2019-12-04 14:51:38.637,353444704, 500.1487555811469, 1660542, 26.07108854515461, 90457, 0, 0.0, 1, 
2019-12-04 14:51:39.66,368124768, 500.1487555811469, 1661050, 26.07108854515461, 90484, 0, 0.0, 1, 
2019-12-04 14:51:40.684,381756256, 497.24246955116064, 1661542, 25.905493448172265, 90505, 0, 0.0, 1, 
2019-12-04 14:51:41.71,393290592, 497.24246955116064, 1661999, 25.905493448172265, 90528, 0, 0.0, 1, 
2019-12-04 14:51:42.733,407970656, 497.24246955116064, 1662493, 25.905493448172265, 90556, 0, 0.0, 1, 
2019-12-04 14:51:43.76,420553568, 497.24246955116064, 1662988, 25.905493448172265, 90586, 0, 0.0, 1, 
2019-12-04 14:51:44.784,434185056, 497.24246955116064, 1663485, 25.905493448172265, 90610, 0, 0.0, 1, 
2019-12-04 14:51:45.81,448865120, 495.44806876103394, 1664006, 25.769129721177798, 90631, 0, 0.0, 1, 
2019-12-04 14:51:46.836,461448032, 495.44806876103394, 1664493, 25.769129721177798, 90648, 0, 0.0, 1, 
2019-12-04 14:51:47.865,476128096, 495.44806876103394, 1664982, 25.769129721177798, 90681, 0, 0.0, 1, 
2019-12-04 14:51:48.889,489759584, 495.44806876103394, 1665474, 25.769129721177798, 90706, 0, 0.0, 1, 
2019-12-04 14:51:49.913,500245344, 495.44806876103394, 1665928, 25.769129721177798, 90735, 0, 0.0, 1, 
2019-12-04 14:51:50.937,513876832, 493.8770959218421, 1666414, 25.643669035798503, 90758, 0, 0.0, 1, 
2019-12-04 14:51:51.961,527508320, 493.8770959218421, 1666905, 25.643669035798503, 90773, 0, 0.0, 1, 
2019-12-04 14:51:52.986,541139808, 493.8770959218421, 1667366, 25.643669035798503, 90801, 0, 0.0, 1, 
2019-12-04 14:51:54.013,552674144, 493.8770959218421, 1667844, 25.643669035798503, 90820, 0, 0.0, 1, 
2019-12-04 14:51:55.038,567354208, 491.9360065063112, 1668342, 25.27238175977355, 90841, 0, 0.0, 1, 
2019-12-04 14:51:56.071,579937120, 491.9360065063112, 1668828, 25.27238175977355, 90874, 0, 0.0, 1, 
2019-12-04 14:51:57.096,592520032, 491.9360065063112, 1669327, 25.27238175977355, 90893, 0, 0.0, 1, 
2019-12-04 14:51:58.12,605102944, 491.9360065063112, 1669817, 25.27238175977355, 90919, 0, 0.0, 1, 
2019-12-04 14:51:59.146,619783008, 491.9360065063112, 1670314, 25.27238175977355, 90947, 0, 0.0, 1, 
2019-12-04 14:52:00.169,632365920, 490.93368276788846, 1670794, 25.3145677850231, 90972, 0, 0.0, 1, 
2019-12-04 14:52:01.198,644948832, 490.93368276788846, 1671267, 25.3145677850231, 90998, 0, 0.0, 1, 
2019-12-04 14:52:02.221,658580320, 490.93368276788846, 1671703, 25.3145677850231, 91034, 0, 0.0, 1, 
2019-12-04 14:52:03.246,666968928, 490.93368276788846, 1672022, 25.3145677850231, 91056, 0, 0.0, 1, 
2019-12-04 14:52:04.28,668017504, 490.93368276788846, 1672022, 25.3145677850231, 91056, 0, 0.0, 1, 
2019-12-04 14:52:05.307,668017504, 472.4692449803758, 1672022, 24.66576276774154, 91056, 0, 0.0, 1, 
