Timestamp, MemoryUsed, ReadLatency1, ReadCount, WriteLatency1, WriteCount, PendingTasks, WaitingOnCommit1, SRDelay, 
2019-12-04 14:43:00.223,128452024, 78.04694411755165, 1225557, 5.581472363540135, 67994, 0, 0.0, 1, 
2019-12-04 14:43:01.316,129096304, 78.04694411755165, 1225557, 5.581472363540135, 67994, 0, 0.0, 1, 
2019-12-04 14:43:02.367,130017864, 78.04694411755165, 1225557, 5.581472363540135, 67994, 0, 0.0, 1, 
2019-12-04 14:43:03.411,130920888, 78.04694411755165, 1225557, 5.581472363540135, 67994, 0, 0.0, 1, 
2019-12-04 14:43:04.464,131605336, 71.8066550142403, 1225557, 5.135202473483029, 67994, 0, 0.0, 1, 
2019-12-04 14:43:05.512,132766080, 71.8066550142403, 1225557, 5.135202473483029, 67994, 0, 0.0, 1, 
2019-12-04 14:43:06.575,133681272, 71.8066550142403, 1225557, 5.135202473483029, 67994, 0, 0.0, 1, 
2019-12-04 14:43:07.633,134623032, 71.8066550142403, 1225557, 5.135202473483029, 67994, 0, 0.0, 1, 
2019-12-04 14:43:08.671,135294496, 71.8066550142403, 1225557, 5.135202473483029, 67994, 0, 0.0, 1, 
2019-12-04 14:43:09.723,136199536, 66.0653118790665, 1225557, 4.724614353718747, 67994, 0, 0.0, 1, 
2019-12-04 14:43:10.778,137351664, 66.0653118790665, 1225557, 4.724614353718747, 67994, 0, 0.0, 1, 
2019-12-04 14:43:11.824,138219688, 66.0653118790665, 1225557, 4.724614353718747, 67994, 0, 0.0, 1, 
2019-12-04 14:43:12.872,139128560, 66.0653118790665, 1225557, 4.724614353718747, 67994, 0, 0.0, 1, 
2019-12-04 14:43:13.911,140031568, 66.0653118790665, 1225557, 4.724614353718747, 67994, 0, 0.0, 1, 
2019-12-04 14:43:14.947,141042736, 60.78302119507941, 1225557, 4.3468550474164624, 67994, 0, 0.0, 1, 
2019-12-04 14:43:16.008,142016296, 60.78302119507941, 1225557, 4.3468550474164624, 67994, 0, 0.0, 1, 
2019-12-04 14:43:17.072,142931792, 60.78302119507941, 1225557, 4.3468550474164624, 67994, 0, 0.0, 1, 
2019-12-04 14:43:18.132,143885888, 60.78302119507941, 1225557, 4.3468550474164624, 67994, 0, 0.0, 1, 
2019-12-04 14:43:19.18,144528128, 60.78302119507941, 1225557, 4.3468550474164624, 67994, 0, 0.0, 1, 
2019-12-04 14:43:20.228,145686128, 55.923079154828585, 1225557, 3.999299707578799, 67994, 0, 0.0, 1, 
2019-12-04 14:43:21.261,146599912, 55.923079154828585, 1225557, 3.999299707578799, 67994, 0, 0.0, 1, 
2019-12-04 14:43:22.304,147258360, 55.923079154828585, 1225557, 3.999299707578799, 67994, 0, 0.0, 1, 
2019-12-04 14:43:23.337,148169376, 55.923079154828585, 1225561, 3.999299707578799, 67994, 0, 0.0, 1, 
2019-12-04 14:43:24.375,153781312, 55.923079154828585, 1225738, 3.999299707578799, 68006, 0, 0.0, 1, 
2019-12-04 14:43:25.401,160636640, 54.41007328398861, 1226055, 3.8714267632761836, 68029, 0, 0.0, 1, 
2019-12-04 14:43:26.428,170045224, 54.41007328398861, 1226653, 3.8714267632761836, 68060, 0, 0.0, 1, 
2019-12-04 14:43:27.454,179268352, 54.41007328398861, 1227303, 3.8714267632761836, 68084, 0, 0.0, 1, 
2019-12-04 14:43:28.48,188994512, 54.41007328398861, 1227987, 3.8714267632761836, 68128, 0, 0.0, 1, 
2019-12-04 14:43:29.506,200847632, 96.68978141268454, 1228748, 6.200418887431063, 68176, 0, 0.0, 1, 
2019-12-04 14:43:30.533,212897536, 96.68978141268454, 1229479, 6.200418887431063, 68232, 0, 0.0, 1, 
2019-12-04 14:43:31.559,225413256, 96.68978141268454, 1230298, 6.200418887431063, 68276, 0, 0.0, 1, 
2019-12-04 14:43:32.588,237630224, 96.68978141268454, 1231108, 6.200418887431063, 68309, 0, 0.0, 1, 
2019-12-04 14:43:33.626,248673768, 96.68978141268454, 1231841, 6.200418887431063, 68353, 0, 0.0, 1, 
2019-12-04 14:43:34.651,259118616, 146.51092369028365, 1232440, 9.078786468385669, 68392, 0, 0.0, 1, 
2019-12-04 14:43:35.677,268545024, 146.51092369028365, 1233053, 9.078786468385669, 68418, 0, 0.0, 1, 
2019-12-04 14:43:36.702,279804688, 146.51092369028365, 1233643, 9.078786468385669, 68466, 0, 0.0, 1, 
2019-12-04 14:43:37.727,291569760, 146.51092369028365, 1234350, 9.078786468385669, 68495, 0, 0.0, 1, 
2019-12-04 14:43:38.755,301922896, 146.51092369028365, 1235013, 9.078786468385669, 68524, 0, 0.0, 1, 
2019-12-04 14:43:39.78,312058464, 185.9841227777357, 1235721, 11.00741221615698, 68565, 0, 0.0, 1, 
2019-12-04 14:43:40.803,321164440, 185.9841227777357, 1236296, 11.00741221615698, 68602, 0, 0.0, 1, 
2019-12-04 14:43:41.828,334889720, 185.9841227777357, 1237019, 11.00741221615698, 68633, 0, 0.0, 1, 
2019-12-04 14:43:42.864,350821824, 185.9841227777357, 1237757, 11.00741221615698, 68672, 0, 0.0, 1, 
2019-12-04 14:43:43.894,361963816, 185.9841227777357, 1238295, 11.00741221615698, 68706, 0, 0.0, 1, 
2019-12-04 14:43:44.922,375208400, 220.92598305732162, 1238883, 12.909762499897361, 68740, 0, 0.0, 1, 
2019-12-04 14:43:45.946,101873288, 220.92598305732162, 1239502, 12.909762499897361, 68766, 0, 0.0, 1, 
2019-12-04 14:43:46.97,116080728, 220.92598305732162, 1240141, 12.909762499897361, 68802, 0, 0.0, 1, 
2019-12-04 14:43:47.995,131173584, 220.92598305732162, 1240916, 12.909762499897361, 68849, 0, 0.0, 1, 
2019-12-04 14:43:49.021,148761200, 220.92598305732162, 1241771, 12.909762499897361, 68898, 0, 0.0, 1, 
2019-12-04 14:43:50.054,167009800, 259.2146354007808, 1242725, 14.995822711678048, 68947, 0, 0.0, 1, 
2019-12-04 14:43:51.084,185691760, 259.2146354007808, 1243694, 14.995822711678048, 68999, 0, 0.0, 1, 
2019-12-04 14:43:52.111,206448056, 259.2146354007808, 1244752, 14.995822711678048, 69074, 0, 0.0, 1, 
2019-12-04 14:43:53.142,226843240, 259.2146354007808, 1245853, 14.995822711678048, 69132, 0, 0.0, 1, 
2019-12-04 14:43:54.165,249222280, 259.2146354007808, 1246991, 14.995822711678048, 69193, 0, 0.0, 1, 
2019-12-04 14:43:55.196,270718584, 321.0351238273515, 1248079, 18.322309060631245, 69245, 0, 0.0, 1, 
2019-12-04 14:43:56.22,291310464, 321.0351238273515, 1249175, 18.322309060631245, 69292, 0, 0.0, 1, 
2019-12-04 14:43:57.251,312194216, 321.0351238273515, 1250309, 18.322309060631245, 69352, 0, 0.0, 1, 
2019-12-04 14:43:58.274,335677208, 321.0351238273515, 1251459, 18.322309060631245, 69407, 0, 0.0, 1, 
2019-12-04 14:43:59.301,356072616, 321.0351238273515, 1252589, 18.322309060631245, 69461, 0, 0.0, 1, 
2019-12-04 14:44:00.326,96151992, 382.15036493852045, 1253736, 21.063001904843613, 69539, 0, 0.0, 1, 
2019-12-04 14:44:01.348,118705000, 382.15036493852045, 1254932, 21.063001904843613, 69604, 0, 0.0, 1, 
2019-12-04 14:44:02.373,140993592, 382.15036493852045, 1256092, 21.063001904843613, 69673, 0, 0.0, 1, 
2019-12-04 14:44:03.402,163731432, 382.15036493852045, 1257339, 21.063001904843613, 69725, 0, 0.0, 1, 
2019-12-04 14:44:04.433,187948808, 446.0548373671608, 1258624, 24.60799254112042, 69791, 0, 0.0, 1, 
2019-12-04 14:44:05.458,211262896, 446.0548373671608, 1259839, 24.60799254112042, 69854, 0, 0.0, 1, 
2019-12-04 14:44:06.49,233954096, 446.0548373671608, 1260990, 24.60799254112042, 69908, 0, 0.0, 1, 
2019-12-04 14:44:07.52,256470424, 446.0548373671608, 1262213, 24.60799254112042, 69968, 0, 0.0, 1, 
2019-12-04 14:44:08.545,278337904, 446.0548373671608, 1263436, 24.60799254112042, 70022, 0, 0.0, 1, 
2019-12-04 14:44:09.57,302378464, 504.65789689007534, 1264713, 27.405798980790223, 70100, 0, 0.0, 1, 
2019-12-04 14:44:10.594,326787632, 504.65789689007534, 1266027, 27.405798980790223, 70170, 0, 0.0, 1, 
2019-12-04 14:44:11.618,349941936, 504.65789689007534, 1267264, 27.405798980790223, 70239, 0, 0.0, 1, 
2019-12-04 14:44:12.663,92845064, 504.65789689007534, 1268583, 27.405798980790223, 70297, 0, 0.0, 1, 
2019-12-04 14:44:13.688,116813216, 504.65789689007534, 1269907, 27.405798980790223, 70373, 0, 0.0, 1, 
2019-12-04 14:44:14.709,141627168, 565.6913615823128, 1271221, 30.571576500565385, 70439, 0, 0.0, 1, 
2019-12-04 14:44:15.74,165906224, 565.6913615823128, 1272519, 30.571576500565385, 70506, 0, 0.0, 1, 
2019-12-04 14:44:16.765,189231208, 565.6913615823128, 1273753, 30.571576500565385, 70565, 0, 0.0, 1, 
2019-12-04 14:44:17.788,212123592, 565.6913615823128, 1275088, 30.571576500565385, 70635, 0, 0.0, 1, 
2019-12-04 14:44:18.812,239018168, 565.6913615823128, 1276533, 30.571576500565385, 70711, 0, 0.0, 1, 
2019-12-04 14:44:19.842,263985632, 623.044193658442, 1277849, 33.484232425593596, 70785, 0, 0.0, 1, 
2019-12-04 14:44:20.87,289383104, 623.044193658442, 1279168, 33.484232425593596, 70866, 0, 0.0, 1, 
2019-12-04 14:44:21.899,314947056, 623.044193658442, 1280605, 33.484232425593596, 70941, 0, 0.0, 1, 
2019-12-04 14:44:22.928,340786016, 623.044193658442, 1282003, 33.484232425593596, 71020, 0, 0.0, 1, 
2019-12-04 14:44:23.951,364511080, 623.044193658442, 1283281, 33.484232425593596, 71088, 0, 0.0, 1, 
2019-12-04 14:44:24.974,105904168, 679.3613744637163, 1284630, 36.483827582635506, 71159, 0, 0.0, 1, 
2019-12-04 14:44:26.003,131309288, 679.3613744637163, 1286078, 36.483827582635506, 71234, 0, 0.0, 1, 
2019-12-04 14:44:27.03,158729944, 679.3613744637163, 1287505, 36.483827582635506, 71306, 0, 0.0, 1, 
2019-12-04 14:44:28.055,185223920, 679.3613744637163, 1288923, 36.483827582635506, 71380, 0, 0.0, 1, 
2019-12-04 14:44:29.085,208594672, 679.3613744637163, 1290124, 36.483827582635506, 71433, 0, 0.0, 1, 
2019-12-04 14:44:30.107,231511456, 730.8238775356477, 1291387, 39.25957947009523, 71517, 0, 0.0, 1, 
2019-12-04 14:44:31.132,256755568, 730.8238775356477, 1292727, 39.25957947009523, 71581, 0, 0.0, 1, 
2019-12-04 14:44:32.159,281143296, 730.8238775356477, 1294037, 39.25957947009523, 71654, 0, 0.0, 1, 
2019-12-04 14:44:33.193,303020456, 730.8238775356477, 1295270, 39.25957947009523, 71718, 0, 0.0, 1, 
2019-12-04 14:44:34.223,328275424, 730.8238775356477, 1296583, 39.25957947009523, 71786, 0, 0.0, 1, 
2019-12-04 14:44:35.245,356438640, 773.502259864175, 1298085, 41.41361656369596, 71867, 0, 0.0, 1, 
2019-12-04 14:44:36.268,98454288, 773.502259864175, 1299486, 41.41361656369596, 71944, 0, 0.0, 1, 
2019-12-04 14:44:37.291,121814840, 773.502259864175, 1300776, 41.41361656369596, 72017, 0, 0.0, 1, 
2019-12-04 14:44:38.316,145140416, 773.502259864175, 1302055, 41.41361656369596, 72085, 0, 0.0, 1, 
2019-12-04 14:44:39.351,171634624, 773.502259864175, 1303474, 41.41361656369596, 72159, 0, 0.0, 1, 
2019-12-04 14:44:40.375,196909624, 819.0207939269383, 1304838, 43.89115098986589, 72237, 0, 0.0, 1, 
2019-12-04 14:44:41.407,221100536, 819.0207939269383, 1306148, 43.89115098986589, 72292, 0, 0.0, 1, 
2019-12-04 14:44:42.429,244530552, 819.0207939269383, 1307465, 43.89115098986589, 72352, 0, 0.0, 1, 
2019-12-04 14:44:43.453,269142216, 819.0207939269383, 1308676, 43.89115098986589, 72418, 0, 0.0, 1, 
2019-12-04 14:44:44.475,293735424, 855.2070292751062, 1310016, 45.56293025189825, 72489, 0, 0.0, 1, 
2019-12-04 14:44:45.498,319149408, 855.2070292751062, 1311423, 45.56293025189825, 72556, 0, 0.0, 1, 
2019-12-04 14:44:46.531,343634728, 855.2070292751062, 1312810, 45.56293025189825, 72637, 0, 0.0, 1, 
2019-12-04 14:44:47.555,368819864, 855.2070292751062, 1314145, 45.56293025189825, 72710, 0, 0.0, 1, 
2019-12-04 14:44:48.578,113306848, 855.2070292751062, 1315573, 45.56293025189825, 72795, 0, 0.0, 1, 
2019-12-04 14:44:49.606,137663776, 895.3761533355282, 1316911, 47.80465057568622, 72865, 0, 0.0, 1, 
2019-12-04 14:44:50.634,162619368, 895.3761533355282, 1318302, 47.80465057568622, 72939, 0, 0.0, 1, 
2019-12-04 14:44:51.658,189361480, 895.3761533355282, 1319673, 47.80465057568622, 73005, 0, 0.0, 1, 
2019-12-04 14:44:52.681,215149960, 895.3761533355282, 1321067, 47.80465057568622, 73076, 0, 0.0, 1, 
2019-12-04 14:44:53.705,240292016, 895.3761533355282, 1322479, 47.80465057568622, 73160, 0, 0.0, 1, 
2019-12-04 14:44:54.733,266793856, 932.4774516215392, 1323977, 49.61127496556221, 73231, 0, 0.0, 1, 
2019-12-04 14:44:55.773,293763472, 932.4774516215392, 1325374, 49.61127496556221, 73304, 0, 0.0, 1, 
2019-12-04 14:44:56.798,317127864, 932.4774516215392, 1326738, 49.61127496556221, 73378, 0, 0.0, 1, 
2019-12-04 14:44:57.828,343826256, 932.4774516215392, 1328182, 49.61127496556221, 73458, 0, 0.0, 1, 
2019-12-04 14:44:58.855,368972192, 932.4774516215392, 1329476, 49.61127496556221, 73542, 0, 0.0, 1, 
2019-12-04 14:44:59.878,109513552, 965.8127380313734, 1330892, 51.481334166764476, 73607, 0, 0.0, 1, 
2019-12-04 14:45:00.902,134915128, 965.8127380313734, 1332339, 51.481334166764476, 73673, 0, 0.0, 1, 
2019-12-04 14:45:01.926,160889976, 965.8127380313734, 1333799, 51.481334166764476, 73747, 0, 0.0, 1, 
2019-12-04 14:45:02.949,184814520, 965.8127380313734, 1335138, 51.481334166764476, 73821, 0, 0.0, 1, 
2019-12-04 14:45:03.973,212136120, 965.8127380313734, 1336565, 51.481334166764476, 73893, 0, 0.0, 1, 
2019-12-04 14:45:04.997,238241400, 1000.3525324347509, 1337975, 53.00997828496718, 73963, 0, 0.0, 1, 
2019-12-04 14:45:06.019,265614768, 1000.3525324347509, 1339430, 53.00997828496718, 74040, 0, 0.0, 1, 
2019-12-04 14:45:07.045,292131592, 1000.3525324347509, 1340886, 53.00997828496718, 74123, 0, 0.0, 1, 
2019-12-04 14:45:08.097,320302360, 1000.3525324347509, 1342426, 53.00997828496718, 74204, 0, 0.0, 1, 
2019-12-04 14:45:09.133,347315952, 1000.3525324347509, 1343875, 53.00997828496718, 74294, 0, 0.0, 1, 
2019-12-04 14:45:10.159,372597456, 1032.5784286360993, 1345276, 54.92811451424788, 74362, 0, 0.0, 1, 
2019-12-04 14:45:11.185,114451992, 1032.5784286360993, 1346677, 54.92811451424788, 74432, 0, 0.0, 1, 
2019-12-04 14:45:12.217,138943224, 1032.5784286360993, 1348110, 54.92811451424788, 74489, 0, 0.0, 1, 
2019-12-04 14:45:13.242,165828928, 1032.5784286360993, 1349531, 54.92811451424788, 74560, 0, 0.0, 1, 
2019-12-04 14:45:14.269,191646168, 1032.5784286360993, 1350968, 54.92811451424788, 74631, 0, 0.0, 1, 
2019-12-04 14:45:15.293,215768112, 1060.5486171497898, 1352251, 55.797382482344155, 74689, 0, 0.0, 1, 
2019-12-04 14:45:16.325,241857384, 1060.5486171497898, 1353657, 55.797382482344155, 74769, 0, 0.0, 1, 
2019-12-04 14:45:17.354,267688896, 1060.5486171497898, 1355123, 55.797382482344155, 74829, 0, 0.0, 1, 
2019-12-04 14:45:18.378,293652496, 1060.5486171497898, 1356507, 55.797382482344155, 74911, 0, 0.0, 1, 
2019-12-04 14:45:19.401,315524408, 1081.2612221066615, 1357746, 56.72507655780039, 74976, 0, 0.0, 1, 
2019-12-04 14:45:20.431,339596344, 1081.2612221066615, 1359025, 56.72507655780039, 75039, 0, 0.0, 1, 
2019-12-04 14:45:21.457,368430048, 1081.2612221066615, 1360539, 56.72507655780039, 75120, 0, 0.0, 1, 
2019-12-04 14:45:22.485,110855816, 1081.2612221066615, 1362003, 56.72507655780039, 75195, 0, 0.0, 1, 
2019-12-04 14:45:23.515,135791992, 1081.2612221066615, 1363303, 56.72507655780039, 75268, 0, 0.0, 1, 
2019-12-04 14:45:24.54,158185144, 1101.6290102097341, 1364585, 57.946392003113736, 75344, 0, 0.0, 1, 
2019-12-04 14:45:25.566,183289832, 1101.6290102097341, 1365907, 57.946392003113736, 75411, 0, 0.0, 1, 
2019-12-04 14:45:26.595,208455392, 1101.6290102097341, 1367285, 57.946392003113736, 75480, 0, 0.0, 1, 
2019-12-04 14:45:27.618,233436600, 1101.6290102097341, 1368639, 57.946392003113736, 75550, 0, 0.0, 1, 
2019-12-04 14:45:28.645,259679456, 1101.6290102097341, 1369982, 57.946392003113736, 75628, 0, 0.0, 1, 
2019-12-04 14:45:29.669,283977344, 1118.5293014287943, 1371362, 58.65428741314728, 75688, 0, 0.0, 1, 
2019-12-04 14:45:30.693,311914344, 1118.5293014287943, 1372846, 58.65428741314728, 75751, 0, 0.0, 1, 
2019-12-04 14:45:31.722,337051840, 1118.5293014287943, 1374223, 58.65428741314728, 75832, 0, 0.0, 1, 
2019-12-04 14:45:32.761,364720736, 1118.5293014287943, 1375687, 58.65428741314728, 75916, 0, 0.0, 1, 
2019-12-04 14:45:33.789,106413256, 1118.5293014287943, 1377296, 58.65428741314728, 75988, 0, 0.0, 1, 
2019-12-04 14:45:34.815,135792392, 1144.4725460686873, 1378880, 59.769325026440306, 76066, 0, 0.0, 1, 
2019-12-04 14:45:35.844,164868656, 1144.4725460686873, 1380327, 59.769325026440306, 76122, 0, 0.0, 1, 
2019-12-04 14:45:36.868,188877976, 1144.4725460686873, 1381695, 59.769325026440306, 76171, 0, 0.0, 1, 
2019-12-04 14:45:37.89,215587704, 1144.4725460686873, 1383188, 59.769325026440306, 76232, 0, 0.0, 1, 
2019-12-04 14:45:38.914,244774552, 1144.4725460686873, 1384720, 59.769325026440306, 76329, 0, 0.0, 1, 
2019-12-04 14:45:39.936,271083744, 1167.861749884759, 1386179, 60.41142234487291, 76412, 0, 0.0, 1, 
2019-12-04 14:45:41.024,297377064, 1167.861749884759, 1387608, 60.41142234487291, 76506, 0, 0.0, 1, 
2019-12-04 14:45:42.055,324547976, 1167.861749884759, 1389031, 60.41142234487291, 76566, 0, 0.0, 1, 
2019-12-04 14:45:43.079,351020080, 1167.861749884759, 1390383, 60.41142234487291, 76645, 0, 0.0, 1, 
2019-12-04 14:45:44.109,93229928, 1167.861749884759, 1391717, 60.41142234487291, 76720, 0, 0.0, 1, 
2019-12-04 14:45:45.161,118823000, 1181.4012887983693, 1393101, 61.449931674421094, 76792, 0, 0.0, 1, 
2019-12-04 14:45:46.184,144798168, 1181.4012887983693, 1394497, 61.449931674421094, 76865, 0, 0.0, 1, 
2019-12-04 14:45:47.209,169865312, 1181.4012887983693, 1395865, 61.449931674421094, 76937, 0, 0.0, 1, 
2019-12-04 14:45:48.234,195984768, 1181.4012887983693, 1397294, 61.449931674421094, 77008, 0, 0.0, 1, 
2019-12-04 14:45:49.263,223540576, 1181.4012887983693, 1398727, 61.449931674421094, 77093, 0, 0.0, 1, 
2019-12-04 14:45:50.288,250075752, 1196.4808091526509, 1400149, 62.32545079724165, 77161, 0, 0.0, 1, 
2019-12-04 14:45:51.313,278623688, 1196.4808091526509, 1401705, 62.32545079724165, 77243, 0, 0.0, 1, 
2019-12-04 14:45:52.337,303806304, 1196.4808091526509, 1403137, 62.32545079724165, 77317, 0, 0.0, 1, 
2019-12-04 14:45:53.365,331975408, 1196.4808091526509, 1404647, 62.32545079724165, 77384, 0, 0.0, 1, 
2019-12-04 14:45:54.39,359631512, 1217.4706847278871, 1406201, 63.242905095612834, 77469, 0, 0.0, 1, 
2019-12-04 14:45:55.416,118925584, 1217.4706847278871, 1407701, 63.242905095612834, 77539, 0, 0.0, 1, 
2019-12-04 14:45:56.442,146133624, 1217.4706847278871, 1409136, 63.242905095612834, 77607, 0, 0.0, 1, 
2019-12-04 14:45:57.469,172711608, 1217.4706847278871, 1410584, 63.242905095612834, 77684, 0, 0.0, 1, 
2019-12-04 14:45:58.494,199830112, 1217.4706847278871, 1412057, 63.242905095612834, 77772, 0, 0.0, 1, 
2019-12-04 14:45:59.517,226607632, 1234.5435461242687, 1413559, 64.02303933021035, 77840, 0, 0.0, 1, 
2019-12-04 14:46:00.54,253108072, 1234.5435461242687, 1415047, 64.02303933021035, 77911, 0, 0.0, 1, 
2019-12-04 14:46:01.569,280342320, 1234.5435461242687, 1416557, 64.02303933021035, 77992, 0, 0.0, 1, 
2019-12-04 14:46:02.593,306269464, 1234.5435461242687, 1417967, 64.02303933021035, 78064, 0, 0.0, 1, 
2019-12-04 14:46:03.617,330259736, 1234.5435461242687, 1419306, 64.02303933021035, 78121, 0, 0.0, 1, 
2019-12-04 14:46:04.643,356148344, 1246.573379966699, 1420627, 64.30903731441127, 78192, 0, 0.0, 1, 
2019-12-04 14:46:05.666,97029000, 1246.573379966699, 1422071, 64.30903731441127, 78264, 0, 0.0, 1, 
2019-12-04 14:46:06.7,123013400, 1246.573379966699, 1423445, 64.30903731441127, 78333, 0, 0.0, 1, 
2019-12-04 14:46:07.725,149199192, 1246.573379966699, 1424932, 64.30903731441127, 78423, 0, 0.0, 1, 
2019-12-04 14:46:08.755,176370304, 1246.573379966699, 1426396, 64.30903731441127, 78501, 0, 0.0, 1, 
2019-12-04 14:46:09.78,202521024, 1259.096553056092, 1427885, 65.1318572599653, 78564, 0, 0.0, 1, 
2019-12-04 14:46:10.804,228266432, 1259.096553056092, 1429222, 65.1318572599653, 78628, 0, 0.0, 1, 
2019-12-04 14:46:11.826,253192288, 1259.096553056092, 1430568, 65.1318572599653, 78698, 0, 0.0, 1, 
2019-12-04 14:46:12.856,278850056, 1259.096553056092, 1431906, 65.1318572599653, 78774, 0, 0.0, 1, 
2019-12-04 14:46:13.88,301822560, 1259.096553056092, 1433220, 65.1318572599653, 78835, 0, 0.0, 1, 
2019-12-04 14:46:14.906,325987960, 1264.6377507246978, 1434553, 64.99338559896633, 78898, 0, 0.0, 1, 
2019-12-04 14:46:15.927,351165216, 1264.6377507246978, 1435876, 64.99338559896633, 78962, 0, 0.0, 1, 
2019-12-04 14:46:16.963,376222832, 1264.6377507246978, 1437245, 64.99338559896633, 79025, 0, 0.0, 1, 
2019-12-04 14:46:17.995,117711600, 1264.6377507246978, 1438610, 64.99338559896633, 79088, 0, 0.0, 1, 
2019-12-04 14:46:19.02,145486032, 1264.6377507246978, 1440066, 64.99338559896633, 79173, 0, 0.0, 1, 
2019-12-04 14:46:20.047,170576408, 1269.5280141680919, 1441471, 65.26576344753315, 79247, 0, 0.0, 1, 
2019-12-04 14:46:21.072,197364112, 1269.5280141680919, 1442972, 65.26576344753315, 79340, 0, 0.0, 1, 
2019-12-04 14:46:22.096,223682448, 1269.5280141680919, 1444413, 65.26576344753315, 79419, 0, 0.0, 1, 
2019-12-04 14:46:23.121,249801864, 1269.5280141680919, 1445768, 65.26576344753315, 79481, 0, 0.0, 1, 
2019-12-04 14:46:24.146,274632912, 1269.5280141680919, 1447164, 65.26576344753315, 79559, 0, 0.0, 1, 
2019-12-04 14:46:25.175,298698848, 1278.4248309306397, 1448536, 66.01208779507401, 79636, 0, 0.0, 1, 
2019-12-04 14:46:26.227,327000712, 1278.4248309306397, 1449998, 66.01208779507401, 79714, 0, 0.0, 1, 
2019-12-04 14:46:27.249,353196736, 1278.4248309306397, 1451415, 66.01208779507401, 79790, 0, 0.0, 1, 
2019-12-04 14:46:28.273,97836296, 1278.4248309306397, 1452848, 66.01208779507401, 79860, 0, 0.0, 1, 
2019-12-04 14:46:29.297,122495992, 1278.4248309306397, 1454263, 66.01208779507401, 79925, 0, 0.0, 1, 
2019-12-04 14:46:30.321,149053184, 1286.7542175546698, 1455702, 66.44288146934467, 80005, 0, 0.0, 1, 
2019-12-04 14:46:31.345,174544936, 1286.7542175546698, 1457100, 66.44288146934467, 80075, 0, 0.0, 1, 
2019-12-04 14:46:32.37,198306080, 1286.7542175546698, 1458376, 66.44288146934467, 80147, 0, 0.0, 1, 
2019-12-04 14:46:33.396,224472744, 1286.7542175546698, 1459784, 66.44288146934467, 80224, 0, 0.0, 1, 
2019-12-04 14:46:34.428,250054400, 1292.4027424440555, 1461229, 66.74328408077025, 80287, 0, 0.0, 1, 
2019-12-04 14:46:35.452,277287184, 1292.4027424440555, 1462689, 66.74328408077025, 80366, 0, 0.0, 1, 
2019-12-04 14:46:36.475,302467616, 1292.4027424440555, 1464089, 66.74328408077025, 80425, 0, 0.0, 1, 
2019-12-04 14:46:37.5,330130296, 1292.4027424440555, 1465602, 66.74328408077025, 80503, 0, 0.0, 1, 
2019-12-04 14:46:38.525,357718464, 1292.4027424440555, 1467087, 66.74328408077025, 80588, 0, 0.0, 1, 
2019-12-04 14:46:39.548,94802488, 1302.9246782051168, 1468499, 67.22755234751615, 80658, 0, 0.0, 1, 
2019-12-04 14:46:40.572,123284080, 1302.9246782051168, 1469997, 67.22755234751615, 80748, 0, 0.0, 1, 
2019-12-04 14:46:41.598,150239864, 1302.9246782051168, 1471462, 67.22755234751615, 80822, 0, 0.0, 1, 
2019-12-04 14:46:42.625,176940608, 1302.9246782051168, 1472922, 67.22755234751615, 80880, 0, 0.0, 1, 
2019-12-04 14:46:43.65,202659184, 1302.9246782051168, 1474345, 67.22755234751615, 80954, 0, 0.0, 1, 
2019-12-04 14:46:44.676,229702792, 1312.3334774429095, 1475838, 67.57715395907314, 81022, 0, 0.0, 1, 
2019-12-04 14:46:45.702,255341720, 1312.3334774429095, 1477292, 67.57715395907314, 81090, 0, 0.0, 1, 
2019-12-04 14:46:46.728,281866600, 1312.3334774429095, 1478701, 67.57715395907314, 81168, 0, 0.0, 1, 
2019-12-04 14:46:47.754,306722248, 1312.3334774429095, 1480110, 67.57715395907314, 81227, 0, 0.0, 1, 
2019-12-04 14:46:48.786,335060000, 1312.3334774429095, 1481620, 67.57715395907314, 81300, 0, 0.0, 1, 
2019-12-04 14:46:49.812,361116488, 1320.87805281049, 1483117, 67.65893621301953, 81375, 0, 0.0, 1, 
2019-12-04 14:46:50.844,104410904, 1320.87805281049, 1484521, 67.65893621301953, 81448, 0, 0.0, 1, 
2019-12-04 14:46:51.872,130207944, 1320.87805281049, 1485879, 67.65893621301953, 81524, 0, 0.0, 1, 
2019-12-04 14:46:52.899,156055096, 1320.87805281049, 1487324, 67.65893621301953, 81597, 0, 0.0, 1, 
2019-12-04 14:46:53.926,180668144, 1320.87805281049, 1488711, 67.65893621301953, 81660, 0, 0.0, 1, 
2019-12-04 14:46:54.949,208610752, 1325.4452715355403, 1490169, 67.91008180679418, 81756, 0, 0.0, 1, 
2019-12-04 14:46:55.982,235582232, 1325.4452715355403, 1491591, 67.91008180679418, 81843, 0, 0.0, 1, 
2019-12-04 14:46:57.006,260582720, 1325.4452715355403, 1492934, 67.91008180679418, 81926, 0, 0.0, 1, 
2019-12-04 14:46:58.029,285012456, 1325.4452715355403, 1494313, 67.91008180679418, 81996, 0, 0.0, 1, 
2019-12-04 14:46:59.052,311024224, 1325.4452715355403, 1495783, 67.91008180679418, 82069, 0, 0.0, 1, 
2019-12-04 14:47:00.075,338444960, 1329.5513689114684, 1497298, 68.66885377105179, 82134, 0, 0.0, 1, 
2019-12-04 14:47:01.104,365826240, 1329.5513689114684, 1498779, 68.66885377105179, 82213, 0, 0.0, 1, 
2019-12-04 14:47:02.134,109963440, 1329.5513689114684, 1500211, 68.66885377105179, 82298, 0, 0.0, 1, 
2019-12-04 14:47:03.157,136556824, 1329.5513689114684, 1501651, 68.66885377105179, 82375, 0, 0.0, 1, 
2019-12-04 14:47:04.182,163525840, 1329.5513689114684, 1503171, 68.66885377105179, 82451, 0, 0.0, 1, 
2019-12-04 14:47:05.208,186572384, 1338.1584782245038, 1504453, 69.1750642738547, 82515, 0, 0.0, 1, 
2019-12-04 14:47:06.232,210592448, 1338.1584782245038, 1505747, 69.1750642738547, 82576, 0, 0.0, 1, 
2019-12-04 14:47:07.261,234422848, 1338.1584782245038, 1507050, 69.1750642738547, 82637, 0, 0.0, 1, 
2019-12-04 14:47:08.286,261072240, 1338.1584782245038, 1508455, 69.1750642738547, 82712, 0, 0.0, 1, 
2019-12-04 14:47:09.312,285161488, 1338.1584782245038, 1509810, 69.1750642738547, 82792, 0, 0.0, 1, 
2019-12-04 14:47:10.336,310294128, 1334.5637967806888, 1511117, 68.93719126832326, 82859, 0, 0.0, 1, 
2019-12-04 14:47:11.359,336787328, 1334.5637967806888, 1512528, 68.93719126832326, 82940, 0, 0.0, 1, 
2019-12-04 14:47:12.384,362737952, 1334.5637967806888, 1513942, 68.93719126832326, 83018, 0, 0.0, 1, 
2019-12-04 14:47:13.408,103476792, 1334.5637967806888, 1515379, 68.93719126832326, 83094, 0, 0.0, 1, 
2019-12-04 14:47:14.444,129456608, 1338.0047816012202, 1516872, 68.97419541137914, 83148, 0, 0.0, 1, 
2019-12-04 14:47:15.468,157311144, 1338.0047816012202, 1518320, 68.97419541137914, 83227, 0, 0.0, 1, 
2019-12-04 14:47:16.494,180450664, 1338.0047816012202, 1519649, 68.97419541137914, 83298, 0, 0.0, 1, 
2019-12-04 14:47:17.517,208727496, 1338.0047816012202, 1521115, 68.97419541137914, 83385, 0, 0.0, 1, 
2019-12-04 14:47:18.541,233942904, 1338.0047816012202, 1522531, 68.97419541137914, 83460, 0, 0.0, 1, 
2019-12-04 14:47:19.567,259668840, 1340.7228891880986, 1523898, 69.45599214459163, 83529, 0, 0.0, 1, 
2019-12-04 14:47:20.59,288905088, 1340.7228891880986, 1525244, 69.45599214459163, 83591, 0, 0.0, 1, 
2019-12-04 14:47:21.613,314435272, 1340.7228891880986, 1525999, 69.45599214459163, 83634, 0, 0.0, 1, 
2019-12-04 14:47:22.638,334541120, 1340.7228891880986, 1527399, 69.45599214459163, 83703, 0, 0.0, 1, 
2019-12-04 14:47:23.666,355952296, 1340.7228891880986, 1528724, 69.45599214459163, 83768, 0, 0.0, 1, 
2019-12-04 14:47:24.69,99956904, 1329.4553170909371, 1530025, 68.7958794598551, 83840, 0, 0.0, 1, 
2019-12-04 14:47:25.715,119482656, 1329.4553170909371, 1531363, 68.7958794598551, 83900, 0, 0.0, 1, 
2019-12-04 14:47:26.737,140546376, 1329.4553170909371, 1532744, 68.7958794598551, 83971, 0, 0.0, 1, 
2019-12-04 14:47:27.76,160999000, 1329.4553170909371, 1534015, 68.7958794598551, 84042, 0, 0.0, 1, 
2019-12-04 14:47:28.783,182714592, 1329.4553170909371, 1535302, 68.7958794598551, 84114, 0, 0.0, 1, 
2019-12-04 14:47:29.814,203193624, 1325.405141560794, 1536633, 68.62030663223895, 84183, 0, 0.0, 1, 
2019-12-04 14:47:30.838,224937448, 1325.405141560794, 1537901, 68.62030663223895, 84256, 0, 0.0, 1, 
2019-12-04 14:47:31.868,244328656, 1325.405141560794, 1539083, 68.62030663223895, 84307, 0, 0.0, 1, 
2019-12-04 14:47:32.895,262477920, 1325.405141560794, 1540426, 68.62030663223895, 84394, 0, 0.0, 1, 
2019-12-04 14:47:33.921,280305680, 1325.405141560794, 1541697, 68.62030663223895, 84463, 0, 0.0, 1, 
2019-12-04 14:47:34.946,298436720, 1319.8718039566402, 1543014, 68.52273630112656, 84533, 0, 0.0, 1, 
2019-12-04 14:47:35.974,315202416, 1319.8718039566402, 1544332, 68.52273630112656, 84596, 0, 0.0, 1, 
2019-12-04 14:47:37.003,334174328, 1319.8718039566402, 1545684, 68.52273630112656, 84666, 0, 0.0, 1, 
2019-12-04 14:47:38.028,351761032, 1319.8718039566402, 1547020, 68.52273630112656, 84739, 0, 0.0, 1, 
2019-12-04 14:47:39.053,370656152, 1319.8718039566402, 1548391, 68.52273630112656, 84800, 0, 0.0, 1, 
2019-12-04 14:47:40.077,101019752, 1318.314924473064, 1549680, 68.38499391173067, 84869, 0, 0.0, 1, 
2019-12-04 14:47:41.099,118554872, 1318.314924473064, 1550934, 68.38499391173067, 84919, 0, 0.0, 1, 
2019-12-04 14:47:42.131,136070184, 1318.314924473064, 1552117, 68.38499391173067, 84980, 0, 0.0, 1, 
2019-12-04 14:47:43.171,152825176, 1318.314924473064, 1553355, 68.38499391173067, 85059, 0, 0.0, 1, 
2019-12-04 14:47:44.194,170545672, 1318.314924473064, 1554589, 68.38499391173067, 85131, 0, 0.0, 1, 
2019-12-04 14:47:45.218,187180104, 1308.295296331138, 1555792, 68.00240692252312, 85198, 0, 0.0, 1, 
2019-12-04 14:47:46.241,201396544, 1308.295296331138, 1556827, 68.00240692252312, 85249, 0, 0.0, 1, 
2019-12-04 14:47:47.264,218223320, 1308.295296331138, 1558040, 68.00240692252312, 85309, 0, 0.0, 1, 
2019-12-04 14:47:48.288,235560008, 1308.295296331138, 1559308, 68.00240692252312, 85373, 0, 0.0, 1, 
2019-12-04 14:47:49.312,252952024, 1308.295296331138, 1560629, 68.00240692252312, 85447, 0, 0.0, 1, 
2019-12-04 14:47:50.344,270788120, 1298.2772375687894, 1561765, 67.50648984632565, 85520, 0, 0.0, 1, 
2019-12-04 14:47:51.367,289186024, 1298.2772375687894, 1563074, 67.50648984632565, 85595, 0, 0.0, 1, 
2019-12-04 14:47:52.393,306950576, 1298.2772375687894, 1564411, 67.50648984632565, 85669, 0, 0.0, 1, 
2019-12-04 14:47:53.417,325582448, 1298.2772375687894, 1565763, 67.50648984632565, 85758, 0, 0.0, 1, 
2019-12-04 14:47:54.442,343814544, 1295.2007675155303, 1567078, 68.0256822517731, 85829, 0, 0.0, 1, 
2019-12-04 14:47:55.474,362428528, 1295.2007675155303, 1568450, 68.0256822517731, 85911, 0, 0.0, 1, 
2019-12-04 14:47:56.501,100442128, 1295.2007675155303, 1569790, 68.0256822517731, 85984, 0, 0.0, 1, 
2019-12-04 14:47:57.522,118023592, 1295.2007675155303, 1571136, 68.0256822517731, 86060, 0, 0.0, 1, 
2019-12-04 14:47:58.545,136089136, 1295.2007675155303, 1572481, 68.0256822517731, 86137, 0, 0.0, 1, 
2019-12-04 14:47:59.569,154592744, 1296.7358533874938, 1573867, 68.39142450500407, 86199, 0, 0.0, 1, 
2019-12-04 14:48:00.593,173189616, 1296.7358533874938, 1575186, 68.39142450500407, 86268, 0, 0.0, 1, 
2019-12-04 14:48:01.615,191159568, 1296.7358533874938, 1576553, 68.39142450500407, 86350, 0, 0.0, 1, 
2019-12-04 14:48:02.638,208909144, 1296.7358533874938, 1577881, 68.39142450500407, 86424, 0, 0.0, 1, 
2019-12-04 14:48:03.66,227720928, 1296.7358533874938, 1579240, 68.39142450500407, 86499, 0, 0.0, 1, 
2019-12-04 14:48:04.68,247333624, 1299.427489935901, 1580677, 68.69594138813488, 86571, 0, 0.0, 1, 
2019-12-04 14:48:05.704,267059248, 1299.427489935901, 1582060, 68.69594138813488, 86644, 0, 0.0, 1, 
2019-12-04 14:48:06.729,285911328, 1299.427489935901, 1583275, 68.69594138813488, 86699, 0, 0.0, 1, 
2019-12-04 14:48:07.751,303430560, 1299.427489935901, 1584397, 68.69594138813488, 86756, 0, 0.0, 1, 
2019-12-04 14:48:08.774,320377248, 1299.427489935901, 1585592, 68.69594138813488, 86810, 0, 0.0, 1, 
2019-12-04 14:48:09.798,338101584, 1293.8763743372592, 1586901, 68.04862565531987, 86878, 0, 0.0, 1, 
2019-12-04 14:48:10.822,355497376, 1293.8763743372592, 1588175, 68.04862565531987, 86945, 0, 0.0, 1, 
2019-12-04 14:48:11.846,374462400, 1293.8763743372592, 1589555, 68.04862565531987, 87009, 0, 0.0, 1, 
2019-12-04 14:48:12.867,108978784, 1293.8763743372592, 1590875, 68.04862565531987, 87074, 0, 0.0, 1, 
2019-12-04 14:48:13.89,127409632, 1293.8763743372592, 1592244, 68.04862565531987, 87139, 0, 0.0, 1, 
2019-12-04 14:48:14.911,146233560, 1295.0696015629765, 1593695, 67.80487100647271, 87216, 0, 0.0, 1, 
2019-12-04 14:48:15.934,166434616, 1295.0696015629765, 1595059, 67.80487100647271, 87290, 0, 0.0, 1, 
2019-12-04 14:48:16.956,184590528, 1295.0696015629765, 1596438, 67.80487100647271, 87356, 0, 0.0, 1, 
2019-12-04 14:48:17.979,202324184, 1295.0696015629765, 1597810, 67.80487100647271, 87421, 0, 0.0, 1, 
2019-12-04 14:48:19.001,220992256, 1295.0696015629765, 1599185, 67.80487100647271, 87497, 0, 0.0, 1, 
2019-12-04 14:48:20.025,234408080, 1298.5341089343533, 1600092, 67.78849042522471, 87538, 0, 0.0, 1, 
2019-12-04 14:48:21.049,243496592, 1298.5341089343533, 1600607, 67.78849042522471, 87556, 0, 0.0, 1, 
2019-12-04 14:48:22.077,252965352, 1298.5341089343533, 1601110, 67.78849042522471, 87580, 0, 0.0, 1, 
2019-12-04 14:48:23.102,261100008, 1298.5341089343533, 1601579, 67.78849042522471, 87608, 0, 0.0, 1, 
