Timestamp, MemoryUsed, ReadLatency1, ReadCount, WriteLatency1, WriteCount, PendingTasks, WaitingOnCommit1, SRDelay, 
2019-12-04 14:43:00.28,131601192, 77.42523391115539, 1229187, 5.429320446608428, 68942, 0, 0.0, 1, 
2019-12-04 14:43:01.34,132294808, 77.42523391115539, 1229187, 5.429320446608428, 68942, 0, 0.0, 1, 
2019-12-04 14:43:02.391,133192184, 77.42523391115539, 1229187, 5.429320446608428, 68942, 0, 0.0, 1, 
2019-12-04 14:43:03.442,134039736, 77.42523391115539, 1229187, 5.429320446608428, 68942, 0, 0.0, 1, 
2019-12-04 14:43:04.491,134892432, 77.42523391115539, 1229187, 5.429320446608428, 68942, 0, 0.0, 1, 
2019-12-04 14:43:05.549,136050000, 71.2346540113274, 1229187, 4.995215952134868, 68942, 0, 0.0, 1, 
2019-12-04 14:43:06.6,136902664, 71.2346540113274, 1229187, 4.995215952134868, 68942, 0, 0.0, 1, 
2019-12-04 14:43:07.648,137843896, 71.2346540113274, 1229187, 4.995215952134868, 68942, 0, 0.0, 1, 
2019-12-04 14:43:08.691,138399736, 71.2346540113274, 1229187, 4.995215952134868, 68942, 0, 0.0, 1, 
2019-12-04 14:43:09.758,139261984, 71.2346540113274, 1229187, 4.995215952134868, 68942, 0, 0.0, 1, 
2019-12-04 14:43:10.807,140401336, 65.53904555117408, 1229187, 4.595820536628982, 68942, 0, 0.0, 1, 
2019-12-04 14:43:11.84,141467488, 65.53904555117408, 1229187, 4.595820536628982, 68942, 0, 0.0, 1, 
2019-12-04 14:43:12.887,142327088, 65.53904555117408, 1229187, 4.595820536628982, 68942, 0, 0.0, 1, 
2019-12-04 14:43:13.929,143224856, 65.53904555117408, 1229187, 4.595820536628982, 68942, 0, 0.0, 1, 
2019-12-04 14:43:14.979,144119272, 65.53904555117408, 1229187, 4.595820536628982, 68942, 0, 0.0, 1, 
2019-12-04 14:43:16.053,144850112, 60.29883279949452, 1229187, 4.228359015364234, 68942, 0, 0.0, 1, 
2019-12-04 14:43:17.107,145717464, 60.29883279949452, 1229187, 4.228359015364234, 68942, 0, 0.0, 1, 
2019-12-04 14:43:18.149,146618296, 60.29883279949452, 1229187, 4.228359015364234, 68942, 0, 0.0, 1, 
2019-12-04 14:43:19.197,147605880, 60.29883279949452, 1229187, 4.228359015364234, 68942, 0, 0.0, 1, 
2019-12-04 14:43:20.243,148465448, 55.47760432584238, 1229187, 3.890278095133408, 68942, 0, 0.0, 1, 
2019-12-04 14:43:21.283,149618000, 55.47760432584238, 1229187, 3.890278095133408, 68942, 0, 0.0, 1, 
2019-12-04 14:43:22.322,150512088, 55.47760432584238, 1229187, 3.890278095133408, 68942, 0, 0.0, 1, 
2019-12-04 14:43:23.36,151885272, 55.47760432584238, 1229192, 3.890278095133408, 68942, 0, 0.0, 1, 
2019-12-04 14:43:24.387,157611688, 55.47760432584238, 1229367, 3.890278095133408, 68957, 0, 0.0, 1, 
2019-12-04 14:43:25.414,166662272, 57.214431187623106, 1229679, 3.9630154425615443, 68971, 0, 0.0, 1, 
2019-12-04 14:43:26.442,181934192, 57.214431187623106, 1230248, 3.9630154425615443, 69000, 0, 0.0, 1, 
2019-12-04 14:43:27.467,197255928, 57.214431187623106, 1230924, 3.9630154425615443, 69034, 0, 0.0, 1, 
2019-12-04 14:43:28.492,214340168, 57.214431187623106, 1231609, 3.9630154425615443, 69065, 0, 0.0, 1, 
2019-12-04 14:43:29.52,230547896, 57.214431187623106, 1232336, 3.9630154425615443, 69098, 0, 0.0, 1, 
2019-12-04 14:43:30.546,248079880, 104.43504605349077, 1233163, 6.108782252435347, 69136, 0, 0.0, 1, 
2019-12-04 14:43:31.574,267837632, 104.43504605349077, 1234013, 6.108782252435347, 69176, 0, 0.0, 1, 
2019-12-04 14:43:32.61,284480688, 104.43504605349077, 1234846, 6.108782252435347, 69221, 0, 0.0, 1, 
2019-12-04 14:43:33.638,302106296, 104.43504605349077, 1235607, 6.108782252435347, 69251, 0, 0.0, 1, 
2019-12-04 14:43:34.665,316941256, 104.43504605349077, 1236296, 6.108782252435347, 69292, 0, 0.0, 1, 
2019-12-04 14:43:35.69,333645104, 156.17949877767094, 1236879, 8.53073429903251, 69325, 0, 0.0, 1, 
2019-12-04 14:43:36.715,347531480, 156.17949877767094, 1237484, 8.53073429903251, 69353, 0, 0.0, 1, 
2019-12-04 14:43:37.74,362953624, 156.17949877767094, 1238083, 8.53073429903251, 69398, 0, 0.0, 1, 
2019-12-04 14:43:38.767,91040384, 156.17949877767094, 1238758, 8.53073429903251, 69434, 0, 0.0, 1, 
2019-12-04 14:43:39.791,104657992, 156.17949877767094, 1239469, 8.53073429903251, 69474, 0, 0.0, 1, 
2019-12-04 14:43:40.815,120302264, 192.68885824515408, 1240126, 10.695073283707748, 69509, 0, 0.0, 1, 
2019-12-04 14:43:41.849,136814976, 192.68885824515408, 1240908, 10.695073283707748, 69542, 0, 0.0, 1, 
2019-12-04 14:43:42.88,151289328, 192.68885824515408, 1241599, 10.695073283707748, 69574, 0, 0.0, 1, 
2019-12-04 14:43:43.908,162582880, 192.68885824515408, 1242168, 10.695073283707748, 69607, 0, 0.0, 1, 
2019-12-04 14:43:44.934,173592832, 192.68885824515408, 1242691, 10.695073283707748, 69634, 0, 0.0, 1, 
2019-12-04 14:43:45.958,188210472, 227.6383354562076, 1243314, 12.38253005351413, 69666, 0, 0.0, 1, 
2019-12-04 14:43:46.983,201295016, 227.6383354562076, 1243969, 12.38253005351413, 69714, 0, 0.0, 1, 
2019-12-04 14:43:48.008,217741432, 227.6383354562076, 1244686, 12.38253005351413, 69752, 0, 0.0, 1, 
2019-12-04 14:43:49.037,233113672, 227.6383354562076, 1245534, 12.38253005351413, 69785, 0, 0.0, 1, 
2019-12-04 14:43:50.066,251781440, 227.6383354562076, 1246467, 12.38253005351413, 69839, 0, 0.0, 1, 
2019-12-04 14:43:51.096,272210608, 269.21217471511795, 1247488, 14.65466549783902, 69902, 0, 0.0, 1, 
2019-12-04 14:43:52.122,293073000, 269.21217471511795, 1248629, 14.65466549783902, 69960, 0, 0.0, 1, 
2019-12-04 14:43:53.153,317715024, 269.21217471511795, 1249774, 14.65466549783902, 70017, 0, 0.0, 1, 
2019-12-04 14:43:54.18,340999264, 269.21217471511795, 1250899, 14.65466549783902, 70069, 0, 0.0, 1, 
2019-12-04 14:43:55.207,359690432, 333.1596784581112, 1251961, 17.688606930045434, 70111, 0, 0.0, 1, 
2019-12-04 14:43:56.231,100635160, 333.1596784581112, 1253100, 17.688606930045434, 70174, 0, 0.0, 1, 
2019-12-04 14:43:57.262,121573584, 333.1596784581112, 1254188, 17.688606930045434, 70232, 0, 0.0, 1, 
2019-12-04 14:43:58.285,143746240, 333.1596784581112, 1255411, 17.688606930045434, 70287, 0, 0.0, 1, 
2019-12-04 14:43:59.313,166004584, 333.1596784581112, 1256557, 17.688606930045434, 70339, 0, 0.0, 1, 
2019-12-04 14:44:00.337,186046784, 396.00799249194785, 1257719, 20.735825672245603, 70395, 0, 0.0, 1, 
2019-12-04 14:44:01.36,210099472, 396.00799249194785, 1258946, 20.735825672245603, 70473, 0, 0.0, 1, 
2019-12-04 14:44:02.39,233302360, 396.00799249194785, 1260184, 20.735825672245603, 70544, 0, 0.0, 1, 
2019-12-04 14:44:03.419,257621096, 396.00799249194785, 1261462, 20.735825672245603, 70605, 0, 0.0, 1, 
2019-12-04 14:44:04.445,281101944, 396.00799249194785, 1262686, 20.735825672245603, 70683, 0, 0.0, 1, 
2019-12-04 14:44:05.476,304703800, 461.44300451493746, 1263943, 24.658780451350133, 70763, 0, 0.0, 1, 
2019-12-04 14:44:06.509,326459080, 461.44300451493746, 1265112, 24.658780451350133, 70830, 0, 0.0, 1, 
2019-12-04 14:44:07.532,349190536, 461.44300451493746, 1266358, 24.658780451350133, 70879, 0, 0.0, 1, 
2019-12-04 14:44:08.556,371230640, 461.44300451493746, 1267610, 24.658780451350133, 70948, 0, 0.0, 1, 
2019-12-04 14:44:09.582,112546232, 461.44300451493746, 1268858, 24.658780451350133, 71005, 0, 0.0, 1, 
2019-12-04 14:44:10.606,137103000, 520.2708857795159, 1270120, 27.67640175296566, 71079, 0, 0.0, 1, 
2019-12-04 14:44:11.629,161006800, 520.2708857795159, 1271434, 27.67640175296566, 71141, 0, 0.0, 1, 
2019-12-04 14:44:12.675,184471144, 520.2708857795159, 1272685, 27.67640175296566, 71194, 0, 0.0, 1, 
2019-12-04 14:44:13.699,208178768, 520.2708857795159, 1274009, 27.67640175296566, 71260, 0, 0.0, 1, 
2019-12-04 14:44:14.727,231366888, 520.2708857795159, 1275202, 27.67640175296566, 71334, 0, 0.0, 1, 
2019-12-04 14:44:15.753,255151032, 577.1616126152937, 1276501, 30.548694079428312, 71409, 0, 0.0, 1, 
2019-12-04 14:44:16.775,278231568, 577.1616126152937, 1277749, 30.548694079428312, 71471, 0, 0.0, 1, 
2019-12-04 14:44:17.799,302544120, 577.1616126152937, 1279109, 30.548694079428312, 71546, 0, 0.0, 1, 
2019-12-04 14:44:18.825,330140544, 577.1616126152937, 1280468, 30.548694079428312, 71632, 0, 0.0, 1, 
2019-12-04 14:44:19.858,354643896, 577.1616126152937, 1281818, 30.548694079428312, 71702, 0, 0.0, 1, 
2019-12-04 14:44:20.881,96594360, 635.1484724119236, 1283170, 33.78300192331594, 71770, 0, 0.0, 1, 
2019-12-04 14:44:21.916,122548360, 635.1484724119236, 1284605, 33.78300192331594, 71832, 0, 0.0, 1, 
2019-12-04 14:44:22.94,146061720, 635.1484724119236, 1285938, 33.78300192331594, 71899, 0, 0.0, 1, 
2019-12-04 14:44:23.963,171470352, 635.1484724119236, 1287321, 33.78300192331594, 71971, 0, 0.0, 1, 
2019-12-04 14:44:24.99,196487696, 635.1484724119236, 1288753, 33.78300192331594, 72034, 0, 0.0, 1, 
2019-12-04 14:44:26.018,223620832, 692.3208358704248, 1290197, 36.29496639512664, 72119, 0, 0.0, 1, 
2019-12-04 14:44:27.041,248569400, 692.3208358704248, 1291576, 36.29496639512664, 72182, 0, 0.0, 1, 
2019-12-04 14:44:28.072,274037760, 692.3208358704248, 1292946, 36.29496639512664, 72254, 0, 0.0, 1, 
2019-12-04 14:44:29.096,296844952, 692.3208358704248, 1294167, 36.29496639512664, 72326, 0, 0.0, 1, 
2019-12-04 14:44:30.118,319149336, 692.3208358704248, 1295412, 36.29496639512664, 72398, 0, 0.0, 1, 
2019-12-04 14:44:31.143,343922496, 740.5403834632634, 1296748, 39.03784543816502, 72459, 0, 0.0, 1, 
2019-12-04 14:44:32.176,368209984, 740.5403834632634, 1298046, 39.03784543816502, 72524, 0, 0.0, 1, 
2019-12-04 14:44:33.212,106900608, 740.5403834632634, 1299332, 39.03784543816502, 72588, 0, 0.0, 1, 
2019-12-04 14:44:34.234,131743312, 740.5403834632634, 1300638, 39.03784543816502, 72654, 0, 0.0, 1, 
2019-12-04 14:44:35.257,159016664, 786.3437094386795, 1302173, 41.25758475730775, 72748, 0, 0.0, 1, 
2019-12-04 14:44:36.28,185800112, 786.3437094386795, 1303633, 41.25758475730775, 72830, 0, 0.0, 1, 
2019-12-04 14:44:37.305,210754528, 786.3437094386795, 1304998, 41.25758475730775, 72904, 0, 0.0, 1, 
2019-12-04 14:44:38.333,235034728, 786.3437094386795, 1306316, 41.25758475730775, 72986, 0, 0.0, 1, 
2019-12-04 14:44:39.362,261410512, 786.3437094386795, 1307762, 41.25758475730775, 73061, 0, 0.0, 1, 
2019-12-04 14:44:40.394,286941472, 832.226725069155, 1309155, 44.33926612963689, 73153, 0, 0.0, 1, 
2019-12-04 14:44:41.418,312860984, 832.226725069155, 1310506, 44.33926612963689, 73219, 0, 0.0, 1, 
2019-12-04 14:44:42.442,336711232, 832.226725069155, 1311831, 44.33926612963689, 73285, 0, 0.0, 1, 
2019-12-04 14:44:43.463,361963672, 832.226725069155, 1313124, 44.33926612963689, 73351, 0, 0.0, 1, 
2019-12-04 14:44:44.486,103752896, 832.226725069155, 1314403, 44.33926612963689, 73412, 0, 0.0, 1, 
2019-12-04 14:44:45.514,128159432, 869.4199265650454, 1315771, 45.95922496628127, 73484, 0, 0.0, 1, 
2019-12-04 14:44:46.542,154875824, 869.4199265650454, 1317162, 45.95922496628127, 73552, 0, 0.0, 1, 
2019-12-04 14:44:47.567,178801800, 869.4199265650454, 1318514, 45.95922496628127, 73625, 0, 0.0, 1, 
2019-12-04 14:44:48.593,203187904, 869.4199265650454, 1319886, 45.95922496628127, 73704, 0, 0.0, 1, 
2019-12-04 14:44:49.623,228889552, 869.4199265650454, 1321206, 45.95922496628127, 73780, 0, 0.0, 1, 
2019-12-04 14:44:50.645,252133152, 905.4463200928998, 1322540, 48.041330377608354, 73853, 0, 0.0, 1, 
2019-12-04 14:44:51.669,277201608, 905.4463200928998, 1323872, 48.041330377608354, 73929, 0, 0.0, 1, 
2019-12-04 14:44:52.693,302818696, 905.4463200928998, 1325253, 48.041330377608354, 73992, 0, 0.0, 1, 
2019-12-04 14:44:53.716,328317688, 905.4463200928998, 1326662, 48.041330377608354, 74056, 0, 0.0, 1, 
2019-12-04 14:44:54.757,353474624, 905.4463200928998, 1328108, 48.041330377608354, 74146, 0, 0.0, 1, 
2019-12-04 14:44:55.786,91540808, 940.8469497448932, 1329509, 49.82903089537625, 74209, 0, 0.0, 1, 
2019-12-04 14:44:56.809,120337504, 940.8469497448932, 1330921, 49.82903089537625, 74289, 0, 0.0, 1, 
2019-12-04 14:44:57.84,146729536, 940.8469497448932, 1332390, 49.82903089537625, 74353, 0, 0.0, 1, 
2019-12-04 14:44:58.866,170411616, 940.8469497448932, 1333769, 49.82903089537625, 74430, 0, 0.0, 1, 
2019-12-04 14:44:59.889,196649032, 940.8469497448932, 1335158, 49.82903089537625, 74513, 0, 0.0, 1, 
2019-12-04 14:45:00.913,222500056, 975.7198221892463, 1336646, 51.617714825445766, 74589, 0, 0.0, 1, 
2019-12-04 14:45:01.937,249285560, 975.7198221892463, 1338027, 51.617714825445766, 74662, 0, 0.0, 1, 
2019-12-04 14:45:02.961,274785272, 975.7198221892463, 1339402, 51.617714825445766, 74731, 0, 0.0, 1, 
2019-12-04 14:45:03.985,301023400, 975.7198221892463, 1340898, 51.617714825445766, 74818, 0, 0.0, 1, 
2019-12-04 14:45:05.007,324608552, 975.7198221892463, 1342170, 51.617714825445766, 74876, 0, 0.0, 1, 
2019-12-04 14:45:06.031,351086800, 1006.8769289134545, 1343606, 53.23140125069518, 74956, 0, 0.0, 1, 
2019-12-04 14:45:07.084,376431504, 1006.8769289134545, 1345010, 53.23140125069518, 75025, 0, 0.0, 1, 
2019-12-04 14:45:08.119,119400928, 1006.8769289134545, 1346496, 53.23140125069518, 75101, 0, 0.0, 1, 
2019-12-04 14:45:09.146,144939136, 1006.8769289134545, 1347892, 53.23140125069518, 75173, 0, 0.0, 1, 
2019-12-04 14:45:10.172,170347064, 1036.1824956140374, 1349254, 54.7800289015056, 75251, 0, 0.0, 1, 
2019-12-04 14:45:11.204,196034024, 1036.1824956140374, 1350601, 54.7800289015056, 75326, 0, 0.0, 1, 
2019-12-04 14:45:12.228,219510952, 1036.1824956140374, 1351947, 54.7800289015056, 75409, 0, 0.0, 1, 
2019-12-04 14:45:13.255,246230168, 1036.1824956140374, 1353376, 54.7800289015056, 75481, 0, 0.0, 1, 
2019-12-04 14:45:14.281,270854216, 1036.1824956140374, 1354751, 54.7800289015056, 75553, 0, 0.0, 1, 
2019-12-04 14:45:15.309,294622312, 1059.7867839888872, 1356033, 56.2687995902708, 75624, 0, 0.0, 1, 
2019-12-04 14:45:16.341,319395032, 1059.7867839888872, 1357405, 56.2687995902708, 75701, 0, 0.0, 1, 
2019-12-04 14:45:17.365,345258384, 1059.7867839888872, 1358857, 56.2687995902708, 75777, 0, 0.0, 1, 
2019-12-04 14:45:18.389,373959272, 1059.7867839888872, 1360281, 56.2687995902708, 75850, 0, 0.0, 1, 
2019-12-04 14:45:19.413,113727352, 1059.7867839888872, 1361537, 56.2687995902708, 75922, 0, 0.0, 1, 
2019-12-04 14:45:20.442,136810776, 1080.0325948986474, 1362838, 57.52659692761413, 75997, 0, 0.0, 1, 
2019-12-04 14:45:21.474,163991608, 1080.0325948986474, 1364349, 57.52659692761413, 76074, 0, 0.0, 1, 
2019-12-04 14:45:22.503,190683784, 1080.0325948986474, 1365794, 57.52659692761413, 76151, 0, 0.0, 1, 
2019-12-04 14:45:23.526,213621856, 1080.0325948986474, 1367094, 57.52659692761413, 76217, 0, 0.0, 1, 
2019-12-04 14:45:24.552,238056208, 1080.0325948986474, 1368398, 57.52659692761413, 76302, 0, 0.0, 1, 
2019-12-04 14:45:25.579,262559064, 1100.7544764825254, 1369687, 58.875719747462114, 76380, 0, 0.0, 1, 
2019-12-04 14:45:26.606,286253480, 1100.7544764825254, 1371077, 58.875719747462114, 76455, 0, 0.0, 1, 
2019-12-04 14:45:27.632,312233248, 1100.7544764825254, 1372517, 58.875719747462114, 76535, 0, 0.0, 1, 
2019-12-04 14:45:28.657,338341704, 1100.7544764825254, 1373907, 58.875719747462114, 76606, 0, 0.0, 1, 
2019-12-04 14:45:29.682,362043248, 1100.7544764825254, 1375205, 58.875719747462114, 76681, 0, 0.0, 1, 
2019-12-04 14:45:30.709,101881192, 1120.4111992261255, 1376594, 59.909088140548455, 76759, 0, 0.0, 1, 
2019-12-04 14:45:31.735,127456480, 1120.4111992261255, 1377973, 59.909088140548455, 76828, 0, 0.0, 1, 
2019-12-04 14:45:32.773,154851536, 1120.4111992261255, 1379475, 59.909088140548455, 76895, 0, 0.0, 1, 
2019-12-04 14:45:33.8,182828328, 1120.4111992261255, 1380978, 59.909088140548455, 76976, 0, 0.0, 1, 
2019-12-04 14:45:34.831,211407296, 1120.4111992261255, 1382548, 59.909088140548455, 77050, 0, 0.0, 1, 
2019-12-04 14:45:35.856,238773112, 1145.0845974308359, 1384022, 60.891815193010295, 77132, 0, 0.0, 1, 
2019-12-04 14:45:36.879,263428776, 1145.0845974308359, 1385391, 60.891815193010295, 77197, 0, 0.0, 1, 
2019-12-04 14:45:37.902,290770592, 1145.0845974308359, 1386873, 60.891815193010295, 77278, 0, 0.0, 1, 
2019-12-04 14:45:38.924,317486776, 1145.0845974308359, 1388295, 60.891815193010295, 77351, 0, 0.0, 1, 
2019-12-04 14:45:39.948,346730280, 1145.0845974308359, 1389840, 60.891815193010295, 77419, 0, 0.0, 1, 
2019-12-04 14:45:41.038,373735968, 1167.929139692672, 1391386, 62.06781671899324, 77504, 0, 0.0, 1, 
2019-12-04 14:45:42.066,117168576, 1167.929139692672, 1392764, 62.06781671899324, 77594, 0, 0.0, 1, 
2019-12-04 14:45:43.09,143969432, 1167.929139692672, 1394190, 62.06781671899324, 77671, 0, 0.0, 1, 
2019-12-04 14:45:44.127,168958384, 1167.929139692672, 1395548, 62.06781671899324, 77740, 0, 0.0, 1, 
2019-12-04 14:45:45.172,193590568, 1181.4792815318165, 1396858, 62.95789694967979, 77814, 0, 0.0, 1, 
2019-12-04 14:45:46.197,217817168, 1181.4792815318165, 1398164, 62.95789694967979, 77877, 0, 0.0, 1, 
2019-12-04 14:45:47.22,245517152, 1181.4792815318165, 1399581, 62.95789694967979, 77936, 0, 0.0, 1, 
2019-12-04 14:45:48.251,271708440, 1181.4792815318165, 1400979, 62.95789694967979, 78010, 0, 0.0, 1, 
2019-12-04 14:45:49.275,297436624, 1181.4792815318165, 1402423, 62.95789694967979, 78093, 0, 0.0, 1, 
2019-12-04 14:45:50.299,322849248, 1195.0653920435461, 1403845, 63.52095242130878, 78179, 0, 0.0, 1, 
2019-12-04 14:45:51.325,350722056, 1195.0653920435461, 1405390, 63.52095242130878, 78246, 0, 0.0, 1, 
2019-12-04 14:45:52.353,93868792, 1195.0653920435461, 1406881, 63.52095242130878, 78323, 0, 0.0, 1, 
2019-12-04 14:45:53.377,121480664, 1195.0653920435461, 1408454, 63.52095242130878, 78399, 0, 0.0, 1, 
2019-12-04 14:45:54.402,150246744, 1195.0653920435461, 1410000, 63.52095242130878, 78473, 0, 0.0, 1, 
2019-12-04 14:45:55.43,176385272, 1218.3112478102187, 1411467, 64.3108374533678, 78548, 0, 0.0, 1, 
2019-12-04 14:45:56.455,203612240, 1218.3112478102187, 1412995, 64.3108374533678, 78631, 0, 0.0, 1, 
2019-12-04 14:45:57.48,230374696, 1218.3112478102187, 1414473, 64.3108374533678, 78693, 0, 0.0, 1, 
2019-12-04 14:45:58.505,257608960, 1218.3112478102187, 1415950, 64.3108374533678, 78766, 0, 0.0, 1, 
2019-12-04 14:45:59.528,285209048, 1218.3112478102187, 1417498, 64.3108374533678, 78840, 0, 0.0, 1, 
2019-12-04 14:46:00.556,311756048, 1238.4031870886197, 1419005, 64.89364671164579, 78922, 0, 0.0, 1, 
2019-12-04 14:46:01.581,339509680, 1238.4031870886197, 1420493, 64.89364671164579, 78996, 0, 0.0, 1, 
2019-12-04 14:46:02.604,365276840, 1238.4031870886197, 1421924, 64.89364671164579, 79076, 0, 0.0, 1, 
2019-12-04 14:46:03.631,107873664, 1238.4031870886197, 1423315, 64.89364671164579, 79169, 0, 0.0, 1, 
2019-12-04 14:46:04.654,131955792, 1238.4031870886197, 1424645, 64.89364671164579, 79251, 0, 0.0, 1, 
2019-12-04 14:46:05.678,158887432, 1250.044465493054, 1426083, 66.11747514870653, 79332, 0, 0.0, 1, 
2019-12-04 14:46:06.713,183877544, 1250.044465493054, 1427474, 66.11747514870653, 79399, 0, 0.0, 1, 
2019-12-04 14:46:07.737,210219120, 1250.044465493054, 1428948, 66.11747514870653, 79492, 0, 0.0, 1, 
2019-12-04 14:46:08.766,238292480, 1250.044465493054, 1430443, 66.11747514870653, 79576, 0, 0.0, 1, 
2019-12-04 14:46:09.792,264272792, 1250.044465493054, 1431901, 66.11747514870653, 79652, 0, 0.0, 1, 
2019-12-04 14:46:10.814,289493176, 1263.3615107512828, 1433263, 66.9236293252061, 79710, 0, 0.0, 1, 
2019-12-04 14:46:11.838,314311568, 1263.3615107512828, 1434607, 66.9236293252061, 79783, 0, 0.0, 1, 
2019-12-04 14:46:12.868,337684952, 1263.3615107512828, 1435929, 66.9236293252061, 79855, 0, 0.0, 1, 
2019-12-04 14:46:13.892,363825352, 1263.3615107512828, 1437318, 66.9236293252061, 79912, 0, 0.0, 1, 
2019-12-04 14:46:14.916,104054368, 1263.3615107512828, 1438626, 66.9236293252061, 79983, 0, 0.0, 1, 
2019-12-04 14:46:15.94,146221400, 1267.538269738044, 1440043, 66.86577111891785, 80042, 0, 0.0, 1, 
2019-12-04 14:46:16.983,172652400, 1267.538269738044, 1441435, 66.86577111891785, 80125, 0, 0.0, 1, 
2019-12-04 14:46:18.006,196973008, 1267.538269738044, 1442820, 66.86577111891785, 80205, 0, 0.0, 1, 
2019-12-04 14:46:19.033,222368992, 1267.538269738044, 1444254, 66.86577111891785, 80269, 0, 0.0, 1, 
2019-12-04 14:46:20.06,247319072, 1267.538269738044, 1445660, 66.86577111891785, 80333, 0, 0.0, 1, 
2019-12-04 14:46:21.084,274092384, 1274.9950659738208, 1447068, 66.8605123506043, 80399, 0, 0.0, 1, 
2019-12-04 14:46:22.107,298887480, 1274.9950659738208, 1448450, 66.8605123506043, 80472, 0, 0.0, 1, 
2019-12-04 14:46:23.132,324854016, 1274.9950659738208, 1449910, 66.8605123506043, 80533, 0, 0.0, 1, 
2019-12-04 14:46:24.162,351217096, 1274.9950659738208, 1451346, 66.8605123506043, 80620, 0, 0.0, 1, 
2019-12-04 14:46:25.214,376600128, 1283.470752526064, 1452721, 67.17549639167228, 80692, 0, 0.0, 1, 
2019-12-04 14:46:26.238,119839920, 1283.470752526064, 1454191, 67.17549639167228, 80771, 0, 0.0, 1, 
2019-12-04 14:46:27.261,146919256, 1283.470752526064, 1455734, 67.17549639167228, 80848, 0, 0.0, 1, 
2019-12-04 14:46:28.284,171993616, 1283.470752526064, 1457105, 67.17549639167228, 80940, 0, 0.0, 1, 
2019-12-04 14:46:29.307,197536584, 1283.470752526064, 1458517, 67.17549639167228, 81008, 0, 0.0, 1, 
2019-12-04 14:46:30.332,223360896, 1291.7165118766798, 1459868, 67.8011091579111, 81073, 0, 0.0, 1, 
2019-12-04 14:46:31.357,248289248, 1291.7165118766798, 1461246, 67.8011091579111, 81150, 0, 0.0, 1, 
2019-12-04 14:46:32.383,271812000, 1291.7165118766798, 1462606, 67.8011091579111, 81223, 0, 0.0, 1, 
2019-12-04 14:46:33.414,297939512, 1291.7165118766798, 1464016, 67.8011091579111, 81306, 0, 0.0, 1, 
2019-12-04 14:46:34.44,324280208, 1291.7165118766798, 1465431, 67.8011091579111, 81380, 0, 0.0, 1, 
2019-12-04 14:46:35.462,348368288, 1296.4245756382472, 1466836, 68.31273622091338, 81460, 0, 0.0, 1, 
2019-12-04 14:46:36.487,374195656, 1296.4245756382472, 1468206, 68.31273622091338, 81524, 0, 0.0, 1, 
2019-12-04 14:46:37.512,115688096, 1296.4245756382472, 1469659, 68.31273622091338, 81611, 0, 0.0, 1, 
2019-12-04 14:46:38.535,141646200, 1296.4245756382472, 1471076, 68.31273622091338, 81692, 0, 0.0, 1, 
2019-12-04 14:46:39.559,169890992, 1296.4245756382472, 1472605, 68.31273622091338, 81781, 0, 0.0, 1, 
2019-12-04 14:46:40.584,195622624, 1305.21772506948, 1474071, 68.95935813041733, 81849, 0, 0.0, 1, 
2019-12-04 14:46:41.611,223723032, 1305.21772506948, 1475582, 68.95935813041733, 81931, 0, 0.0, 1, 
2019-12-04 14:46:42.636,247457144, 1305.21772506948, 1476953, 68.95935813041733, 82019, 0, 0.0, 1, 
2019-12-04 14:46:43.662,273650056, 1305.21772506948, 1478389, 68.95935813041733, 82088, 0, 0.0, 1, 
2019-12-04 14:46:44.689,301161592, 1305.21772506948, 1479845, 68.95935813041733, 82154, 0, 0.0, 1, 
2019-12-04 14:46:45.716,327539320, 1314.219306763912, 1481337, 69.18648331392826, 82229, 0, 0.0, 1, 
2019-12-04 14:46:46.74,352958920, 1314.219306763912, 1482737, 69.18648331392826, 82294, 0, 0.0, 1, 
2019-12-04 14:46:47.774,96041640, 1314.219306763912, 1484072, 69.18648331392826, 82364, 0, 0.0, 1, 
2019-12-04 14:46:48.797,119651264, 1314.219306763912, 1485518, 69.18648331392826, 82437, 0, 0.0, 1, 
2019-12-04 14:46:49.832,146582272, 1314.219306763912, 1487020, 69.18648331392826, 82532, 0, 0.0, 1, 
2019-12-04 14:46:50.86,173760024, 1320.470289856289, 1488460, 69.60333309240292, 82605, 0, 0.0, 1, 
2019-12-04 14:46:51.883,197828976, 1320.470289856289, 1489830, 69.60333309240292, 82681, 0, 0.0, 1, 
2019-12-04 14:46:52.912,224478112, 1320.470289856289, 1491223, 69.60333309240292, 82766, 0, 0.0, 1, 
2019-12-04 14:46:53.937,249962704, 1320.470289856289, 1492625, 69.60333309240292, 82839, 0, 0.0, 1, 
2019-12-04 14:46:54.964,276219912, 1320.470289856289, 1494086, 69.60333309240292, 82916, 0, 0.0, 1, 
2019-12-04 14:46:55.994,302146296, 1324.9261914533674, 1495509, 70.08280010527281, 82983, 0, 0.0, 1, 
2019-12-04 14:46:57.018,328390448, 1324.9261914533674, 1496965, 70.08280010527281, 83057, 0, 0.0, 1, 
2019-12-04 14:46:58.04,353056576, 1324.9261914533674, 1498362, 70.08280010527281, 83139, 0, 0.0, 1, 
2019-12-04 14:46:59.063,96528688, 1324.9261914533674, 1499777, 70.08280010527281, 83213, 0, 0.0, 1, 
2019-12-04 14:47:00.092,124041784, 1324.9261914533674, 1501241, 70.08280010527281, 83297, 0, 0.0, 1, 
2019-12-04 14:47:01.122,148886896, 1330.7848417080525, 1502667, 70.52393105246276, 83377, 0, 0.0, 1, 
2019-12-04 14:47:02.145,175069176, 1330.7848417080525, 1504091, 70.52393105246276, 83457, 0, 0.0, 1, 
2019-12-04 14:47:03.168,202217888, 1330.7848417080525, 1505509, 70.52393105246276, 83538, 0, 0.0, 1, 
2019-12-04 14:47:04.195,225860752, 1330.7848417080525, 1506947, 70.52393105246276, 83609, 0, 0.0, 1, 
2019-12-04 14:47:05.219,251456592, 1334.4000461569128, 1508278, 70.72190659458126, 83674, 0, 0.0, 1, 
2019-12-04 14:47:06.248,274719896, 1334.4000461569128, 1509580, 70.72190659458126, 83728, 0, 0.0, 1, 
2019-12-04 14:47:07.273,299964512, 1334.4000461569128, 1510904, 70.72190659458126, 83795, 0, 0.0, 1, 
2019-12-04 14:47:08.299,327043552, 1334.4000461569128, 1512327, 70.72190659458126, 83878, 0, 0.0, 1, 
2019-12-04 14:47:09.324,352526136, 1334.4000461569128, 1513773, 70.72190659458126, 83957, 0, 0.0, 1, 
2019-12-04 14:47:10.348,375817688, 1333.00881528096, 1515045, 70.4563016082648, 84016, 0, 0.0, 1, 
2019-12-04 14:47:11.371,117065248, 1333.00881528096, 1516447, 70.4563016082648, 84102, 0, 0.0, 1, 
2019-12-04 14:47:12.396,143137064, 1333.00881528096, 1517906, 70.4563016082648, 84178, 0, 0.0, 1, 
2019-12-04 14:47:13.42,168540872, 1333.00881528096, 1519306, 70.4563016082648, 84265, 0, 0.0, 1, 
2019-12-04 14:47:14.456,194061016, 1333.00881528096, 1520662, 70.4563016082648, 84340, 0, 0.0, 1, 
2019-12-04 14:47:15.479,219665736, 1335.2948401916121, 1522057, 71.0434713119617, 84417, 0, 0.0, 1, 
2019-12-04 14:47:16.505,244839240, 1335.2948401916121, 1523448, 71.0434713119617, 84494, 0, 0.0, 1, 
2019-12-04 14:47:17.529,275621912, 1335.2948401916121, 1524797, 71.0434713119617, 84571, 0, 0.0, 1, 
2019-12-04 14:47:18.552,306645600, 1335.2948401916121, 1526143, 71.0434713119617, 84655, 0, 0.0, 1, 
2019-12-04 14:47:19.578,338727104, 1335.2948401916121, 1527524, 71.0434713119617, 84725, 0, 0.0, 1, 
2019-12-04 14:47:20.601,369534264, 1335.735008466651, 1528895, 71.24788005973072, 84789, 0, 0.0, 1, 
2019-12-04 14:47:21.626,107294248, 1335.735008466651, 1529649, 71.24788005973072, 84828, 0, 0.0, 1, 
2019-12-04 14:47:22.653,143693616, 1335.735008466651, 1530987, 71.24788005973072, 84899, 0, 0.0, 1, 
2019-12-04 14:47:23.677,180549368, 1335.735008466651, 1532306, 71.24788005973072, 84962, 0, 0.0, 1, 
2019-12-04 14:47:24.702,214191120, 1335.735008466651, 1533534, 71.24788005973072, 85039, 0, 0.0, 1, 
2019-12-04 14:47:25.726,250029712, 1321.588066292134, 1534837, 70.52445151319128, 85118, 0, 0.0, 1, 
2019-12-04 14:47:26.747,287461424, 1321.588066292134, 1536163, 70.52445151319128, 85196, 0, 0.0, 1, 
2019-12-04 14:47:27.772,324765928, 1321.588066292134, 1537504, 70.52445151319128, 85266, 0, 0.0, 1, 
2019-12-04 14:47:28.802,360093256, 1321.588066292134, 1538869, 70.52445151319128, 85338, 0, 0.0, 1, 
2019-12-04 14:47:29.825,112541168, 1321.588066292134, 1540112, 70.52445151319128, 85406, 0, 0.0, 1, 
2019-12-04 14:47:30.853,148325600, 1319.0144506097965, 1541433, 70.48251868545553, 85459, 0, 0.0, 1, 
2019-12-04 14:47:31.878,180386752, 1319.0144506097965, 1542624, 70.48251868545553, 85518, 0, 0.0, 1, 
2019-12-04 14:47:32.907,218093576, 1319.0144506097965, 1543955, 70.48251868545553, 85592, 0, 0.0, 1, 
2019-12-04 14:47:33.934,255969576, 1319.0144506097965, 1545296, 70.48251868545553, 85654, 0, 0.0, 1, 
2019-12-04 14:47:34.957,291150104, 1319.0144506097965, 1546584, 70.48251868545553, 85726, 0, 0.0, 1, 
2019-12-04 14:47:35.99,327927688, 1313.5763153976252, 1547901, 69.83627617269049, 85779, 0, 0.0, 1, 
2019-12-04 14:47:37.014,365595568, 1313.5763153976252, 1549175, 69.83627617269049, 85851, 0, 0.0, 1, 
2019-12-04 14:47:38.038,121180904, 1313.5763153976252, 1550472, 69.83627617269049, 85929, 0, 0.0, 1, 
2019-12-04 14:47:39.064,157546528, 1313.5763153976252, 1551791, 69.83627617269049, 85994, 0, 0.0, 1, 
2019-12-04 14:47:40.088,195686272, 1313.5763153976252, 1553124, 69.83627617269049, 86063, 0, 0.0, 1, 
2019-12-04 14:47:41.111,228952464, 1310.731790274676, 1554313, 69.52954446565944, 86133, 0, 0.0, 1, 
2019-12-04 14:47:42.143,264508696, 1310.731790274676, 1555558, 69.52954446565944, 86205, 0, 0.0, 1, 
2019-12-04 14:47:43.182,298588720, 1310.731790274676, 1556816, 69.52954446565944, 86269, 0, 0.0, 1, 
2019-12-04 14:47:44.205,332840360, 1310.731790274676, 1557969, 69.52954446565944, 86343, 0, 0.0, 1, 
2019-12-04 14:47:45.229,367953568, 1300.6788313835614, 1559223, 69.50319554500197, 86420, 0, 0.0, 1, 
2019-12-04 14:47:46.252,114065880, 1300.6788313835614, 1560307, 69.50319554500197, 86471, 0, 0.0, 1, 
2019-12-04 14:47:47.275,148928592, 1300.6788313835614, 1561532, 69.50319554500197, 86528, 0, 0.0, 1, 
2019-12-04 14:47:48.299,181489096, 1300.6788313835614, 1562744, 69.50319554500197, 86591, 0, 0.0, 1, 
2019-12-04 14:47:49.332,218233488, 1300.6788313835614, 1564044, 69.50319554500197, 86691, 0, 0.0, 1, 
2019-12-04 14:47:50.355,253740576, 1290.1343822222877, 1565185, 69.3989977823489, 86767, 0, 0.0, 1, 
2019-12-04 14:47:51.378,284772248, 1290.1343822222877, 1566483, 69.3989977823489, 86845, 0, 0.0, 1, 
2019-12-04 14:47:52.404,321741936, 1290.1343822222877, 1567816, 69.3989977823489, 86930, 0, 0.0, 1, 
2019-12-04 14:47:53.429,359241480, 1290.1343822222877, 1569156, 69.3989977823489, 86999, 0, 0.0, 1, 
2019-12-04 14:47:54.455,116894168, 1290.1343822222877, 1570466, 69.3989977823489, 87062, 0, 0.0, 1, 
2019-12-04 14:47:55.488,154586464, 1289.4520106959276, 1571828, 69.5110157347668, 87134, 0, 0.0, 1, 
2019-12-04 14:47:56.512,191454256, 1289.4520106959276, 1573140, 69.5110157347668, 87200, 0, 0.0, 1, 
2019-12-04 14:47:57.534,229237976, 1289.4520106959276, 1574460, 69.5110157347668, 87296, 0, 0.0, 1, 
2019-12-04 14:47:58.555,266974784, 1289.4520106959276, 1575793, 69.5110157347668, 87363, 0, 0.0, 1, 
2019-12-04 14:47:59.58,303923272, 1289.4520106959276, 1577151, 69.5110157347668, 87436, 0, 0.0, 1, 
2019-12-04 14:48:00.603,341548880, 1291.19088391137, 1578514, 69.80597063111674, 87508, 0, 0.0, 1, 
2019-12-04 14:48:01.626,379970632, 1291.19088391137, 1579830, 69.80597063111674, 87584, 0, 0.0, 1, 
2019-12-04 14:48:02.648,134694064, 1291.19088391137, 1581180, 69.80597063111674, 87653, 0, 0.0, 1, 
2019-12-04 14:48:03.669,172802032, 1291.19088391137, 1582556, 69.80597063111674, 87728, 0, 0.0, 1, 
2019-12-04 14:48:04.692,210320800, 1291.19088391137, 1583889, 69.80597063111674, 87811, 0, 0.0, 1, 
2019-12-04 14:48:05.715,250244488, 1293.3344224815069, 1585304, 70.18928005559002, 87887, 0, 0.0, 1, 
2019-12-04 14:48:06.739,278804744, 1293.3344224815069, 1586459, 70.18928005559002, 87949, 0, 0.0, 1, 
2019-12-04 14:48:07.762,304344592, 1293.3344224815069, 1587595, 70.18928005559002, 88015, 0, 0.0, 1, 
2019-12-04 14:48:08.785,343825360, 1293.3344224815069, 1588834, 70.18928005559002, 88071, 0, 0.0, 1, 
2019-12-04 14:48:09.811,376678304, 1293.3344224815069, 1590207, 70.18928005559002, 88135, 0, 0.0, 1, 
2019-12-04 14:48:10.833,129265160, 1287.4869169212516, 1591514, 69.63044807742573, 88203, 0, 0.0, 1, 
2019-12-04 14:48:11.856,167494552, 1287.4869169212516, 1592865, 69.63044807742573, 88272, 0, 0.0, 1, 
2019-12-04 14:48:12.879,208133616, 1287.4869169212516, 1594194, 69.63044807742573, 88347, 0, 0.0, 1, 
2019-12-04 14:48:13.901,246799128, 1287.4869169212516, 1595538, 69.63044807742573, 88425, 0, 0.0, 1, 
2019-12-04 14:48:14.922,284642968, 1287.4869169212516, 1596901, 69.63044807742573, 88487, 0, 0.0, 1, 
2019-12-04 14:48:15.945,322842240, 1289.0470969011997, 1598225, 69.45211129575625, 88564, 0, 0.0, 1, 
2019-12-04 14:48:16.967,359562328, 1289.0470969011997, 1599566, 69.45211129575625, 88637, 0, 0.0, 1, 
2019-12-04 14:48:17.99,113235784, 1289.0470969011997, 1600855, 69.45211129575625, 88685, 0, 0.0, 1, 
2019-12-04 14:48:19.012,149591208, 1289.0470969011997, 1602162, 69.45211129575625, 88757, 0, 0.0, 1, 
2019-12-04 14:48:20.036,176789872, 1289.0470969011997, 1603066, 69.45211129575625, 88806, 0, 0.0, 1, 
2019-12-04 14:48:21.061,192403456, 1282.055213079498, 1603552, 68.8882556090049, 88840, 0, 0.0, 1, 
2019-12-04 14:48:22.09,209257088, 1282.055213079498, 1604038, 68.8882556090049, 88864, 0, 0.0, 1, 
2019-12-04 14:48:23.116,225716592, 1282.055213079498, 1604554, 68.8882556090049, 88891, 0, 0.0, 1, 
