Timestamp, MemoryUsed, ReadLatency1, ReadCount, WriteLatency1, WriteCount, PendingTasks, WaitingOnCommit1, SRDelay, 
2019-12-04 14:43:00.252,301239608, 75.55545924650357, 1185885, 5.325449410881821, 65972, 0, 0.0, 1, 
2019-12-04 14:43:01.325,302366432, 75.55545924650357, 1185885, 5.325449410881821, 65972, 0, 0.0, 1, 
2019-12-04 14:43:02.381,303198312, 75.55545924650357, 1185885, 5.325449410881821, 65972, 0, 0.0, 1, 
2019-12-04 14:43:03.429,304035376, 75.55545924650357, 1185885, 5.325449410881821, 65972, 0, 0.0, 1, 
2019-12-04 14:43:04.481,304942264, 75.55545924650357, 1185885, 5.325449410881821, 65972, 0, 0.0, 1, 
2019-12-04 14:43:05.528,305781576, 69.51437827449907, 1185885, 4.899649985872839, 65972, 0, 0.0, 1, 
2019-12-04 14:43:06.583,306869704, 69.51437827449907, 1185885, 4.899649985872839, 65972, 0, 0.0, 1, 
2019-12-04 14:43:07.641,307761448, 69.51437827449907, 1185885, 4.899649985872839, 65972, 0, 0.0, 1, 
2019-12-04 14:43:08.679,308597808, 69.51437827449907, 1185885, 4.899649985872839, 65972, 0, 0.0, 1, 
2019-12-04 14:43:09.736,309654312, 63.95631546788284, 1185885, 4.507895603140948, 65972, 0, 0.0, 1, 
2019-12-04 14:43:10.79,310777624, 63.95631546788284, 1185885, 4.507895603140948, 65972, 0, 0.0, 1, 
2019-12-04 14:43:11.832,311622136, 63.95631546788284, 1185885, 4.507895603140948, 65972, 0, 0.0, 1, 
2019-12-04 14:43:12.879,312450240, 63.95631546788284, 1185885, 4.507895603140948, 65972, 0, 0.0, 1, 
2019-12-04 14:43:13.92,313290656, 63.95631546788284, 1185885, 4.507895603140948, 65972, 0, 0.0, 1, 
2019-12-04 14:43:14.958,314450848, 58.8426508264966, 1185885, 4.147464171401914, 65972, 0, 0.0, 1, 
2019-12-04 14:43:16.026,315511736, 58.8426508264966, 1185885, 4.147464171401914, 65972, 0, 0.0, 1, 
2019-12-04 14:43:17.091,316361648, 58.8426508264966, 1185885, 4.147464171401914, 65972, 0, 0.0, 1, 
2019-12-04 14:43:18.14,317262752, 58.8426508264966, 1185885, 4.147464171401914, 65972, 0, 0.0, 1, 
2019-12-04 14:43:19.188,318103904, 58.8426508264966, 1185885, 4.147464171401914, 65972, 0, 0.0, 1, 
2019-12-04 14:43:20.235,318930776, 54.13785223490173, 1185885, 3.815851245773566, 65972, 0, 0.0, 1, 
2019-12-04 14:43:21.269,320049208, 54.13785223490173, 1185885, 3.815851245773566, 65972, 0, 0.0, 1, 
2019-12-04 14:43:22.314,320888944, 54.13785223490173, 1185885, 3.815851245773566, 65972, 0, 0.0, 1, 
2019-12-04 14:43:23.349,321718432, 54.13785223490173, 1185889, 3.815851245773566, 65972, 0, 0.0, 1, 
2019-12-04 14:43:24.381,327581864, 54.13785223490173, 1186049, 3.815851245773566, 65985, 0, 0.0, 1, 
2019-12-04 14:43:25.408,335602344, 52.927496398205356, 1186336, 3.76661049891648, 66000, 0, 0.0, 1, 
2019-12-04 14:43:26.434,348345848, 52.927496398205356, 1186878, 3.76661049891648, 66026, 0, 0.0, 1, 
2019-12-04 14:43:27.46,363798072, 52.927496398205356, 1187529, 3.76661049891648, 66057, 0, 0.0, 1, 
2019-12-04 14:43:28.486,94809576, 52.927496398205356, 1188204, 3.76661049891648, 66093, 0, 0.0, 1, 
2019-12-04 14:43:29.513,112569128, 52.927496398205356, 1188957, 3.76661049891648, 66135, 0, 0.0, 1, 
2019-12-04 14:43:30.539,128433152, 94.71808238084398, 1189687, 5.8321342785843076, 66179, 0, 0.0, 1, 
2019-12-04 14:43:31.567,146243440, 94.71808238084398, 1190467, 5.8321342785843076, 66219, 0, 0.0, 1, 
2019-12-04 14:43:32.594,163607136, 94.71808238084398, 1191243, 5.8321342785843076, 66260, 0, 0.0, 1, 
2019-12-04 14:43:33.631,180868952, 94.71808238084398, 1191984, 5.8321342785843076, 66297, 0, 0.0, 1, 
2019-12-04 14:43:34.658,194922952, 144.29709508185533, 1192616, 8.596028217355048, 66343, 0, 0.0, 1, 
2019-12-04 14:43:35.683,209387472, 144.29709508185533, 1193236, 8.596028217355048, 66377, 0, 0.0, 1, 
2019-12-04 14:43:36.709,225364504, 144.29709508185533, 1193858, 8.596028217355048, 66406, 0, 0.0, 1, 
2019-12-04 14:43:37.734,240170128, 144.29709508185533, 1194504, 8.596028217355048, 66441, 0, 0.0, 1, 
2019-12-04 14:43:38.761,255475664, 144.29709508185533, 1195162, 8.596028217355048, 66475, 0, 0.0, 1, 
2019-12-04 14:43:39.786,273470040, 183.89932878038223, 1195885, 10.435324247086955, 66505, 0, 0.0, 1, 
2019-12-04 14:43:40.809,290710312, 183.89932878038223, 1196507, 10.435324247086955, 66534, 0, 0.0, 1, 
2019-12-04 14:43:41.834,304502152, 183.89932878038223, 1197195, 10.435324247086955, 66571, 0, 0.0, 1, 
2019-12-04 14:43:42.874,320245888, 183.89932878038223, 1197963, 10.435324247086955, 66597, 0, 0.0, 1, 
2019-12-04 14:43:43.902,331434192, 183.89932878038223, 1198476, 10.435324247086955, 66618, 0, 0.0, 1, 
2019-12-04 14:43:44.928,342789712, 218.4961642380315, 1199014, 11.887691529979655, 66653, 0, 0.0, 1, 
2019-12-04 14:43:45.952,357480128, 218.4961642380315, 1199665, 11.887691529979655, 66689, 0, 0.0, 1, 
2019-12-04 14:43:46.977,371804224, 218.4961642380315, 1200304, 11.887691529979655, 66720, 0, 0.0, 1, 
2019-12-04 14:43:48.002,102437720, 218.4961642380315, 1201060, 11.887691529979655, 66760, 0, 0.0, 1, 
2019-12-04 14:43:49.027,119642600, 218.4961642380315, 1201891, 11.887691529979655, 66794, 0, 0.0, 1, 
2019-12-04 14:43:50.06,138118352, 256.7872007626421, 1202818, 13.831596385412594, 66847, 0, 0.0, 1, 
2019-12-04 14:43:51.09,157143040, 256.7872007626421, 1203806, 13.831596385412594, 66905, 0, 0.0, 1, 
2019-12-04 14:43:52.116,178560656, 256.7872007626421, 1204948, 13.831596385412594, 66963, 0, 0.0, 1, 
2019-12-04 14:43:53.148,199689784, 256.7872007626421, 1206046, 13.831596385412594, 67022, 0, 0.0, 1, 
2019-12-04 14:43:54.174,220386880, 256.7872007626421, 1207142, 13.831596385412594, 67085, 0, 0.0, 1, 
2019-12-04 14:43:55.202,240970568, 318.29006040028185, 1208149, 17.251169131786295, 67137, 0, 0.0, 1, 
2019-12-04 14:43:56.226,262665440, 318.29006040028185, 1209313, 17.251169131786295, 67190, 0, 0.0, 1, 
2019-12-04 14:43:57.256,282750136, 318.29006040028185, 1210376, 17.251169131786295, 67239, 0, 0.0, 1, 
2019-12-04 14:43:58.279,304803208, 318.29006040028185, 1211516, 17.251169131786295, 67303, 0, 0.0, 1, 
2019-12-04 14:43:59.307,325892704, 318.29006040028185, 1212626, 17.251169131786295, 67384, 0, 0.0, 1, 
2019-12-04 14:44:00.331,346334136, 379.22500673778836, 1213750, 20.541247991173293, 67428, 0, 0.0, 1, 
2019-12-04 14:44:01.354,368441288, 379.22500673778836, 1214893, 20.541247991173293, 67497, 0, 0.0, 1, 
2019-12-04 14:44:02.378,108497968, 379.22500673778836, 1216087, 20.541247991173293, 67549, 0, 0.0, 1, 
2019-12-04 14:44:03.41,131139560, 379.22500673778836, 1217281, 20.541247991173293, 67614, 0, 0.0, 1, 
2019-12-04 14:44:04.439,154673400, 379.22500673778836, 1218524, 20.541247991173293, 67681, 0, 0.0, 1, 
2019-12-04 14:44:05.468,176130224, 441.06065703511166, 1219638, 23.55227555236818, 67742, 0, 0.0, 1, 
2019-12-04 14:44:06.498,199771704, 441.06065703511166, 1220882, 23.55227555236818, 67811, 0, 0.0, 1, 
2019-12-04 14:44:07.526,221687600, 441.06065703511166, 1222047, 23.55227555236818, 67869, 0, 0.0, 1, 
2019-12-04 14:44:08.55,244450760, 441.06065703511166, 1223254, 23.55227555236818, 67927, 0, 0.0, 1, 
2019-12-04 14:44:09.575,268441656, 499.19950884791854, 1224499, 26.4185013447853, 67983, 0, 0.0, 1, 
2019-12-04 14:44:10.6,289359192, 499.19950884791854, 1225700, 26.4185013447853, 68046, 0, 0.0, 1, 
2019-12-04 14:44:11.623,312441336, 499.19950884791854, 1226968, 26.4185013447853, 68108, 0, 0.0, 1, 
2019-12-04 14:44:12.67,337367472, 499.19950884791854, 1228239, 26.4185013447853, 68177, 0, 0.0, 1, 
2019-12-04 14:44:13.694,360593528, 499.19950884791854, 1229474, 26.4185013447853, 68252, 0, 0.0, 1, 
2019-12-04 14:44:14.72,102710872, 556.2718449558597, 1230790, 29.439343185944427, 68316, 0, 0.0, 1, 
2019-12-04 14:44:15.748,126851640, 556.2718449558597, 1232058, 29.439343185944427, 68381, 0, 0.0, 1, 
2019-12-04 14:44:16.77,150019672, 556.2718449558597, 1233296, 29.439343185944427, 68455, 0, 0.0, 1, 
2019-12-04 14:44:17.793,173206312, 556.2718449558597, 1234545, 29.439343185944427, 68535, 0, 0.0, 1, 
2019-12-04 14:44:18.819,197237816, 556.2718449558597, 1235872, 29.439343185944427, 68607, 0, 0.0, 1, 
2019-12-04 14:44:19.853,221771816, 611.4834278073473, 1237183, 32.77834094697618, 68683, 0, 0.0, 1, 
2019-12-04 14:44:20.875,248761136, 611.4834278073473, 1238461, 32.77834094697618, 68751, 0, 0.0, 1, 
2019-12-04 14:44:21.904,273498976, 611.4834278073473, 1239906, 32.77834094697618, 68814, 0, 0.0, 1, 
2019-12-04 14:44:22.934,298165456, 611.4834278073473, 1241262, 32.77834094697618, 68894, 0, 0.0, 1, 
2019-12-04 14:44:23.957,321938896, 611.4834278073473, 1242538, 32.77834094697618, 68966, 0, 0.0, 1, 
2019-12-04 14:44:24.985,346937664, 666.454217789052, 1243834, 35.722438250880174, 69045, 0, 0.0, 1, 
2019-12-04 14:44:26.01,371691616, 666.454217789052, 1245184, 35.722438250880174, 69128, 0, 0.0, 1, 
2019-12-04 14:44:27.035,111912712, 666.454217789052, 1246506, 35.722438250880174, 69196, 0, 0.0, 1, 
2019-12-04 14:44:28.061,137728064, 666.454217789052, 1247895, 35.722438250880174, 69274, 0, 0.0, 1, 
2019-12-04 14:44:29.091,160052088, 666.454217789052, 1249118, 35.722438250880174, 69340, 0, 0.0, 1, 
2019-12-04 14:44:30.112,183826144, 715.7185144794018, 1250374, 38.73496975587087, 69413, 0, 0.0, 1, 
2019-12-04 14:44:31.137,208270544, 715.7185144794018, 1251572, 38.73496975587087, 69477, 0, 0.0, 1, 
2019-12-04 14:44:32.168,232620384, 715.7185144794018, 1252814, 38.73496975587087, 69568, 0, 0.0, 1, 
2019-12-04 14:44:33.203,256636424, 715.7185144794018, 1254088, 38.73496975587087, 69628, 0, 0.0, 1, 
2019-12-04 14:44:34.229,280200400, 715.7185144794018, 1255331, 38.73496975587087, 69695, 0, 0.0, 1, 
2019-12-04 14:44:35.251,306068968, 756.4703960067973, 1256805, 41.15482796530144, 69782, 0, 0.0, 1, 
2019-12-04 14:44:36.273,334261024, 756.4703960067973, 1258276, 41.15482796530144, 69851, 0, 0.0, 1, 
2019-12-04 14:44:37.3,359239656, 756.4703960067973, 1259600, 41.15482796530144, 69926, 0, 0.0, 1, 
2019-12-04 14:44:38.322,96606592, 756.4703960067973, 1260891, 41.15482796530144, 69993, 0, 0.0, 1, 
2019-12-04 14:44:39.356,122236256, 756.4703960067973, 1262273, 41.15482796530144, 70055, 0, 0.0, 1, 
2019-12-04 14:44:40.388,147755168, 804.0863140996411, 1263687, 43.42917834630537, 70131, 0, 0.0, 1, 
2019-12-04 14:44:41.413,171239440, 804.0863140996411, 1264905, 43.42917834630537, 70182, 0, 0.0, 1, 
2019-12-04 14:44:42.435,194161496, 804.0863140996411, 1266171, 43.42917834630537, 70256, 0, 0.0, 1, 
2019-12-04 14:44:43.458,218123904, 804.0863140996411, 1267365, 43.42917834630537, 70331, 0, 0.0, 1, 
2019-12-04 14:44:44.48,240570320, 804.0863140996411, 1268592, 43.42917834630537, 70399, 0, 0.0, 1, 
2019-12-04 14:44:45.504,264557280, 837.5008474902214, 1269906, 45.29780607222021, 70469, 0, 0.0, 1, 
2019-12-04 14:44:46.537,289312208, 837.5008474902214, 1271173, 45.29780607222021, 70536, 0, 0.0, 1, 
2019-12-04 14:44:47.561,313232768, 837.5008474902214, 1272487, 45.29780607222021, 70596, 0, 0.0, 1, 
2019-12-04 14:44:48.584,337632104, 837.5008474902214, 1273804, 45.29780607222021, 70662, 0, 0.0, 1, 
2019-12-04 14:44:49.618,359869352, 871.6498102404607, 1275086, 46.90508875495071, 70733, 0, 0.0, 1, 
2019-12-04 14:44:50.64,101514104, 871.6498102404607, 1276359, 46.90508875495071, 70796, 0, 0.0, 1, 
2019-12-04 14:44:51.664,127110136, 871.6498102404607, 1277691, 46.90508875495071, 70858, 0, 0.0, 1, 
2019-12-04 14:44:52.686,152121360, 871.6498102404607, 1279039, 46.90508875495071, 70927, 0, 0.0, 1, 
2019-12-04 14:44:53.71,175541016, 871.6498102404607, 1280339, 46.90508875495071, 70993, 0, 0.0, 1, 
2019-12-04 14:44:54.745,202201392, 906.7463296112543, 1281832, 48.383860209927334, 71067, 0, 0.0, 1, 
2019-12-04 14:44:55.779,226369856, 906.7463296112543, 1283187, 48.383860209927334, 71133, 0, 0.0, 1, 
2019-12-04 14:44:56.803,252243904, 906.7463296112543, 1284491, 48.383860209927334, 71195, 0, 0.0, 1, 
2019-12-04 14:44:57.834,276373096, 906.7463296112543, 1285867, 48.383860209927334, 71268, 0, 0.0, 1, 
2019-12-04 14:44:58.861,301351216, 906.7463296112543, 1287124, 48.383860209927334, 71348, 0, 0.0, 1, 
2019-12-04 14:44:59.884,326007280, 937.7893790995003, 1288454, 49.968271266629756, 71418, 0, 0.0, 1, 
2019-12-04 14:45:00.907,351384824, 937.7893790995003, 1289836, 49.968271266629756, 71501, 0, 0.0, 1, 
2019-12-04 14:45:01.932,376275800, 937.7893790995003, 1291261, 49.968271266629756, 71574, 0, 0.0, 1, 
2019-12-04 14:45:02.955,118479872, 937.7893790995003, 1292573, 49.968271266629756, 71635, 0, 0.0, 1, 
2019-12-04 14:45:03.979,143676008, 937.7893790995003, 1293993, 49.968271266629756, 71705, 0, 0.0, 1, 
2019-12-04 14:45:05.002,168012528, 969.8364269163842, 1295320, 51.53793762934471, 71774, 0, 0.0, 1, 
2019-12-04 14:45:06.025,192911632, 969.8364269163842, 1296647, 51.53793762934471, 71847, 0, 0.0, 1, 
2019-12-04 14:45:07.051,218195560, 969.8364269163842, 1297979, 51.53793762934471, 71914, 0, 0.0, 1, 
2019-12-04 14:45:08.106,244423336, 969.8364269163842, 1299436, 51.53793762934471, 71981, 0, 0.0, 1, 
2019-12-04 14:45:09.138,270949304, 969.8364269163842, 1300873, 51.53793762934471, 72043, 0, 0.0, 1, 
2019-12-04 14:45:10.165,296427000, 999.321134265667, 1302250, 52.56633135526461, 72116, 0, 0.0, 1, 
2019-12-04 14:45:11.194,322710048, 999.321134265667, 1303642, 52.56633135526461, 72188, 0, 0.0, 1, 
2019-12-04 14:45:12.222,346126432, 999.321134265667, 1304975, 52.56633135526461, 72254, 0, 0.0, 1, 
2019-12-04 14:45:13.249,371567664, 999.321134265667, 1306341, 52.56633135526461, 72319, 0, 0.0, 1, 
2019-12-04 14:45:14.274,109445784, 999.321134265667, 1307652, 52.56633135526461, 72404, 0, 0.0, 1, 
2019-12-04 14:45:15.304,131523504, 1024.8972362231636, 1308849, 54.00822388813525, 72465, 0, 0.0, 1, 
2019-12-04 14:45:16.33,156981392, 1024.8972362231636, 1310204, 54.00822388813525, 72529, 0, 0.0, 1, 
2019-12-04 14:45:17.359,183463008, 1024.8972362231636, 1311633, 54.00822388813525, 72601, 0, 0.0, 1, 
2019-12-04 14:45:18.384,207577224, 1024.8972362231636, 1313001, 54.00822388813525, 72660, 0, 0.0, 1, 
2019-12-04 14:45:19.408,230685416, 1024.8972362231636, 1314213, 54.00822388813525, 72712, 0, 0.0, 1, 
2019-12-04 14:45:20.437,254969760, 1044.9583135720611, 1315472, 54.48729985456943, 72782, 0, 0.0, 1, 
2019-12-04 14:45:21.468,280176824, 1044.9583135720611, 1316890, 54.48729985456943, 72855, 0, 0.0, 1, 
2019-12-04 14:45:22.497,306679928, 1044.9583135720611, 1318296, 54.48729985456943, 72944, 0, 0.0, 1, 
2019-12-04 14:45:23.521,329677544, 1044.9583135720611, 1319484, 54.48729985456943, 73018, 0, 0.0, 1, 
2019-12-04 14:45:24.546,351918392, 1063.9111203676594, 1320785, 55.951502514415004, 73084, 0, 0.0, 1, 
2019-12-04 14:45:25.573,377694656, 1063.9111203676594, 1322086, 55.951502514415004, 73145, 0, 0.0, 1, 
2019-12-04 14:45:26.6,118869808, 1063.9111203676594, 1323384, 55.951502514415004, 73224, 0, 0.0, 1, 
2019-12-04 14:45:27.625,144352424, 1063.9111203676594, 1324813, 55.951502514415004, 73299, 0, 0.0, 1, 
2019-12-04 14:45:28.651,168003616, 1063.9111203676594, 1326127, 55.951502514415004, 73364, 0, 0.0, 1, 
2019-12-04 14:45:29.675,192234856, 1081.3325532844242, 1327378, 56.96282053493449, 73439, 0, 0.0, 1, 
2019-12-04 14:45:30.703,216955512, 1081.3325532844242, 1328736, 56.96282053493449, 73510, 0, 0.0, 1, 
2019-12-04 14:45:31.729,242275168, 1081.3325532844242, 1330058, 56.96282053493449, 73588, 0, 0.0, 1, 
2019-12-04 14:45:32.767,270117768, 1081.3325532844242, 1331556, 56.96282053493449, 73670, 0, 0.0, 1, 
2019-12-04 14:45:33.795,297148736, 1081.3325532844242, 1333000, 56.96282053493449, 73747, 0, 0.0, 1, 
2019-12-04 14:45:34.821,323381880, 1104.0773145054698, 1334420, 58.43697601164802, 73828, 0, 0.0, 1, 
2019-12-04 14:45:35.85,348901424, 1104.0773145054698, 1335839, 58.43697601164802, 73906, 0, 0.0, 1, 
2019-12-04 14:45:36.873,374157104, 1104.0773145054698, 1337116, 58.43697601164802, 73971, 0, 0.0, 1, 
2019-12-04 14:45:37.896,117525096, 1104.0773145054698, 1338545, 58.43697601164802, 74052, 0, 0.0, 1, 
2019-12-04 14:45:38.919,143173416, 1104.0773145054698, 1340004, 58.43697601164802, 74128, 0, 0.0, 1, 
2019-12-04 14:45:39.942,170533424, 1125.179407316786, 1341454, 59.745291173071124, 74212, 0, 0.0, 1, 
2019-12-04 14:45:41.033,198066032, 1125.179407316786, 1342865, 59.745291173071124, 74296, 0, 0.0, 1, 
2019-12-04 14:45:42.06,222046944, 1125.179407316786, 1344218, 59.745291173071124, 74363, 0, 0.0, 1, 
2019-12-04 14:45:43.085,245330280, 1125.179407316786, 1345480, 59.745291173071124, 74432, 0, 0.0, 1, 
2019-12-04 14:45:44.118,271893464, 1125.179407316786, 1346807, 59.745291173071124, 74494, 0, 0.0, 1, 
2019-12-04 14:45:45.166,295579312, 1138.8694500322865, 1348135, 60.581203537208204, 74565, 0, 0.0, 1, 
2019-12-04 14:45:46.192,319659648, 1138.8694500322865, 1349409, 60.581203537208204, 74647, 0, 0.0, 1, 
2019-12-04 14:45:47.215,345251688, 1138.8694500322865, 1350744, 60.581203537208204, 74720, 0, 0.0, 1, 
2019-12-04 14:45:48.241,370199608, 1138.8694500322865, 1352067, 60.581203537208204, 74808, 0, 0.0, 1, 
2019-12-04 14:45:49.269,109647984, 1138.8694500322865, 1353473, 60.581203537208204, 74871, 0, 0.0, 1, 
2019-12-04 14:45:50.293,135473104, 1151.7527374760543, 1354877, 61.4782089755452, 74948, 0, 0.0, 1, 
2019-12-04 14:45:51.318,163021960, 1151.7527374760543, 1356299, 61.4782089755452, 75034, 0, 0.0, 1, 
2019-12-04 14:45:52.342,187709712, 1151.7527374760543, 1357680, 61.4782089755452, 75105, 0, 0.0, 1, 
2019-12-04 14:45:53.37,214143544, 1151.7527374760543, 1359085, 61.4782089755452, 75208, 0, 0.0, 1, 
2019-12-04 14:45:54.396,240174736, 1151.7527374760543, 1360541, 61.4782089755452, 75298, 0, 0.0, 1, 
2019-12-04 14:45:55.422,267106368, 1170.3062121848193, 1362000, 63.27895196050154, 75375, 0, 0.0, 1, 
2019-12-04 14:45:56.449,294357512, 1170.3062121848193, 1363476, 63.27895196050154, 75445, 0, 0.0, 1, 
2019-12-04 14:45:57.475,319407680, 1170.3062121848193, 1364924, 63.27895196050154, 75521, 0, 0.0, 1, 
2019-12-04 14:45:58.5,346654960, 1170.3062121848193, 1366335, 63.27895196050154, 75595, 0, 0.0, 1, 
2019-12-04 14:45:59.522,374438352, 1189.1832291919625, 1367778, 63.27895196050154, 75674, 0, 0.0, 1, 
2019-12-04 14:46:00.546,115207880, 1189.1832291919625, 1369126, 64.07219516399023, 75750, 0, 0.0, 1, 
2019-12-04 14:46:01.576,141938672, 1189.1832291919625, 1370564, 64.07219516399023, 75813, 0, 0.0, 1, 
2019-12-04 14:46:02.598,166280920, 1189.1832291919625, 1371903, 64.07219516399023, 75892, 0, 0.0, 1, 
2019-12-04 14:46:03.624,191934968, 1189.1832291919625, 1373232, 64.07219516399023, 75962, 0, 0.0, 1, 
2019-12-04 14:46:04.649,214877528, 1198.8272137074398, 1374492, 64.61012073791306, 76036, 0, 0.0, 1, 
2019-12-04 14:46:05.671,241914000, 1198.8272137074398, 1375876, 64.61012073791306, 76107, 0, 0.0, 1, 
2019-12-04 14:46:06.708,283565320, 1198.8272137074398, 1377241, 64.61012073791306, 76168, 0, 0.0, 1, 
2019-12-04 14:46:07.732,310462184, 1198.8272137074398, 1378728, 64.61012073791306, 76258, 0, 0.0, 1, 
2019-12-04 14:46:08.761,337011312, 1198.8272137074398, 1380168, 64.61012073791306, 76339, 0, 0.0, 1, 
2019-12-04 14:46:09.786,361927704, 1213.2650165374755, 1381575, 65.34490291379906, 76419, 0, 0.0, 1, 
2019-12-04 14:46:10.809,102374568, 1213.2650165374755, 1382882, 65.34490291379906, 76480, 0, 0.0, 1, 
2019-12-04 14:46:11.832,126806208, 1213.2650165374755, 1384155, 65.34490291379906, 76561, 0, 0.0, 1, 
2019-12-04 14:46:12.862,151396072, 1213.2650165374755, 1385449, 65.34490291379906, 76621, 0, 0.0, 1, 
2019-12-04 14:46:13.886,176918192, 1213.2650165374755, 1386833, 65.34490291379906, 76694, 0, 0.0, 1, 
2019-12-04 14:46:14.911,201108224, 1218.952655780555, 1388126, 65.46124605309743, 76750, 0, 0.0, 1, 
2019-12-04 14:46:15.934,223384120, 1218.952655780555, 1389381, 65.46124605309743, 76822, 0, 0.0, 1, 
2019-12-04 14:46:16.969,247911760, 1218.952655780555, 1390683, 65.46124605309743, 76908, 0, 0.0, 1, 
2019-12-04 14:46:18.001,271352800, 1218.952655780555, 1391989, 65.46124605309743, 76971, 0, 0.0, 1, 
2019-12-04 14:46:19.026,297878808, 1218.952655780555, 1393425, 65.46124605309743, 77054, 0, 0.0, 1, 
2019-12-04 14:46:20.052,322410608, 1224.5693233083562, 1394773, 66.00004706959098, 77136, 0, 0.0, 1, 
2019-12-04 14:46:21.078,349626176, 1224.5693233083562, 1396175, 66.00004706959098, 77208, 0, 0.0, 1, 
2019-12-04 14:46:22.101,375121536, 1224.5693233083562, 1397567, 66.00004706959098, 77278, 0, 0.0, 1, 
2019-12-04 14:46:23.127,118043328, 1224.5693233083562, 1398873, 66.00004706959098, 77344, 0, 0.0, 1, 
2019-12-04 14:46:24.152,143268800, 1224.5693233083562, 1400281, 66.00004706959098, 77414, 0, 0.0, 1, 
2019-12-04 14:46:25.181,168595056, 1233.7826595158956, 1401679, 66.35184788174526, 77483, 0, 0.0, 1, 
2019-12-04 14:46:26.232,194244968, 1233.7826595158956, 1403051, 66.35184788174526, 77557, 0, 0.0, 1, 
2019-12-04 14:46:27.256,219980816, 1233.7826595158956, 1404430, 66.35184788174526, 77637, 0, 0.0, 1, 
2019-12-04 14:46:28.278,246130432, 1233.7826595158956, 1405868, 66.35184788174526, 77708, 0, 0.0, 1, 
2019-12-04 14:46:29.301,271508736, 1233.7826595158956, 1407211, 66.35184788174526, 77768, 0, 0.0, 1, 
2019-12-04 14:46:30.327,294658048, 1243.0748850045254, 1408580, 66.4676357320661, 77849, 0, 0.0, 1, 
2019-12-04 14:46:31.35,321005392, 1243.0748850045254, 1409934, 66.4676357320661, 77918, 0, 0.0, 1, 
2019-12-04 14:46:32.376,344615120, 1243.0748850045254, 1411260, 66.4676357320661, 77993, 0, 0.0, 1, 
2019-12-04 14:46:33.402,373160528, 1243.0748850045254, 1412639, 66.4676357320661, 78070, 0, 0.0, 1, 
2019-12-04 14:46:34.433,111709944, 1243.0748850045254, 1413993, 66.4676357320661, 78141, 0, 0.0, 1, 
2019-12-04 14:46:35.457,137489424, 1248.633806271952, 1415436, 67.02191697511152, 78222, 0, 0.0, 1, 
2019-12-04 14:46:36.481,164995632, 1248.633806271952, 1416802, 67.02191697511152, 78301, 0, 0.0, 1, 
2019-12-04 14:46:37.506,189282272, 1248.633806271952, 1418172, 67.02191697511152, 78365, 0, 0.0, 1, 
2019-12-04 14:46:38.529,215578872, 1248.633806271952, 1419566, 67.02191697511152, 78441, 0, 0.0, 1, 
2019-12-04 14:46:39.554,240216400, 1256.9624752673133, 1420916, 67.33998693201963, 78505, 0, 0.0, 1, 
2019-12-04 14:46:40.578,265806312, 1256.9624752673133, 1422358, 67.33998693201963, 78561, 0, 0.0, 1, 
2019-12-04 14:46:41.604,290907056, 1256.9624752673133, 1423738, 67.33998693201963, 78626, 0, 0.0, 1, 
2019-12-04 14:46:42.63,315938208, 1256.9624752673133, 1425122, 67.33998693201963, 78721, 0, 0.0, 1, 
2019-12-04 14:46:43.656,343869504, 1256.9624752673133, 1426502, 67.33998693201963, 78787, 0, 0.0, 1, 
2019-12-04 14:46:44.683,368980064, 1265.2648653407575, 1427921, 67.61663430226018, 78870, 0, 0.0, 1, 
2019-12-04 14:46:45.708,110146800, 1265.2648653407575, 1429280, 67.61663430226018, 78939, 0, 0.0, 1, 
2019-12-04 14:46:46.734,137031192, 1265.2648653407575, 1430744, 67.61663430226018, 79008, 0, 0.0, 1, 
2019-12-04 14:46:47.76,161459192, 1265.2648653407575, 1432076, 67.61663430226018, 79086, 0, 0.0, 1, 
2019-12-04 14:46:48.792,185653376, 1265.2648653407575, 1433395, 67.61663430226018, 79169, 0, 0.0, 1, 
2019-12-04 14:46:49.82,211308680, 1271.880001463159, 1434798, 67.98309998959085, 79234, 0, 0.0, 1, 
2019-12-04 14:46:50.854,237210640, 1271.880001463159, 1436171, 67.98309998959085, 79302, 0, 0.0, 1, 
2019-12-04 14:46:51.878,262027032, 1271.880001463159, 1437468, 67.98309998959085, 79370, 0, 0.0, 1, 
2019-12-04 14:46:52.906,287705128, 1271.880001463159, 1438833, 67.98309998959085, 79436, 0, 0.0, 1, 
2019-12-04 14:46:53.932,312134000, 1271.880001463159, 1440280, 67.98309998959085, 79526, 0, 0.0, 1, 
2019-12-04 14:46:54.958,339381432, 1277.4385136411406, 1441735, 68.04841570811242, 79596, 0, 0.0, 1, 
2019-12-04 14:46:55.987,366924744, 1277.4385136411406, 1443159, 68.04841570811242, 79667, 0, 0.0, 1, 
2019-12-04 14:46:57.012,109882304, 1277.4385136411406, 1444580, 68.04841570811242, 79747, 0, 0.0, 1, 
2019-12-04 14:46:58.035,132968856, 1277.4385136411406, 1445892, 68.04841570811242, 79819, 0, 0.0, 1, 
2019-12-04 14:46:59.057,159109848, 1277.4385136411406, 1447299, 68.04841570811242, 79899, 0, 0.0, 1, 
2019-12-04 14:47:00.082,185865448, 1284.583463592557, 1448733, 68.54026923112735, 79982, 0, 0.0, 1, 
2019-12-04 14:47:01.115,210791408, 1284.583463592557, 1450166, 68.54026923112735, 80057, 0, 0.0, 1, 
2019-12-04 14:47:02.139,238344432, 1284.583463592557, 1451629, 68.54026923112735, 80137, 0, 0.0, 1, 
2019-12-04 14:47:03.162,265477808, 1284.583463592557, 1453069, 68.54026923112735, 80224, 0, 0.0, 1, 
2019-12-04 14:47:04.188,290702664, 1284.583463592557, 1454446, 68.54026923112735, 80311, 0, 0.0, 1, 
2019-12-04 14:47:05.213,313082408, 1292.5003887223913, 1455682, 69.48852094709119, 80384, 0, 0.0, 1, 
2019-12-04 14:47:06.237,336906376, 1292.5003887223913, 1456978, 69.48852094709119, 80458, 0, 0.0, 1, 
2019-12-04 14:47:07.267,362588616, 1292.5003887223913, 1458262, 69.48852094709119, 80530, 0, 0.0, 1, 
2019-12-04 14:47:08.292,105820016, 1292.5003887223913, 1459684, 69.48852094709119, 80591, 0, 0.0, 1, 
2019-12-04 14:47:09.318,131512504, 1292.5003887223913, 1461030, 69.48852094709119, 80658, 0, 0.0, 1, 
2019-12-04 14:47:10.342,155257168, 1291.9966374540297, 1462366, 69.30554091513345, 80730, 0, 0.0, 1, 
2019-12-04 14:47:11.366,181282120, 1291.9966374540297, 1463793, 69.30554091513345, 80796, 0, 0.0, 1, 
2019-12-04 14:47:12.389,207054608, 1291.9966374540297, 1465133, 69.30554091513345, 80865, 0, 0.0, 1, 
2019-12-04 14:47:13.414,232598440, 1291.9966374540297, 1466488, 69.30554091513345, 80945, 0, 0.0, 1, 
2019-12-04 14:47:14.45,256892440, 1291.9966374540297, 1467863, 69.30554091513345, 81010, 0, 0.0, 1, 
2019-12-04 14:47:15.473,283627744, 1294.955262967076, 1469261, 69.249128978261, 81088, 0, 0.0, 1, 
2019-12-04 14:47:16.5,308098112, 1294.955262967076, 1470609, 69.249128978261, 81162, 0, 0.0, 1, 
2019-12-04 14:47:17.522,333929816, 1294.955262967076, 1471960, 69.249128978261, 81232, 0, 0.0, 1, 
2019-12-04 14:47:18.545,357459776, 1294.955262967076, 1473298, 69.249128978261, 81317, 0, 0.0, 1, 
2019-12-04 14:47:19.573,99329056, 1296.4300227135516, 1474587, 69.62898765182473, 81394, 0, 0.0, 1, 
2019-12-04 14:47:20.595,122190688, 1296.4300227135516, 1475866, 69.62898765182473, 81472, 0, 0.0, 1, 
2019-12-04 14:47:21.62,139416504, 1296.4300227135516, 1476619, 69.62898765182473, 81526, 0, 0.0, 1, 
2019-12-04 14:47:22.644,167479528, 1296.4300227135516, 1477970, 69.62898765182473, 81592, 0, 0.0, 1, 
2019-12-04 14:47:23.672,191923296, 1296.4300227135516, 1479152, 69.62898765182473, 81648, 0, 0.0, 1, 
2019-12-04 14:47:24.696,218602064, 1283.7626575072, 1480388, 68.98702524418916, 81702, 0, 0.0, 1, 
2019-12-04 14:47:25.72,247306336, 1283.7626575072, 1481633, 68.98702524418916, 81777, 0, 0.0, 1, 
2019-12-04 14:47:26.742,272985792, 1283.7626575072, 1482879, 68.98702524418916, 81840, 0, 0.0, 1, 
2019-12-04 14:47:27.766,304134808, 1283.7626575072, 1484258, 68.98702524418916, 81913, 0, 0.0, 1, 
2019-12-04 14:47:28.793,330229520, 1283.7626575072, 1485525, 68.98702524418916, 81968, 0, 0.0, 1, 
2019-12-04 14:47:29.82,357316472, 1281.031162228394, 1486803, 68.71621365812474, 82036, 0, 0.0, 1, 
2019-12-04 14:47:30.844,99951320, 1281.031162228394, 1488078, 68.71621365812474, 82102, 0, 0.0, 1, 
2019-12-04 14:47:31.873,124657600, 1281.031162228394, 1489210, 68.71621365812474, 82174, 0, 0.0, 1, 
2019-12-04 14:47:32.902,152771128, 1281.031162228394, 1490568, 68.71621365812474, 82239, 0, 0.0, 1, 
2019-12-04 14:47:33.928,180964944, 1281.031162228394, 1491912, 68.71621365812474, 82315, 0, 0.0, 1, 
2019-12-04 14:47:34.951,208648256, 1277.7664827510575, 1493200, 68.45106385387514, 82375, 0, 0.0, 1, 
2019-12-04 14:47:35.98,237889144, 1277.7664827510575, 1494529, 68.45106385387514, 82436, 0, 0.0, 1, 
2019-12-04 14:47:37.008,265172352, 1277.7664827510575, 1495772, 68.45106385387514, 82499, 0, 0.0, 1, 
2019-12-04 14:47:38.033,291594032, 1277.7664827510575, 1497036, 68.45106385387514, 82560, 0, 0.0, 1, 
2019-12-04 14:47:39.059,319126816, 1277.7664827510575, 1498321, 68.45106385387514, 82621, 0, 0.0, 1, 
2019-12-04 14:47:40.083,345064864, 1275.8182463592723, 1499540, 67.80733633058186, 82680, 0, 0.0, 1, 
2019-12-04 14:47:41.105,372784280, 1275.8182463592723, 1500769, 67.80733633058186, 82744, 0, 0.0, 1, 
2019-12-04 14:47:42.137,115495584, 1275.8182463592723, 1501946, 67.80733633058186, 82805, 0, 0.0, 1, 
2019-12-04 14:47:43.176,142790144, 1275.8182463592723, 1503118, 67.80733633058186, 82888, 0, 0.0, 1, 
2019-12-04 14:47:44.2,168295680, 1275.8182463592723, 1504275, 67.80733633058186, 82956, 0, 0.0, 1, 
2019-12-04 14:47:45.224,192203856, 1265.1986857237098, 1505420, 67.6628296963085, 83023, 0, 0.0, 1, 
2019-12-04 14:47:46.247,217721144, 1265.1986857237098, 1506450, 67.6628296963085, 83075, 0, 0.0, 1, 
2019-12-04 14:47:47.27,243618800, 1265.1986857237098, 1507699, 67.6628296963085, 83132, 0, 0.0, 1, 
2019-12-04 14:47:48.293,270293672, 1265.1986857237098, 1508935, 67.6628296963085, 83209, 0, 0.0, 1, 
2019-12-04 14:47:49.32,295480952, 1265.1986857237098, 1510105, 67.6628296963085, 83263, 0, 0.0, 1, 
2019-12-04 14:47:50.35,321640728, 1255.8439873190707, 1511249, 67.09811701356676, 83327, 0, 0.0, 1, 
2019-12-04 14:47:51.373,350317720, 1255.8439873190707, 1512413, 67.09811701356676, 83398, 0, 0.0, 1, 
2019-12-04 14:47:52.398,377142408, 1255.8439873190707, 1513641, 67.09811701356676, 83469, 0, 0.0, 1, 
2019-12-04 14:47:53.424,120421544, 1255.8439873190707, 1514943, 67.09811701356676, 83543, 0, 0.0, 1, 
2019-12-04 14:47:54.449,147080480, 1255.8439873190707, 1516220, 67.09811701356676, 83609, 0, 0.0, 1, 
2019-12-04 14:47:55.479,176321200, 1250.2595704283522, 1517551, 67.04229865908981, 83683, 0, 0.0, 1, 
2019-12-04 14:47:56.507,202270376, 1250.2595704283522, 1518785, 67.04229865908981, 83750, 0, 0.0, 1, 
2019-12-04 14:47:57.528,230843688, 1250.2595704283522, 1520146, 67.04229865908981, 83821, 0, 0.0, 1, 
2019-12-04 14:47:58.55,257626040, 1250.2595704283522, 1521410, 67.04229865908981, 83882, 0, 0.0, 1, 
2019-12-04 14:47:59.574,287416416, 1252.2377059570754, 1522732, 67.15085446456084, 83959, 0, 0.0, 1, 
2019-12-04 14:48:00.598,316124928, 1252.2377059570754, 1524110, 67.15085446456084, 84042, 0, 0.0, 1, 
2019-12-04 14:48:01.621,343053816, 1252.2377059570754, 1525394, 67.15085446456084, 84111, 0, 0.0, 1, 
2019-12-04 14:48:02.643,373208520, 1252.2377059570754, 1526604, 67.15085446456084, 84201, 0, 0.0, 1, 
2019-12-04 14:48:03.664,117214760, 1252.2377059570754, 1527898, 67.15085446456084, 84287, 0, 0.0, 1, 
2019-12-04 14:48:04.685,146925760, 1253.4500160528396, 1529240, 67.89037531002546, 84345, 0, 0.0, 1, 
2019-12-04 14:48:05.71,174998616, 1253.4500160528396, 1530575, 67.89037531002546, 84423, 0, 0.0, 1, 
2019-12-04 14:48:06.734,202555968, 1253.4500160528396, 1531763, 67.89037531002546, 84468, 0, 0.0, 1, 
2019-12-04 14:48:07.756,229929040, 1253.4500160528396, 1532839, 67.89037531002546, 84535, 0, 0.0, 1, 
2019-12-04 14:48:08.779,255381288, 1253.4500160528396, 1534005, 67.89037531002546, 84604, 0, 0.0, 1, 
2019-12-04 14:48:09.804,285207360, 1247.6092592579976, 1535242, 67.48337137235595, 84670, 0, 0.0, 1, 
2019-12-04 14:48:10.827,311550840, 1247.6092592579976, 1536464, 67.48337137235595, 84738, 0, 0.0, 1, 
2019-12-04 14:48:11.851,340169984, 1247.6092592579976, 1537765, 67.48337137235595, 84799, 0, 0.0, 1, 
2019-12-04 14:48:12.874,366639216, 1247.6092592579976, 1538974, 67.48337137235595, 84864, 0, 0.0, 1, 
2019-12-04 14:48:13.896,109011992, 1247.6092592579976, 1540216, 67.48337137235595, 84919, 0, 0.0, 1, 
2019-12-04 14:48:14.916,134863424, 1244.6981356211115, 1541489, 67.1728741410675, 84992, 0, 0.0, 1, 
2019-12-04 14:48:15.939,165661968, 1244.6981356211115, 1542900, 67.1728741410675, 85051, 0, 0.0, 1, 
2019-12-04 14:48:16.962,192854328, 1244.6981356211115, 1544162, 67.1728741410675, 85125, 0, 0.0, 1, 
2019-12-04 14:48:17.985,221520152, 1244.6981356211115, 1545470, 67.1728741410675, 85210, 0, 0.0, 1, 
2019-12-04 14:48:19.007,250116616, 1244.6981356211115, 1546806, 67.1728741410675, 85279, 0, 0.0, 1, 
2019-12-04 14:48:20.03,268898496, 1246.4013386570123, 1547670, 67.2549985903678, 85330, 0, 0.0, 1, 
2019-12-04 14:48:21.055,280741800, 1246.4013386570123, 1548140, 67.2549985903678, 85358, 0, 0.0, 1, 
2019-12-04 14:48:22.082,293693544, 1246.4013386570123, 1548621, 67.2549985903678, 85378, 0, 0.0, 1, 
2019-12-04 14:48:23.108,305076968, 1246.4013386570123, 1549081, 67.2549985903678, 85403, 0, 0.0, 1, 
