Timestamp, MemoryUsed, ReadLatency1, ReadCount, WriteLatency1, WriteCount, PendingTasks, WaitingOnCommit1, SRDelay, 
2019-12-04 14:41:42.924,371291872, 293.7256241270851, 1229187, 15.886964079313753, 68714, 0, 0.0, 1, 
2019-12-04 14:41:43.992,372120448, 293.7256241270851, 1229187, 15.886964079313753, 68714, 0, 0.0, 1, 
2019-12-04 14:41:45.046,372951536, 293.7256241270851, 1229187, 15.886964079313753, 68714, 0, 0.0, 1, 
2019-12-04 14:41:46.102,374254192, 270.24061991163666, 1229187, 14.616712566589309, 68714, 0, 0.0, 1, 
2019-12-04 14:41:47.161,374868920, 270.24061991163666, 1229187, 14.616712566589309, 68714, 0, 0.0, 1, 
2019-12-04 14:41:48.219,91153744, 270.24061991163666, 1229187, 14.616712566589309, 68714, 0, 0.0, 1, 
2019-12-04 14:41:49.273,92004704, 270.24061991163666, 1229187, 14.616712566589309, 68714, 0, 0.0, 1, 
2019-12-04 14:41:50.322,93203512, 248.63337295566723, 1229187, 13.448024757132735, 68714, 0, 0.0, 1, 
2019-12-04 14:41:51.363,93763808, 248.63337295566723, 1229187, 13.448024757132735, 68714, 0, 0.0, 1, 
2019-12-04 14:41:52.42,94857752, 248.63337295566723, 1229187, 13.448024757132735, 68714, 0, 0.0, 1, 
2019-12-04 14:41:53.478,95705848, 248.63337295566723, 1229187, 13.448024757132735, 68714, 0, 0.0, 1, 
2019-12-04 14:41:54.504,102035352, 248.63337295566723, 1229187, 13.448024757132735, 68804, 0, 0.0, 1, 
2019-12-04 14:41:55.539,107154840, 228.75374607831108, 1229187, 15.762896885313527, 68942, 0, 0.0, 1, 
2019-12-04 14:41:56.573,108009288, 228.75374607831108, 1229187, 15.762896885313527, 68942, 0, 0.0, 1, 
2019-12-04 14:41:57.611,108871320, 228.75374607831108, 1229187, 15.762896885313527, 68942, 0, 0.0, 1, 
