Timestamp, MemoryUsed, ReadLatency1, ReadCount, WriteLatency1, WriteCount, PendingTasks, WaitingOnCommit1, SRDelay, 
2019-12-04 14:41:42.877,364422480, 295.9280945821905, 1225555, 15.117215528944607, 67715, 0, 0.0, 1, 
2019-12-04 14:41:43.971,365306792, 295.9280945821905, 1225555, 15.117215528944607, 67715, 0, 0.0, 1, 
2019-12-04 14:41:45.019,366402472, 272.2989727863908, 1225555, 13.908509712153158, 67715, 0, 0.0, 1, 
2019-12-04 14:41:46.077,367239496, 272.2989727863908, 1225555, 13.908509712153158, 67715, 0, 0.0, 1, 
2019-12-04 14:41:47.119,368110272, 272.2989727863908, 1225555, 13.908509712153158, 67715, 0, 0.0, 1, 
2019-12-04 14:41:48.183,368949376, 272.2989727863908, 1225555, 13.908509712153158, 67715, 0, 0.0, 1, 
2019-12-04 14:41:49.249,369791720, 272.2989727863908, 1225555, 13.908509712153158, 67715, 0, 0.0, 1, 
2019-12-04 14:41:50.304,370886496, 250.5271490214209, 1225555, 12.796446676484209, 67715, 0, 0.0, 1, 
2019-12-04 14:41:51.344,371741384, 250.5271490214209, 1225555, 12.796446676484209, 67715, 0, 0.0, 1, 
2019-12-04 14:41:52.402,372577768, 250.5271490214209, 1225555, 12.796446676484209, 67715, 0, 0.0, 1, 
2019-12-04 14:41:53.453,373418192, 250.5271490214209, 1225555, 12.796446676484209, 67715, 0, 0.0, 1, 
2019-12-04 14:41:54.491,95087744, 230.49610417016646, 1225555, 13.292455413844122, 67825, 0, 0.0, 1, 
2019-12-04 14:41:55.523,99919840, 230.49610417016646, 1225555, 13.292455413844122, 67994, 0, 0.0, 1, 
2019-12-04 14:41:56.557,100900456, 230.49610417016646, 1225555, 13.292455413844122, 67994, 0, 0.0, 1, 
2019-12-04 14:41:57.586,101823104, 230.49610417016646, 1225555, 13.292455413844122, 67994, 0, 0.0, 1, 
