Timestamp, MemoryUsed, ReadLatency1, ReadCount, WriteLatency1, WriteCount, PendingTasks, WaitingOnCommit1, SRDelay, 
2019-12-08 10:51:31.317,243702704, 17.403299420575262, 2723950, 3.169055511376931, 149168, 0, 0.0, 10, 
2019-12-08 10:51:32.377,252734560, 17.403299420575262, 2724292, 3.169055511376931, 149183, 0, 0.0, 10, 
2019-12-08 10:51:33.416,264312416, 17.403299420575262, 2724844, 3.169055511376931, 149207, 0, 0.0, 10, 
2019-12-08 10:51:34.451,278560288, 17.403299420575262, 2725552, 3.169055511376931, 149244, 0, 0.0, 10, 
2019-12-08 10:51:35.505,294035032, 17.403299420575262, 2726281, 3.169055511376931, 149282, 0, 0.0, 10, 
2019-12-08 10:51:36.539,308616320, 59.25178899648397, 2727020, 5.058481510826755, 149318, 0, 0.0, 10, 
2019-12-08 10:51:37.571,323191912, 59.25178899648397, 2727711, 5.058481510826755, 149355, 0, 0.0, 10, 
2019-12-08 10:51:38.602,338014552, 59.25178899648397, 2728459, 5.058481510826755, 149407, 0, 0.0, 10, 
2019-12-08 10:51:39.629,355937656, 59.25178899648397, 2729340, 5.058481510826755, 149445, 0, 0.0, 10, 
2019-12-08 10:51:40.659,373976320, 59.25178899648397, 2730217, 5.058481510826755, 149488, 0, 0.0, 10, 
2019-12-08 10:51:41.687,390619264, 116.92760746336052, 2731191, 7.852251075368926, 149537, 0, 0.0, 10, 
2019-12-08 10:51:42.72,408058776, 116.92760746336052, 2732050, 7.852251075368926, 149581, 0, 0.0, 10, 
2019-12-08 10:51:43.747,140801376, 116.92760746336052, 2732994, 7.852251075368926, 149635, 0, 0.0, 10, 
2019-12-08 10:51:44.773,157491968, 116.92760746336052, 2733918, 7.852251075368926, 149681, 0, 0.0, 10, 
2019-12-08 10:51:45.799,177895912, 116.92760746336052, 2734921, 7.852251075368926, 149729, 0, 0.0, 10, 
2019-12-08 10:51:46.832,198708064, 180.67398830850746, 2735943, 11.046296724878623, 149787, 0, 0.0, 10, 
2019-12-08 10:51:47.86,218294432, 180.67398830850746, 2736952, 11.046296724878623, 149846, 0, 0.0, 10, 
2019-12-08 10:51:48.889,236072728, 180.67398830850746, 2737918, 11.046296724878623, 149894, 0, 0.0, 10, 
2019-12-08 10:51:49.92,255465384, 180.67398830850746, 2738897, 11.046296724878623, 149942, 0, 0.0, 10, 
2019-12-08 10:51:50.959,276405048, 245.60799896805375, 2740027, 14.336765160412089, 149999, 0, 0.0, 10, 
2019-12-08 10:51:52.003,301963968, 245.60799896805375, 2741382, 14.336765160412089, 150081, 0, 0.0, 10, 
2019-12-08 10:51:53.028,322832712, 245.60799896805375, 2742541, 14.336765160412089, 150140, 0, 0.0, 10, 
2019-12-08 10:51:54.064,344657752, 245.60799896805375, 2743699, 14.336765160412089, 150189, 0, 0.0, 10, 
2019-12-08 10:51:55.089,370762352, 245.60799896805375, 2745147, 14.336765160412089, 150274, 0, 0.0, 10, 
2019-12-08 10:51:56.12,396526392, 325.4350158399643, 2746454, 18.499511578302346, 150340, 0, 0.0, 10, 
2019-12-08 10:51:57.184,408056432, 325.4350158399643, 2747106, 18.499511578302346, 150366, 0, 0.0, 10, 
2019-12-08 10:51:58.228,125547576, 325.4350158399643, 2747106, 18.499511578302346, 150366, 0, 0.0, 10, 
2019-12-08 10:51:59.26,126687536, 325.4350158399643, 2747106, 18.499511578302346, 150366, 0, 0.0, 10, 
