Timestamp, MemoryUsed, ReadLatency1, ReadCount, WriteLatency1, WriteCount, PendingTasks, WaitingOnCommit1, SRDelay, 
2019-12-08 10:51:31.402,244303192, 17.403299420575262, 2723971, 3.169055511376931, 149168, 0, 0.0, 10, 
2019-12-08 10:51:32.478,253377552, 17.403299420575262, 2724322, 3.169055511376931, 149186, 0, 0.0, 10, 
2019-12-08 10:51:33.522,265602336, 17.403299420575262, 2724901, 3.169055511376931, 149210, 0, 0.0, 10, 
2019-12-08 10:51:34.565,280990680, 17.403299420575262, 2725605, 3.169055511376931, 149248, 0, 0.0, 10, 
2019-12-08 10:51:35.607,295901208, 17.403299420575262, 2726343, 3.169055511376931, 149284, 0, 0.0, 10, 
2019-12-08 10:51:36.643,311240616, 59.25178899648397, 2727070, 5.058481510826755, 149326, 0, 0.0, 10, 
2019-12-08 10:51:37.681,324424376, 59.25178899648397, 2727767, 5.058481510826755, 149359, 0, 0.0, 10, 
2019-12-08 10:51:38.717,339907472, 59.25178899648397, 2728542, 5.058481510826755, 149413, 0, 0.0, 10, 
2019-12-08 10:51:39.748,356621344, 59.25178899648397, 2729429, 5.058481510826755, 149453, 0, 0.0, 10, 
2019-12-08 10:51:40.778,375876328, 59.25178899648397, 2730325, 5.058481510826755, 149493, 0, 0.0, 10, 
2019-12-08 10:51:41.812,393826128, 116.92760746336052, 2731280, 7.852251075368926, 149542, 0, 0.0, 10, 
2019-12-08 10:51:42.878,411042864, 116.92760746336052, 2732159, 7.852251075368926, 149584, 0, 0.0, 10, 
2019-12-08 10:51:43.926,144024440, 116.92760746336052, 2733149, 7.852251075368926, 149645, 0, 0.0, 10, 
2019-12-08 10:51:44.96,162064760, 116.92760746336052, 2734075, 7.852251075368926, 149687, 0, 0.0, 10, 
2019-12-08 10:51:45.992,181179568, 180.67398830850746, 2735097, 11.046296724878623, 149740, 0, 0.0, 10, 
2019-12-08 10:51:47.018,201999536, 180.67398830850746, 2736118, 11.046296724878623, 149803, 0, 0.0, 10, 
2019-12-08 10:51:48.054,221910768, 180.67398830850746, 2737135, 11.046296724878623, 149853, 0, 0.0, 10, 
2019-12-08 10:51:49.09,239959464, 180.67398830850746, 2738097, 11.046296724878623, 149905, 0, 0.0, 10, 
2019-12-08 10:51:50.126,259595416, 180.67398830850746, 2739103, 11.046296724878623, 149949, 0, 0.0, 10, 
2019-12-08 10:51:51.153,281190768, 245.60799896805375, 2740247, 14.336765160412089, 150013, 0, 0.0, 10, 
2019-12-08 10:51:52.19,305183648, 245.60799896805375, 2741577, 14.336765160412089, 150090, 0, 0.0, 10, 
2019-12-08 10:51:53.217,327361912, 245.60799896805375, 2742705, 14.336765160412089, 150150, 0, 0.0, 10, 
2019-12-08 10:51:54.243,349987256, 245.60799896805375, 2743951, 14.336765160412089, 150201, 0, 0.0, 10, 
2019-12-08 10:51:55.27,375158168, 245.60799896805375, 2745303, 14.336765160412089, 150284, 0, 0.0, 10, 
2019-12-08 10:51:56.297,401553368, 325.4350158399643, 2746696, 18.499511578302346, 150347, 0, 0.0, 10, 
2019-12-08 10:51:57.332,124437240, 325.4350158399643, 2747106, 18.499511578302346, 150366, 0, 0.0, 10, 
2019-12-08 10:51:58.367,126194640, 325.4350158399643, 2747106, 18.499511578302346, 150366, 0, 0.0, 10, 
2019-12-08 10:51:59.408,127298024, 325.4350158399643, 2747106, 18.499511578302346, 150366, 0, 0.0, 10, 
2019-12-08 10:52:00.447,128560392, 325.4350158399643, 2747106, 18.499511578302346, 150366, 0, 0.0, 10, 
2019-12-08 10:52:01.49,129397264, 313.183020449195, 2747106, 17.58006139858231, 150366, 0, 0.0, 10, 
2019-12-08 10:52:02.616,130114072, 313.183020449195, 2747106, 17.58006139858231, 150366, 0, 0.0, 10, 
2019-12-08 10:52:03.66,130823832, 313.183020449195, 2747106, 17.58006139858231, 150366, 0, 0.0, 10, 
2019-12-08 10:52:04.709,131959616, 313.183020449195, 2747106, 17.58006139858231, 150366, 0, 0.0, 10, 
2019-12-08 10:52:05.751,132919328, 313.183020449195, 2747106, 17.58006139858231, 150366, 0, 0.0, 10, 
2019-12-08 10:52:06.78,139354776, 288.142288721023, 2747229, 16.174437298606225, 150370, 0, 0.0, 10, 
2019-12-08 10:52:07.804,147532344, 288.142288721023, 2747500, 16.174437298606225, 150383, 0, 0.0, 10, 
2019-12-08 10:52:08.826,157508448, 288.142288721023, 2747968, 16.174437298606225, 150409, 0, 0.0, 10, 
2019-12-08 10:52:09.856,171203688, 288.142288721023, 2748628, 16.174437298606225, 150448, 0, 0.0, 10, 
2019-12-08 10:52:10.88,186016600, 288.142288721023, 2749362, 16.174437298606225, 150489, 0, 0.0, 10, 
2019-12-08 10:52:11.908,200267616, 302.10714826583626, 2750150, 16.880090330621776, 150525, 0, 0.0, 10, 
2019-12-08 10:52:12.933,215343400, 302.10714826583626, 2750915, 16.880090330621776, 150575, 0, 0.0, 10, 
2019-12-08 10:52:13.957,231441056, 302.10714826583626, 2751728, 16.880090330621776, 150634, 0, 0.0, 10, 
2019-12-08 10:52:14.98,247816880, 302.10714826583626, 2752487, 16.880090330621776, 150681, 0, 0.0, 10, 
2019-12-08 10:52:16.009,262560296, 338.92612378525354, 2753270, 19.032487466362653, 150712, 0, 0.0, 10, 
2019-12-08 10:52:17.032,277016480, 338.92612378525354, 2754086, 19.032487466362653, 150755, 0, 0.0, 10, 
2019-12-08 10:52:18.058,295233848, 338.92612378525354, 2755033, 19.032487466362653, 150803, 0, 0.0, 10, 
2019-12-08 10:52:19.083,314540720, 338.92612378525354, 2755976, 19.032487466362653, 150856, 0, 0.0, 10, 
2019-12-08 10:52:20.105,332364392, 338.92612378525354, 2756936, 19.032487466362653, 150907, 0, 0.0, 10, 
2019-12-08 10:52:21.136,351343120, 384.6986076674239, 2757954, 21.268646302351364, 150957, 0, 0.0, 10, 
2019-12-08 10:52:22.161,369273992, 384.6986076674239, 2758914, 21.268646302351364, 150988, 0, 0.0, 10, 
2019-12-08 10:52:23.187,386880688, 384.6986076674239, 2759848, 21.268646302351364, 151049, 0, 0.0, 10, 
2019-12-08 10:52:24.213,406687848, 384.6986076674239, 2760925, 21.268646302351364, 151106, 0, 0.0, 10, 
2019-12-08 10:52:25.242,144855104, 384.6986076674239, 2762048, 21.268646302351364, 151154, 0, 0.0, 10, 
2019-12-08 10:52:26.267,166884424, 435.44652902695856, 2763266, 23.613851856961222, 151219, 0, 0.0, 10, 
2019-12-08 10:52:27.29,188268584, 435.44652902695856, 2764457, 23.613851856961222, 151279, 0, 0.0, 10, 
2019-12-08 10:52:28.353,210712384, 435.44652902695856, 2765718, 23.613851856961222, 151345, 0, 0.0, 10, 
2019-12-08 10:52:29.378,237136824, 435.44652902695856, 2767163, 23.613851856961222, 151411, 0, 0.0, 10, 
2019-12-08 10:52:30.409,261065520, 435.44652902695856, 2768468, 23.613851856961222, 151473, 0, 0.0, 10, 
2019-12-08 10:52:31.432,285856624, 501.6140512241434, 2769865, 26.58709209941859, 151540, 0, 0.0, 10, 
2019-12-08 10:52:32.462,313000064, 501.6140512241434, 2771362, 26.58709209941859, 151626, 0, 0.0, 10, 
2019-12-08 10:52:33.486,339132288, 501.6140512241434, 2772841, 26.58709209941859, 151708, 0, 0.0, 10, 
2019-12-08 10:52:34.52,364490120, 501.6140512241434, 2774303, 26.58709209941859, 151777, 0, 0.0, 10, 
2019-12-08 10:52:35.547,388829920, 501.6140512241434, 2775570, 26.58709209941859, 151848, 0, 0.0, 10, 
2019-12-08 10:52:36.577,410527360, 571.6380294179304, 2776745, 30.425992255957965, 151907, 0, 0.0, 10, 
2019-12-08 10:52:37.604,147271408, 571.6380294179304, 2777874, 30.425992255957965, 151985, 0, 0.0, 10, 
2019-12-08 10:52:38.627,170426328, 571.6380294179304, 2779095, 30.425992255957965, 152052, 0, 0.0, 10, 
2019-12-08 10:52:39.653,183764920, 571.6380294179304, 2779784, 30.425992255957965, 152092, 0, 0.0, 10, 
2019-12-08 10:52:40.685,193963504, 571.6380294179304, 2780227, 30.425992255957965, 152112, 0, 0.0, 10, 
2019-12-08 10:52:41.717,204093632, 594.3423749988307, 2780730, 31.9430701519606, 152140, 0, 0.0, 10, 
2019-12-08 10:52:42.743,215782440, 594.3423749988307, 2781230, 31.9430701519606, 152165, 0, 0.0, 10, 
2019-12-08 10:52:43.775,225313592, 594.3423749988307, 2781697, 31.9430701519606, 152182, 0, 0.0, 10, 
2019-12-08 10:52:44.802,236535560, 594.3423749988307, 2782203, 31.9430701519606, 152210, 0, 0.0, 10, 
2019-12-08 10:52:45.832,246464504, 594.3423749988307, 2782685, 31.9430701519606, 152238, 0, 0.0, 10, 
2019-12-08 10:52:46.876,256526728, 584.6723566096794, 2783164, 31.29198621124611, 152259, 0, 0.0, 10, 
2019-12-08 10:52:47.906,266798304, 584.6723566096794, 2783634, 31.29198621124611, 152299, 0, 0.0, 10, 
2019-12-08 10:52:48.944,277533200, 584.6723566096794, 2784120, 31.29198621124611, 152324, 0, 0.0, 10, 
2019-12-08 10:52:49.973,287430968, 584.6723566096794, 2784589, 31.29198621124611, 152349, 0, 0.0, 10, 
2019-12-08 10:52:51.005,299585672, 575.2637944550054, 2785086, 30.980800175471327, 152380, 0, 0.0, 10, 
2019-12-08 10:52:52.033,310085120, 575.2637944550054, 2785574, 30.980800175471327, 152405, 0, 0.0, 10, 
2019-12-08 10:52:53.062,320159576, 575.2637944550054, 2786053, 30.980800175471327, 152435, 0, 0.0, 10, 
2019-12-08 10:52:54.092,330044776, 575.2637944550054, 2786511, 30.980800175471327, 152457, 0, 0.0, 10, 
2019-12-08 10:52:55.12,340657400, 575.2637944550054, 2786984, 30.980800175471327, 152490, 0, 0.0, 10, 
2019-12-08 10:52:56.145,350310536, 565.9678547119395, 2787440, 30.518592913530604, 152514, 0, 0.0, 10, 
2019-12-08 10:52:57.182,361737256, 565.9678547119395, 2787909, 30.518592913530604, 152545, 0, 0.0, 10, 
2019-12-08 10:52:58.213,370844512, 565.9678547119395, 2788409, 30.518592913530604, 152576, 0, 0.0, 10, 
2019-12-08 10:52:59.241,380009376, 565.9678547119395, 2788870, 30.518592913530604, 152595, 0, 0.0, 10, 
2019-12-08 10:53:00.28,391859296, 565.9678547119395, 2789328, 30.518592913530604, 152619, 0, 0.0, 10, 
2019-12-08 10:53:01.311,402121272, 557.1273371652663, 2789814, 30.173297289151613, 152643, 0, 0.0, 10, 
2019-12-08 10:53:02.368,412088808, 557.1273371652663, 2790285, 30.173297289151613, 152668, 0, 0.0, 10, 
2019-12-08 10:53:03.403,136207104, 557.1273371652663, 2790733, 30.173297289151613, 152684, 0, 0.0, 10, 
2019-12-08 10:53:04.431,145892664, 557.1273371652663, 2791225, 30.173297289151613, 152710, 0, 0.0, 10, 
2019-12-08 10:53:05.457,156916936, 557.1273371652663, 2791689, 30.173297289151613, 152732, 0, 0.0, 10, 
2019-12-08 10:53:06.484,167148528, 548.8017749691277, 2792152, 29.471823168766523, 152748, 0, 0.0, 10, 
2019-12-08 10:53:07.51,176168976, 548.8017749691277, 2792614, 29.471823168766523, 152776, 0, 0.0, 10, 
2019-12-08 10:53:08.536,188007392, 548.8017749691277, 2793143, 29.471823168766523, 152803, 0, 0.0, 10, 
2019-12-08 10:53:09.565,197848296, 548.8017749691277, 2793634, 29.471823168766523, 152829, 0, 0.0, 10, 
2019-12-08 10:53:10.597,208475032, 548.8017749691277, 2794125, 29.471823168766523, 152848, 0, 0.0, 10, 
2019-12-08 10:53:11.625,219543600, 543.1087953720399, 2794628, 28.95436475889229, 152869, 0, 0.0, 10, 
2019-12-08 10:53:12.658,230356704, 543.1087953720399, 2795101, 28.95436475889229, 152886, 0, 0.0, 10, 
2019-12-08 10:53:13.684,240151024, 543.1087953720399, 2795561, 28.95436475889229, 152914, 0, 0.0, 10, 
2019-12-08 10:53:14.716,249663616, 543.1087953720399, 2796032, 28.95436475889229, 152948, 0, 0.0, 10, 
2019-12-08 10:53:15.742,261175640, 543.1087953720399, 2796498, 28.95436475889229, 152971, 0, 0.0, 10, 
2019-12-08 10:53:16.767,270760584, 536.5757208081355, 2796952, 28.5102622732328, 152987, 0, 0.0, 10, 
2019-12-08 10:53:17.799,281540360, 536.5757208081355, 2797410, 28.5102622732328, 153011, 0, 0.0, 10, 
2019-12-08 10:53:18.826,291686992, 536.5757208081355, 2797855, 28.5102622732328, 153040, 0, 0.0, 10, 
2019-12-08 10:53:19.852,301504008, 536.5757208081355, 2798332, 28.5102622732328, 153062, 0, 0.0, 10, 
2019-12-08 10:53:20.881,311889344, 536.5757208081355, 2798797, 28.5102622732328, 153092, 0, 0.0, 10, 
2019-12-08 10:53:21.908,321446544, 529.1897659768829, 2799273, 28.133650495927057, 153113, 0, 0.0, 10, 
2019-12-08 10:53:22.942,331731824, 529.1897659768829, 2799748, 28.133650495927057, 153147, 0, 0.0, 10, 
2019-12-08 10:53:23.969,341950704, 529.1897659768829, 2800232, 28.133650495927057, 153172, 0, 0.0, 10, 
2019-12-08 10:53:25.0,352586624, 529.1897659768829, 2800768, 28.133650495927057, 153190, 0, 0.0, 10, 
2019-12-08 10:53:26.035,363399824, 525.0488849219909, 2801243, 27.86710651910396, 153221, 0, 0.0, 10, 
2019-12-08 10:53:27.068,372113008, 525.0488849219909, 2801703, 27.86710651910396, 153241, 0, 0.0, 10, 
2019-12-08 10:53:28.102,384627048, 525.0488849219909, 2802196, 27.86710651910396, 153270, 0, 0.0, 10, 
2019-12-08 10:53:29.13,393206392, 525.0488849219909, 2802684, 27.86710651910396, 153296, 0, 0.0, 10, 
2019-12-08 10:53:30.162,403282160, 525.0488849219909, 2803147, 27.86710651910396, 153317, 0, 0.0, 10, 
2019-12-08 10:53:31.189,130247504, 519.5280409088606, 2803580, 27.445971934159296, 153334, 0, 0.0, 10, 
2019-12-08 10:53:32.221,140695832, 519.5280409088606, 2804067, 27.445971934159296, 153357, 0, 0.0, 10, 
2019-12-08 10:53:33.248,151492400, 519.5280409088606, 2804539, 27.445971934159296, 153384, 0, 0.0, 10, 
2019-12-08 10:53:34.276,163358432, 519.5280409088606, 2805030, 27.445971934159296, 153417, 0, 0.0, 10, 
2019-12-08 10:53:35.303,174227720, 519.5280409088606, 2805518, 27.445971934159296, 153446, 0, 0.0, 10, 
2019-12-08 10:53:36.331,182263608, 515.711917459397, 2806017, 27.36234063588229, 153472, 0, 0.0, 10, 
2019-12-08 10:53:37.359,194309736, 515.711917459397, 2806538, 27.36234063588229, 153499, 0, 0.0, 10, 
2019-12-08 10:53:38.385,205199888, 515.711917459397, 2807035, 27.36234063588229, 153525, 0, 0.0, 10, 
2019-12-08 10:53:39.412,216502464, 515.711917459397, 2807541, 27.36234063588229, 153553, 0, 0.0, 10, 
2019-12-08 10:53:40.438,226595336, 515.711917459397, 2808010, 27.36234063588229, 153573, 0, 0.0, 10, 
2019-12-08 10:53:41.464,235640768, 512.5687100868872, 2808457, 27.125484956272977, 153598, 0, 0.0, 10, 
2019-12-08 10:53:42.492,246110840, 512.5687100868872, 2808941, 27.125484956272977, 153629, 0, 0.0, 10, 
2019-12-08 10:53:43.526,257123488, 512.5687100868872, 2809418, 27.125484956272977, 153654, 0, 0.0, 10, 
2019-12-08 10:53:44.553,267445488, 512.5687100868872, 2809903, 27.125484956272977, 153679, 0, 0.0, 10, 
2019-12-08 10:53:45.58,277912968, 512.5687100868872, 2810397, 27.125484956272977, 153700, 0, 0.0, 10, 
2019-12-08 10:53:46.604,288382664, 509.2290684217121, 2810873, 26.92355832824933, 153719, 0, 0.0, 10, 
2019-12-08 10:53:47.631,299048504, 509.2290684217121, 2811380, 26.92355832824933, 153745, 0, 0.0, 10, 
2019-12-08 10:53:48.661,309066800, 509.2290684217121, 2811916, 26.92355832824933, 153770, 0, 0.0, 10, 
2019-12-08 10:53:49.692,318811040, 509.2290684217121, 2812388, 26.92355832824933, 153797, 0, 0.0, 10, 
2019-12-08 10:53:50.718,329888920, 509.2290684217121, 2812844, 26.92355832824933, 153829, 0, 0.0, 10, 
2019-12-08 10:53:51.752,339577712, 506.57221880473185, 2813337, 26.769759096119515, 153857, 0, 0.0, 10, 
2019-12-08 10:53:52.783,350695576, 506.57221880473185, 2813808, 26.769759096119515, 153885, 0, 0.0, 10, 
2019-12-08 10:53:53.81,360793088, 506.57221880473185, 2814291, 26.769759096119515, 153904, 0, 0.0, 10, 
2019-12-08 10:53:54.836,372287312, 506.57221880473185, 2814784, 26.769759096119515, 153927, 0, 0.0, 10, 
2019-12-08 10:53:55.866,381959016, 506.57221880473185, 2815226, 26.769759096119515, 153953, 0, 0.0, 10, 
2019-12-08 10:53:56.896,392714016, 502.928465373559, 2815689, 26.612265854550067, 153978, 0, 0.0, 10, 
2019-12-08 10:53:57.927,402124656, 502.928465373559, 2816134, 26.612265854550067, 154005, 0, 0.0, 10, 
2019-12-08 10:53:58.97,131419776, 502.928465373559, 2816653, 26.612265854550067, 154034, 0, 0.0, 10, 
2019-12-08 10:53:59.996,140335224, 502.928465373559, 2817139, 26.612265854550067, 154061, 0, 0.0, 10, 
2019-12-08 10:54:01.022,151040096, 499.5600592638478, 2817604, 26.51533842852463, 154085, 0, 0.0, 10, 
2019-12-08 10:54:02.05,162108264, 499.5600592638478, 2818121, 26.51533842852463, 154113, 0, 0.0, 10, 
2019-12-08 10:54:03.077,170643096, 499.5600592638478, 2818582, 26.51533842852463, 154138, 0, 0.0, 10, 
2019-12-08 10:54:04.104,179809152, 499.5600592638478, 2819036, 26.51533842852463, 154164, 0, 0.0, 10, 
2019-12-08 10:54:05.136,190529936, 499.5600592638478, 2819469, 26.51533842852463, 154185, 0, 0.0, 10, 
2019-12-08 10:54:06.165,200956032, 495.8852958217359, 2819930, 26.36219642328899, 154214, 0, 0.0, 10, 
2019-12-08 10:54:07.194,210579952, 495.8852958217359, 2820396, 26.36219642328899, 154237, 0, 0.0, 10, 
2019-12-08 10:54:08.221,220687024, 495.8852958217359, 2820872, 26.36219642328899, 154261, 0, 0.0, 10, 
2019-12-08 10:54:09.247,231868896, 495.8852958217359, 2821378, 26.36219642328899, 154282, 0, 0.0, 10, 
2019-12-08 10:54:10.278,242787264, 495.8852958217359, 2821892, 26.36219642328899, 154307, 0, 0.0, 10, 
2019-12-08 10:54:11.304,252497328, 494.05548859792793, 2822371, 26.02940557183718, 154325, 0, 0.0, 10, 
2019-12-08 10:54:12.336,262628704, 494.05548859792793, 2822852, 26.02940557183718, 154354, 0, 0.0, 10, 
2019-12-08 10:54:13.367,273337848, 494.05548859792793, 2823331, 26.02940557183718, 154379, 0, 0.0, 10, 
2019-12-08 10:54:14.395,283672152, 494.05548859792793, 2823794, 26.02940557183718, 154409, 0, 0.0, 10, 
2019-12-08 10:54:15.426,293467008, 494.05548859792793, 2824261, 26.02940557183718, 154431, 0, 0.0, 10, 
2019-12-08 10:54:16.454,304624160, 491.3325620719962, 2824716, 25.88313437846056, 154447, 0, 0.0, 10, 
2019-12-08 10:54:17.48,314537720, 491.3325620719962, 2825203, 25.88313437846056, 154467, 0, 0.0, 10, 
2019-12-08 10:54:18.507,324182336, 491.3325620719962, 2825664, 25.88313437846056, 154493, 0, 0.0, 10, 
2019-12-08 10:54:19.532,334388208, 491.3325620719962, 2826131, 25.88313437846056, 154522, 0, 0.0, 10, 
2019-12-08 10:54:20.558,345045288, 491.3325620719962, 2826601, 25.88313437846056, 154542, 0, 0.0, 10, 
2019-12-08 10:54:21.583,355406416, 488.4435619205875, 2827078, 25.60463833030602, 154560, 0, 0.0, 10, 
2019-12-08 10:54:22.609,365583552, 488.4435619205875, 2827551, 25.60463833030602, 154591, 0, 0.0, 10, 
2019-12-08 10:54:23.637,376043720, 488.4435619205875, 2828018, 25.60463833030602, 154618, 0, 0.0, 10, 
2019-12-08 10:54:24.672,386588464, 488.4435619205875, 2828511, 25.60463833030602, 154646, 0, 0.0, 10, 
2019-12-08 10:54:25.698,396346000, 488.4435619205875, 2828965, 25.60463833030602, 154673, 0, 0.0, 10, 
2019-12-08 10:54:26.727,407072232, 485.81753570156883, 2829426, 25.620258586965395, 154698, 0, 0.0, 10, 
2019-12-08 10:54:27.762,132107400, 485.81753570156883, 2829898, 25.620258586965395, 154727, 0, 0.0, 10, 
2019-12-08 10:54:28.789,142485520, 485.81753570156883, 2830376, 25.620258586965395, 154753, 0, 0.0, 10, 
2019-12-08 10:54:29.813,153674136, 485.81753570156883, 2830873, 25.620258586965395, 154785, 0, 0.0, 10, 
2019-12-08 10:54:30.84,163241488, 485.81753570156883, 2831358, 25.620258586965395, 154810, 0, 0.0, 10, 
2019-12-08 10:54:31.866,173788680, 484.58481760957665, 2831832, 25.73057661930474, 154841, 0, 0.0, 10, 
2019-12-08 10:54:32.897,184918784, 484.58481760957665, 2832303, 25.73057661930474, 154867, 0, 0.0, 10, 
2019-12-08 10:54:33.923,193835392, 484.58481760957665, 2832768, 25.73057661930474, 154887, 0, 0.0, 10, 
2019-12-08 10:54:34.95,203976320, 484.58481760957665, 2833241, 25.73057661930474, 154911, 0, 0.0, 10, 
2019-12-08 10:54:35.981,213977384, 482.8909731166319, 2833739, 25.624189586827693, 154938, 0, 0.0, 10, 
2019-12-08 10:54:37.009,225156808, 482.8909731166319, 2834215, 25.624189586827693, 154967, 0, 0.0, 10, 
2019-12-08 10:54:38.038,237074840, 482.8909731166319, 2834700, 25.624189586827693, 154991, 0, 0.0, 10, 
2019-12-08 10:54:39.067,245764280, 482.8909731166319, 2835161, 25.624189586827693, 155021, 0, 0.0, 10, 
2019-12-08 10:54:40.095,256636000, 482.8909731166319, 2835631, 25.624189586827693, 155051, 0, 0.0, 10, 
2019-12-08 10:54:41.121,267604368, 481.5404454736113, 2836124, 25.83014001621677, 155084, 0, 0.0, 10, 
2019-12-08 10:54:42.147,277725424, 481.5404454736113, 2836589, 25.83014001621677, 155103, 0, 0.0, 10, 
2019-12-08 10:54:43.172,287382712, 481.5404454736113, 2837034, 25.83014001621677, 155130, 0, 0.0, 10, 
2019-12-08 10:54:44.204,296729512, 481.5404454736113, 2837494, 25.83014001621677, 155165, 0, 0.0, 10, 
2019-12-08 10:54:45.234,307122288, 481.5404454736113, 2837990, 25.83014001621677, 155187, 0, 0.0, 10, 
2019-12-08 10:54:46.263,318560248, 479.45037085391846, 2838487, 25.85971238772535, 155212, 0, 0.0, 10, 
2019-12-08 10:54:47.288,328288080, 479.45037085391846, 2838948, 25.85971238772535, 155228, 0, 0.0, 10, 
2019-12-08 10:54:48.315,337965096, 479.45037085391846, 2839377, 25.85971238772535, 155249, 0, 0.0, 10, 
2019-12-08 10:54:49.353,347903736, 479.45037085391846, 2839834, 25.85971238772535, 155282, 0, 0.0, 10, 
2019-12-08 10:54:50.379,357132336, 479.45037085391846, 2840282, 25.85971238772535, 155319, 0, 0.0, 10, 
2019-12-08 10:54:51.407,367839536, 476.8397913397237, 2840759, 25.74300022929194, 155340, 0, 0.0, 10, 
2019-12-08 10:54:52.435,378677992, 476.8397913397237, 2841235, 25.74300022929194, 155371, 0, 0.0, 10, 
2019-12-08 10:54:53.467,388881800, 476.8397913397237, 2841717, 25.74300022929194, 155404, 0, 0.0, 10, 
2019-12-08 10:54:54.494,399210192, 476.8397913397237, 2842209, 25.74300022929194, 155433, 0, 0.0, 10, 
2019-12-08 10:54:55.519,409401472, 476.8397913397237, 2842691, 25.74300022929194, 155455, 0, 0.0, 10, 
2019-12-08 10:54:56.547,134421136, 476.11700953152734, 2843185, 25.82751326469558, 155484, 0, 0.0, 10, 
2019-12-08 10:54:57.572,145394896, 476.11700953152734, 2843660, 25.82751326469558, 155506, 0, 0.0, 10, 
2019-12-08 10:54:58.599,156893048, 476.11700953152734, 2844149, 25.82751326469558, 155534, 0, 0.0, 10, 
2019-12-08 10:54:59.625,167633000, 476.11700953152734, 2844641, 25.82751326469558, 155556, 0, 0.0, 10, 
2019-12-08 10:55:00.653,177431912, 476.11700953152734, 2845120, 25.82751326469558, 155576, 0, 0.0, 10, 
2019-12-08 10:55:01.681,188144696, 475.69188492201255, 2845608, 25.665402254770033, 155602, 0, 0.0, 10, 
2019-12-08 10:55:02.706,197807568, 475.69188492201255, 2846091, 25.665402254770033, 155628, 0, 0.0, 10, 
2019-12-08 10:55:03.734,207950624, 475.69188492201255, 2846551, 25.665402254770033, 155650, 0, 0.0, 10, 
2019-12-08 10:55:04.803,218740176, 475.69188492201255, 2847057, 25.665402254770033, 155674, 0, 0.0, 10, 
2019-12-08 10:55:05.834,229583496, 475.69188492201255, 2847510, 25.665402254770033, 155701, 0, 0.0, 10, 
2019-12-08 10:55:06.86,240671920, 474.6451155994675, 2848012, 25.548235159686385, 155727, 0, 0.0, 10, 
2019-12-08 10:55:07.889,249561200, 474.6451155994675, 2848481, 25.548235159686385, 155754, 0, 0.0, 10, 
2019-12-08 10:55:08.916,260508848, 474.6451155994675, 2848982, 25.548235159686385, 155775, 0, 0.0, 10, 
2019-12-08 10:55:09.942,270928792, 474.6451155994675, 2849457, 25.548235159686385, 155814, 0, 0.0, 10, 
2019-12-08 10:55:10.969,281849832, 475.0572773992302, 2849985, 25.61633851609182, 155836, 0, 0.0, 10, 
2019-12-08 10:55:11.995,292934840, 475.0572773992302, 2850469, 25.61633851609182, 155858, 0, 0.0, 10, 
2019-12-08 10:55:13.023,300908592, 475.0572773992302, 2850932, 25.61633851609182, 155884, 0, 0.0, 10, 
2019-12-08 10:55:14.048,311821776, 475.0572773992302, 2851394, 25.61633851609182, 155907, 0, 0.0, 10, 
2019-12-08 10:55:15.074,322156104, 475.0572773992302, 2851856, 25.61633851609182, 155931, 0, 0.0, 10, 
2019-12-08 10:55:16.1,332574840, 473.59750609749995, 2852330, 25.375165404361578, 155955, 0, 0.0, 10, 
2019-12-08 10:55:17.128,343293048, 473.59750609749995, 2852780, 25.375165404361578, 155987, 0, 0.0, 10, 
2019-12-08 10:55:18.152,352170712, 473.59750609749995, 2853253, 25.375165404361578, 156012, 0, 0.0, 10, 
2019-12-08 10:55:19.178,363734008, 473.59750609749995, 2853733, 25.375165404361578, 156039, 0, 0.0, 10, 
2019-12-08 10:55:20.202,374363624, 473.59750609749995, 2854196, 25.375165404361578, 156074, 0, 0.0, 10, 
2019-12-08 10:55:21.228,384254144, 472.0145849085948, 2854660, 25.569044473882915, 156092, 0, 0.0, 10, 
2019-12-08 10:55:22.261,394366616, 472.0145849085948, 2855127, 25.569044473882915, 156118, 0, 0.0, 10, 
2019-12-08 10:55:23.288,403860576, 472.0145849085948, 2855585, 25.569044473882915, 156139, 0, 0.0, 10, 
2019-12-08 10:55:24.32,130628232, 472.0145849085948, 2856077, 25.569044473882915, 156160, 0, 0.0, 10, 
2019-12-08 10:55:25.351,141639872, 472.0145849085948, 2856549, 25.569044473882915, 156184, 0, 0.0, 10, 
2019-12-08 10:55:26.381,152035984, 470.75012051483384, 2856991, 25.23570608253722, 156205, 0, 0.0, 10, 
2019-12-08 10:55:27.41,162497032, 470.75012051483384, 2857464, 25.23570608253722, 156226, 0, 0.0, 10, 
2019-12-08 10:55:28.435,173335376, 470.75012051483384, 2857931, 25.23570608253722, 156249, 0, 0.0, 10, 
2019-12-08 10:55:29.461,183120312, 470.75012051483384, 2858414, 25.23570608253722, 156283, 0, 0.0, 10, 
2019-12-08 10:55:30.494,191687744, 470.75012051483384, 2858896, 25.23570608253722, 156315, 0, 0.0, 10, 
2019-12-08 10:55:31.521,202925808, 469.8586061021167, 2859374, 25.296815650103206, 156336, 0, 0.0, 10, 
2019-12-08 10:55:32.555,214016664, 469.8586061021167, 2859857, 25.296815650103206, 156360, 0, 0.0, 10, 
2019-12-08 10:55:33.594,223221376, 469.8586061021167, 2860316, 25.296815650103206, 156376, 0, 0.0, 10, 
2019-12-08 10:55:34.62,234452680, 469.8586061021167, 2860793, 25.296815650103206, 156399, 0, 0.0, 10, 
2019-12-08 10:55:35.646,243916864, 469.8586061021167, 2861242, 25.296815650103206, 156420, 0, 0.0, 10, 
2019-12-08 10:55:36.671,254163048, 468.6385953192814, 2861702, 24.873305654198642, 156441, 0, 0.0, 10, 
2019-12-08 10:55:37.704,262368800, 468.6385953192814, 2862136, 24.873305654198642, 156456, 0, 0.0, 10, 
2019-12-08 10:55:38.736,273357848, 468.6385953192814, 2862614, 24.873305654198642, 156483, 0, 0.0, 10, 
2019-12-08 10:55:39.761,282555016, 468.6385953192814, 2863105, 24.873305654198642, 156512, 0, 0.0, 10, 
2019-12-08 10:55:40.795,308117640, 468.6385953192814, 2863579, 24.873305654198642, 156538, 0, 0.0, 10, 
2019-12-08 10:55:41.822,318667432, 467.51613121274625, 2864048, 24.75550663818726, 156562, 0, 0.0, 10, 
2019-12-08 10:55:42.848,328505568, 467.51613121274625, 2864504, 24.75550663818726, 156582, 0, 0.0, 10, 
2019-12-08 10:55:43.873,338953008, 467.51613121274625, 2865010, 24.75550663818726, 156600, 0, 0.0, 10, 
2019-12-08 10:55:44.9,349344336, 467.51613121274625, 2865499, 24.75550663818726, 156619, 0, 0.0, 10, 
2019-12-08 10:55:45.928,359389416, 467.51613121274625, 2865929, 24.75550663818726, 156639, 0, 0.0, 10, 
2019-12-08 10:55:46.956,369822840, 466.67530778579624, 2866405, 24.32730396997445, 156665, 0, 0.0, 10, 
2019-12-08 10:55:47.982,380708744, 466.67530778579624, 2866895, 24.32730396997445, 156692, 0, 0.0, 10, 
2019-12-08 10:55:49.008,389816584, 466.67530778579624, 2867368, 24.32730396997445, 156726, 0, 0.0, 10, 
2019-12-08 10:55:50.033,399975672, 466.67530778579624, 2867815, 24.32730396997445, 156750, 0, 0.0, 10, 
2019-12-08 10:55:51.06,409820904, 466.15757076132763, 2868286, 24.429063126054082, 156769, 0, 0.0, 10, 
2019-12-08 10:55:52.085,137133584, 466.15757076132763, 2868748, 24.429063126054082, 156800, 0, 0.0, 10, 
2019-12-08 10:55:53.114,147575872, 466.15757076132763, 2869222, 24.429063126054082, 156827, 0, 0.0, 10, 
2019-12-08 10:55:54.137,158733752, 466.15757076132763, 2869720, 24.429063126054082, 156851, 0, 0.0, 10, 
2019-12-08 10:55:55.176,169592336, 466.15757076132763, 2870212, 24.429063126054082, 156882, 0, 0.0, 10, 
2019-12-08 10:55:56.202,179818240, 466.44880332327693, 2870721, 24.618632771687352, 156906, 0, 0.0, 10, 
2019-12-08 10:55:57.228,189882832, 466.44880332327693, 2871169, 24.618632771687352, 156932, 0, 0.0, 10, 
2019-12-08 10:55:58.255,200210344, 466.44880332327693, 2871651, 24.618632771687352, 156957, 0, 0.0, 10, 
2019-12-08 10:55:59.281,208437952, 466.44880332327693, 2872118, 24.618632771687352, 156983, 0, 0.0, 10, 
2019-12-08 10:56:00.306,219386040, 466.44880332327693, 2872587, 24.618632771687352, 157004, 0, 0.0, 10, 
2019-12-08 10:56:01.342,230787736, 465.8532298932533, 2873047, 24.50520515800106, 157024, 0, 0.0, 10, 
2019-12-08 10:56:02.369,241718136, 465.8532298932533, 2873545, 24.50520515800106, 157044, 0, 0.0, 10, 
2019-12-08 10:56:03.4,251753640, 465.8532298932533, 2874034, 24.50520515800106, 157066, 0, 0.0, 10, 
2019-12-08 10:56:04.433,261840816, 465.8532298932533, 2874528, 24.50520515800106, 157090, 0, 0.0, 10, 
2019-12-08 10:56:05.462,270867584, 465.8532298932533, 2875002, 24.50520515800106, 157121, 0, 0.0, 10, 
2019-12-08 10:56:06.491,282480456, 466.2647429099065, 2875513, 24.320891130193584, 157141, 0, 0.0, 10, 
2019-12-08 10:56:07.522,293712608, 466.2647429099065, 2875993, 24.320891130193584, 157161, 0, 0.0, 10, 
2019-12-08 10:56:08.548,303866400, 466.2647429099065, 2876447, 24.320891130193584, 157180, 0, 0.0, 10, 
2019-12-08 10:56:09.575,313520920, 466.2647429099065, 2876907, 24.320891130193584, 157207, 0, 0.0, 10, 
2019-12-08 10:56:10.609,323696656, 466.2647429099065, 2877349, 24.320891130193584, 157224, 0, 0.0, 10, 
2019-12-08 10:56:11.635,334172728, 465.6039305526068, 2877852, 24.119331804223208, 157251, 0, 0.0, 10, 
2019-12-08 10:56:12.664,344948304, 465.6039305526068, 2878346, 24.119331804223208, 157276, 0, 0.0, 10, 
2019-12-08 10:56:13.694,354542944, 465.6039305526068, 2878825, 24.119331804223208, 157306, 0, 0.0, 10, 
2019-12-08 10:56:14.727,364509768, 465.6039305526068, 2879310, 24.119331804223208, 157331, 0, 0.0, 10, 
2019-12-08 10:56:15.755,375346824, 465.6039305526068, 2879798, 24.119331804223208, 157360, 0, 0.0, 10, 
2019-12-08 10:56:16.779,385693120, 465.89145639030676, 2880260, 24.25371061363042, 157390, 0, 0.0, 10, 
2019-12-08 10:56:17.804,395930040, 465.89145639030676, 2880756, 24.25371061363042, 157416, 0, 0.0, 10, 
2019-12-08 10:56:18.829,406492976, 465.89145639030676, 2881232, 24.25371061363042, 157433, 0, 0.0, 10, 
2019-12-08 10:56:19.854,131751480, 465.89145639030676, 2881709, 24.25371061363042, 157448, 0, 0.0, 10, 
2019-12-08 10:56:20.879,142175360, 465.89145639030676, 2882140, 24.25371061363042, 157478, 0, 0.0, 10, 
2019-12-08 10:56:21.905,152753024, 465.51634824837873, 2882615, 24.1214872134839, 157506, 0, 0.0, 10, 
2019-12-08 10:56:22.932,163463736, 465.51634824837873, 2883096, 24.1214872134839, 157526, 0, 0.0, 10, 
2019-12-08 10:56:23.959,172810192, 465.51634824837873, 2883522, 24.1214872134839, 157554, 0, 0.0, 10, 
2019-12-08 10:56:24.985,183016320, 465.51634824837873, 2883998, 24.1214872134839, 157585, 0, 0.0, 10, 
2019-12-08 10:56:26.01,195009696, 464.57956076577295, 2884485, 24.335649271252638, 157615, 0, 0.0, 10, 
2019-12-08 10:56:27.037,203170240, 464.57956076577295, 2884930, 24.335649271252638, 157638, 0, 0.0, 10, 
2019-12-08 10:56:28.066,213834736, 464.57956076577295, 2885432, 24.335649271252638, 157663, 0, 0.0, 10, 
2019-12-08 10:56:29.091,225013864, 464.57956076577295, 2885921, 24.335649271252638, 157692, 0, 0.0, 10, 
2019-12-08 10:56:30.119,236272376, 464.57956076577295, 2886427, 24.335649271252638, 157717, 0, 0.0, 10, 
2019-12-08 10:56:31.146,245274744, 464.9809729235635, 2886894, 24.38876782266107, 157742, 0, 0.0, 10, 
2019-12-08 10:56:32.173,255986592, 464.9809729235635, 2887351, 24.38876782266107, 157767, 0, 0.0, 10, 
2019-12-08 10:56:33.197,265466632, 464.9809729235635, 2887842, 24.38876782266107, 157799, 0, 0.0, 10, 
2019-12-08 10:56:34.222,276641888, 464.9809729235635, 2888323, 24.38876782266107, 157826, 0, 0.0, 10, 
2019-12-08 10:56:35.248,287254176, 464.9809729235635, 2888840, 24.38876782266107, 157845, 0, 0.0, 10, 
2019-12-08 10:56:36.274,298464824, 465.5421833421926, 2889283, 24.51759483456827, 157872, 0, 0.0, 10, 
2019-12-08 10:56:37.299,307917248, 465.5421833421926, 2889762, 24.51759483456827, 157892, 0, 0.0, 10, 
2019-12-08 10:56:38.323,318052488, 465.5421833421926, 2890286, 24.51759483456827, 157906, 0, 0.0, 10, 
2019-12-08 10:56:39.349,328584896, 465.5421833421926, 2890780, 24.51759483456827, 157926, 0, 0.0, 10, 
2019-12-08 10:56:40.374,338426128, 465.5421833421926, 2891236, 24.51759483456827, 157949, 0, 0.0, 10, 
2019-12-08 10:56:41.401,349587920, 465.6427528093566, 2891709, 24.172379012176958, 157976, 0, 0.0, 10, 
2019-12-08 10:56:42.429,361037840, 465.6427528093566, 2892206, 24.172379012176958, 157998, 0, 0.0, 10, 
2019-12-08 10:56:43.453,371148864, 465.6427528093566, 2892709, 24.172379012176958, 158022, 0, 0.0, 10, 
2019-12-08 10:56:44.478,381531464, 465.6427528093566, 2893141, 24.172379012176958, 158048, 0, 0.0, 10, 
2019-12-08 10:56:45.505,391225368, 465.6427528093566, 2893626, 24.172379012176958, 158075, 0, 0.0, 10, 
2019-12-08 10:56:46.529,401711104, 465.9591568249409, 2894101, 24.062649644907918, 158096, 0, 0.0, 10, 
2019-12-08 10:56:47.574,412516656, 465.9591568249409, 2894578, 24.062649644907918, 158114, 0, 0.0, 10, 
2019-12-08 10:56:48.6,137387864, 465.9591568249409, 2895062, 24.062649644907918, 158138, 0, 0.0, 10, 
2019-12-08 10:56:49.624,147704992, 465.9591568249409, 2895521, 24.062649644907918, 158164, 0, 0.0, 10, 
2019-12-08 10:56:50.65,159086504, 465.9591568249409, 2895999, 24.062649644907918, 158192, 0, 0.0, 10, 
2019-12-08 10:56:51.674,169627456, 465.41872448439057, 2896477, 24.041649338801903, 158225, 0, 0.0, 10, 
2019-12-08 10:56:52.699,177942984, 465.41872448439057, 2896929, 24.041649338801903, 158257, 0, 0.0, 10, 
2019-12-08 10:56:53.726,188364296, 465.41872448439057, 2897411, 24.041649338801903, 158277, 0, 0.0, 10, 
2019-12-08 10:56:54.755,199343696, 465.41872448439057, 2897896, 24.041649338801903, 158303, 0, 0.0, 10, 
2019-12-08 10:56:55.78,210604208, 465.41872448439057, 2898400, 24.041649338801903, 158332, 0, 0.0, 10, 
2019-12-08 10:56:56.806,220883088, 465.80101416705963, 2898852, 24.23021264642732, 158353, 0, 0.0, 10, 
2019-12-08 10:56:57.832,230636400, 465.80101416705963, 2899337, 24.23021264642732, 158376, 0, 0.0, 10, 
2019-12-08 10:56:58.855,240528824, 465.80101416705963, 2899826, 24.23021264642732, 158404, 0, 0.0, 10, 
2019-12-08 10:56:59.881,251962040, 465.80101416705963, 2900308, 24.23021264642732, 158434, 0, 0.0, 10, 
2019-12-08 10:57:00.914,263207864, 465.80101416705963, 2900808, 24.23021264642732, 158460, 0, 0.0, 10, 
2019-12-08 10:57:01.939,272517096, 465.92886201533184, 2901275, 24.33973479611557, 158486, 0, 0.0, 10, 
2019-12-08 10:57:02.965,282892320, 465.92886201533184, 2901740, 24.33973479611557, 158508, 0, 0.0, 10, 
2019-12-08 10:57:03.995,293788752, 465.92886201533184, 2902239, 24.33973479611557, 158529, 0, 0.0, 10, 
2019-12-08 10:57:05.019,304026936, 465.92886201533184, 2902733, 24.33973479611557, 158548, 0, 0.0, 10, 
2019-12-08 10:57:06.045,314013048, 465.39085191401745, 2903161, 24.168651047954146, 158577, 0, 0.0, 10, 
2019-12-08 10:57:07.07,323695400, 465.39085191401745, 2903626, 24.168651047954146, 158594, 0, 0.0, 10, 
2019-12-08 10:57:08.096,332215784, 465.39085191401745, 2904081, 24.168651047954146, 158618, 0, 0.0, 10, 
2019-12-08 10:57:09.122,344034232, 465.39085191401745, 2904562, 24.168651047954146, 158646, 0, 0.0, 10, 
2019-12-08 10:57:10.15,354501232, 465.39085191401745, 2905022, 24.168651047954146, 158680, 0, 0.0, 10, 
2019-12-08 10:57:11.175,364998128, 464.8159031399183, 2905520, 24.36305097665535, 158720, 0, 0.0, 10, 
2019-12-08 10:57:12.201,375274200, 464.8159031399183, 2905969, 24.36305097665535, 158745, 0, 0.0, 10, 
2019-12-08 10:57:13.226,385967584, 464.8159031399183, 2906494, 24.36305097665535, 158776, 0, 0.0, 10, 
2019-12-08 10:57:14.25,395880592, 464.8159031399183, 2906985, 24.36305097665535, 158810, 0, 0.0, 10, 
2019-12-08 10:57:15.279,406661136, 464.8159031399183, 2907470, 24.36305097665535, 158834, 0, 0.0, 10, 
2019-12-08 10:57:16.308,135058600, 465.45427627802235, 2907942, 24.73380095015086, 158860, 0, 0.0, 10, 
2019-12-08 10:57:17.341,142798520, 465.45427627802235, 2908391, 24.73380095015086, 158888, 0, 0.0, 10, 
2019-12-08 10:57:18.367,154911264, 465.45427627802235, 2908910, 24.73380095015086, 158912, 0, 0.0, 10, 
2019-12-08 10:57:19.392,165944472, 465.45427627802235, 2909387, 24.73380095015086, 158929, 0, 0.0, 10, 
2019-12-08 10:57:20.417,177914280, 465.45427627802235, 2909900, 24.73380095015086, 158952, 0, 0.0, 10, 
2019-12-08 10:57:21.443,185917424, 465.8497145132947, 2910351, 24.515218294894638, 158977, 0, 0.0, 10, 
2019-12-08 10:57:22.469,196702240, 465.8497145132947, 2910876, 24.515218294894638, 158993, 0, 0.0, 10, 
2019-12-08 10:57:23.57,208045064, 465.8497145132947, 2911403, 24.515218294894638, 159014, 0, 0.0, 10, 
2019-12-08 10:57:24.595,218763456, 465.8497145132947, 2911896, 24.515218294894638, 159045, 0, 0.0, 10, 
2019-12-08 10:57:25.622,230162960, 465.8497145132947, 2912363, 24.515218294894638, 159070, 0, 0.0, 10, 
2019-12-08 10:57:26.645,241630072, 466.9011532871757, 2912862, 24.410059246236113, 159095, 0, 0.0, 10, 
2019-12-08 10:57:27.672,251628736, 466.9011532871757, 2913331, 24.410059246236113, 159122, 0, 0.0, 10, 
2019-12-08 10:57:28.696,260338504, 466.9011532871757, 2913808, 24.410059246236113, 159141, 0, 0.0, 10, 
2019-12-08 10:57:29.721,271573880, 466.9011532871757, 2914300, 24.410059246236113, 159175, 0, 0.0, 10, 
2019-12-08 10:57:30.745,280853360, 466.9011532871757, 2914750, 24.410059246236113, 159203, 0, 0.0, 10, 
2019-12-08 10:57:31.77,292353728, 466.7651365802943, 2915227, 24.585157241130407, 159228, 0, 0.0, 10, 
2019-12-08 10:57:32.795,301466144, 466.7651365802943, 2915691, 24.585157241130407, 159258, 0, 0.0, 10, 
2019-12-08 10:57:33.826,312963584, 466.7651365802943, 2916198, 24.585157241130407, 159281, 0, 0.0, 10, 
2019-12-08 10:57:34.851,322034336, 466.7651365802943, 2916666, 24.585157241130407, 159304, 0, 0.0, 10, 
2019-12-08 10:57:35.876,332681280, 466.7651365802943, 2917140, 24.585157241130407, 159329, 0, 0.0, 10, 
2019-12-08 10:57:36.901,344693664, 466.75193298835075, 2917661, 24.55436176845607, 159356, 0, 0.0, 10, 
2019-12-08 10:57:37.925,354831624, 466.75193298835075, 2918115, 24.55436176845607, 159394, 0, 0.0, 10, 
2019-12-08 10:57:38.95,365519112, 466.75193298835075, 2918626, 24.55436176845607, 159418, 0, 0.0, 10, 
2019-12-08 10:57:39.984,375425560, 466.75193298835075, 2919138, 24.55436176845607, 159440, 0, 0.0, 10, 
2019-12-08 10:57:41.01,386562848, 467.9870922291126, 2919619, 24.7179219707158, 159466, 0, 0.0, 10, 
2019-12-08 10:57:42.035,396142800, 467.9870922291126, 2920093, 24.7179219707158, 159486, 0, 0.0, 10, 
2019-12-08 10:57:43.058,406104640, 467.9870922291126, 2920576, 24.7179219707158, 159510, 0, 0.0, 10, 
2019-12-08 10:57:44.084,134429000, 467.9870922291126, 2921047, 24.7179219707158, 159536, 0, 0.0, 10, 
2019-12-08 10:57:45.114,143257296, 467.9870922291126, 2921536, 24.7179219707158, 159563, 0, 0.0, 10, 
2019-12-08 10:57:46.14,153729984, 467.79623087260006, 2922001, 24.72448456759329, 159591, 0, 0.0, 10, 
2019-12-08 10:57:47.165,166319760, 467.79623087260006, 2922498, 24.72448456759329, 159614, 0, 0.0, 10, 
2019-12-08 10:57:48.192,176411960, 467.79623087260006, 2922985, 24.72448456759329, 159634, 0, 0.0, 10, 
2019-12-08 10:57:49.218,185660880, 467.79623087260006, 2923453, 24.72448456759329, 159659, 0, 0.0, 10, 
2019-12-08 10:57:50.244,196160832, 467.79623087260006, 2923891, 24.72448456759329, 159691, 0, 0.0, 10, 
2019-12-08 10:57:51.269,206152184, 467.71657665001703, 2924404, 24.58660239452867, 159710, 0, 0.0, 10, 
2019-12-08 10:57:52.296,217234600, 467.71657665001703, 2924873, 24.58660239452867, 159741, 0, 0.0, 10, 
2019-12-08 10:57:53.326,228693744, 467.71657665001703, 2925325, 24.58660239452867, 159773, 0, 0.0, 10, 
2019-12-08 10:57:54.351,238184200, 467.71657665001703, 2925815, 24.58660239452867, 159800, 0, 0.0, 10, 
2019-12-08 10:57:55.379,248843368, 467.71657665001703, 2926330, 24.58660239452867, 159828, 0, 0.0, 10, 
2019-12-08 10:57:56.406,259625280, 467.9471224518364, 2926789, 24.84353148110286, 159854, 0, 0.0, 10, 
2019-12-08 10:57:57.434,269871808, 467.9471224518364, 2927287, 24.84353148110286, 159877, 0, 0.0, 10, 
2019-12-08 10:57:58.464,280570664, 467.9471224518364, 2927783, 24.84353148110286, 159903, 0, 0.0, 10, 
2019-12-08 10:57:59.492,289317504, 467.9471224518364, 2928241, 24.84353148110286, 159922, 0, 0.0, 10, 
2019-12-08 10:58:00.518,300000512, 467.9471224518364, 2928715, 24.84353148110286, 159943, 0, 0.0, 10, 
2019-12-08 10:58:01.543,311380720, 467.51959014615113, 2929188, 24.680139725307875, 159972, 0, 0.0, 10, 
2019-12-08 10:58:02.568,320529048, 467.51959014615113, 2929659, 24.680139725307875, 159991, 0, 0.0, 10, 
2019-12-08 10:58:03.592,331121184, 467.51959014615113, 2930160, 24.680139725307875, 160016, 0, 0.0, 10, 
2019-12-08 10:58:04.619,342021176, 467.51959014615113, 2930634, 24.680139725307875, 160047, 0, 0.0, 10, 
2019-12-08 10:58:05.644,353419064, 467.51959014615113, 2931112, 24.680139725307875, 160073, 0, 0.0, 10, 
2019-12-08 10:58:06.67,364363312, 467.4140815435662, 2931621, 24.657740989585303, 160097, 0, 0.0, 10, 
2019-12-08 10:58:07.697,372613504, 467.4140815435662, 2932125, 24.657740989585303, 160121, 0, 0.0, 10, 
2019-12-08 10:58:08.725,384195600, 467.4140815435662, 2932600, 24.657740989585303, 160146, 0, 0.0, 10, 
2019-12-08 10:58:09.75,395745592, 467.4140815435662, 2933108, 24.657740989585303, 160163, 0, 0.0, 10, 
2019-12-08 10:58:10.792,406812336, 467.4140815435662, 2933578, 24.657740989585303, 160192, 0, 0.0, 10, 
2019-12-08 10:58:11.826,134177920, 468.5163427236228, 2934066, 24.573168689592453, 160219, 0, 0.0, 10, 
2019-12-08 10:58:12.852,143663352, 468.5163427236228, 2934524, 24.573168689592453, 160243, 0, 0.0, 10, 
2019-12-08 10:58:13.879,154185448, 468.5163427236228, 2935041, 24.573168689592453, 160260, 0, 0.0, 10, 
2019-12-08 10:58:14.906,165672072, 468.5163427236228, 2935533, 24.573168689592453, 160282, 0, 0.0, 10, 
2019-12-08 10:58:15.933,176369616, 468.5163427236228, 2936036, 24.573168689592453, 160309, 0, 0.0, 10, 
2019-12-08 10:58:16.96,186516168, 469.29060520968454, 2936497, 24.43139394905513, 160335, 0, 0.0, 10, 
2019-12-08 10:58:17.987,197789328, 469.29060520968454, 2937011, 24.43139394905513, 160356, 0, 0.0, 10, 
2019-12-08 10:58:19.013,206630080, 469.29060520968454, 2937462, 24.43139394905513, 160378, 0, 0.0, 10, 
2019-12-08 10:58:20.04,217351624, 469.29060520968454, 2937942, 24.43139394905513, 160403, 0, 0.0, 10, 
2019-12-08 10:58:21.065,228864680, 469.44327198784794, 2938451, 24.364919359184793, 160433, 0, 0.0, 10, 
2019-12-08 10:58:22.091,238838440, 469.44327198784794, 2938928, 24.364919359184793, 160458, 0, 0.0, 10, 
2019-12-08 10:58:23.126,249856312, 469.44327198784794, 2939426, 24.364919359184793, 160479, 0, 0.0, 10, 
2019-12-08 10:58:24.152,259632480, 469.44327198784794, 2939915, 24.364919359184793, 160499, 0, 0.0, 10, 
2019-12-08 10:58:25.178,270545752, 469.44327198784794, 2940381, 24.364919359184793, 160532, 0, 0.0, 10, 
2019-12-08 10:58:26.206,280412048, 468.5922829458002, 2940817, 24.383715369430487, 160559, 0, 0.0, 10, 
2019-12-08 10:58:27.232,290641168, 468.5922829458002, 2941279, 24.383715369430487, 160587, 0, 0.0, 10, 
2019-12-08 10:58:28.261,300662752, 468.5922829458002, 2941761, 24.383715369430487, 160605, 0, 0.0, 10, 
2019-12-08 10:58:29.289,309931464, 468.5922829458002, 2942260, 24.383715369430487, 160630, 0, 0.0, 10, 
2019-12-08 10:58:30.325,321457152, 468.5922829458002, 2942715, 24.383715369430487, 160656, 0, 0.0, 10, 
2019-12-08 10:58:31.355,330731840, 468.11316645516206, 2943193, 24.432990767822623, 160684, 0, 0.0, 10, 
2019-12-08 10:58:32.38,341331824, 468.11316645516206, 2943652, 24.432990767822623, 160717, 0, 0.0, 10, 
2019-12-08 10:58:33.406,351254200, 468.11316645516206, 2944123, 24.432990767822623, 160742, 0, 0.0, 10, 
2019-12-08 10:58:34.433,362290536, 468.11316645516206, 2944595, 24.432990767822623, 160767, 0, 0.0, 10, 
2019-12-08 10:58:35.461,373055632, 468.11316645516206, 2945068, 24.432990767822623, 160795, 0, 0.0, 10, 
2019-12-08 10:58:36.485,382544464, 467.2086156088437, 2945529, 24.654228610707435, 160831, 0, 0.0, 10, 
2019-12-08 10:58:37.511,393597976, 467.2086156088437, 2946008, 24.654228610707435, 160855, 0, 0.0, 10, 
2019-12-08 10:58:38.534,403140192, 467.2086156088437, 2946490, 24.654228610707435, 160874, 0, 0.0, 10, 
2019-12-08 10:58:39.569,132187936, 467.2086156088437, 2946977, 24.654228610707435, 160902, 0, 0.0, 10, 
2019-12-08 10:58:40.595,141759560, 467.2086156088437, 2947477, 24.654228610707435, 160925, 0, 0.0, 10, 
2019-12-08 10:58:41.62,152091104, 467.879553659909, 2947975, 24.601919379172077, 160946, 0, 0.0, 10, 
2019-12-08 10:58:42.648,162218168, 467.879553659909, 2948476, 24.601919379172077, 160969, 0, 0.0, 10, 
2019-12-08 10:58:43.671,173923128, 467.879553659909, 2948943, 24.601919379172077, 161006, 0, 0.0, 10, 
2019-12-08 10:58:44.696,184165904, 467.879553659909, 2949389, 24.601919379172077, 161035, 0, 0.0, 10, 
2019-12-08 10:58:45.726,193431752, 467.879553659909, 2949865, 24.601919379172077, 161062, 0, 0.0, 10, 
2019-12-08 10:58:46.751,204186432, 467.36147715409027, 2950353, 24.841632670198855, 161102, 0, 0.0, 10, 
2019-12-08 10:58:47.776,215091664, 467.36147715409027, 2950822, 24.841632670198855, 161128, 0, 0.0, 10, 
2019-12-08 10:58:48.802,224485304, 467.36147715409027, 2951286, 24.841632670198855, 161149, 0, 0.0, 10, 
2019-12-08 10:58:49.828,234571320, 467.36147715409027, 2951764, 24.841632670198855, 161178, 0, 0.0, 10, 
2019-12-08 10:58:50.854,247218864, 467.36147715409027, 2952249, 24.841632670198855, 161200, 0, 0.0, 10, 
2019-12-08 10:58:51.884,256479896, 466.9487882268576, 2952697, 24.966232842275645, 161224, 0, 0.0, 10, 
2019-12-08 10:58:52.909,267510920, 466.9487882268576, 2953208, 24.966232842275645, 161245, 0, 0.0, 10, 
2019-12-08 10:58:53.939,277837640, 466.9487882268576, 2953702, 24.966232842275645, 161269, 0, 0.0, 10, 
2019-12-08 10:58:54.968,288142080, 466.9487882268576, 2954147, 24.966232842275645, 161300, 0, 0.0, 10, 
2019-12-08 10:58:55.994,297593416, 466.3931937965623, 2954609, 24.984923832211937, 161329, 0, 0.0, 10, 
2019-12-08 10:58:57.02,307627456, 466.3931937965623, 2955073, 24.984923832211937, 161357, 0, 0.0, 10, 
2019-12-08 10:58:58.046,319271080, 466.3931937965623, 2955536, 24.984923832211937, 161382, 0, 0.0, 10, 
2019-12-08 10:58:59.072,328322752, 466.3931937965623, 2956000, 24.984923832211937, 161407, 0, 0.0, 10, 
2019-12-08 10:59:00.098,337448848, 466.3931937965623, 2956468, 24.984923832211937, 161435, 0, 0.0, 10, 
2019-12-08 10:59:01.121,348024248, 465.1464308587598, 2956912, 24.93815590481017, 161455, 0, 0.0, 10, 
2019-12-08 10:59:02.148,359403664, 465.1464308587598, 2957370, 24.93815590481017, 161474, 0, 0.0, 10, 
2019-12-08 10:59:03.175,369736984, 465.1464308587598, 2957835, 24.93815590481017, 161503, 0, 0.0, 10, 
2019-12-08 10:59:04.202,377475840, 465.1464308587598, 2958287, 24.93815590481017, 161535, 0, 0.0, 10, 
2019-12-08 10:59:05.233,388454480, 465.1464308587598, 2958763, 24.93815590481017, 161553, 0, 0.0, 10, 
2019-12-08 10:59:06.259,399202360, 464.35115815709867, 2959255, 24.95909180271693, 161583, 0, 0.0, 10, 
2019-12-08 10:59:07.284,410140328, 464.35115815709867, 2959751, 24.95909180271693, 161602, 0, 0.0, 10, 
2019-12-08 10:59:08.308,136616872, 464.35115815709867, 2960232, 24.95909180271693, 161627, 0, 0.0, 10, 
2019-12-08 10:59:09.344,148000696, 464.35115815709867, 2960709, 24.95909180271693, 161654, 0, 0.0, 10, 
2019-12-08 10:59:10.37,158082160, 464.35115815709867, 2961201, 24.95909180271693, 161683, 0, 0.0, 10, 
2019-12-08 10:59:11.398,169186360, 464.8827701986849, 2961694, 24.866415939132345, 161703, 0, 0.0, 10, 
2019-12-08 10:59:12.433,179589344, 464.8827701986849, 2962202, 24.866415939132345, 161728, 0, 0.0, 10, 
2019-12-08 10:59:13.46,190096392, 464.8827701986849, 2962700, 24.866415939132345, 161751, 0, 0.0, 10, 
2019-12-08 10:59:14.487,200119280, 464.8827701986849, 2963197, 24.866415939132345, 161775, 0, 0.0, 10, 
2019-12-08 10:59:15.513,212116488, 464.8827701986849, 2963711, 24.866415939132345, 161799, 0, 0.0, 10, 
2019-12-08 10:59:16.539,223343872, 466.79508630789405, 2964182, 24.749167794322126, 161827, 0, 0.0, 10, 
2019-12-08 10:59:17.564,232078680, 466.79508630789405, 2964664, 24.749167794322126, 161856, 0, 0.0, 10, 
2019-12-08 10:59:18.589,242736040, 466.79508630789405, 2965173, 24.749167794322126, 161883, 0, 0.0, 10, 
2019-12-08 10:59:19.615,252360912, 466.79508630789405, 2965638, 24.749167794322126, 161905, 0, 0.0, 10, 
2019-12-08 10:59:20.641,262775376, 466.79508630789405, 2966095, 24.749167794322126, 161929, 0, 0.0, 10, 
2019-12-08 10:59:21.665,273311440, 466.8434525362452, 2966587, 24.72124987893451, 161946, 0, 0.0, 10, 
2019-12-08 10:59:22.697,283679648, 466.8434525362452, 2967081, 24.72124987893451, 161966, 0, 0.0, 10, 
2019-12-08 10:59:23.725,295748000, 466.8434525362452, 2967563, 24.72124987893451, 161989, 0, 0.0, 10, 
2019-12-08 10:59:24.752,305596384, 466.8434525362452, 2968079, 24.72124987893451, 162011, 0, 0.0, 10, 
2019-12-08 10:59:25.778,316879776, 466.8434525362452, 2968564, 24.72124987893451, 162035, 0, 0.0, 10, 
2019-12-08 10:59:26.895,326606320, 467.55957853160993, 2969059, 24.407724049479604, 162059, 0, 0.0, 10, 
2019-12-08 10:59:27.922,336650272, 467.55957853160993, 2969529, 24.407724049479604, 162094, 0, 0.0, 10, 
2019-12-08 10:59:28.946,346326272, 467.55957853160993, 2969995, 24.407724049479604, 162123, 0, 0.0, 10, 
2019-12-08 10:59:29.972,356923664, 467.55957853160993, 2970472, 24.407724049479604, 162146, 0, 0.0, 10, 
2019-12-08 10:59:30.998,367658448, 467.1150591757008, 2970963, 24.6629643417682, 162176, 0, 0.0, 10, 
2019-12-08 10:59:32.025,378105952, 467.1150591757008, 2971433, 24.6629643417682, 162198, 0, 0.0, 10, 
2019-12-08 10:59:33.051,389348616, 467.1150591757008, 2971885, 24.6629643417682, 162229, 0, 0.0, 10, 
2019-12-08 10:59:34.078,398284408, 467.1150591757008, 2972322, 24.6629643417682, 162255, 0, 0.0, 10, 
2019-12-08 10:59:35.104,409172296, 467.1150591757008, 2972800, 24.6629643417682, 162276, 0, 0.0, 10, 
2019-12-08 10:59:36.131,135356368, 465.9385080055435, 2973286, 24.577974405593967, 162298, 0, 0.0, 10, 
2019-12-08 10:59:37.156,143104120, 465.9385080055435, 2973781, 24.577974405593967, 162316, 0, 0.0, 10, 
2019-12-08 10:59:38.184,153652872, 465.9385080055435, 2974240, 24.577974405593967, 162341, 0, 0.0, 10, 
2019-12-08 10:59:39.212,164143200, 465.9385080055435, 2974695, 24.577974405593967, 162366, 0, 0.0, 10, 
2019-12-08 10:59:40.237,175105464, 465.9385080055435, 2975150, 24.577974405593967, 162396, 0, 0.0, 10, 
2019-12-08 10:59:41.263,186992024, 465.25580659976805, 2975653, 24.483788772443024, 162418, 0, 0.0, 10, 
2019-12-08 10:59:42.288,194643712, 465.25580659976805, 2976133, 24.483788772443024, 162442, 0, 0.0, 10, 
2019-12-08 10:59:43.317,205088248, 465.25580659976805, 2976611, 24.483788772443024, 162467, 0, 0.0, 10, 
2019-12-08 10:59:44.341,216703592, 465.25580659976805, 2977081, 24.483788772443024, 162492, 0, 0.0, 10, 
2019-12-08 10:59:45.367,226672216, 465.25580659976805, 2977551, 24.483788772443024, 162518, 0, 0.0, 10, 
2019-12-08 10:59:46.392,237157816, 465.6831047114177, 2978049, 24.445107157946584, 162537, 0, 0.0, 10, 
2019-12-08 10:59:47.432,247087192, 465.6831047114177, 2978529, 24.445107157946584, 162559, 0, 0.0, 10, 
2019-12-08 10:59:48.459,256841872, 465.6831047114177, 2979000, 24.445107157946584, 162591, 0, 0.0, 10, 
2019-12-08 10:59:49.485,268451920, 465.6831047114177, 2979502, 24.445107157946584, 162617, 0, 0.0, 10, 
2019-12-08 10:59:50.513,269784864, 465.6831047114177, 2979560, 24.445107157946584, 162624, 0, 0.0, 10, 
2019-12-08 10:59:51.542,270909016, 455.841923024976, 2979560, 23.977758193578634, 162624, 0, 0.0, 10, 
2019-12-08 10:59:52.571,271806192, 455.841923024976, 2979560, 23.977758193578634, 162624, 0, 0.0, 10, 
