Timestamp, MemoryUsed, ReadLatency1, ReadCount, WriteLatency1, WriteCount, PendingTasks, WaitingOnCommit1, SRDelay, 
2019-12-08 10:51:31.208,627675448, 14.532276620996013, 2754322, 3.352994839189961, 150541, 0, 0.0, 10, 
2019-12-08 10:51:32.362,637112632, 17.671950429938082, 2754681, 3.340762047263835, 150560, 0, 0.0, 10, 
2019-12-08 10:51:33.396,649695544, 17.671950429938082, 2755255, 3.340762047263835, 150588, 0, 0.0, 10, 
2019-12-08 10:51:34.434,665424184, 17.671950429938082, 2756018, 3.340762047263835, 150645, 0, 0.0, 10, 
2019-12-08 10:51:35.487,681152824, 17.671950429938082, 2756734, 3.340762047263835, 150682, 0, 0.0, 10, 
2019-12-08 10:51:36.523,698978616, 64.16836604278029, 2757452, 5.600245959904099, 150715, 0, 0.0, 10, 
2019-12-08 10:51:37.556,714707256, 64.16836604278029, 2758213, 5.600245959904099, 150755, 0, 0.0, 10, 
2019-12-08 10:51:38.587,730435896, 64.16836604278029, 2759018, 5.600245959904099, 150794, 0, 0.0, 10, 
2019-12-08 10:51:39.616,748261688, 64.16836604278029, 2759878, 5.600245959904099, 150837, 0, 0.0, 10, 
2019-12-08 10:51:40.644,766087480, 64.16836604278029, 2760755, 5.600245959904099, 150871, 0, 0.0, 10, 
2019-12-08 10:51:41.672,782864696, 123.16212624083265, 2761634, 8.398671782009673, 150918, 0, 0.0, 10, 
2019-12-08 10:51:42.702,800690488, 123.16212624083265, 2762495, 8.398671782009673, 150960, 0, 0.0, 10, 
2019-12-08 10:51:43.734,819564856, 123.16212624083265, 2763468, 8.398671782009673, 151016, 0, 0.0, 10, 
2019-12-08 10:51:44.762,190248424, 123.16212624083265, 2764368, 8.398671782009673, 151059, 0, 0.0, 10, 
2019-12-08 10:51:45.787,210171368, 123.16212624083265, 2765398, 8.398671782009673, 151126, 0, 0.0, 10, 
2019-12-08 10:51:46.817,229045736, 187.14561387303257, 2766426, 11.628983629431929, 151185, 0, 0.0, 10, 
2019-12-08 10:51:47.848,250017256, 187.14561387303257, 2767422, 11.628983629431929, 151236, 0, 0.0, 10, 
2019-12-08 10:51:48.873,268891624, 187.14561387303257, 2768426, 11.628983629431929, 151293, 0, 0.0, 10, 
2019-12-08 10:51:49.902,288814568, 187.14561387303257, 2769440, 11.628983629431929, 151341, 0, 0.0, 10, 
2019-12-08 10:51:50.942,309786088, 187.14561387303257, 2770536, 11.628983629431929, 151402, 0, 0.0, 10, 
2019-12-08 10:51:51.981,334951912, 253.81692942972052, 2771873, 15.272640919277391, 151478, 0, 0.0, 10, 
2019-12-08 10:51:53.015,358020584, 253.81692942972052, 2773049, 15.272640919277391, 151541, 0, 0.0, 10, 
2019-12-08 10:51:54.046,380040680, 253.81692942972052, 2774240, 15.272640919277391, 151582, 0, 0.0, 10, 
2019-12-08 10:51:55.077,406255080, 253.81692942972052, 2775648, 15.272640919277391, 151664, 0, 0.0, 10, 
2019-12-08 10:51:56.108,431420904, 253.81692942972052, 2776986, 15.272640919277391, 151737, 0, 0.0, 10, 
2019-12-08 10:51:57.138,449246696, 333.59525891011845, 2777635, 19.15267432106959, 151769, 0, 0.0, 10, 
2019-12-08 10:51:58.211,450295272, 333.59525891011845, 2777635, 19.15267432106959, 151769, 0, 0.0, 10, 
2019-12-08 10:51:59.244,451343848, 333.59525891011845, 2777635, 19.15267432106959, 151769, 0, 0.0, 10, 
