Timestamp, MemoryUsed, ReadLatency1, ReadCount, WriteLatency1, WriteCount, PendingTasks, WaitingOnCommit1, SRDelay, 
2019-12-08 10:51:31.32,628724024, 14.532276620996013, 2754331, 3.352994839189961, 150545, 0, 0.0, 10, 
2019-12-08 10:51:32.458,638161208, 17.671950429938082, 2754718, 3.340762047263835, 150564, 0, 0.0, 10, 
2019-12-08 10:51:33.497,651792696, 17.671950429938082, 2755313, 3.340762047263835, 150595, 0, 0.0, 10, 
2019-12-08 10:51:34.542,666472760, 17.671950429938082, 2756072, 3.340762047263835, 150649, 0, 0.0, 10, 
2019-12-08 10:51:35.586,684298552, 17.671950429938082, 2756786, 3.340762047263835, 150684, 0, 0.0, 10, 
2019-12-08 10:51:36.627,700027192, 64.16836604278029, 2757505, 5.600245959904099, 150717, 0, 0.0, 10, 
2019-12-08 10:51:37.659,715755832, 64.16836604278029, 2758273, 5.600245959904099, 150758, 0, 0.0, 10, 
2019-12-08 10:51:38.698,731484472, 64.16836604278029, 2759089, 5.600245959904099, 150797, 0, 0.0, 10, 
2019-12-08 10:51:39.734,750358840, 64.16836604278029, 2759961, 5.600245959904099, 150846, 0, 0.0, 10, 
2019-12-08 10:51:40.763,768184632, 64.16836604278029, 2760837, 5.600245959904099, 150875, 0, 0.0, 10, 
2019-12-08 10:51:41.793,784961848, 123.16212624083265, 2761715, 8.398671782009673, 150921, 0, 0.0, 10, 
2019-12-08 10:51:42.826,802787640, 123.16212624083265, 2762580, 8.398671782009673, 150968, 0, 0.0, 10, 
2019-12-08 10:51:43.912,822710584, 123.16212624083265, 2763629, 8.398671782009673, 151025, 0, 0.0, 10, 
2019-12-08 10:51:44.946,193394152, 123.16212624083265, 2764527, 8.398671782009673, 151071, 0, 0.0, 10, 
2019-12-08 10:51:45.98,213317096, 123.16212624083265, 2765583, 8.398671782009673, 151132, 0, 0.0, 10, 
2019-12-08 10:51:47.005,233240040, 187.14561387303257, 2766591, 11.628983629431929, 151193, 0, 0.0, 10, 
2019-12-08 10:51:48.036,253162984, 187.14561387303257, 2767596, 11.628983629431929, 151248, 0, 0.0, 10, 
2019-12-08 10:51:49.072,273085928, 187.14561387303257, 2768616, 11.628983629431929, 151301, 0, 0.0, 10, 
2019-12-08 10:51:50.107,294057448, 187.14561387303257, 2769667, 11.628983629431929, 151350, 0, 0.0, 10, 
2019-12-08 10:51:51.14,313980392, 187.14561387303257, 2770754, 11.628983629431929, 151414, 0, 0.0, 10, 
2019-12-08 10:51:52.172,339146216, 253.81692942972052, 2772059, 15.272640919277391, 151486, 0, 0.0, 10, 
2019-12-08 10:51:53.204,361166312, 253.81692942972052, 2773227, 15.272640919277391, 151547, 0, 0.0, 10, 
2019-12-08 10:51:54.232,384234984, 253.81692942972052, 2774475, 15.272640919277391, 151590, 0, 0.0, 10, 
2019-12-08 10:51:55.259,409400808, 253.81692942972052, 2775797, 15.272640919277391, 151672, 0, 0.0, 10, 
2019-12-08 10:51:56.286,435615208, 253.81692942972052, 2777218, 15.272640919277391, 151749, 0, 0.0, 10, 
2019-12-08 10:51:57.313,449246696, 333.59525891011845, 2777635, 19.15267432106959, 151769, 0, 0.0, 10, 
2019-12-08 10:51:58.352,450295272, 333.59525891011845, 2777635, 19.15267432106959, 151769, 0, 0.0, 10, 
2019-12-08 10:51:59.393,452392424, 333.59525891011845, 2777635, 19.15267432106959, 151769, 0, 0.0, 10, 
2019-12-08 10:52:00.425,453441000, 333.59525891011845, 2777635, 19.15267432106959, 151769, 0, 0.0, 10, 
2019-12-08 10:52:01.467,454489576, 311.3519941366129, 2777635, 17.829195556278304, 151769, 0, 0.0, 10, 
2019-12-08 10:52:02.509,454489576, 311.3519941366129, 2777635, 17.829195556278304, 151769, 0, 0.0, 10, 
2019-12-08 10:52:03.639,455538152, 311.3519941366129, 2777635, 17.829195556278304, 151769, 0, 0.0, 10, 
2019-12-08 10:52:04.695,456586728, 311.3519941366129, 2777635, 17.829195556278304, 151769, 0, 0.0, 10, 
2019-12-08 10:52:05.729,458683880, 311.3519941366129, 2777635, 17.829195556278304, 151769, 0, 0.0, 10, 
2019-12-08 10:52:06.767,461829608, 287.46510356476307, 2777762, 16.45162514011021, 151774, 0, 0.0, 10, 
2019-12-08 10:52:07.792,470218216, 287.46510356476307, 2778032, 16.45162514011021, 151784, 0, 0.0, 10, 
2019-12-08 10:52:08.815,481752552, 287.46510356476307, 2778532, 16.45162514011021, 151812, 0, 0.0, 10, 
2019-12-08 10:52:09.846,496432616, 287.46510356476307, 2779247, 16.45162514011021, 151856, 0, 0.0, 10, 
2019-12-08 10:52:10.869,510064104, 287.46510356476307, 2779976, 16.45162514011021, 151898, 0, 0.0, 10, 
2019-12-08 10:52:11.897,525792744, 307.11298105524503, 2780758, 17.566875617002328, 151938, 0, 0.0, 10, 
2019-12-08 10:52:12.921,542569960, 307.11298105524503, 2781582, 17.566875617002328, 151984, 0, 0.0, 10, 
2019-12-08 10:52:13.946,558298600, 307.11298105524503, 2782404, 17.566875617002328, 152025, 0, 0.0, 10, 
2019-12-08 10:52:14.968,574027240, 307.11298105524503, 2783177, 17.566875617002328, 152060, 0, 0.0, 10, 
2019-12-08 10:52:15.998,589755880, 307.11298105524503, 2783972, 17.566875617002328, 152096, 0, 0.0, 10, 
2019-12-08 10:52:17.021,606533096, 345.7384864399481, 2784879, 19.088680218477805, 152136, 0, 0.0, 10, 
2019-12-08 10:52:18.046,625407464, 345.7384864399481, 2785819, 19.088680218477805, 152180, 0, 0.0, 10, 
2019-12-08 10:52:19.071,644281832, 345.7384864399481, 2786790, 19.088680218477805, 152220, 0, 0.0, 10, 
2019-12-08 10:52:20.094,663156200, 345.7384864399481, 2787753, 19.088680218477805, 152278, 0, 0.0, 10, 
2019-12-08 10:52:21.12,682030568, 345.7384864399481, 2788751, 19.088680218477805, 152344, 0, 0.0, 10, 
2019-12-08 10:52:22.149,699856360, 393.63680042968565, 2789681, 21.576204003263726, 152399, 0, 0.0, 10, 
2019-12-08 10:52:23.175,718730728, 393.63680042968565, 2790702, 21.576204003263726, 152449, 0, 0.0, 10, 
2019-12-08 10:52:24.2,739702248, 393.63680042968565, 2791814, 21.576204003263726, 152504, 0, 0.0, 10, 
2019-12-08 10:52:25.23,758576616, 393.63680042968565, 2792857, 21.576204003263726, 152551, 0, 0.0, 10, 
2019-12-08 10:52:26.257,781645288, 393.63680042968565, 2794040, 21.576204003263726, 152620, 0, 0.0, 10, 
2019-12-08 10:52:27.279,805762536, 444.9813349548368, 2795274, 24.216640943344586, 152690, 0, 0.0, 10, 
2019-12-08 10:52:28.337,195750984, 444.9813349548368, 2796618, 24.216640943344586, 152772, 0, 0.0, 10, 
2019-12-08 10:52:29.367,221965384, 444.9813349548368, 2798087, 24.216640943344586, 152849, 0, 0.0, 10, 
2019-12-08 10:52:30.395,246082632, 444.9813349548368, 2799427, 24.216640943344586, 152917, 0, 0.0, 10, 
2019-12-08 10:52:31.421,271248456, 514.0644530897135, 2800786, 28.053178504770834, 152993, 0, 0.0, 10, 
2019-12-08 10:52:32.447,296414280, 514.0644530897135, 2802224, 28.053178504770834, 153082, 0, 0.0, 10, 
2019-12-08 10:52:33.475,322628680, 514.0644530897135, 2803685, 28.053178504770834, 153170, 0, 0.0, 10, 
2019-12-08 10:52:34.509,349891656, 514.0644530897135, 2805162, 28.053178504770834, 153251, 0, 0.0, 10, 
2019-12-08 10:52:35.536,375057480, 514.0644530897135, 2806475, 28.053178504770834, 153313, 0, 0.0, 10, 
2019-12-08 10:52:36.566,396029000, 581.0780713628977, 2807675, 31.66291904504733, 153369, 0, 0.0, 10, 
2019-12-08 10:52:37.593,417000520, 581.0780713628977, 2808685, 31.66291904504733, 153444, 0, 0.0, 10, 
2019-12-08 10:52:38.617,439020616, 581.0780713628977, 2809927, 31.66291904504733, 153506, 0, 0.0, 10, 
2019-12-08 10:52:39.64,452652104, 581.0780713628977, 2810639, 31.66291904504733, 153546, 0, 0.0, 10, 
2019-12-08 10:52:40.673,463137864, 581.0780713628977, 2811128, 31.66291904504733, 153574, 0, 0.0, 10, 
2019-12-08 10:52:41.703,475720776, 597.8305198150704, 2811623, 32.84123097945562, 153600, 0, 0.0, 10, 
2019-12-08 10:52:42.731,485157960, 597.8305198150704, 2812098, 32.84123097945562, 153620, 0, 0.0, 10, 
2019-12-08 10:52:43.761,495643720, 597.8305198150704, 2812595, 32.84123097945562, 153649, 0, 0.0, 10, 
2019-12-08 10:52:44.79,505080904, 597.8305198150704, 2813047, 32.84123097945562, 153673, 0, 0.0, 10, 
2019-12-08 10:52:45.82,516615240, 597.8305198150704, 2813548, 32.84123097945562, 153701, 0, 0.0, 10, 
2019-12-08 10:52:46.854,528149576, 587.5777735408703, 2814034, 32.102342946947616, 153722, 0, 0.0, 10, 
2019-12-08 10:52:47.891,537586760, 587.5777735408703, 2814546, 32.102342946947616, 153740, 0, 0.0, 10, 
2019-12-08 10:52:48.932,548072520, 587.5777735408703, 2815025, 32.102342946947616, 153767, 0, 0.0, 10, 
2019-12-08 10:52:49.959,560655432, 587.5777735408703, 2815527, 32.102342946947616, 153794, 0, 0.0, 10, 
2019-12-08 10:52:50.986,575335496, 587.5777735408703, 2816016, 32.102342946947616, 153817, 0, 0.0, 10, 
2019-12-08 10:52:52.019,584772680, 578.7684451625721, 2816492, 31.390550905453903, 153841, 0, 0.0, 10, 
2019-12-08 10:52:53.049,595258440, 578.7684451625721, 2816989, 31.390550905453903, 153865, 0, 0.0, 10, 
2019-12-08 10:52:54.079,606792776, 578.7684451625721, 2817464, 31.390550905453903, 153893, 0, 0.0, 10, 
2019-12-08 10:52:55.107,616229960, 578.7684451625721, 2817905, 31.390550905453903, 153922, 0, 0.0, 10, 
2019-12-08 10:52:56.133,626715720, 578.7684451625721, 2818390, 31.390550905453903, 153955, 0, 0.0, 10, 
2019-12-08 10:52:57.169,637201480, 569.2562534889594, 2818891, 31.039501837708578, 153989, 0, 0.0, 10, 
2019-12-08 10:52:58.199,648735816, 569.2562534889594, 2819371, 31.039501837708578, 154011, 0, 0.0, 10, 
2019-12-08 10:52:59.228,659221576, 569.2562534889594, 2819888, 31.039501837708578, 154040, 0, 0.0, 10, 
2019-12-08 10:53:00.268,669707336, 569.2562534889594, 2820377, 31.039501837708578, 154069, 0, 0.0, 10, 
2019-12-08 10:53:01.294,679144520, 569.2562534889594, 2820830, 31.039501837708578, 154092, 0, 0.0, 10, 
2019-12-08 10:53:02.329,691727432, 561.6239928639579, 2821343, 30.76449445489107, 154117, 0, 0.0, 10, 
2019-12-08 10:53:03.383,702213192, 561.6239928639579, 2821843, 30.76449445489107, 154144, 0, 0.0, 10, 
2019-12-08 10:53:04.419,712698952, 561.6239928639579, 2822366, 30.76449445489107, 154164, 0, 0.0, 10, 
2019-12-08 10:53:05.444,723184712, 561.6239928639579, 2822826, 30.76449445489107, 154180, 0, 0.0, 10, 
2019-12-08 10:53:06.472,735767624, 555.4814855440076, 2823337, 29.935795233679126, 154203, 0, 0.0, 10, 
2019-12-08 10:53:07.497,745204808, 555.4814855440076, 2823832, 29.935795233679126, 154220, 0, 0.0, 10, 
2019-12-08 10:53:08.525,755690568, 555.4814855440076, 2824307, 29.935795233679126, 154248, 0, 0.0, 10, 
2019-12-08 10:53:09.55,764079176, 555.4814855440076, 2824748, 29.935795233679126, 154265, 0, 0.0, 10, 
2019-12-08 10:53:10.585,774564936, 555.4814855440076, 2825221, 29.935795233679126, 154283, 0, 0.0, 10, 
2019-12-08 10:53:11.613,786099272, 547.895180826497, 2825710, 29.013443973054052, 154301, 0, 0.0, 10, 
2019-12-08 10:53:12.641,795536456, 547.895180826497, 2826195, 29.013443973054052, 154333, 0, 0.0, 10, 
2019-12-08 10:53:13.672,807070792, 547.895180826497, 2826699, 29.013443973054052, 154362, 0, 0.0, 10, 
2019-12-08 10:53:14.705,817556552, 547.895180826497, 2827178, 29.013443973054052, 154392, 0, 0.0, 10, 
2019-12-08 10:53:15.729,829090888, 547.895180826497, 2827701, 29.013443973054052, 154415, 0, 0.0, 10, 
2019-12-08 10:53:16.755,196791240, 542.8503687094458, 2828212, 29.124306871837756, 154455, 0, 0.0, 10, 
2019-12-08 10:53:17.786,207277000, 542.8503687094458, 2828695, 29.124306871837756, 154485, 0, 0.0, 10, 
2019-12-08 10:53:18.813,217762760, 542.8503687094458, 2829183, 29.124306871837756, 154503, 0, 0.0, 10, 
2019-12-08 10:53:19.84,229297096, 542.8503687094458, 2829665, 29.124306871837756, 154530, 0, 0.0, 10, 
2019-12-08 10:53:20.869,239782856, 542.8503687094458, 2830146, 29.124306871837756, 154553, 0, 0.0, 10, 
2019-12-08 10:53:21.896,249220040, 537.6812106348519, 2830626, 28.8105366187258, 154582, 0, 0.0, 10, 
2019-12-08 10:53:22.93,260754376, 537.6812106348519, 2831122, 28.8105366187258, 154609, 0, 0.0, 10, 
2019-12-08 10:53:23.956,270191560, 537.6812106348519, 2831611, 28.8105366187258, 154632, 0, 0.0, 10, 
2019-12-08 10:53:24.988,281725896, 537.6812106348519, 2832073, 28.8105366187258, 154651, 0, 0.0, 10, 
2019-12-08 10:53:26.021,291163080, 537.6812106348519, 2832543, 28.8105366187258, 154676, 0, 0.0, 10, 
2019-12-08 10:53:27.056,302697416, 531.406199497943, 2833042, 28.39392511328023, 154704, 0, 0.0, 10, 
2019-12-08 10:53:28.089,312134600, 531.406199497943, 2833535, 28.39392511328023, 154728, 0, 0.0, 10, 
2019-12-08 10:53:29.116,324717512, 531.406199497943, 2834019, 28.39392511328023, 154751, 0, 0.0, 10, 
2019-12-08 10:53:30.149,335203272, 531.406199497943, 2834525, 28.39392511328023, 154768, 0, 0.0, 10, 
2019-12-08 10:53:31.175,347786184, 531.406199497943, 2835049, 28.39392511328023, 154791, 0, 0.0, 10, 
2019-12-08 10:53:32.203,357223368, 527.7117557693307, 2835540, 27.94665955632818, 154825, 0, 0.0, 10, 
2019-12-08 10:53:33.235,367709128, 527.7117557693307, 2835989, 27.94665955632818, 154846, 0, 0.0, 10, 
2019-12-08 10:53:34.263,379243464, 527.7117557693307, 2836498, 27.94665955632818, 154874, 0, 0.0, 10, 
2019-12-08 10:53:35.289,390777800, 527.7117557693307, 2836977, 27.94665955632818, 154897, 0, 0.0, 10, 
2019-12-08 10:53:36.319,400214984, 527.7117557693307, 2837465, 27.94665955632818, 154920, 0, 0.0, 10, 
2019-12-08 10:53:37.347,409652168, 523.1453519052468, 2837919, 27.615110964169048, 154944, 0, 0.0, 10, 
2019-12-08 10:53:38.374,420137928, 523.1453519052468, 2838373, 27.615110964169048, 154966, 0, 0.0, 10, 
2019-12-08 10:53:39.399,429575112, 523.1453519052468, 2838825, 27.615110964169048, 154991, 0, 0.0, 10, 
2019-12-08 10:53:40.426,441109448, 523.1453519052468, 2839283, 27.615110964169048, 155019, 0, 0.0, 10, 
2019-12-08 10:53:41.452,450546632, 517.7127415204461, 2839791, 27.35804488499723, 155044, 0, 0.0, 10, 
2019-12-08 10:53:42.476,461032392, 517.7127415204461, 2840271, 27.35804488499723, 155063, 0, 0.0, 10, 
2019-12-08 10:53:43.513,472566728, 517.7127415204461, 2840748, 27.35804488499723, 155087, 0, 0.0, 10, 
2019-12-08 10:53:44.54,483052488, 517.7127415204461, 2841201, 27.35804488499723, 155124, 0, 0.0, 10, 
2019-12-08 10:53:45.568,493538248, 517.7127415204461, 2841702, 27.35804488499723, 155160, 0, 0.0, 10, 
2019-12-08 10:53:46.592,505072584, 513.7059479376494, 2842202, 27.393381664924842, 155185, 0, 0.0, 10, 
2019-12-08 10:53:47.617,513461192, 513.7059479376494, 2842666, 27.393381664924842, 155215, 0, 0.0, 10, 
2019-12-08 10:53:48.647,523946952, 513.7059479376494, 2843130, 27.393381664924842, 155247, 0, 0.0, 10, 
2019-12-08 10:53:49.675,534432712, 513.7059479376494, 2843619, 27.393381664924842, 155279, 0, 0.0, 10, 
2019-12-08 10:53:50.704,543869896, 513.7059479376494, 2844068, 27.393381664924842, 155307, 0, 0.0, 10, 
2019-12-08 10:53:51.733,556452808, 509.18798179336966, 2844574, 27.489857540224765, 155331, 0, 0.0, 10, 
2019-12-08 10:53:52.766,565889992, 509.18798179336966, 2845070, 27.489857540224765, 155352, 0, 0.0, 10, 
2019-12-08 10:53:53.797,577424328, 509.18798179336966, 2845575, 27.489857540224765, 155384, 0, 0.0, 10, 
2019-12-08 10:53:54.824,590007240, 509.18798179336966, 2846084, 27.489857540224765, 155416, 0, 0.0, 10, 
2019-12-08 10:53:55.849,601541576, 509.18798179336966, 2846569, 27.489857540224765, 155445, 0, 0.0, 10, 
2019-12-08 10:53:56.881,612027336, 507.62181324285064, 2847087, 27.434699576773717, 155468, 0, 0.0, 10, 
2019-12-08 10:53:57.909,624610248, 507.62181324285064, 2847617, 27.434699576773717, 155485, 0, 0.0, 10, 
2019-12-08 10:53:58.958,634047432, 507.62181324285064, 2848132, 27.434699576773717, 155506, 0, 0.0, 10, 
2019-12-08 10:53:59.984,645581768, 507.62181324285064, 2848611, 27.434699576773717, 155527, 0, 0.0, 10, 
2019-12-08 10:54:01.01,656067528, 507.62181324285064, 2849074, 27.434699576773717, 155551, 0, 0.0, 10, 
2019-12-08 10:54:02.036,665504712, 505.5092416984638, 2849535, 26.904218288354198, 155580, 0, 0.0, 10, 
2019-12-08 10:54:03.065,674941896, 505.5092416984638, 2849993, 26.904218288354198, 155609, 0, 0.0, 10, 
2019-12-08 10:54:04.092,686476232, 505.5092416984638, 2850473, 26.904218288354198, 155634, 0, 0.0, 10, 
2019-12-08 10:54:05.118,696961992, 505.5092416984638, 2850986, 26.904218288354198, 155670, 0, 0.0, 10, 
2019-12-08 10:54:06.152,707447752, 505.5092416984638, 2851471, 26.904218288354198, 155694, 0, 0.0, 10, 
2019-12-08 10:54:07.181,717933512, 502.51016832165294, 2851964, 26.991832156547318, 155719, 0, 0.0, 10, 
2019-12-08 10:54:08.208,728419272, 502.51016832165294, 2852433, 26.991832156547318, 155744, 0, 0.0, 10, 
2019-12-08 10:54:09.235,738905032, 502.51016832165294, 2852902, 26.991832156547318, 155778, 0, 0.0, 10, 
2019-12-08 10:54:10.264,748342216, 502.51016832165294, 2853372, 26.991832156547318, 155798, 0, 0.0, 10, 
2019-12-08 10:54:11.292,758827976, 502.51016832165294, 2853850, 26.991832156547318, 155820, 0, 0.0, 10, 
2019-12-08 10:54:12.319,768265160, 499.33511856832706, 2854338, 26.736627348065632, 155839, 0, 0.0, 10, 
2019-12-08 10:54:13.351,779799496, 499.33511856832706, 2854838, 26.736627348065632, 155867, 0, 0.0, 10, 
2019-12-08 10:54:14.381,789236680, 499.33511856832706, 2855330, 26.736627348065632, 155901, 0, 0.0, 10, 
2019-12-08 10:54:15.408,801819592, 499.33511856832706, 2855819, 26.736627348065632, 155929, 0, 0.0, 10, 
2019-12-08 10:54:16.441,813353928, 498.1249813035419, 2856340, 26.581783174806183, 155946, 0, 0.0, 10, 
2019-12-08 10:54:17.467,823839688, 498.1249813035419, 2856830, 26.581783174806183, 155963, 0, 0.0, 10, 
2019-12-08 10:54:18.495,834325448, 498.1249813035419, 2857302, 26.581783174806183, 155997, 0, 0.0, 10, 
2019-12-08 10:54:19.519,206377808, 498.1249813035419, 2857772, 26.581783174806183, 156010, 0, 0.0, 10, 
2019-12-08 10:54:20.546,215814992, 498.1249813035419, 2858273, 26.581783174806183, 156033, 0, 0.0, 10, 
2019-12-08 10:54:21.571,227349328, 495.6683474379142, 2858739, 26.34337295561612, 156065, 0, 0.0, 10, 
2019-12-08 10:54:22.597,237835088, 495.6683474379142, 2859217, 26.34337295561612, 156093, 0, 0.0, 10, 
2019-12-08 10:54:23.623,248320848, 495.6683474379142, 2859678, 26.34337295561612, 156122, 0, 0.0, 10, 
2019-12-08 10:54:24.66,258806608, 495.6683474379142, 2860141, 26.34337295561612, 156150, 0, 0.0, 10, 
2019-12-08 10:54:25.686,269292368, 495.6683474379142, 2860674, 26.34337295561612, 156171, 0, 0.0, 10, 
2019-12-08 10:54:26.712,279778128, 494.0797620881678, 2861194, 26.267945018726966, 156193, 0, 0.0, 10, 
2019-12-08 10:54:27.75,290263888, 494.0797620881678, 2861672, 26.267945018726966, 156226, 0, 0.0, 10, 
2019-12-08 10:54:28.776,301798224, 494.0797620881678, 2862161, 26.267945018726966, 156250, 0, 0.0, 10, 
2019-12-08 10:54:29.802,312283984, 494.0797620881678, 2862682, 26.267945018726966, 156275, 0, 0.0, 10, 
2019-12-08 10:54:30.828,322769744, 494.0797620881678, 2863177, 26.267945018726966, 156300, 0, 0.0, 10, 
2019-12-08 10:54:31.853,334304080, 493.1299087563439, 2863689, 26.134583498388547, 156319, 0, 0.0, 10, 
2019-12-08 10:54:32.884,344789840, 493.1299087563439, 2864166, 26.134583498388547, 156349, 0, 0.0, 10, 
2019-12-08 10:54:33.911,355275600, 493.1299087563439, 2864672, 26.134583498388547, 156371, 0, 0.0, 10, 
2019-12-08 10:54:34.938,365761360, 493.1299087563439, 2865169, 26.134583498388547, 156394, 0, 0.0, 10, 
2019-12-08 10:54:35.969,376247120, 493.1299087563439, 2865636, 26.134583498388547, 156425, 0, 0.0, 10, 
2019-12-08 10:54:36.996,386732880, 491.92018804512554, 2866119, 25.995893859400574, 156447, 0, 0.0, 10, 
2019-12-08 10:54:38.022,399315792, 491.92018804512554, 2866623, 25.995893859400574, 156473, 0, 0.0, 10, 
2019-12-08 10:54:39.051,408752976, 491.92018804512554, 2867117, 25.995893859400574, 156494, 0, 0.0, 10, 
2019-12-08 10:54:40.082,420287312, 491.92018804512554, 2867599, 25.995893859400574, 156511, 0, 0.0, 10, 
2019-12-08 10:54:41.108,430773072, 491.92018804512554, 2868063, 25.995893859400574, 156536, 0, 0.0, 10, 
2019-12-08 10:54:42.134,440210256, 490.42340445172835, 2868540, 25.660408709718975, 156564, 0, 0.0, 10, 
2019-12-08 10:54:43.16,450696016, 490.42340445172835, 2869029, 25.660408709718975, 156588, 0, 0.0, 10, 
2019-12-08 10:54:44.186,461181776, 490.42340445172835, 2869511, 25.660408709718975, 156609, 0, 0.0, 10, 
2019-12-08 10:54:45.218,471667536, 490.42340445172835, 2869981, 25.660408709718975, 156642, 0, 0.0, 10, 
2019-12-08 10:54:46.249,481104720, 490.42340445172835, 2870441, 25.660408709718975, 156671, 0, 0.0, 10, 
2019-12-08 10:54:47.276,491590480, 488.1188122764147, 2870893, 25.687560930120178, 156698, 0, 0.0, 10, 
2019-12-08 10:54:48.302,502076240, 488.1188122764147, 2871367, 25.687560930120178, 156725, 0, 0.0, 10, 
2019-12-08 10:54:49.341,512562000, 488.1188122764147, 2871861, 25.687560930120178, 156754, 0, 0.0, 10, 
2019-12-08 10:54:50.368,524096336, 488.1188122764147, 2872377, 25.687560930120178, 156782, 0, 0.0, 10, 
2019-12-08 10:54:51.393,533533520, 488.1188122764147, 2872858, 25.687560930120178, 156809, 0, 0.0, 10, 
2019-12-08 10:54:52.422,544019280, 486.6381298004843, 2873367, 25.792497764215764, 156822, 0, 0.0, 10, 
2019-12-08 10:54:53.45,554505040, 486.6381298004843, 2873826, 25.792497764215764, 156847, 0, 0.0, 10, 
2019-12-08 10:54:54.481,564990800, 486.6381298004843, 2874308, 25.792497764215764, 156876, 0, 0.0, 10, 
2019-12-08 10:54:55.507,575476560, 486.6381298004843, 2874822, 25.792497764215764, 156908, 0, 0.0, 10, 
2019-12-08 10:54:56.534,585962320, 485.4837206806287, 2875292, 25.569221970831588, 156927, 0, 0.0, 10, 
2019-12-08 10:54:57.559,598545232, 485.4837206806287, 2875782, 25.569221970831588, 156946, 0, 0.0, 10, 
2019-12-08 10:54:58.586,610079568, 485.4837206806287, 2876279, 25.569221970831588, 156968, 0, 0.0, 10, 
2019-12-08 10:54:59.612,620565328, 485.4837206806287, 2876783, 25.569221970831588, 156993, 0, 0.0, 10, 
2019-12-08 10:55:00.64,631051088, 485.4837206806287, 2877246, 25.569221970831588, 157011, 0, 0.0, 10, 
2019-12-08 10:55:01.668,641536848, 484.85337317871017, 2877736, 25.23586938761346, 157041, 0, 0.0, 10, 
2019-12-08 10:55:02.693,652022608, 484.85337317871017, 2878235, 25.23586938761346, 157068, 0, 0.0, 10, 
2019-12-08 10:55:03.721,662508368, 484.85337317871017, 2878751, 25.23586938761346, 157099, 0, 0.0, 10, 
2019-12-08 10:55:04.79,672994128, 484.85337317871017, 2879266, 25.23586938761346, 157127, 0, 0.0, 10, 
2019-12-08 10:55:05.82,683479888, 484.85337317871017, 2879747, 25.23586938761346, 157155, 0, 0.0, 10, 
2019-12-08 10:55:06.847,693965648, 484.73716787544436, 2880244, 25.472868185841968, 157182, 0, 0.0, 10, 
2019-12-08 10:55:07.876,705499984, 484.73716787544436, 2880725, 25.472868185841968, 157208, 0, 0.0, 10, 
2019-12-08 10:55:08.904,715985744, 484.73716787544436, 2881199, 25.472868185841968, 157229, 0, 0.0, 10, 
2019-12-08 10:55:09.93,725422928, 484.73716787544436, 2881669, 25.472868185841968, 157254, 0, 0.0, 10, 
2019-12-08 10:55:10.957,736957264, 484.73716787544436, 2882158, 25.472868185841968, 157283, 0, 0.0, 10, 
2019-12-08 10:55:11.982,748491600, 483.3989378205159, 2882652, 25.419068616165667, 157313, 0, 0.0, 10, 
2019-12-08 10:55:13.01,772608848, 483.3989378205159, 2883134, 25.419068616165667, 157341, 0, 0.0, 10, 
2019-12-08 10:55:14.035,783094608, 483.3989378205159, 2883617, 25.419068616165667, 157369, 0, 0.0, 10, 
2019-12-08 10:55:15.062,793580368, 483.3989378205159, 2884111, 25.419068616165667, 157397, 0, 0.0, 10, 
2019-12-08 10:55:16.088,804066128, 483.3989378205159, 2884597, 25.419068616165667, 157426, 0, 0.0, 10, 
2019-12-08 10:55:17.116,814551888, 482.5994668939915, 2885066, 25.577455144539286, 157452, 0, 0.0, 10, 
2019-12-08 10:55:18.14,826086224, 482.5994668939915, 2885565, 25.577455144539286, 157484, 0, 0.0, 10, 
2019-12-08 10:55:19.167,837620560, 482.5994668939915, 2886051, 25.577455144539286, 157511, 0, 0.0, 10, 
2019-12-08 10:55:20.19,205287992, 482.5994668939915, 2886542, 25.577455144539286, 157538, 0, 0.0, 10, 
2019-12-08 10:55:21.216,216822328, 482.5994668939915, 2887017, 25.577455144539286, 157561, 0, 0.0, 10, 
2019-12-08 10:55:22.249,227308088, 481.68801584556877, 2887497, 25.62723108287715, 157593, 0, 0.0, 10, 
2019-12-08 10:55:23.273,237793848, 481.68801584556877, 2887999, 25.62723108287715, 157618, 0, 0.0, 10, 
2019-12-08 10:55:24.307,248279608, 481.68801584556877, 2888484, 25.62723108287715, 157638, 0, 0.0, 10, 
2019-12-08 10:55:25.34,258765368, 481.68801584556877, 2888979, 25.62723108287715, 157669, 0, 0.0, 10, 
2019-12-08 10:55:26.366,270299704, 481.68801584556877, 2889483, 25.62723108287715, 157704, 0, 0.0, 10, 
2019-12-08 10:55:27.395,280785464, 481.6809784871144, 2889981, 25.83293832766919, 157724, 0, 0.0, 10, 
2019-12-08 10:55:28.423,291271224, 481.6809784871144, 2890477, 25.83293832766919, 157747, 0, 0.0, 10, 
2019-12-08 10:55:29.448,302805560, 481.6809784871144, 2890915, 25.83293832766919, 157772, 0, 0.0, 10, 
2019-12-08 10:55:30.482,312242744, 481.6809784871144, 2891369, 25.83293832766919, 157804, 0, 0.0, 10, 
2019-12-08 10:55:31.507,322728504, 479.35579182902507, 2891813, 25.814313607325133, 157836, 0, 0.0, 10, 
2019-12-08 10:55:32.537,333214264, 479.35579182902507, 2892325, 25.814313607325133, 157862, 0, 0.0, 10, 
2019-12-08 10:55:33.572,344748600, 479.35579182902507, 2892842, 25.814313607325133, 157883, 0, 0.0, 10, 
2019-12-08 10:55:34.608,354185784, 479.35579182902507, 2893295, 25.814313607325133, 157906, 0, 0.0, 10, 
2019-12-08 10:55:35.634,363622968, 479.35579182902507, 2893780, 25.814313607325133, 157940, 0, 0.0, 10, 
2019-12-08 10:55:36.659,374108728, 478.75166407039643, 2894256, 25.84515138862096, 157971, 0, 0.0, 10, 
2019-12-08 10:55:37.693,384594488, 478.75166407039643, 2894782, 25.84515138862096, 157993, 0, 0.0, 10, 
2019-12-08 10:55:38.723,397177400, 478.75166407039643, 2895254, 25.84515138862096, 158014, 0, 0.0, 10, 
2019-12-08 10:55:39.749,406614584, 478.75166407039643, 2895717, 25.84515138862096, 158035, 0, 0.0, 10, 
2019-12-08 10:55:40.775,417100344, 478.75166407039643, 2896183, 25.84515138862096, 158059, 0, 0.0, 10, 
2019-12-08 10:55:41.808,427586104, 477.9079995930132, 2896667, 25.521718941430763, 158081, 0, 0.0, 10, 
2019-12-08 10:55:42.835,437023288, 477.9079995930132, 2897178, 25.521718941430763, 158117, 0, 0.0, 10, 
2019-12-08 10:55:43.861,449606200, 477.9079995930132, 2897683, 25.521718941430763, 158145, 0, 0.0, 10, 
2019-12-08 10:55:44.886,459043384, 477.9079995930132, 2898135, 25.521718941430763, 158173, 0, 0.0, 10, 
2019-12-08 10:55:45.916,470577720, 477.9079995930132, 2898661, 25.521718941430763, 158199, 0, 0.0, 10, 
2019-12-08 10:55:46.943,480014904, 478.3471157004098, 2899139, 25.63991576881105, 158226, 0, 0.0, 10, 
2019-12-08 10:55:47.969,491549240, 478.3471157004098, 2899596, 25.63991576881105, 158256, 0, 0.0, 10, 
2019-12-08 10:55:48.996,502035000, 478.3471157004098, 2900101, 25.63991576881105, 158273, 0, 0.0, 10, 
2019-12-08 10:55:50.021,512520760, 478.3471157004098, 2900577, 25.63991576881105, 158296, 0, 0.0, 10, 
2019-12-08 10:55:51.047,523006520, 478.3471157004098, 2901086, 25.63991576881105, 158319, 0, 0.0, 10, 
2019-12-08 10:55:52.072,534540856, 478.0954862223543, 2901570, 25.524786460631297, 158349, 0, 0.0, 10, 
2019-12-08 10:55:53.102,543978040, 478.0954862223543, 2902042, 25.524786460631297, 158370, 0, 0.0, 10, 
2019-12-08 10:55:54.125,554463800, 478.0954862223543, 2902529, 25.524786460631297, 158403, 0, 0.0, 10, 
2019-12-08 10:55:55.159,564949560, 478.0954862223543, 2902967, 25.524786460631297, 158431, 0, 0.0, 10, 
2019-12-08 10:55:56.189,574386744, 478.0954862223543, 2903438, 25.524786460631297, 158457, 0, 0.0, 10, 
2019-12-08 10:55:57.214,585921080, 476.53671320935996, 2903934, 25.626746905644133, 158475, 0, 0.0, 10, 
2019-12-08 10:55:58.241,595358264, 476.53671320935996, 2904414, 25.626746905644133, 158499, 0, 0.0, 10, 
2019-12-08 10:55:59.269,605844024, 476.53671320935996, 2904906, 25.626746905644133, 158522, 0, 0.0, 10, 
2019-12-08 10:56:00.294,619475512, 476.53671320935996, 2905422, 25.626746905644133, 158557, 0, 0.0, 10, 
2019-12-08 10:56:01.329,629961272, 476.53671320935996, 2905887, 25.626746905644133, 158588, 0, 0.0, 10, 
2019-12-08 10:56:02.356,640447032, 476.3978532880846, 2906357, 25.60861722407237, 158608, 0, 0.0, 10, 
2019-12-08 10:56:03.388,651981368, 476.3978532880846, 2906851, 25.60861722407237, 158633, 0, 0.0, 10, 
2019-12-08 10:56:04.414,660369976, 476.3978532880846, 2907301, 25.60861722407237, 158655, 0, 0.0, 10, 
2019-12-08 10:56:05.448,671904312, 476.3978532880846, 2907787, 25.60861722407237, 158682, 0, 0.0, 10, 
2019-12-08 10:56:06.478,683438648, 475.0387799783909, 2908259, 25.479999292284308, 158712, 0, 0.0, 10, 
2019-12-08 10:56:07.508,693924408, 475.0387799783909, 2908718, 25.479999292284308, 158736, 0, 0.0, 10, 
2019-12-08 10:56:08.536,703361592, 475.0387799783909, 2909224, 25.479999292284308, 158765, 0, 0.0, 10, 
2019-12-08 10:56:09.562,714895928, 475.0387799783909, 2909706, 25.479999292284308, 158798, 0, 0.0, 10, 
2019-12-08 10:56:10.594,725381688, 475.0387799783909, 2910232, 25.479999292284308, 158821, 0, 0.0, 10, 
2019-12-08 10:56:11.623,736916024, 475.5473950488903, 2910733, 25.505585136188746, 158843, 0, 0.0, 10, 
2019-12-08 10:56:12.651,746353208, 475.5473950488903, 2911240, 25.505585136188746, 158863, 0, 0.0, 10, 
2019-12-08 10:56:13.679,756838968, 475.5473950488903, 2911735, 25.505585136188746, 158882, 0, 0.0, 10, 
2019-12-08 10:56:14.714,767324728, 475.5473950488903, 2912227, 25.505585136188746, 158898, 0, 0.0, 10, 
2019-12-08 10:56:15.742,778859064, 475.5473950488903, 2912702, 25.505585136188746, 158929, 0, 0.0, 10, 
2019-12-08 10:56:16.767,789344824, 475.50362775732725, 2913152, 25.241285141632165, 158962, 0, 0.0, 10, 
2019-12-08 10:56:17.792,798782008, 475.50362775732725, 2913610, 25.241285141632165, 158988, 0, 0.0, 10, 
2019-12-08 10:56:18.817,809267768, 475.50362775732725, 2914076, 25.241285141632165, 159009, 0, 0.0, 10, 
2019-12-08 10:56:19.842,819753528, 475.50362775732725, 2914542, 25.241285141632165, 159033, 0, 0.0, 10, 
2019-12-08 10:56:20.867,833385016, 475.50362775732725, 2915057, 25.241285141632165, 159056, 0, 0.0, 10, 
2019-12-08 10:56:21.892,199013576, 474.50389288073313, 2915551, 25.174019695669315, 159083, 0, 0.0, 10, 
2019-12-08 10:56:22.92,208450760, 474.50389288073313, 2916000, 25.174019695669315, 159114, 0, 0.0, 10, 
2019-12-08 10:56:23.945,221033672, 474.50389288073313, 2916509, 25.174019695669315, 159154, 0, 0.0, 10, 
2019-12-08 10:56:24.973,231519432, 474.50389288073313, 2917025, 25.174019695669315, 159177, 0, 0.0, 10, 
2019-12-08 10:56:25.998,242005192, 474.50389288073313, 2917499, 25.174019695669315, 159199, 0, 0.0, 10, 
2019-12-08 10:56:27.024,253539528, 474.71946170367613, 2917989, 25.383981488073943, 159225, 0, 0.0, 10, 
2019-12-08 10:56:28.054,262976712, 474.71946170367613, 2918480, 25.383981488073943, 159248, 0, 0.0, 10, 
2019-12-08 10:56:29.079,273462472, 474.71946170367613, 2918969, 25.383981488073943, 159275, 0, 0.0, 10, 
2019-12-08 10:56:30.106,284996808, 474.71946170367613, 2919436, 25.383981488073943, 159302, 0, 0.0, 10, 
2019-12-08 10:56:31.133,295482568, 474.71946170367613, 2919913, 25.383981488073943, 159323, 0, 0.0, 10, 
2019-12-08 10:56:32.16,304919752, 474.35810549759833, 2920407, 25.225351086830404, 159358, 0, 0.0, 10, 
2019-12-08 10:56:33.185,316454088, 474.35810549759833, 2920896, 25.225351086830404, 159389, 0, 0.0, 10, 
2019-12-08 10:56:34.211,325891272, 474.35810549759833, 2921370, 25.225351086830404, 159414, 0, 0.0, 10, 
2019-12-08 10:56:35.236,336377032, 474.35810549759833, 2921835, 25.225351086830404, 159434, 0, 0.0, 10, 
2019-12-08 10:56:36.262,346862792, 474.35810549759833, 2922302, 25.225351086830404, 159459, 0, 0.0, 10, 
2019-12-08 10:56:37.287,359445704, 473.3540148213911, 2922800, 25.367244179510315, 159487, 0, 0.0, 10, 
2019-12-08 10:56:38.311,367834312, 473.3540148213911, 2923281, 25.367244179510315, 159519, 0, 0.0, 10, 
2019-12-08 10:56:39.337,378320072, 473.3540148213911, 2923707, 25.367244179510315, 159548, 0, 0.0, 10, 
2019-12-08 10:56:40.362,388805832, 473.3540148213911, 2924158, 25.367244179510315, 159588, 0, 0.0, 10, 
2019-12-08 10:56:41.388,400340168, 473.3540148213911, 2924647, 25.367244179510315, 159614, 0, 0.0, 10, 
2019-12-08 10:56:42.417,410825928, 472.1903400468533, 2925125, 25.753650000091113, 159634, 0, 0.0, 10, 
2019-12-08 10:56:43.442,420263112, 472.1903400468533, 2925592, 25.753650000091113, 159659, 0, 0.0, 10, 
2019-12-08 10:56:44.466,430748872, 472.1903400468533, 2926066, 25.753650000091113, 159688, 0, 0.0, 10, 
2019-12-08 10:56:45.493,442283208, 472.1903400468533, 2926549, 25.753650000091113, 159719, 0, 0.0, 10, 
2019-12-08 10:56:46.517,452768968, 471.6314233164671, 2927028, 25.869293760984707, 159753, 0, 0.0, 10, 
2019-12-08 10:56:47.541,463254728, 471.6314233164671, 2927509, 25.869293760984707, 159783, 0, 0.0, 10, 
2019-12-08 10:56:48.588,474789064, 471.6314233164671, 2928007, 25.869293760984707, 159813, 0, 0.0, 10, 
2019-12-08 10:56:49.612,484226248, 471.6314233164671, 2928457, 25.869293760984707, 159836, 0, 0.0, 10, 
2019-12-08 10:56:50.637,494712008, 471.6314233164671, 2928961, 25.869293760984707, 159860, 0, 0.0, 10, 
2019-12-08 10:56:51.662,505197768, 471.3890440906926, 2929449, 25.927717806059178, 159891, 0, 0.0, 10, 
2019-12-08 10:56:52.686,516732104, 471.3890440906926, 2929983, 25.927717806059178, 159914, 0, 0.0, 10, 
2019-12-08 10:56:53.713,527217864, 471.3890440906926, 2930462, 25.927717806059178, 159943, 0, 0.0, 10, 
2019-12-08 10:56:54.742,537703624, 471.3890440906926, 2930922, 25.927717806059178, 159975, 0, 0.0, 10, 
2019-12-08 10:56:55.768,548189384, 471.3890440906926, 2931389, 25.927717806059178, 160007, 0, 0.0, 10, 
2019-12-08 10:56:56.794,559723720, 471.5338401305018, 2931880, 26.013452756558273, 160024, 0, 0.0, 10, 
2019-12-08 10:56:57.819,570209480, 471.5338401305018, 2932370, 26.013452756558273, 160055, 0, 0.0, 10, 
2019-12-08 10:56:58.844,580695240, 471.5338401305018, 2932838, 26.013452756558273, 160076, 0, 0.0, 10, 
2019-12-08 10:56:59.868,590132424, 471.5338401305018, 2933318, 26.013452756558273, 160094, 0, 0.0, 10, 
2019-12-08 10:57:00.9,603763912, 471.5338401305018, 2933789, 26.013452756558273, 160115, 0, 0.0, 10, 
2019-12-08 10:57:01.926,613201096, 471.44318327915073, 2934293, 25.644581440827693, 160136, 0, 0.0, 10, 
2019-12-08 10:57:02.953,625784008, 471.44318327915073, 2934826, 25.644581440827693, 160161, 0, 0.0, 10, 
2019-12-08 10:57:03.984,635221192, 471.44318327915073, 2935301, 25.644581440827693, 160189, 0, 0.0, 10, 
2019-12-08 10:57:05.007,644658376, 471.44318327915073, 2935774, 25.644581440827693, 160212, 0, 0.0, 10, 
2019-12-08 10:57:06.033,657241288, 471.44318327915073, 2936281, 25.644581440827693, 160238, 0, 0.0, 10, 
2019-12-08 10:57:07.058,666678472, 472.27126862264305, 2936749, 25.57705243733311, 160263, 0, 0.0, 10, 
2019-12-08 10:57:08.084,677164232, 472.27126862264305, 2937266, 25.57705243733311, 160288, 0, 0.0, 10, 
2019-12-08 10:57:09.11,688698568, 472.27126862264305, 2937742, 25.57705243733311, 160322, 0, 0.0, 10, 
2019-12-08 10:57:10.137,698135752, 472.27126862264305, 2938228, 25.57705243733311, 160349, 0, 0.0, 10, 
2019-12-08 10:57:11.162,708621512, 472.27126862264305, 2938689, 25.57705243733311, 160366, 0, 0.0, 10, 
2019-12-08 10:57:12.189,719107272, 472.025703542089, 2939188, 25.5469049889907, 160391, 0, 0.0, 10, 
2019-12-08 10:57:13.214,728544456, 472.025703542089, 2939642, 25.5469049889907, 160423, 0, 0.0, 10, 
2019-12-08 10:57:14.239,740078792, 472.025703542089, 2940114, 25.5469049889907, 160453, 0, 0.0, 10, 
2019-12-08 10:57:15.268,750564552, 472.025703542089, 2940598, 25.5469049889907, 160482, 0, 0.0, 10, 
2019-12-08 10:57:16.296,761050312, 472.025703542089, 2941094, 25.5469049889907, 160501, 0, 0.0, 10, 
2019-12-08 10:57:17.327,772584648, 471.76779052714903, 2941612, 25.567141348750347, 160528, 0, 0.0, 10, 
2019-12-08 10:57:18.355,783070408, 471.76779052714903, 2942064, 25.567141348750347, 160551, 0, 0.0, 10, 
2019-12-08 10:57:19.38,792507592, 471.76779052714903, 2942550, 25.567141348750347, 160571, 0, 0.0, 10, 
2019-12-08 10:57:20.406,802993352, 471.76779052714903, 2943008, 25.567141348750347, 160592, 0, 0.0, 10, 
2019-12-08 10:57:21.432,813479112, 471.65842803488636, 2943507, 25.153999537517983, 160606, 0, 0.0, 10, 
2019-12-08 10:57:22.457,825013448, 471.65842803488636, 2943974, 25.153999537517983, 160630, 0, 0.0, 10, 
2019-12-08 10:57:23.554,197238576, 471.65842803488636, 2944462, 25.153999537517983, 160664, 0, 0.0, 10, 
2019-12-08 10:57:24.583,206675760, 471.65842803488636, 2944980, 25.153999537517983, 160692, 0, 0.0, 10, 
2019-12-08 10:57:25.61,217161520, 471.65842803488636, 2945458, 25.153999537517983, 160709, 0, 0.0, 10, 
2019-12-08 10:57:26.634,227647280, 471.04609393833783, 2945928, 24.965784126533432, 160722, 0, 0.0, 10, 
2019-12-08 10:57:27.66,238133040, 471.04609393833783, 2946431, 24.965784126533432, 160746, 0, 0.0, 10, 
2019-12-08 10:57:28.685,248618800, 471.04609393833783, 2946907, 24.965784126533432, 160768, 0, 0.0, 10, 
2019-12-08 10:57:29.71,258055984, 471.04609393833783, 2947385, 24.965784126533432, 160795, 0, 0.0, 10, 
2019-12-08 10:57:30.733,268541744, 471.04609393833783, 2947852, 24.965784126533432, 160825, 0, 0.0, 10, 
2019-12-08 10:57:31.757,280076080, 471.1223640558867, 2948337, 24.920546525503017, 160853, 0, 0.0, 10, 
2019-12-08 10:57:32.784,289513264, 471.1223640558867, 2948808, 24.920546525503017, 160886, 0, 0.0, 10, 
2019-12-08 10:57:33.814,299999024, 471.1223640558867, 2949267, 24.920546525503017, 160908, 0, 0.0, 10, 
2019-12-08 10:57:34.839,310484784, 471.1223640558867, 2949748, 24.920546525503017, 160927, 0, 0.0, 10, 
2019-12-08 10:57:35.865,320970544, 471.1223640558867, 2950229, 24.920546525503017, 160947, 0, 0.0, 10, 
2019-12-08 10:57:36.89,330407728, 470.5688823856494, 2950700, 24.894917040417887, 160982, 0, 0.0, 10, 
2019-12-08 10:57:37.913,341942064, 470.5688823856494, 2951178, 24.894917040417887, 161017, 0, 0.0, 10, 
2019-12-08 10:57:38.939,352427824, 470.5688823856494, 2951659, 24.894917040417887, 161045, 0, 0.0, 10, 
2019-12-08 10:57:39.962,361865008, 470.5688823856494, 2952126, 24.894917040417887, 161069, 0, 0.0, 10, 
2019-12-08 10:57:40.998,373399344, 470.5688823856494, 2952612, 24.894917040417887, 161090, 0, 0.0, 10, 
2019-12-08 10:57:42.023,385982256, 470.0116813151254, 2953114, 25.111203531927515, 161115, 0, 0.0, 10, 
2019-12-08 10:57:43.047,394370864, 470.0116813151254, 2953560, 25.111203531927515, 161143, 0, 0.0, 10, 
2019-12-08 10:57:44.073,405905200, 470.0116813151254, 2954072, 25.111203531927515, 161170, 0, 0.0, 10, 
2019-12-08 10:57:45.101,415342384, 470.0116813151254, 2954505, 25.111203531927515, 161195, 0, 0.0, 10, 
2019-12-08 10:57:46.128,426876720, 470.0116813151254, 2954988, 25.111203531927515, 161223, 0, 0.0, 10, 
2019-12-08 10:57:47.153,437362480, 469.35511152869714, 2955479, 25.15028553965937, 161245, 0, 0.0, 10, 
2019-12-08 10:57:48.179,447848240, 469.35511152869714, 2955936, 25.15028553965937, 161264, 0, 0.0, 10, 
2019-12-08 10:57:49.204,458334000, 469.35511152869714, 2956412, 25.15028553965937, 161301, 0, 0.0, 10, 
2019-12-08 10:57:50.232,469868336, 469.35511152869714, 2956929, 25.15028553965937, 161327, 0, 0.0, 10, 
2019-12-08 10:57:51.257,479305520, 469.35511152869714, 2957382, 25.15028553965937, 161353, 0, 0.0, 10, 
2019-12-08 10:57:52.283,490839856, 469.0068960370656, 2957834, 25.15426048843729, 161375, 0, 0.0, 10, 
2019-12-08 10:57:53.309,500277040, 469.0068960370656, 2958303, 25.15426048843729, 161408, 0, 0.0, 10, 
2019-12-08 10:57:54.339,510762800, 469.0068960370656, 2958772, 25.15426048843729, 161439, 0, 0.0, 10, 
2019-12-08 10:57:55.366,520199984, 469.0068960370656, 2959217, 25.15426048843729, 161466, 0, 0.0, 10, 
2019-12-08 10:57:56.393,531734320, 469.0068960370656, 2959718, 25.15426048843729, 161488, 0, 0.0, 10, 
2019-12-08 10:57:57.42,543268656, 467.9349398164182, 2960208, 25.237873203229533, 161514, 0, 0.0, 10, 
2019-12-08 10:57:58.449,553754416, 467.9349398164182, 2960681, 25.237873203229533, 161534, 0, 0.0, 10, 
2019-12-08 10:57:59.477,564240176, 467.9349398164182, 2961188, 25.237873203229533, 161557, 0, 0.0, 10, 
2019-12-08 10:58:00.505,574725936, 467.9349398164182, 2961675, 25.237873203229533, 161582, 0, 0.0, 10, 
2019-12-08 10:58:01.531,585211696, 468.5318130732238, 2962166, 25.010969390057557, 161602, 0, 0.0, 10, 
2019-12-08 10:58:02.557,594648880, 468.5318130732238, 2962654, 25.010969390057557, 161611, 0, 0.0, 10, 
2019-12-08 10:58:03.58,608280368, 468.5318130732238, 2963185, 25.010969390057557, 161632, 0, 0.0, 10, 
2019-12-08 10:58:04.606,619814704, 468.5318130732238, 2963707, 25.010969390057557, 161661, 0, 0.0, 10, 
2019-12-08 10:58:05.632,630300464, 468.5318130732238, 2964214, 25.010969390057557, 161688, 0, 0.0, 10, 
2019-12-08 10:58:06.658,640786224, 469.9284921843186, 2964651, 24.850181155312992, 161720, 0, 0.0, 10, 
2019-12-08 10:58:07.684,651271984, 469.9284921843186, 2965113, 24.850181155312992, 161752, 0, 0.0, 10, 
2019-12-08 10:58:08.712,661757744, 469.9284921843186, 2965551, 24.850181155312992, 161781, 0, 0.0, 10, 
2019-12-08 10:58:09.736,671194928, 469.9284921843186, 2966029, 24.850181155312992, 161803, 0, 0.0, 10, 
2019-12-08 10:58:10.779,682729264, 469.9284921843186, 2966531, 24.850181155312992, 161829, 0, 0.0, 10, 
2019-12-08 10:58:11.813,693215024, 468.7988403213164, 2967002, 24.926124477036044, 161856, 0, 0.0, 10, 
2019-12-08 10:58:12.841,703700784, 468.7988403213164, 2967531, 24.926124477036044, 161887, 0, 0.0, 10, 
2019-12-08 10:58:13.865,715235120, 468.7988403213164, 2968031, 24.926124477036044, 161917, 0, 0.0, 10, 
2019-12-08 10:58:14.894,725720880, 468.7988403213164, 2968512, 24.926124477036044, 161948, 0, 0.0, 10, 
2019-12-08 10:58:15.921,736206640, 468.7988403213164, 2968972, 24.926124477036044, 161977, 0, 0.0, 10, 
2019-12-08 10:58:16.947,746692400, 469.3106487904767, 2969440, 25.17189799383122, 162006, 0, 0.0, 10, 
2019-12-08 10:58:17.975,757178160, 469.3106487904767, 2969935, 25.17189799383122, 162027, 0, 0.0, 10, 
2019-12-08 10:58:19.0,768712496, 469.3106487904767, 2970449, 25.17189799383122, 162050, 0, 0.0, 10, 
2019-12-08 10:58:20.028,779198256, 469.3106487904767, 2970937, 25.17189799383122, 162073, 0, 0.0, 10, 
2019-12-08 10:58:21.053,790732592, 469.3106487904767, 2971421, 25.17189799383122, 162095, 0, 0.0, 10, 
2019-12-08 10:58:22.079,801218352, 470.0214020699997, 2971881, 25.094189320813857, 162119, 0, 0.0, 10, 
2019-12-08 10:58:23.11,810655536, 470.0214020699997, 2972378, 25.094189320813857, 162142, 0, 0.0, 10, 
2019-12-08 10:58:24.14,826384176, 470.0214020699997, 2972880, 25.094189320813857, 162175, 0, 0.0, 10, 
2019-12-08 10:58:25.165,836869936, 470.0214020699997, 2973400, 25.094189320813857, 162203, 0, 0.0, 10, 
2019-12-08 10:58:26.194,206856744, 470.0214020699997, 2973870, 25.094189320813857, 162233, 0, 0.0, 10, 
2019-12-08 10:58:27.218,217342504, 470.77127335744905, 2974373, 25.214587295125604, 162259, 0, 0.0, 10, 
2019-12-08 10:58:28.25,228876840, 470.77127335744905, 2974897, 25.214587295125604, 162288, 0, 0.0, 10, 
2019-12-08 10:58:29.278,239362600, 470.77127335744905, 2975360, 25.214587295125604, 162306, 0, 0.0, 10, 
2019-12-08 10:58:30.313,250896936, 470.77127335744905, 2975857, 25.214587295125604, 162335, 0, 0.0, 10, 
2019-12-08 10:58:31.344,260334120, 470.77127335744905, 2976325, 25.214587295125604, 162359, 0, 0.0, 10, 
2019-12-08 10:58:32.368,271868456, 471.0454192032302, 2976794, 25.149456491108317, 162385, 0, 0.0, 10, 
2019-12-08 10:58:33.394,281305640, 471.0454192032302, 2977285, 25.149456491108317, 162410, 0, 0.0, 10, 
2019-12-08 10:58:34.422,292839976, 471.0454192032302, 2977790, 25.149456491108317, 162435, 0, 0.0, 10, 
2019-12-08 10:58:35.45,303325736, 471.0454192032302, 2978261, 25.149456491108317, 162466, 0, 0.0, 10, 
2019-12-08 10:58:36.473,314860072, 471.2336810891385, 2978740, 25.249444429393254, 162494, 0, 0.0, 10, 
2019-12-08 10:58:37.499,323248680, 471.2336810891385, 2979218, 25.249444429393254, 162523, 0, 0.0, 10, 
2019-12-08 10:58:38.522,334783016, 471.2336810891385, 2979691, 25.249444429393254, 162538, 0, 0.0, 10, 
2019-12-08 10:58:39.553,346317352, 471.2336810891385, 2980182, 25.249444429393254, 162558, 0, 0.0, 10, 
2019-12-08 10:58:40.583,355754536, 471.2336810891385, 2980651, 25.249444429393254, 162585, 0, 0.0, 10, 
2019-12-08 10:58:41.608,366240296, 470.4794055954561, 2981110, 25.085579900356443, 162611, 0, 0.0, 10, 
2019-12-08 10:58:42.634,376726056, 470.4794055954561, 2981604, 25.085579900356443, 162634, 0, 0.0, 10, 
2019-12-08 10:58:43.66,388260392, 470.4794055954561, 2982076, 25.085579900356443, 162662, 0, 0.0, 10, 
2019-12-08 10:58:44.684,398746152, 470.4794055954561, 2982563, 25.085579900356443, 162694, 0, 0.0, 10, 
2019-12-08 10:58:45.71,409231912, 470.4794055954561, 2983049, 25.085579900356443, 162717, 0, 0.0, 10, 
2019-12-08 10:58:46.739,419717672, 470.66495007947935, 2983552, 24.9987817239568, 162738, 0, 0.0, 10, 
2019-12-08 10:58:47.764,431252008, 470.66495007947935, 2984059, 24.9987817239568, 162766, 0, 0.0, 10, 
2019-12-08 10:58:48.789,440689192, 470.66495007947935, 2984537, 24.9987817239568, 162797, 0, 0.0, 10, 
2019-12-08 10:58:49.816,452223528, 470.66495007947935, 2985031, 24.9987817239568, 162821, 0, 0.0, 10, 
2019-12-08 10:58:50.843,462709288, 470.66495007947935, 2985495, 24.9987817239568, 162843, 0, 0.0, 10, 
2019-12-08 10:58:51.866,473195048, 471.05953488470806, 2985982, 25.062843600227517, 162866, 0, 0.0, 10, 
2019-12-08 10:58:52.897,483680808, 471.05953488470806, 2986460, 25.062843600227517, 162893, 0, 0.0, 10, 
2019-12-08 10:58:53.927,495215144, 471.05953488470806, 2986935, 25.062843600227517, 162921, 0, 0.0, 10, 
2019-12-08 10:58:54.954,504652328, 471.05953488470806, 2987427, 25.062843600227517, 162943, 0, 0.0, 10, 
2019-12-08 10:58:55.981,516186664, 471.05953488470806, 2987920, 25.062843600227517, 162966, 0, 0.0, 10, 
2019-12-08 10:58:57.009,526672424, 470.8948635674099, 2988404, 25.07381002045866, 163000, 0, 0.0, 10, 
2019-12-08 10:58:58.034,537158184, 470.8948635674099, 2988864, 25.07381002045866, 163028, 0, 0.0, 10, 
2019-12-08 10:58:59.06,547643944, 470.8948635674099, 2989363, 25.07381002045866, 163051, 0, 0.0, 10, 
2019-12-08 10:59:00.085,558129704, 470.8948635674099, 2989848, 25.07381002045866, 163073, 0, 0.0, 10, 
2019-12-08 10:59:01.11,569664040, 470.8948635674099, 2990340, 25.07381002045866, 163098, 0, 0.0, 10, 
2019-12-08 10:59:02.135,580149800, 471.17511880268177, 2990844, 25.131872965363208, 163141, 0, 0.0, 10, 
2019-12-08 10:59:03.164,590635560, 471.17511880268177, 2991321, 25.131872965363208, 163155, 0, 0.0, 10, 
2019-12-08 10:59:04.189,601121320, 471.17511880268177, 2991796, 25.131872965363208, 163178, 0, 0.0, 10, 
2019-12-08 10:59:05.221,611607080, 471.17511880268177, 2992273, 25.131872965363208, 163210, 0, 0.0, 10, 
2019-12-08 10:59:06.246,623141416, 471.17511880268177, 2992756, 25.131872965363208, 163239, 0, 0.0, 10, 
2019-12-08 10:59:07.271,633627176, 471.1291348421557, 2993241, 25.16930233644543, 163256, 0, 0.0, 10, 
2019-12-08 10:59:08.296,645161512, 471.1291348421557, 2993731, 25.16930233644543, 163284, 0, 0.0, 10, 
2019-12-08 10:59:09.332,654598696, 471.1291348421557, 2994219, 25.16930233644543, 163302, 0, 0.0, 10, 
2019-12-08 10:59:10.358,665084456, 471.1291348421557, 2994702, 25.16930233644543, 163331, 0, 0.0, 10, 
2019-12-08 10:59:11.386,677667368, 471.1291348421557, 2995212, 25.16930233644543, 163352, 0, 0.0, 10, 
2019-12-08 10:59:12.415,687104552, 471.6465166537058, 2995667, 24.947881147066553, 163376, 0, 0.0, 10, 
2019-12-08 10:59:13.448,696541736, 471.6465166537058, 2996135, 24.947881147066553, 163398, 0, 0.0, 10, 
2019-12-08 10:59:14.474,705978920, 471.6465166537058, 2996606, 24.947881147066553, 163419, 0, 0.0, 10, 
2019-12-08 10:59:15.5,718561832, 471.6465166537058, 2997087, 24.947881147066553, 163450, 0, 0.0, 10, 
2019-12-08 10:59:16.525,729047592, 471.4668950996138, 2997621, 24.872092755091018, 163474, 0, 0.0, 10, 
2019-12-08 10:59:17.553,739533352, 471.4668950996138, 2998119, 24.872092755091018, 163491, 0, 0.0, 10, 
2019-12-08 10:59:18.577,751067688, 471.4668950996138, 2998588, 24.872092755091018, 163526, 0, 0.0, 10, 
2019-12-08 10:59:19.602,761553448, 471.4668950996138, 2999064, 24.872092755091018, 163558, 0, 0.0, 10, 
2019-12-08 10:59:20.629,772039208, 471.4668950996138, 2999553, 24.872092755091018, 163577, 0, 0.0, 10, 
2019-12-08 10:59:21.653,783573544, 471.26965305787616, 3000034, 24.75439071713778, 163596, 0, 0.0, 10, 
2019-12-08 10:59:22.68,794059304, 471.26965305787616, 3000510, 24.75439071713778, 163616, 0, 0.0, 10, 
2019-12-08 10:59:23.712,804545064, 471.26965305787616, 3001046, 24.75439071713778, 163648, 0, 0.0, 10, 
2019-12-08 10:59:24.74,817127976, 471.26965305787616, 3001558, 24.75439071713778, 163675, 0, 0.0, 10, 
2019-12-08 10:59:25.766,827613736, 471.26965305787616, 3002040, 24.75439071713778, 163698, 0, 0.0, 10, 
2019-12-08 10:59:26.88,195432792, 472.5593643898658, 3002562, 24.726055199899097, 163723, 0, 0.0, 10, 
2019-12-08 10:59:27.91,206967128, 472.5593643898658, 3003069, 24.726055199899097, 163746, 0, 0.0, 10, 
2019-12-08 10:59:28.935,218501464, 472.5593643898658, 3003569, 24.726055199899097, 163773, 0, 0.0, 10, 
2019-12-08 10:59:29.961,230035800, 472.5593643898658, 3004065, 24.726055199899097, 163794, 0, 0.0, 10, 
2019-12-08 10:59:30.986,239472984, 472.5593643898658, 3004524, 24.726055199899097, 163815, 0, 0.0, 10, 
2019-12-08 10:59:32.012,251007320, 472.930409126566, 3005036, 24.588047446009067, 163838, 0, 0.0, 10, 
2019-12-08 10:59:33.039,261493080, 472.930409126566, 3005495, 24.588047446009067, 163866, 0, 0.0, 10, 
2019-12-08 10:59:34.066,271978840, 472.930409126566, 3005990, 24.588047446009067, 163893, 0, 0.0, 10, 
2019-12-08 10:59:35.092,281416024, 472.930409126566, 3006458, 24.588047446009067, 163919, 0, 0.0, 10, 
2019-12-08 10:59:36.119,293998936, 472.930409126566, 3006962, 24.588047446009067, 163947, 0, 0.0, 10, 
2019-12-08 10:59:37.142,303436120, 472.42425755921556, 3007422, 24.668958704830764, 163976, 0, 0.0, 10, 
2019-12-08 10:59:38.172,313921880, 472.42425755921556, 3007914, 24.668958704830764, 163992, 0, 0.0, 10, 
2019-12-08 10:59:39.2,324407640, 472.42425755921556, 3008402, 24.668958704830764, 164027, 0, 0.0, 10, 
2019-12-08 10:59:40.225,333844824, 472.42425755921556, 3008889, 24.668958704830764, 164053, 0, 0.0, 10, 
2019-12-08 10:59:41.251,345379160, 472.42425755921556, 3009405, 24.668958704830764, 164072, 0, 0.0, 10, 
2019-12-08 10:59:42.275,355864920, 473.34980282216867, 3009903, 24.663445071219616, 164098, 0, 0.0, 10, 
2019-12-08 10:59:43.302,366350680, 473.34980282216867, 3010347, 24.663445071219616, 164124, 0, 0.0, 10, 
2019-12-08 10:59:44.329,376836440, 473.34980282216867, 3010829, 24.663445071219616, 164156, 0, 0.0, 10, 
2019-12-08 10:59:45.354,386273624, 473.34980282216867, 3011297, 24.663445071219616, 164178, 0, 0.0, 10, 
2019-12-08 10:59:46.38,397807960, 473.34980282216867, 3011772, 24.663445071219616, 164195, 0, 0.0, 10, 
2019-12-08 10:59:47.407,408293720, 472.13849146927186, 3012275, 24.594407815114828, 164218, 0, 0.0, 10, 
2019-12-08 10:59:48.448,419828056, 472.13849146927186, 3012766, 24.594407815114828, 164247, 0, 0.0, 10, 
2019-12-08 10:59:49.473,430313816, 472.13849146927186, 3013244, 24.594407815114828, 164263, 0, 0.0, 10, 
2019-12-08 10:59:50.498,432410968, 472.13849146927186, 3013321, 24.594407815114828, 164265, 0, 0.0, 10, 
2019-12-08 10:59:51.528,433459544, 458.966728950764, 3013321, 23.731334619527516, 164265, 0, 0.0, 10, 
2019-12-08 10:59:52.557,433459544, 458.966728950764, 3013321, 23.731334619527516, 164265, 0, 0.0, 10, 
