Timestamp, MemoryUsed, ReadLatency1, ReadCount, WriteLatency1, WriteCount, PendingTasks, WaitingOnCommit1, SRDelay, 
2019-12-08 10:51:31.3,408345592, 17.043753169173453, 2813693, 3.4378483193551608, 153790, 0, 0.0, 10, 
2019-12-08 10:51:32.37,131067024, 17.043753169173453, 2814058, 3.4378483193551608, 153812, 0, 0.0, 10, 
2019-12-08 10:51:33.409,144810992, 17.043753169173453, 2814702, 3.4378483193551608, 153850, 0, 0.0, 10, 
2019-12-08 10:51:34.443,161744816, 17.043753169173453, 2815469, 3.4378483193551608, 153896, 0, 0.0, 10, 
2019-12-08 10:51:35.494,176127520, 17.043753169173453, 2816181, 3.4378483193551608, 153935, 0, 0.0, 10, 
2019-12-08 10:51:36.531,192395760, 59.35275063708247, 2816970, 5.6415962910565, 153977, 0, 0.0, 10, 
2019-12-08 10:51:37.563,206934824, 59.35275063708247, 2817739, 5.6415962910565, 154013, 0, 0.0, 10, 
2019-12-08 10:51:38.596,223740504, 59.35275063708247, 2818614, 5.6415962910565, 154055, 0, 0.0, 10, 
2019-12-08 10:51:39.622,242176224, 59.35275063708247, 2819537, 5.6415962910565, 154095, 0, 0.0, 10, 
2019-12-08 10:51:40.652,259733864, 59.35275063708247, 2820434, 5.6415962910565, 154138, 0, 0.0, 10, 
2019-12-08 10:51:41.68,277675376, 121.43404496934633, 2821371, 8.420724806155379, 154204, 0, 0.0, 10, 
2019-12-08 10:51:42.715,295071848, 121.43404496934633, 2822237, 8.420724806155379, 154245, 0, 0.0, 10, 
2019-12-08 10:51:43.741,312745864, 121.43404496934633, 2823229, 8.420724806155379, 154285, 0, 0.0, 10, 
2019-12-08 10:51:44.767,331290984, 121.43404496934633, 2824141, 8.420724806155379, 154326, 0, 0.0, 10, 
2019-12-08 10:51:45.793,350494280, 185.74759575606566, 2825196, 11.233504347195352, 154366, 0, 0.0, 10, 
2019-12-08 10:51:46.824,369927448, 185.74759575606566, 2826239, 11.233504347195352, 154423, 0, 0.0, 10, 
2019-12-08 10:51:47.854,389989360, 185.74759575606566, 2827260, 11.233504347195352, 154480, 0, 0.0, 10, 
2019-12-08 10:51:48.88,126057120, 185.74759575606566, 2828268, 11.233504347195352, 154527, 0, 0.0, 10, 
2019-12-08 10:51:49.907,145129408, 185.74759575606566, 2829291, 11.233504347195352, 154585, 0, 0.0, 10, 
2019-12-08 10:51:50.95,167405288, 251.81109040131847, 2830417, 14.716889009664389, 154649, 0, 0.0, 10, 
2019-12-08 10:51:51.988,191665312, 251.81109040131847, 2831837, 14.716889009664389, 154725, 0, 0.0, 10, 
2019-12-08 10:51:53.023,214912640, 251.81109040131847, 2832976, 14.716889009664389, 154785, 0, 0.0, 10, 
2019-12-08 10:51:54.058,235184720, 251.81109040131847, 2834099, 14.716889009664389, 154840, 0, 0.0, 10, 
2019-12-08 10:51:55.083,260407160, 251.81109040131847, 2835504, 14.716889009664389, 154915, 0, 0.0, 10, 
2019-12-08 10:51:56.114,284412376, 329.7668993981988, 2836824, 18.753295700229515, 154985, 0, 0.0, 10, 
2019-12-08 10:51:57.148,298094120, 329.7668993981988, 2837467, 18.753295700229515, 155018, 0, 0.0, 10, 
2019-12-08 10:51:58.218,299259936, 329.7668993981988, 2837467, 18.753295700229515, 155018, 0, 0.0, 10, 
2019-12-08 10:51:59.252,300792440, 329.7668993981988, 2837467, 18.753295700229515, 155018, 0, 0.0, 10, 
