Timestamp, MemoryUsed, ReadLatency1, ReadCount, WriteLatency1, WriteCount, PendingTasks, WaitingOnCommit1, SRDelay, 
2019-12-08 10:51:31.371,124937712, 17.043753169173453, 2813714, 3.4378483193551608, 153790, 0, 0.0, 10, 
2019-12-08 10:51:32.468,132633152, 17.043753169173453, 2814094, 3.4378483193551608, 153813, 0, 0.0, 10, 
2019-12-08 10:51:33.514,147548616, 17.043753169173453, 2814747, 3.4378483193551608, 153858, 0, 0.0, 10, 
2019-12-08 10:51:34.557,163114296, 17.043753169173453, 2815529, 3.4378483193551608, 153901, 0, 0.0, 10, 
2019-12-08 10:51:35.598,177956088, 17.043753169173453, 2816251, 3.4378483193551608, 153937, 0, 0.0, 10, 
2019-12-08 10:51:36.635,193590480, 59.35275063708247, 2817054, 5.6415962910565, 153982, 0, 0.0, 10, 
2019-12-08 10:51:37.668,209948872, 59.35275063708247, 2817813, 5.6415962910565, 154021, 0, 0.0, 10, 
2019-12-08 10:51:38.708,226600904, 59.35275063708247, 2818696, 5.6415962910565, 154058, 0, 0.0, 10, 
2019-12-08 10:51:39.74,244799800, 59.35275063708247, 2819627, 5.6415962910565, 154104, 0, 0.0, 10, 
2019-12-08 10:51:40.771,262341488, 121.43404496934633, 2820536, 8.420724806155379, 154145, 0, 0.0, 10, 
2019-12-08 10:51:41.8,279937672, 121.43404496934633, 2821457, 8.420724806155379, 154206, 0, 0.0, 10, 
2019-12-08 10:51:42.837,296442584, 121.43404496934633, 2822345, 8.420724806155379, 154250, 0, 0.0, 10, 
2019-12-08 10:51:43.919,317367128, 121.43404496934633, 2823389, 8.420724806155379, 154296, 0, 0.0, 10, 
2019-12-08 10:51:44.952,334635176, 121.43404496934633, 2824319, 8.420724806155379, 154333, 0, 0.0, 10, 
2019-12-08 10:51:45.986,354907376, 185.74759575606566, 2825350, 11.233504347195352, 154377, 0, 0.0, 10, 
2019-12-08 10:51:47.012,374592304, 185.74759575606566, 2826421, 11.233504347195352, 154435, 0, 0.0, 10, 
2019-12-08 10:51:48.044,394350352, 185.74759575606566, 2827448, 11.233504347195352, 154490, 0, 0.0, 10, 
2019-12-08 10:51:49.078,128310760, 185.74759575606566, 2828450, 11.233504347195352, 154536, 0, 0.0, 10, 
2019-12-08 10:51:50.112,149383112, 185.74759575606566, 2829526, 11.233504347195352, 154597, 0, 0.0, 10, 
2019-12-08 10:51:51.147,171638256, 251.81109040131847, 2830636, 14.716889009664389, 154662, 0, 0.0, 10, 
2019-12-08 10:51:52.178,197427008, 251.81109040131847, 2832023, 14.716889009664389, 154733, 0, 0.0, 10, 
2019-12-08 10:51:53.211,217577136, 251.81109040131847, 2833145, 14.716889009664389, 154791, 0, 0.0, 10, 
2019-12-08 10:51:54.238,240462968, 251.81109040131847, 2834347, 14.716889009664389, 154853, 0, 0.0, 10, 
2019-12-08 10:51:55.265,264144744, 251.81109040131847, 2835645, 14.716889009664389, 154925, 0, 0.0, 10, 
2019-12-08 10:51:56.291,289371008, 329.7668993981988, 2837041, 18.753295700229515, 154994, 0, 0.0, 10, 
2019-12-08 10:51:57.323,298564200, 329.7668993981988, 2837467, 18.753295700229515, 155018, 0, 0.0, 10, 
2019-12-08 10:51:58.36,300131368, 329.7668993981988, 2837467, 18.753295700229515, 155018, 0, 0.0, 10, 
2019-12-08 10:51:59.402,301286056, 329.7668993981988, 2837467, 18.753295700229515, 155018, 0, 0.0, 10, 
2019-12-08 10:52:00.435,302218640, 329.7668993981988, 2837467, 18.753295700229515, 155018, 0, 0.0, 10, 
2019-12-08 10:52:01.474,303393040, 321.4701562147157, 2837467, 18.14936752103985, 155018, 0, 0.0, 10, 
2019-12-08 10:52:02.604,304285712, 321.4701562147157, 2837467, 18.14936752103985, 155018, 0, 0.0, 10, 
2019-12-08 10:52:03.652,305019560, 321.4701562147157, 2837467, 18.14936752103985, 155018, 0, 0.0, 10, 
2019-12-08 10:52:04.702,305917968, 321.4701562147157, 2837467, 18.14936752103985, 155018, 0, 0.0, 10, 
2019-12-08 10:52:05.737,307085272, 321.4701562147157, 2837467, 18.14936752103985, 155018, 0, 0.0, 10, 
2019-12-08 10:52:06.774,310180472, 295.76682169536525, 2837591, 16.698224216787562, 155021, 0, 0.0, 10, 
2019-12-08 10:52:07.797,316986384, 295.76682169536525, 2837853, 16.698224216787562, 155034, 0, 0.0, 10, 
2019-12-08 10:52:08.82,326594296, 295.76682169536525, 2838360, 16.698224216787562, 155055, 0, 0.0, 10, 
2019-12-08 10:52:09.851,342956312, 295.76682169536525, 2839102, 16.698224216787562, 155088, 0, 0.0, 10, 
2019-12-08 10:52:10.875,358195168, 307.8107856429578, 2839820, 17.074157451815985, 155130, 0, 0.0, 10, 
2019-12-08 10:52:11.903,371876304, 307.8107856429578, 2840584, 17.074157451815985, 155173, 0, 0.0, 10, 
2019-12-08 10:52:12.927,389120168, 307.8107856429578, 2841431, 17.074157451815985, 155222, 0, 0.0, 10, 
2019-12-08 10:52:13.951,403491272, 307.8107856429578, 2842251, 17.074157451815985, 155270, 0, 0.0, 10, 
2019-12-08 10:52:14.974,138959264, 307.8107856429578, 2843098, 17.074157451815985, 155322, 0, 0.0, 10, 
2019-12-08 10:52:16.003,155012176, 347.4039291461206, 2843918, 19.482886827540877, 155370, 0, 0.0, 10, 
2019-12-08 10:52:17.027,172067096, 347.4039291461206, 2844849, 19.482886827540877, 155424, 0, 0.0, 10, 
2019-12-08 10:52:18.053,189376104, 347.4039291461206, 2845767, 19.482886827540877, 155464, 0, 0.0, 10, 
2019-12-08 10:52:19.076,206932032, 347.4039291461206, 2846718, 19.482886827540877, 155513, 0, 0.0, 10, 
2019-12-08 10:52:20.099,225745304, 347.4039291461206, 2847778, 19.482886827540877, 155568, 0, 0.0, 10, 
2019-12-08 10:52:21.131,245626496, 395.05714386986585, 2848841, 21.746998187252544, 155620, 0, 0.0, 10, 
2019-12-08 10:52:22.155,265763336, 395.05714386986585, 2849867, 21.746998187252544, 155665, 0, 0.0, 10, 
2019-12-08 10:52:23.181,283900416, 395.05714386986585, 2850853, 21.746998187252544, 155726, 0, 0.0, 10, 
2019-12-08 10:52:24.207,305028456, 395.05714386986585, 2852024, 21.746998187252544, 155788, 0, 0.0, 10, 
2019-12-08 10:52:25.235,326284976, 395.05714386986585, 2853143, 21.746998187252544, 155848, 0, 0.0, 10, 
2019-12-08 10:52:26.262,348275560, 448.1910569356521, 2854398, 24.67761040278324, 155929, 0, 0.0, 10, 
2019-12-08 10:52:27.284,370172456, 448.1910569356521, 2855650, 24.67761040278324, 156014, 0, 0.0, 10, 
2019-12-08 10:52:28.348,395355928, 448.1910569356521, 2857008, 24.67761040278324, 156091, 0, 0.0, 10, 
2019-12-08 10:52:29.372,137382832, 448.1910569356521, 2858466, 24.67761040278324, 156169, 0, 0.0, 10, 
2019-12-08 10:52:30.403,163442488, 448.1910569356521, 2859852, 24.67761040278324, 156241, 0, 0.0, 10, 
2019-12-08 10:52:31.426,187531496, 517.6252023194927, 2861231, 28.621210934909282, 156310, 0, 0.0, 10, 
2019-12-08 10:52:32.453,212315080, 517.6252023194927, 2862717, 28.621210934909282, 156381, 0, 0.0, 10, 
2019-12-08 10:52:33.481,239468352, 517.6252023194927, 2864253, 28.621210934909282, 156453, 0, 0.0, 10, 
2019-12-08 10:52:34.515,266585792, 517.6252023194927, 2865795, 28.621210934909282, 156543, 0, 0.0, 10, 
2019-12-08 10:52:35.541,291112440, 517.6252023194927, 2867173, 28.621210934909282, 156618, 0, 0.0, 10, 
2019-12-08 10:52:36.571,312372928, 590.2388498869335, 2868325, 32.29747192924348, 156681, 0, 0.0, 10, 
2019-12-08 10:52:37.598,334046128, 590.2388498869335, 2869406, 32.29747192924348, 156739, 0, 0.0, 10, 
2019-12-08 10:52:38.622,356924840, 590.2388498869335, 2870688, 32.29747192924348, 156804, 0, 0.0, 10, 
2019-12-08 10:52:39.646,371658648, 590.2388498869335, 2871457, 32.29747192924348, 156846, 0, 0.0, 10, 
2019-12-08 10:52:40.678,381888896, 590.2388498869335, 2871961, 32.29747192924348, 156873, 0, 0.0, 10, 
2019-12-08 10:52:41.71,392938256, 616.093379930359, 2872436, 33.56896787001443, 156904, 0, 0.0, 10, 
2019-12-08 10:52:42.737,402784968, 616.093379930359, 2872937, 33.56896787001443, 156924, 0, 0.0, 10, 
2019-12-08 10:52:43.768,127635160, 616.093379930359, 2873428, 33.56896787001443, 156953, 0, 0.0, 10, 
2019-12-08 10:52:44.797,139614912, 616.093379930359, 2873950, 33.56896787001443, 156975, 0, 0.0, 10, 
2019-12-08 10:52:45.826,149701240, 604.9241139656187, 2874443, 32.97977773038972, 157007, 0, 0.0, 10, 
2019-12-08 10:52:46.869,159433208, 604.9241139656187, 2874923, 32.97977773038972, 157025, 0, 0.0, 10, 
2019-12-08 10:52:47.897,170445136, 604.9241139656187, 2875438, 32.97977773038972, 157050, 0, 0.0, 10, 
2019-12-08 10:52:48.939,180530880, 604.9241139656187, 2875919, 32.97977773038972, 157069, 0, 0.0, 10, 
2019-12-08 10:52:49.965,190871088, 604.9241139656187, 2876409, 32.97977773038972, 157103, 0, 0.0, 10, 
2019-12-08 10:52:50.999,200970248, 594.519964262657, 2876883, 32.16584764301303, 157126, 0, 0.0, 10, 
2019-12-08 10:52:52.026,211619304, 594.519964262657, 2877395, 32.16584764301303, 157152, 0, 0.0, 10, 
2019-12-08 10:52:53.056,222811624, 594.519964262657, 2877884, 32.16584764301303, 157180, 0, 0.0, 10, 
2019-12-08 10:52:54.086,232823960, 594.519964262657, 2878367, 32.16584764301303, 157213, 0, 0.0, 10, 
2019-12-08 10:52:55.113,243142152, 594.519964262657, 2878871, 32.16584764301303, 157232, 0, 0.0, 10, 
2019-12-08 10:52:56.139,254908104, 585.5073735370746, 2879362, 31.608889217112978, 157256, 0, 0.0, 10, 
2019-12-08 10:52:57.175,263458816, 585.5073735370746, 2879830, 31.608889217112978, 157285, 0, 0.0, 10, 
2019-12-08 10:52:58.206,274855096, 585.5073735370746, 2880331, 31.608889217112978, 157316, 0, 0.0, 10, 
2019-12-08 10:52:59.236,285324760, 585.5073735370746, 2880809, 31.608889217112978, 157341, 0, 0.0, 10, 
2019-12-08 10:53:00.274,296718560, 585.5073735370746, 2881346, 31.608889217112978, 157359, 0, 0.0, 10, 
2019-12-08 10:53:01.304,306730672, 577.0394874908468, 2881845, 30.968533791589806, 157381, 0, 0.0, 10, 
2019-12-08 10:53:02.336,317338216, 577.0394874908468, 2882314, 30.968533791589806, 157407, 0, 0.0, 10, 
2019-12-08 10:53:03.392,328359056, 577.0394874908468, 2882859, 30.968533791589806, 157441, 0, 0.0, 10, 
2019-12-08 10:53:04.425,338139528, 577.0394874908468, 2883355, 30.968533791589806, 157458, 0, 0.0, 10, 
2019-12-08 10:53:05.451,348945360, 577.0394874908468, 2883856, 30.968533791589806, 157484, 0, 0.0, 10, 
2019-12-08 10:53:06.478,360669600, 569.9362742644853, 2884385, 30.475325061404444, 157507, 0, 0.0, 10, 
2019-12-08 10:53:07.505,370530784, 569.9362742644853, 2884870, 30.475325061404444, 157525, 0, 0.0, 10, 
2019-12-08 10:53:08.531,380536072, 569.9362742644853, 2885354, 30.475325061404444, 157544, 0, 0.0, 10, 
2019-12-08 10:53:09.558,392167648, 569.9362742644853, 2885878, 30.475325061404444, 157574, 0, 0.0, 10, 
2019-12-08 10:53:10.592,401960304, 569.9362742644853, 2886359, 30.475325061404444, 157598, 0, 0.0, 10, 
2019-12-08 10:53:11.62,127168776, 563.1931180876865, 2886864, 29.797675484913082, 157622, 0, 0.0, 10, 
2019-12-08 10:53:12.653,136966880, 563.1931180876865, 2887343, 29.797675484913082, 157652, 0, 0.0, 10, 
2019-12-08 10:53:13.678,148541760, 563.1931180876865, 2887831, 29.797675484913082, 157677, 0, 0.0, 10, 
2019-12-08 10:53:14.71,160372984, 563.1931180876865, 2888359, 29.797675484913082, 157703, 0, 0.0, 10, 
2019-12-08 10:53:15.737,169954112, 563.1931180876865, 2888849, 29.797675484913082, 157731, 0, 0.0, 10, 
2019-12-08 10:53:16.761,181677424, 556.6852836858409, 2889325, 29.542003469691394, 157756, 0, 0.0, 10, 
2019-12-08 10:53:17.793,191977528, 556.6852836858409, 2889845, 29.542003469691394, 157779, 0, 0.0, 10, 
2019-12-08 10:53:18.82,202864752, 556.6852836858409, 2890404, 29.542003469691394, 157806, 0, 0.0, 10, 
2019-12-08 10:53:19.846,213686824, 556.6852836858409, 2890904, 29.542003469691394, 157840, 0, 0.0, 10, 
2019-12-08 10:53:20.875,223780912, 551.9450941248729, 2891405, 29.274791625961388, 157867, 0, 0.0, 10, 
2019-12-08 10:53:21.902,234132832, 551.9450941248729, 2891891, 29.274791625961388, 157882, 0, 0.0, 10, 
2019-12-08 10:53:22.937,244420920, 551.9450941248729, 2892381, 29.274791625961388, 157903, 0, 0.0, 10, 
2019-12-08 10:53:23.962,255179048, 551.9450941248729, 2892904, 29.274791625961388, 157932, 0, 0.0, 10, 
2019-12-08 10:53:24.994,265470472, 551.9450941248729, 2893381, 29.274791625961388, 157962, 0, 0.0, 10, 
2019-12-08 10:53:26.028,276305928, 546.7043977559425, 2893905, 28.741104754280354, 157979, 0, 0.0, 10, 
2019-12-08 10:53:27.063,286437576, 546.7043977559425, 2894389, 28.741104754280354, 158005, 0, 0.0, 10, 
2019-12-08 10:53:28.096,297869592, 546.7043977559425, 2894890, 28.741104754280354, 158031, 0, 0.0, 10, 
2019-12-08 10:53:29.125,307622152, 546.7043977559425, 2895373, 28.741104754280354, 158052, 0, 0.0, 10, 
2019-12-08 10:53:30.156,317469528, 546.7043977559425, 2895869, 28.741104754280354, 158078, 0, 0.0, 10, 
2019-12-08 10:53:31.182,329177176, 540.939248425566, 2896345, 28.378018065422303, 158106, 0, 0.0, 10, 
2019-12-08 10:53:32.214,338248040, 540.939248425566, 2896822, 28.378018065422303, 158124, 0, 0.0, 10, 
2019-12-08 10:53:33.242,348491544, 540.939248425566, 2897343, 28.378018065422303, 158150, 0, 0.0, 10, 
2019-12-08 10:53:34.27,358002848, 540.939248425566, 2897796, 28.378018065422303, 158171, 0, 0.0, 10, 
2019-12-08 10:53:35.296,369319792, 540.939248425566, 2898309, 28.378018065422303, 158195, 0, 0.0, 10, 
2019-12-08 10:53:36.325,379654136, 535.5550993992784, 2898797, 27.900042131644984, 158224, 0, 0.0, 10, 
2019-12-08 10:53:37.353,390935288, 535.5550993992784, 2899295, 27.900042131644984, 158253, 0, 0.0, 10, 
2019-12-08 10:53:38.38,401004568, 535.5550993992784, 2899789, 27.900042131644984, 158270, 0, 0.0, 10, 
2019-12-08 10:53:39.405,129916584, 535.5550993992784, 2900275, 27.900042131644984, 158310, 0, 0.0, 10, 
2019-12-08 10:53:40.433,142252272, 535.5550993992784, 2900801, 27.900042131644984, 158340, 0, 0.0, 10, 
2019-12-08 10:53:41.458,152583384, 531.8807325260416, 2901289, 27.956007672744118, 158371, 0, 0.0, 10, 
2019-12-08 10:53:42.484,161935960, 531.8807325260416, 2901776, 27.956007672744118, 158411, 0, 0.0, 10, 
2019-12-08 10:53:43.52,173228064, 531.8807325260416, 2902317, 27.956007672744118, 158430, 0, 0.0, 10, 
2019-12-08 10:53:44.547,182199544, 531.8807325260416, 2902793, 27.956007672744118, 158454, 0, 0.0, 10, 
2019-12-08 10:53:45.574,194874728, 531.8807325260416, 2903300, 27.956007672744118, 158476, 0, 0.0, 10, 
2019-12-08 10:53:46.598,205411960, 528.14834723139, 2903794, 27.767631700132057, 158502, 0, 0.0, 10, 
2019-12-08 10:53:47.624,215863736, 528.14834723139, 2904297, 27.767631700132057, 158525, 0, 0.0, 10, 
2019-12-08 10:53:48.654,225593720, 528.14834723139, 2904782, 27.767631700132057, 158551, 0, 0.0, 10, 
2019-12-08 10:53:49.685,235975872, 528.14834723139, 2905259, 27.767631700132057, 158577, 0, 0.0, 10, 
2019-12-08 10:53:50.71,248095952, 528.14834723139, 2905792, 27.767631700132057, 158603, 0, 0.0, 10, 
2019-12-08 10:53:51.745,256443328, 524.6824047536528, 2906261, 27.53035297038342, 158627, 0, 0.0, 10, 
2019-12-08 10:53:52.772,267582448, 524.6824047536528, 2906760, 27.53035297038342, 158644, 0, 0.0, 10, 
2019-12-08 10:53:53.804,277941600, 524.6824047536528, 2907264, 27.53035297038342, 158664, 0, 0.0, 10, 
2019-12-08 10:53:54.83,287936632, 524.6824047536528, 2907754, 27.53035297038342, 158689, 0, 0.0, 10, 
2019-12-08 10:53:55.856,298322968, 520.8699301696929, 2908251, 26.944250307662735, 158706, 0, 0.0, 10, 
2019-12-08 10:53:56.889,309016264, 520.8699301696929, 2908724, 26.944250307662735, 158734, 0, 0.0, 10, 
2019-12-08 10:53:57.92,319027016, 520.8699301696929, 2909212, 26.944250307662735, 158762, 0, 0.0, 10, 
2019-12-08 10:53:58.963,329463504, 520.8699301696929, 2909709, 26.944250307662735, 158785, 0, 0.0, 10, 
2019-12-08 10:53:59.991,340871816, 520.8699301696929, 2910193, 26.944250307662735, 158806, 0, 0.0, 10, 
2019-12-08 10:54:01.016,351454672, 517.4742220423234, 2910723, 26.724832167909902, 158833, 0, 0.0, 10, 
2019-12-08 10:54:02.043,361818536, 517.4742220423234, 2911178, 26.724832167909902, 158855, 0, 0.0, 10, 
2019-12-08 10:54:03.072,370732840, 517.4742220423234, 2911678, 26.724832167909902, 158887, 0, 0.0, 10, 
2019-12-08 10:54:04.097,382324816, 517.4742220423234, 2912181, 26.724832167909902, 158915, 0, 0.0, 10, 
2019-12-08 10:54:05.13,393212704, 517.4742220423234, 2912693, 26.724832167909902, 158944, 0, 0.0, 10, 
2019-12-08 10:54:06.159,404215976, 514.509930916767, 2913186, 26.794806724222248, 158977, 0, 0.0, 10, 
2019-12-08 10:54:07.188,130174048, 514.509930916767, 2913705, 26.794806724222248, 159002, 0, 0.0, 10, 
2019-12-08 10:54:08.214,141698368, 514.509930916767, 2914247, 26.794806724222248, 159027, 0, 0.0, 10, 
2019-12-08 10:54:09.241,150771000, 514.509930916767, 2914747, 26.794806724222248, 159054, 0, 0.0, 10, 
2019-12-08 10:54:10.272,161839888, 514.509930916767, 2915240, 26.794806724222248, 159080, 0, 0.0, 10, 
2019-12-08 10:54:11.298,173366632, 513.0939230234426, 2915748, 26.683284136108103, 159105, 0, 0.0, 10, 
2019-12-08 10:54:12.33,184005656, 513.0939230234426, 2916230, 26.683284136108103, 159128, 0, 0.0, 10, 
2019-12-08 10:54:13.36,194180080, 513.0939230234426, 2916696, 26.683284136108103, 159149, 0, 0.0, 10, 
2019-12-08 10:54:14.388,204092888, 513.0939230234426, 2917226, 26.683284136108103, 159170, 0, 0.0, 10, 
2019-12-08 10:54:15.414,214893656, 513.0939230234426, 2917737, 26.683284136108103, 159190, 0, 0.0, 10, 
2019-12-08 10:54:16.447,226670176, 510.97558589933755, 2918263, 26.32482052862251, 159216, 0, 0.0, 10, 
2019-12-08 10:54:17.474,237299104, 510.97558589933755, 2918734, 26.32482052862251, 159244, 0, 0.0, 10, 
2019-12-08 10:54:18.501,247202640, 510.97558589933755, 2919223, 26.32482052862251, 159280, 0, 0.0, 10, 
2019-12-08 10:54:19.526,257582592, 510.97558589933755, 2919743, 26.32482052862251, 159307, 0, 0.0, 10, 
2019-12-08 10:54:20.552,270097488, 510.97558589933755, 2920247, 26.32482052862251, 159336, 0, 0.0, 10, 
2019-12-08 10:54:21.578,279405632, 508.9146838404839, 2920747, 26.42677824970917, 159355, 0, 0.0, 10, 
2019-12-08 10:54:22.603,290047664, 508.9146838404839, 2921238, 26.42677824970917, 159379, 0, 0.0, 10, 
2019-12-08 10:54:23.629,300330880, 508.9146838404839, 2921726, 26.42677824970917, 159407, 0, 0.0, 10, 
2019-12-08 10:54:24.666,310680072, 508.9146838404839, 2922223, 26.42677824970917, 159434, 0, 0.0, 10, 
2019-12-08 10:54:25.692,321265112, 508.9146838404839, 2922726, 26.42677824970917, 159462, 0, 0.0, 10, 
2019-12-08 10:54:26.718,332008208, 506.9386068267668, 2923208, 26.296708242485387, 159486, 0, 0.0, 10, 
2019-12-08 10:54:27.756,342564456, 506.9386068267668, 2923709, 26.296708242485387, 159523, 0, 0.0, 10, 
2019-12-08 10:54:28.783,353057896, 506.9386068267668, 2924216, 26.296708242485387, 159552, 0, 0.0, 10, 
2019-12-08 10:54:29.808,362987216, 506.9386068267668, 2924688, 26.296708242485387, 159580, 0, 0.0, 10, 
2019-12-08 10:54:30.833,373088096, 504.44890129030534, 2925166, 26.288975878347298, 159596, 0, 0.0, 10, 
2019-12-08 10:54:31.86,384065320, 504.44890129030534, 2925635, 26.288975878347298, 159625, 0, 0.0, 10, 
2019-12-08 10:54:32.89,394111960, 504.44890129030534, 2926145, 26.288975878347298, 159653, 0, 0.0, 10, 
2019-12-08 10:54:33.917,404773168, 504.44890129030534, 2926653, 26.288975878347298, 159681, 0, 0.0, 10, 
2019-12-08 10:54:34.944,130657128, 504.44890129030534, 2927135, 26.288975878347298, 159708, 0, 0.0, 10, 
2019-12-08 10:54:35.975,141278400, 502.66997736378454, 2927664, 26.249879525761898, 159726, 0, 0.0, 10, 
2019-12-08 10:54:37.003,151240488, 502.66997736378454, 2928152, 26.249879525761898, 159751, 0, 0.0, 10, 
2019-12-08 10:54:38.031,161862872, 502.66997736378454, 2928640, 26.249879525761898, 159772, 0, 0.0, 10, 
2019-12-08 10:54:39.061,172153896, 502.66997736378454, 2929102, 26.249879525761898, 159793, 0, 0.0, 10, 
2019-12-08 10:54:40.088,182108520, 502.66997736378454, 2929599, 26.249879525761898, 159826, 0, 0.0, 10, 
2019-12-08 10:54:41.115,192849608, 500.6495015313595, 2930121, 25.95805127174716, 159847, 0, 0.0, 10, 
2019-12-08 10:54:42.14,205129504, 500.6495015313595, 2930630, 25.95805127174716, 159877, 0, 0.0, 10, 
2019-12-08 10:54:43.166,216499432, 500.6495015313595, 2931160, 25.95805127174716, 159903, 0, 0.0, 10, 
2019-12-08 10:54:44.197,226966344, 500.6495015313595, 2931654, 25.95805127174716, 159926, 0, 0.0, 10, 
2019-12-08 10:54:45.228,238030056, 500.6495015313595, 2932176, 25.95805127174716, 159953, 0, 0.0, 10, 
2019-12-08 10:54:46.257,247629048, 500.50162355377563, 2932686, 25.865458604425356, 159970, 0, 0.0, 10, 
2019-12-08 10:54:47.282,258533392, 500.50162355377563, 2933232, 25.865458604425356, 159990, 0, 0.0, 10, 
2019-12-08 10:54:48.308,269053584, 500.50162355377563, 2933764, 25.865458604425356, 160017, 0, 0.0, 10, 
2019-12-08 10:54:49.348,279957696, 500.50162355377563, 2934266, 25.865458604425356, 160049, 0, 0.0, 10, 
2019-12-08 10:54:50.373,291108872, 500.50162355377563, 2934741, 25.865458604425356, 160072, 0, 0.0, 10, 
2019-12-08 10:54:51.401,301829280, 500.25363142693396, 2935235, 25.76427812094617, 160098, 0, 0.0, 10, 
2019-12-08 10:54:52.428,311337392, 500.25363142693396, 2935710, 25.76427812094617, 160129, 0, 0.0, 10, 
2019-12-08 10:54:53.456,322346544, 500.25363142693396, 2936176, 25.76427812094617, 160158, 0, 0.0, 10, 
2019-12-08 10:54:54.488,331659512, 500.25363142693396, 2936652, 25.76427812094617, 160190, 0, 0.0, 10, 
2019-12-08 10:54:55.514,342590560, 500.25363142693396, 2937120, 25.76427812094617, 160210, 0, 0.0, 10, 
2019-12-08 10:54:56.54,352741112, 497.30697775315826, 2937602, 25.799116518844727, 160245, 0, 0.0, 10, 
2019-12-08 10:54:57.566,362730664, 497.30697775315826, 2938096, 25.799116518844727, 160277, 0, 0.0, 10, 
2019-12-08 10:54:58.592,373379240, 497.30697775315826, 2938597, 25.799116518844727, 160306, 0, 0.0, 10, 
2019-12-08 10:54:59.619,383845864, 497.30697775315826, 2939092, 25.799116518844727, 160334, 0, 0.0, 10, 
2019-12-08 10:55:00.647,395193288, 497.30697775315826, 2939603, 25.799116518844727, 160372, 0, 0.0, 10, 
2019-12-08 10:55:01.674,405854400, 496.1950372061675, 2940077, 26.246938436173448, 160395, 0, 0.0, 10, 
2019-12-08 10:55:02.7,133134152, 496.1950372061675, 2940554, 26.246938436173448, 160424, 0, 0.0, 10, 
2019-12-08 10:55:03.727,141090736, 496.1950372061675, 2941042, 26.246938436173448, 160463, 0, 0.0, 10, 
2019-12-08 10:55:04.797,152111984, 496.1950372061675, 2941528, 26.246938436173448, 160486, 0, 0.0, 10, 
2019-12-08 10:55:05.827,164171960, 494.06861543839346, 2942041, 26.3711143826259, 160513, 0, 0.0, 10, 
2019-12-08 10:55:06.854,174155792, 494.06861543839346, 2942501, 26.3711143826259, 160536, 0, 0.0, 10, 
2019-12-08 10:55:07.883,185139992, 494.06861543839346, 2943004, 26.3711143826259, 160566, 0, 0.0, 10, 
2019-12-08 10:55:08.91,194900816, 494.06861543839346, 2943476, 26.3711143826259, 160591, 0, 0.0, 10, 
2019-12-08 10:55:09.937,205441224, 494.06861543839346, 2943964, 26.3711143826259, 160619, 0, 0.0, 10, 
2019-12-08 10:55:10.963,216026792, 492.33608860684467, 2944455, 26.229503895404623, 160637, 0, 0.0, 10, 
2019-12-08 10:55:11.989,225160832, 492.33608860684467, 2944931, 26.229503895404623, 160663, 0, 0.0, 10, 
2019-12-08 10:55:13.016,236815928, 492.33608860684467, 2945426, 26.229503895404623, 160688, 0, 0.0, 10, 
2019-12-08 10:55:14.042,244627472, 492.33608860684467, 2945913, 26.229503895404623, 160718, 0, 0.0, 10, 
2019-12-08 10:55:15.068,256687936, 492.33608860684467, 2946402, 26.229503895404623, 160740, 0, 0.0, 10, 
2019-12-08 10:55:16.095,266439616, 490.9979448454689, 2946901, 26.035251489287205, 160760, 0, 0.0, 10, 
2019-12-08 10:55:17.121,277053224, 490.9979448454689, 2947382, 26.035251489287205, 160781, 0, 0.0, 10, 
2019-12-08 10:55:18.146,287301584, 490.9979448454689, 2947880, 26.035251489287205, 160806, 0, 0.0, 10, 
2019-12-08 10:55:19.172,297522224, 490.9979448454689, 2948353, 26.035251489287205, 160828, 0, 0.0, 10, 
2019-12-08 10:55:20.197,308700584, 490.9979448454689, 2948827, 26.035251489287205, 160859, 0, 0.0, 10, 
2019-12-08 10:55:21.222,319266432, 489.70282868354747, 2949352, 25.88851288215884, 160889, 0, 0.0, 10, 
2019-12-08 10:55:22.254,333056120, 489.70282868354747, 2949879, 25.88851288215884, 160918, 0, 0.0, 10, 
2019-12-08 10:55:23.279,343227624, 489.70282868354747, 2950374, 25.88851288215884, 160944, 0, 0.0, 10, 
2019-12-08 10:55:24.314,352748280, 489.70282868354747, 2950883, 25.88851288215884, 160967, 0, 0.0, 10, 
2019-12-08 10:55:25.346,375866120, 489.70282868354747, 2951367, 25.88851288215884, 160999, 0, 0.0, 10, 
2019-12-08 10:55:26.371,386563176, 489.7585714242581, 2951860, 26.05733807066847, 161027, 0, 0.0, 10, 
2019-12-08 10:55:27.405,395997768, 489.7585714242581, 2952335, 26.05733807066847, 161061, 0, 0.0, 10, 
2019-12-08 10:55:28.429,407202712, 489.7585714242581, 2952835, 26.05733807066847, 161090, 0, 0.0, 10, 
2019-12-08 10:55:29.454,135219720, 489.7585714242581, 2953322, 26.05733807066847, 161126, 0, 0.0, 10, 
2019-12-08 10:55:30.487,146168584, 489.7585714242581, 2953798, 26.05733807066847, 161162, 0, 0.0, 10, 
2019-12-08 10:55:31.514,154955528, 488.626514558019, 2954319, 26.436540381443397, 161188, 0, 0.0, 10, 
2019-12-08 10:55:32.544,164744136, 488.626514558019, 2954807, 26.436540381443397, 161214, 0, 0.0, 10, 
2019-12-08 10:55:33.579,175434024, 488.626514558019, 2955315, 26.436540381443397, 161237, 0, 0.0, 10, 
2019-12-08 10:55:34.614,187456824, 488.626514558019, 2955843, 26.436540381443397, 161262, 0, 0.0, 10, 
2019-12-08 10:55:35.641,197560592, 488.626514558019, 2956355, 26.436540381443397, 161300, 0, 0.0, 10, 
2019-12-08 10:55:36.665,208790224, 489.16809255153225, 2956868, 26.46560100800369, 161333, 0, 0.0, 10, 
2019-12-08 10:55:37.698,219462872, 489.16809255153225, 2957348, 26.46560100800369, 161361, 0, 0.0, 10, 
2019-12-08 10:55:38.729,229916816, 489.16809255153225, 2957854, 26.46560100800369, 161383, 0, 0.0, 10, 
2019-12-08 10:55:39.755,240479488, 489.16809255153225, 2958354, 26.46560100800369, 161412, 0, 0.0, 10, 
2019-12-08 10:55:40.789,249865488, 488.22716782287824, 2958816, 26.49233807515612, 161436, 0, 0.0, 10, 
2019-12-08 10:55:41.815,260906784, 488.22716782287824, 2959329, 26.49233807515612, 161458, 0, 0.0, 10, 
2019-12-08 10:55:42.842,272031448, 488.22716782287824, 2959845, 26.49233807515612, 161479, 0, 0.0, 10, 
2019-12-08 10:55:43.867,282586896, 488.22716782287824, 2960334, 26.49233807515612, 161505, 0, 0.0, 10, 
2019-12-08 10:55:44.895,292640096, 488.22716782287824, 2960816, 26.49233807515612, 161528, 0, 0.0, 10, 
2019-12-08 10:55:45.923,304036696, 488.0650844329554, 2961326, 26.133150554674035, 161552, 0, 0.0, 10, 
2019-12-08 10:55:46.949,315182448, 488.0650844329554, 2961859, 26.133150554674035, 161588, 0, 0.0, 10, 
2019-12-08 10:55:47.976,324480280, 488.0650844329554, 2962361, 26.133150554674035, 161625, 0, 0.0, 10, 
2019-12-08 10:55:49.002,334930296, 488.0650844329554, 2962850, 26.133150554674035, 161651, 0, 0.0, 10, 
2019-12-08 10:55:50.028,346468648, 488.0650844329554, 2963345, 26.133150554674035, 161675, 0, 0.0, 10, 
2019-12-08 10:55:51.054,355887808, 488.2517739739095, 2963819, 26.426335648541215, 161704, 0, 0.0, 10, 
2019-12-08 10:55:52.079,366467392, 488.2517739739095, 2964285, 26.426335648541215, 161733, 0, 0.0, 10, 
2019-12-08 10:55:53.108,376042800, 488.2517739739095, 2964778, 26.426335648541215, 161755, 0, 0.0, 10, 
2019-12-08 10:55:54.131,386043328, 488.2517739739095, 2965249, 26.426335648541215, 161780, 0, 0.0, 10, 
2019-12-08 10:55:55.169,397970720, 488.2517739739095, 2965777, 26.426335648541215, 161806, 0, 0.0, 10, 
2019-12-08 10:55:56.196,407236928, 486.8244249359206, 2966242, 26.47220331756839, 161836, 0, 0.0, 10, 
2019-12-08 10:55:57.22,134265880, 486.8244249359206, 2966737, 26.47220331756839, 161866, 0, 0.0, 10, 
2019-12-08 10:55:58.249,145114976, 486.8244249359206, 2967216, 26.47220331756839, 161887, 0, 0.0, 10, 
2019-12-08 10:55:59.275,155329456, 486.8244249359206, 2967697, 26.47220331756839, 161906, 0, 0.0, 10, 
2019-12-08 10:56:00.3,165669864, 486.8244249359206, 2968152, 26.47220331756839, 161941, 0, 0.0, 10, 
2019-12-08 10:56:01.336,174657496, 485.0794402647906, 2968645, 26.258545737082745, 161959, 0, 0.0, 10, 
2019-12-08 10:56:02.363,186967288, 485.0794402647906, 2969124, 26.258545737082745, 161993, 0, 0.0, 10, 
2019-12-08 10:56:03.394,197083544, 485.0794402647906, 2969623, 26.258545737082745, 162015, 0, 0.0, 10, 
2019-12-08 10:56:04.427,207348912, 485.0794402647906, 2970140, 26.258545737082745, 162034, 0, 0.0, 10, 
2019-12-08 10:56:05.455,218810392, 485.0794402647906, 2970630, 26.258545737082745, 162055, 0, 0.0, 10, 
2019-12-08 10:56:06.484,229473616, 484.7852484645828, 2971116, 25.982015688143036, 162078, 0, 0.0, 10, 
2019-12-08 10:56:07.515,239905584, 484.7852484645828, 2971599, 25.982015688143036, 162099, 0, 0.0, 10, 
2019-12-08 10:56:08.542,248317568, 484.7852484645828, 2972065, 25.982015688143036, 162123, 0, 0.0, 10, 
2019-12-08 10:56:09.568,259616496, 484.7852484645828, 2972569, 25.982015688143036, 162162, 0, 0.0, 10, 
2019-12-08 10:56:10.6,270788872, 484.7852484645828, 2973051, 25.982015688143036, 162181, 0, 0.0, 10, 
2019-12-08 10:56:11.629,281222840, 483.6510586199686, 2973523, 25.83953358065783, 162196, 0, 0.0, 10, 
2019-12-08 10:56:12.658,291951240, 483.6510586199686, 2974031, 25.83953358065783, 162228, 0, 0.0, 10, 
2019-12-08 10:56:13.687,299908016, 483.6510586199686, 2974508, 25.83953358065783, 162255, 0, 0.0, 10, 
2019-12-08 10:56:14.72,311541960, 483.6510586199686, 2975023, 25.83953358065783, 162285, 0, 0.0, 10, 
2019-12-08 10:56:15.748,322897800, 483.3751272078605, 2975521, 25.83953358065783, 162318, 0, 0.0, 10, 
2019-12-08 10:56:16.773,334069152, 483.3751272078605, 2976026, 25.91632823544521, 162332, 0, 0.0, 10, 
2019-12-08 10:56:17.798,344203464, 483.3751272078605, 2976516, 25.91632823544521, 162369, 0, 0.0, 10, 
2019-12-08 10:56:18.823,353139824, 483.3751272078605, 2977006, 25.91632823544521, 162390, 0, 0.0, 10, 
2019-12-08 10:56:19.848,364261216, 483.3751272078605, 2977520, 25.91632823544521, 162414, 0, 0.0, 10, 
2019-12-08 10:56:20.873,374444088, 483.3771159265158, 2977990, 25.779098206691966, 162442, 0, 0.0, 10, 
2019-12-08 10:56:21.899,384731160, 483.3771159265158, 2978462, 25.779098206691966, 162468, 0, 0.0, 10, 
2019-12-08 10:56:22.925,395918384, 483.3771159265158, 2978962, 25.779098206691966, 162500, 0, 0.0, 10, 
2019-12-08 10:56:23.953,406704568, 483.3771159265158, 2979425, 25.779098206691966, 162540, 0, 0.0, 10, 
2019-12-08 10:56:24.979,132929584, 483.3771159265158, 2979905, 25.779098206691966, 162568, 0, 0.0, 10, 
2019-12-08 10:56:26.005,142607536, 482.27555855789154, 2980399, 26.036627294997373, 162590, 0, 0.0, 10, 
2019-12-08 10:56:27.03,151965840, 482.27555855789154, 2980889, 26.036627294997373, 162618, 0, 0.0, 10, 
2019-12-08 10:56:28.06,162641416, 482.27555855789154, 2981375, 26.036627294997373, 162643, 0, 0.0, 10, 
2019-12-08 10:56:29.086,173033056, 482.27555855789154, 2981880, 26.036627294997373, 162670, 0, 0.0, 10, 
2019-12-08 10:56:30.111,183942304, 482.27555855789154, 2982372, 26.036627294997373, 162700, 0, 0.0, 10, 
2019-12-08 10:56:31.139,195070312, 481.88573041938633, 2982864, 26.113654323555988, 162725, 0, 0.0, 10, 
2019-12-08 10:56:32.166,205803928, 481.88573041938633, 2983381, 26.113654323555988, 162752, 0, 0.0, 10, 
2019-12-08 10:56:33.191,216889048, 481.88573041938633, 2983876, 26.113654323555988, 162773, 0, 0.0, 10, 
2019-12-08 10:56:34.216,226317000, 481.88573041938633, 2984367, 26.113654323555988, 162796, 0, 0.0, 10, 
2019-12-08 10:56:35.242,237503472, 481.88573041938633, 2984883, 26.113654323555988, 162818, 0, 0.0, 10, 
2019-12-08 10:56:36.267,248873784, 482.87032505211664, 2985394, 25.8966825036224, 162854, 0, 0.0, 10, 
2019-12-08 10:56:37.294,258259040, 482.87032505211664, 2985884, 25.8966825036224, 162888, 0, 0.0, 10, 
2019-12-08 10:56:38.317,268236080, 482.87032505211664, 2986371, 25.8966825036224, 162918, 0, 0.0, 10, 
2019-12-08 10:56:39.343,278854080, 482.87032505211664, 2986894, 25.8966825036224, 162941, 0, 0.0, 10, 
2019-12-08 10:56:40.368,291372416, 482.87032505211664, 2987408, 25.8966825036224, 162971, 0, 0.0, 10, 
2019-12-08 10:56:41.394,302458464, 483.13655116166876, 2987897, 26.24075677308115, 163003, 0, 0.0, 10, 
2019-12-08 10:56:42.423,313433520, 483.13655116166876, 2988400, 26.24075677308115, 163032, 0, 0.0, 10, 
2019-12-08 10:56:43.448,323887488, 483.13655116166876, 2988880, 26.24075677308115, 163051, 0, 0.0, 10, 
2019-12-08 10:56:44.473,333704992, 483.13655116166876, 2989395, 26.24075677308115, 163082, 0, 0.0, 10, 
2019-12-08 10:56:45.498,343408976, 483.13655116166876, 2989866, 26.24075677308115, 163108, 0, 0.0, 10, 
2019-12-08 10:56:46.523,354820144, 483.1096420165303, 2990378, 26.333444743876438, 163139, 0, 0.0, 10, 
2019-12-08 10:56:47.547,365454368, 483.1096420165303, 2990872, 26.333444743876438, 163169, 0, 0.0, 10, 
2019-12-08 10:56:48.593,375711192, 483.1096420165303, 2991334, 26.333444743876438, 163197, 0, 0.0, 10, 
2019-12-08 10:56:49.619,387164528, 483.1096420165303, 2991847, 26.333444743876438, 163227, 0, 0.0, 10, 
2019-12-08 10:56:50.643,395993144, 483.1096420165303, 2992334, 26.333444743876438, 163248, 0, 0.0, 10, 
2019-12-08 10:56:51.668,406856272, 482.8769998858795, 2992827, 26.24281950589448, 163277, 0, 0.0, 10, 
2019-12-08 10:56:52.693,134686568, 482.8769998858795, 2993326, 26.24281950589448, 163304, 0, 0.0, 10, 
2019-12-08 10:56:53.719,145713880, 482.8769998858795, 2993850, 26.24281950589448, 163327, 0, 0.0, 10, 
2019-12-08 10:56:54.748,156618792, 482.8769998858795, 2994369, 26.24281950589448, 163349, 0, 0.0, 10, 
2019-12-08 10:56:55.774,167616928, 483.31859459300637, 2994842, 26.127458027716457, 163374, 0, 0.0, 10, 
2019-12-08 10:56:56.8,177749840, 483.31859459300637, 2995340, 26.127458027716457, 163410, 0, 0.0, 10, 
2019-12-08 10:56:57.826,187403592, 483.31859459300637, 2995823, 26.127458027716457, 163442, 0, 0.0, 10, 
2019-12-08 10:56:58.85,198021368, 483.31859459300637, 2996320, 26.127458027716457, 163471, 0, 0.0, 10, 
2019-12-08 10:56:59.874,209195552, 483.31859459300637, 2996823, 26.127458027716457, 163513, 0, 0.0, 10, 
2019-12-08 10:57:00.906,220824432, 483.29312117582657, 2997330, 26.628982792872527, 163538, 0, 0.0, 10, 
2019-12-08 10:57:01.934,231221384, 483.29312117582657, 2997824, 26.628982792872527, 163560, 0, 0.0, 10, 
2019-12-08 10:57:02.958,241607144, 483.29312117582657, 2998301, 26.628982792872527, 163584, 0, 0.0, 10, 
2019-12-08 10:57:03.989,250634448, 483.29312117582657, 2998786, 26.628982792872527, 163608, 0, 0.0, 10, 
2019-12-08 10:57:05.014,261556968, 483.29312117582657, 2999278, 26.628982792872527, 163640, 0, 0.0, 10, 
2019-12-08 10:57:06.039,271855888, 482.47012864692203, 2999761, 26.530718754257915, 163674, 0, 0.0, 10, 
2019-12-08 10:57:07.064,282666152, 482.47012864692203, 3000253, 26.530718754257915, 163700, 0, 0.0, 10, 
2019-12-08 10:57:08.09,292928992, 482.47012864692203, 3000751, 26.530718754257915, 163722, 0, 0.0, 10, 
2019-12-08 10:57:09.115,303596032, 482.47012864692203, 3001198, 26.530718754257915, 163753, 0, 0.0, 10, 
2019-12-08 10:57:10.143,313306360, 482.47012864692203, 3001687, 26.530718754257915, 163776, 0, 0.0, 10, 
2019-12-08 10:57:11.169,324293088, 481.6969478503476, 3002183, 26.42432035729749, 163804, 0, 0.0, 10, 
2019-12-08 10:57:12.195,334754992, 481.6969478503476, 3002713, 26.42432035729749, 163831, 0, 0.0, 10, 
2019-12-08 10:57:13.22,344876032, 481.6969478503476, 3003167, 26.42432035729749, 163860, 0, 0.0, 10, 
2019-12-08 10:57:14.245,355286568, 481.6969478503476, 3003652, 26.42432035729749, 163884, 0, 0.0, 10, 
2019-12-08 10:57:15.274,365297512, 481.6969478503476, 3004133, 26.42432035729749, 163912, 0, 0.0, 10, 
2019-12-08 10:57:16.302,375998920, 481.3214006355176, 3004624, 26.486340277189882, 163935, 0, 0.0, 10, 
2019-12-08 10:57:17.332,386146488, 481.3214006355176, 3005123, 26.486340277189882, 163956, 0, 0.0, 10, 
2019-12-08 10:57:18.361,396628240, 481.3214006355176, 3005623, 26.486340277189882, 163991, 0, 0.0, 10, 
2019-12-08 10:57:19.386,406686808, 481.3214006355176, 3006135, 26.486340277189882, 164020, 0, 0.0, 10, 
2019-12-08 10:57:20.412,133828480, 481.3214006355176, 3006634, 26.486340277189882, 164054, 0, 0.0, 10, 
2019-12-08 10:57:21.437,143979744, 481.80741860593855, 3007109, 26.559392475156777, 164084, 0, 0.0, 10, 
2019-12-08 10:57:22.463,153321256, 481.80741860593855, 3007567, 26.559392475156777, 164103, 0, 0.0, 10, 
2019-12-08 10:57:23.565,164553136, 481.80741860593855, 3008044, 26.559392475156777, 164130, 0, 0.0, 10, 
2019-12-08 10:57:24.589,173784888, 481.80741860593855, 3008566, 26.559392475156777, 164156, 0, 0.0, 10, 
2019-12-08 10:57:25.615,185792968, 481.80741860593855, 3009076, 26.559392475156777, 164183, 0, 0.0, 10, 
2019-12-08 10:57:26.64,196085160, 480.7514117200652, 3009575, 26.434710336982988, 164205, 0, 0.0, 10, 
2019-12-08 10:57:27.665,207377720, 480.7514117200652, 3010051, 26.434710336982988, 164230, 0, 0.0, 10, 
2019-12-08 10:57:28.691,217625320, 480.7514117200652, 3010582, 26.434710336982988, 164264, 0, 0.0, 10, 
2019-12-08 10:57:29.715,226805496, 480.7514117200652, 3011046, 26.434710336982988, 164289, 0, 0.0, 10, 
2019-12-08 10:57:30.739,238162632, 480.7514117200652, 3011542, 26.434710336982988, 164320, 0, 0.0, 10, 
2019-12-08 10:57:31.764,247513512, 480.7233143902812, 3012030, 26.447926168745234, 164350, 0, 0.0, 10, 
2019-12-08 10:57:32.789,259702944, 480.7233143902812, 3012552, 26.447926168745234, 164377, 0, 0.0, 10, 
2019-12-08 10:57:33.819,269251608, 480.7233143902812, 3013052, 26.447926168745234, 164409, 0, 0.0, 10, 
2019-12-08 10:57:34.845,280083536, 480.7233143902812, 3013562, 26.447926168745234, 164435, 0, 0.0, 10, 
2019-12-08 10:57:35.87,291865096, 481.9447707307301, 3014096, 26.524049789239314, 164460, 0, 0.0, 10, 
2019-12-08 10:57:36.896,302103024, 481.9447707307301, 3014590, 26.524049789239314, 164478, 0, 0.0, 10, 
2019-12-08 10:57:37.92,313150392, 481.9447707307301, 3015088, 26.524049789239314, 164496, 0, 0.0, 10, 
2019-12-08 10:57:38.944,322831416, 481.9447707307301, 3015566, 26.524049789239314, 164526, 0, 0.0, 10, 
2019-12-08 10:57:39.977,333446184, 481.9447707307301, 3016057, 26.524049789239314, 164548, 0, 0.0, 10, 
2019-12-08 10:57:41.004,343222920, 482.22103560954446, 3016574, 26.290255676687682, 164578, 0, 0.0, 10, 
2019-12-08 10:57:42.028,354571128, 482.22103560954446, 3017044, 26.290255676687682, 164604, 0, 0.0, 10, 
2019-12-08 10:57:43.053,366305088, 482.22103560954446, 3017571, 26.290255676687682, 164635, 0, 0.0, 10, 
2019-12-08 10:57:44.078,377430264, 482.22103560954446, 3018053, 26.290255676687682, 164661, 0, 0.0, 10, 
2019-12-08 10:57:45.108,388291600, 482.22103560954446, 3018555, 26.290255676687682, 164685, 0, 0.0, 10, 
2019-12-08 10:57:46.133,399098000, 482.23534481214386, 3019058, 26.171101411706143, 164709, 0, 0.0, 10, 
2019-12-08 10:57:47.16,128517624, 482.23534481214386, 3019540, 26.171101411706143, 164738, 0, 0.0, 10, 
2019-12-08 10:57:48.185,137265624, 482.23534481214386, 3020063, 26.171101411706143, 164771, 0, 0.0, 10, 
2019-12-08 10:57:49.211,146935112, 482.23534481214386, 3020530, 26.171101411706143, 164794, 0, 0.0, 10, 
2019-12-08 10:57:50.237,158679456, 482.23534481214386, 3021024, 26.171101411706143, 164828, 0, 0.0, 10, 
2019-12-08 10:57:51.263,169476688, 482.3444566165181, 3021537, 26.381296537213323, 164855, 0, 0.0, 10, 
2019-12-08 10:57:52.289,180160568, 482.3444566165181, 3022040, 26.381296537213323, 164898, 0, 0.0, 10, 
2019-12-08 10:57:53.32,190653800, 482.3444566165181, 3022550, 26.381296537213323, 164926, 0, 0.0, 10, 
2019-12-08 10:57:54.345,200736456, 482.3444566165181, 3023035, 26.381296537213323, 164956, 0, 0.0, 10, 
2019-12-08 10:57:55.372,212013640, 482.3444566165181, 3023532, 26.381296537213323, 164980, 0, 0.0, 10, 
2019-12-08 10:57:56.4,223316688, 482.7646666641853, 3024032, 26.55869427134438, 164998, 0, 0.0, 10, 
2019-12-08 10:57:57.429,232461432, 482.7646666641853, 3024507, 26.55869427134438, 165027, 0, 0.0, 10, 
2019-12-08 10:57:58.454,242334600, 482.7646666641853, 3024998, 26.55869427134438, 165059, 0, 0.0, 10, 
2019-12-08 10:57:59.485,253130528, 482.7646666641853, 3025518, 26.55869427134438, 165079, 0, 0.0, 10, 
2019-12-08 10:58:00.511,263403184, 482.7646666641853, 3025992, 26.55869427134438, 165100, 0, 0.0, 10, 
2019-12-08 10:58:01.537,273579840, 482.36771383488, 3026481, 26.338121256020308, 165124, 0, 0.0, 10, 
2019-12-08 10:58:02.563,284666888, 482.36771383488, 3026974, 26.338121256020308, 165149, 0, 0.0, 10, 
2019-12-08 10:58:03.587,294582688, 482.36771383488, 3027433, 26.338121256020308, 165173, 0, 0.0, 10, 
2019-12-08 10:58:04.612,304692920, 482.36771383488, 3027895, 26.338121256020308, 165194, 0, 0.0, 10, 
2019-12-08 10:58:05.638,314205688, 482.36771383488, 3028372, 26.338121256020308, 165218, 0, 0.0, 10, 
2019-12-08 10:58:06.664,325514328, 480.89911252329114, 3028884, 26.05522869988277, 165240, 0, 0.0, 10, 
2019-12-08 10:58:07.691,337119440, 480.89911252329114, 3029400, 26.05522869988277, 165266, 0, 0.0, 10, 
2019-12-08 10:58:08.717,346854640, 480.89911252329114, 3029917, 26.05522869988277, 165293, 0, 0.0, 10, 
2019-12-08 10:58:09.743,357385000, 480.89911252329114, 3030373, 26.05522869988277, 165321, 0, 0.0, 10, 
2019-12-08 10:58:10.786,368454664, 481.1790280308083, 3030872, 25.842928334890622, 165337, 0, 0.0, 10, 
2019-12-08 10:58:11.82,379784480, 481.1790280308083, 3031374, 25.842928334890622, 165369, 0, 0.0, 10, 
2019-12-08 10:58:12.846,388828720, 481.1790280308083, 3031876, 25.842928334890622, 165393, 0, 0.0, 10, 
2019-12-08 10:58:13.872,399870960, 481.1790280308083, 3032330, 25.842928334890622, 165412, 0, 0.0, 10, 
2019-12-08 10:58:14.901,409256632, 481.1790280308083, 3032809, 25.842928334890622, 165437, 0, 0.0, 10, 
2019-12-08 10:58:15.926,133949968, 480.26921118365567, 3033280, 25.74354927230064, 165465, 0, 0.0, 10, 
2019-12-08 10:58:16.955,144873392, 480.26921118365567, 3033800, 25.74354927230064, 165483, 0, 0.0, 10, 
2019-12-08 10:58:17.981,156462536, 480.26921118365567, 3034264, 25.74354927230064, 165504, 0, 0.0, 10, 
2019-12-08 10:58:19.007,166579400, 480.26921118365567, 3034766, 25.74354927230064, 165532, 0, 0.0, 10, 
2019-12-08 10:58:20.034,176734296, 480.26921118365567, 3035255, 25.74354927230064, 165553, 0, 0.0, 10, 
2019-12-08 10:58:21.06,186308856, 479.879890553173, 3035745, 25.508196067166416, 165578, 0, 0.0, 10, 
2019-12-08 10:58:22.085,197095984, 479.879890553173, 3036235, 25.508196067166416, 165595, 0, 0.0, 10, 
2019-12-08 10:58:23.119,207013024, 479.879890553173, 3036686, 25.508196067166416, 165625, 0, 0.0, 10, 
2019-12-08 10:58:24.146,217525800, 479.879890553173, 3037168, 25.508196067166416, 165659, 0, 0.0, 10, 
2019-12-08 10:58:25.172,230173976, 479.879890553173, 3037661, 25.508196067166416, 165681, 0, 0.0, 10, 
2019-12-08 10:58:26.2,240673520, 479.93746732552506, 3038218, 25.467562953133047, 165705, 0, 0.0, 10, 
2019-12-08 10:58:27.226,251671816, 479.93746732552506, 3038701, 25.467562953133047, 165735, 0, 0.0, 10, 
2019-12-08 10:58:28.256,261860336, 479.93746732552506, 3039213, 25.467562953133047, 165755, 0, 0.0, 10, 
2019-12-08 10:58:29.283,271296288, 479.93746732552506, 3039727, 25.467562953133047, 165780, 0, 0.0, 10, 
2019-12-08 10:58:30.32,282295992, 479.93746732552506, 3040233, 25.467562953133047, 165808, 0, 0.0, 10, 
2019-12-08 10:58:31.349,293378528, 481.0138720060845, 3040715, 25.51013426888833, 165850, 0, 0.0, 10, 
2019-12-08 10:58:32.374,303668520, 481.0138720060845, 3041227, 25.51013426888833, 165864, 0, 0.0, 10, 
2019-12-08 10:58:33.399,314993680, 481.0138720060845, 3041748, 25.51013426888833, 165889, 0, 0.0, 10, 
2019-12-08 10:58:34.427,325598864, 481.0138720060845, 3042229, 25.51013426888833, 165915, 0, 0.0, 10, 
2019-12-08 10:58:35.455,335748488, 481.0138720060845, 3042740, 25.51013426888833, 165944, 0, 0.0, 10, 
2019-12-08 10:58:36.479,346476760, 481.4765052568677, 3043198, 25.37339948235691, 165962, 0, 0.0, 10, 
2019-12-08 10:58:37.504,357579224, 481.4765052568677, 3043703, 25.37339948235691, 165985, 0, 0.0, 10, 
2019-12-08 10:58:38.529,367876968, 481.4765052568677, 3044221, 25.37339948235691, 166009, 0, 0.0, 10, 
2019-12-08 10:58:39.56,379503272, 481.4765052568677, 3044718, 25.37339948235691, 166032, 0, 0.0, 10, 
2019-12-08 10:58:40.589,390485776, 481.4765052568677, 3045216, 25.37339948235691, 166058, 0, 0.0, 10, 
2019-12-08 10:58:41.615,399787352, 481.67827275623466, 3045733, 25.183632937426605, 166081, 0, 0.0, 10, 
2019-12-08 10:58:42.641,128477320, 481.67827275623466, 3046203, 25.183632937426605, 166117, 0, 0.0, 10, 
2019-12-08 10:58:43.666,136184024, 481.67827275623466, 3046661, 25.183632937426605, 166158, 0, 0.0, 10, 
2019-12-08 10:58:44.689,147457352, 481.67827275623466, 3047158, 25.183632937426605, 166186, 0, 0.0, 10, 
2019-12-08 10:58:45.716,159148528, 481.67827275623466, 3047665, 25.183632937426605, 166207, 0, 0.0, 10, 
2019-12-08 10:58:46.745,169674840, 481.0963341975224, 3048144, 25.504763916978163, 166232, 0, 0.0, 10, 
2019-12-08 10:58:47.77,179626840, 481.0963341975224, 3048615, 25.504763916978163, 166260, 0, 0.0, 10, 
2019-12-08 10:58:48.796,190441768, 481.0963341975224, 3049110, 25.504763916978163, 166281, 0, 0.0, 10, 
2019-12-08 10:58:49.822,200410040, 481.0963341975224, 3049597, 25.504763916978163, 166306, 0, 0.0, 10, 
2019-12-08 10:58:50.848,211212080, 480.6888538135149, 3050096, 25.400440754225638, 166333, 0, 0.0, 10, 
2019-12-08 10:58:51.877,221842304, 480.6888538135149, 3050582, 25.400440754225638, 166367, 0, 0.0, 10, 
2019-12-08 10:58:52.904,232944928, 480.6888538135149, 3051077, 25.400440754225638, 166390, 0, 0.0, 10, 
2019-12-08 10:58:53.932,242833192, 480.6888538135149, 3051571, 25.400440754225638, 166415, 0, 0.0, 10, 
2019-12-08 10:58:54.96,254672360, 480.6888538135149, 3052103, 25.400440754225638, 166442, 0, 0.0, 10, 
2019-12-08 10:58:55.988,264453256, 481.1774740841411, 3052597, 25.480361098834198, 166466, 0, 0.0, 10, 
2019-12-08 10:58:57.014,275351600, 481.1774740841411, 3053102, 25.480361098834198, 166495, 0, 0.0, 10, 
2019-12-08 10:58:58.041,286530704, 481.1774740841411, 3053590, 25.480361098834198, 166514, 0, 0.0, 10, 
2019-12-08 10:58:59.066,295089904, 481.1774740841411, 3054094, 25.480361098834198, 166537, 0, 0.0, 10, 
2019-12-08 10:59:00.092,306904232, 481.1774740841411, 3054558, 25.480361098834198, 166565, 0, 0.0, 10, 
2019-12-08 10:59:01.116,318120528, 480.8114794642245, 3055063, 25.330015726468663, 166589, 0, 0.0, 10, 
2019-12-08 10:59:02.141,327278480, 480.8114794642245, 3055564, 25.330015726468663, 166614, 0, 0.0, 10, 
2019-12-08 10:59:03.17,338391640, 480.8114794642245, 3056049, 25.330015726468663, 166639, 0, 0.0, 10, 
2019-12-08 10:59:04.196,349416872, 480.8114794642245, 3056549, 25.330015726468663, 166669, 0, 0.0, 10, 
2019-12-08 10:59:05.227,359946296, 480.8114794642245, 3057036, 25.330015726468663, 166699, 0, 0.0, 10, 
2019-12-08 10:59:06.252,369966688, 481.11439284135133, 3057529, 25.399575828322146, 166727, 0, 0.0, 10, 
2019-12-08 10:59:07.277,380972984, 481.11439284135133, 3058013, 25.399575828322146, 166757, 0, 0.0, 10, 
2019-12-08 10:59:08.302,390399624, 481.11439284135133, 3058501, 25.399575828322146, 166784, 0, 0.0, 10, 
2019-12-08 10:59:09.338,402012504, 481.11439284135133, 3059014, 25.399575828322146, 166809, 0, 0.0, 10, 
2019-12-08 10:59:10.365,130253168, 481.11439284135133, 3059518, 25.399575828322146, 166828, 0, 0.0, 10, 
2019-12-08 10:59:11.392,140678080, 481.05727314353646, 3060010, 25.399609743216942, 166853, 0, 0.0, 10, 
2019-12-08 10:59:12.426,151354168, 481.05727314353646, 3060518, 25.399609743216942, 166880, 0, 0.0, 10, 
2019-12-08 10:59:13.453,162548264, 481.05727314353646, 3061016, 25.399609743216942, 166912, 0, 0.0, 10, 
2019-12-08 10:59:14.48,172581120, 481.05727314353646, 3061504, 25.399609743216942, 166933, 0, 0.0, 10, 
2019-12-08 10:59:15.507,183222784, 481.05727314353646, 3061986, 25.399609743216942, 166955, 0, 0.0, 10, 
2019-12-08 10:59:16.532,191564056, 480.94075601630004, 3062466, 25.3196853610558, 166976, 0, 0.0, 10, 
2019-12-08 10:59:17.558,202366000, 480.94075601630004, 3062966, 25.3196853610558, 167008, 0, 0.0, 10, 
2019-12-08 10:59:18.584,213533160, 480.94075601630004, 3063459, 25.3196853610558, 167034, 0, 0.0, 10, 
2019-12-08 10:59:19.608,223394288, 480.94075601630004, 3063945, 25.3196853610558, 167059, 0, 0.0, 10, 
2019-12-08 10:59:20.635,234444440, 480.94075601630004, 3064424, 25.3196853610558, 167086, 0, 0.0, 10, 
2019-12-08 10:59:21.659,244217848, 480.57769721099135, 3064916, 25.342098082100556, 167118, 0, 0.0, 10, 
2019-12-08 10:59:22.685,255233728, 480.57769721099135, 3065385, 25.342098082100556, 167151, 0, 0.0, 10, 
2019-12-08 10:59:23.718,264343848, 480.57769721099135, 3065833, 25.342098082100556, 167184, 0, 0.0, 10, 
2019-12-08 10:59:24.746,274269904, 480.57769721099135, 3066301, 25.342098082100556, 167204, 0, 0.0, 10, 
2019-12-08 10:59:25.772,285460584, 479.1082976727215, 3066795, 25.55461218580405, 167228, 0, 0.0, 10, 
2019-12-08 10:59:26.89,297032976, 479.1082976727215, 3067287, 25.55461218580405, 167256, 0, 0.0, 10, 
2019-12-08 10:59:27.916,307227904, 479.1082976727215, 3067807, 25.55461218580405, 167286, 0, 0.0, 10, 
2019-12-08 10:59:28.941,317057664, 479.1082976727215, 3068286, 25.55461218580405, 167314, 0, 0.0, 10, 
2019-12-08 10:59:29.966,328036112, 479.1082976727215, 3068774, 25.55461218580405, 167336, 0, 0.0, 10, 
2019-12-08 10:59:30.992,339097712, 478.7318429761997, 3069284, 25.510267843834377, 167355, 0, 0.0, 10, 
2019-12-08 10:59:32.018,349627064, 478.7318429761997, 3069769, 25.510267843834377, 167379, 0, 0.0, 10, 
2019-12-08 10:59:33.045,360545272, 478.7318429761997, 3070271, 25.510267843834377, 167402, 0, 0.0, 10, 
2019-12-08 10:59:34.072,370630504, 478.7318429761997, 3070783, 25.510267843834377, 167432, 0, 0.0, 10, 
2019-12-08 10:59:35.099,381227736, 478.7318429761997, 3071300, 25.510267843834377, 167463, 0, 0.0, 10, 
2019-12-08 10:59:36.125,392957024, 479.69675953538285, 3071795, 25.51744243090717, 167485, 0, 0.0, 10, 
2019-12-08 10:59:37.15,403337920, 479.69675953538285, 3072262, 25.51744243090717, 167511, 0, 0.0, 10, 
2019-12-08 10:59:38.177,128740832, 479.69675953538285, 3072767, 25.51744243090717, 167531, 0, 0.0, 10, 
2019-12-08 10:59:39.206,138534904, 479.69675953538285, 3073267, 25.51744243090717, 167556, 0, 0.0, 10, 
2019-12-08 10:59:40.231,147910944, 479.69675953538285, 3073762, 25.51744243090717, 167576, 0, 0.0, 10, 
2019-12-08 10:59:41.257,158560264, 479.673031953017, 3074245, 25.204221028188062, 167595, 0, 0.0, 10, 
2019-12-08 10:59:42.283,169174264, 479.673031953017, 3074722, 25.204221028188062, 167632, 0, 0.0, 10, 
2019-12-08 10:59:43.308,180263008, 479.673031953017, 3075226, 25.204221028188062, 167674, 0, 0.0, 10, 
2019-12-08 10:59:44.335,190284984, 479.673031953017, 3075711, 25.204221028188062, 167701, 0, 0.0, 10, 
2019-12-08 10:59:45.36,201158320, 479.673031953017, 3076220, 25.204221028188062, 167723, 0, 0.0, 10, 
2019-12-08 10:59:46.387,211419576, 479.7311571087593, 3076712, 25.45974140659458, 167747, 0, 0.0, 10, 
2019-12-08 10:59:47.417,220567280, 479.7311571087593, 3077170, 25.45974140659458, 167765, 0, 0.0, 10, 
2019-12-08 10:59:48.454,233101272, 479.7311571087593, 3077660, 25.45974140659458, 167783, 0, 0.0, 10, 
2019-12-08 10:59:49.478,242105960, 479.7311571087593, 3078135, 25.45974140659458, 167814, 0, 0.0, 10, 
2019-12-08 10:59:50.505,246015632, 479.7311571087593, 3078203, 25.45974140659458, 167820, 0, 0.0, 10, 
2019-12-08 10:59:51.535,246911104, 470.07802676964934, 3078203, 24.863293415716438, 167820, 0, 0.0, 10, 
2019-12-08 10:59:52.564,247813712, 470.07802676964934, 3078203, 24.863293415716438, 167820, 0, 0.0, 10, 
