Timestamp, MemoryUsed, ReadLatency1, ReadCount, WriteLatency1, WriteCount, PendingTasks, WaitingOnCommit1, SRDelay, 
2019-12-08 10:49:50.739,525963576, 76.90623236073303, 2754103, 4.030638106770461, 150034, 0, 0.0, 1, 
2019-12-08 10:49:51.816,527012152, 70.78913176782561, 2754103, 3.7083660775262723, 150034, 0, 0.0, 1, 
2019-12-08 10:49:52.879,528060728, 70.78913176782561, 2754103, 3.7083660775262723, 150034, 0, 0.0, 1, 
2019-12-08 10:49:53.929,529109304, 70.78913176782561, 2754103, 3.7083660775262723, 150034, 0, 0.0, 1, 
2019-12-08 10:49:54.991,531206456, 70.78913176782561, 2754103, 3.7083660775262723, 150034, 0, 0.0, 1, 
2019-12-08 10:49:56.04,532255032, 70.78913176782561, 2754103, 3.7083660775262723, 150034, 0, 0.0, 1, 
2019-12-08 10:49:57.103,534352184, 65.12914529944715, 2754103, 3.4118614970288985, 150034, 0, 0.0, 1, 
2019-12-08 10:49:58.162,535400760, 65.12914529944715, 2754103, 3.4118614970288985, 150034, 0, 0.0, 1, 
2019-12-08 10:49:59.211,537497912, 65.12914529944715, 2754103, 3.4118614970288985, 150034, 0, 0.0, 1, 
2019-12-08 10:50:00.25,538546488, 65.12914529944715, 2754103, 3.4118614970288985, 150034, 0, 0.0, 1, 
2019-12-08 10:50:01.297,540643640, 65.12914529944715, 2754103, 3.4118614970288985, 150034, 0, 0.0, 1, 
2019-12-08 10:50:02.362,544837944, 59.921706362337986, 2754103, 3.1390641138302797, 150120, 0, 0.0, 1, 
2019-12-08 10:50:03.397,550080824, 59.921706362337986, 2754103, 3.1390641138302797, 150286, 0, 0.0, 1, 
2019-12-08 10:50:04.447,551129400, 59.921706362337986, 2754103, 3.1390641138302797, 150286, 0, 0.0, 1, 
2019-12-08 10:50:05.48,553226552, 59.921706362337986, 2754103, 3.1390641138302797, 150286, 0, 0.0, 1, 
2019-12-08 10:50:06.515,554275128, 55.13063125372745, 2754103, 6.917839907775001, 150286, 0, 0.0, 1, 
2019-12-08 10:50:07.553,555323704, 55.13063125372745, 2754103, 6.917839907775001, 150286, 0, 0.0, 1, 
2019-12-08 10:50:08.6,556372280, 55.13063125372745, 2754103, 6.917839907775001, 150286, 0, 0.0, 1, 
2019-12-08 10:50:09.644,557420856, 55.13063125372745, 2754103, 6.917839907775001, 150286, 0, 0.0, 1, 
2019-12-08 10:50:10.681,558469432, 55.13063125372745, 2754103, 6.917839907775001, 150286, 0, 0.0, 1, 
2019-12-08 10:50:11.734,559518008, 50.72262935998075, 2754103, 6.364719968448222, 150286, 0, 0.0, 1, 
2019-12-08 10:50:12.767,574198072, 50.72262935998075, 2754103, 6.364719968448222, 150286, 0, 0.0, 1, 
2019-12-08 10:50:13.803,574198072, 50.72262935998075, 2754103, 6.364719968448222, 150286, 0, 0.0, 1, 
2019-12-08 10:50:14.848,575246648, 50.72262935998075, 2754103, 6.364719968448222, 150286, 0, 0.0, 1, 
2019-12-08 10:50:15.885,577343800, 50.72262935998075, 2754103, 6.364719968448222, 150286, 0, 0.0, 1, 
2019-12-08 10:50:16.925,577343800, 46.66707183796362, 2754103, 5.85582505765051, 150286, 0, 0.0, 1, 
2019-12-08 10:50:17.972,578392376, 46.66707183796362, 2754103, 5.85582505765051, 150286, 0, 0.0, 1, 
2019-12-08 10:50:19.016,578392376, 46.66707183796362, 2754103, 5.85582505765051, 150286, 0, 0.0, 1, 
2019-12-08 10:50:20.049,579440952, 46.66707183796362, 2754103, 5.85582505765051, 150286, 0, 0.0, 1, 
2019-12-08 10:50:21.091,581538104, 46.66707183796362, 2754103, 5.85582505765051, 150286, 0, 0.0, 1, 
2019-12-08 10:50:22.201,581538104, 42.93577879162381, 2754103, 5.387619137337786, 150286, 0, 0.0, 1, 
2019-12-08 10:50:23.25,582586680, 42.93577879162381, 2754103, 5.387619137337786, 150286, 0, 0.0, 1, 
2019-12-08 10:50:24.312,583635256, 42.93577879162381, 2754103, 5.387619137337786, 150286, 0, 0.0, 1, 
2019-12-08 10:50:25.347,584683832, 42.93577879162381, 2754103, 5.387619137337786, 150286, 0, 0.0, 1, 
2019-12-08 10:50:26.384,587829560, 42.93577879162381, 2754103, 5.387619137337786, 150341, 0, 0.0, 1, 
2019-12-08 10:50:27.414,593072440, 39.50282346499365, 2754103, 5.916315919905804, 150530, 0, 0.0, 1, 
2019-12-08 10:50:28.445,594121016, 39.50282346499365, 2754103, 5.916315919905804, 150530, 0, 0.0, 1, 
2019-12-08 10:50:29.479,595169592, 39.50282346499365, 2754103, 5.916315919905804, 150530, 0, 0.0, 1, 
