Timestamp, MemoryUsed, ReadLatency1, ReadCount, WriteLatency1, WriteCount, PendingTasks, WaitingOnCommit1, SRDelay, 
2019-12-08 10:49:50.765,310773592, 73.64367876885325, 2813408, 3.8403472190815444, 153249, 0, 0.0, 1, 
2019-12-08 10:49:51.84,311914320, 73.64367876885325, 2813408, 3.8403472190815444, 153249, 0, 0.0, 1, 
2019-12-08 10:49:52.892,313285216, 73.64367876885325, 2813408, 3.8403472190815444, 153249, 0, 0.0, 1, 
2019-12-08 10:49:53.947,314754816, 73.64367876885325, 2813408, 3.8403472190815444, 153249, 0, 0.0, 1, 
2019-12-08 10:49:55.004,316358576, 73.64367876885325, 2813408, 3.8403472190815444, 153249, 0, 0.0, 1, 
2019-12-08 10:49:56.056,317505768, 67.75545532403952, 2813408, 3.533290009153229, 153249, 0, 0.0, 1, 
2019-12-08 10:49:57.115,318908680, 67.75545532403952, 2813408, 3.533290009153229, 153249, 0, 0.0, 1, 
2019-12-08 10:49:58.179,320282200, 67.75545532403952, 2813408, 3.533290009153229, 153249, 0, 0.0, 1, 
2019-12-08 10:49:59.219,321685816, 67.75545532403952, 2813408, 3.533290009153229, 153249, 0, 0.0, 1, 
2019-12-08 10:50:00.267,323051816, 67.75545532403952, 2813408, 3.533290009153229, 153249, 0, 0.0, 1, 
2019-12-08 10:50:01.308,324653712, 62.33802823154921, 2813408, 3.250783738187019, 153249, 0, 0.0, 1, 
2019-12-08 10:50:02.372,328565352, 62.33802823154921, 2813408, 3.250783738187019, 153342, 0, 0.0, 1, 
2019-12-08 10:50:03.411,335413288, 62.33802823154921, 2813408, 3.250783738187019, 153510, 0, 0.0, 1, 
2019-12-08 10:50:04.455,336515560, 62.33802823154921, 2813408, 3.250783738187019, 153510, 0, 0.0, 1, 
2019-12-08 10:50:05.49,338179416, 62.33802823154921, 2813408, 3.250783738187019, 153510, 0, 0.0, 1, 
2019-12-08 10:50:06.523,339592304, 57.35375469344193, 2813408, 7.164546977836124, 153510, 0, 0.0, 1, 
2019-12-08 10:50:07.574,340402672, 57.35375469344193, 2813408, 7.164546977836124, 153510, 0, 0.0, 1, 
2019-12-08 10:50:08.613,341222600, 57.35375469344193, 2813408, 7.164546977836124, 153510, 0, 0.0, 1, 
2019-12-08 10:50:09.655,342039688, 57.35375469344193, 2813408, 7.164546977836124, 153510, 0, 0.0, 1, 
2019-12-08 10:50:10.692,342870200, 57.35375469344193, 2813408, 7.164546977836124, 153510, 0, 0.0, 1, 
2019-12-08 10:50:11.742,343675416, 52.768001663721584, 2813408, 6.591701430307523, 153510, 0, 0.0, 1, 
2019-12-08 10:50:12.777,344516048, 52.768001663721584, 2813408, 6.591701430307523, 153510, 0, 0.0, 1, 
2019-12-08 10:50:13.81,345406544, 52.768001663721584, 2813408, 6.591701430307523, 153510, 0, 0.0, 1, 
2019-12-08 10:50:14.856,346438712, 52.768001663721584, 2813408, 6.591701430307523, 153510, 0, 0.0, 1, 
2019-12-08 10:50:15.893,347281792, 48.54890520185788, 2813408, 6.064658083858558, 153510, 0, 0.0, 1, 
2019-12-08 10:50:16.935,348125536, 48.54890520185788, 2813408, 6.064658083858558, 153510, 0, 0.0, 1, 
2019-12-08 10:50:17.991,348650480, 48.54890520185788, 2813408, 6.064658083858558, 153510, 0, 0.0, 1, 
2019-12-08 10:50:19.024,349497760, 48.54890520185788, 2813408, 6.064658083858558, 153510, 0, 0.0, 1, 
2019-12-08 10:50:20.062,350552184, 48.54890520185788, 2813408, 6.064658083858558, 153510, 0, 0.0, 1, 
2019-12-08 10:50:21.17,351354120, 44.66714906733784, 2813408, 5.57975479669064, 153510, 0, 0.0, 1, 
2019-12-08 10:50:22.209,352204568, 44.66714906733784, 2813408, 5.57975479669064, 153510, 0, 0.0, 1, 
2019-12-08 10:50:23.267,353078416, 44.66714906733784, 2813408, 5.57975479669064, 153510, 0, 0.0, 1, 
2019-12-08 10:50:24.321,354147832, 44.66714906733784, 2813408, 5.57975479669064, 153510, 0, 0.0, 1, 
2019-12-08 10:50:25.356,367446272, 44.66714906733784, 2813408, 5.57975479669064, 153510, 0, 0.0, 1, 
2019-12-08 10:50:26.392,371483304, 41.095761016819566, 2813408, 5.133622235696399, 153580, 0, 0.0, 1, 
2019-12-08 10:50:27.422,379589480, 41.095761016819566, 2813408, 5.133622235696399, 153780, 0, 0.0, 1, 
2019-12-08 10:50:28.453,380394448, 41.095761016819566, 2813408, 5.133622235696399, 153780, 0, 0.0, 1, 
2019-12-08 10:50:29.492,381199216, 41.095761016819566, 2813408, 5.133622235696399, 153780, 0, 0.0, 1, 
