Timestamp, MemoryUsed, ReadLatency1, ReadCount, WriteLatency1, WriteCount, PendingTasks, WaitingOnCommit1, SRDelay, 
2019-12-10 14:10:31.636,320048704, 83.81771275842804, 1125038, 8.61524468320586, 61410, 0, 0.0, 5, 
2019-12-10 14:10:32.745,320048704, 83.81771275842804, 1125038, 8.61524468320586, 61410, 0, 0.0, 5, 
2019-12-10 14:10:33.802,321097280, 83.81771275842804, 1125038, 8.61524468320586, 61410, 0, 0.0, 5, 
2019-12-10 14:10:34.84,323194432, 77.1160184703967, 1125038, 7.926407751448527, 61410, 0, 0.0, 5, 
2019-12-10 14:10:35.878,323194432, 77.1160184703967, 1125038, 7.926407751448527, 61410, 0, 0.0, 5, 
2019-12-10 14:10:36.915,324243008, 77.1160184703967, 1125038, 7.926407751448527, 61410, 0, 0.0, 5, 
2019-12-10 14:10:37.95,325291584, 77.1160184703967, 1125038, 7.926407751448527, 61410, 0, 0.0, 5, 
2019-12-10 14:10:38.992,326340160, 70.95016207214022, 1125038, 7.29264717979479, 61410, 0, 0.0, 5, 
2019-12-10 14:10:40.029,328437312, 70.95016207214022, 1125038, 7.29264717979479, 61410, 0, 0.0, 5, 
2019-12-10 14:10:41.062,328437312, 70.95016207214022, 1125038, 7.29264717979479, 61410, 0, 0.0, 5, 
2019-12-10 14:10:42.097,329485888, 70.95016207214022, 1125038, 7.29264717979479, 61410, 0, 0.0, 5, 
2019-12-10 14:10:43.138,330534464, 70.95016207214022, 1125038, 7.29264717979479, 61410, 0, 0.0, 5, 
2019-12-10 14:10:44.177,331583040, 65.27730033151786, 1125038, 6.709559305632483, 61410, 0, 0.0, 5, 
2019-12-10 14:10:45.216,332631616, 65.27730033151786, 1125038, 6.709559305632483, 61410, 0, 0.0, 5, 
2019-12-10 14:10:46.249,347311680, 65.27730033151786, 1125038, 6.709559305632483, 61410, 0, 0.0, 5, 
2019-12-10 14:10:47.28,347311680, 65.27730033151786, 1125038, 6.709559305632483, 61410, 0, 0.0, 5, 
2019-12-10 14:10:48.316,348360256, 65.27730033151786, 1125038, 6.709559305632483, 61410, 0, 0.0, 5, 
2019-12-10 14:10:49.353,350457408, 60.058015572093886, 1125038, 6.173092563771367, 61410, 0, 0.0, 5, 
2019-12-10 14:10:50.394,350457408, 60.058015572093886, 1125038, 6.173092563771367, 61410, 0, 0.0, 5, 
2019-12-10 14:10:51.431,351505984, 60.058015572093886, 1125038, 6.173092563771367, 61410, 0, 0.0, 5, 
2019-12-10 14:10:52.463,352554560, 60.058015572093886, 1125038, 6.173092563771367, 61410, 0, 0.0, 5, 
2019-12-10 14:10:53.503,353603136, 60.058015572093886, 1125038, 6.173092563771367, 61410, 0, 0.0, 5, 
2019-12-10 14:10:54.537,355700288, 55.256041780825896, 1125038, 5.679519334287655, 61410, 0, 0.0, 5, 
2019-12-10 14:10:55.579,355700288, 55.256041780825896, 1125038, 5.679519334287655, 61410, 0, 0.0, 5, 
2019-12-10 14:10:56.613,356748864, 55.256041780825896, 1125038, 5.679519334287655, 61410, 0, 0.0, 5, 
2019-12-10 14:10:57.649,357797440, 55.256041780825896, 1125038, 5.679519334287655, 61410, 0, 0.0, 5, 
2019-12-10 14:10:58.687,358846016, 55.256041780825896, 1125038, 5.679519334287655, 61410, 0, 0.0, 5, 
2019-12-10 14:10:59.717,359894592, 50.838012614973394, 1125038, 5.22541004129061, 61410, 0, 0.0, 5, 
2019-12-10 14:11:00.75,360943168, 50.838012614973394, 1125038, 5.22541004129061, 61410, 0, 0.0, 5, 
2019-12-10 14:11:02.215,367234624, 50.838012614973394, 1125207, 5.22541004129061, 61422, 0, 0.0, 5, 
2019-12-10 14:11:03.243,379817536, 50.838012614973394, 1125582, 5.22541004129061, 61452, 0, 0.0, 5, 
2019-12-10 14:11:04.278,392400448, 60.285723484905716, 1126152, 5.7990585812337985, 61488, 0, 0.0, 5, 
2019-12-10 14:11:05.313,404983360, 60.285723484905716, 1126797, 5.7990585812337985, 61523, 0, 0.0, 5, 
2019-12-10 14:11:06.351,420712000, 60.285723484905716, 1127518, 5.7990585812337985, 61560, 0, 0.0, 5, 
2019-12-10 14:11:07.379,434343488, 60.285723484905716, 1128250, 5.7990585812337985, 61590, 0, 0.0, 5, 
2019-12-10 14:11:08.409,450072128, 60.285723484905716, 1128994, 5.7990585812337985, 61634, 0, 0.0, 5, 
2019-12-10 14:11:09.435,464752192, 109.78736787501309, 1129734, 8.16581917989436, 61667, 0, 0.0, 5, 
2019-12-10 14:11:10.465,481529408, 109.78736787501309, 1130558, 8.16581917989436, 61715, 0, 0.0, 5, 
2019-12-10 14:11:11.494,497258048, 109.78736787501309, 1131347, 8.16581917989436, 61756, 0, 0.0, 5, 
2019-12-10 14:11:12.521,514035264, 109.78736787501309, 1132161, 8.16581917989436, 61799, 0, 0.0, 5, 
2019-12-10 14:11:13.545,528715328, 109.78736787501309, 1132974, 8.16581917989436, 61843, 0, 0.0, 5, 
2019-12-10 14:11:14.572,545492544, 163.77438912624183, 1133776, 10.855059795829094, 61898, 0, 0.0, 5, 
2019-12-10 14:11:15.596,563318336, 163.77438912624183, 1134701, 10.855059795829094, 61942, 0, 0.0, 5, 
2019-12-10 14:11:16.625,582192704, 163.77438912624183, 1135607, 10.855059795829094, 61996, 0, 0.0, 5, 
2019-12-10 14:11:17.657,601067072, 163.77438912624183, 1136592, 10.855059795829094, 62046, 0, 0.0, 5, 
2019-12-10 14:11:18.69,618892864, 163.77438912624183, 1137542, 10.855059795829094, 62104, 0, 0.0, 5, 
2019-12-10 14:11:19.715,631475776, 222.27194311583207, 1138148, 13.984916404153715, 62137, 0, 0.0, 5, 
2019-12-10 14:11:20.74,645107264, 222.27194311583207, 1138715, 13.984916404153715, 62163, 0, 0.0, 5, 
2019-12-10 14:11:21.769,656641600, 222.27194311583207, 1139334, 13.984916404153715, 62201, 0, 0.0, 5, 
2019-12-10 14:11:22.792,671321664, 222.27194311583207, 1139980, 13.984916404153715, 62239, 0, 0.0, 5, 
2019-12-10 14:11:23.818,687050304, 222.27194311583207, 1140718, 13.984916404153715, 62281, 0, 0.0, 5, 
2019-12-10 14:11:24.843,703827520, 253.6407625613459, 1141554, 15.713163065895715, 62325, 0, 0.0, 5, 
2019-12-10 14:11:25.869,721653312, 253.6407625613459, 1142489, 15.713163065895715, 62380, 0, 0.0, 5, 
2019-12-10 14:11:26.893,738430528, 253.6407625613459, 1143443, 15.713163065895715, 62431, 0, 0.0, 5, 
2019-12-10 14:11:27.917,758353472, 253.6407625613459, 1144456, 15.713163065895715, 62487, 0, 0.0, 5, 
2019-12-10 14:11:28.943,129300040, 304.40930007727195, 1145266, 18.39062271517442, 62532, 0, 0.0, 5, 
2019-12-10 14:11:29.968,148174408, 304.40930007727195, 1146231, 18.39062271517442, 62597, 0, 0.0, 5, 
2019-12-10 14:11:30.993,166000200, 304.40930007727195, 1147139, 18.39062271517442, 62649, 0, 0.0, 5, 
2019-12-10 14:11:32.02,184874568, 304.40930007727195, 1148110, 18.39062271517442, 62699, 0, 0.0, 5, 
2019-12-10 14:11:33.043,202700360, 304.40930007727195, 1149109, 18.39062271517442, 62747, 0, 0.0, 5, 
2019-12-10 14:11:34.068,221574728, 355.8040067604207, 1150134, 20.90197786211108, 62797, 0, 0.0, 5, 
2019-12-10 14:11:35.097,239400520, 355.8040067604207, 1151064, 20.90197786211108, 62864, 0, 0.0, 5, 
2019-12-10 14:11:36.124,258274888, 355.8040067604207, 1152048, 20.90197786211108, 62914, 0, 0.0, 5, 
2019-12-10 14:11:37.165,278197832, 355.8040067604207, 1153088, 20.90197786211108, 62961, 0, 0.0, 5, 
2019-12-10 14:11:38.197,297072200, 355.8040067604207, 1154115, 20.90197786211108, 63011, 0, 0.0, 5, 
2019-12-10 14:11:39.224,312800840, 401.28242335638674, 1154808, 23.340465074793848, 63054, 0, 0.0, 5, 
2019-12-10 14:11:40.248,328529480, 401.28242335638674, 1155563, 23.340465074793848, 63084, 0, 0.0, 5, 
2019-12-10 14:11:41.272,343209544, 401.28242335638674, 1156344, 23.340465074793848, 63110, 0, 0.0, 5, 
2019-12-10 14:11:42.298,357889608, 401.28242335638674, 1157086, 23.340465074793848, 63153, 0, 0.0, 5, 
2019-12-10 14:11:43.322,374666824, 401.28242335638674, 1157986, 23.340465074793848, 63199, 0, 0.0, 5, 
2019-12-10 14:11:44.345,392492616, 432.2026535700564, 1158957, 24.400638951481636, 63245, 0, 0.0, 5, 
2019-12-10 14:11:45.369,410318408, 432.2026535700564, 1159909, 24.400638951481636, 63291, 0, 0.0, 5, 
2019-12-10 14:11:46.394,428144200, 432.2026535700564, 1160947, 24.400638951481636, 63343, 0, 0.0, 5, 
2019-12-10 14:11:47.417,448067144, 432.2026535700564, 1162045, 24.400638951481636, 63402, 0, 0.0, 5, 
2019-12-10 14:11:48.44,465892936, 432.2026535700564, 1163049, 24.400638951481636, 63451, 0, 0.0, 5, 
2019-12-10 14:11:49.466,485815880, 477.425320487964, 1164137, 26.671326488269116, 63520, 0, 0.0, 5, 
2019-12-10 14:11:50.49,507835976, 477.425320487964, 1165235, 26.671326488269116, 63576, 0, 0.0, 5, 
2019-12-10 14:11:51.515,526710344, 477.425320487964, 1166327, 26.671326488269116, 63627, 0, 0.0, 5, 
2019-12-10 14:11:52.541,548730440, 477.425320487964, 1167481, 26.671326488269116, 63703, 0, 0.0, 5, 
2019-12-10 14:11:53.574,569701960, 477.425320487964, 1168753, 26.671326488269116, 63780, 0, 0.0, 5, 
2019-12-10 14:11:54.61,594867784, 528.6908173132048, 1170118, 29.576006844639757, 63849, 0, 0.0, 5, 
2019-12-10 14:11:55.635,618985032, 528.6908173132048, 1171479, 29.576006844639757, 63915, 0, 0.0, 5, 
2019-12-10 14:11:56.66,642053704, 528.6908173132048, 1172822, 29.576006844639757, 63979, 0, 0.0, 5, 
2019-12-10 14:11:57.69,667219528, 528.6908173132048, 1174255, 29.576006844639757, 64048, 0, 0.0, 5, 
2019-12-10 14:11:58.715,692385352, 528.6908173132048, 1175635, 29.576006844639757, 64124, 0, 0.0, 5, 
2019-12-10 14:11:59.743,718599752, 594.6629050096482, 1177186, 32.55227300721065, 64195, 0, 0.0, 5, 
2019-12-10 14:12:00.781,739571272, 594.6629050096482, 1178388, 32.55227300721065, 64253, 0, 0.0, 5, 
2019-12-10 14:12:01.805,760542792, 594.6629050096482, 1179551, 32.55227300721065, 64312, 0, 0.0, 5, 
2019-12-10 14:12:02.83,140952880, 594.6629050096482, 1180798, 32.55227300721065, 64392, 0, 0.0, 5, 
2019-12-10 14:12:03.854,164021552, 594.6629050096482, 1182147, 32.55227300721065, 64474, 0, 0.0, 5, 
2019-12-10 14:12:04.885,188138800, 648.0042419620944, 1183557, 35.40250788605319, 64554, 0, 0.0, 5, 
2019-12-10 14:12:05.911,215401776, 648.0042419620944, 1185052, 35.40250788605319, 64637, 0, 0.0, 5, 
2019-12-10 14:12:06.934,238470448, 648.0042419620944, 1186474, 35.40250788605319, 64705, 0, 0.0, 5, 
2019-12-10 14:12:07.969,266782000, 648.0042419620944, 1188107, 35.40250788605319, 64798, 0, 0.0, 5, 
2019-12-10 14:12:09.0,291947824, 711.2167885875891, 1189536, 38.74445083505005, 64874, 0, 0.0, 5, 
2019-12-10 14:12:10.028,317113648, 711.2167885875891, 1190969, 38.74445083505005, 64956, 0, 0.0, 5, 
2019-12-10 14:12:11.059,339133744, 711.2167885875891, 1192244, 38.74445083505005, 65024, 0, 0.0, 5, 
2019-12-10 14:12:12.087,363250992, 711.2167885875891, 1193717, 38.74445083505005, 65094, 0, 0.0, 5, 
2019-12-10 14:12:13.114,391562544, 711.2167885875891, 1195208, 38.74445083505005, 65173, 0, 0.0, 5, 
2019-12-10 14:12:14.137,415679792, 765.5052887129303, 1196615, 41.32346214998627, 65232, 0, 0.0, 5, 
2019-12-10 14:12:15.165,435602736, 765.5052887129303, 1197684, 41.32346214998627, 65279, 0, 0.0, 5, 
2019-12-10 14:12:16.188,452379952, 765.5052887129303, 1198542, 41.32346214998627, 65322, 0, 0.0, 5, 
2019-12-10 14:12:17.214,461817136, 765.5052887129303, 1199002, 41.32346214998627, 65352, 0, 0.0, 5, 
2019-12-10 14:12:18.245,471254320, 765.5052887129303, 1199465, 41.32346214998627, 65376, 0, 0.0, 5, 
2019-12-10 14:12:19.271,480691504, 759.6761036772698, 1199927, 40.88183050051134, 65404, 0, 0.0, 5, 
2019-12-10 14:12:20.302,491177264, 759.6761036772698, 1200396, 40.88183050051134, 65431, 0, 0.0, 5, 
2019-12-10 14:12:21.338,501663024, 759.6761036772698, 1200863, 40.88183050051134, 65457, 0, 0.0, 5, 
2019-12-10 14:12:22.38,512148784, 759.6761036772698, 1201371, 40.88183050051134, 65487, 0, 0.0, 5, 
2019-12-10 14:12:23.404,521585968, 759.6761036772698, 1201843, 40.88183050051134, 65517, 0, 0.0, 5, 
2019-12-10 14:12:24.429,533120304, 735.827263205669, 1202339, 39.72392726560403, 65535, 0, 0.0, 5, 
2019-12-10 14:12:25.459,542557488, 735.827263205669, 1202787, 39.72392726560403, 65557, 0, 0.0, 5, 
2019-12-10 14:12:26.486,553043248, 735.827263205669, 1203274, 39.72392726560403, 65578, 0, 0.0, 5, 
2019-12-10 14:12:27.512,561431856, 735.827263205669, 1203717, 39.72392726560403, 65606, 0, 0.0, 5, 
2019-12-10 14:12:28.537,572966192, 735.827263205669, 1204186, 39.72392726560403, 65629, 0, 0.0, 5, 
2019-12-10 14:12:29.565,584500528, 712.9258037099388, 1204668, 38.30680028601537, 65655, 0, 0.0, 5, 
2019-12-10 14:12:30.6,594986288, 712.9258037099388, 1205165, 38.30680028601537, 65682, 0, 0.0, 5, 
2019-12-10 14:12:31.626,604423472, 712.9258037099388, 1205635, 38.30680028601537, 65710, 0, 0.0, 5, 
2019-12-10 14:12:32.658,614909232, 712.9258037099388, 1206144, 38.30680028601537, 65729, 0, 0.0, 5, 
2019-12-10 14:12:33.683,625394992, 712.9258037099388, 1206660, 38.30680028601537, 65760, 0, 0.0, 5, 
2019-12-10 14:12:34.712,636929328, 694.7658271215254, 1207161, 37.29082063095873, 65787, 0, 0.0, 5, 
2019-12-10 14:12:35.738,646366512, 694.7658271215254, 1207643, 37.29082063095873, 65815, 0, 0.0, 5, 
2019-12-10 14:12:36.762,655803696, 694.7658271215254, 1208123, 37.29082063095873, 65851, 0, 0.0, 5, 
2019-12-10 14:12:37.798,666289456, 694.7658271215254, 1208622, 37.29082063095873, 65877, 0, 0.0, 5, 
2019-12-10 14:12:38.827,676775216, 694.7658271215254, 1209086, 37.29082063095873, 65901, 0, 0.0, 5, 
2019-12-10 14:12:39.854,687260976, 676.8425171939218, 1209578, 36.51598539468819, 65935, 0, 0.0, 5, 
2019-12-10 14:12:40.886,696698160, 676.8425171939218, 1210071, 36.51598539468819, 65964, 0, 0.0, 5, 
2019-12-10 14:12:41.915,707183920, 676.8425171939218, 1210556, 36.51598539468819, 65994, 0, 0.0, 5, 
2019-12-10 14:12:42.942,716621104, 676.8425171939218, 1211022, 36.51598539468819, 66015, 0, 0.0, 5, 
2019-12-10 14:12:43.977,726058288, 660.2083559496928, 1211491, 35.69116474378054, 66038, 0, 0.0, 5, 
2019-12-10 14:12:45.002,735495472, 660.2083559496928, 1211951, 35.69116474378054, 66061, 0, 0.0, 5, 
2019-12-10 14:12:46.031,745981232, 660.2083559496928, 1212430, 35.69116474378054, 66087, 0, 0.0, 5, 
2019-12-10 14:12:47.067,756466992, 660.2083559496928, 1212941, 35.69116474378054, 66110, 0, 0.0, 5, 
2019-12-10 14:12:48.175,766952752, 660.2083559496928, 1213443, 35.69116474378054, 66138, 0, 0.0, 5, 
2019-12-10 14:12:49.213,136672096, 644.9681532731928, 1213951, 34.90031087669377, 66169, 0, 0.0, 5, 
2019-12-10 14:12:50.238,145060704, 644.9681532731928, 1214415, 34.90031087669377, 66201, 0, 0.0, 5, 
2019-12-10 14:12:51.276,155546464, 644.9681532731928, 1214848, 34.90031087669377, 66232, 0, 0.0, 5, 
2019-12-10 14:12:52.309,164983648, 644.9681532731928, 1215359, 34.90031087669377, 66254, 0, 0.0, 5, 
2019-12-10 14:12:53.337,176517984, 644.9681532731928, 1215838, 34.90031087669377, 66273, 0, 0.0, 5, 
2019-12-10 14:12:54.367,184906592, 629.7151739081517, 1216292, 34.092734608121916, 66300, 0, 0.0, 5, 
2019-12-10 14:12:55.391,195392352, 629.7151739081517, 1216793, 34.092734608121916, 66327, 0, 0.0, 5, 
2019-12-10 14:12:56.414,207975264, 629.7151739081517, 1217277, 34.092734608121916, 66354, 0, 0.0, 5, 
2019-12-10 14:12:57.437,216363872, 629.7151739081517, 1217732, 34.092734608121916, 66371, 0, 0.0, 5, 
2019-12-10 14:12:58.46,227898208, 629.7151739081517, 1218275, 34.092734608121916, 66394, 0, 0.0, 5, 
2019-12-10 14:12:59.486,238383968, 617.3288404955252, 1218746, 33.20580851916796, 66414, 0, 0.0, 5, 
2019-12-10 14:13:00.511,247821152, 617.3288404955252, 1219221, 33.20580851916796, 66432, 0, 0.0, 5, 
2019-12-10 14:13:01.537,258306912, 617.3288404955252, 1219695, 33.20580851916796, 66461, 0, 0.0, 5, 
2019-12-10 14:13:02.561,267744096, 617.3288404955252, 1220173, 33.20580851916796, 66488, 0, 0.0, 5, 
2019-12-10 14:13:03.587,277181280, 617.3288404955252, 1220649, 33.20580851916796, 66517, 0, 0.0, 5, 
2019-12-10 14:13:04.615,287667040, 605.1652900019432, 1221115, 32.43777047605925, 66538, 0, 0.0, 5, 
2019-12-10 14:13:05.643,297104224, 605.1652900019432, 1221599, 32.43777047605925, 66561, 0, 0.0, 5, 
2019-12-10 14:13:06.674,307589984, 605.1652900019432, 1222112, 32.43777047605925, 66583, 0, 0.0, 5, 
2019-12-10 14:13:07.7,318075744, 605.1652900019432, 1222574, 32.43777047605925, 66606, 0, 0.0, 5, 
2019-12-10 14:13:08.728,328561504, 605.1652900019432, 1223073, 32.43777047605925, 66631, 0, 0.0, 5, 
2019-12-10 14:13:09.754,337998688, 594.6299191083008, 1223553, 31.73114136427425, 66658, 0, 0.0, 5, 
2019-12-10 14:13:10.781,351630176, 594.6299191083008, 1224030, 31.73114136427425, 66680, 0, 0.0, 5, 
2019-12-10 14:13:11.807,362115936, 594.6299191083008, 1224532, 31.73114136427425, 66704, 0, 0.0, 5, 
2019-12-10 14:13:12.833,371553120, 594.6299191083008, 1225010, 31.73114136427425, 66729, 0, 0.0, 5, 
2019-12-10 14:13:13.86,382038880, 594.6299191083008, 1225481, 31.73114136427425, 66760, 0, 0.0, 5, 
2019-12-10 14:13:14.886,391476064, 584.7290254395931, 1225979, 31.14497566505852, 66779, 0, 0.0, 5, 
2019-12-10 14:13:15.912,403010400, 584.7290254395931, 1226457, 31.14497566505852, 66812, 0, 0.0, 5, 
2019-12-10 14:13:16.939,412447584, 584.7290254395931, 1226947, 31.14497566505852, 66835, 0, 0.0, 5, 
2019-12-10 14:13:17.969,422933344, 584.7290254395931, 1227415, 31.14497566505852, 66858, 0, 0.0, 5, 
2019-12-10 14:13:19.003,433419104, 575.4598523491184, 1227899, 30.589686070373666, 66884, 0, 0.0, 5, 
2019-12-10 14:13:20.026,442856288, 575.4598523491184, 1228378, 30.589686070373666, 66915, 0, 0.0, 5, 
2019-12-10 14:13:21.054,453342048, 575.4598523491184, 1228872, 30.589686070373666, 66950, 0, 0.0, 5, 
2019-12-10 14:13:22.09,462779232, 575.4598523491184, 1229369, 30.589686070373666, 66977, 0, 0.0, 5, 
2019-12-10 14:13:23.115,475362144, 575.4598523491184, 1229873, 30.589686070373666, 67018, 0, 0.0, 5, 
2019-12-10 14:13:24.149,484799328, 567.8912684434428, 1230359, 30.65447519495095, 67050, 0, 0.0, 5, 
2019-12-10 14:13:25.184,494236512, 567.8912684434428, 1230792, 30.65447519495095, 67081, 0, 0.0, 5, 
2019-12-10 14:13:26.211,504722272, 567.8912684434428, 1231258, 30.65447519495095, 67109, 0, 0.0, 5, 
2019-12-10 14:13:27.242,517305184, 567.8912684434428, 1231762, 30.65447519495095, 67131, 0, 0.0, 5, 
2019-12-10 14:13:28.265,527790944, 567.8912684434428, 1232226, 30.65447519495095, 67153, 0, 0.0, 5, 
2019-12-10 14:13:29.293,538276704, 558.5291675332523, 1232697, 30.266332789071217, 67181, 0, 0.0, 5, 
2019-12-10 14:13:30.323,549811040, 558.5291675332523, 1233177, 30.266332789071217, 67216, 0, 0.0, 5, 
2019-12-10 14:13:31.349,561345376, 558.5291675332523, 1233652, 30.266332789071217, 67238, 0, 0.0, 5, 
2019-12-10 14:13:32.378,572879712, 558.5291675332523, 1234165, 30.266332789071217, 67262, 0, 0.0, 5, 
2019-12-10 14:13:33.403,582316896, 558.5291675332523, 1234644, 30.266332789071217, 67287, 0, 0.0, 5, 
2019-12-10 14:13:34.428,594899808, 551.9145085159023, 1235110, 29.973189004757323, 67308, 0, 0.0, 5, 
2019-12-10 14:13:35.452,604336992, 551.9145085159023, 1235595, 29.973189004757323, 67331, 0, 0.0, 5, 
2019-12-10 14:13:36.487,614822752, 551.9145085159023, 1236084, 29.973189004757323, 67362, 0, 0.0, 5, 
2019-12-10 14:13:37.514,625308512, 551.9145085159023, 1236588, 29.973189004757323, 67386, 0, 0.0, 5, 
2019-12-10 14:13:38.54,636842848, 551.9145085159023, 1237086, 29.973189004757323, 67406, 0, 0.0, 5, 
2019-12-10 14:13:39.57,648377184, 545.9086840176826, 1237569, 29.36767024475918, 67426, 0, 0.0, 5, 
2019-12-10 14:13:40.597,657814368, 545.9086840176826, 1238057, 29.36767024475918, 67451, 0, 0.0, 5, 
2019-12-10 14:13:41.636,670397280, 545.9086840176826, 1238524, 29.36767024475918, 67475, 0, 0.0, 5, 
2019-12-10 14:13:42.663,680883040, 545.9086840176826, 1239024, 29.36767024475918, 67503, 0, 0.0, 5, 
2019-12-10 14:13:43.687,692417376, 545.9086840176826, 1239598, 29.36767024475918, 67527, 0, 0.0, 5, 
2019-12-10 14:13:44.713,708146016, 541.9182059719687, 1240293, 28.906512794114423, 67566, 0, 0.0, 5, 
2019-12-10 14:13:45.741,720728928, 541.9182059719687, 1240944, 28.906512794114423, 67592, 0, 0.0, 5, 
2019-12-10 14:13:46.767,736457568, 541.9182059719687, 1241713, 28.906512794114423, 67628, 0, 0.0, 5, 
2019-12-10 14:13:47.799,754283360, 541.9182059719687, 1242581, 28.906512794114423, 67673, 0, 0.0, 5, 
2019-12-10 14:13:48.821,127315328, 541.9182059719687, 1243463, 28.906512794114423, 67721, 0, 0.0, 5, 
2019-12-10 14:13:49.857,146189696, 558.6674454379795, 1244421, 29.665570120870033, 67755, 0, 0.0, 5, 
2019-12-10 14:13:50.88,162966912, 558.6674454379795, 1245311, 29.665570120870033, 67793, 0, 0.0, 5, 
2019-12-10 14:13:51.947,181841280, 558.6674454379795, 1246289, 29.665570120870033, 67846, 0, 0.0, 5, 
2019-12-10 14:13:52.972,198618496, 558.6674454379795, 1247244, 29.665570120870033, 67883, 0, 0.0, 5, 
2019-12-10 14:13:53.995,217492864, 586.5665520928713, 1248143, 30.379927691809137, 67923, 0, 0.0, 5, 
2019-12-10 14:13:55.019,234270080, 586.5665520928713, 1249076, 30.379927691809137, 67971, 0, 0.0, 5, 
2019-12-10 14:13:56.042,253144448, 586.5665520928713, 1250022, 30.379927691809137, 68025, 0, 0.0, 5, 
2019-12-10 14:13:57.066,272018816, 586.5665520928713, 1251010, 30.379927691809137, 68080, 0, 0.0, 5, 
2019-12-10 14:13:58.091,289844608, 586.5665520928713, 1251929, 30.379927691809137, 68141, 0, 0.0, 5, 
2019-12-10 14:13:59.114,308718976, 614.4737257342314, 1252922, 32.09258211189275, 68184, 0, 0.0, 5, 
2019-12-10 14:14:00.136,329690496, 614.4737257342314, 1253896, 32.09258211189275, 68235, 0, 0.0, 5, 
2019-12-10 14:14:01.158,346467712, 614.4737257342314, 1254833, 32.09258211189275, 68281, 0, 0.0, 5, 
2019-12-10 14:14:02.181,365342080, 614.4737257342314, 1255825, 32.09258211189275, 68328, 0, 0.0, 5, 
2019-12-10 14:14:03.203,384216448, 614.4737257342314, 1256797, 32.09258211189275, 68377, 0, 0.0, 5, 
2019-12-10 14:14:04.233,402042240, 640.7892096540209, 1257777, 33.31649566964994, 68440, 0, 0.0, 5, 
2019-12-10 14:14:05.261,421965184, 640.7892096540209, 1258770, 33.31649566964994, 68500, 0, 0.0, 5, 
2019-12-10 14:14:06.285,441888128, 640.7892096540209, 1259810, 33.31649566964994, 68546, 0, 0.0, 5, 
2019-12-10 14:14:07.308,461811072, 640.7892096540209, 1260844, 33.31649566964994, 68611, 0, 0.0, 5, 
2019-12-10 14:14:08.331,480685440, 640.7892096540209, 1261867, 33.31649566964994, 68675, 0, 0.0, 5, 
2019-12-10 14:14:09.354,501656960, 669.6860209554126, 1262929, 35.433999761049925, 68740, 0, 0.0, 5, 
2019-12-10 14:14:10.377,522628480, 669.6860209554126, 1263989, 35.433999761049925, 68802, 0, 0.0, 5, 
2019-12-10 14:14:11.401,543600000, 669.6860209554126, 1265141, 35.433999761049925, 68858, 0, 0.0, 5, 
2019-12-10 14:14:12.423,563522944, 669.6860209554126, 1266229, 35.433999761049925, 68905, 0, 0.0, 5, 
2019-12-10 14:14:13.447,584494464, 669.6860209554126, 1267323, 35.433999761049925, 68973, 0, 0.0, 5, 
2019-12-10 14:14:14.471,604417408, 700.9737592136513, 1268381, 37.23827751963001, 69034, 0, 0.0, 5, 
2019-12-10 14:14:15.493,624340352, 700.9737592136513, 1269463, 37.23827751963001, 69094, 0, 0.0, 5, 
2019-12-10 14:14:16.516,645311872, 700.9737592136513, 1270598, 37.23827751963001, 69155, 0, 0.0, 5, 
2019-12-10 14:14:17.543,667331968, 700.9737592136513, 1271789, 37.23827751963001, 69202, 0, 0.0, 5, 
2019-12-10 14:14:18.565,689352064, 700.9737592136513, 1272936, 37.23827751963001, 69266, 0, 0.0, 5, 
2019-12-10 14:14:19.589,712420736, 733.1499848642447, 1274062, 38.75437314018431, 69317, 0, 0.0, 5, 
2019-12-10 14:14:20.614,733392256, 733.1499848642447, 1275246, 38.75437314018431, 69380, 0, 0.0, 5, 
2019-12-10 14:14:21.637,771140992, 733.1499848642447, 1276418, 38.75437314018431, 69436, 0, 0.0, 5, 
2019-12-10 14:14:22.667,205249088, 733.1499848642447, 1277512, 38.75437314018431, 69510, 0, 0.0, 5, 
2019-12-10 14:14:23.694,275503680, 733.1499848642447, 1278732, 38.75437314018431, 69573, 0, 0.0, 5, 
2019-12-10 14:14:24.717,298572352, 765.5519870458996, 1279903, 40.43708855525371, 69625, 0, 0.0, 5, 
2019-12-10 14:14:25.743,320592448, 765.5519870458996, 1281078, 40.43708855525371, 69683, 0, 0.0, 5, 
2019-12-10 14:14:26.764,341563968, 765.5519870458996, 1282283, 40.43708855525371, 69749, 0, 0.0, 5, 
2019-12-10 14:14:27.789,362535488, 765.5519870458996, 1283386, 40.43708855525371, 69804, 0, 0.0, 5, 
2019-12-10 14:14:28.825,383507008, 765.5519870458996, 1284407, 40.43708855525371, 69856, 0, 0.0, 5, 
2019-12-10 14:14:29.85,393992768, 791.9731513562216, 1284901, 41.617465781593864, 69881, 0, 0.0, 5, 
2019-12-10 14:14:30.88,405527104, 791.9731513562216, 1285385, 41.617465781593864, 69907, 0, 0.0, 5, 
2019-12-10 14:14:31.906,414964288, 791.9731513562216, 1285856, 41.617465781593864, 69929, 0, 0.0, 5, 
2019-12-10 14:14:32.934,425450048, 791.9731513562216, 1286346, 41.617465781593864, 69950, 0, 0.0, 5, 
2019-12-10 14:14:33.963,434887232, 766.4854574390796, 1286833, 40.080922055685576, 69972, 0, 0.0, 5, 
2019-12-10 14:14:34.99,445372992, 766.4854574390796, 1287306, 40.080922055685576, 69998, 0, 0.0, 5, 
2019-12-10 14:14:36.014,455858752, 766.4854574390796, 1287792, 40.080922055685576, 70022, 0, 0.0, 5, 
2019-12-10 14:14:37.041,466344512, 766.4854574390796, 1288282, 40.080922055685576, 70045, 0, 0.0, 5, 
2019-12-10 14:14:38.065,476830272, 766.4854574390796, 1288750, 40.080922055685576, 70079, 0, 0.0, 5, 
2019-12-10 14:14:39.1,486267456, 741.9002776965677, 1289215, 38.90710033894196, 70101, 0, 0.0, 5, 
2019-12-10 14:14:40.127,495704640, 741.9002776965677, 1289733, 38.90710033894196, 70120, 0, 0.0, 5, 
2019-12-10 14:14:41.153,507238976, 741.9002776965677, 1290239, 38.90710033894196, 70142, 0, 0.0, 5, 
2019-12-10 14:14:42.179,516676160, 741.9002776965677, 1290711, 38.90710033894196, 70158, 0, 0.0, 5, 
2019-12-10 14:14:43.204,527161920, 741.9002776965677, 1291192, 38.90710033894196, 70184, 0, 0.0, 5, 
2019-12-10 14:14:44.229,536599104, 721.3116922602268, 1291683, 37.427354297828, 70204, 0, 0.0, 5, 
2019-12-10 14:14:45.254,547084864, 721.3116922602268, 1292168, 37.427354297828, 70224, 0, 0.0, 5, 
2019-12-10 14:14:46.276,558619200, 721.3116922602268, 1292656, 37.427354297828, 70246, 0, 0.0, 5, 
2019-12-10 14:14:47.304,568056384, 721.3116922602268, 1293138, 37.427354297828, 70263, 0, 0.0, 5, 
2019-12-10 14:14:48.331,578542144, 721.3116922602268, 1293622, 37.427354297828, 70295, 0, 0.0, 5, 
2019-12-10 14:14:49.36,591125056, 701.6017056048443, 1294109, 36.27380673959502, 70323, 0, 0.0, 5, 
2019-12-10 14:14:50.392,601610816, 701.6017056048443, 1294632, 36.27380673959502, 70350, 0, 0.0, 5, 
2019-12-10 14:14:51.42,612096576, 701.6017056048443, 1295124, 36.27380673959502, 70378, 0, 0.0, 5, 
2019-12-10 14:14:52.444,621533760, 701.6017056048443, 1295585, 36.27380673959502, 70397, 0, 0.0, 5, 
2019-12-10 14:14:53.471,632019520, 701.6017056048443, 1296095, 36.27380673959502, 70421, 0, 0.0, 5, 
2019-12-10 14:14:54.497,642505280, 683.7554825774755, 1296577, 35.212491751633465, 70441, 0, 0.0, 5, 
2019-12-10 14:14:55.529,652991040, 683.7554825774755, 1297026, 35.212491751633465, 70465, 0, 0.0, 5, 
2019-12-10 14:14:56.557,662428224, 683.7554825774755, 1297517, 35.212491751633465, 70487, 0, 0.0, 5, 
2019-12-10 14:14:57.583,671865408, 683.7554825774755, 1297990, 35.212491751633465, 70513, 0, 0.0, 5, 
2019-12-10 14:14:58.612,682351168, 683.7554825774755, 1298462, 35.212491751633465, 70541, 0, 0.0, 5, 
2019-12-10 14:14:59.639,692836928, 666.200795446652, 1298941, 34.284008176019455, 70558, 0, 0.0, 5, 
2019-12-10 14:15:00.667,703322688, 666.200795446652, 1299432, 34.284008176019455, 70586, 0, 0.0, 5, 
2019-12-10 14:15:01.698,713808448, 666.200795446652, 1299932, 34.284008176019455, 70610, 0, 0.0, 5, 
2019-12-10 14:15:02.724,724294208, 666.200795446652, 1300440, 34.284008176019455, 70634, 0, 0.0, 5, 
2019-12-10 14:15:03.758,734779968, 666.200795446652, 1300930, 34.284008176019455, 70660, 0, 0.0, 5, 
2019-12-10 14:15:04.827,745265728, 651.1850729136363, 1301451, 33.413770931126585, 70683, 0, 0.0, 5, 
2019-12-10 14:15:05.853,756800064, 651.1850729136363, 1301941, 33.413770931126585, 70704, 0, 0.0, 5, 
2019-12-10 14:15:06.878,767285824, 651.1850729136363, 1302465, 33.413770931126585, 70727, 0, 0.0, 5, 
2019-12-10 14:15:07.916,777771584, 651.1850729136363, 1302979, 33.413770931126585, 70748, 0, 0.0, 5, 
2019-12-10 14:15:08.946,787208768, 638.4573372265527, 1303491, 32.389238375522595, 70766, 0, 0.0, 5, 
2019-12-10 14:15:09.976,796645952, 638.4573372265527, 1303966, 32.389238375522595, 70788, 0, 0.0, 5, 
2019-12-10 14:15:11.017,807131712, 638.4573372265527, 1304449, 32.389238375522595, 70811, 0, 0.0, 5, 
2019-12-10 14:15:12.052,819714624, 638.4573372265527, 1304945, 32.389238375522595, 70847, 0, 0.0, 5, 
2019-12-10 14:15:13.076,830200384, 638.4573372265527, 1305456, 32.389238375522595, 70864, 0, 0.0, 5, 
2019-12-10 14:15:14.101,841734720, 625.451974613768, 1305947, 31.606534090874597, 70882, 0, 0.0, 5, 
2019-12-10 14:15:15.13,133039608, 625.451974613768, 1306460, 31.606534090874597, 70902, 0, 0.0, 5, 
2019-12-10 14:15:16.169,143525368, 625.451974613768, 1306931, 31.606534090874597, 70929, 0, 0.0, 5, 
2019-12-10 14:15:17.196,151913976, 625.451974613768, 1307394, 31.606534090874597, 70956, 0, 0.0, 5, 
2019-12-10 14:15:18.224,162399736, 625.451974613768, 1307882, 31.606534090874597, 70985, 0, 0.0, 5, 
2019-12-10 14:15:19.251,172885496, 613.4224989133501, 1308400, 30.98235808792257, 71006, 0, 0.0, 5, 
2019-12-10 14:15:20.279,182322680, 613.4224989133501, 1308842, 30.98235808792257, 71040, 0, 0.0, 5, 
2019-12-10 14:15:21.303,193857016, 613.4224989133501, 1309325, 30.98235808792257, 71073, 0, 0.0, 5, 
2019-12-10 14:15:22.333,202245624, 613.4224989133501, 1309820, 30.98235808792257, 71105, 0, 0.0, 5, 
2019-12-10 14:15:23.357,213779960, 613.4224989133501, 1310327, 30.98235808792257, 71139, 0, 0.0, 5, 
2019-12-10 14:15:24.386,224265720, 601.9870512915561, 1310811, 30.87183083781083, 71154, 0, 0.0, 5, 
2019-12-10 14:15:25.412,233702904, 601.9870512915561, 1311303, 30.87183083781083, 71175, 0, 0.0, 5, 
2019-12-10 14:15:26.437,245237240, 601.9870512915561, 1311789, 30.87183083781083, 71200, 0, 0.0, 5, 
2019-12-10 14:15:27.46,255723000, 601.9870512915561, 1312276, 30.87183083781083, 71226, 0, 0.0, 5, 
2019-12-10 14:15:28.493,265160184, 601.9870512915561, 1312750, 30.87183083781083, 71252, 0, 0.0, 5, 
2019-12-10 14:15:29.517,277743096, 592.3454430174158, 1313298, 30.290407346457126, 71281, 0, 0.0, 5, 
2019-12-10 14:15:30.542,287180280, 592.3454430174158, 1313789, 30.290407346457126, 71301, 0, 0.0, 5, 
2019-12-10 14:15:31.567,296617464, 592.3454430174158, 1314273, 30.290407346457126, 71329, 0, 0.0, 5, 
2019-12-10 14:15:32.592,307103224, 592.3454430174158, 1314762, 30.290407346457126, 71354, 0, 0.0, 5, 
2019-12-10 14:15:33.616,318637560, 592.3454430174158, 1315242, 30.290407346457126, 71371, 0, 0.0, 5, 
2019-12-10 14:15:34.639,333317624, 583.3627973572303, 1315716, 29.691507442406326, 71394, 0, 0.0, 5, 
2019-12-10 14:15:35.663,342754808, 583.3627973572303, 1316210, 29.691507442406326, 71417, 0, 0.0, 5, 
2019-12-10 14:15:36.687,354289144, 583.3627973572303, 1316712, 29.691507442406326, 71436, 0, 0.0, 5, 
2019-12-10 14:15:37.713,362677752, 583.3627973572303, 1317167, 29.691507442406326, 71467, 0, 0.0, 5, 
2019-12-10 14:15:38.738,373163512, 583.3627973572303, 1317653, 29.691507442406326, 71491, 0, 0.0, 5, 
2019-12-10 14:15:39.765,383649272, 574.2988085352755, 1318134, 29.188466281984763, 71515, 0, 0.0, 5, 
2019-12-10 14:15:40.789,394135032, 574.2988085352755, 1318637, 29.188466281984763, 71537, 0, 0.0, 5, 
2019-12-10 14:15:41.817,403572216, 574.2988085352755, 1319119, 29.188466281984763, 71552, 0, 0.0, 5, 
2019-12-10 14:15:42.843,415106552, 574.2988085352755, 1319601, 29.188466281984763, 71587, 0, 0.0, 5, 
2019-12-10 14:15:43.868,424543736, 566.95098550397, 1320122, 28.661681603713703, 71607, 0, 0.0, 5, 
2019-12-10 14:15:44.894,435029496, 566.95098550397, 1320616, 28.661681603713703, 71626, 0, 0.0, 5, 
2019-12-10 14:15:45.92,461243896, 566.95098550397, 1321094, 28.661681603713703, 71653, 0, 0.0, 5, 
2019-12-10 14:15:46.946,471729656, 566.95098550397, 1321614, 28.661681603713703, 71673, 0, 0.0, 5, 
2019-12-10 14:15:47.972,482215416, 566.95098550397, 1322114, 28.661681603713703, 71704, 0, 0.0, 5, 
2019-12-10 14:15:49.005,493749752, 560.0627330277393, 1322595, 28.38490082472187, 71736, 0, 0.0, 5, 
2019-12-10 14:15:50.032,503186936, 560.0627330277393, 1323082, 28.38490082472187, 71752, 0, 0.0, 5, 
2019-12-10 14:15:51.057,513672696, 560.0627330277393, 1323544, 28.38490082472187, 71771, 0, 0.0, 5, 
2019-12-10 14:15:52.083,522061304, 560.0627330277393, 1324014, 28.38490082472187, 71804, 0, 0.0, 5, 
2019-12-10 14:15:53.11,533595640, 560.0627330277393, 1324508, 28.38490082472187, 71824, 0, 0.0, 5, 
2019-12-10 14:15:54.139,543032824, 552.6698210835339, 1324993, 27.93835681004406, 71856, 0, 0.0, 5, 
2019-12-10 14:15:55.164,554567160, 552.6698210835339, 1325486, 27.93835681004406, 71880, 0, 0.0, 5, 
2019-12-10 14:15:56.192,566101496, 552.6698210835339, 1325944, 27.93835681004406, 71896, 0, 0.0, 5, 
2019-12-10 14:15:57.218,575538680, 552.6698210835339, 1326428, 27.93835681004406, 71921, 0, 0.0, 5, 
2019-12-10 14:15:58.244,586024440, 552.6698210835339, 1326902, 27.93835681004406, 71958, 0, 0.0, 5, 
2019-12-10 14:15:59.268,595461624, 545.8200403901989, 1327365, 27.655445420046668, 71976, 0, 0.0, 5, 
2019-12-10 14:16:00.296,605947384, 545.8200403901989, 1327841, 27.655445420046668, 72001, 0, 0.0, 5, 
2019-12-10 14:16:01.328,615384568, 545.8200403901989, 1328282, 27.655445420046668, 72016, 0, 0.0, 5, 
2019-12-10 14:16:02.354,624821752, 545.8200403901989, 1328769, 27.655445420046668, 72047, 0, 0.0, 5, 
2019-12-10 14:16:03.379,636356088, 545.8200403901989, 1329251, 27.655445420046668, 72080, 0, 0.0, 5, 
2019-12-10 14:16:04.406,645793272, 538.8463110047464, 1329725, 27.411145492918685, 72109, 0, 0.0, 5, 
2019-12-10 14:16:05.432,657327608, 538.8463110047464, 1330211, 27.411145492918685, 72142, 0, 0.0, 5, 
2019-12-10 14:16:06.457,666764792, 538.8463110047464, 1330680, 27.411145492918685, 72164, 0, 0.0, 5, 
2019-12-10 14:16:07.484,677250552, 538.8463110047464, 1331185, 27.411145492918685, 72200, 0, 0.0, 5, 
2019-12-10 14:16:08.515,687736312, 538.8463110047464, 1331659, 27.411145492918685, 72237, 0, 0.0, 5, 
2019-12-10 14:16:09.538,697173496, 533.0378326833418, 1332134, 27.63412998754602, 72262, 0, 0.0, 5, 
2019-12-10 14:16:10.562,708707832, 533.0378326833418, 1332600, 27.63412998754602, 72289, 0, 0.0, 5, 
2019-12-10 14:16:11.592,718145016, 533.0378326833418, 1333055, 27.63412998754602, 72311, 0, 0.0, 5, 
2019-12-10 14:16:12.62,728630776, 533.0378326833418, 1333576, 27.63412998754602, 72334, 0, 0.0, 5, 
2019-12-10 14:16:13.652,739116536, 533.0378326833418, 1334088, 27.63412998754602, 72358, 0, 0.0, 5, 
2019-12-10 14:16:14.678,749602296, 528.1575170413878, 1334550, 27.29558764585624, 72380, 0, 0.0, 5, 
2019-12-10 14:16:15.708,762185208, 528.1575170413878, 1335075, 27.29558764585624, 72412, 0, 0.0, 5, 
2019-12-10 14:16:16.736,775816696, 528.1575170413878, 1335582, 27.29558764585624, 72442, 0, 0.0, 5, 
2019-12-10 14:16:17.77,145024512, 528.1575170413878, 1336080, 27.29558764585624, 72468, 0, 0.0, 5, 
2019-12-10 14:16:18.797,156558848, 528.1575170413878, 1336571, 27.29558764585624, 72505, 0, 0.0, 5, 
2019-12-10 14:16:19.823,167044608, 524.6908413861245, 1337043, 27.447856050418952, 72531, 0, 0.0, 5, 
2019-12-10 14:16:20.851,178578944, 524.6908413861245, 1337520, 27.447856050418952, 72565, 0, 0.0, 5, 
2019-12-10 14:16:21.879,189064704, 524.6908413861245, 1338031, 27.447856050418952, 72585, 0, 0.0, 5, 
2019-12-10 14:16:22.904,200599040, 524.6908413861245, 1338523, 27.447856050418952, 72611, 0, 0.0, 5, 
2019-12-10 14:16:23.93,211084800, 520.6218343730907, 1338998, 27.33209187237523, 72639, 0, 0.0, 5, 
2019-12-10 14:16:24.954,224716288, 520.6218343730907, 1339633, 27.33209187237523, 72675, 0, 0.0, 5, 
2019-12-10 14:16:25.979,237299200, 520.6218343730907, 1340285, 27.33209187237523, 72711, 0, 0.0, 5, 
2019-12-10 14:16:27.001,251979264, 520.6218343730907, 1340899, 27.33209187237523, 72750, 0, 0.0, 5, 
2019-12-10 14:16:28.025,264562176, 520.6218343730907, 1341601, 27.33209187237523, 72787, 0, 0.0, 5, 
2019-12-10 14:16:29.048,281339392, 531.9098172473485, 1342430, 28.169059594325933, 72838, 0, 0.0, 5, 
2019-12-10 14:16:30.071,300213760, 531.9098172473485, 1343344, 28.169059594325933, 72885, 0, 0.0, 5, 
2019-12-10 14:16:31.093,318039552, 531.9098172473485, 1344309, 28.169059594325933, 72933, 0, 0.0, 5, 
2019-12-10 14:16:32.115,336913920, 531.9098172473485, 1345221, 28.169059594325933, 72986, 0, 0.0, 5, 
2019-12-10 14:16:33.141,354739712, 531.9098172473485, 1346147, 28.169059594325933, 73025, 0, 0.0, 5, 
2019-12-10 14:16:34.169,372565504, 561.7724434395378, 1347084, 29.72267180876434, 73075, 0, 0.0, 5, 
2019-12-10 14:16:35.192,391439872, 561.7724434395378, 1348014, 29.72267180876434, 73117, 0, 0.0, 5, 
2019-12-10 14:16:36.213,408217088, 561.7724434395378, 1348906, 29.72267180876434, 73164, 0, 0.0, 5, 
2019-12-10 14:16:37.235,426042880, 561.7724434395378, 1349858, 29.72267180876434, 73210, 0, 0.0, 5, 
2019-12-10 14:16:38.257,444917248, 561.7724434395378, 1350810, 29.72267180876434, 73259, 0, 0.0, 5, 
2019-12-10 14:16:39.278,462743040, 589.5672082153076, 1351757, 30.9761617613428, 73307, 0, 0.0, 5, 
2019-12-10 14:16:40.299,480568832, 589.5672082153076, 1352698, 30.9761617613428, 73349, 0, 0.0, 5, 
2019-12-10 14:16:41.326,498394624, 589.5672082153076, 1353649, 30.9761617613428, 73412, 0, 0.0, 5, 
2019-12-10 14:16:42.348,518317568, 589.5672082153076, 1354619, 30.9761617613428, 73464, 0, 0.0, 5, 
2019-12-10 14:16:43.369,538240512, 589.5672082153076, 1355582, 30.9761617613428, 73520, 0, 0.0, 5, 
2019-12-10 14:16:44.389,557114880, 617.4903205130884, 1356537, 32.497223883711705, 73569, 0, 0.0, 5, 
2019-12-10 14:16:45.411,574940672, 617.4903205130884, 1357542, 32.497223883711705, 73617, 0, 0.0, 5, 
2019-12-10 14:16:46.434,593815040, 617.4903205130884, 1358457, 32.497223883711705, 73667, 0, 0.0, 5, 
2019-12-10 14:16:47.461,611640832, 617.4903205130884, 1359420, 32.497223883711705, 73709, 0, 0.0, 5, 
2019-12-10 14:16:48.484,630515200, 617.4903205130884, 1360365, 32.497223883711705, 73758, 0, 0.0, 5, 
2019-12-10 14:16:49.508,648340992, 642.5571704558376, 1361325, 33.64081072051526, 73809, 0, 0.0, 5, 
2019-12-10 14:16:50.534,668263936, 642.5571704558376, 1362336, 33.64081072051526, 73862, 0, 0.0, 5, 
2019-12-10 14:16:51.556,687138304, 642.5571704558376, 1363402, 33.64081072051526, 73918, 0, 0.0, 5, 
2019-12-10 14:16:52.58,704964096, 642.5571704558376, 1364365, 33.64081072051526, 73958, 0, 0.0, 5, 
2019-12-10 14:16:53.603,724887040, 642.5571704558376, 1365454, 33.64081072051526, 74001, 0, 0.0, 5, 
2019-12-10 14:16:54.626,746907136, 671.4245612359266, 1366486, 34.772916987730675, 74059, 0, 0.0, 5, 
2019-12-10 14:16:55.648,766830080, 671.4245612359266, 1367542, 34.772916987730675, 74122, 0, 0.0, 5, 
2019-12-10 14:16:56.67,140833488, 671.4245612359266, 1368591, 34.772916987730675, 74178, 0, 0.0, 5, 
2019-12-10 14:16:57.692,161805008, 671.4245612359266, 1369618, 34.772916987730675, 74238, 0, 0.0, 5, 
2019-12-10 14:16:58.715,179630800, 671.4245612359266, 1370677, 34.772916987730675, 74301, 0, 0.0, 5, 
2019-12-10 14:16:59.737,200602320, 699.215158902778, 1371748, 36.64604312350411, 74349, 0, 0.0, 5, 
2019-12-10 14:17:00.76,222622416, 699.215158902778, 1372927, 36.64604312350411, 74407, 0, 0.0, 5, 
2019-12-10 14:17:01.783,242545360, 699.215158902778, 1374062, 36.64604312350411, 74466, 0, 0.0, 5, 
2019-12-10 14:17:02.804,264565456, 699.215158902778, 1375263, 36.64604312350411, 74517, 0, 0.0, 5, 
2019-12-10 14:17:03.826,286585552, 699.215158902778, 1376410, 36.64604312350411, 74584, 0, 0.0, 5, 
2019-12-10 14:17:04.848,308605648, 733.2590351146669, 1377566, 38.24147342602558, 74653, 0, 0.0, 5, 
2019-12-10 14:17:05.87,330625744, 733.2590351146669, 1378756, 38.24147342602558, 74714, 0, 0.0, 5, 
2019-12-10 14:17:06.896,350548688, 733.2590351146669, 1379881, 38.24147342602558, 74772, 0, 0.0, 5, 
2019-12-10 14:17:07.918,372568784, 733.2590351146669, 1381025, 38.24147342602558, 74834, 0, 0.0, 5, 
2019-12-10 14:17:08.94,394588880, 765.8282204075299, 1382233, 40.17308255994075, 74901, 0, 0.0, 5, 
2019-12-10 14:17:09.963,416608976, 765.8282204075299, 1383443, 40.17308255994075, 74974, 0, 0.0, 5, 
2019-12-10 14:17:10.986,440726224, 765.8282204075299, 1384750, 40.17308255994075, 75045, 0, 0.0, 5, 
2019-12-10 14:17:12.01,453309136, 765.8282204075299, 1385386, 40.17308255994075, 75082, 0, 0.0, 5, 
2019-12-10 14:17:13.035,466940624, 765.8282204075299, 1385901, 40.17308255994075, 75105, 0, 0.0, 5, 
2019-12-10 14:17:14.064,478474960, 771.2789349506066, 1386410, 40.63897715476729, 75135, 0, 0.0, 5, 
2019-12-10 14:17:15.088,487912144, 771.2789349506066, 1386897, 40.63897715476729, 75160, 0, 0.0, 5, 
2019-12-10 14:17:16.113,498397904, 771.2789349506066, 1387386, 40.63897715476729, 75173, 0, 0.0, 5, 
2019-12-10 14:17:17.137,508883664, 771.2789349506066, 1387855, 40.63897715476729, 75206, 0, 0.0, 5, 
2019-12-10 14:17:18.172,518320848, 771.2789349506066, 1388325, 40.63897715476729, 75241, 0, 0.0, 5, 
2019-12-10 14:17:19.198,527758032, 746.7422500687011, 1388786, 39.56445586957472, 75276, 0, 0.0, 5, 
2019-12-10 14:17:20.222,539292368, 746.7422500687011, 1389264, 39.56445586957472, 75301, 0, 0.0, 5, 
2019-12-10 14:17:21.249,548729552, 746.7422500687011, 1389755, 39.56445586957472, 75326, 0, 0.0, 5, 
2019-12-10 14:17:22.274,559215312, 746.7422500687011, 1390244, 39.56445586957472, 75358, 0, 0.0, 5, 
2019-12-10 14:17:23.298,568652496, 746.7422500687011, 1390717, 39.56445586957472, 75382, 0, 0.0, 5, 
2019-12-10 14:17:24.324,579138256, 724.0074990188427, 1391177, 38.68778638225193, 75417, 0, 0.0, 5, 
2019-12-10 14:17:25.36,588575440, 724.0074990188427, 1391645, 38.68778638225193, 75439, 0, 0.0, 5, 
2019-12-10 14:17:26.395,599061200, 724.0074990188427, 1392154, 38.68778638225193, 75465, 0, 0.0, 5, 
2019-12-10 14:17:27.423,609546960, 724.0074990188427, 1392628, 38.68778638225193, 75491, 0, 0.0, 5, 
2019-12-10 14:17:28.451,620032720, 724.0074990188427, 1393102, 38.68778638225193, 75532, 0, 0.0, 5, 
2019-12-10 14:17:29.476,629469904, 703.9700297365098, 1393577, 37.75328258037155, 75566, 0, 0.0, 5, 
2019-12-10 14:17:30.502,641004240, 703.9700297365098, 1394075, 37.75328258037155, 75594, 0, 0.0, 5, 
2019-12-10 14:17:31.525,649392848, 703.9700297365098, 1394538, 37.75328258037155, 75615, 0, 0.0, 5, 
2019-12-10 14:17:32.554,659878608, 703.9700297365098, 1395046, 37.75328258037155, 75637, 0, 0.0, 5, 
2019-12-10 14:17:33.577,674558672, 703.9700297365098, 1395512, 37.75328258037155, 75666, 0, 0.0, 5, 
2019-12-10 14:17:34.602,686093008, 685.0229522936205, 1396013, 36.76556864040856, 75688, 0, 0.0, 5, 
2019-12-10 14:17:35.627,694481616, 685.0229522936205, 1396484, 36.76556864040856, 75715, 0, 0.0, 5, 
2019-12-10 14:17:36.656,703918800, 685.0229522936205, 1396942, 36.76556864040856, 75736, 0, 0.0, 5, 
2019-12-10 14:17:37.681,715453136, 685.0229522936205, 1397453, 36.76556864040856, 75758, 0, 0.0, 5, 
2019-12-10 14:17:38.707,724890320, 685.0229522936205, 1397941, 36.76556864040856, 75778, 0, 0.0, 5, 
2019-12-10 14:17:39.741,735376080, 667.9266129772977, 1398396, 35.64894342473033, 75796, 0, 0.0, 5, 
2019-12-10 14:17:40.765,744813264, 667.9266129772977, 1398869, 35.64894342473033, 75816, 0, 0.0, 5, 
2019-12-10 14:17:41.791,755299024, 667.9266129772977, 1399380, 35.64894342473033, 75847, 0, 0.0, 5, 
2019-12-10 14:17:42.816,764736208, 667.9266129772977, 1399853, 35.64894342473033, 75875, 0, 0.0, 5, 
2019-12-10 14:17:43.842,775221968, 667.9266129772977, 1400340, 35.64894342473033, 75900, 0, 0.0, 5, 
2019-12-10 14:17:44.868,143196528, 651.8933902542988, 1400811, 34.68556310010785, 75915, 0, 0.0, 5, 
2019-12-10 14:17:45.893,153682288, 651.8933902542988, 1401287, 34.68556310010785, 75933, 0, 0.0, 5, 
2019-12-10 14:17:46.919,164168048, 651.8933902542988, 1401780, 34.68556310010785, 75956, 0, 0.0, 5, 
2019-12-10 14:17:47.946,174653808, 651.8933902542988, 1402303, 34.68556310010785, 75982, 0, 0.0, 5, 
2019-12-10 14:17:48.971,185139568, 638.0216246785731, 1402795, 33.575334774237255, 76007, 0, 0.0, 5, 
2019-12-10 14:17:50.0,194576752, 638.0216246785731, 1403274, 33.575334774237255, 76035, 0, 0.0, 5, 
2019-12-10 14:17:51.025,204013936, 638.0216246785731, 1403765, 33.575334774237255, 76057, 0, 0.0, 5, 
2019-12-10 14:17:52.055,216596848, 638.0216246785731, 1404273, 33.575334774237255, 76092, 0, 0.0, 5, 
2019-12-10 14:17:53.084,226034032, 638.0216246785731, 1404735, 33.575334774237255, 76119, 0, 0.0, 5, 
2019-12-10 14:17:54.108,236519792, 625.1470464200604, 1405243, 33.01761779920668, 76143, 0, 0.0, 5, 
2019-12-10 14:17:55.132,245956976, 625.1470464200604, 1405723, 33.01761779920668, 76169, 0, 0.0, 5, 
2019-12-10 14:17:56.156,256442736, 625.1470464200604, 1406199, 33.01761779920668, 76196, 0, 0.0, 5, 
2019-12-10 14:17:57.181,265879920, 625.1470464200604, 1406689, 33.01761779920668, 76218, 0, 0.0, 5, 
2019-12-10 14:17:58.207,276365680, 625.1470464200604, 1407171, 33.01761779920668, 76236, 0, 0.0, 5, 
2019-12-10 14:17:59.232,285802864, 612.6942001537905, 1407636, 32.15268883575486, 76257, 0, 0.0, 5, 
2019-12-10 14:18:00.256,297337200, 612.6942001537905, 1408125, 32.15268883575486, 76284, 0, 0.0, 5, 
2019-12-10 14:18:01.279,307822960, 612.6942001537905, 1408607, 32.15268883575486, 76318, 0, 0.0, 5, 
2019-12-10 14:18:02.303,317260144, 612.6942001537905, 1409082, 32.15268883575486, 76343, 0, 0.0, 5, 
2019-12-10 14:18:03.331,326697328, 612.6942001537905, 1409561, 32.15268883575486, 76368, 0, 0.0, 5, 
2019-12-10 14:18:04.358,337183088, 601.2370285002712, 1410048, 31.85264040317807, 76401, 0, 0.0, 5, 
2019-12-10 14:18:05.383,348717424, 601.2370285002712, 1410565, 31.85264040317807, 76424, 0, 0.0, 5, 
2019-12-10 14:18:06.408,358154608, 601.2370285002712, 1411074, 31.85264040317807, 76454, 0, 0.0, 5, 
2019-12-10 14:18:07.433,367591792, 601.2370285002712, 1411529, 31.85264040317807, 76493, 0, 0.0, 5, 
2019-12-10 14:18:08.46,378077552, 601.2370285002712, 1412014, 31.85264040317807, 76515, 0, 0.0, 5, 
2019-12-10 14:18:09.494,388563312, 591.3035841618185, 1412506, 31.400680230852036, 76540, 0, 0.0, 5, 
2019-12-10 14:18:10.521,399049072, 591.3035841618185, 1412970, 31.400680230852036, 76570, 0, 0.0, 5, 
2019-12-10 14:18:11.547,408486256, 591.3035841618185, 1413452, 31.400680230852036, 76596, 0, 0.0, 5, 
2019-12-10 14:18:12.573,417923440, 591.3035841618185, 1413914, 31.400680230852036, 76614, 0, 0.0, 5, 
2019-12-10 14:18:13.603,428409200, 591.3035841618185, 1414392, 31.400680230852036, 76635, 0, 0.0, 5, 
2019-12-10 14:18:14.629,437846384, 580.9010759313373, 1414841, 30.840936745001333, 76666, 0, 0.0, 5, 
2019-12-10 14:18:15.655,449380720, 580.9010759313373, 1415321, 30.840936745001333, 76689, 0, 0.0, 5, 
2019-12-10 14:18:16.68,459866480, 580.9010759313373, 1415816, 30.840936745001333, 76720, 0, 0.0, 5, 
2019-12-10 14:18:17.707,469303664, 580.9010759313373, 1416276, 30.840936745001333, 76739, 0, 0.0, 5, 
2019-12-10 14:18:18.733,479789424, 580.9010759313373, 1416771, 30.840936745001333, 76764, 0, 0.0, 5, 
2019-12-10 14:18:19.758,490275184, 571.4262530381922, 1417285, 30.357930111367526, 76790, 0, 0.0, 5, 
2019-12-10 14:18:20.783,501809520, 571.4262530381922, 1417793, 30.357930111367526, 76817, 0, 0.0, 5, 
2019-12-10 14:18:21.807,511246704, 571.4262530381922, 1418280, 30.357930111367526, 76844, 0, 0.0, 5, 
2019-12-10 14:18:22.831,521732464, 571.4262530381922, 1418747, 30.357930111367526, 76866, 0, 0.0, 5, 
2019-12-10 14:18:23.859,531169648, 571.4262530381922, 1419221, 30.357930111367526, 76890, 0, 0.0, 5, 
2019-12-10 14:18:24.883,542703984, 564.1322045753501, 1419709, 29.865569204641414, 76920, 0, 0.0, 5, 
2019-12-10 14:18:25.907,552141168, 564.1322045753501, 1420173, 29.865569204641414, 76937, 0, 0.0, 5, 
2019-12-10 14:18:26.931,562626928, 564.1322045753501, 1420657, 29.865569204641414, 76969, 0, 0.0, 5, 
2019-12-10 14:18:27.956,573112688, 564.1322045753501, 1421167, 29.865569204641414, 76995, 0, 0.0, 5, 
2019-12-10 14:18:28.981,582549872, 556.5898179392215, 1421621, 29.55649535609345, 77023, 0, 0.0, 5, 
2019-12-10 14:18:30.007,591987056, 556.5898179392215, 1422092, 29.55649535609345, 77049, 0, 0.0, 5, 
2019-12-10 14:18:31.033,602472816, 556.5898179392215, 1422610, 29.55649535609345, 77071, 0, 0.0, 5, 
2019-12-10 14:18:32.059,611910000, 556.5898179392215, 1423079, 29.55649535609345, 77098, 0, 0.0, 5, 
2019-12-10 14:18:33.084,622395760, 556.5898179392215, 1423586, 29.55649535609345, 77126, 0, 0.0, 5, 
2019-12-10 14:18:34.111,632881520, 550.2581496904937, 1424076, 29.144204751435826, 77147, 0, 0.0, 5, 
2019-12-10 14:18:35.145,644415856, 550.2581496904937, 1424591, 29.144204751435826, 77172, 0, 0.0, 5, 
2019-12-10 14:18:36.17,653853040, 550.2581496904937, 1425086, 29.144204751435826, 77194, 0, 0.0, 5, 
2019-12-10 14:18:37.194,664338800, 550.2581496904937, 1425597, 29.144204751435826, 77214, 0, 0.0, 5, 
2019-12-10 14:18:38.218,676921712, 550.2581496904937, 1426086, 29.144204751435826, 77236, 0, 0.0, 5, 
2019-12-10 14:18:39.241,686358896, 544.9284583122641, 1426561, 28.62095902974921, 77261, 0, 0.0, 5, 
2019-12-10 14:18:40.267,697893232, 544.9284583122641, 1427067, 28.62095902974921, 77289, 0, 0.0, 5, 
2019-12-10 14:18:41.293,707330416, 544.9284583122641, 1427501, 28.62095902974921, 77314, 0, 0.0, 5, 
2019-12-10 14:18:42.319,716767600, 544.9284583122641, 1427955, 28.62095902974921, 77351, 0, 0.0, 5, 
2019-12-10 14:18:43.343,726204784, 544.9284583122641, 1428446, 28.62095902974921, 77375, 0, 0.0, 5, 
2019-12-10 14:18:44.366,737739120, 537.9780425425365, 1428911, 28.395407599218913, 77392, 0, 0.0, 5, 
2019-12-10 14:18:45.391,748224880, 537.9780425425365, 1429392, 28.395407599218913, 77420, 0, 0.0, 5, 
2019-12-10 14:18:46.415,758710640, 537.9780425425365, 1429887, 28.395407599218913, 77447, 0, 0.0, 5, 
2019-12-10 14:18:47.44,767099248, 537.9780425425365, 1430353, 28.395407599218913, 77471, 0, 0.0, 5, 
2019-12-10 14:18:48.465,136918624, 537.9780425425365, 1430875, 28.395407599218913, 77494, 0, 0.0, 5, 
2019-12-10 14:18:49.489,146355808, 533.454312031921, 1431365, 28.011987977532375, 77517, 0, 0.0, 5, 
2019-12-10 14:18:50.514,156841568, 533.454312031921, 1431817, 28.011987977532375, 77536, 0, 0.0, 5, 
2019-12-10 14:18:51.541,156841568, 533.454312031921, 1431817, 28.011987977532375, 77536, 0, 0.0, 5, 
2019-12-10 14:18:52.573,157890144, 533.454312031921, 1431817, 28.011987977532375, 77536, 0, 0.0, 5, 
2019-12-10 14:18:53.6,158938720, 533.454312031921, 1431817, 28.011987977532375, 77536, 0, 0.0, 5, 
