Timestamp, MemoryUsed, ReadLatency1, ReadCount, WriteLatency1, WriteCount, PendingTasks, WaitingOnCommit1, SRDelay, 
2019-12-10 14:18:56.091,372788992, 526.8938293428378, 1463091, 28.280037265594657, 79388, 0, 0.0, 5, 
2019-12-10 14:18:57.165,98868248, 495.14395977064754, 1463467, 26.54659719516595, 79407, 0, 0.0, 5, 
2019-12-10 14:18:58.212,109944496, 495.14395977064754, 1464035, 26.54659719516595, 79436, 0, 0.0, 5, 
2019-12-10 14:18:59.243,123644096, 495.14395977064754, 1464752, 26.54659719516595, 79468, 0, 0.0, 5, 
2019-12-10 14:19:00.281,137412536, 495.14395977064754, 1465493, 26.54659719516595, 79507, 0, 0.0, 5, 
2019-12-10 14:19:01.31,152639024, 495.14395977064754, 1466258, 26.54659719516595, 79535, 0, 0.0, 5, 
2019-12-10 14:19:02.34,167228992, 510.1640994326028, 1466977, 26.96663609161441, 79575, 0, 0.0, 5, 
2019-12-10 14:19:03.373,180445480, 510.1640994326028, 1467731, 26.96663609161441, 79621, 0, 0.0, 5, 
2019-12-10 14:19:04.4,195140952, 510.1640994326028, 1468501, 26.96663609161441, 79666, 0, 0.0, 5, 
2019-12-10 14:19:05.432,209600504, 510.1640994326028, 1469304, 26.96663609161441, 79704, 0, 0.0, 5, 
2019-12-10 14:19:06.459,225204456, 510.1640994326028, 1470132, 26.96663609161441, 79740, 0, 0.0, 5, 
2019-12-10 14:19:07.494,240340384, 528.7806301577778, 1470873, 28.024717449332567, 79783, 0, 0.0, 5, 
2019-12-10 14:19:08.521,254299816, 528.7806301577778, 1471666, 28.024717449332567, 79827, 0, 0.0, 5, 
2019-12-10 14:19:09.549,270994896, 528.7806301577778, 1472503, 28.024717449332567, 79875, 0, 0.0, 5, 
2019-12-10 14:19:10.579,285515544, 528.7806301577778, 1473275, 28.024717449332567, 79911, 0, 0.0, 5, 
2019-12-10 14:19:11.614,301095456, 528.7806301577778, 1474115, 28.024717449332567, 79958, 0, 0.0, 5, 
2019-12-10 14:19:12.643,315957368, 549.682568900746, 1474944, 29.142119346391784, 79995, 0, 0.0, 5, 
2019-12-10 14:19:13.668,334698168, 549.682568900746, 1475891, 29.142119346391784, 80038, 0, 0.0, 5, 
2019-12-10 14:19:14.697,351105728, 549.682568900746, 1476885, 29.142119346391784, 80083, 0, 0.0, 5, 
2019-12-10 14:19:15.728,369838736, 549.682568900746, 1477891, 29.142119346391784, 80137, 0, 0.0, 5, 
2019-12-10 14:19:16.775,103174584, 549.682568900746, 1478930, 29.142119346391784, 80182, 0, 0.0, 5, 
2019-12-10 14:19:17.832,120601640, 581.8820768432621, 1479964, 30.36207212556695, 80225, 0, 0.0, 5, 
2019-12-10 14:19:18.864,139180984, 581.8820768432621, 1481039, 30.36207212556695, 80276, 0, 0.0, 5, 
2019-12-10 14:19:19.9,158489736, 581.8820768432621, 1482118, 30.36207212556695, 80330, 0, 0.0, 5, 
2019-12-10 14:19:20.925,178560704, 581.8820768432621, 1483186, 30.36207212556695, 80375, 0, 0.0, 5, 
2019-12-10 14:19:21.952,198879848, 581.8820768432621, 1484341, 30.36207212556695, 80432, 0, 0.0, 5, 
2019-12-10 14:19:22.981,218973616, 618.7350391970956, 1485494, 31.756331856418885, 80483, 0, 0.0, 5, 
2019-12-10 14:19:24.01,241278152, 618.7350391970956, 1486738, 31.756331856418885, 80554, 0, 0.0, 5, 
2019-12-10 14:19:25.041,245421536, 618.7350391970956, 1486905, 31.756331856418885, 80562, 0, 0.0, 5, 
2019-12-10 14:19:26.081,246363408, 618.7350391970956, 1486905, 31.756331856418885, 80562, 0, 0.0, 5, 
2019-12-10 14:19:27.139,247221792, 607.7223535120387, 1486905, 31.232116504954497, 80562, 0, 0.0, 5, 
