Timestamp, MemoryUsed, ReadLatency1, ReadCount, WriteLatency1, WriteCount, PendingTasks, WaitingOnCommit1, SRDelay, 
2019-12-10 14:18:56.043,167327328, 502.68306023097966, 1432038, 26.315971061913014, 77548, 0, 0.0, 5, 
2019-12-10 14:18:57.157,176764512, 502.68306023097966, 1432422, 26.315971061913014, 77567, 0, 0.0, 5, 
2019-12-10 14:18:58.19,188298848, 502.68306023097966, 1433017, 26.315971061913014, 77598, 0, 0.0, 5, 
2019-12-10 14:18:59.234,202978912, 489.06797847150153, 1433748, 25.507142674064934, 77628, 0, 0.0, 5, 
2019-12-10 14:19:00.274,216610400, 489.06797847150153, 1434489, 25.507142674064934, 77656, 0, 0.0, 5, 
2019-12-10 14:19:01.303,232339040, 489.06797847150153, 1435250, 25.507142674064934, 77706, 0, 0.0, 5, 
2019-12-10 14:19:02.332,247019104, 489.06797847150153, 1435959, 25.507142674064934, 77743, 0, 0.0, 5, 
2019-12-10 14:19:03.365,260650592, 489.06797847150153, 1436679, 25.507142674064934, 77782, 0, 0.0, 5, 
2019-12-10 14:19:04.394,278476384, 507.0845321555705, 1437478, 26.33011410669693, 77826, 0, 0.0, 5, 
2019-12-10 14:19:05.425,293156448, 507.0845321555705, 1438241, 26.33011410669693, 77870, 0, 0.0, 5, 
2019-12-10 14:19:06.452,306787936, 507.0845321555705, 1438954, 26.33011410669693, 77910, 0, 0.0, 5, 
2019-12-10 14:19:07.483,321468000, 507.0845321555705, 1439716, 26.33011410669693, 77948, 0, 0.0, 5, 
2019-12-10 14:19:08.515,337196640, 507.0845321555705, 1440504, 26.33011410669693, 77990, 0, 0.0, 5, 
2019-12-10 14:19:09.542,352925280, 526.0272470704396, 1441343, 27.487062303542874, 78032, 0, 0.0, 5, 
2019-12-10 14:19:10.573,368653920, 526.0272470704396, 1442169, 27.487062303542874, 78070, 0, 0.0, 5, 
2019-12-10 14:19:11.607,384382560, 526.0272470704396, 1443037, 27.487062303542874, 78109, 0, 0.0, 5, 
2019-12-10 14:19:12.636,400111200, 526.0272470704396, 1443846, 27.487062303542874, 78141, 0, 0.0, 5, 
2019-12-10 14:19:13.662,416888416, 526.0272470704396, 1444753, 27.487062303542874, 78186, 0, 0.0, 5, 
2019-12-10 14:19:14.69,433665632, 550.5554421066965, 1445658, 28.3915948593251, 78226, 0, 0.0, 5, 
2019-12-10 14:19:15.72,453588576, 550.5554421066965, 1446666, 28.3915948593251, 78279, 0, 0.0, 5, 
2019-12-10 14:19:16.766,472462944, 550.5554421066965, 1447676, 28.3915948593251, 78335, 0, 0.0, 5, 
2019-12-10 14:19:17.825,490288736, 550.5554421066965, 1448721, 28.3915948593251, 78383, 0, 0.0, 5, 
2019-12-10 14:19:18.859,510211680, 550.5554421066965, 1449739, 28.3915948593251, 78438, 0, 0.0, 5, 
2019-12-10 14:19:19.893,530134624, 583.4367414635608, 1450862, 30.023360838829692, 78489, 0, 0.0, 5, 
2019-12-10 14:19:20.919,549008992, 583.4367414635608, 1451905, 30.023360838829692, 78549, 0, 0.0, 5, 
2019-12-10 14:19:21.946,568931936, 583.4367414635608, 1453030, 30.023360838829692, 78612, 0, 0.0, 5, 
2019-12-10 14:19:22.973,588854880, 583.4367414635608, 1454217, 30.023360838829692, 78677, 0, 0.0, 5, 
2019-12-10 14:19:24.004,608777824, 624.5629568930106, 1455348, 32.34020498503594, 78738, 0, 0.0, 5, 
2019-12-10 14:19:25.03,612972128, 624.5629568930106, 1455507, 32.34020498503594, 78745, 0, 0.0, 5, 
2019-12-10 14:19:26.072,614020704, 624.5629568930106, 1455507, 32.34020498503594, 78745, 0, 0.0, 5, 
2019-12-10 14:19:27.131,615069280, 624.5629568930106, 1455507, 32.34020498503594, 78745, 0, 0.0, 5, 
