Timestamp, MemoryUsed, ReadLatency1, ReadCount, WriteLatency1, WriteCount, PendingTasks, WaitingOnCommit1, SRDelay, 
2019-12-10 14:18:56.147,321346648, 507.64873141565863, 1468997, 26.777062255527184, 79769, 0, 0.0, 5, 
2019-12-10 14:18:57.181,329509576, 507.64873141565863, 1469368, 26.777062255527184, 79779, 0, 0.0, 5, 
2019-12-10 14:18:58.226,341680680, 507.64873141565863, 1470002, 26.777062255527184, 79810, 0, 0.0, 5, 
2019-12-10 14:18:59.265,354309184, 507.64873141565863, 1470674, 26.777062255527184, 79850, 0, 0.0, 5, 
2019-12-10 14:19:00.295,369150864, 499.2335074857985, 1471435, 26.20321604164472, 79883, 0, 0.0, 5, 
2019-12-10 14:19:01.325,98394088, 499.2335074857985, 1472146, 26.20321604164472, 79931, 0, 0.0, 5, 
2019-12-10 14:19:02.357,112359424, 499.2335074857985, 1472847, 26.20321604164472, 79963, 0, 0.0, 5, 
2019-12-10 14:19:03.386,128522944, 499.2335074857985, 1473582, 26.20321604164472, 80004, 0, 0.0, 5, 
2019-12-10 14:19:04.415,141599968, 516.3413236444819, 1474352, 27.16242592560056, 80048, 0, 0.0, 5, 
2019-12-10 14:19:05.444,156606800, 516.3413236444819, 1475129, 27.16242592560056, 80096, 0, 0.0, 5, 
2019-12-10 14:19:06.475,171486832, 516.3413236444819, 1475871, 27.16242592560056, 80133, 0, 0.0, 5, 
2019-12-10 14:19:07.507,185565720, 516.3413236444819, 1476644, 27.16242592560056, 80188, 0, 0.0, 5, 
2019-12-10 14:19:08.534,201704032, 516.3413236444819, 1477435, 27.16242592560056, 80227, 0, 0.0, 5, 
2019-12-10 14:19:09.564,216866008, 535.6952668065386, 1478252, 28.348772846199942, 80260, 0, 0.0, 5, 
2019-12-10 14:19:10.598,232409288, 535.6952668065386, 1479062, 28.348772846199942, 80312, 0, 0.0, 5, 
2019-12-10 14:19:11.628,246030192, 535.6952668065386, 1479882, 28.348772846199942, 80357, 0, 0.0, 5, 
2019-12-10 14:19:12.654,263500720, 535.6952668065386, 1480757, 28.348772846199942, 80392, 0, 0.0, 5, 
2019-12-10 14:19:13.682,280128304, 535.6952668065386, 1481638, 28.348772846199942, 80440, 0, 0.0, 5, 
2019-12-10 14:19:14.71,297798136, 559.5943697190878, 1482637, 29.52022028968078, 80495, 0, 0.0, 5, 
2019-12-10 14:19:15.74,315957168, 559.5943697190878, 1483592, 29.52022028968078, 80549, 0, 0.0, 5, 
2019-12-10 14:19:16.817,334641976, 559.5943697190878, 1484647, 29.52022028968078, 80593, 0, 0.0, 5, 
2019-12-10 14:19:17.846,352329856, 559.5943697190878, 1485621, 29.52022028968078, 80649, 0, 0.0, 5, 
2019-12-10 14:19:18.885,370704192, 559.5943697190878, 1486666, 29.52022028968078, 80713, 0, 0.0, 5, 
2019-12-10 14:19:19.912,105799832, 593.160174630104, 1487798, 31.589453225683513, 80781, 0, 0.0, 5, 
2019-12-10 14:19:20.937,126544672, 593.160174630104, 1488906, 31.589453225683513, 80849, 0, 0.0, 5, 
2019-12-10 14:19:21.964,146839720, 593.160174630104, 1490032, 31.589453225683513, 80930, 0, 0.0, 5, 
2019-12-10 14:19:22.997,168225944, 593.160174630104, 1491202, 31.589453225683513, 80987, 0, 0.0, 5, 
2019-12-10 14:19:24.021,190220752, 593.160174630104, 1492472, 31.589453225683513, 81067, 0, 0.0, 5, 
2019-12-10 14:19:25.062,192042816, 632.677409181055, 1492581, 34.308786401800766, 81073, 0, 0.0, 5, 
2019-12-10 14:19:26.121,193126864, 632.677409181055, 1492581, 34.308786401800766, 81073, 0, 0.0, 5, 
2019-12-10 14:19:27.165,193963384, 632.677409181055, 1492581, 34.308786401800766, 81073, 0, 0.0, 5, 
