Timestamp, MemoryUsed, ReadLatency1, ReadCount, WriteLatency1, WriteCount, PendingTasks, WaitingOnCommit1, SRDelay, 
2019-12-04 15:38:16.907,332064840, 538.9503079995357, 3681011, 29.27463866940875, 199569, 0, 0.0, 40, 
2019-12-04 15:38:17.943,349705648, 538.9503079995357, 3681841, 29.27463866940875, 199621, 0, 0.0, 40, 
2019-12-04 15:38:18.974,367411096, 538.9503079995357, 3682693, 29.27463866940875, 199664, 0, 0.0, 40, 
2019-12-04 15:38:20.008,384901544, 538.9503079995357, 3683553, 29.27463866940875, 199706, 0, 0.0, 40, 
2019-12-04 15:38:21.042,406947216, 558.0316838219644, 3684688, 30.29210238364955, 199768, 0, 0.0, 40, 
2019-12-04 15:38:22.073,145745000, 558.0316838219644, 3685790, 30.29210238364955, 199831, 0, 0.0, 40, 
2019-12-04 15:38:23.104,166941456, 558.0316838219644, 3686940, 30.29210238364955, 199888, 0, 0.0, 40, 
2019-12-04 15:38:24.132,188998760, 558.0316838219644, 3688058, 30.29210238364955, 199954, 0, 0.0, 40, 
2019-12-04 15:38:25.162,212585680, 602.9801806188269, 3689329, 32.5874591423263, 200010, 0, 0.0, 40, 
2019-12-04 15:38:26.189,235771336, 602.9801806188269, 3690617, 32.5874591423263, 200066, 0, 0.0, 40, 
2019-12-04 15:38:27.217,259217176, 602.9801806188269, 3691870, 32.5874591423263, 200136, 0, 0.0, 40, 
2019-12-04 15:38:28.244,283463120, 602.9801806188269, 3693103, 32.5874591423263, 200207, 0, 0.0, 40, 
2019-12-04 15:38:29.273,305292560, 602.9801806188269, 3694209, 32.5874591423263, 200271, 0, 0.0, 40, 
2019-12-04 15:38:30.306,328728896, 650.4274096480098, 3695468, 35.13104946873017, 200340, 0, 0.0, 40, 
2019-12-04 15:38:31.336,353292736, 650.4274096480098, 3696763, 35.13104946873017, 200417, 0, 0.0, 40, 
2019-12-04 15:38:32.366,377000920, 650.4274096480098, 3697987, 35.13104946873017, 200481, 0, 0.0, 40, 
2019-12-04 15:38:33.392,399032472, 650.4274096480098, 3699261, 35.13104946873017, 200530, 0, 0.0, 40, 
2019-12-04 15:38:34.418,137300392, 650.4274096480098, 3700452, 35.13104946873017, 200595, 0, 0.0, 40, 
2019-12-04 15:38:35.444,161631408, 695.5041771255459, 3701733, 37.16743431723465, 200655, 0, 0.0, 40, 
2019-12-04 15:38:36.471,185542704, 695.5041771255459, 3703029, 37.16743431723465, 200708, 0, 0.0, 40, 
2019-12-04 15:38:37.495,208778888, 695.5041771255459, 3704235, 37.16743431723465, 200780, 0, 0.0, 40, 
2019-12-04 15:38:38.523,233760656, 695.5041771255459, 3705512, 37.16743431723465, 200854, 0, 0.0, 40, 
2019-12-04 15:38:39.545,258344032, 695.5041771255459, 3706919, 37.16743431723465, 200920, 0, 0.0, 40, 
2019-12-04 15:38:40.571,283121616, 740.9745845413315, 3708228, 39.36082116461969, 200994, 0, 0.0, 40, 
2019-12-04 15:38:41.593,307859840, 740.9745845413315, 3709654, 39.36082116461969, 201055, 0, 0.0, 40, 
2019-12-04 15:38:42.619,334193256, 740.9745845413315, 3711054, 39.36082116461969, 201121, 0, 0.0, 40, 
2019-12-04 15:38:43.642,360790080, 740.9745845413315, 3712487, 39.36082116461969, 201198, 0, 0.0, 40, 
2019-12-04 15:38:44.664,385227152, 740.9745845413315, 3713937, 39.36082116461969, 201282, 0, 0.0, 40, 
2019-12-04 15:38:45.689,413351152, 792.3400846913296, 3715382, 41.954514697346596, 201365, 0, 0.0, 40, 
2019-12-04 15:38:46.711,156745640, 792.3400846913296, 3716789, 41.954514697346596, 201444, 0, 0.0, 40, 
2019-12-04 15:38:47.734,184029672, 792.3400846913296, 3718278, 41.954514697346596, 201506, 0, 0.0, 40, 
2019-12-04 15:38:48.762,211314816, 792.3400846913296, 3719769, 41.954514697346596, 201585, 0, 0.0, 40, 
2019-12-04 15:38:49.788,235413456, 792.3400846913296, 3721141, 41.954514697346596, 201644, 0, 0.0, 40, 
2019-12-04 15:38:50.811,260026640, 840.9578711602785, 3722435, 44.34082794539217, 201734, 0, 0.0, 40, 
2019-12-04 15:38:51.834,283086536, 840.9578711602785, 3723680, 44.34082794539217, 201800, 0, 0.0, 40, 
2019-12-04 15:38:52.855,307032016, 840.9578711602785, 3724926, 44.34082794539217, 201860, 0, 0.0, 40, 
2019-12-04 15:38:53.883,331646752, 840.9578711602785, 3726228, 44.34082794539217, 201928, 0, 0.0, 40, 
2019-12-04 15:38:54.91,355395416, 840.9578711602785, 3727522, 44.34082794539217, 201971, 0, 0.0, 40, 
2019-12-04 15:38:55.933,378218800, 873.1353671494797, 3728830, 45.78475961832811, 202037, 0, 0.0, 40, 
2019-12-04 15:38:56.958,402036824, 873.1353671494797, 3730035, 45.78475961832811, 202111, 0, 0.0, 40, 
2019-12-04 15:38:57.982,143164816, 873.1353671494797, 3731319, 45.78475961832811, 202183, 0, 0.0, 40, 
2019-12-04 15:38:59.004,168450616, 873.1353671494797, 3732655, 45.78475961832811, 202257, 0, 0.0, 40, 
2019-12-04 15:39:00.029,193349088, 873.1353671494797, 3733957, 45.78475961832811, 202347, 0, 0.0, 40, 
2019-12-04 15:39:01.052,218186904, 903.7315418696982, 3735252, 48.04072567941905, 202429, 0, 0.0, 40, 
2019-12-04 15:39:02.089,241964616, 903.7315418696982, 3736577, 48.04072567941905, 202510, 0, 0.0, 40, 
2019-12-04 15:39:03.112,266340488, 903.7315418696982, 3737872, 48.04072567941905, 202578, 0, 0.0, 40, 
2019-12-04 15:39:04.136,288994568, 903.7315418696982, 3739123, 48.04072567941905, 202649, 0, 0.0, 40, 
2019-12-04 15:39:05.17,313502288, 932.5210262130234, 3740440, 49.73252784373982, 202708, 0, 0.0, 40, 
2019-12-04 15:39:06.205,338263416, 932.5210262130234, 3741867, 49.73252784373982, 202777, 0, 0.0, 40, 
2019-12-04 15:39:07.231,363461680, 932.5210262130234, 3743226, 49.73252784373982, 202844, 0, 0.0, 40, 
2019-12-04 15:39:08.253,388856784, 932.5210262130234, 3744548, 49.73252784373982, 202910, 0, 0.0, 40, 
2019-12-04 15:39:09.29,413628096, 932.5210262130234, 3745876, 49.73252784373982, 202978, 0, 0.0, 40, 
2019-12-04 15:39:10.321,152692840, 962.6705962931352, 3747201, 51.27306985860682, 203062, 0, 0.0, 40, 
2019-12-04 15:39:11.356,176624120, 962.6705962931352, 3748504, 51.27306985860682, 203130, 0, 0.0, 40, 
2019-12-04 15:39:12.383,201671512, 962.6705962931352, 3749860, 51.27306985860682, 203196, 0, 0.0, 40, 
2019-12-04 15:39:13.422,225686456, 962.6705962931352, 3751153, 51.27306985860682, 203270, 0, 0.0, 40, 
2019-12-04 15:39:14.45,251327440, 962.6705962931352, 3752531, 51.27306985860682, 203344, 0, 0.0, 40, 
2019-12-04 15:39:15.477,275795776, 989.546019526814, 3753878, 52.690436934887, 203413, 0, 0.0, 40, 
2019-12-04 15:39:16.5,302221016, 989.546019526814, 3755200, 52.690436934887, 203480, 0, 0.0, 40, 
2019-12-04 15:39:17.534,326200104, 989.546019526814, 3756536, 52.690436934887, 203536, 0, 0.0, 40, 
2019-12-04 15:39:18.558,349370544, 989.546019526814, 3757843, 52.690436934887, 203613, 0, 0.0, 40, 
2019-12-04 15:39:19.586,374463984, 989.546019526814, 3759157, 52.690436934887, 203682, 0, 0.0, 40, 
2019-12-04 15:39:20.615,399380552, 1013.6169667637199, 3760511, 53.8185753090826, 203760, 0, 0.0, 40, 
2019-12-04 15:39:21.647,139924080, 1013.6169667637199, 3761913, 53.8185753090826, 203840, 0, 0.0, 40, 
2019-12-04 15:39:22.67,164884448, 1013.6169667637199, 3763286, 53.8185753090826, 203922, 0, 0.0, 40, 
2019-12-04 15:39:23.692,193392320, 1013.6169667637199, 3764710, 53.8185753090826, 203980, 0, 0.0, 40, 
2019-12-04 15:39:24.715,216509208, 1013.6169667637199, 3766064, 53.8185753090826, 204040, 0, 0.0, 40, 
2019-12-04 15:39:25.744,242923136, 1040.6246069144095, 3767498, 55.09637947530228, 204121, 0, 0.0, 40, 
2019-12-04 15:39:26.769,267511392, 1040.6246069144095, 3768881, 55.09637947530228, 204195, 0, 0.0, 40, 
2019-12-04 15:39:27.795,295271696, 1040.6246069144095, 3770307, 55.09637947530228, 204264, 0, 0.0, 40, 
2019-12-04 15:39:28.817,319486720, 1040.6246069144095, 3771704, 55.09637947530228, 204335, 0, 0.0, 40, 
2019-12-04 15:39:29.854,344431584, 1040.6246069144095, 3773067, 55.09637947530228, 204400, 0, 0.0, 40, 
2019-12-04 15:39:30.876,369137208, 1065.4248620361475, 3774350, 56.28800717849692, 204467, 0, 0.0, 40, 
2019-12-04 15:39:31.902,391673584, 1065.4248620361475, 3775593, 56.28800717849692, 204536, 0, 0.0, 40, 
2019-12-04 15:39:32.927,134989792, 1065.4248620361475, 3776850, 56.28800717849692, 204610, 0, 0.0, 40, 
2019-12-04 15:39:33.955,158442616, 1065.4248620361475, 3778093, 56.28800717849692, 204687, 0, 0.0, 40, 
2019-12-04 15:39:34.978,182308624, 1065.4248620361475, 3779404, 56.28800717849692, 204752, 0, 0.0, 40, 
2019-12-04 15:39:36.001,208365216, 1079.7029417246968, 3780823, 57.1924641862491, 204806, 0, 0.0, 40, 
2019-12-04 15:39:37.031,232843688, 1079.7029417246968, 3782168, 57.1924641862491, 204870, 0, 0.0, 40, 
2019-12-04 15:39:38.061,258407136, 1079.7029417246968, 3783589, 57.1924641862491, 204941, 0, 0.0, 40, 
2019-12-04 15:39:39.088,283771848, 1079.7029417246968, 3784926, 57.1924641862491, 205022, 0, 0.0, 40, 
2019-12-04 15:39:40.11,308502800, 1079.7029417246968, 3786311, 57.1924641862491, 205089, 0, 0.0, 40, 
2019-12-04 15:39:41.133,333951440, 1100.5791098576603, 3787674, 57.84870251668834, 205146, 0, 0.0, 40, 
2019-12-04 15:39:42.158,357499336, 1100.5791098576603, 3789009, 57.84870251668834, 205218, 0, 0.0, 40, 
2019-12-04 15:39:43.182,381990312, 1100.5791098576603, 3790309, 57.84870251668834, 205286, 0, 0.0, 40, 
2019-12-04 15:39:44.207,407740616, 1100.5791098576603, 3791682, 57.84870251668834, 205349, 0, 0.0, 40, 
2019-12-04 15:39:45.229,147507880, 1118.0750622203236, 3793062, 58.62837321509013, 205440, 0, 0.0, 40, 
2019-12-04 15:39:46.251,174632544, 1118.0750622203236, 3794487, 58.62837321509013, 205518, 0, 0.0, 40, 
2019-12-04 15:39:47.274,200287216, 1118.0750622203236, 3795852, 58.62837321509013, 205589, 0, 0.0, 40, 
2019-12-04 15:39:48.299,223663776, 1118.0750622203236, 3797217, 58.62837321509013, 205663, 0, 0.0, 40, 
2019-12-04 15:39:49.323,250121472, 1118.0750622203236, 3798587, 58.62837321509013, 205731, 0, 0.0, 40, 
2019-12-04 15:39:50.345,274481584, 1136.4908274459624, 3799971, 59.873411749851314, 205817, 0, 0.0, 40, 
2019-12-04 15:39:51.371,300731176, 1136.4908274459624, 3801403, 59.873411749851314, 205889, 0, 0.0, 40, 
2019-12-04 15:39:52.392,326532160, 1136.4908274459624, 3802756, 59.873411749851314, 205964, 0, 0.0, 40, 
2019-12-04 15:39:53.414,352159472, 1136.4908274459624, 3804129, 59.873411749851314, 206031, 0, 0.0, 40, 
2019-12-04 15:39:54.442,378398256, 1136.4908274459624, 3805561, 59.873411749851314, 206112, 0, 0.0, 40, 
2019-12-04 15:39:55.467,403637496, 1154.8893410366825, 3806972, 60.82700909486699, 206184, 0, 0.0, 40, 
2019-12-04 15:39:56.499,146712000, 1154.8893410366825, 3808478, 60.82700909486699, 206261, 0, 0.0, 40, 
2019-12-04 15:39:57.527,172667632, 1154.8893410366825, 3809935, 60.82700909486699, 206322, 0, 0.0, 40, 
2019-12-04 15:39:58.551,198744472, 1154.8893410366825, 3811348, 60.82700909486699, 206397, 0, 0.0, 40, 
2019-12-04 15:39:59.573,223780496, 1154.8893410366825, 3812757, 60.82700909486699, 206471, 0, 0.0, 40, 
2019-12-04 15:40:00.595,249397592, 1174.6312273083538, 3814151, 61.416520898619574, 206530, 0, 0.0, 40, 
2019-12-04 15:40:01.62,274693384, 1174.6312273083538, 3815476, 61.416520898619574, 206598, 0, 0.0, 40, 
2019-12-04 15:40:02.644,299788944, 1174.6312273083538, 3816940, 61.416520898619574, 206653, 0, 0.0, 40, 
2019-12-04 15:40:03.665,323908136, 1174.6312273083538, 3818287, 61.416520898619574, 206714, 0, 0.0, 40, 
2019-12-04 15:40:04.687,349837800, 1174.6312273083538, 3819690, 61.416520898619574, 206782, 0, 0.0, 40, 
2019-12-04 15:40:05.712,374138456, 1188.5090201309843, 3820973, 61.543128897092686, 206852, 0, 0.0, 40, 
2019-12-04 15:40:06.734,398298568, 1188.5090201309843, 3822309, 61.543128897092686, 206941, 0, 0.0, 40, 
2019-12-04 15:40:07.757,139556072, 1188.5090201309843, 3823624, 61.543128897092686, 206997, 0, 0.0, 40, 
2019-12-04 15:40:08.782,164876464, 1188.5090201309843, 3825035, 61.543128897092686, 207069, 0, 0.0, 40, 
2019-12-04 15:40:09.804,189622408, 1188.5090201309843, 3826383, 61.543128897092686, 207133, 0, 0.0, 40, 
2019-12-04 15:40:10.827,216135960, 1198.4947515339288, 3827849, 62.04340068871451, 207202, 0, 0.0, 40, 
2019-12-04 15:40:11.848,242295336, 1198.4947515339288, 3829295, 62.04340068871451, 207276, 0, 0.0, 40, 
2019-12-04 15:40:12.876,268434288, 1198.4947515339288, 3830698, 62.04340068871451, 207348, 0, 0.0, 40, 
2019-12-04 15:40:13.898,291892616, 1198.4947515339288, 3831993, 62.04340068871451, 207406, 0, 0.0, 40, 
2019-12-04 15:40:14.928,316140240, 1198.4947515339288, 3833363, 62.04340068871451, 207476, 0, 0.0, 40, 
2019-12-04 15:40:15.954,343078248, 1212.207554069177, 3834768, 62.55164630761519, 207555, 0, 0.0, 40, 
2019-12-04 15:40:16.977,368604544, 1212.207554069177, 3836129, 62.55164630761519, 207620, 0, 0.0, 40, 
2019-12-04 15:40:18.004,393065416, 1212.207554069177, 3837516, 62.55164630761519, 207682, 0, 0.0, 40, 
2019-12-04 15:40:19.028,135370680, 1212.207554069177, 3838919, 62.55164630761519, 207745, 0, 0.0, 40, 
2019-12-04 15:40:20.05,161681736, 1212.207554069177, 3840280, 62.55164630761519, 207827, 0, 0.0, 40, 
2019-12-04 15:40:21.076,186778464, 1222.5851850602678, 3841657, 62.9392992651739, 207900, 0, 0.0, 40, 
2019-12-04 15:40:22.096,213446256, 1222.5851850602678, 3843136, 62.9392992651739, 207976, 0, 0.0, 40, 
2019-12-04 15:40:23.128,238554928, 1222.5851850602678, 3844545, 62.9392992651739, 208059, 0, 0.0, 40, 
2019-12-04 15:40:24.151,266046680, 1222.5851850602678, 3845991, 62.9392992651739, 208130, 0, 0.0, 40, 
2019-12-04 15:40:25.173,290757008, 1235.8909790031269, 3847372, 63.83965518411094, 208204, 0, 0.0, 40, 
2019-12-04 15:40:26.193,315855576, 1235.8909790031269, 3848756, 63.83965518411094, 208294, 0, 0.0, 40, 
2019-12-04 15:40:27.22,341866552, 1235.8909790031269, 3850170, 63.83965518411094, 208373, 0, 0.0, 40, 
2019-12-04 15:40:28.241,366000776, 1235.8909790031269, 3851447, 63.83965518411094, 208432, 0, 0.0, 40, 
2019-12-04 15:40:29.266,390733688, 1235.8909790031269, 3852799, 63.83965518411094, 208498, 0, 0.0, 40, 
2019-12-04 15:40:30.369,415647056, 1243.4315119826674, 3854185, 64.36419139409884, 208565, 0, 0.0, 40, 
2019-12-04 15:40:31.394,159851184, 1243.4315119826674, 3855687, 64.36419139409884, 208643, 0, 0.0, 40, 
2019-12-04 15:40:32.416,185925384, 1243.4315119826674, 3857079, 64.36419139409884, 208714, 0, 0.0, 40, 
2019-12-04 15:40:33.436,211568856, 1243.4315119826674, 3858489, 64.36419139409884, 208784, 0, 0.0, 40, 
2019-12-04 15:40:34.458,237864624, 1243.4315119826674, 3859895, 64.36419139409884, 208856, 0, 0.0, 40, 
2019-12-04 15:40:35.48,262494168, 1252.9117248486093, 3861204, 64.95872582388797, 208942, 0, 0.0, 40, 
2019-12-04 15:40:36.506,289200096, 1252.9117248486093, 3862737, 64.95872582388797, 209025, 0, 0.0, 40, 
2019-12-04 15:40:37.527,317112000, 1252.9117248486093, 3864212, 64.95872582388797, 209104, 0, 0.0, 40, 
2019-12-04 15:40:38.548,343415552, 1252.9117248486093, 3865657, 64.95872582388797, 209181, 0, 0.0, 40, 
2019-12-04 15:40:39.57,371033720, 1252.9117248486093, 3867154, 64.95872582388797, 209275, 0, 0.0, 40, 
2019-12-04 15:40:40.591,397157712, 1267.0709215506222, 3868577, 66.01743965169264, 209332, 0, 0.0, 40, 
2019-12-04 15:40:41.614,137258176, 1267.0709215506222, 3869922, 66.01743965169264, 209392, 0, 0.0, 40, 
2019-12-04 15:40:42.639,161871560, 1267.0709215506222, 3871282, 66.01743965169264, 209457, 0, 0.0, 40, 
2019-12-04 15:40:43.662,186357600, 1267.0709215506222, 3872568, 66.01743965169264, 209545, 0, 0.0, 40, 
2019-12-04 15:40:44.684,213635968, 1267.0709215506222, 3873892, 66.01743965169264, 209613, 0, 0.0, 40, 
2019-12-04 15:40:45.706,237019456, 1270.151536571835, 3875235, 66.14397419072597, 209681, 0, 0.0, 40, 
2019-12-04 15:40:46.728,262493584, 1270.151536571835, 3876581, 66.14397419072597, 209761, 0, 0.0, 40, 
2019-12-04 15:40:47.752,287218976, 1270.151536571835, 3877927, 66.14397419072597, 209847, 0, 0.0, 40, 
2019-12-04 15:40:48.774,312038480, 1270.151536571835, 3879279, 66.14397419072597, 209910, 0, 0.0, 40, 
2019-12-04 15:40:49.797,337751160, 1270.151536571835, 3880676, 66.14397419072597, 209977, 0, 0.0, 40, 
2019-12-04 15:40:50.819,361764720, 1274.7768443280281, 3881973, 66.67616063054881, 210055, 0, 0.0, 40, 
2019-12-04 15:40:51.841,386162184, 1274.7768443280281, 3883322, 66.67616063054881, 210143, 0, 0.0, 40, 
2019-12-04 15:40:52.865,411461536, 1274.7768443280281, 3884678, 66.67616063054881, 210210, 0, 0.0, 40, 
2019-12-04 15:40:53.891,154529928, 1274.7768443280281, 3886096, 66.67616063054881, 210281, 0, 0.0, 40, 
2019-12-04 15:40:54.913,179579088, 1274.7768443280281, 3887423, 66.67616063054881, 210355, 0, 0.0, 40, 
2019-12-04 15:40:55.936,202287824, 1278.2327770413485, 3888699, 67.16579579204927, 210417, 0, 0.0, 40, 
2019-12-04 15:40:56.958,226984832, 1278.2327770413485, 3890022, 67.16579579204927, 210476, 0, 0.0, 40, 
2019-12-04 15:40:57.99,250078888, 1278.2327770413485, 3891353, 67.16579579204927, 210549, 0, 0.0, 40, 
2019-12-04 15:40:59.013,274692784, 1278.2327770413485, 3892665, 67.16579579204927, 210624, 0, 0.0, 40, 
2019-12-04 15:41:00.05,301732112, 1278.2327770413485, 3894023, 67.16579579204927, 210708, 0, 0.0, 40, 
2019-12-04 15:41:01.076,325146904, 1278.9497566021569, 3895308, 67.28046842903706, 210776, 0, 0.0, 40, 
2019-12-04 15:41:02.098,350529936, 1278.9497566021569, 3896738, 67.28046842903706, 210831, 0, 0.0, 40, 
2019-12-04 15:41:03.121,376062088, 1278.9497566021569, 3898149, 67.28046842903706, 210905, 0, 0.0, 40, 
2019-12-04 15:41:04.148,401757816, 1278.9497566021569, 3899560, 67.28046842903706, 210979, 0, 0.0, 40, 
2019-12-04 15:41:05.17,144124328, 1283.9430023695725, 3900891, 67.13011447502232, 211045, 0, 0.0, 40, 
2019-12-04 15:41:06.192,169973008, 1283.9430023695725, 3902361, 67.13011447502232, 211124, 0, 0.0, 40, 
2019-12-04 15:41:07.216,197334432, 1283.9430023695725, 3903777, 67.13011447502232, 211201, 0, 0.0, 40, 
2019-12-04 15:41:08.238,222375928, 1283.9430023695725, 3905186, 67.13011447502232, 211270, 0, 0.0, 40, 
2019-12-04 15:41:09.26,248902504, 1283.9430023695725, 3906616, 67.13011447502232, 211343, 0, 0.0, 40, 
2019-12-04 15:41:10.292,274604256, 1292.7106918051043, 3908022, 67.55147125700836, 211420, 0, 0.0, 40, 
2019-12-04 15:41:11.318,298921344, 1292.7106918051043, 3909422, 67.55147125700836, 211494, 0, 0.0, 40, 
2019-12-04 15:41:12.343,323747888, 1292.7106918051043, 3910806, 67.55147125700836, 211556, 0, 0.0, 40, 
2019-12-04 15:41:13.365,351077760, 1292.7106918051043, 3912234, 67.55147125700836, 211631, 0, 0.0, 40, 
2019-12-04 15:41:14.387,375944176, 1292.7106918051043, 3913583, 67.55147125700836, 211702, 0, 0.0, 40, 
2019-12-04 15:41:15.41,400517504, 1297.0674163382705, 3914920, 67.77922704009946, 211775, 0, 0.0, 40, 
2019-12-04 15:41:16.431,142320712, 1297.0674163382705, 3916263, 67.77922704009946, 211838, 0, 0.0, 40, 
2019-12-04 15:41:17.455,167527832, 1297.0674163382705, 3917625, 67.77922704009946, 211892, 0, 0.0, 40, 
2019-12-04 15:41:18.479,192399376, 1297.0674163382705, 3918955, 67.77922704009946, 211964, 0, 0.0, 40, 
2019-12-04 15:41:19.501,230112408, 1297.0674163382705, 3920322, 67.77922704009946, 212029, 0, 0.0, 40, 
2019-12-04 15:41:20.526,256355616, 1299.7165514597868, 3921695, 67.49304784693375, 212106, 0, 0.0, 40, 
2019-12-04 15:41:21.55,283767992, 1299.7165514597868, 3923143, 67.49304784693375, 212181, 0, 0.0, 40, 
2019-12-04 15:41:22.572,309100936, 1299.7165514597868, 3924542, 67.49304784693375, 212254, 0, 0.0, 40, 
2019-12-04 15:41:23.594,334757808, 1299.7165514597868, 3925938, 67.49304784693375, 212323, 0, 0.0, 40, 
2019-12-04 15:41:24.617,362048424, 1299.7165514597868, 3927410, 67.49304784693375, 212397, 0, 0.0, 40, 
2019-12-04 15:41:25.639,389022360, 1307.3349953639565, 3928903, 67.82142161042152, 212476, 0, 0.0, 40, 
2019-12-04 15:41:26.662,415028952, 1307.3349953639565, 3930317, 67.82142161042152, 212554, 0, 0.0, 40, 
2019-12-04 15:41:27.684,156364696, 1307.3349953639565, 3931652, 67.82142161042152, 212623, 0, 0.0, 40, 
2019-12-04 15:41:28.707,181038120, 1307.3349953639565, 3933012, 67.82142161042152, 212694, 0, 0.0, 40, 
2019-12-04 15:41:29.729,207556112, 1307.3349953639565, 3934416, 67.82142161042152, 212772, 0, 0.0, 40, 
2019-12-04 15:41:30.751,232377928, 1311.4179277015876, 3935793, 68.29944234524476, 212850, 0, 0.0, 40, 
2019-12-04 15:41:31.774,258733680, 1311.4179277015876, 3937241, 68.29944234524476, 212930, 0, 0.0, 40, 
2019-12-04 15:41:32.805,284212144, 1311.4179277015876, 3938679, 68.29944234524476, 213002, 0, 0.0, 40, 
2019-12-04 15:41:33.834,311213640, 1311.4179277015876, 3940150, 68.29944234524476, 213078, 0, 0.0, 40, 
2019-12-04 15:41:34.855,336796752, 1311.4179277015876, 3941562, 68.29944234524476, 213147, 0, 0.0, 40, 
2019-12-04 15:41:35.877,364323488, 1318.1007812187015, 3942969, 68.62730483287692, 213226, 0, 0.0, 40, 
2019-12-04 15:41:36.903,390153328, 1318.1007812187015, 3944359, 68.62730483287692, 213311, 0, 0.0, 40, 
2019-12-04 15:41:37.925,411835808, 1318.1007812187015, 3945576, 68.62730483287692, 213382, 0, 0.0, 40, 
2019-12-04 15:41:38.946,153831360, 1318.1007812187015, 3946980, 68.62730483287692, 213455, 0, 0.0, 40, 
2019-12-04 15:41:39.967,180971184, 1318.1007812187015, 3948413, 68.62730483287692, 213523, 0, 0.0, 40, 
2019-12-04 15:41:40.993,207347704, 1320.3954440560412, 3949912, 68.97692623461177, 213593, 0, 0.0, 40, 
2019-12-04 15:41:42.014,234059536, 1320.3954440560412, 3951314, 68.97692623461177, 213655, 0, 0.0, 40, 
2019-12-04 15:41:43.035,260526240, 1320.3954440560412, 3952798, 68.97692623461177, 213740, 0, 0.0, 40, 
2019-12-04 15:41:44.055,288524720, 1320.3954440560412, 3954302, 68.97692623461177, 213816, 0, 0.0, 40, 
2019-12-04 15:41:45.086,314626472, 1320.3954440560412, 3955775, 68.97692623461177, 213896, 0, 0.0, 40, 
2019-12-04 15:41:46.113,343377136, 1329.3348427736491, 3957292, 69.49048685740242, 213975, 0, 0.0, 40, 
2019-12-04 15:41:47.135,369215752, 1329.3348427736491, 3958787, 69.49048685740242, 214057, 0, 0.0, 40, 
2019-12-04 15:41:48.157,396219496, 1329.3348427736491, 3960214, 69.49048685740242, 214140, 0, 0.0, 40, 
2019-12-04 15:41:49.179,138080336, 1329.3348427736491, 3961658, 69.49048685740242, 214217, 0, 0.0, 40, 
2019-12-04 15:41:50.209,166640048, 1337.351602111965, 3963090, 69.78708315215903, 214275, 0, 0.0, 40, 
2019-12-04 15:41:51.23,190502928, 1337.351602111965, 3964429, 69.78708315215903, 214363, 0, 0.0, 40, 
2019-12-04 15:41:52.251,217937528, 1337.351602111965, 3965919, 69.78708315215903, 214444, 0, 0.0, 40, 
2019-12-04 15:41:53.272,241746936, 1337.351602111965, 3967220, 69.78708315215903, 214518, 0, 0.0, 40, 
2019-12-04 15:41:54.293,269065504, 1337.351602111965, 3968640, 69.78708315215903, 214592, 0, 0.0, 40, 
2019-12-04 15:41:55.316,294193336, 1339.7861215887021, 3970077, 70.49172507755125, 214676, 0, 0.0, 40, 
2019-12-04 15:41:56.342,320393808, 1339.7861215887021, 3971570, 70.49172507755125, 214749, 0, 0.0, 40, 
2019-12-04 15:41:57.365,348317544, 1339.7861215887021, 3972950, 70.49172507755125, 214831, 0, 0.0, 40, 
2019-12-04 15:41:58.385,373428288, 1339.7861215887021, 3974404, 70.49172507755125, 214919, 0, 0.0, 40, 
2019-12-04 15:41:59.407,401077648, 1339.7861215887021, 3975899, 70.49172507755125, 215010, 0, 0.0, 40, 
2019-12-04 15:42:00.428,142700424, 1345.8318734992247, 3977296, 71.20399141361857, 215084, 0, 0.0, 40, 
2019-12-04 15:42:01.454,169017264, 1345.8318734992247, 3978730, 71.20399141361857, 215150, 0, 0.0, 40, 
2019-12-04 15:42:02.475,196306600, 1345.8318734992247, 3980224, 71.20399141361857, 215212, 0, 0.0, 40, 
2019-12-04 15:42:03.496,221638832, 1345.8318734992247, 3981637, 71.20399141361857, 215299, 0, 0.0, 40, 
2019-12-04 15:42:04.517,249254024, 1345.8318734992247, 3983117, 71.20399141361857, 215373, 0, 0.0, 40, 
2019-12-04 15:42:05.551,275540648, 1350.850535796215, 3984501, 71.20367227780623, 215454, 0, 0.0, 40, 
2019-12-04 15:42:06.578,300198576, 1350.850535796215, 3985858, 71.20367227780623, 215523, 0, 0.0, 40, 
2019-12-04 15:42:07.599,326485408, 1350.850535796215, 3987298, 71.20367227780623, 215585, 0, 0.0, 40, 
2019-12-04 15:42:08.62,350539144, 1350.850535796215, 3988658, 71.20367227780623, 215666, 0, 0.0, 40, 
2019-12-04 15:42:09.645,375977408, 1350.850535796215, 3990043, 71.20367227780623, 215735, 0, 0.0, 40, 
2019-12-04 15:42:10.667,400109040, 1349.9989659721173, 3991351, 71.01148525379497, 215794, 0, 0.0, 40, 
2019-12-04 15:42:11.697,142545240, 1349.9989659721173, 3992792, 71.01148525379497, 215874, 0, 0.0, 40, 
2019-12-04 15:42:12.719,166901544, 1349.9989659721173, 3994090, 71.01148525379497, 215944, 0, 0.0, 40, 
2019-12-04 15:42:13.742,190489224, 1349.9989659721173, 3995359, 71.01148525379497, 216024, 0, 0.0, 40, 
2019-12-04 15:42:14.771,206962048, 1349.9989659721173, 3996247, 71.01148525379497, 216075, 0, 0.0, 40, 
2019-12-04 15:42:15.794,218254960, 1334.5836117889553, 3996738, 70.4348867289358, 216097, 0, 0.0, 40, 
2019-12-04 15:42:16.819,229824152, 1334.5836117889553, 3997237, 70.4348867289358, 216122, 0, 0.0, 40, 
2019-12-04 15:42:17.844,240492952, 1334.5836117889553, 3997718, 70.4348867289358, 216150, 0, 0.0, 40, 
2019-12-04 15:42:18.87,255257408, 1334.5836117889553, 3998205, 70.4348867289358, 216177, 0, 0.0, 40, 
2019-12-04 15:42:19.896,270829736, 1334.5836117889553, 3998698, 70.4348867289358, 216207, 0, 0.0, 40, 
2019-12-04 15:42:20.92,283151368, 1265.983029869922, 3999198, 66.91405158379229, 216231, 0, 0.0, 40, 
2019-12-04 15:42:21.944,297011544, 1265.983029869922, 3999658, 66.91405158379229, 216262, 0, 0.0, 40, 
2019-12-04 15:42:22.968,309047096, 1265.983029869922, 4000147, 66.91405158379229, 216293, 0, 0.0, 40, 
2019-12-04 15:42:23.992,321503720, 1265.983029869922, 4000643, 66.91405158379229, 216315, 0, 0.0, 40, 
2019-12-04 15:42:25.017,334158536, 1265.983029869922, 4001132, 66.91405158379229, 216337, 0, 0.0, 40, 
2019-12-04 15:42:26.042,346853096, 1202.771500932549, 4001626, 63.5467979370793, 216359, 0, 0.0, 40, 
2019-12-04 15:42:27.068,360305928, 1202.771500932549, 4002129, 63.5467979370793, 216380, 0, 0.0, 40, 
2019-12-04 15:42:28.092,373613136, 1202.771500932549, 4002620, 63.5467979370793, 216415, 0, 0.0, 40, 
2019-12-04 15:42:29.122,385630040, 1202.771500932549, 4003098, 63.5467979370793, 216436, 0, 0.0, 40, 
2019-12-04 15:42:30.147,399547920, 1145.4776071155427, 4003616, 60.52873061215146, 216467, 0, 0.0, 40, 
2019-12-04 15:42:31.171,412345952, 1145.4776071155427, 4004099, 60.52873061215146, 216494, 0, 0.0, 40, 
2019-12-04 15:42:32.197,143045264, 1145.4776071155427, 4004604, 60.52873061215146, 216516, 0, 0.0, 40, 
2019-12-04 15:42:33.225,156624248, 1145.4776071155427, 4005100, 60.52873061215146, 216537, 0, 0.0, 40, 
2019-12-04 15:42:34.249,169611904, 1145.4776071155427, 4005606, 60.52873061215146, 216559, 0, 0.0, 40, 
2019-12-04 15:42:35.278,182940800, 1092.4928311265803, 4006087, 57.560081221986735, 216592, 0, 0.0, 40, 
2019-12-04 15:42:36.303,194778168, 1092.4928311265803, 4006579, 57.560081221986735, 216608, 0, 0.0, 40, 
2019-12-04 15:42:37.33,208378456, 1092.4928311265803, 4007067, 57.560081221986735, 216629, 0, 0.0, 40, 
2019-12-04 15:42:38.369,220075368, 1092.4928311265803, 4007560, 57.560081221986735, 216657, 0, 0.0, 40, 
2019-12-04 15:42:39.399,234484768, 1092.4928311265803, 4008035, 57.560081221986735, 216695, 0, 0.0, 40, 
2019-12-04 15:42:40.425,247698048, 1043.232768171177, 4008562, 55.05266757061082, 216727, 0, 0.0, 40, 
2019-12-04 15:42:41.451,261699968, 1043.232768171177, 4009048, 55.05266757061082, 216755, 0, 0.0, 40, 
2019-12-04 15:42:42.493,274425712, 1043.232768171177, 4009573, 55.05266757061082, 216781, 0, 0.0, 40, 
2019-12-04 15:42:43.518,286977776, 1043.232768171177, 4010055, 55.05266757061082, 216805, 0, 0.0, 40, 
2019-12-04 15:42:44.543,300526208, 1043.232768171177, 4010542, 55.05266757061082, 216834, 0, 0.0, 40, 
2019-12-04 15:42:45.567,313623784, 998.3750647799194, 4011030, 52.77771787964536, 216859, 0, 0.0, 40, 
2019-12-04 15:42:46.592,325883536, 998.3750647799194, 4011497, 52.77771787964536, 216875, 0, 0.0, 40, 
2019-12-04 15:42:47.616,339511944, 998.3750647799194, 4011971, 52.77771787964536, 216911, 0, 0.0, 40, 
2019-12-04 15:42:48.642,351851848, 998.3750647799194, 4012465, 52.77771787964536, 216936, 0, 0.0, 40, 
2019-12-04 15:42:49.667,364808176, 998.3750647799194, 4012930, 52.77771787964536, 216957, 0, 0.0, 40, 
2019-12-04 15:42:50.694,379540336, 956.0005982435786, 4013464, 50.39682301557545, 216986, 0, 0.0, 40, 
2019-12-04 15:42:51.719,391476008, 956.0005982435786, 4013955, 50.39682301557545, 217020, 0, 0.0, 40, 
2019-12-04 15:42:52.743,405522312, 956.0005982435786, 4014465, 50.39682301557545, 217044, 0, 0.0, 40, 
2019-12-04 15:42:53.777,132656736, 956.0005982435786, 4014972, 50.39682301557545, 217069, 0, 0.0, 40, 
2019-12-04 15:42:54.803,149586560, 956.0005982435786, 4015487, 50.39682301557545, 217090, 0, 0.0, 40, 
2019-12-04 15:42:55.828,162577312, 919.3169278425967, 4015990, 48.526116335550995, 217117, 0, 0.0, 40, 
2019-12-04 15:42:56.85,175106328, 919.3169278425967, 4016466, 48.526116335550995, 217141, 0, 0.0, 40, 
2019-12-04 15:42:57.874,188643552, 919.3169278425967, 4016951, 48.526116335550995, 217154, 0, 0.0, 40, 
2019-12-04 15:42:58.898,200559688, 919.3169278425967, 4017431, 48.526116335550995, 217175, 0, 0.0, 40, 
2019-12-04 15:42:59.922,214024872, 919.3169278425967, 4017916, 48.526116335550995, 217203, 0, 0.0, 40, 
2019-12-04 15:43:00.948,226634072, 883.775316669767, 4018402, 46.48516076170202, 217234, 0, 0.0, 40, 
2019-12-04 15:43:01.972,239912840, 883.775316669767, 4018869, 46.48516076170202, 217258, 0, 0.0, 40, 
2019-12-04 15:43:02.996,253300600, 883.775316669767, 4019385, 46.48516076170202, 217281, 0, 0.0, 40, 
2019-12-04 15:43:04.02,265802960, 883.775316669767, 4019837, 46.48516076170202, 217304, 0, 0.0, 40, 
2019-12-04 15:43:05.047,279435928, 883.775316669767, 4020333, 46.48516076170202, 217325, 0, 0.0, 40, 
2019-12-04 15:43:06.072,293179960, 850.7236512476469, 4020844, 44.63937321962396, 217357, 0, 0.0, 40, 
2019-12-04 15:43:07.096,305294352, 850.7236512476469, 4021316, 44.63937321962396, 217387, 0, 0.0, 40, 
2019-12-04 15:43:08.122,317942480, 850.7236512476469, 4021768, 44.63937321962396, 217412, 0, 0.0, 40, 
2019-12-04 15:43:09.146,331635200, 850.7236512476469, 4022291, 44.63937321962396, 217441, 0, 0.0, 40, 
2019-12-04 15:43:10.172,344683992, 821.0662335843125, 4022796, 43.0531045204616, 217455, 0, 0.0, 40, 
2019-12-04 15:43:11.205,357824056, 821.0662335843125, 4023293, 43.0531045204616, 217486, 0, 0.0, 40, 
2019-12-04 15:43:12.229,373029936, 821.0662335843125, 4023798, 43.0531045204616, 217506, 0, 0.0, 40, 
2019-12-04 15:43:13.254,385550224, 821.0662335843125, 4024286, 43.0531045204616, 217540, 0, 0.0, 40, 
2019-12-04 15:43:14.278,399458032, 821.0662335843125, 4024751, 43.0531045204616, 217562, 0, 0.0, 40, 
2019-12-04 15:43:15.302,412291592, 793.940003281574, 4025274, 41.705604683214894, 217588, 0, 0.0, 40, 
2019-12-04 15:43:16.331,143351816, 793.940003281574, 4025738, 41.705604683214894, 217617, 0, 0.0, 40, 
2019-12-04 15:43:17.354,155067608, 793.940003281574, 4026245, 41.705604683214894, 217649, 0, 0.0, 40, 
2019-12-04 15:43:18.378,169167344, 793.940003281574, 4026760, 41.705604683214894, 217670, 0, 0.0, 40, 
2019-12-04 15:43:19.404,181923392, 793.940003281574, 4027246, 41.705604683214894, 217692, 0, 0.0, 40, 
2019-12-04 15:43:20.428,195981400, 769.0626221869616, 4027728, 40.41787163301973, 217716, 0, 0.0, 40, 
2019-12-04 15:43:21.452,208500208, 769.0626221869616, 4028226, 40.41787163301973, 217735, 0, 0.0, 40, 
2019-12-04 15:43:22.485,221666360, 769.0626221869616, 4028711, 40.41787163301973, 217770, 0, 0.0, 40, 
2019-12-04 15:43:23.51,235172232, 769.0626221869616, 4029199, 40.41787163301973, 217786, 0, 0.0, 40, 
2019-12-04 15:43:24.534,247035840, 769.0626221869616, 4029684, 40.41787163301973, 217813, 0, 0.0, 40, 
2019-12-04 15:43:25.559,261368320, 745.6146375626635, 4030181, 39.0092243936162, 217844, 0, 0.0, 40, 
2019-12-04 15:43:26.583,274153808, 745.6146375626635, 4030666, 39.0092243936162, 217875, 0, 0.0, 40, 
2019-12-04 15:43:27.608,286172336, 745.6146375626635, 4031153, 39.0092243936162, 217900, 0, 0.0, 40, 
2019-12-04 15:43:28.633,300482104, 745.6146375626635, 4031618, 39.0092243936162, 217927, 0, 0.0, 40, 
2019-12-04 15:43:29.658,313131344, 745.6146375626635, 4032112, 39.0092243936162, 217957, 0, 0.0, 40, 
2019-12-04 15:43:30.684,327607176, 724.1054147430604, 4032634, 38.144966529821616, 217983, 0, 0.0, 40, 
2019-12-04 15:43:31.709,339619240, 724.1054147430604, 4033077, 38.144966529821616, 218008, 0, 0.0, 40, 
2019-12-04 15:43:32.733,351860416, 724.1054147430604, 4033573, 38.144966529821616, 218033, 0, 0.0, 40, 
2019-12-04 15:43:33.757,364500488, 724.1054147430604, 4034053, 38.144966529821616, 218049, 0, 0.0, 40, 
2019-12-04 15:43:34.782,378196152, 724.1054147430604, 4034547, 38.144966529821616, 218071, 0, 0.0, 40, 
2019-12-04 15:43:35.806,390590408, 703.8042586784945, 4034997, 36.870077397213876, 218099, 0, 0.0, 40, 
2019-12-04 15:43:36.83,402400208, 703.8042586784945, 4035477, 36.870077397213876, 218121, 0, 0.0, 40, 
2019-12-04 15:43:37.854,416094376, 703.8042586784945, 4035994, 36.870077397213876, 218146, 0, 0.0, 40, 
2019-12-04 15:43:38.88,147988656, 703.8042586784945, 4036515, 36.870077397213876, 218169, 0, 0.0, 40, 
2019-12-04 15:43:39.904,160531344, 703.8042586784945, 4037013, 36.870077397213876, 218195, 0, 0.0, 40, 
2019-12-04 15:43:40.927,172766040, 686.2936449771844, 4037476, 35.84104282515373, 218220, 0, 0.0, 40, 
2019-12-04 15:43:41.96,184788800, 686.2936449771844, 4037911, 35.84104282515373, 218245, 0, 0.0, 40, 
2019-12-04 15:43:42.984,197998912, 686.2936449771844, 4038424, 35.84104282515373, 218286, 0, 0.0, 40, 
2019-12-04 15:43:44.018,211379112, 686.2936449771844, 4038905, 35.84104282515373, 218310, 0, 0.0, 40, 
2019-12-04 15:43:45.043,224824384, 686.2936449771844, 4039422, 35.84104282515373, 218333, 0, 0.0, 40, 
2019-12-04 15:43:46.069,239862744, 668.6479554054453, 4039895, 35.15014318785547, 218364, 0, 0.0, 40, 
2019-12-04 15:43:47.093,252744112, 668.6479554054453, 4040406, 35.15014318785547, 218393, 0, 0.0, 40, 
2019-12-04 15:43:48.117,266400872, 668.6479554054453, 4040878, 35.15014318785547, 218413, 0, 0.0, 40, 
2019-12-04 15:43:49.139,277664968, 668.6479554054453, 4041369, 35.15014318785547, 218448, 0, 0.0, 40, 
2019-12-04 15:43:50.168,292387184, 653.3726042971319, 4041871, 34.51448483548979, 218471, 0, 0.0, 40, 
2019-12-04 15:43:51.191,305838120, 653.3726042971319, 4042370, 34.51448483548979, 218492, 0, 0.0, 40, 
2019-12-04 15:43:52.217,318752480, 653.3726042971319, 4042855, 34.51448483548979, 218518, 0, 0.0, 40, 
2019-12-04 15:43:53.239,332217872, 653.3726042971319, 4043348, 34.51448483548979, 218537, 0, 0.0, 40, 
2019-12-04 15:43:54.269,345207072, 653.3726042971319, 4043838, 34.51448483548979, 218573, 0, 0.0, 40, 
2019-12-04 15:43:55.292,357956856, 639.3505850625747, 4044314, 33.80172198219018, 218602, 0, 0.0, 40, 
2019-12-04 15:43:56.315,371634232, 639.3505850625747, 4044814, 33.80172198219018, 218625, 0, 0.0, 40, 
2019-12-04 15:43:57.338,385611176, 639.3505850625747, 4045330, 33.80172198219018, 218657, 0, 0.0, 40, 
2019-12-04 15:43:58.37,399483752, 639.3505850625747, 4045875, 33.80172198219018, 218685, 0, 0.0, 40, 
2019-12-04 15:43:59.394,412738992, 639.3505850625747, 4046366, 33.80172198219018, 218718, 0, 0.0, 40, 
2019-12-04 15:44:00.418,144391952, 627.6170561304073, 4046846, 33.32185078787211, 218742, 0, 0.0, 40, 
2019-12-04 15:44:01.447,158920832, 627.6170561304073, 4047360, 33.32185078787211, 218763, 0, 0.0, 40, 
2019-12-04 15:44:02.477,170658632, 627.6170561304073, 4047847, 33.32185078787211, 218794, 0, 0.0, 40, 
2019-12-04 15:44:03.499,184447328, 627.6170561304073, 4048354, 33.32185078787211, 218816, 0, 0.0, 40, 
2019-12-04 15:44:04.523,197097016, 627.6170561304073, 4048835, 33.32185078787211, 218833, 0, 0.0, 40, 
2019-12-04 15:44:05.546,211328680, 616.5178571480665, 4049339, 32.4485878147966, 218865, 0, 0.0, 40, 
2019-12-04 15:44:06.572,224808672, 616.5178571480665, 4049833, 32.4485878147966, 218891, 0, 0.0, 40, 
2019-12-04 15:44:07.604,236283152, 616.5178571480665, 4050320, 32.4485878147966, 218913, 0, 0.0, 40, 
2019-12-04 15:44:08.629,250531632, 616.5178571480665, 4050820, 32.4485878147966, 218932, 0, 0.0, 40, 
2019-12-04 15:44:09.654,263842776, 616.5178571480665, 4051330, 32.4485878147966, 218970, 0, 0.0, 40, 
2019-12-04 15:44:10.68,277516400, 605.7783942540578, 4051857, 31.916996084176194, 218989, 0, 0.0, 40, 
2019-12-04 15:44:11.703,290437232, 605.7783942540578, 4052341, 31.916996084176194, 219012, 0, 0.0, 40, 
2019-12-04 15:44:12.727,302945368, 605.7783942540578, 4052816, 31.916996084176194, 219036, 0, 0.0, 40, 
2019-12-04 15:44:13.752,318017512, 605.7783942540578, 4053348, 31.916996084176194, 219065, 0, 0.0, 40, 
2019-12-04 15:44:14.778,330245072, 605.7783942540578, 4053855, 31.916996084176194, 219084, 0, 0.0, 40, 
2019-12-04 15:44:15.802,344324168, 596.793113958458, 4054331, 31.204032442517853, 219107, 0, 0.0, 40, 
2019-12-04 15:44:16.834,359310168, 596.793113958458, 4054859, 31.204032442517853, 219148, 0, 0.0, 40, 
2019-12-04 15:44:17.858,372015872, 596.793113958458, 4055336, 31.204032442517853, 219171, 0, 0.0, 40, 
2019-12-04 15:44:18.888,384710392, 596.793113958458, 4055824, 31.204032442517853, 219201, 0, 0.0, 40, 
2019-12-04 15:44:19.912,398639904, 596.793113958458, 4056348, 31.204032442517853, 219230, 0, 0.0, 40, 
2019-12-04 15:44:20.947,412433624, 587.9505767939435, 4056842, 30.931861035955563, 219253, 0, 0.0, 40, 
2019-12-04 15:44:21.972,141212528, 587.9505767939435, 4057359, 30.931861035955563, 219277, 0, 0.0, 40, 
2019-12-04 15:44:23.002,154774416, 587.9505767939435, 4057847, 30.931861035955563, 219306, 0, 0.0, 40, 
2019-12-04 15:44:24.032,168768512, 587.9505767939435, 4058379, 30.931861035955563, 219328, 0, 0.0, 40, 
2019-12-04 15:44:25.062,182615472, 587.9505767939435, 4058890, 30.931861035955563, 219352, 0, 0.0, 40, 
2019-12-04 15:44:26.087,195350304, 580.4227123133969, 4059355, 30.425593380339958, 219384, 0, 0.0, 40, 
2019-12-04 15:44:27.184,208727984, 580.4227123133969, 4059887, 30.425593380339958, 219406, 0, 0.0, 40, 
2019-12-04 15:44:28.221,223068744, 580.4227123133969, 4060425, 30.425593380339958, 219434, 0, 0.0, 40, 
2019-12-04 15:44:29.246,237733008, 580.4227123133969, 4060906, 30.425593380339958, 219461, 0, 0.0, 40, 
2019-12-04 15:44:30.27,250059352, 572.8091246097957, 4061415, 29.959804651483335, 219486, 0, 0.0, 40, 
2019-12-04 15:44:31.305,264579272, 572.8091246097957, 4061938, 29.959804651483335, 219510, 0, 0.0, 40, 
2019-12-04 15:44:32.336,277548240, 572.8091246097957, 4062456, 29.959804651483335, 219537, 0, 0.0, 40, 
2019-12-04 15:44:33.36,292356944, 572.8091246097957, 4062982, 29.959804651483335, 219557, 0, 0.0, 40, 
2019-12-04 15:44:34.389,304860728, 572.8091246097957, 4063490, 29.959804651483335, 219583, 0, 0.0, 40, 
2019-12-04 15:44:35.419,319054416, 566.4919038019948, 4063976, 29.57923168432392, 219610, 0, 0.0, 40, 
2019-12-04 15:44:36.442,330662136, 566.4919038019948, 4064463, 29.57923168432392, 219643, 0, 0.0, 40, 
2019-12-04 15:44:37.472,345428360, 566.4919038019948, 4064959, 29.57923168432392, 219671, 0, 0.0, 40, 
2019-12-04 15:44:38.497,356898608, 566.4919038019948, 4065454, 29.57923168432392, 219694, 0, 0.0, 40, 
2019-12-04 15:44:39.52,371418896, 566.4919038019948, 4065973, 29.57923168432392, 219712, 0, 0.0, 40, 
2019-12-04 15:44:40.543,385266440, 560.5518511452043, 4066486, 29.18111430030758, 219741, 0, 0.0, 40, 
2019-12-04 15:44:41.568,399035072, 560.5518511452043, 4066995, 29.18111430030758, 219763, 0, 0.0, 40, 
2019-12-04 15:44:42.59,412805816, 560.5518511452043, 4067479, 29.18111430030758, 219790, 0, 0.0, 40, 
2019-12-04 15:44:43.613,142863904, 560.5518511452043, 4067960, 29.18111430030758, 219819, 0, 0.0, 40, 
2019-12-04 15:44:44.637,155544912, 560.5518511452043, 4068459, 29.18111430030758, 219843, 0, 0.0, 40, 
2019-12-04 15:44:45.661,169716912, 554.1752452024945, 4068937, 28.84681085892478, 219868, 0, 0.0, 40, 
2019-12-04 15:44:46.685,182086640, 554.1752452024945, 4069394, 28.84681085892478, 219891, 0, 0.0, 40, 
2019-12-04 15:44:47.709,195701872, 554.1752452024945, 4069933, 28.84681085892478, 219918, 0, 0.0, 40, 
2019-12-04 15:44:48.733,209041944, 554.1752452024945, 4070414, 28.84681085892478, 219948, 0, 0.0, 40, 
2019-12-04 15:44:49.762,221525512, 554.1752452024945, 4070917, 28.84681085892478, 219966, 0, 0.0, 40, 
2019-12-04 15:44:50.785,236443600, 548.420422340131, 4071432, 28.47527237659263, 219986, 0, 0.0, 40, 
2019-12-04 15:44:51.809,249935296, 548.420422340131, 4071933, 28.47527237659263, 220017, 0, 0.0, 40, 
2019-12-04 15:44:52.833,262575104, 548.420422340131, 4072423, 28.47527237659263, 220045, 0, 0.0, 40, 
2019-12-04 15:44:53.857,275430136, 548.420422340131, 4072914, 28.47527237659263, 220072, 0, 0.0, 40, 
2019-12-04 15:44:54.881,288833224, 548.420422340131, 4073386, 28.47527237659263, 220098, 0, 0.0, 40, 
2019-12-04 15:44:55.906,300986328, 542.9018540693945, 4073850, 28.26136940769617, 220118, 0, 0.0, 40, 
2019-12-04 15:44:56.929,314481128, 542.9018540693945, 4074353, 28.26136940769617, 220149, 0, 0.0, 40, 
2019-12-04 15:44:57.953,327847728, 542.9018540693945, 4074830, 28.26136940769617, 220184, 0, 0.0, 40, 
2019-12-04 15:44:58.979,341305584, 542.9018540693945, 4075315, 28.26136940769617, 220211, 0, 0.0, 40, 
2019-12-04 15:45:00.003,354446072, 542.9018540693945, 4075805, 28.26136940769617, 220239, 0, 0.0, 40, 
2019-12-04 15:45:01.028,367499640, 537.4087571112253, 4076318, 28.208489229557564, 220268, 0, 0.0, 40, 
2019-12-04 15:45:02.052,380898496, 537.4087571112253, 4076791, 28.208489229557564, 220292, 0, 0.0, 40, 
2019-12-04 15:45:03.074,391421960, 537.4087571112253, 4077199, 28.208489229557564, 220319, 0, 0.0, 40, 
2019-12-04 15:45:04.098,404253792, 537.4087571112253, 4077684, 28.208489229557564, 220346, 0, 0.0, 40, 
2019-12-04 15:45:05.126,418483376, 531.2035035065066, 4078161, 28.208489229557564, 220374, 0, 0.0, 40, 
2019-12-04 15:45:06.152,147738032, 531.2035035065066, 4078616, 28.07988153164586, 220409, 0, 0.0, 40, 
2019-12-04 15:45:07.175,158725336, 531.2035035065066, 4079071, 28.07988153164586, 220423, 0, 0.0, 40, 
2019-12-04 15:45:08.207,172294776, 531.2035035065066, 4079536, 28.07988153164586, 220458, 0, 0.0, 40, 
2019-12-04 15:45:09.234,186876296, 531.2035035065066, 4080004, 28.07988153164586, 220480, 0, 0.0, 40, 
2019-12-04 15:45:10.257,198575320, 525.1265988934216, 4080494, 27.86561003505905, 220504, 0, 0.0, 40, 
2019-12-04 15:45:11.281,212858976, 525.1265988934216, 4081012, 27.86561003505905, 220528, 0, 0.0, 40, 
2019-12-04 15:45:12.31,226461088, 525.1265988934216, 4081538, 27.86561003505905, 220558, 0, 0.0, 40, 
2019-12-04 15:45:13.333,238734928, 525.1265988934216, 4081987, 27.86561003505905, 220577, 0, 0.0, 40, 
2019-12-04 15:45:14.358,253382896, 525.1265988934216, 4082503, 27.86561003505905, 220609, 0, 0.0, 40, 
2019-12-04 15:45:15.381,266235760, 521.8702798387413, 4082996, 27.668470741410086, 220633, 0, 0.0, 40, 
2019-12-04 15:45:16.406,280006976, 521.8702798387413, 4083499, 27.668470741410086, 220664, 0, 0.0, 40, 
2019-12-04 15:45:17.43,293136936, 521.8702798387413, 4084014, 27.668470741410086, 220692, 0, 0.0, 40, 
2019-12-04 15:45:18.454,306975688, 521.8702798387413, 4084531, 27.668470741410086, 220710, 0, 0.0, 40, 
2019-12-04 15:45:19.483,320783992, 521.8702798387413, 4085054, 27.668470741410086, 220740, 0, 0.0, 40, 
2019-12-04 15:45:20.507,334044944, 520.1376199290884, 4085536, 27.519076069532662, 220771, 0, 0.0, 40, 
2019-12-04 15:45:21.53,346269792, 520.1376199290884, 4085993, 27.519076069532662, 220798, 0, 0.0, 40, 
2019-12-04 15:45:22.554,360164232, 520.1376199290884, 4086496, 27.519076069532662, 220825, 0, 0.0, 40, 
2019-12-04 15:45:23.579,373496592, 520.1376199290884, 4086999, 27.519076069532662, 220851, 0, 0.0, 40, 
2019-12-04 15:45:24.604,385867008, 520.1376199290884, 4087502, 27.519076069532662, 220885, 0, 0.0, 40, 
2019-12-04 15:45:25.629,401485264, 516.640552924938, 4088030, 27.653475326356755, 220917, 0, 0.0, 40, 
2019-12-04 15:45:26.653,414688032, 516.640552924938, 4088524, 27.653475326356755, 220943, 0, 0.0, 40, 
2019-12-04 15:45:27.679,144119696, 516.640552924938, 4089020, 27.653475326356755, 220968, 0, 0.0, 40, 
2019-12-04 15:45:28.703,156738208, 516.640552924938, 4089481, 27.653475326356755, 220996, 0, 0.0, 40, 
2019-12-04 15:45:29.728,168391848, 516.640552924938, 4089939, 27.653475326356755, 221024, 0, 0.0, 40, 
2019-12-04 15:45:30.751,182243704, 513.5670160138521, 4090436, 27.5532529728902, 221051, 0, 0.0, 40, 
2019-12-04 15:45:31.776,198081800, 513.5670160138521, 4090940, 27.5532529728902, 221070, 0, 0.0, 40, 
2019-12-04 15:45:32.801,210268288, 513.5670160138521, 4091417, 27.5532529728902, 221102, 0, 0.0, 40, 
2019-12-04 15:45:33.835,222011608, 513.5670160138521, 4091894, 27.5532529728902, 221129, 0, 0.0, 40, 
2019-12-04 15:45:34.858,236793760, 513.5670160138521, 4092395, 27.5532529728902, 221152, 0, 0.0, 40, 
2019-12-04 15:45:35.884,249625416, 510.94711006761423, 4092884, 27.33311501976921, 221174, 0, 0.0, 40, 
2019-12-04 15:45:36.907,263153688, 510.94711006761423, 4093420, 27.33311501976921, 221197, 0, 0.0, 40, 
2019-12-04 15:45:37.932,276856424, 510.94711006761423, 4093943, 27.33311501976921, 221223, 0, 0.0, 40, 
2019-12-04 15:45:38.956,291243920, 510.94711006761423, 4094464, 27.33311501976921, 221256, 0, 0.0, 40, 
2019-12-04 15:45:39.98,304196896, 510.94711006761423, 4094984, 27.33311501976921, 221282, 0, 0.0, 40, 
2019-12-04 15:45:41.004,318958800, 510.32768534722715, 4095484, 27.16256055970058, 221301, 0, 0.0, 40, 
2019-12-04 15:45:42.028,331387480, 510.32768534722715, 4095970, 27.16256055970058, 221323, 0, 0.0, 40, 
2019-12-04 15:45:43.053,343094936, 510.32768534722715, 4096455, 27.16256055970058, 221350, 0, 0.0, 40, 
2019-12-04 15:45:44.076,357363496, 510.32768534722715, 4096933, 27.16256055970058, 221368, 0, 0.0, 40, 
2019-12-04 15:45:45.099,369926368, 510.32768534722715, 4097403, 27.16256055970058, 221396, 0, 0.0, 40, 
2019-12-04 15:45:46.123,383116352, 507.327137297683, 4097919, 26.797758359360557, 221419, 0, 0.0, 40, 
2019-12-04 15:45:47.148,399027376, 507.327137297683, 4098469, 26.797758359360557, 221446, 0, 0.0, 40, 
2019-12-04 15:45:48.17,410345632, 507.327137297683, 4098961, 26.797758359360557, 221472, 0, 0.0, 40, 
2019-12-04 15:45:49.202,144264112, 507.327137297683, 4099458, 26.797758359360557, 221501, 0, 0.0, 40, 
2019-12-04 15:45:50.225,156067264, 506.0536737117676, 4099930, 26.78194647397594, 221533, 0, 0.0, 40, 
2019-12-04 15:45:51.249,168499168, 506.0536737117676, 4100423, 26.78194647397594, 221562, 0, 0.0, 40, 
2019-12-04 15:45:52.273,182582376, 506.0536737117676, 4100925, 26.78194647397594, 221586, 0, 0.0, 40, 
2019-12-04 15:45:53.302,194335760, 506.0536737117676, 4101402, 26.78194647397594, 221606, 0, 0.0, 40, 
2019-12-04 15:45:54.325,208285400, 506.0536737117676, 4101913, 26.78194647397594, 221633, 0, 0.0, 40, 
2019-12-04 15:45:55.352,222277744, 504.2263948522728, 4102387, 26.687443251772386, 221666, 0, 0.0, 40, 
2019-12-04 15:45:56.38,236681544, 504.2263948522728, 4102895, 26.687443251772386, 221694, 0, 0.0, 40, 
2019-12-04 15:45:57.403,248870280, 504.2263948522728, 4103373, 26.687443251772386, 221713, 0, 0.0, 40, 
2019-12-04 15:45:58.426,261480440, 504.2263948522728, 4103859, 26.687443251772386, 221737, 0, 0.0, 40, 
2019-12-04 15:45:59.449,275803648, 504.2263948522728, 4104329, 26.687443251772386, 221761, 0, 0.0, 40, 
2019-12-04 15:46:00.473,287790656, 501.3298922459901, 4104806, 26.392611568055774, 221779, 0, 0.0, 40, 
2019-12-04 15:46:01.5,301110304, 501.3298922459901, 4105307, 26.392611568055774, 221808, 0, 0.0, 40, 
2019-12-04 15:46:02.523,313153952, 501.3298922459901, 4105761, 26.392611568055774, 221833, 0, 0.0, 40, 
2019-12-04 15:46:03.547,327307232, 501.3298922459901, 4106280, 26.392611568055774, 221866, 0, 0.0, 40, 
2019-12-04 15:46:04.575,341650312, 501.3298922459901, 4106778, 26.392611568055774, 221893, 0, 0.0, 40, 
2019-12-04 15:46:05.601,354475304, 499.9442705670512, 4107273, 26.377211197382707, 221919, 0, 0.0, 40, 
2019-12-04 15:46:06.625,369000528, 499.9442705670512, 4107782, 26.377211197382707, 221946, 0, 0.0, 40, 
2019-12-04 15:46:07.65,381482728, 499.9442705670512, 4108247, 26.377211197382707, 221973, 0, 0.0, 40, 
2019-12-04 15:46:08.681,395227288, 499.9442705670512, 4108748, 26.377211197382707, 222002, 0, 0.0, 40, 
2019-12-04 15:46:09.706,407541056, 499.9442705670512, 4109261, 26.377211197382707, 222028, 0, 0.0, 40, 
2019-12-04 15:46:10.729,420182928, 498.70141931470243, 4109733, 26.395024406510004, 222054, 0, 0.0, 40, 
2019-12-04 15:46:11.754,151482680, 498.70141931470243, 4110238, 26.395024406510004, 222071, 0, 0.0, 40, 
2019-12-04 15:46:12.776,163129824, 498.70141931470243, 4110713, 26.395024406510004, 222101, 0, 0.0, 40, 
2019-12-04 15:46:13.799,178308392, 498.70141931470243, 4111218, 26.395024406510004, 222140, 0, 0.0, 40, 
2019-12-04 15:46:14.823,190453152, 498.70141931470243, 4111685, 26.395024406510004, 222164, 0, 0.0, 40, 
2019-12-04 15:46:15.846,203920144, 496.8063584592795, 4112177, 26.395422233000065, 222193, 0, 0.0, 40, 
2019-12-04 15:46:16.871,218029336, 496.8063584592795, 4112684, 26.395422233000065, 222221, 0, 0.0, 40, 
2019-12-04 15:46:17.899,231079592, 496.8063584592795, 4113167, 26.395422233000065, 222252, 0, 0.0, 40, 
2019-12-04 15:46:18.924,243603208, 496.8063584592795, 4113621, 26.395422233000065, 222273, 0, 0.0, 40, 
2019-12-04 15:46:19.952,271386576, 496.8063584592795, 4114081, 26.395422233000065, 222297, 0, 0.0, 40, 
2019-12-04 15:46:20.977,284731912, 494.2632624501582, 4114589, 26.363806016891964, 222323, 0, 0.0, 40, 
2019-12-04 15:46:22.003,297195016, 494.2632624501582, 4115039, 26.363806016891964, 222341, 0, 0.0, 40, 
2019-12-04 15:46:23.028,311212800, 494.2632624501582, 4115553, 26.363806016891964, 222369, 0, 0.0, 40, 
2019-12-04 15:46:24.052,323458736, 494.2632624501582, 4116050, 26.363806016891964, 222404, 0, 0.0, 40, 
2019-12-04 15:46:25.076,337539632, 494.2632624501582, 4116559, 26.363806016891964, 222430, 0, 0.0, 40, 
2019-12-04 15:46:26.108,351115176, 493.34671059069814, 4117074, 26.350708810924125, 222449, 0, 0.0, 40, 
2019-12-04 15:46:27.132,363703360, 493.34671059069814, 4117591, 26.350708810924125, 222475, 0, 0.0, 40, 
2019-12-04 15:46:28.156,377287992, 493.34671059069814, 4118087, 26.350708810924125, 222500, 0, 0.0, 40, 
2019-12-04 15:46:29.181,388928344, 493.34671059069814, 4118516, 26.350708810924125, 222520, 0, 0.0, 40, 
2019-12-04 15:46:30.204,403500208, 491.8158241374959, 4118991, 26.098792043614136, 222548, 0, 0.0, 40, 
2019-12-04 15:46:31.228,416067496, 491.8158241374959, 4119499, 26.098792043614136, 222570, 0, 0.0, 40, 
2019-12-04 15:46:32.253,147812272, 491.8158241374959, 4119975, 26.098792043614136, 222588, 0, 0.0, 40, 
2019-12-04 15:46:33.276,160978904, 491.8158241374959, 4120499, 26.098792043614136, 222610, 0, 0.0, 40, 
2019-12-04 15:46:34.302,173083512, 491.8158241374959, 4120981, 26.098792043614136, 222643, 0, 0.0, 40, 
2019-12-04 15:46:35.335,183195936, 489.79967815797835, 4121290, 25.78706184352843, 222658, 0, 0.0, 40, 
2019-12-04 15:46:36.37,184112456, 489.79967815797835, 4121290, 25.78706184352843, 222658, 0, 0.0, 40, 
2019-12-04 15:46:37.397,185060840, 489.79967815797835, 4121290, 25.78706184352843, 222658, 0, 0.0, 40, 
