Timestamp, MemoryUsed, ReadLatency1, ReadCount, WriteLatency1, WriteCount, PendingTasks, WaitingOnCommit1, SRDelay, 
2019-12-04 15:38:16.866,315497400, 514.9435291028402, 3556381, 26.975702430618192, 192723, 0, 0.0, 40, 
2019-12-04 15:38:17.93,333341408, 514.9435291028402, 3557161, 26.975702430618192, 192773, 0, 0.0, 40, 
2019-12-04 15:38:18.964,349573896, 514.9435291028402, 3557973, 26.975702430618192, 192813, 0, 0.0, 40, 
2019-12-04 15:38:19.994,365469480, 531.7866905455436, 3558743, 28.017067766819995, 192868, 0, 0.0, 40, 
2019-12-04 15:38:21.036,386866040, 531.7866905455436, 3559867, 28.017067766819995, 192923, 0, 0.0, 40, 
2019-12-04 15:38:22.067,408159960, 531.7866905455436, 3560979, 28.017067766819995, 192975, 0, 0.0, 40, 
2019-12-04 15:38:23.098,143915840, 531.7866905455436, 3562059, 28.017067766819995, 193028, 0, 0.0, 40, 
2019-12-04 15:38:24.125,167593112, 531.7866905455436, 3563214, 28.017067766819995, 193094, 0, 0.0, 40, 
2019-12-04 15:38:25.153,189372240, 574.3241261279657, 3564416, 30.190495025615338, 193150, 0, 0.0, 40, 
2019-12-04 15:38:26.183,212956560, 574.3241261279657, 3565692, 30.190495025615338, 193203, 0, 0.0, 40, 
2019-12-04 15:38:27.21,235645464, 574.3241261279657, 3566928, 30.190495025615338, 193264, 0, 0.0, 40, 
2019-12-04 15:38:28.239,259458872, 574.3241261279657, 3568093, 30.190495025615338, 193327, 0, 0.0, 40, 
2019-12-04 15:38:29.267,280253040, 574.3241261279657, 3569198, 30.190495025615338, 193379, 0, 0.0, 40, 
2019-12-04 15:38:30.299,301670184, 621.4080413340729, 3570343, 32.17415351859898, 193442, 0, 0.0, 40, 
2019-12-04 15:38:31.33,325384064, 621.4080413340729, 3571638, 32.17415351859898, 193497, 0, 0.0, 40, 
2019-12-04 15:38:32.357,347768000, 621.4080413340729, 3572829, 32.17415351859898, 193567, 0, 0.0, 40, 
2019-12-04 15:38:33.387,371050072, 621.4080413340729, 3574072, 32.17415351859898, 193624, 0, 0.0, 40, 
2019-12-04 15:38:34.412,394154496, 621.4080413340729, 3575261, 32.17415351859898, 193697, 0, 0.0, 40, 
2019-12-04 15:38:35.439,416903120, 665.6228370944841, 3576526, 34.638852118566014, 193758, 0, 0.0, 40, 
2019-12-04 15:38:36.465,157139696, 665.6228370944841, 3577731, 34.638852118566014, 193820, 0, 0.0, 40, 
2019-12-04 15:38:37.49,178610592, 665.6228370944841, 3578860, 34.638852118566014, 193895, 0, 0.0, 40, 
2019-12-04 15:38:38.515,202027528, 665.6228370944841, 3580124, 34.638852118566014, 193954, 0, 0.0, 40, 
2019-12-04 15:38:39.54,227058488, 710.5240678853985, 3581521, 37.03441323580348, 194029, 0, 0.0, 40, 
2019-12-04 15:38:40.564,250744096, 710.5240678853985, 3582783, 37.03441323580348, 194098, 0, 0.0, 40, 
2019-12-04 15:38:41.588,276282424, 710.5240678853985, 3584158, 37.03441323580348, 194169, 0, 0.0, 40, 
2019-12-04 15:38:42.612,299680968, 710.5240678853985, 3585451, 37.03441323580348, 194233, 0, 0.0, 40, 
2019-12-04 15:38:43.637,323814576, 710.5240678853985, 3586744, 37.03441323580348, 194308, 0, 0.0, 40, 
2019-12-04 15:38:44.659,352108280, 756.8084318946177, 3588172, 39.44632038358475, 194374, 0, 0.0, 40, 
2019-12-04 15:38:45.683,378283520, 756.8084318946177, 3589605, 39.44632038358475, 194434, 0, 0.0, 40, 
2019-12-04 15:38:46.706,403389536, 756.8084318946177, 3590960, 39.44632038358475, 194508, 0, 0.0, 40, 
2019-12-04 15:38:47.729,146918904, 756.8084318946177, 3592304, 39.44632038358475, 194584, 0, 0.0, 40, 
2019-12-04 15:38:48.754,172531616, 756.8084318946177, 3593726, 39.44632038358475, 194649, 0, 0.0, 40, 
2019-12-04 15:38:49.78,196323296, 804.6531800033607, 3594999, 41.71335543472786, 194722, 0, 0.0, 40, 
2019-12-04 15:38:50.805,221612744, 804.6531800033607, 3596320, 41.71335543472786, 194802, 0, 0.0, 40, 
2019-12-04 15:38:51.828,244412088, 804.6531800033607, 3597505, 41.71335543472786, 194876, 0, 0.0, 40, 
2019-12-04 15:38:52.85,267707560, 804.6531800033607, 3598714, 41.71335543472786, 194943, 0, 0.0, 40, 
2019-12-04 15:38:53.873,290051280, 804.6531800033607, 3599913, 41.71335543472786, 195015, 0, 0.0, 40, 
2019-12-04 15:38:54.905,313265832, 835.9435440791449, 3601212, 44.10295959570954, 195086, 0, 0.0, 40, 
2019-12-04 15:38:55.927,335868800, 835.9435440791449, 3602409, 44.10295959570954, 195159, 0, 0.0, 40, 
2019-12-04 15:38:56.953,359209408, 835.9435440791449, 3603652, 44.10295959570954, 195225, 0, 0.0, 40, 
2019-12-04 15:38:57.975,381456608, 835.9435440791449, 3604891, 44.10295959570954, 195282, 0, 0.0, 40, 
2019-12-04 15:38:58.998,404955120, 835.9435440791449, 3606134, 44.10295959570954, 195349, 0, 0.0, 40, 
2019-12-04 15:39:00.022,148310032, 865.9314025593482, 3607355, 45.62987464008205, 195414, 0, 0.0, 40, 
2019-12-04 15:39:01.046,169181144, 865.9314025593482, 3608570, 45.62987464008205, 195481, 0, 0.0, 40, 
2019-12-04 15:39:02.083,192510104, 865.9314025593482, 3609797, 45.62987464008205, 195556, 0, 0.0, 40, 
2019-12-04 15:39:03.106,214623376, 865.9314025593482, 3610953, 45.62987464008205, 195619, 0, 0.0, 40, 
2019-12-04 15:39:04.13,238147128, 865.9314025593482, 3612236, 45.62987464008205, 195676, 0, 0.0, 40, 
2019-12-04 15:39:05.16,261015992, 892.6740350558248, 3613510, 47.242588820234225, 195743, 0, 0.0, 40, 
2019-12-04 15:39:06.19,285979304, 892.6740350558248, 3614843, 47.242588820234225, 195812, 0, 0.0, 40, 
2019-12-04 15:39:07.226,309822416, 892.6740350558248, 3616166, 47.242588820234225, 195891, 0, 0.0, 40, 
2019-12-04 15:39:08.248,334541432, 892.6740350558248, 3617383, 47.242588820234225, 195963, 0, 0.0, 40, 
2019-12-04 15:39:09.276,357683064, 892.6740350558248, 3618681, 47.242588820234225, 196039, 0, 0.0, 40, 
2019-12-04 15:39:10.314,382196208, 920.5566237168904, 3619961, 49.11014430385598, 196113, 0, 0.0, 40, 
2019-12-04 15:39:11.345,404283544, 920.5566237168904, 3621226, 49.11014430385598, 196170, 0, 0.0, 40, 
2019-12-04 15:39:12.377,143946720, 920.5566237168904, 3622601, 49.11014430385598, 196237, 0, 0.0, 40, 
2019-12-04 15:39:13.415,167131176, 920.5566237168904, 3623843, 49.11014430385598, 196307, 0, 0.0, 40, 
2019-12-04 15:39:14.441,191012208, 920.5566237168904, 3625183, 49.11014430385598, 196376, 0, 0.0, 40, 
2019-12-04 15:39:15.471,216364976, 948.1127866117328, 3626551, 50.28468031505194, 196447, 0, 0.0, 40, 
2019-12-04 15:39:16.494,240274952, 948.1127866117328, 3627830, 50.28468031505194, 196532, 0, 0.0, 40, 
2019-12-04 15:39:17.528,264503048, 948.1127866117328, 3629055, 50.28468031505194, 196605, 0, 0.0, 40, 
2019-12-04 15:39:18.553,287052552, 948.1127866117328, 3630314, 50.28468031505194, 196675, 0, 0.0, 40, 
2019-12-04 15:39:19.58,313122968, 973.4496892546742, 3631681, 52.37274598760432, 196765, 0, 0.0, 40, 
2019-12-04 15:39:20.606,337382768, 973.4496892546742, 3633010, 52.37274598760432, 196844, 0, 0.0, 40, 
2019-12-04 15:39:21.637,361407488, 973.4496892546742, 3634399, 52.37274598760432, 196901, 0, 0.0, 40, 
2019-12-04 15:39:22.664,386400880, 973.4496892546742, 3635736, 52.37274598760432, 196970, 0, 0.0, 40, 
2019-12-04 15:39:23.687,413090400, 973.4496892546742, 3637067, 52.37274598760432, 197046, 0, 0.0, 40, 
2019-12-04 15:39:24.71,153614296, 999.6391660886637, 3638371, 53.52628552745686, 197106, 0, 0.0, 40, 
2019-12-04 15:39:25.736,180381784, 999.6391660886637, 3639663, 53.52628552745686, 197168, 0, 0.0, 40, 
2019-12-04 15:39:26.764,207027696, 999.6391660886637, 3641039, 53.52628552745686, 197242, 0, 0.0, 40, 
2019-12-04 15:39:27.79,231255624, 999.6391660886637, 3642407, 53.52628552745686, 197320, 0, 0.0, 40, 
2019-12-04 15:39:28.812,255036584, 999.6391660886637, 3643670, 53.52628552745686, 197390, 0, 0.0, 40, 
2019-12-04 15:39:29.843,278665192, 1023.2069411083934, 3644988, 54.84345101133844, 197466, 0, 0.0, 40, 
2019-12-04 15:39:30.871,302760760, 1023.2069411083934, 3646242, 54.84345101133844, 197523, 0, 0.0, 40, 
2019-12-04 15:39:31.897,326417560, 1023.2069411083934, 3647516, 54.84345101133844, 197609, 0, 0.0, 40, 
2019-12-04 15:39:32.922,348212024, 1023.2069411083934, 3648640, 54.84345101133844, 197664, 0, 0.0, 40, 
2019-12-04 15:39:33.95,370990080, 1023.2069411083934, 3649896, 54.84345101133844, 197719, 0, 0.0, 40, 
2019-12-04 15:39:34.972,395884920, 1037.998169421584, 3651241, 55.383674840812525, 197798, 0, 0.0, 40, 
2019-12-04 15:39:35.996,420605056, 1037.998169421584, 3652577, 55.383674840812525, 197869, 0, 0.0, 40, 
2019-12-04 15:39:37.024,160703512, 1037.998169421584, 3653911, 55.383674840812525, 197957, 0, 0.0, 40, 
2019-12-04 15:39:38.051,184948944, 1037.998169421584, 3655232, 55.383674840812525, 198033, 0, 0.0, 40, 
2019-12-04 15:39:39.082,211008968, 1037.998169421584, 3656550, 55.383674840812525, 198106, 0, 0.0, 40, 
2019-12-04 15:39:40.105,233953592, 1058.4509545243718, 3657832, 57.23994970907133, 198193, 0, 0.0, 40, 
2019-12-04 15:39:41.128,259949288, 1058.4509545243718, 3659229, 57.23994970907133, 198257, 0, 0.0, 40, 
2019-12-04 15:39:42.153,282968992, 1058.4509545243718, 3660442, 57.23994970907133, 198319, 0, 0.0, 40, 
2019-12-04 15:39:43.177,306077432, 1058.4509545243718, 3661720, 57.23994970907133, 198402, 0, 0.0, 40, 
2019-12-04 15:39:44.202,330842720, 1058.4509545243718, 3663035, 57.23994970907133, 198469, 0, 0.0, 40, 
2019-12-04 15:39:45.223,355448048, 1075.5094023436507, 3664349, 58.212213648219404, 198522, 0, 0.0, 40, 
2019-12-04 15:39:46.246,380827776, 1075.5094023436507, 3665699, 58.212213648219404, 198593, 0, 0.0, 40, 
2019-12-04 15:39:47.269,405581128, 1075.5094023436507, 3667050, 58.212213648219404, 198666, 0, 0.0, 40, 
2019-12-04 15:39:48.293,144787576, 1075.5094023436507, 3668403, 58.212213648219404, 198730, 0, 0.0, 40, 
2019-12-04 15:39:49.319,169808128, 1075.5094023436507, 3669750, 58.212213648219404, 198804, 0, 0.0, 40, 
2019-12-04 15:39:50.34,193464944, 1094.5780576846666, 3671100, 58.7069617281247, 198874, 0, 0.0, 40, 
2019-12-04 15:39:51.365,218319528, 1094.5780576846666, 3672412, 58.7069617281247, 198939, 0, 0.0, 40, 
2019-12-04 15:39:52.387,243209312, 1094.5780576846666, 3673806, 58.7069617281247, 199017, 0, 0.0, 40, 
2019-12-04 15:39:53.409,269112504, 1094.5780576846666, 3675233, 58.7069617281247, 199104, 0, 0.0, 40, 
2019-12-04 15:39:54.43,296699736, 1094.5780576846666, 3676656, 58.7069617281247, 199173, 0, 0.0, 40, 
2019-12-04 15:39:55.46,321962816, 1114.7606018428924, 3678050, 59.833778852803846, 199241, 0, 0.0, 40, 
2019-12-04 15:39:56.49,348333496, 1114.7606018428924, 3679457, 59.833778852803846, 199314, 0, 0.0, 40, 
2019-12-04 15:39:57.519,371359480, 1114.7606018428924, 3680793, 59.833778852803846, 199376, 0, 0.0, 40, 
2019-12-04 15:39:58.545,397096784, 1114.7606018428924, 3682133, 59.833778852803846, 199452, 0, 0.0, 40, 
2019-12-04 15:39:59.568,139361064, 1131.98618503445, 3683477, 60.40675825952363, 199515, 0, 0.0, 40, 
2019-12-04 15:40:00.59,164188272, 1131.98618503445, 3684872, 60.40675825952363, 199590, 0, 0.0, 40, 
2019-12-04 15:40:01.615,189114928, 1131.98618503445, 3686220, 60.40675825952363, 199652, 0, 0.0, 40, 
2019-12-04 15:40:02.639,213987224, 1131.98618503445, 3687549, 60.40675825952363, 199735, 0, 0.0, 40, 
2019-12-04 15:40:03.66,238482584, 1131.98618503445, 3688880, 60.40675825952363, 199802, 0, 0.0, 40, 
2019-12-04 15:40:04.682,261096272, 1146.0114992921242, 3690170, 61.253747103856504, 199871, 0, 0.0, 40, 
2019-12-04 15:40:05.706,285244656, 1146.0114992921242, 3691442, 61.253747103856504, 199950, 0, 0.0, 40, 
2019-12-04 15:40:06.729,310138680, 1146.0114992921242, 3692796, 61.253747103856504, 200017, 0, 0.0, 40, 
2019-12-04 15:40:07.752,333379328, 1146.0114992921242, 3694036, 61.253747103856504, 200089, 0, 0.0, 40, 
2019-12-04 15:40:08.774,359920568, 1146.0114992921242, 3695416, 61.253747103856504, 200149, 0, 0.0, 40, 
2019-12-04 15:40:09.798,383987520, 1156.0849836161963, 3696686, 61.63323653248492, 200220, 0, 0.0, 40, 
2019-12-04 15:40:10.822,408011144, 1156.0849836161963, 3698058, 61.63323653248492, 200292, 0, 0.0, 40, 
2019-12-04 15:40:11.844,150285520, 1156.0849836161963, 3699435, 61.63323653248492, 200359, 0, 0.0, 40, 
2019-12-04 15:40:12.87,177987520, 1156.0849836161963, 3700836, 61.63323653248492, 200434, 0, 0.0, 40, 
2019-12-04 15:40:13.893,201648064, 1156.0849836161963, 3702138, 61.63323653248492, 200505, 0, 0.0, 40, 
2019-12-04 15:40:14.923,225939752, 1169.8305493851728, 3703431, 62.302206003188076, 200580, 0, 0.0, 40, 
2019-12-04 15:40:15.949,249996104, 1169.8305493851728, 3704796, 62.302206003188076, 200649, 0, 0.0, 40, 
2019-12-04 15:40:16.971,276457264, 1169.8305493851728, 3706137, 62.302206003188076, 200719, 0, 0.0, 40, 
2019-12-04 15:40:17.999,301750512, 1169.8305493851728, 3707499, 62.302206003188076, 200789, 0, 0.0, 40, 
2019-12-04 15:40:19.022,325187672, 1169.8305493851728, 3708797, 62.302206003188076, 200859, 0, 0.0, 40, 
2019-12-04 15:40:20.045,350040440, 1180.062421718645, 3710117, 62.9816520965626, 200940, 0, 0.0, 40, 
2019-12-04 15:40:21.069,374885696, 1180.062421718645, 3711454, 62.9816520965626, 201027, 0, 0.0, 40, 
2019-12-04 15:40:22.092,398753800, 1180.062421718645, 3712782, 62.9816520965626, 201102, 0, 0.0, 40, 
2019-12-04 15:40:23.123,136834064, 1180.062421718645, 3714099, 62.9816520965626, 201165, 0, 0.0, 40, 
2019-12-04 15:40:24.146,163801080, 1180.062421718645, 3715470, 62.9816520965626, 201243, 0, 0.0, 40, 
2019-12-04 15:40:25.167,190049136, 1190.0998522761479, 3716915, 63.91060390422211, 201312, 0, 0.0, 40, 
2019-12-04 15:40:26.188,214772960, 1190.0998522761479, 3718258, 63.91060390422211, 201385, 0, 0.0, 40, 
2019-12-04 15:40:27.213,238426416, 1190.0998522761479, 3719593, 63.91060390422211, 201448, 0, 0.0, 40, 
2019-12-04 15:40:28.236,260805760, 1190.0998522761479, 3720779, 63.91060390422211, 201510, 0, 0.0, 40, 
2019-12-04 15:40:29.258,282484248, 1190.0998522761479, 3721948, 63.91060390422211, 201565, 0, 0.0, 40, 
2019-12-04 15:40:30.292,308242072, 1195.880652909795, 3723270, 63.69387598235199, 201637, 0, 0.0, 40, 
2019-12-04 15:40:31.388,335224544, 1195.880652909795, 3724810, 63.69387598235199, 201720, 0, 0.0, 40, 
2019-12-04 15:40:32.411,362142160, 1195.880652909795, 3726222, 63.69387598235199, 201796, 0, 0.0, 40, 
2019-12-04 15:40:33.432,387049496, 1195.880652909795, 3727641, 63.69387598235199, 201854, 0, 0.0, 40, 
2019-12-04 15:40:34.453,413636864, 1195.880652909795, 3729054, 63.69387598235199, 201934, 0, 0.0, 40, 
2019-12-04 15:40:35.475,155708864, 1210.0583251039384, 3730400, 64.31002363912206, 202005, 0, 0.0, 40, 
2019-12-04 15:40:36.5,180519664, 1210.0583251039384, 3731793, 64.31002363912206, 202088, 0, 0.0, 40, 
2019-12-04 15:40:37.522,206749376, 1210.0583251039384, 3733191, 64.31002363912206, 202163, 0, 0.0, 40, 
2019-12-04 15:40:38.543,231939320, 1210.0583251039384, 3734578, 64.31002363912206, 202249, 0, 0.0, 40, 
2019-12-04 15:40:39.565,259226344, 1222.3828129502697, 3736021, 65.51655153228573, 202336, 0, 0.0, 40, 
2019-12-04 15:40:40.586,283194128, 1222.3828129502697, 3737338, 65.51655153228573, 202410, 0, 0.0, 40, 
2019-12-04 15:40:41.608,308598664, 1222.3828129502697, 3738646, 65.51655153228573, 202490, 0, 0.0, 40, 
2019-12-04 15:40:42.633,331378928, 1222.3828129502697, 3739923, 65.51655153228573, 202552, 0, 0.0, 40, 
2019-12-04 15:40:43.656,354675928, 1222.3828129502697, 3741159, 65.51655153228573, 202608, 0, 0.0, 40, 
2019-12-04 15:40:44.679,378453824, 1224.8628102973826, 3742421, 65.6511526399632, 202680, 0, 0.0, 40, 
2019-12-04 15:40:45.7,402400520, 1224.8628102973826, 3743745, 65.6511526399632, 202747, 0, 0.0, 40, 
2019-12-04 15:40:46.723,139270424, 1224.8628102973826, 3744957, 65.6511526399632, 202819, 0, 0.0, 40, 
2019-12-04 15:40:47.747,162907256, 1224.8628102973826, 3746282, 65.6511526399632, 202872, 0, 0.0, 40, 
2019-12-04 15:40:48.769,186884296, 1224.8628102973826, 3747531, 65.6511526399632, 202935, 0, 0.0, 40, 
2019-12-04 15:40:49.791,211466936, 1227.8481271561513, 3748904, 65.59908934946928, 203024, 0, 0.0, 40, 
2019-12-04 15:40:50.814,236344280, 1227.8481271561513, 3750207, 65.59908934946928, 203106, 0, 0.0, 40, 
2019-12-04 15:40:51.836,260914128, 1227.8481271561513, 3751582, 65.59908934946928, 203184, 0, 0.0, 40, 
2019-12-04 15:40:52.86,286258896, 1227.8481271561513, 3752894, 65.59908934946928, 203258, 0, 0.0, 40, 
2019-12-04 15:40:53.885,309606784, 1227.8481271561513, 3754202, 65.59908934946928, 203333, 0, 0.0, 40, 
2019-12-04 15:40:54.909,334265480, 1232.9134632337098, 3755455, 66.3987180147723, 203399, 0, 0.0, 40, 
2019-12-04 15:40:55.931,357123120, 1232.9134632337098, 3756753, 66.3987180147723, 203465, 0, 0.0, 40, 
2019-12-04 15:40:56.953,381752504, 1232.9134632337098, 3758068, 66.3987180147723, 203528, 0, 0.0, 40, 
2019-12-04 15:40:57.983,405622928, 1232.9134632337098, 3759378, 66.3987180147723, 203597, 0, 0.0, 40, 
2019-12-04 15:40:59.007,147794600, 1232.9134632337098, 3760680, 66.3987180147723, 203665, 0, 0.0, 40, 
2019-12-04 15:41:00.036,170480600, 1235.2870676584866, 3761968, 66.36683828250335, 203744, 0, 0.0, 40, 
2019-12-04 15:41:01.07,193015512, 1235.2870676584866, 3763167, 66.36683828250335, 203817, 0, 0.0, 40, 
2019-12-04 15:41:02.092,219733600, 1235.2870676584866, 3764574, 66.36683828250335, 203886, 0, 0.0, 40, 
2019-12-04 15:41:03.116,244058496, 1235.2870676584866, 3765927, 66.36683828250335, 203953, 0, 0.0, 40, 
2019-12-04 15:41:04.141,269168320, 1235.2870676584866, 3767250, 66.36683828250335, 204007, 0, 0.0, 40, 
2019-12-04 15:41:05.164,292962128, 1239.2618942643453, 3768566, 66.24156081044461, 204082, 0, 0.0, 40, 
2019-12-04 15:41:06.186,317503432, 1239.2618942643453, 3769962, 66.24156081044461, 204157, 0, 0.0, 40, 
2019-12-04 15:41:07.211,342287736, 1239.2618942643453, 3771297, 66.24156081044461, 204225, 0, 0.0, 40, 
2019-12-04 15:41:08.233,365871264, 1239.2618942643453, 3772603, 66.24156081044461, 204288, 0, 0.0, 40, 
2019-12-04 15:41:09.255,406282792, 1239.2618942643453, 3773956, 66.24156081044461, 204341, 0, 0.0, 40, 
2019-12-04 15:41:10.285,149750888, 1245.349561077454, 3775286, 66.2222466744429, 204406, 0, 0.0, 40, 
2019-12-04 15:41:11.311,171825128, 1245.349561077454, 3776568, 66.2222466744429, 204466, 0, 0.0, 40, 
2019-12-04 15:41:12.338,198337232, 1245.349561077454, 3777950, 66.2222466744429, 204522, 0, 0.0, 40, 
2019-12-04 15:41:13.359,223163872, 1245.349561077454, 3779295, 66.2222466744429, 204599, 0, 0.0, 40, 
2019-12-04 15:41:14.381,251447120, 1245.349561077454, 3780671, 66.2222466744429, 204681, 0, 0.0, 40, 
2019-12-04 15:41:15.404,274815024, 1250.4707514147551, 3781941, 66.22046792856527, 204749, 0, 0.0, 40, 
2019-12-04 15:41:16.426,299059152, 1250.4707514147551, 3783282, 66.22046792856527, 204806, 0, 0.0, 40, 
2019-12-04 15:41:17.45,323191432, 1250.4707514147551, 3784599, 66.22046792856527, 204885, 0, 0.0, 40, 
2019-12-04 15:41:18.474,348497352, 1250.4707514147551, 3785927, 66.22046792856527, 204952, 0, 0.0, 40, 
2019-12-04 15:41:19.496,372351224, 1250.4707514147551, 3787256, 66.22046792856527, 205026, 0, 0.0, 40, 
2019-12-04 15:41:20.521,397983368, 1253.2635399319463, 3788621, 66.33076922287445, 205090, 0, 0.0, 40, 
2019-12-04 15:41:21.545,422268744, 1253.2635399319463, 3789975, 66.33076922287445, 205160, 0, 0.0, 40, 
2019-12-04 15:41:22.568,164883656, 1253.2635399319463, 3791363, 66.33076922287445, 205238, 0, 0.0, 40, 
2019-12-04 15:41:23.589,188325256, 1253.2635399319463, 3792682, 66.33076922287445, 205319, 0, 0.0, 40, 
2019-12-04 15:41:24.611,213643496, 1259.7028797403696, 3794089, 66.56018024922308, 205383, 0, 0.0, 40, 
2019-12-04 15:41:25.633,239406952, 1259.7028797403696, 3795443, 66.56018024922308, 205445, 0, 0.0, 40, 
2019-12-04 15:41:26.657,264346856, 1259.7028797403696, 3796805, 66.56018024922308, 205524, 0, 0.0, 40, 
2019-12-04 15:41:27.68,288372216, 1259.7028797403696, 3798111, 66.56018024922308, 205599, 0, 0.0, 40, 
2019-12-04 15:41:28.702,313468144, 1259.7028797403696, 3799459, 66.56018024922308, 205668, 0, 0.0, 40, 
2019-12-04 15:41:29.724,337731400, 1264.2681134137083, 3800802, 66.88318640218849, 205738, 0, 0.0, 40, 
2019-12-04 15:41:30.746,363570312, 1264.2681134137083, 3802171, 66.88318640218849, 205807, 0, 0.0, 40, 
2019-12-04 15:41:31.768,386777296, 1264.2681134137083, 3803477, 66.88318640218849, 205887, 0, 0.0, 40, 
2019-12-04 15:41:32.792,413003952, 1264.2681134137083, 3804893, 66.88318640218849, 205954, 0, 0.0, 40, 
2019-12-04 15:41:33.829,153710720, 1264.2681134137083, 3806327, 66.88318640218849, 206030, 0, 0.0, 40, 
2019-12-04 15:41:34.85,179844128, 1270.0674428637546, 3807721, 67.24433087741173, 206103, 0, 0.0, 40, 
2019-12-04 15:41:35.871,205653184, 1270.0674428637546, 3809097, 67.24433087741173, 206191, 0, 0.0, 40, 
2019-12-04 15:41:36.899,229437816, 1270.0674428637546, 3810421, 67.24433087741173, 206264, 0, 0.0, 40, 
2019-12-04 15:41:37.921,252924904, 1270.0674428637546, 3811656, 67.24433087741173, 206338, 0, 0.0, 40, 
2019-12-04 15:41:38.941,276193808, 1270.0674428637546, 3812930, 67.24433087741173, 206394, 0, 0.0, 40, 
2019-12-04 15:41:39.961,301971200, 1272.8445048010037, 3814359, 67.51263536641858, 206468, 0, 0.0, 40, 
2019-12-04 15:41:40.988,329064512, 1272.8445048010037, 3815743, 67.51263536641858, 206537, 0, 0.0, 40, 
2019-12-04 15:41:42.01,354018368, 1272.8445048010037, 3817092, 67.51263536641858, 206610, 0, 0.0, 40, 
2019-12-04 15:41:43.03,377416592, 1272.8445048010037, 3818439, 67.51263536641858, 206668, 0, 0.0, 40, 
2019-12-04 15:41:44.05,403548064, 1272.8445048010037, 3819800, 67.51263536641858, 206739, 0, 0.0, 40, 
2019-12-04 15:41:45.081,146779136, 1278.6297307744246, 3821252, 67.3916917202442, 206800, 0, 0.0, 40, 
2019-12-04 15:41:46.105,172732824, 1278.6297307744246, 3822669, 67.3916917202442, 206879, 0, 0.0, 40, 
2019-12-04 15:41:47.13,198491448, 1278.6297307744246, 3824099, 67.3916917202442, 206953, 0, 0.0, 40, 
2019-12-04 15:41:48.153,224877776, 1278.6297307744246, 3825562, 67.3916917202442, 207024, 0, 0.0, 40, 
2019-12-04 15:41:49.174,251095816, 1278.6297307744246, 3826997, 67.3916917202442, 207093, 0, 0.0, 40, 
2019-12-04 15:41:50.204,277620216, 1288.4938728676937, 3828447, 67.56825830143099, 207168, 0, 0.0, 40, 
2019-12-04 15:41:51.225,302026776, 1288.4938728676937, 3829782, 67.56825830143099, 207244, 0, 0.0, 40, 
2019-12-04 15:41:52.246,327144856, 1288.4938728676937, 3831167, 67.56825830143099, 207325, 0, 0.0, 40, 
2019-12-04 15:41:53.268,351485624, 1288.4938728676937, 3832550, 67.56825830143099, 207390, 0, 0.0, 40, 
2019-12-04 15:41:54.288,377875048, 1288.4938728676937, 3833918, 67.56825830143099, 207478, 0, 0.0, 40, 
2019-12-04 15:41:55.31,403355472, 1293.3476667981438, 3835254, 68.30638761293096, 207557, 0, 0.0, 40, 
2019-12-04 15:41:56.337,144520408, 1293.3476667981438, 3836552, 68.30638761293096, 207613, 0, 0.0, 40, 
2019-12-04 15:41:57.36,169904904, 1293.3476667981438, 3837974, 68.30638761293096, 207704, 0, 0.0, 40, 
2019-12-04 15:41:58.381,196229048, 1293.3476667981438, 3839365, 68.30638761293096, 207780, 0, 0.0, 40, 
2019-12-04 15:41:59.401,222025040, 1293.3476667981438, 3840794, 68.30638761293096, 207857, 0, 0.0, 40, 
2019-12-04 15:42:00.423,247329888, 1297.8133727936163, 3842243, 68.74563260713867, 207931, 0, 0.0, 40, 
2019-12-04 15:42:01.444,272395664, 1297.8133727936163, 3843559, 68.74563260713867, 208001, 0, 0.0, 40, 
2019-12-04 15:42:02.47,299071296, 1297.8133727936163, 3845000, 68.74563260713867, 208070, 0, 0.0, 40, 
2019-12-04 15:42:03.491,325041360, 1297.8133727936163, 3846359, 68.74563260713867, 208146, 0, 0.0, 40, 
2019-12-04 15:42:04.512,349004608, 1297.8133727936163, 3847763, 68.74563260713867, 208225, 0, 0.0, 40, 
2019-12-04 15:42:05.534,375385672, 1302.6736031546118, 3849127, 68.989846339972, 208308, 0, 0.0, 40, 
2019-12-04 15:42:06.573,399711336, 1302.6736031546118, 3850465, 68.989846339972, 208378, 0, 0.0, 40, 
2019-12-04 15:42:07.594,422937784, 1302.6736031546118, 3851752, 68.989846339972, 208454, 0, 0.0, 40, 
2019-12-04 15:42:08.615,161610464, 1302.6736031546118, 3853047, 68.989846339972, 208510, 0, 0.0, 40, 
2019-12-04 15:42:09.64,186890776, 1301.756224498074, 3854386, 69.05462265009974, 208580, 0, 0.0, 40, 
2019-12-04 15:42:10.662,211947944, 1301.756224498074, 3855702, 69.05462265009974, 208654, 0, 0.0, 40, 
2019-12-04 15:42:11.691,236164880, 1301.756224498074, 3857029, 69.05462265009974, 208714, 0, 0.0, 40, 
2019-12-04 15:42:12.714,259920280, 1301.756224498074, 3858315, 69.05462265009974, 208789, 0, 0.0, 40, 
2019-12-04 15:42:13.736,282878904, 1301.756224498074, 3859541, 69.05462265009974, 208856, 0, 0.0, 40, 
2019-12-04 15:42:14.766,299111408, 1293.444343715405, 3860334, 68.634486220209, 208902, 0, 0.0, 40, 
2019-12-04 15:42:15.789,310060144, 1293.444343715405, 3860819, 68.634486220209, 208923, 0, 0.0, 40, 
2019-12-04 15:42:16.812,320151040, 1293.444343715405, 3861273, 68.634486220209, 208945, 0, 0.0, 40, 
2019-12-04 15:42:17.837,330855928, 1293.444343715405, 3861728, 68.634486220209, 208968, 0, 0.0, 40, 
2019-12-04 15:42:18.864,340519600, 1293.444343715405, 3862188, 68.634486220209, 208996, 0, 0.0, 40, 
2019-12-04 15:42:19.89,351856624, 1226.4699998812034, 3862668, 65.04971862967865, 209022, 0, 0.0, 40, 
2019-12-04 15:42:20.915,361041264, 1226.4699998812034, 3863152, 65.04971862967865, 209049, 0, 0.0, 40, 
2019-12-04 15:42:21.938,372135552, 1226.4699998812034, 3863669, 65.04971862967865, 209072, 0, 0.0, 40, 
2019-12-04 15:42:22.963,382171784, 1226.4699998812034, 3864144, 65.04971862967865, 209095, 0, 0.0, 40, 
2019-12-04 15:42:23.987,395560336, 1226.4699998812034, 3864660, 65.04971862967865, 209124, 0, 0.0, 40, 
2019-12-04 15:42:25.012,404752672, 1166.801545196127, 3865125, 61.81553769856353, 209146, 0, 0.0, 40, 
2019-12-04 15:42:26.037,416040656, 1166.801545196127, 3865595, 61.81553769856353, 209167, 0, 0.0, 40, 
2019-12-04 15:42:27.062,142390064, 1166.801545196127, 3866072, 61.81553769856353, 209193, 0, 0.0, 40, 
2019-12-04 15:42:28.087,152445536, 1166.801545196127, 3866525, 61.81553769856353, 209211, 0, 0.0, 40, 
2019-12-04 15:42:29.116,162935016, 1166.801545196127, 3867018, 61.81553769856353, 209249, 0, 0.0, 40, 
2019-12-04 15:42:30.141,173114336, 1110.2568316749237, 3867462, 58.82395647991626, 209274, 0, 0.0, 40, 
2019-12-04 15:42:31.165,183323112, 1110.2568316749237, 3867940, 58.82395647991626, 209302, 0, 0.0, 40, 
2019-12-04 15:42:32.191,192746088, 1110.2568316749237, 3868395, 58.82395647991626, 209323, 0, 0.0, 40, 
2019-12-04 15:42:33.219,202858088, 1110.2568316749237, 3868854, 58.82395647991626, 209345, 0, 0.0, 40, 
2019-12-04 15:42:34.244,213432464, 1110.2568316749237, 3869334, 58.82395647991626, 209367, 0, 0.0, 40, 
2019-12-04 15:42:35.271,223456296, 1057.4496190862926, 3869797, 56.07156888878986, 209406, 0, 0.0, 40, 
2019-12-04 15:42:36.298,234084584, 1057.4496190862926, 3870293, 56.07156888878986, 209430, 0, 0.0, 40, 
2019-12-04 15:42:37.324,245294160, 1057.4496190862926, 3870798, 56.07156888878986, 209455, 0, 0.0, 40, 
2019-12-04 15:42:38.353,255422496, 1057.4496190862926, 3871282, 56.07156888878986, 209473, 0, 0.0, 40, 
2019-12-04 15:42:39.393,266912816, 1057.4496190862926, 3871795, 56.07156888878986, 209501, 0, 0.0, 40, 
2019-12-04 15:42:40.417,277157544, 1011.5991191116566, 3872293, 53.53925005867896, 209527, 0, 0.0, 40, 
2019-12-04 15:42:41.446,287828712, 1011.5991191116566, 3872767, 53.53925005867896, 209545, 0, 0.0, 40, 
2019-12-04 15:42:42.487,297582520, 1011.5991191116566, 3873268, 53.53925005867896, 209571, 0, 0.0, 40, 
2019-12-04 15:42:43.512,308610856, 1011.5991191116566, 3873750, 53.53925005867896, 209602, 0, 0.0, 40, 
2019-12-04 15:42:44.538,319384936, 968.7110135507687, 3874248, 51.14543979467822, 209620, 0, 0.0, 40, 
2019-12-04 15:42:45.562,331090776, 968.7110135507687, 3874746, 51.14543979467822, 209643, 0, 0.0, 40, 
2019-12-04 15:42:46.586,343170776, 968.7110135507687, 3875259, 51.14543979467822, 209672, 0, 0.0, 40, 
2019-12-04 15:42:47.611,353549880, 968.7110135507687, 3875739, 51.14543979467822, 209701, 0, 0.0, 40, 
2019-12-04 15:42:48.636,364166848, 968.7110135507687, 3876224, 51.14543979467822, 209722, 0, 0.0, 40, 
2019-12-04 15:42:49.662,374739072, 930.3394475364822, 3876747, 49.07095696819507, 209748, 0, 0.0, 40, 
2019-12-04 15:42:50.688,385846344, 930.3394475364822, 3877223, 49.07095696819507, 209769, 0, 0.0, 40, 
2019-12-04 15:42:51.714,395585912, 930.3394475364822, 3877671, 49.07095696819507, 209791, 0, 0.0, 40, 
2019-12-04 15:42:52.737,405910904, 930.3394475364822, 3878156, 49.07095696819507, 209815, 0, 0.0, 40, 
2019-12-04 15:42:53.761,415065344, 930.3394475364822, 3878635, 49.07095696819507, 209847, 0, 0.0, 40, 
2019-12-04 15:42:54.798,143968272, 892.7331816857821, 3879122, 47.098376162148256, 209877, 0, 0.0, 40, 
2019-12-04 15:42:55.821,153499840, 892.7331816857821, 3879597, 47.098376162148256, 209903, 0, 0.0, 40, 
2019-12-04 15:42:56.845,163696440, 892.7331816857821, 3880048, 47.098376162148256, 209941, 0, 0.0, 40, 
2019-12-04 15:42:57.868,175306048, 892.7331816857821, 3880527, 47.098376162148256, 209961, 0, 0.0, 40, 
2019-12-04 15:42:58.893,185269096, 892.7331816857821, 3881011, 47.098376162148256, 209982, 0, 0.0, 40, 
2019-12-04 15:42:59.917,195343368, 858.5655069957817, 3881524, 45.45941649695536, 210007, 0, 0.0, 40, 
2019-12-04 15:43:00.942,206886408, 858.5655069957817, 3882014, 45.45941649695536, 210030, 0, 0.0, 40, 
2019-12-04 15:43:01.966,215793312, 858.5655069957817, 3882483, 45.45941649695536, 210062, 0, 0.0, 40, 
2019-12-04 15:43:02.991,227672688, 858.5655069957817, 3882949, 45.45941649695536, 210089, 0, 0.0, 40, 
2019-12-04 15:43:04.015,238024312, 858.5655069957817, 3883421, 45.45941649695536, 210113, 0, 0.0, 40, 
2019-12-04 15:43:05.041,247242896, 827.6254533656733, 3883894, 43.839562991672956, 210139, 0, 0.0, 40, 
2019-12-04 15:43:06.066,258083192, 827.6254533656733, 3884372, 43.839562991672956, 210159, 0, 0.0, 40, 
2019-12-04 15:43:07.091,268823104, 827.6254533656733, 3884842, 43.839562991672956, 210191, 0, 0.0, 40, 
2019-12-04 15:43:08.115,279678664, 827.6254533656733, 3885326, 43.839562991672956, 210207, 0, 0.0, 40, 
2019-12-04 15:43:09.141,289500832, 827.6254533656733, 3885794, 43.839562991672956, 210230, 0, 0.0, 40, 
2019-12-04 15:43:10.166,298609864, 797.9119227031777, 3886222, 42.237288002101195, 210264, 0, 0.0, 40, 
2019-12-04 15:43:11.192,308740808, 797.9119227031777, 3886669, 42.237288002101195, 210283, 0, 0.0, 40, 
2019-12-04 15:43:12.224,318236320, 797.9119227031777, 3887121, 42.237288002101195, 210313, 0, 0.0, 40, 
2019-12-04 15:43:13.248,329498128, 797.9119227031777, 3887585, 42.237288002101195, 210338, 0, 0.0, 40, 
2019-12-04 15:43:14.271,339256312, 797.9119227031777, 3888056, 42.237288002101195, 210363, 0, 0.0, 40, 
2019-12-04 15:43:15.296,349482216, 769.566714402561, 3888504, 40.82708831554198, 210387, 0, 0.0, 40, 
2019-12-04 15:43:16.326,358925696, 769.566714402561, 3888947, 40.82708831554198, 210415, 0, 0.0, 40, 
2019-12-04 15:43:17.349,367926048, 769.566714402561, 3889403, 40.82708831554198, 210436, 0, 0.0, 40, 
2019-12-04 15:43:18.372,378151648, 769.566714402561, 3889847, 40.82708831554198, 210449, 0, 0.0, 40, 
2019-12-04 15:43:19.398,389168328, 769.566714402561, 3890346, 40.82708831554198, 210470, 0, 0.0, 40, 
2019-12-04 15:43:20.423,400096736, 743.8236772826308, 3890818, 39.20981962892844, 210501, 0, 0.0, 40, 
2019-12-04 15:43:21.447,409440808, 743.8236772826308, 3891278, 39.20981962892844, 210530, 0, 0.0, 40, 
2019-12-04 15:43:22.474,418416088, 743.8236772826308, 3891710, 39.20981962892844, 210555, 0, 0.0, 40, 
2019-12-04 15:43:23.504,142603040, 743.8236772826308, 3892185, 39.20981962892844, 210582, 0, 0.0, 40, 
2019-12-04 15:43:24.529,153863064, 720.4427709892522, 3892669, 38.31353193859777, 210612, 0, 0.0, 40, 
2019-12-04 15:43:25.553,163696704, 720.4427709892522, 3893142, 38.31353193859777, 210632, 0, 0.0, 40, 
2019-12-04 15:43:26.578,175521504, 720.4427709892522, 3893621, 38.31353193859777, 210657, 0, 0.0, 40, 
2019-12-04 15:43:27.602,185577408, 720.4427709892522, 3894126, 38.31353193859777, 210683, 0, 0.0, 40, 
2019-12-04 15:43:28.627,196536648, 720.4427709892522, 3894617, 38.31353193859777, 210711, 0, 0.0, 40, 
2019-12-04 15:43:29.652,208258840, 700.8022594427314, 3895089, 37.185076230799446, 210737, 0, 0.0, 40, 
2019-12-04 15:43:30.677,218050328, 700.8022594427314, 3895521, 37.185076230799446, 210770, 0, 0.0, 40, 
2019-12-04 15:43:31.703,228300384, 700.8022594427314, 3895999, 37.185076230799446, 210799, 0, 0.0, 40, 
2019-12-04 15:43:32.727,237552264, 700.8022594427314, 3896466, 37.185076230799446, 210816, 0, 0.0, 40, 
2019-12-04 15:43:33.752,249311488, 700.8022594427314, 3896975, 37.185076230799446, 210839, 0, 0.0, 40, 
2019-12-04 15:43:34.776,258980744, 681.5008004791838, 3897439, 36.17882909383129, 210860, 0, 0.0, 40, 
2019-12-04 15:43:35.799,269938960, 681.5008004791838, 3897943, 36.17882909383129, 210884, 0, 0.0, 40, 
2019-12-04 15:43:36.824,280069664, 681.5008004791838, 3898420, 36.17882909383129, 210910, 0, 0.0, 40, 
2019-12-04 15:43:37.848,290605712, 681.5008004791838, 3898903, 36.17882909383129, 210937, 0, 0.0, 40, 
2019-12-04 15:43:38.874,300071216, 681.5008004791838, 3899342, 36.17882909383129, 210967, 0, 0.0, 40, 
2019-12-04 15:43:39.899,309949208, 664.1103966582798, 3899806, 35.47691267476488, 211001, 0, 0.0, 40, 
2019-12-04 15:43:40.922,321743936, 664.1103966582798, 3900304, 35.47691267476488, 211024, 0, 0.0, 40, 
2019-12-04 15:43:41.954,332708712, 664.1103966582798, 3900822, 35.47691267476488, 211051, 0, 0.0, 40, 
2019-12-04 15:43:42.978,342530616, 664.1103966582798, 3901292, 35.47691267476488, 211079, 0, 0.0, 40, 
2019-12-04 15:43:44.002,353223048, 664.1103966582798, 3901778, 35.47691267476488, 211107, 0, 0.0, 40, 
2019-12-04 15:43:45.037,363213424, 648.9259997254896, 3902267, 34.751162808495536, 211139, 0, 0.0, 40, 
2019-12-04 15:43:46.064,373991480, 648.9259997254896, 3902750, 34.751162808495536, 211177, 0, 0.0, 40, 
2019-12-04 15:43:47.087,384041536, 648.9259997254896, 3903221, 34.751162808495536, 211205, 0, 0.0, 40, 
2019-12-04 15:43:48.111,396533400, 648.9259997254896, 3903708, 34.751162808495536, 211227, 0, 0.0, 40, 
2019-12-04 15:43:49.134,405956960, 648.9259997254896, 3904146, 34.751162808495536, 211249, 0, 0.0, 40, 
2019-12-04 15:43:50.163,416492848, 633.724364123253, 3904617, 34.067449580542316, 211270, 0, 0.0, 40, 
2019-12-04 15:43:51.186,144201544, 633.724364123253, 3905089, 34.067449580542316, 211297, 0, 0.0, 40, 
2019-12-04 15:43:52.211,153860456, 633.724364123253, 3905576, 34.067449580542316, 211325, 0, 0.0, 40, 
2019-12-04 15:43:53.233,164659440, 633.724364123253, 3906083, 34.067449580542316, 211349, 0, 0.0, 40, 
2019-12-04 15:43:54.264,174971680, 633.724364123253, 3906581, 34.067449580542316, 211363, 0, 0.0, 40, 
2019-12-04 15:43:55.287,185189120, 621.1773847308572, 3907077, 33.150562936621334, 211390, 0, 0.0, 40, 
2019-12-04 15:43:56.31,196806960, 621.1773847308572, 3907549, 33.150562936621334, 211419, 0, 0.0, 40, 
2019-12-04 15:43:57.332,206231344, 621.1773847308572, 3907994, 33.150562936621334, 211440, 0, 0.0, 40, 
2019-12-04 15:43:58.365,216837240, 621.1773847308572, 3908445, 33.150562936621334, 211462, 0, 0.0, 40, 
2019-12-04 15:43:59.388,227153088, 621.1773847308572, 3908920, 33.150562936621334, 211489, 0, 0.0, 40, 
2019-12-04 15:44:00.413,237407952, 607.9065657764074, 3909395, 32.46689767177496, 211518, 0, 0.0, 40, 
2019-12-04 15:44:01.438,246389088, 607.9065657764074, 3909831, 32.46689767177496, 211542, 0, 0.0, 40, 
2019-12-04 15:44:02.465,256273240, 607.9065657764074, 3910303, 32.46689767177496, 211568, 0, 0.0, 40, 
2019-12-04 15:44:03.494,266946584, 607.9065657764074, 3910793, 32.46689767177496, 211586, 0, 0.0, 40, 
2019-12-04 15:44:04.518,278582816, 596.4643965393675, 3911302, 32.46689767177496, 211613, 0, 0.0, 40, 
2019-12-04 15:44:05.541,288474632, 596.4643965393675, 3911754, 31.82190414630285, 211638, 0, 0.0, 40, 
2019-12-04 15:44:06.566,299304776, 596.4643965393675, 3912234, 31.82190414630285, 211663, 0, 0.0, 40, 
2019-12-04 15:44:07.598,309597368, 596.4643965393675, 3912734, 31.82190414630285, 211688, 0, 0.0, 40, 
2019-12-04 15:44:08.622,320656184, 596.4643965393675, 3913234, 31.82190414630285, 211716, 0, 0.0, 40, 
2019-12-04 15:44:09.648,330496424, 586.1769593976976, 3913699, 31.244472572794287, 211739, 0, 0.0, 40, 
2019-12-04 15:44:10.674,340993576, 586.1769593976976, 3914179, 31.244472572794287, 211760, 0, 0.0, 40, 
2019-12-04 15:44:11.698,351838168, 586.1769593976976, 3914650, 31.244472572794287, 211787, 0, 0.0, 40, 
2019-12-04 15:44:12.722,362160384, 586.1769593976976, 3915149, 31.244472572794287, 211811, 0, 0.0, 40, 
2019-12-04 15:44:13.747,371112888, 586.1769593976976, 3915610, 31.244472572794287, 211836, 0, 0.0, 40, 
2019-12-04 15:44:14.772,381516880, 576.2323268024298, 3916070, 30.569289825089893, 211857, 0, 0.0, 40, 
2019-12-04 15:44:15.797,392164936, 576.2323268024298, 3916540, 30.569289825089893, 211884, 0, 0.0, 40, 
2019-12-04 15:44:16.823,401392000, 576.2323268024298, 3916990, 30.569289825089893, 211911, 0, 0.0, 40, 
2019-12-04 15:44:17.853,412484760, 576.2323268024298, 3917492, 30.569289825089893, 211938, 0, 0.0, 40, 
2019-12-04 15:44:18.882,422440560, 576.2323268024298, 3917995, 30.569289825089893, 211960, 0, 0.0, 40, 
2019-12-04 15:44:19.906,148517976, 567.3386810007992, 3918439, 30.123993997025877, 211982, 0, 0.0, 40, 
2019-12-04 15:44:20.935,158757440, 567.3386810007992, 3918925, 30.123993997025877, 212006, 0, 0.0, 40, 
2019-12-04 15:44:21.966,170029088, 567.3386810007992, 3919417, 30.123993997025877, 212032, 0, 0.0, 40, 
2019-12-04 15:44:22.993,179973336, 567.3386810007992, 3919889, 30.123993997025877, 212053, 0, 0.0, 40, 
2019-12-04 15:44:24.025,188210432, 567.3386810007992, 3920368, 30.123993997025877, 212081, 0, 0.0, 40, 
2019-12-04 15:44:25.051,198570048, 559.0122118016501, 3920825, 29.634346472187165, 212109, 0, 0.0, 40, 
2019-12-04 15:44:26.081,209053104, 559.0122118016501, 3921283, 29.634346472187165, 212124, 0, 0.0, 40, 
2019-12-04 15:44:27.179,220168736, 559.0122118016501, 3921777, 29.634346472187165, 212149, 0, 0.0, 40, 
2019-12-04 15:44:28.215,230951088, 559.0122118016501, 3922278, 29.634346472187165, 212186, 0, 0.0, 40, 
2019-12-04 15:44:29.24,240792576, 559.0122118016501, 3922764, 29.634346472187165, 212212, 0, 0.0, 40, 
2019-12-04 15:44:30.264,253058552, 551.1915791506486, 3923245, 29.26380458719291, 212238, 0, 0.0, 40, 
2019-12-04 15:44:31.291,263535784, 551.1915791506486, 3923716, 29.26380458719291, 212264, 0, 0.0, 40, 
2019-12-04 15:44:32.33,274028712, 551.1915791506486, 3924182, 29.26380458719291, 212296, 0, 0.0, 40, 
2019-12-04 15:44:33.354,283178800, 551.1915791506486, 3924684, 29.26380458719291, 212321, 0, 0.0, 40, 
2019-12-04 15:44:34.383,295089576, 551.1915791506486, 3925174, 29.26380458719291, 212340, 0, 0.0, 40, 
2019-12-04 15:44:35.408,305331288, 544.603912210044, 3925634, 28.874916244295317, 212364, 0, 0.0, 40, 
2019-12-04 15:44:36.437,315139088, 544.603912210044, 3926125, 28.874916244295317, 212390, 0, 0.0, 40, 
2019-12-04 15:44:37.466,325756104, 544.603912210044, 3926616, 28.874916244295317, 212419, 0, 0.0, 40, 
2019-12-04 15:44:38.491,336740744, 544.603912210044, 3927089, 28.874916244295317, 212445, 0, 0.0, 40, 
2019-12-04 15:44:39.514,346809536, 544.603912210044, 3927564, 28.874916244295317, 212459, 0, 0.0, 40, 
2019-12-04 15:44:40.538,356470808, 538.2071525773457, 3928034, 28.421174994053125, 212478, 0, 0.0, 40, 
2019-12-04 15:44:41.562,367310488, 538.2071525773457, 3928521, 28.421174994053125, 212500, 0, 0.0, 40, 
2019-12-04 15:44:42.585,376845504, 538.2071525773457, 3928981, 28.421174994053125, 212530, 0, 0.0, 40, 
2019-12-04 15:44:43.608,387777776, 538.2071525773457, 3929472, 28.421174994053125, 212556, 0, 0.0, 40, 
2019-12-04 15:44:44.632,397777640, 532.3218496055554, 3929939, 28.09965959352568, 212582, 0, 0.0, 40, 
2019-12-04 15:44:45.656,408433872, 532.3218496055554, 3930419, 28.09965959352568, 212608, 0, 0.0, 40, 
2019-12-04 15:44:46.68,418379256, 532.3218496055554, 3930913, 28.09965959352568, 212631, 0, 0.0, 40, 
2019-12-04 15:44:47.704,143337392, 532.3218496055554, 3931386, 28.09965959352568, 212648, 0, 0.0, 40, 
2019-12-04 15:44:48.728,153754168, 532.3218496055554, 3931842, 28.09965959352568, 212671, 0, 0.0, 40, 
2019-12-04 15:44:49.752,165400000, 527.0670206486996, 3932353, 27.643939974311742, 212701, 0, 0.0, 40, 
2019-12-04 15:44:50.78,176286432, 527.0670206486996, 3932815, 27.643939974311742, 212731, 0, 0.0, 40, 
2019-12-04 15:44:51.803,186724192, 527.0670206486996, 3933277, 27.643939974311742, 212760, 0, 0.0, 40, 
2019-12-04 15:44:52.828,197805280, 527.0670206486996, 3933761, 27.643939974311742, 212781, 0, 0.0, 40, 
2019-12-04 15:44:53.851,207683584, 527.0670206486996, 3934234, 27.643939974311742, 212803, 0, 0.0, 40, 
2019-12-04 15:44:54.875,219234160, 522.6001403098171, 3934757, 27.512497791351393, 212833, 0, 0.0, 40, 
2019-12-04 15:44:55.9,228532136, 522.6001403098171, 3935255, 27.512497791351393, 212859, 0, 0.0, 40, 
2019-12-04 15:44:56.924,239306904, 522.6001403098171, 3935722, 27.512497791351393, 212881, 0, 0.0, 40, 
2019-12-04 15:44:57.948,249453024, 522.6001403098171, 3936203, 27.512497791351393, 212900, 0, 0.0, 40, 
2019-12-04 15:44:58.974,260981560, 522.6001403098171, 3936688, 27.512497791351393, 212922, 0, 0.0, 40, 
2019-12-04 15:44:59.998,271655976, 518.7942432276193, 3937167, 27.13570727188587, 212953, 0, 0.0, 40, 
2019-12-04 15:45:01.021,281579144, 518.7942432276193, 3937649, 27.13570727188587, 212977, 0, 0.0, 40, 
2019-12-04 15:45:02.046,291797736, 518.7942432276193, 3938137, 27.13570727188587, 213005, 0, 0.0, 40, 
2019-12-04 15:45:03.069,302839080, 518.7942432276193, 3938658, 27.13570727188587, 213028, 0, 0.0, 40, 
2019-12-04 15:45:04.093,313458264, 518.7942432276193, 3939116, 27.13570727188587, 213057, 0, 0.0, 40, 
2019-12-04 15:45:05.117,323461240, 515.3726044598599, 3939617, 27.044901132152503, 213080, 0, 0.0, 40, 
2019-12-04 15:45:06.145,334909992, 515.3726044598599, 3940117, 27.044901132152503, 213103, 0, 0.0, 40, 
2019-12-04 15:45:07.17,346125576, 515.3726044598599, 3940615, 27.044901132152503, 213126, 0, 0.0, 40, 
2019-12-04 15:45:08.197,356069688, 515.3726044598599, 3941108, 27.044901132152503, 213156, 0, 0.0, 40, 
2019-12-04 15:45:09.228,367561280, 515.3726044598599, 3941606, 27.044901132152503, 213187, 0, 0.0, 40, 
2019-12-04 15:45:10.252,376024952, 512.5123849300381, 3942077, 26.94536433340263, 213212, 0, 0.0, 40, 
2019-12-04 15:45:11.276,385902632, 512.5123849300381, 3942523, 26.94536433340263, 213234, 0, 0.0, 40, 
2019-12-04 15:45:12.299,396715336, 512.5123849300381, 3942982, 26.94536433340263, 213267, 0, 0.0, 40, 
2019-12-04 15:45:13.327,408583576, 512.5123849300381, 3943450, 26.94536433340263, 213294, 0, 0.0, 40, 
2019-12-04 15:45:14.35,419489392, 512.5123849300381, 3943949, 26.94536433340263, 213323, 0, 0.0, 40, 
2019-12-04 15:45:15.375,146587984, 508.48962874156217, 3944443, 26.901759408885134, 213346, 0, 0.0, 40, 
2019-12-04 15:45:16.401,155693432, 508.48962874156217, 3944922, 26.901759408885134, 213375, 0, 0.0, 40, 
2019-12-04 15:45:17.424,166253576, 508.48962874156217, 3945392, 26.901759408885134, 213399, 0, 0.0, 40, 
2019-12-04 15:45:18.449,176102448, 508.48962874156217, 3945821, 26.901759408885134, 213422, 0, 0.0, 40, 
2019-12-04 15:45:19.478,187202952, 508.48962874156217, 3946301, 26.901759408885134, 213442, 0, 0.0, 40, 
2019-12-04 15:45:20.502,198160272, 504.2927897496411, 3946759, 26.573800834298044, 213472, 0, 0.0, 40, 
2019-12-04 15:45:21.525,208137088, 504.2927897496411, 3947276, 26.573800834298044, 213486, 0, 0.0, 40, 
2019-12-04 15:45:22.548,218221616, 504.2927897496411, 3947759, 26.573800834298044, 213516, 0, 0.0, 40, 
2019-12-04 15:45:23.573,228181560, 504.2927897496411, 3948260, 26.573800834298044, 213538, 0, 0.0, 40, 
2019-12-04 15:45:24.598,238118832, 501.71080084195637, 3948723, 26.288055496593532, 213562, 0, 0.0, 40, 
2019-12-04 15:45:25.622,248635632, 501.71080084195637, 3949189, 26.288055496593532, 213593, 0, 0.0, 40, 
2019-12-04 15:45:26.648,259706024, 501.71080084195637, 3949669, 26.288055496593532, 213618, 0, 0.0, 40, 
2019-12-04 15:45:27.673,268464272, 501.71080084195637, 3950134, 26.288055496593532, 213639, 0, 0.0, 40, 
2019-12-04 15:45:28.697,279809352, 501.71080084195637, 3950618, 26.288055496593532, 213668, 0, 0.0, 40, 
2019-12-04 15:45:29.722,290836032, 499.2233185492872, 3951125, 26.16907714829934, 213683, 0, 0.0, 40, 
2019-12-04 15:45:30.745,301213272, 499.2233185492872, 3951609, 26.16907714829934, 213712, 0, 0.0, 40, 
2019-12-04 15:45:31.771,311218392, 499.2233185492872, 3952079, 26.16907714829934, 213744, 0, 0.0, 40, 
2019-12-04 15:45:32.795,321888800, 499.2233185492872, 3952574, 26.16907714829934, 213769, 0, 0.0, 40, 
2019-12-04 15:45:33.821,332391216, 499.2233185492872, 3953101, 26.16907714829934, 213795, 0, 0.0, 40, 
2019-12-04 15:45:34.853,346053128, 498.0221203204688, 3953632, 26.171549603008398, 213819, 0, 0.0, 40, 
2019-12-04 15:45:35.878,356394488, 498.0221203204688, 3954107, 26.171549603008398, 213838, 0, 0.0, 40, 
2019-12-04 15:45:36.901,366709096, 498.0221203204688, 3954592, 26.171549603008398, 213866, 0, 0.0, 40, 
2019-12-04 15:45:37.926,375809280, 498.0221203204688, 3955036, 26.171549603008398, 213894, 0, 0.0, 40, 
2019-12-04 15:45:38.95,386675808, 498.0221203204688, 3955518, 26.171549603008398, 213917, 0, 0.0, 40, 
2019-12-04 15:45:39.975,398146648, 495.4777640625096, 3956028, 25.965939849190132, 213943, 0, 0.0, 40, 
2019-12-04 15:45:40.999,407957272, 495.4777640625096, 3956485, 25.965939849190132, 213972, 0, 0.0, 40, 
2019-12-04 15:45:42.022,418362104, 495.4777640625096, 3956959, 25.965939849190132, 213992, 0, 0.0, 40, 
2019-12-04 15:45:43.047,144177016, 495.4777640625096, 3957408, 25.965939849190132, 214016, 0, 0.0, 40, 
2019-12-04 15:45:44.071,156794000, 495.4777640625096, 3957918, 25.965939849190132, 214043, 0, 0.0, 40, 
2019-12-04 15:45:45.093,167141792, 493.29675446928843, 3958391, 25.82474309481873, 214067, 0, 0.0, 40, 
2019-12-04 15:45:46.117,176038176, 493.29675446928843, 3958836, 25.82474309481873, 214089, 0, 0.0, 40, 
2019-12-04 15:45:47.143,186762640, 493.29675446928843, 3959288, 25.82474309481873, 214114, 0, 0.0, 40, 
2019-12-04 15:45:48.165,197819520, 493.29675446928843, 3959786, 25.82474309481873, 214134, 0, 0.0, 40, 
2019-12-04 15:45:49.189,206875384, 493.29675446928843, 3960230, 25.82474309481873, 214155, 0, 0.0, 40, 
2019-12-04 15:45:50.22,217072112, 490.01083940886156, 3960705, 25.582897990076585, 214182, 0, 0.0, 40, 
2019-12-04 15:45:51.244,227631024, 490.01083940886156, 3961160, 25.582897990076585, 214212, 0, 0.0, 40, 
2019-12-04 15:45:52.267,237604520, 490.01083940886156, 3961657, 25.582897990076585, 214238, 0, 0.0, 40, 
2019-12-04 15:45:53.292,248584832, 490.01083940886156, 3962134, 25.582897990076585, 214276, 0, 0.0, 40, 
2019-12-04 15:45:54.32,259277856, 490.01083940886156, 3962600, 25.582897990076585, 214296, 0, 0.0, 40, 
2019-12-04 15:45:55.347,269269848, 487.81918969842434, 3963085, 25.760167679106516, 214324, 0, 0.0, 40, 
2019-12-04 15:45:56.374,279118904, 487.81918969842434, 3963557, 25.760167679106516, 214343, 0, 0.0, 40, 
2019-12-04 15:45:57.397,290591880, 487.81918969842434, 3964071, 25.760167679106516, 214372, 0, 0.0, 40, 
2019-12-04 15:45:58.421,300968128, 487.81918969842434, 3964524, 25.760167679106516, 214394, 0, 0.0, 40, 
2019-12-04 15:45:59.444,312124608, 487.81918969842434, 3965029, 25.760167679106516, 214422, 0, 0.0, 40, 
2019-12-04 15:46:00.467,320908792, 486.6023304772194, 3965491, 25.635423559047144, 214448, 0, 0.0, 40, 
2019-12-04 15:46:01.495,331756984, 486.6023304772194, 3965973, 25.635423559047144, 214473, 0, 0.0, 40, 
2019-12-04 15:46:02.518,341003776, 486.6023304772194, 3966438, 25.635423559047144, 214494, 0, 0.0, 40, 
2019-12-04 15:46:03.541,351525176, 486.6023304772194, 3966893, 25.635423559047144, 214519, 0, 0.0, 40, 
2019-12-04 15:46:04.569,362505056, 484.6832100936529, 3967392, 25.632591247647618, 214554, 0, 0.0, 40, 
2019-12-04 15:46:05.592,373424120, 484.6832100936529, 3967897, 25.632591247647618, 214581, 0, 0.0, 40, 
2019-12-04 15:46:06.62,384687632, 484.6832100936529, 3968407, 25.632591247647618, 214604, 0, 0.0, 40, 
2019-12-04 15:46:07.645,394203976, 484.6832100936529, 3968871, 25.632591247647618, 214632, 0, 0.0, 40, 
2019-12-04 15:46:08.668,404155904, 484.6832100936529, 3969329, 25.632591247647618, 214661, 0, 0.0, 40, 
2019-12-04 15:46:09.7,147468824, 483.8130366599028, 3969818, 25.677958746586402, 214686, 0, 0.0, 40, 
2019-12-04 15:46:10.724,159722768, 483.8130366599028, 3970329, 25.677958746586402, 214717, 0, 0.0, 40, 
2019-12-04 15:46:11.748,168265088, 483.8130366599028, 3970776, 25.677958746586402, 214747, 0, 0.0, 40, 
2019-12-04 15:46:12.771,177876032, 483.8130366599028, 3971256, 25.677958746586402, 214769, 0, 0.0, 40, 
2019-12-04 15:46:13.794,188126656, 483.8130366599028, 3971697, 25.677958746586402, 214789, 0, 0.0, 40, 
2019-12-04 15:46:14.817,198277120, 481.7811224377138, 3972172, 25.54379657277524, 214815, 0, 0.0, 40, 
2019-12-04 15:46:15.84,209948992, 481.7811224377138, 3972650, 25.54379657277524, 214843, 0, 0.0, 40, 
2019-12-04 15:46:16.866,220294216, 481.7811224377138, 3973093, 25.54379657277524, 214869, 0, 0.0, 40, 
2019-12-04 15:46:17.892,229403128, 481.7811224377138, 3973551, 25.54379657277524, 214892, 0, 0.0, 40, 
2019-12-04 15:46:18.919,240506224, 481.7811224377138, 3974034, 25.54379657277524, 214914, 0, 0.0, 40, 
2019-12-04 15:46:19.944,250732960, 479.8477066382864, 3974503, 25.372388062883346, 214932, 0, 0.0, 40, 
2019-12-04 15:46:20.972,261189912, 479.8477066382864, 3974966, 25.372388062883346, 214949, 0, 0.0, 40, 
2019-12-04 15:46:21.996,271974992, 479.8477066382864, 3975441, 25.372388062883346, 214971, 0, 0.0, 40, 
2019-12-04 15:46:23.022,281502368, 479.8477066382864, 3975930, 25.372388062883346, 214989, 0, 0.0, 40, 
2019-12-04 15:46:24.046,291975072, 479.8477066382864, 3976415, 25.372388062883346, 215021, 0, 0.0, 40, 
2019-12-04 15:46:25.07,301177968, 478.0848693479413, 3976854, 25.070764567070153, 215048, 0, 0.0, 40, 
2019-12-04 15:46:26.099,311721184, 478.0848693479413, 3977329, 25.070764567070153, 215071, 0, 0.0, 40, 
2019-12-04 15:46:27.126,322159056, 478.0848693479413, 3977800, 25.070764567070153, 215103, 0, 0.0, 40, 
2019-12-04 15:46:28.149,333251880, 478.0848693479413, 3978294, 25.070764567070153, 215120, 0, 0.0, 40, 
2019-12-04 15:46:29.175,343301456, 478.0848693479413, 3978799, 25.070764567070153, 215142, 0, 0.0, 40, 
2019-12-04 15:46:30.199,353612072, 477.23055436461743, 3979260, 25.04911542761242, 215171, 0, 0.0, 40, 
2019-12-04 15:46:31.222,364139608, 477.23055436461743, 3979738, 25.04911542761242, 215202, 0, 0.0, 40, 
2019-12-04 15:46:32.248,374321000, 477.23055436461743, 3980224, 25.04911542761242, 215225, 0, 0.0, 40, 
2019-12-04 15:46:33.27,384236912, 477.23055436461743, 3980704, 25.04911542761242, 215247, 0, 0.0, 40, 
2019-12-04 15:46:34.296,394862248, 477.23055436461743, 3981164, 25.04911542761242, 215275, 0, 0.0, 40, 
2019-12-04 15:46:35.329,400801464, 476.02877759194865, 3981446, 25.093161726069347, 215290, 0, 0.0, 40, 
2019-12-04 15:46:36.363,401713816, 476.02877759194865, 3981446, 25.093161726069347, 215290, 0, 0.0, 40, 
2019-12-04 15:46:37.39,402633040, 476.02877759194865, 3981446, 25.093161726069347, 215290, 0, 0.0, 40, 
