Timestamp, MemoryUsed, ReadLatency1, ReadCount, WriteLatency1, WriteCount, PendingTasks, WaitingOnCommit1, SRDelay, 
2019-12-10 14:51:29.816,683185184, 517.793518979679, 2392114, 27.453291618660565, 129217, 0, 0.0, 30, 
2019-12-10 14:51:30.961,699962400, 517.793518979679, 2392927, 27.453291618660565, 129257, 0, 0.0, 30, 
2019-12-10 14:51:32.01,713593888, 517.793518979679, 2393603, 27.453291618660565, 129304, 0, 0.0, 30, 
2019-12-10 14:51:33.051,728273952, 517.793518979679, 2394301, 27.453291618660565, 129333, 0, 0.0, 30, 
2019-12-10 14:51:34.088,745051168, 528.6679967838646, 2395147, 27.976737519541672, 129383, 0, 0.0, 30, 
2019-12-10 14:51:35.118,760779808, 528.6679967838646, 2395985, 27.976737519541672, 129418, 0, 0.0, 30, 
2019-12-10 14:51:36.15,779654176, 528.6679967838646, 2396914, 27.976737519541672, 129471, 0, 0.0, 30, 
2019-12-10 14:51:37.189,796431392, 528.6679967838646, 2397811, 27.976737519541672, 129526, 0, 0.0, 30, 
2019-12-10 14:51:38.214,169360904, 528.6679967838646, 2398671, 27.976737519541672, 129562, 0, 0.0, 30, 
2019-12-10 14:51:39.245,188235272, 554.7600631261962, 2399572, 29.22590461656645, 129603, 0, 0.0, 30, 
2019-12-10 14:51:40.271,206061064, 554.7600631261962, 2400525, 29.22590461656645, 129644, 0, 0.0, 30, 
2019-12-10 14:51:41.303,221789704, 554.7600631261962, 2401383, 29.22590461656645, 129697, 0, 0.0, 30, 
2019-12-10 14:51:42.332,239615496, 554.7600631261962, 2402275, 29.22590461656645, 129740, 0, 0.0, 30, 
2019-12-10 14:51:43.359,256392712, 554.7600631261962, 2403213, 29.22590461656645, 129788, 0, 0.0, 30, 
2019-12-10 14:51:44.384,274218504, 581.340492879532, 2404076, 30.423167178345228, 129830, 0, 0.0, 30, 
2019-12-10 14:51:45.413,290995720, 581.340492879532, 2404886, 30.423167178345228, 129880, 0, 0.0, 30, 
2019-12-10 14:51:46.443,307772936, 581.340492879532, 2405716, 30.423167178345228, 129917, 0, 0.0, 30, 
2019-12-10 14:51:47.471,323501576, 581.340492879532, 2406474, 30.423167178345228, 129950, 0, 0.0, 30, 
2019-12-10 14:51:48.5,337133064, 581.340492879532, 2407255, 30.423167178345228, 129997, 0, 0.0, 30, 
2019-12-10 14:51:49.528,352861704, 596.504829792463, 2408069, 31.26884403796842, 130047, 0, 0.0, 30, 
2019-12-10 14:51:50.554,368590344, 596.504829792463, 2408910, 31.26884403796842, 130089, 0, 0.0, 30, 
2019-12-10 14:51:51.579,386416136, 596.504829792463, 2409788, 31.26884403796842, 130140, 0, 0.0, 30, 
2019-12-10 14:51:52.61,402144776, 596.504829792463, 2410680, 31.26884403796842, 130188, 0, 0.0, 30, 
2019-12-10 14:51:53.636,418921992, 596.504829792463, 2411646, 31.26884403796842, 130233, 0, 0.0, 30, 
2019-12-10 14:51:54.662,437796360, 618.8040563834611, 2412702, 32.41470000195112, 130284, 0, 0.0, 30, 
2019-12-10 14:51:55.687,456670728, 618.8040563834611, 2413753, 32.41470000195112, 130334, 0, 0.0, 30, 
2019-12-10 14:51:56.718,475545096, 618.8040563834611, 2414782, 32.41470000195112, 130382, 0, 0.0, 30, 
2019-12-10 14:51:57.746,495468040, 618.8040563834611, 2415835, 32.41470000195112, 130431, 0, 0.0, 30, 
2019-12-10 14:51:58.771,518536712, 618.8040563834611, 2416861, 32.41470000195112, 130492, 0, 0.0, 30, 
2019-12-10 14:51:59.799,537411080, 650.3222238060678, 2417928, 33.88470742551062, 130542, 0, 0.0, 30, 
2019-12-10 14:52:00.822,556285448, 650.3222238060678, 2419005, 33.88470742551062, 130581, 0, 0.0, 30, 
2019-12-10 14:52:01.853,576208392, 650.3222238060678, 2420135, 33.88470742551062, 130623, 0, 0.0, 30, 
2019-12-10 14:52:02.886,599277064, 650.3222238060678, 2421374, 33.88470742551062, 130682, 0, 0.0, 30, 
2019-12-10 14:52:03.923,617102856, 684.2935751126449, 2422382, 34.93334832061161, 130734, 0, 0.0, 30, 
2019-12-10 14:52:04.955,618151432, 684.2935751126449, 2422413, 34.93334832061161, 130735, 0, 0.0, 30, 
2019-12-10 14:52:05.994,619200008, 684.2935751126449, 2422413, 34.93334832061161, 130735, 0, 0.0, 30, 
2019-12-10 14:52:07.035,620248584, 684.2935751126449, 2422413, 34.93334832061161, 130735, 0, 0.0, 30, 
