Timestamp, MemoryUsed, ReadLatency1, ReadCount, WriteLatency1, WriteCount, PendingTasks, WaitingOnCommit1, SRDelay, 
2019-12-10 14:51:29.952,379756984, 529.3338692235687, 2452138, 27.216009547444777, 132799, 0, 0.0, 30, 
2019-12-10 14:51:31.002,395975896, 529.3338692235687, 2452771, 27.216009547444777, 132831, 0, 0.0, 30, 
2019-12-10 14:51:32.043,131858064, 529.3338692235687, 2453463, 27.216009547444777, 132860, 0, 0.0, 30, 
2019-12-10 14:51:33.079,147314408, 529.3338692235687, 2454152, 27.216009547444777, 132898, 0, 0.0, 30, 
2019-12-10 14:51:34.111,167589304, 529.3338692235687, 2455022, 27.216009547444777, 132943, 0, 0.0, 30, 
2019-12-10 14:51:35.141,190096416, 542.6277750371157, 2455969, 27.854374177672724, 132993, 0, 0.0, 30, 
2019-12-10 14:51:36.18,213762160, 542.6277750371157, 2456865, 27.854374177672724, 133046, 0, 0.0, 30, 
2019-12-10 14:51:37.206,236150584, 542.6277750371157, 2457804, 27.854374177672724, 133089, 0, 0.0, 30, 
2019-12-10 14:51:38.235,257614384, 542.6277750371157, 2458684, 27.854374177672724, 133131, 0, 0.0, 30, 
2019-12-10 14:51:39.264,280027800, 542.6277750371157, 2459634, 27.854374177672724, 133180, 0, 0.0, 30, 
2019-12-10 14:51:40.292,302510968, 571.1217248938738, 2460641, 29.257244960991763, 133225, 0, 0.0, 30, 
2019-12-10 14:51:41.325,326927296, 571.1217248938738, 2461595, 29.257244960991763, 133279, 0, 0.0, 30, 
2019-12-10 14:51:42.352,349498952, 571.1217248938738, 2462539, 29.257244960991763, 133332, 0, 0.0, 30, 
2019-12-10 14:51:43.377,371646784, 571.1217248938738, 2463487, 29.257244960991763, 133373, 0, 0.0, 30, 
2019-12-10 14:51:44.407,393974816, 599.5921718177649, 2464392, 30.595921740853512, 133415, 0, 0.0, 30, 
2019-12-10 14:51:45.435,130598488, 599.5921718177649, 2465219, 30.595921740853512, 133468, 0, 0.0, 30, 
2019-12-10 14:51:46.464,151443040, 599.5921718177649, 2466027, 30.595921740853512, 133507, 0, 0.0, 30, 
2019-12-10 14:51:47.493,170709656, 599.5921718177649, 2466767, 30.595921740853512, 133551, 0, 0.0, 30, 
2019-12-10 14:51:48.519,190980528, 599.5921718177649, 2467658, 30.595921740853512, 133584, 0, 0.0, 30, 
2019-12-10 14:51:49.548,210395552, 615.9197282573501, 2468520, 31.411794791231763, 133624, 0, 0.0, 30, 
2019-12-10 14:51:50.571,230878400, 615.9197282573501, 2469436, 31.411794791231763, 133655, 0, 0.0, 30, 
2019-12-10 14:51:51.597,251558880, 615.9197282573501, 2470320, 31.411794791231763, 133704, 0, 0.0, 30, 
2019-12-10 14:51:52.629,275244544, 615.9197282573501, 2471290, 31.411794791231763, 133747, 0, 0.0, 30, 
2019-12-10 14:51:53.655,297920200, 615.9197282573501, 2472274, 31.411794791231763, 133807, 0, 0.0, 30, 
2019-12-10 14:51:54.681,322877424, 640.0887243305409, 2473297, 32.562212161132244, 133860, 0, 0.0, 30, 
2019-12-10 14:51:55.71,346636824, 640.0887243305409, 2474323, 32.562212161132244, 133928, 0, 0.0, 30, 
2019-12-10 14:51:56.738,368506048, 640.0887243305409, 2475304, 32.562212161132244, 133981, 0, 0.0, 30, 
2019-12-10 14:51:57.764,391965824, 640.0887243305409, 2476357, 32.562212161132244, 134050, 0, 0.0, 30, 
2019-12-10 14:51:58.792,132170520, 640.0887243305409, 2477376, 32.562212161132244, 134098, 0, 0.0, 30, 
2019-12-10 14:51:59.815,157734840, 668.67374765331, 2478443, 34.38822085636024, 134144, 0, 0.0, 30, 
2019-12-10 14:52:00.841,182453872, 668.67374765331, 2479563, 34.38822085636024, 134195, 0, 0.0, 30, 
2019-12-10 14:52:01.877,208223376, 668.67374765331, 2480667, 34.38822085636024, 134249, 0, 0.0, 30, 
2019-12-10 14:52:02.913,234852464, 668.67374765331, 2481894, 34.38822085636024, 134303, 0, 0.0, 30, 
2019-12-10 14:52:03.942,259985272, 668.67374765331, 2482949, 34.38822085636024, 134367, 0, 0.0, 30, 
2019-12-10 14:52:04.98,260912224, 695.9007234937723, 2482971, 35.57250532817114, 134369, 0, 0.0, 30, 
2019-12-10 14:52:06.019,261888128, 695.9007234937723, 2482971, 35.57250532817114, 134369, 0, 0.0, 30, 
2019-12-10 14:52:07.065,263118600, 695.9007234937723, 2482971, 35.57250532817114, 134369, 0, 0.0, 30, 
