Timestamp, MemoryUsed, ReadLatency1, ReadCount, WriteLatency1, WriteCount, PendingTasks, WaitingOnCommit1, SRDelay, 
2019-12-10 14:43:25.312,751481432, 82.17883094873432, 2115044, 9.219716673628389, 114721, 0, 0.0, 30, 
2019-12-10 14:43:26.438,752530008, 82.17883094873432, 2115044, 9.219716673628389, 114721, 0, 0.0, 30, 
2019-12-10 14:43:27.481,753578584, 82.17883094873432, 2115044, 9.219716673628389, 114721, 0, 0.0, 30, 
2019-12-10 14:43:28.524,755675736, 82.17883094873432, 2115044, 9.219716673628389, 114721, 0, 0.0, 30, 
2019-12-10 14:43:29.567,755675736, 75.60817441515037, 2115044, 8.482548830036643, 114721, 0, 0.0, 30, 
2019-12-10 14:43:30.601,757772888, 75.60817441515037, 2115044, 8.482548830036643, 114721, 0, 0.0, 30, 
2019-12-10 14:43:31.64,758821464, 75.60817441515037, 2115044, 8.482548830036643, 114721, 0, 0.0, 30, 
2019-12-10 14:43:32.676,759870040, 75.60817441515037, 2115044, 8.482548830036643, 114721, 0, 0.0, 30, 
2019-12-10 14:43:33.716,760918616, 75.60817441515037, 2115044, 8.482548830036643, 114721, 0, 0.0, 30, 
2019-12-10 14:43:34.751,761967192, 69.5628785709788, 2115044, 7.804321672895713, 114721, 0, 0.0, 30, 
2019-12-10 14:43:35.791,763015768, 69.5628785709788, 2115044, 7.804321672895713, 114721, 0, 0.0, 30, 
2019-12-10 14:43:36.835,765112920, 69.5628785709788, 2115089, 7.804321672895713, 114722, 0, 0.0, 30, 
2019-12-10 14:43:37.863,769307224, 69.5628785709788, 2115226, 7.804321672895713, 114732, 0, 0.0, 30, 
2019-12-10 14:43:38.892,775598680, 69.9816156804935, 2115422, 7.532127140749255, 114745, 0, 0.0, 30, 
2019-12-10 14:43:39.943,781890136, 69.9816156804935, 2115630, 7.532127140749255, 114757, 0, 0.0, 30, 
2019-12-10 14:43:40.982,791327320, 69.9816156804935, 2116001, 7.532127140749255, 114773, 0, 0.0, 30, 
2019-12-10 14:43:42.009,798667352, 69.9816156804935, 2116360, 7.532127140749255, 114785, 0, 0.0, 30, 
2019-12-10 14:43:43.035,157987440, 69.9816156804935, 2116764, 7.532127140749255, 114814, 0, 0.0, 30, 
2019-12-10 14:43:44.063,168473200, 91.39519137178851, 2117190, 8.385083159870602, 114841, 0, 0.0, 30, 
2019-12-10 14:43:45.094,177910384, 91.39519137178851, 2117591, 8.385083159870602, 114867, 0, 0.0, 30, 
2019-12-10 14:43:46.127,188396144, 91.39519137178851, 2118026, 8.385083159870602, 114892, 0, 0.0, 30, 
2019-12-10 14:43:47.155,197833328, 91.39519137178851, 2118458, 8.385083159870602, 114916, 0, 0.0, 30, 
2019-12-10 14:43:48.186,208319088, 91.39519137178851, 2118912, 8.385083159870602, 114940, 0, 0.0, 30, 
2019-12-10 14:43:49.214,218804848, 118.61245710865033, 2119412, 9.601600742189314, 114958, 0, 0.0, 30, 
2019-12-10 14:43:50.243,228242032, 118.61245710865033, 2119851, 9.601600742189314, 114976, 0, 0.0, 30, 
2019-12-10 14:43:51.27,238727792, 118.61245710865033, 2120311, 9.601600742189314, 115005, 0, 0.0, 30, 
2019-12-10 14:43:52.299,250262128, 118.61245710865033, 2120779, 9.601600742189314, 115028, 0, 0.0, 30, 
2019-12-10 14:43:53.328,259699312, 118.61245710865033, 2121277, 9.601600742189314, 115057, 0, 0.0, 30, 
2019-12-10 14:43:54.356,271233648, 145.30063548996804, 2121766, 10.704859832025878, 115086, 0, 0.0, 30, 
2019-12-10 14:43:55.385,281719408, 145.30063548996804, 2122261, 10.704859832025878, 115126, 0, 0.0, 30, 
2019-12-10 14:43:56.414,292205168, 145.30063548996804, 2122783, 10.704859832025878, 115152, 0, 0.0, 30, 
2019-12-10 14:43:57.444,303739504, 145.30063548996804, 2123281, 10.704859832025878, 115176, 0, 0.0, 30, 
2019-12-10 14:43:58.476,315273840, 145.30063548996804, 2123850, 10.704859832025878, 115215, 0, 0.0, 30, 
2019-12-10 14:43:59.501,326808176, 174.5883156002745, 2124418, 12.43950746385513, 115241, 0, 0.0, 30, 
2019-12-10 14:44:00.528,338342512, 174.5883156002745, 2124982, 12.43950746385513, 115275, 0, 0.0, 30, 
2019-12-10 14:44:01.553,350925424, 174.5883156002745, 2125550, 12.43950746385513, 115293, 0, 0.0, 30, 
2019-12-10 14:44:02.58,361411184, 174.5883156002745, 2126118, 12.43950746385513, 115321, 0, 0.0, 30, 
2019-12-10 14:44:03.609,375042672, 174.5883156002745, 2126698, 12.43950746385513, 115352, 0, 0.0, 30, 
2019-12-10 14:44:04.634,385528432, 204.5566032302239, 2127268, 13.53973569957142, 115384, 0, 0.0, 30, 
2019-12-10 14:44:05.66,400208496, 204.5566032302239, 2127838, 13.53973569957142, 115417, 0, 0.0, 30, 
2019-12-10 14:44:06.685,412791408, 204.5566032302239, 2128493, 13.53973569957142, 115446, 0, 0.0, 30, 
2019-12-10 14:44:07.711,424325744, 204.5566032302239, 2129157, 13.53973569957142, 115472, 0, 0.0, 30, 
2019-12-10 14:44:08.736,440054384, 204.5566032302239, 2129928, 13.53973569957142, 115498, 0, 0.0, 30, 
2019-12-10 14:44:09.762,455783024, 239.22881486107997, 2130684, 14.775870181697563, 115548, 0, 0.0, 30, 
2019-12-10 14:44:10.785,470463088, 239.22881486107997, 2131492, 14.775870181697563, 115579, 0, 0.0, 30, 
2019-12-10 14:44:11.81,484094576, 239.22881486107997, 2132220, 14.775870181697563, 115602, 0, 0.0, 30, 
2019-12-10 14:44:12.837,497726064, 239.22881486107997, 2132844, 14.775870181697563, 115637, 0, 0.0, 30, 
2019-12-10 14:44:13.862,511357552, 239.22881486107997, 2133580, 14.775870181697563, 115673, 0, 0.0, 30, 
2019-12-10 14:44:14.889,527086192, 277.02951171525086, 2134352, 16.248982266265273, 115701, 0, 0.0, 30, 
2019-12-10 14:44:15.918,541766256, 277.02951171525086, 2135124, 16.248982266265273, 115739, 0, 0.0, 30, 
2019-12-10 14:44:16.947,555397744, 277.02951171525086, 2135839, 16.248982266265273, 115779, 0, 0.0, 30, 
2019-12-10 14:44:17.975,569029232, 277.02951171525086, 2136575, 16.248982266265273, 115812, 0, 0.0, 30, 
2019-12-10 14:44:19.003,583709296, 313.0391477397355, 2137326, 17.764221982536107, 115852, 0, 0.0, 30, 
2019-12-10 14:44:20.027,597340784, 313.0391477397355, 2138062, 17.764221982536107, 115886, 0, 0.0, 30, 
2019-12-10 14:44:21.051,614118000, 313.0391477397355, 2138783, 17.764221982536107, 115918, 0, 0.0, 30, 
2019-12-10 14:44:22.082,627749488, 313.0391477397355, 2139495, 17.764221982536107, 115966, 0, 0.0, 30, 
2019-12-10 14:44:23.108,642429552, 313.0391477397355, 2140189, 17.764221982536107, 116002, 0, 0.0, 30, 
2019-12-10 14:44:24.136,656061040, 344.2826604221495, 2140942, 19.31822099105696, 116042, 0, 0.0, 30, 
2019-12-10 14:44:25.166,671789680, 344.2826604221495, 2141758, 19.31822099105696, 116080, 0, 0.0, 30, 
2019-12-10 14:44:26.199,688566896, 344.2826604221495, 2142670, 19.31822099105696, 116132, 0, 0.0, 30, 
2019-12-10 14:44:27.229,705344112, 344.2826604221495, 2143589, 19.31822099105696, 116185, 0, 0.0, 30, 
2019-12-10 14:44:28.252,724218480, 344.2826604221495, 2144631, 19.31822099105696, 116239, 0, 0.0, 30, 
2019-12-10 14:44:29.286,744141424, 388.65140114043515, 2145683, 21.61148942118939, 116300, 0, 0.0, 30, 
2019-12-10 14:44:30.313,757772912, 388.65140114043515, 2146407, 21.61148942118939, 116333, 0, 0.0, 30, 
2019-12-10 14:44:31.345,768258672, 388.65140114043515, 2146913, 21.61148942118939, 116357, 0, 0.0, 30, 
2019-12-10 14:44:32.372,778744432, 388.65140114043515, 2147414, 21.61148942118939, 116378, 0, 0.0, 30, 
2019-12-10 14:44:33.401,788181616, 388.65140114043515, 2147900, 21.61148942118939, 116405, 0, 0.0, 30, 
2019-12-10 14:44:34.442,166545256, 403.423083508664, 2148401, 22.10629540709082, 116428, 0, 0.0, 30, 
2019-12-10 14:44:35.476,178079592, 403.423083508664, 2148919, 22.10629540709082, 116450, 0, 0.0, 30, 
2019-12-10 14:44:36.507,188565352, 403.423083508664, 2149418, 22.10629540709082, 116478, 0, 0.0, 30, 
2019-12-10 14:44:37.538,199051112, 403.423083508664, 2149906, 22.10629540709082, 116502, 0, 0.0, 30, 
2019-12-10 14:44:38.567,209536872, 403.423083508664, 2150427, 22.10629540709082, 116520, 0, 0.0, 30, 
2019-12-10 14:44:39.597,220022632, 410.48931159998415, 2150933, 22.177752080965334, 116544, 0, 0.0, 30, 
2019-12-10 14:44:40.63,230508392, 410.48931159998415, 2151466, 22.177752080965334, 116574, 0, 0.0, 30, 
2019-12-10 14:44:41.662,242042728, 410.48931159998415, 2151924, 22.177752080965334, 116605, 0, 0.0, 30, 
2019-12-10 14:44:42.687,252528488, 410.48931159998415, 2152430, 22.177752080965334, 116626, 0, 0.0, 30, 
2019-12-10 14:44:43.72,264062824, 410.48931159998415, 2152954, 22.177752080965334, 116663, 0, 0.0, 30, 
2019-12-10 14:44:44.754,275597160, 417.18244869278976, 2153442, 22.611291087356683, 116687, 0, 0.0, 30, 
2019-12-10 14:44:45.781,285034344, 417.18244869278976, 2153919, 22.611291087356683, 116714, 0, 0.0, 30, 
2019-12-10 14:44:46.815,295520104, 417.18244869278976, 2154375, 22.611291087356683, 116739, 0, 0.0, 30, 
2019-12-10 14:44:47.846,307054440, 417.18244869278976, 2154885, 22.611291087356683, 116764, 0, 0.0, 30, 
2019-12-10 14:44:48.874,317540200, 421.1336579351432, 2155369, 22.70633500430242, 116786, 0, 0.0, 30, 
2019-12-10 14:44:49.907,328025960, 421.1336579351432, 2155867, 22.70633500430242, 116818, 0, 0.0, 30, 
2019-12-10 14:44:50.94,338511720, 421.1336579351432, 2156345, 22.70633500430242, 116839, 0, 0.0, 30, 
2019-12-10 14:44:51.971,350046056, 421.1336579351432, 2156818, 22.70633500430242, 116861, 0, 0.0, 30, 
2019-12-10 14:44:52.999,360531816, 421.1336579351432, 2157300, 22.70633500430242, 116889, 0, 0.0, 30, 
2019-12-10 14:44:54.073,371017576, 425.13674162230734, 2157811, 22.809770746306974, 116914, 0, 0.0, 30, 
2019-12-10 14:44:55.107,385697640, 425.13674162230734, 2158301, 22.809770746306974, 116939, 0, 0.0, 30, 
2019-12-10 14:44:56.143,396183400, 425.13674162230734, 2158810, 22.809770746306974, 116960, 0, 0.0, 30, 
2019-12-10 14:44:57.17,406669160, 425.13674162230734, 2159301, 22.809770746306974, 116983, 0, 0.0, 30, 
2019-12-10 14:44:58.197,417154920, 425.13674162230734, 2159771, 22.809770746306974, 117016, 0, 0.0, 30, 
2019-12-10 14:44:59.226,428689256, 428.53191630264206, 2160239, 23.080838510826794, 117044, 0, 0.0, 30, 
2019-12-10 14:45:00.254,439175016, 428.53191630264206, 2160725, 23.080838510826794, 117063, 0, 0.0, 30, 
2019-12-10 14:45:01.285,449660776, 428.53191630264206, 2161183, 23.080838510826794, 117097, 0, 0.0, 30, 
2019-12-10 14:45:02.311,460146536, 428.53191630264206, 2161673, 23.080838510826794, 117120, 0, 0.0, 30, 
2019-12-10 14:45:03.339,471680872, 428.53191630264206, 2162178, 23.080838510826794, 117142, 0, 0.0, 30, 
2019-12-10 14:45:04.375,481118056, 431.9594590283835, 2162666, 23.186312839892093, 117168, 0, 0.0, 30, 
2019-12-10 14:45:05.405,491603816, 431.9594590283835, 2163134, 23.186312839892093, 117192, 0, 0.0, 30, 
2019-12-10 14:45:06.433,503138152, 431.9594590283835, 2163660, 23.186312839892093, 117209, 0, 0.0, 30, 
2019-12-10 14:45:07.461,513623912, 431.9594590283835, 2164136, 23.186312839892093, 117235, 0, 0.0, 30, 
2019-12-10 14:45:08.489,522012520, 431.9594590283835, 2164567, 23.186312839892093, 117265, 0, 0.0, 30, 
2019-12-10 14:45:09.517,533546856, 434.6971815251777, 2165062, 23.139433853568175, 117288, 0, 0.0, 30, 
2019-12-10 14:45:10.544,545081192, 434.6971815251777, 2165556, 23.139433853568175, 117332, 0, 0.0, 30, 
2019-12-10 14:45:11.576,556615528, 434.6971815251777, 2166074, 23.139433853568175, 117363, 0, 0.0, 30, 
2019-12-10 14:45:12.61,567101288, 434.6971815251777, 2166538, 23.139433853568175, 117393, 0, 0.0, 30, 
2019-12-10 14:45:13.634,576538472, 434.6971815251777, 2166971, 23.139433853568175, 117420, 0, 0.0, 30, 
2019-12-10 14:45:14.664,588072808, 437.5678123927893, 2167602, 23.767930021151056, 117451, 0, 0.0, 30, 
2019-12-10 14:45:15.693,601704296, 437.5678123927893, 2168184, 23.767930021151056, 117478, 0, 0.0, 30, 
2019-12-10 14:45:16.717,616384360, 437.5678123927893, 2168838, 23.767930021151056, 117509, 0, 0.0, 30, 
2019-12-10 14:45:17.744,628967272, 437.5678123927893, 2169524, 23.767930021151056, 117552, 0, 0.0, 30, 
2019-12-10 14:45:18.767,646793064, 437.5678123927893, 2170360, 23.767930021151056, 117593, 0, 0.0, 30, 
2019-12-10 14:45:19.789,663570280, 455.96017060702115, 2171240, 24.538067814641245, 117633, 0, 0.0, 30, 
2019-12-10 14:45:20.815,680347496, 455.96017060702115, 2172118, 24.538067814641245, 117674, 0, 0.0, 30, 
2019-12-10 14:45:21.839,697124712, 455.96017060702115, 2172976, 24.538067814641245, 117715, 0, 0.0, 30, 
2019-12-10 14:45:22.863,715999080, 455.96017060702115, 2173902, 24.538067814641245, 117756, 0, 0.0, 30, 
2019-12-10 14:45:23.889,733824872, 489.48073657683943, 2174835, 25.934246824224665, 117808, 0, 0.0, 30, 
2019-12-10 14:45:24.914,751650664, 489.48073657683943, 2175758, 25.934246824224665, 117866, 0, 0.0, 30, 
2019-12-10 14:45:25.938,768427880, 489.48073657683943, 2176690, 25.934246824224665, 117911, 0, 0.0, 30, 
2019-12-10 14:45:26.96,785205096, 489.48073657683943, 2177540, 25.934246824224665, 117969, 0, 0.0, 30, 
2019-12-10 14:45:27.983,165672992, 489.48073657683943, 2178438, 25.934246824224665, 118020, 0, 0.0, 30, 
2019-12-10 14:45:29.007,184547360, 521.3125953311808, 2179388, 27.986367143373087, 118066, 0, 0.0, 30, 
2019-12-10 14:45:30.03,202373152, 521.3125953311808, 2180354, 27.986367143373087, 118108, 0, 0.0, 30, 
2019-12-10 14:45:31.053,222296096, 521.3125953311808, 2181379, 27.986367143373087, 118155, 0, 0.0, 30, 
2019-12-10 14:45:32.074,239073312, 521.3125953311808, 2182279, 27.986367143373087, 118204, 0, 0.0, 30, 
2019-12-10 14:45:33.096,257947680, 521.3125953311808, 2183257, 27.986367143373087, 118253, 0, 0.0, 30, 
2019-12-10 14:45:34.122,273676320, 554.8849385612505, 2184181, 29.458639937225417, 118299, 0, 0.0, 30, 
2019-12-10 14:45:35.145,293599264, 554.8849385612505, 2185103, 29.458639937225417, 118345, 0, 0.0, 30, 
2019-12-10 14:45:36.169,311425056, 554.8849385612505, 2186035, 29.458639937225417, 118392, 0, 0.0, 30, 
2019-12-10 14:45:37.201,329250848, 554.8849385612505, 2187040, 29.458639937225417, 118438, 0, 0.0, 30, 
2019-12-10 14:45:38.225,351270944, 554.8849385612505, 2188012, 29.458639937225417, 118494, 0, 0.0, 30, 
2019-12-10 14:45:39.247,369096736, 584.6536072409051, 2188977, 30.829187415094093, 118551, 0, 0.0, 30, 
2019-12-10 14:45:40.27,389019680, 584.6536072409051, 2189983, 30.829187415094093, 118600, 0, 0.0, 30, 
2019-12-10 14:45:41.292,407894048, 584.6536072409051, 2190995, 30.829187415094093, 118649, 0, 0.0, 30, 
2019-12-10 14:45:42.316,426768416, 584.6536072409051, 2192032, 30.829187415094093, 118694, 0, 0.0, 30, 
2019-12-10 14:45:43.341,446691360, 584.6536072409051, 2193099, 30.829187415094093, 118742, 0, 0.0, 30, 
2019-12-10 14:45:44.372,466614304, 618.5344981226712, 2194132, 32.346009840277645, 118807, 0, 0.0, 30, 
2019-12-10 14:45:45.394,486537248, 618.5344981226712, 2195176, 32.346009840277645, 118876, 0, 0.0, 30, 
2019-12-10 14:45:46.421,520091680, 618.5344981226712, 2196290, 32.346009840277645, 118936, 0, 0.0, 30, 
2019-12-10 14:45:47.452,542111776, 618.5344981226712, 2197470, 32.346009840277645, 118994, 0, 0.0, 30, 
2019-12-10 14:45:48.48,564131872, 618.5344981226712, 2198681, 32.346009840277645, 119047, 0, 0.0, 30, 
2019-12-10 14:45:49.509,584054816, 656.1988160732046, 2199772, 34.49313634303664, 119114, 0, 0.0, 30, 
2019-12-10 14:45:50.531,602929184, 656.1988160732046, 2200828, 34.49313634303664, 119168, 0, 0.0, 30, 
2019-12-10 14:45:51.554,623900704, 656.1988160732046, 2201941, 34.49313634303664, 119223, 0, 0.0, 30, 
2019-12-10 14:45:52.577,646969376, 656.1988160732046, 2203152, 34.49313634303664, 119290, 0, 0.0, 30, 
2019-12-10 14:45:53.602,668989472, 656.1988160732046, 2204356, 34.49313634303664, 119351, 0, 0.0, 30, 
2019-12-10 14:45:54.626,689960992, 693.3142934638327, 2205575, 36.468588089402644, 119419, 0, 0.0, 30, 
2019-12-10 14:45:55.65,711981088, 693.3142934638327, 2206731, 36.468588089402644, 119488, 0, 0.0, 30, 
2019-12-10 14:45:56.672,736098336, 693.3142934638327, 2207916, 36.468588089402644, 119552, 0, 0.0, 30, 
2019-12-10 14:45:57.695,756021280, 693.3142934638327, 2209024, 36.468588089402644, 119616, 0, 0.0, 30, 
2019-12-10 14:45:58.716,778041376, 693.3142934638327, 2210175, 36.468588089402644, 119678, 0, 0.0, 30, 
2019-12-10 14:45:59.738,800061472, 728.5655682114963, 2211386, 38.71785159601808, 119739, 0, 0.0, 30, 
2019-12-10 14:46:00.761,176040640, 728.5655682114963, 2212561, 38.71785159601808, 119807, 0, 0.0, 30, 
2019-12-10 14:46:01.785,195963584, 728.5655682114963, 2213567, 38.71785159601808, 119851, 0, 0.0, 30, 
2019-12-10 14:46:02.808,205400768, 728.5655682114963, 2214032, 38.71785159601808, 119873, 0, 0.0, 30, 
2019-12-10 14:46:03.837,215886528, 728.5655682114963, 2214513, 38.71785159601808, 119890, 0, 0.0, 30, 
2019-12-10 14:46:04.86,226372288, 737.011631040445, 2214987, 38.83635763926467, 119917, 0, 0.0, 30, 
2019-12-10 14:46:05.904,236858048, 737.011631040445, 2215498, 38.83635763926467, 119947, 0, 0.0, 30, 
2019-12-10 14:46:06.933,247343808, 737.011631040445, 2215981, 38.83635763926467, 119973, 0, 0.0, 30, 
2019-12-10 14:46:07.965,257829568, 737.011631040445, 2216449, 38.83635763926467, 119990, 0, 0.0, 30, 
2019-12-10 14:46:08.99,267266752, 715.5985953115304, 2216940, 37.618125745300276, 120011, 0, 0.0, 30, 
2019-12-10 14:46:10.019,277752512, 715.5985953115304, 2217462, 37.618125745300276, 120039, 0, 0.0, 30, 
2019-12-10 14:46:11.045,289286848, 715.5985953115304, 2217928, 37.618125745300276, 120060, 0, 0.0, 30, 
2019-12-10 14:46:12.07,298724032, 715.5985953115304, 2218393, 37.618125745300276, 120088, 0, 0.0, 30, 
2019-12-10 14:46:13.097,308161216, 715.5985953115304, 2218886, 37.618125745300276, 120113, 0, 0.0, 30, 
2019-12-10 14:46:14.123,317598400, 696.1215270279224, 2219376, 36.56126276383158, 120139, 0, 0.0, 30, 
2019-12-10 14:46:15.15,328084160, 696.1215270279224, 2219860, 36.56126276383158, 120157, 0, 0.0, 30, 
2019-12-10 14:46:16.177,337521344, 696.1215270279224, 2220323, 36.56126276383158, 120182, 0, 0.0, 30, 
2019-12-10 14:46:17.21,348007104, 696.1215270279224, 2220842, 36.56126276383158, 120206, 0, 0.0, 30, 
2019-12-10 14:46:18.249,358492864, 696.1215270279224, 2221322, 36.56126276383158, 120239, 0, 0.0, 30, 
2019-12-10 14:46:19.279,367930048, 678.0578390865677, 2221776, 35.65286634899935, 120269, 0, 0.0, 30, 
2019-12-10 14:46:20.311,378415808, 678.0578390865677, 2222262, 35.65286634899935, 120299, 0, 0.0, 30, 
2019-12-10 14:46:21.343,388901568, 678.0578390865677, 2222738, 35.65286634899935, 120321, 0, 0.0, 30, 
2019-12-10 14:46:22.376,398338752, 678.0578390865677, 2223208, 35.65286634899935, 120349, 0, 0.0, 30, 
2019-12-10 14:46:23.408,407775936, 678.0578390865677, 2223707, 35.65286634899935, 120376, 0, 0.0, 30, 
2019-12-10 14:46:24.433,419310272, 661.3744794202206, 2224193, 34.913048003708475, 120410, 0, 0.0, 30, 
2019-12-10 14:46:25.459,428747456, 661.3744794202206, 2224679, 34.913048003708475, 120434, 0, 0.0, 30, 
2019-12-10 14:46:26.483,438184640, 661.3744794202206, 2225160, 34.913048003708475, 120454, 0, 0.0, 30, 
2019-12-10 14:46:27.509,447621824, 661.3744794202206, 2225634, 34.913048003708475, 120473, 0, 0.0, 30, 
2019-12-10 14:46:28.542,458107584, 661.3744794202206, 2226155, 34.913048003708475, 120504, 0, 0.0, 30, 
2019-12-10 14:46:29.567,468593344, 646.3608610005028, 2226632, 34.13643556483848, 120530, 0, 0.0, 30, 
2019-12-10 14:46:30.593,483273408, 646.3608610005028, 2227133, 34.13643556483848, 120555, 0, 0.0, 30, 
2019-12-10 14:46:31.624,493759168, 646.3608610005028, 2227628, 34.13643556483848, 120581, 0, 0.0, 30, 
2019-12-10 14:46:32.649,503196352, 646.3608610005028, 2228091, 34.13643556483848, 120616, 0, 0.0, 30, 
2019-12-10 14:46:33.676,512633536, 646.3608610005028, 2228557, 34.13643556483848, 120640, 0, 0.0, 30, 
2019-12-10 14:46:34.713,522070720, 632.2278428885828, 2229009, 33.46989097934689, 120664, 0, 0.0, 30, 
2019-12-10 14:46:35.74,533605056, 632.2278428885828, 2229518, 33.46989097934689, 120685, 0, 0.0, 30, 
2019-12-10 14:46:36.767,543042240, 632.2278428885828, 2229988, 33.46989097934689, 120711, 0, 0.0, 30, 
2019-12-10 14:46:37.798,552479424, 632.2278428885828, 2230472, 33.46989097934689, 120739, 0, 0.0, 30, 
2019-12-10 14:46:38.824,562965184, 632.2278428885828, 2230972, 33.46989097934689, 120765, 0, 0.0, 30, 
2019-12-10 14:46:39.85,573450944, 619.128891810411, 2231450, 32.72871141977085, 120783, 0, 0.0, 30, 
2019-12-10 14:46:40.878,583936704, 619.128891810411, 2231919, 32.72871141977085, 120817, 0, 0.0, 30, 
2019-12-10 14:46:41.903,593373888, 619.128891810411, 2232389, 32.72871141977085, 120835, 0, 0.0, 30, 
2019-12-10 14:46:42.933,602811072, 619.128891810411, 2232871, 32.72871141977085, 120862, 0, 0.0, 30, 
2019-12-10 14:46:43.96,612248256, 606.6934882236569, 2233348, 31.93485548622655, 120886, 0, 0.0, 30, 
2019-12-10 14:46:44.985,622734016, 606.6934882236569, 2233841, 31.93485548622655, 120916, 0, 0.0, 30, 
2019-12-10 14:46:46.01,632171200, 606.6934882236569, 2234337, 31.93485548622655, 120936, 0, 0.0, 30, 
2019-12-10 14:46:47.036,642656960, 606.6934882236569, 2234841, 31.93485548622655, 120958, 0, 0.0, 30, 
2019-12-10 14:46:48.065,652094144, 606.6934882236569, 2235317, 31.93485548622655, 120979, 0, 0.0, 30, 
2019-12-10 14:46:49.091,662579904, 596.6595829125263, 2235820, 31.25244611977117, 121002, 0, 0.0, 30, 
2019-12-10 14:46:50.116,672017088, 596.6595829125263, 2236303, 31.25244611977117, 121033, 0, 0.0, 30, 
2019-12-10 14:46:51.142,682502848, 596.6595829125263, 2236799, 31.25244611977117, 121054, 0, 0.0, 30, 
2019-12-10 14:46:52.166,691940032, 596.6595829125263, 2237279, 31.25244611977117, 121080, 0, 0.0, 30, 
2019-12-10 14:46:53.192,703474368, 596.6595829125263, 2237784, 31.25244611977117, 121107, 0, 0.0, 30, 
2019-12-10 14:46:54.215,712911552, 586.8682552765063, 2238250, 30.784510364414523, 121131, 0, 0.0, 30, 
2019-12-10 14:46:55.239,723397312, 586.8682552765063, 2238738, 30.784510364414523, 121158, 0, 0.0, 30, 
2019-12-10 14:46:56.264,732834496, 586.8682552765063, 2239193, 30.784510364414523, 121199, 0, 0.0, 30, 
2019-12-10 14:46:57.288,743320256, 586.8682552765063, 2239651, 30.784510364414523, 121228, 0, 0.0, 30, 
2019-12-10 14:46:58.316,753806016, 586.8682552765063, 2240145, 30.784510364414523, 121253, 0, 0.0, 30, 
2019-12-10 14:46:59.34,762194624, 576.9163230658064, 2240610, 30.70579326192426, 121289, 0, 0.0, 30, 
2019-12-10 14:47:00.366,772680384, 576.9163230658064, 2241068, 30.70579326192426, 121307, 0, 0.0, 30, 
2019-12-10 14:47:01.394,783166144, 576.9163230658064, 2241538, 30.70579326192426, 121329, 0, 0.0, 30, 
2019-12-10 14:47:02.419,792603328, 576.9163230658064, 2242010, 30.70579326192426, 121350, 0, 0.0, 30, 
2019-12-10 14:47:03.515,159433352, 576.9163230658064, 2242494, 30.70579326192426, 121376, 0, 0.0, 30, 
2019-12-10 14:47:04.541,170967688, 567.6641567181375, 2243055, 30.02570758262515, 121399, 0, 0.0, 30, 
2019-12-10 14:47:05.567,181453448, 567.6641567181375, 2243522, 30.02570758262515, 121426, 0, 0.0, 30, 
2019-12-10 14:47:06.594,190890632, 567.6641567181375, 2243989, 30.02570758262515, 121447, 0, 0.0, 30, 
2019-12-10 14:47:07.618,200327816, 567.6641567181375, 2244461, 30.02570758262515, 121474, 0, 0.0, 30, 
2019-12-10 14:47:08.642,211862152, 567.6641567181375, 2244983, 30.02570758262515, 121490, 0, 0.0, 30, 
2019-12-10 14:47:09.666,222347912, 560.287122059007, 2245479, 29.384007434842477, 121522, 0, 0.0, 30, 
2019-12-10 14:47:10.701,230736520, 560.287122059007, 2245933, 29.384007434842477, 121552, 0, 0.0, 30, 
2019-12-10 14:47:11.729,241222280, 560.287122059007, 2246390, 29.384007434842477, 121576, 0, 0.0, 30, 
2019-12-10 14:47:12.755,252756616, 560.287122059007, 2246870, 29.384007434842477, 121598, 0, 0.0, 30, 
2019-12-10 14:47:13.779,262193800, 560.287122059007, 2247348, 29.384007434842477, 121621, 0, 0.0, 30, 
2019-12-10 14:47:14.807,272679560, 552.4924821486763, 2247841, 29.09744602241679, 121646, 0, 0.0, 30, 
2019-12-10 14:47:15.846,283165320, 552.4924821486763, 2248351, 29.09744602241679, 121681, 0, 0.0, 30, 
2019-12-10 14:47:16.87,293651080, 552.4924821486763, 2248842, 29.09744602241679, 121710, 0, 0.0, 30, 
2019-12-10 14:47:17.895,304136840, 552.4924821486763, 2249353, 29.09744602241679, 121743, 0, 0.0, 30, 
2019-12-10 14:47:18.92,313574024, 546.9681522937659, 2249832, 29.073663551578274, 121768, 0, 0.0, 30, 
2019-12-10 14:47:19.965,325108360, 546.9681522937659, 2250341, 29.073663551578274, 121795, 0, 0.0, 30, 
2019-12-10 14:47:20.992,334545544, 546.9681522937659, 2250819, 29.073663551578274, 121816, 0, 0.0, 30, 
2019-12-10 14:47:22.015,345031304, 546.9681522937659, 2251320, 29.073663551578274, 121837, 0, 0.0, 30, 
2019-12-10 14:47:23.039,354468488, 546.9681522937659, 2251817, 29.073663551578274, 121858, 0, 0.0, 30, 
2019-12-10 14:47:24.064,364954248, 541.0379942612564, 2252264, 28.604031344041427, 121890, 0, 0.0, 30, 
2019-12-10 14:47:25.09,375440008, 541.0379942612564, 2252741, 28.604031344041427, 121917, 0, 0.0, 30, 
2019-12-10 14:47:26.118,384877192, 541.0379942612564, 2253227, 28.604031344041427, 121936, 0, 0.0, 30, 
2019-12-10 14:47:27.141,395362952, 541.0379942612564, 2253725, 28.604031344041427, 121957, 0, 0.0, 30, 
2019-12-10 14:47:28.164,403751560, 541.0379942612564, 2254191, 28.604031344041427, 121990, 0, 0.0, 30, 
2019-12-10 14:47:29.188,415285896, 535.3581098465389, 2254676, 28.299877791160192, 122018, 0, 0.0, 30, 
2019-12-10 14:47:30.212,425771656, 535.3581098465389, 2255186, 28.299877791160192, 122040, 0, 0.0, 30, 
2019-12-10 14:47:31.237,434160264, 535.3581098465389, 2255636, 28.299877791160192, 122059, 0, 0.0, 30, 
2019-12-10 14:47:32.261,445694600, 535.3581098465389, 2256119, 28.299877791160192, 122088, 0, 0.0, 30, 
2019-12-10 14:47:33.286,457228936, 535.3581098465389, 2256614, 28.299877791160192, 122113, 0, 0.0, 30, 
2019-12-10 14:47:34.318,466666120, 530.1323639150378, 2257101, 27.95607854534561, 122145, 0, 0.0, 30, 
2019-12-10 14:47:35.343,478200456, 530.1323639150378, 2257601, 27.95607854534561, 122168, 0, 0.0, 30, 
2019-12-10 14:47:36.374,487637640, 530.1323639150378, 2258079, 27.95607854534561, 122189, 0, 0.0, 30, 
2019-12-10 14:47:37.4,498123400, 530.1323639150378, 2258550, 27.95607854534561, 122214, 0, 0.0, 30, 
2019-12-10 14:47:38.424,507560584, 530.1323639150378, 2259013, 27.95607854534561, 122248, 0, 0.0, 30, 
2019-12-10 14:47:39.449,518046344, 525.3724189097109, 2259497, 27.847652491443885, 122276, 0, 0.0, 30, 
2019-12-10 14:47:40.473,527483528, 525.3724189097109, 2260004, 27.847652491443885, 122304, 0, 0.0, 30, 
2019-12-10 14:47:41.497,536920712, 525.3724189097109, 2260475, 27.847652491443885, 122332, 0, 0.0, 30, 
2019-12-10 14:47:42.522,547406472, 525.3724189097109, 2260948, 27.847652491443885, 122353, 0, 0.0, 30, 
2019-12-10 14:47:43.545,556843656, 525.3724189097109, 2261407, 27.847652491443885, 122379, 0, 0.0, 30, 
2019-12-10 14:47:44.573,567329416, 520.7851735716532, 2261899, 27.61996676955822, 122401, 0, 0.0, 30, 
2019-12-10 14:47:45.601,577815176, 520.7851735716532, 2262389, 27.61996676955822, 122419, 0, 0.0, 30, 
2019-12-10 14:47:46.643,589349512, 520.7851735716532, 2262882, 27.61996676955822, 122448, 0, 0.0, 30, 
2019-12-10 14:47:47.67,597738120, 520.7851735716532, 2263362, 27.61996676955822, 122472, 0, 0.0, 30, 
2019-12-10 14:47:48.705,608223880, 520.7851735716532, 2263824, 27.61996676955822, 122487, 0, 0.0, 30, 
2019-12-10 14:47:49.731,616612488, 516.4047929490976, 2264295, 27.106654568437904, 122505, 0, 0.0, 30, 
2019-12-10 14:47:50.757,627098248, 516.4047929490976, 2264805, 27.106654568437904, 122528, 0, 0.0, 30, 
2019-12-10 14:47:51.783,638632584, 516.4047929490976, 2265308, 27.106654568437904, 122553, 0, 0.0, 30, 
2019-12-10 14:47:52.807,648069768, 516.4047929490976, 2265836, 27.106654568437904, 122573, 0, 0.0, 30, 
2019-12-10 14:47:53.836,658555528, 516.4047929490976, 2266322, 27.106654568437904, 122593, 0, 0.0, 30, 
2019-12-10 14:47:54.861,671138440, 514.0377243990747, 2266809, 26.570420076539527, 122614, 0, 0.0, 30, 
2019-12-10 14:47:55.884,680575624, 514.0377243990747, 2267287, 26.570420076539527, 122637, 0, 0.0, 30, 
2019-12-10 14:47:56.937,691061384, 514.0377243990747, 2267790, 26.570420076539527, 122658, 0, 0.0, 30, 
2019-12-10 14:47:57.965,702595720, 514.0377243990747, 2268260, 26.570420076539527, 122678, 0, 0.0, 30, 
2019-12-10 14:47:58.993,712032904, 510.56463571757655, 2268744, 26.15701611270751, 122708, 0, 0.0, 30, 
2019-12-10 14:48:00.024,722518664, 510.56463571757655, 2269246, 26.15701611270751, 122728, 0, 0.0, 30, 
2019-12-10 14:48:01.052,733004424, 510.56463571757655, 2269725, 26.15701611270751, 122749, 0, 0.0, 30, 
2019-12-10 14:48:02.079,743490184, 510.56463571757655, 2270218, 26.15701611270751, 122770, 0, 0.0, 30, 
2019-12-10 14:48:03.106,752927368, 510.56463571757655, 2270675, 26.15701611270751, 122791, 0, 0.0, 30, 
2019-12-10 14:48:04.141,763413128, 507.30527540635535, 2271144, 25.760674987724105, 122810, 0, 0.0, 30, 
2019-12-10 14:48:05.176,775996040, 507.30527540635535, 2271625, 25.760674987724105, 122835, 0, 0.0, 30, 
2019-12-10 14:48:06.202,786481800, 507.30527540635535, 2272129, 25.760674987724105, 122860, 0, 0.0, 30, 
2019-12-10 14:48:07.229,795918984, 507.30527540635535, 2272631, 25.760674987724105, 122881, 0, 0.0, 30, 
2019-12-10 14:48:08.255,165016816, 507.30527540635535, 2273141, 25.760674987724105, 122904, 0, 0.0, 30, 
2019-12-10 14:48:09.282,175502576, 505.09008389338436, 2273622, 25.57192583721071, 122933, 0, 0.0, 30, 
2019-12-10 14:48:10.307,188085488, 505.09008389338436, 2274149, 25.57192583721071, 122963, 0, 0.0, 30, 
2019-12-10 14:48:11.338,198571248, 505.09008389338436, 2274630, 25.57192583721071, 122982, 0, 0.0, 30, 
2019-12-10 14:48:12.364,209057008, 505.09008389338436, 2275106, 25.57192583721071, 123006, 0, 0.0, 30, 
2019-12-10 14:48:13.391,219542768, 505.09008389338436, 2275625, 25.57192583721071, 123025, 0, 0.0, 30, 
2019-12-10 14:48:14.419,230028528, 503.5157517096911, 2276106, 25.382277118440694, 123050, 0, 0.0, 30, 
2019-12-10 14:48:15.445,240514288, 503.5157517096911, 2276591, 25.382277118440694, 123074, 0, 0.0, 30, 
2019-12-10 14:48:16.472,252048624, 503.5157517096911, 2277107, 25.382277118440694, 123093, 0, 0.0, 30, 
2019-12-10 14:48:17.497,264631536, 503.5157517096911, 2277629, 25.382277118440694, 123118, 0, 0.0, 30, 
2019-12-10 14:48:18.526,274068720, 503.5157517096911, 2278111, 25.382277118440694, 123139, 0, 0.0, 30, 
2019-12-10 14:48:19.553,283505904, 501.603553782163, 2278577, 25.031889586179243, 123160, 0, 0.0, 30, 
2019-12-10 14:48:20.579,296088816, 501.603553782163, 2279084, 25.031889586179243, 123179, 0, 0.0, 30, 
2019-12-10 14:48:21.615,306574576, 501.603553782163, 2279567, 25.031889586179243, 123203, 0, 0.0, 30, 
2019-12-10 14:48:22.642,317060336, 501.603553782163, 2280066, 25.031889586179243, 123226, 0, 0.0, 30, 
2019-12-10 14:48:23.668,327546096, 501.603553782163, 2280569, 25.031889586179243, 123253, 0, 0.0, 30, 
2019-12-10 14:48:24.692,338031856, 499.95618457879397, 2281064, 24.917402016130108, 123289, 0, 0.0, 30, 
2019-12-10 14:48:25.719,348517616, 499.95618457879397, 2281547, 24.917402016130108, 123320, 0, 0.0, 30, 
2019-12-10 14:48:26.745,360051952, 499.95618457879397, 2282026, 24.917402016130108, 123343, 0, 0.0, 30, 
2019-12-10 14:48:27.772,369489136, 499.95618457879397, 2282534, 24.917402016130108, 123375, 0, 0.0, 30, 
2019-12-10 14:48:28.797,379974896, 499.95618457879397, 2283001, 24.917402016130108, 123398, 0, 0.0, 30, 
2019-12-10 14:48:29.824,391509232, 497.92881599802956, 2283464, 25.17986405946703, 123426, 0, 0.0, 30, 
2019-12-10 14:48:30.85,401994992, 497.92881599802956, 2283957, 25.17986405946703, 123450, 0, 0.0, 30, 
2019-12-10 14:48:31.875,412480752, 497.92881599802956, 2284445, 25.17986405946703, 123480, 0, 0.0, 30, 
2019-12-10 14:48:32.903,420869360, 497.92881599802956, 2284909, 25.17986405946703, 123508, 0, 0.0, 30, 
2019-12-10 14:48:33.93,431355120, 495.3599377076403, 2285387, 25.27742074282414, 123538, 0, 0.0, 30, 
2019-12-10 14:48:35.001,442889456, 495.3599377076403, 2285926, 25.27742074282414, 123558, 0, 0.0, 30, 
2019-12-10 14:48:36.028,453375216, 495.3599377076403, 2286389, 25.27742074282414, 123581, 0, 0.0, 30, 
2019-12-10 14:48:37.094,463860976, 495.3599377076403, 2286876, 25.27742074282414, 123604, 0, 0.0, 30, 
2019-12-10 14:48:38.121,476443888, 495.3599377076403, 2287395, 25.27742074282414, 123633, 0, 0.0, 30, 
2019-12-10 14:48:39.147,487978224, 493.95592260915333, 2287892, 25.11131935127045, 123654, 0, 0.0, 30, 
2019-12-10 14:48:40.172,498463984, 493.95592260915333, 2288364, 25.11131935127045, 123680, 0, 0.0, 30, 
2019-12-10 14:48:41.204,509998320, 493.95592260915333, 2288842, 25.11131935127045, 123712, 0, 0.0, 30, 
2019-12-10 14:48:42.231,520484080, 493.95592260915333, 2289300, 25.11131935127045, 123744, 0, 0.0, 30, 
2019-12-10 14:48:43.259,529921264, 493.95592260915333, 2289778, 25.11131935127045, 123769, 0, 0.0, 30, 
2019-12-10 14:48:44.286,540407024, 491.44884146210086, 2290267, 25.230347683969622, 123793, 0, 0.0, 30, 
2019-12-10 14:48:45.31,551941360, 491.44884146210086, 2290770, 25.230347683969622, 123826, 0, 0.0, 30, 
2019-12-10 14:48:46.339,564524272, 491.44884146210086, 2291346, 25.230347683969622, 123863, 0, 0.0, 30, 
2019-12-10 14:48:47.362,578155760, 491.44884146210086, 2291986, 25.230347683969622, 123894, 0, 0.0, 30, 
2019-12-10 14:48:48.386,591787248, 491.44884146210086, 2292620, 25.230347683969622, 123934, 0, 0.0, 30, 
2019-12-10 14:48:49.412,605418736, 498.00129431480366, 2293327, 25.739636963505518, 123953, 0, 0.0, 30, 
2019-12-10 14:48:50.437,622195952, 498.00129431480366, 2294133, 25.739636963505518, 123999, 0, 0.0, 30, 
2019-12-10 14:48:51.46,638973168, 498.00129431480366, 2295012, 25.739636963505518, 124034, 0, 0.0, 30, 
2019-12-10 14:48:52.492,656798960, 498.00129431480366, 2295944, 25.739636963505518, 124076, 0, 0.0, 30, 
2019-12-10 14:48:53.516,674624752, 498.00129431480366, 2296894, 25.739636963505518, 124119, 0, 0.0, 30, 
2019-12-10 14:48:54.544,694547696, 526.0815924092875, 2297812, 26.751903701093713, 124168, 0, 0.0, 30, 
2019-12-10 14:48:55.567,712373488, 526.0815924092875, 2298695, 26.751903701093713, 124215, 0, 0.0, 30, 
2019-12-10 14:48:56.589,729150704, 526.0815924092875, 2299618, 26.751903701093713, 124265, 0, 0.0, 30, 
2019-12-10 14:48:57.614,746976496, 526.0815924092875, 2300543, 26.751903701093713, 124304, 0, 0.0, 30, 
2019-12-10 14:48:58.638,763753712, 526.0815924092875, 2301411, 26.751903701093713, 124363, 0, 0.0, 30, 
2019-12-10 14:48:59.66,781579504, 555.0349816617003, 2302375, 28.49878102990768, 124413, 0, 0.0, 30, 
2019-12-10 14:49:00.682,801502448, 555.0349816617003, 2303336, 28.49878102990768, 124467, 0, 0.0, 30, 
2019-12-10 14:49:01.704,173500672, 555.0349816617003, 2304276, 28.49878102990768, 124528, 0, 0.0, 30, 
2019-12-10 14:49:02.727,192375040, 555.0349816617003, 2305250, 28.49878102990768, 124567, 0, 0.0, 30, 
2019-12-10 14:49:03.758,211249408, 555.0349816617003, 2306225, 28.49878102990768, 124619, 0, 0.0, 30, 
2019-12-10 14:49:04.781,229075200, 585.9430139867653, 2307177, 30.137967993473833, 124670, 0, 0.0, 30, 
2019-12-10 14:49:05.803,250046720, 585.9430139867653, 2308125, 30.137967993473833, 124719, 0, 0.0, 30, 
2019-12-10 14:49:06.825,268921088, 585.9430139867653, 2309107, 30.137967993473833, 124767, 0, 0.0, 30, 
2019-12-10 14:49:07.847,287795456, 585.9430139867653, 2310151, 30.137967993473833, 124833, 0, 0.0, 30, 
2019-12-10 14:49:08.871,307718400, 616.4586217142617, 2311171, 31.8379862087257, 124879, 0, 0.0, 30, 
2019-12-10 14:49:09.894,325544192, 616.4586217142617, 2312105, 31.8379862087257, 124938, 0, 0.0, 30, 
2019-12-10 14:49:10.917,344418560, 616.4586217142617, 2313152, 31.8379862087257, 124993, 0, 0.0, 30, 
2019-12-10 14:49:11.944,364341504, 616.4586217142617, 2314128, 31.8379862087257, 125052, 0, 0.0, 30, 
2019-12-10 14:49:12.967,382167296, 616.4586217142617, 2315144, 31.8379862087257, 125097, 0, 0.0, 30, 
2019-12-10 14:49:13.99,401041664, 644.8541585044468, 2316143, 33.72190081391899, 125166, 0, 0.0, 30, 
2019-12-10 14:49:15.013,422013184, 644.8541585044468, 2317245, 33.72190081391899, 125219, 0, 0.0, 30, 
2019-12-10 14:49:16.036,441936128, 644.8541585044468, 2318319, 33.72190081391899, 125287, 0, 0.0, 30, 
2019-12-10 14:49:17.061,461859072, 644.8541585044468, 2319457, 33.72190081391899, 125350, 0, 0.0, 30, 
2019-12-10 14:49:18.084,483879168, 644.8541585044468, 2320573, 33.72190081391899, 125404, 0, 0.0, 30, 
2019-12-10 14:49:19.106,504850688, 680.4300637194721, 2321758, 35.75901714847426, 125464, 0, 0.0, 30, 
2019-12-10 14:49:20.129,526870784, 680.4300637194721, 2322887, 35.75901714847426, 125528, 0, 0.0, 30, 
2019-12-10 14:49:21.15,545745152, 680.4300637194721, 2323950, 35.75901714847426, 125588, 0, 0.0, 30, 
2019-12-10 14:49:22.172,567765248, 680.4300637194721, 2325165, 35.75901714847426, 125647, 0, 0.0, 30, 
2019-12-10 14:49:23.195,589785344, 680.4300637194721, 2326329, 35.75901714847426, 125708, 0, 0.0, 30, 
2019-12-10 14:49:24.218,612854016, 715.3682507641689, 2327471, 37.66523688818027, 125767, 0, 0.0, 30, 
2019-12-10 14:49:25.239,634874112, 715.3682507641689, 2328687, 37.66523688818027, 125834, 0, 0.0, 30, 
2019-12-10 14:49:26.261,656894208, 715.3682507641689, 2329908, 37.66523688818027, 125898, 0, 0.0, 30, 
2019-12-10 14:49:27.288,678914304, 715.3682507641689, 2331115, 37.66523688818027, 125968, 0, 0.0, 30, 
2019-12-10 14:49:28.31,700934400, 715.3682507641689, 2332303, 37.66523688818027, 126049, 0, 0.0, 30, 
2019-12-10 14:49:29.332,721905920, 752.5021631390472, 2333491, 40.31454626890452, 126122, 0, 0.0, 30, 
2019-12-10 14:49:30.353,746023168, 752.5021631390472, 2334769, 40.31454626890452, 126177, 0, 0.0, 30, 
2019-12-10 14:49:31.379,766994688, 752.5021631390472, 2335905, 40.31454626890452, 126234, 0, 0.0, 30, 
2019-12-10 14:49:32.401,776431872, 752.5021631390472, 2336395, 40.31454626890452, 126259, 0, 0.0, 30, 
2019-12-10 14:49:33.428,791111936, 752.5021631390472, 2336888, 40.31454626890452, 126276, 0, 0.0, 30, 
2019-12-10 14:49:34.457,801597696, 758.3947168258172, 2337383, 40.08151201588434, 126307, 0, 0.0, 30, 
2019-12-10 14:49:35.485,168334864, 758.3947168258172, 2337845, 40.08151201588434, 126340, 0, 0.0, 30, 
2019-12-10 14:49:36.509,178820624, 758.3947168258172, 2338356, 40.08151201588434, 126362, 0, 0.0, 30, 
2019-12-10 14:49:37.537,189306384, 758.3947168258172, 2338854, 40.08151201588434, 126390, 0, 0.0, 30, 
2019-12-10 14:49:38.563,199792144, 758.3947168258172, 2339345, 40.08151201588434, 126419, 0, 0.0, 30, 
2019-12-10 14:49:39.587,210277904, 735.8956375217932, 2339800, 39.09953653341731, 126449, 0, 0.0, 30, 
2019-12-10 14:49:40.614,220763664, 735.8956375217932, 2340285, 39.09953653341731, 126480, 0, 0.0, 30, 
2019-12-10 14:49:41.641,230200848, 735.8956375217932, 2340803, 39.09953653341731, 126500, 0, 0.0, 30, 
2019-12-10 14:49:42.668,240686608, 735.8956375217932, 2341287, 39.09953653341731, 126512, 0, 0.0, 30, 
2019-12-10 14:49:43.695,251172368, 735.8956375217932, 2341786, 39.09953653341731, 126531, 0, 0.0, 30, 
2019-12-10 14:49:44.719,260609552, 715.1635030396754, 2342243, 37.66836861202412, 126558, 0, 0.0, 30, 
2019-12-10 14:49:45.745,271095312, 715.1635030396754, 2342760, 37.66836861202412, 126577, 0, 0.0, 30, 
2019-12-10 14:49:46.773,280532496, 715.1635030396754, 2343235, 37.66836861202412, 126597, 0, 0.0, 30, 
2019-12-10 14:49:47.8,291018256, 715.1635030396754, 2343721, 37.66836861202412, 126628, 0, 0.0, 30, 
2019-12-10 14:49:48.834,301504016, 715.1635030396754, 2344208, 37.66836861202412, 126654, 0, 0.0, 30, 
2019-12-10 14:49:49.861,310941200, 695.7532050475022, 2344714, 36.543523964439274, 126676, 0, 0.0, 30, 
2019-12-10 14:49:50.888,321426960, 695.7532050475022, 2345216, 36.543523964439274, 126701, 0, 0.0, 30, 
2019-12-10 14:49:51.914,331912720, 695.7532050475022, 2345698, 36.543523964439274, 126729, 0, 0.0, 30, 
2019-12-10 14:49:52.941,341349904, 695.7532050475022, 2346134, 36.543523964439274, 126756, 0, 0.0, 30, 
2019-12-10 14:49:53.968,351835664, 677.7509487398451, 2346622, 35.700510333992774, 126786, 0, 0.0, 30, 
2019-12-10 14:49:54.992,362321424, 677.7509487398451, 2347118, 35.700510333992774, 126806, 0, 0.0, 30, 
2019-12-10 14:49:56.019,372807184, 677.7509487398451, 2347591, 35.700510333992774, 126835, 0, 0.0, 30, 
2019-12-10 14:49:57.043,384341520, 677.7509487398451, 2348066, 35.700510333992774, 126868, 0, 0.0, 30, 
2019-12-10 14:49:58.071,393778704, 677.7509487398451, 2348567, 35.700510333992774, 126895, 0, 0.0, 30, 
2019-12-10 14:49:59.106,405313040, 661.9556469928183, 2349097, 34.90890923476994, 126921, 0, 0.0, 30, 
2019-12-10 14:50:00.138,414750224, 661.9556469928183, 2349605, 34.90890923476994, 126949, 0, 0.0, 30, 
2019-12-10 14:50:01.166,425235984, 661.9556469928183, 2350059, 34.90890923476994, 126980, 0, 0.0, 30, 
2019-12-10 14:50:02.191,435721744, 661.9556469928183, 2350538, 34.90890923476994, 127016, 0, 0.0, 30, 
2019-12-10 14:50:03.215,446207504, 661.9556469928183, 2351033, 34.90890923476994, 127046, 0, 0.0, 30, 
2019-12-10 14:50:04.241,455644688, 647.3912856089331, 2351541, 34.372494469705174, 127059, 0, 0.0, 30, 
2019-12-10 14:50:05.272,465081872, 647.3912856089331, 2352010, 34.372494469705174, 127090, 0, 0.0, 30, 
2019-12-10 14:50:06.299,475567632, 647.3912856089331, 2352479, 34.372494469705174, 127114, 0, 0.0, 30, 
2019-12-10 14:50:07.325,486053392, 647.3912856089331, 2353003, 34.372494469705174, 127142, 0, 0.0, 30, 
2019-12-10 14:50:08.348,495490576, 647.3912856089331, 2353485, 34.372494469705174, 127163, 0, 0.0, 30, 
2019-12-10 14:50:09.373,507024912, 633.223852645488, 2353965, 33.51117336847752, 127186, 0, 0.0, 30, 
2019-12-10 14:50:10.396,517510672, 633.223852645488, 2354472, 33.51117336847752, 127215, 0, 0.0, 30, 
2019-12-10 14:50:11.421,526947856, 633.223852645488, 2354926, 33.51117336847752, 127238, 0, 0.0, 30, 
2019-12-10 14:50:12.445,537433616, 633.223852645488, 2355441, 33.51117336847752, 127262, 0, 0.0, 30, 
2019-12-10 14:50:13.468,546870800, 633.223852645488, 2355944, 33.51117336847752, 127290, 0, 0.0, 30, 
2019-12-10 14:50:14.492,557356560, 621.3885188583953, 2356429, 32.94259533912854, 127315, 0, 0.0, 30, 
2019-12-10 14:50:15.516,569939472, 621.3885188583953, 2356921, 32.94259533912854, 127339, 0, 0.0, 30, 
2019-12-10 14:50:16.544,579376656, 621.3885188583953, 2357411, 32.94259533912854, 127354, 0, 0.0, 30, 
2019-12-10 14:50:17.573,588813840, 621.3885188583953, 2357872, 32.94259533912854, 127384, 0, 0.0, 30, 
2019-12-10 14:50:18.596,599299600, 621.3885188583953, 2358382, 32.94259533912854, 127404, 0, 0.0, 30, 
2019-12-10 14:50:19.621,609785360, 609.460063502488, 2358858, 32.00370925501753, 127428, 0, 0.0, 30, 
2019-12-10 14:50:20.643,621319696, 609.460063502488, 2359377, 32.00370925501753, 127460, 0, 0.0, 30, 
2019-12-10 14:50:21.667,630756880, 609.460063502488, 2359861, 32.00370925501753, 127480, 0, 0.0, 30, 
2019-12-10 14:50:22.69,641242640, 609.460063502488, 2360358, 32.00370925501753, 127519, 0, 0.0, 30, 
2019-12-10 14:50:23.717,650679824, 609.460063502488, 2360818, 32.00370925501753, 127548, 0, 0.0, 30, 
2019-12-10 14:50:24.74,661165584, 598.6132837137234, 2361273, 31.699581454952746, 127574, 0, 0.0, 30, 
2019-12-10 14:50:25.763,670602768, 598.6132837137234, 2361762, 31.699581454952746, 127594, 0, 0.0, 30, 
2019-12-10 14:50:26.791,681088528, 598.6132837137234, 2362261, 31.699581454952746, 127613, 0, 0.0, 30, 
2019-12-10 14:50:27.815,691574288, 598.6132837137234, 2362724, 31.699581454952746, 127640, 0, 0.0, 30, 
2019-12-10 14:50:28.841,699962896, 598.6132837137234, 2363169, 31.699581454952746, 127681, 0, 0.0, 30, 
2019-12-10 14:50:29.874,710448656, 587.5143863571668, 2363635, 31.243868083354148, 127714, 0, 0.0, 30, 
2019-12-10 14:50:30.899,719885840, 587.5143863571668, 2364077, 31.243868083354148, 127735, 0, 0.0, 30, 
2019-12-10 14:50:31.934,730371600, 587.5143863571668, 2364547, 31.243868083354148, 127777, 0, 0.0, 30, 
2019-12-10 14:50:32.97,740857360, 587.5143863571668, 2365048, 31.243868083354148, 127800, 0, 0.0, 30, 
2019-12-10 14:50:33.994,750294544, 576.8871387917952, 2365508, 31.016484946032584, 127826, 0, 0.0, 30, 
2019-12-10 14:50:35.019,759731728, 576.8871387917952, 2365997, 31.016484946032584, 127863, 0, 0.0, 30, 
2019-12-10 14:50:36.046,772314640, 576.8871387917952, 2366472, 31.016484946032584, 127887, 0, 0.0, 30, 
2019-12-10 14:50:37.072,781751824, 576.8871387917952, 2366952, 31.016484946032584, 127905, 0, 0.0, 30, 
2019-12-10 14:50:38.108,791189008, 576.8871387917952, 2367442, 31.016484946032584, 127926, 0, 0.0, 30, 
2019-12-10 14:50:39.209,801674768, 568.3409150411005, 2367928, 30.487460019076273, 127949, 0, 0.0, 30, 
2019-12-10 14:50:40.236,172528672, 568.3409150411005, 2368470, 30.487460019076273, 127978, 0, 0.0, 30, 
2019-12-10 14:50:41.26,181965856, 568.3409150411005, 2368947, 30.487460019076273, 127997, 0, 0.0, 30, 
2019-12-10 14:50:42.283,192451616, 568.3409150411005, 2369467, 30.487460019076273, 128029, 0, 0.0, 30, 
2019-12-10 14:50:43.314,203985952, 568.3409150411005, 2369982, 30.487460019076273, 128049, 0, 0.0, 30, 
2019-12-10 14:50:44.34,214471712, 561.6613522765873, 2370440, 29.88879577031149, 128072, 0, 0.0, 30, 
2019-12-10 14:50:45.362,223908896, 561.6613522765873, 2370915, 29.88879577031149, 128106, 0, 0.0, 30, 
2019-12-10 14:50:46.39,246977568, 561.6613522765873, 2371374, 29.88879577031149, 128140, 0, 0.0, 30, 
2019-12-10 14:50:47.413,256414752, 561.6613522765873, 2371852, 29.88879577031149, 128168, 0, 0.0, 30, 
2019-12-10 14:50:48.436,266900512, 561.6613522765873, 2372356, 29.88879577031149, 128199, 0, 0.0, 30, 
2019-12-10 14:50:49.46,276337696, 553.9487283896657, 2372825, 29.881696052517796, 128220, 0, 0.0, 30, 
2019-12-10 14:50:50.485,286823456, 553.9487283896657, 2373285, 29.881696052517796, 128245, 0, 0.0, 30, 
2019-12-10 14:50:51.508,296260640, 553.9487283896657, 2373765, 29.881696052517796, 128266, 0, 0.0, 30, 
2019-12-10 14:50:52.53,305697824, 553.9487283896657, 2374245, 29.881696052517796, 128295, 0, 0.0, 30, 
2019-12-10 14:50:53.557,315135008, 553.9487283896657, 2374739, 29.881696052517796, 128317, 0, 0.0, 30, 
2019-12-10 14:50:54.581,326669344, 546.9966919140339, 2375233, 29.379439367518067, 128342, 0, 0.0, 30, 
2019-12-10 14:50:55.604,335057952, 546.9966919140339, 2375683, 29.379439367518067, 128372, 0, 0.0, 30, 
2019-12-10 14:50:56.628,347640864, 546.9966919140339, 2376168, 29.379439367518067, 128394, 0, 0.0, 30, 
2019-12-10 14:50:57.652,356029472, 546.9966919140339, 2376657, 29.379439367518067, 128419, 0, 0.0, 30, 
2019-12-10 14:50:58.675,365466656, 546.9966919140339, 2377167, 29.379439367518067, 128445, 0, 0.0, 30, 
2019-12-10 14:50:59.7,377000992, 540.8243852233676, 2377653, 28.9972964951445, 128469, 0, 0.0, 30, 
2019-12-10 14:51:00.724,387486752, 540.8243852233676, 2378136, 28.9972964951445, 128494, 0, 0.0, 30, 
2019-12-10 14:51:01.748,396923936, 540.8243852233676, 2378617, 28.9972964951445, 128519, 0, 0.0, 30, 
2019-12-10 14:51:02.774,408458272, 540.8243852233676, 2379133, 28.9972964951445, 128538, 0, 0.0, 30, 
2019-12-10 14:51:03.801,417895456, 540.8243852233676, 2379605, 28.9972964951445, 128562, 0, 0.0, 30, 
2019-12-10 14:51:04.831,428381216, 536.0410914833924, 2380073, 28.485796909085444, 128582, 0, 0.0, 30, 
2019-12-10 14:51:05.858,438866976, 536.0410914833924, 2380593, 28.485796909085444, 128612, 0, 0.0, 30, 
2019-12-10 14:51:06.882,449352736, 536.0410914833924, 2381069, 28.485796909085444, 128635, 0, 0.0, 30, 
2019-12-10 14:51:07.907,458789920, 536.0410914833924, 2381565, 28.485796909085444, 128668, 0, 0.0, 30, 
2019-12-10 14:51:08.932,469275680, 531.3683998041365, 2382054, 28.31902579625517, 128695, 0, 0.0, 30, 
2019-12-10 14:51:09.956,479761440, 531.3683998041365, 2382540, 28.31902579625517, 128722, 0, 0.0, 30, 
2019-12-10 14:51:10.98,490247200, 531.3683998041365, 2383042, 28.31902579625517, 128744, 0, 0.0, 30, 
2019-12-10 14:51:12.009,499684384, 531.3683998041365, 2383527, 28.31902579625517, 128770, 0, 0.0, 30, 
2019-12-10 14:51:13.034,510170144, 531.3683998041365, 2384001, 28.31902579625517, 128802, 0, 0.0, 30, 
2019-12-10 14:51:14.057,520655904, 527.1652626257969, 2384505, 28.06964226292935, 128831, 0, 0.0, 30, 
2019-12-10 14:51:15.1,531141664, 527.1652626257969, 2385013, 28.06964226292935, 128859, 0, 0.0, 30, 
2019-12-10 14:51:16.124,539530272, 527.1652626257969, 2385474, 28.06964226292935, 128900, 0, 0.0, 30, 
2019-12-10 14:51:17.148,551064608, 527.1652626257969, 2386012, 28.06964226292935, 128925, 0, 0.0, 30, 
2019-12-10 14:51:18.172,565744672, 527.1652626257969, 2386537, 28.06964226292935, 128945, 0, 0.0, 30, 
2019-12-10 14:51:19.196,575181856, 523.8898610726878, 2387035, 28.016100623807887, 128966, 0, 0.0, 30, 
2019-12-10 14:51:20.224,585667616, 523.8898610726878, 2387516, 28.016100623807887, 128991, 0, 0.0, 30, 
2019-12-10 14:51:21.265,596153376, 523.8898610726878, 2388000, 28.016100623807887, 129019, 0, 0.0, 30, 
2019-12-10 14:51:22.293,606639136, 523.8898610726878, 2388501, 28.016100623807887, 129051, 0, 0.0, 30, 
2019-12-10 14:51:23.318,617124896, 523.8898610726878, 2388982, 28.016100623807887, 129069, 0, 0.0, 30, 
2019-12-10 14:51:24.354,626562080, 520.1567458997455, 2389450, 27.822919884116867, 129098, 0, 0.0, 30, 
2019-12-10 14:51:25.384,638096416, 520.1567458997455, 2389953, 27.822919884116867, 129120, 0, 0.0, 30, 
2019-12-10 14:51:26.408,647533600, 520.1567458997455, 2390454, 27.822919884116867, 129141, 0, 0.0, 30, 
2019-12-10 14:51:27.434,656970784, 520.1567458997455, 2390937, 27.822919884116867, 129164, 0, 0.0, 30, 
2019-12-10 14:51:28.457,669553696, 520.1567458997455, 2391470, 27.822919884116867, 129185, 0, 0.0, 30, 
2019-12-10 14:51:29.483,680039456, 517.793518979679, 2392025, 27.453291618660565, 129214, 0, 0.0, 30, 
2019-12-10 14:51:30.505,693670944, 517.793518979679, 2392652, 27.453291618660565, 129242, 0, 0.0, 30, 
2019-12-10 14:51:31.528,706253856, 517.793518979679, 2393264, 27.453291618660565, 129278, 0, 0.0, 30, 
2019-12-10 14:51:32.551,719885344, 517.793518979679, 2393925, 27.453291618660565, 129317, 0, 0.0, 30, 
2019-12-10 14:51:33.573,735613984, 517.793518979679, 2394710, 27.453291618660565, 129357, 0, 0.0, 30, 
2019-12-10 14:51:34.596,753439776, 528.6679967838646, 2395566, 27.976737519541672, 129401, 0, 0.0, 30, 
2019-12-10 14:51:35.617,771265568, 528.6679967838646, 2396441, 27.976737519541672, 129451, 0, 0.0, 30, 
2019-12-10 14:51:36.643,788042784, 528.6679967838646, 2397343, 27.976737519541672, 129495, 0, 0.0, 30, 
2019-12-10 14:51:37.667,160972296, 528.6679967838646, 2398166, 27.976737519541672, 129536, 0, 0.0, 30, 
2019-12-10 14:51:38.691,177749512, 528.6679967838646, 2399088, 27.976737519541672, 129581, 0, 0.0, 30, 
2019-12-10 14:51:39.713,194526728, 554.7600631261962, 2400009, 29.22590461656645, 129625, 0, 0.0, 30, 
2019-12-10 14:51:40.736,212352520, 554.7600631261962, 2400905, 29.22590461656645, 129669, 0, 0.0, 30, 
2019-12-10 14:51:41.758,229129736, 554.7600631261962, 2401758, 29.22590461656645, 129719, 0, 0.0, 30, 
2019-12-10 14:51:42.782,246955528, 554.7600631261962, 2402678, 29.22590461656645, 129757, 0, 0.0, 30, 
2019-12-10 14:51:43.804,265829896, 554.7600631261962, 2403625, 29.22590461656645, 129810, 0, 0.0, 30, 
2019-12-10 14:51:44.826,281558536, 581.340492879532, 2404420, 30.423167178345228, 129850, 0, 0.0, 30, 
2019-12-10 14:51:45.848,298335752, 581.340492879532, 2405228, 30.423167178345228, 129898, 0, 0.0, 30, 
2019-12-10 14:51:46.872,314064392, 581.340492879532, 2406040, 30.423167178345228, 129931, 0, 0.0, 30, 
