Timestamp, MemoryUsed, ReadLatency1, ReadCount, WriteLatency1, WriteCount, PendingTasks, WaitingOnCommit1, SRDelay, 
2019-12-10 14:43:25.396,385888816, 81.50907498004902, 2090223, 9.546703636034954, 114528, 0, 0.0, 30, 
2019-12-10 14:43:26.462,98815104, 81.50907498004902, 2090223, 9.546703636034954, 114528, 0, 0.0, 30, 
2019-12-10 14:43:27.503,99625456, 81.50907498004902, 2090223, 9.546703636034954, 114528, 0, 0.0, 30, 
2019-12-10 14:43:28.546,100853328, 74.99196917699683, 2090223, 8.783391358455411, 114528, 0, 0.0, 30, 
2019-12-10 14:43:29.585,101648200, 74.99196917699683, 2090223, 8.783391358455411, 114528, 0, 0.0, 30, 
2019-12-10 14:43:30.618,102414104, 74.99196917699683, 2090223, 8.783391358455411, 114528, 0, 0.0, 30, 
2019-12-10 14:43:31.657,103361568, 74.99196917699683, 2090223, 8.783391358455411, 114528, 0, 0.0, 30, 
2019-12-10 14:43:32.7,104038392, 74.99196917699683, 2090223, 8.783391358455411, 114528, 0, 0.0, 30, 
2019-12-10 14:43:33.734,104826816, 68.99594238335031, 2090223, 8.081110160850363, 114528, 0, 0.0, 30, 
2019-12-10 14:43:34.772,106057160, 68.99594238335031, 2090223, 8.081110160850363, 114528, 0, 0.0, 30, 
2019-12-10 14:43:35.815,107210360, 68.99594238335031, 2090223, 8.081110160850363, 114528, 0, 0.0, 30, 
2019-12-10 14:43:36.849,112290888, 68.99594238335031, 2090261, 8.081110160850363, 114530, 0, 0.0, 30, 
2019-12-10 14:43:37.876,117314016, 68.99594238335031, 2090401, 8.081110160850363, 114540, 0, 0.0, 30, 
2019-12-10 14:43:38.93,121372440, 67.31719951968053, 2090602, 7.674847023606679, 114547, 0, 0.0, 30, 
2019-12-10 14:43:39.958,128060400, 67.31719951968053, 2090811, 7.674847023606679, 114562, 0, 0.0, 30, 
2019-12-10 14:43:40.994,135861064, 67.31719951968053, 2091161, 7.674847023606679, 114581, 0, 0.0, 30, 
2019-12-10 14:43:42.021,146351920, 67.31719951968053, 2091573, 7.674847023606679, 114600, 0, 0.0, 30, 
2019-12-10 14:43:43.048,155829552, 67.31719951968053, 2091976, 7.674847023606679, 114615, 0, 0.0, 30, 
2019-12-10 14:43:44.078,165738232, 87.0728494671106, 2092389, 8.324498386060503, 114637, 0, 0.0, 30, 
2019-12-10 14:43:45.109,174760704, 87.0728494671106, 2092792, 8.324498386060503, 114667, 0, 0.0, 30, 
2019-12-10 14:43:46.14,183562176, 87.0728494671106, 2093188, 8.324498386060503, 114688, 0, 0.0, 30, 
2019-12-10 14:43:47.168,192553568, 87.0728494671106, 2093578, 8.324498386060503, 114715, 0, 0.0, 30, 
2019-12-10 14:43:48.2,202291560, 111.45347828338022, 2093999, 8.324498386060503, 114734, 0, 0.0, 30, 
2019-12-10 14:43:49.226,213106264, 111.45347828338022, 2094473, 9.44991335698894, 114758, 0, 0.0, 30, 
2019-12-10 14:43:50.256,222099984, 111.45347828338022, 2094901, 9.44991335698894, 114780, 0, 0.0, 30, 
2019-12-10 14:43:51.283,232073992, 111.45347828338022, 2095324, 9.44991335698894, 114809, 0, 0.0, 30, 
2019-12-10 14:43:52.312,241314384, 111.45347828338022, 2095784, 9.44991335698894, 114832, 0, 0.0, 30, 
2019-12-10 14:43:53.341,252065496, 138.1703590268081, 2096303, 10.549309583428412, 114854, 0, 0.0, 30, 
2019-12-10 14:43:54.371,261756224, 138.1703590268081, 2096745, 10.549309583428412, 114885, 0, 0.0, 30, 
2019-12-10 14:43:55.401,272397232, 138.1703590268081, 2097211, 10.549309583428412, 114920, 0, 0.0, 30, 
2019-12-10 14:43:56.428,285188440, 138.1703590268081, 2097744, 10.549309583428412, 114945, 0, 0.0, 30, 
2019-12-10 14:43:57.458,293745584, 138.1703590268081, 2098182, 10.549309583428412, 114976, 0, 0.0, 30, 
2019-12-10 14:43:58.489,305924568, 164.33419652145602, 2098732, 12.040536453252665, 115001, 0, 0.0, 30, 
2019-12-10 14:43:59.514,316684712, 164.33419652145602, 2099276, 12.040536453252665, 115037, 0, 0.0, 30, 
2019-12-10 14:44:00.541,327013392, 164.33419652145602, 2099821, 12.040536453252665, 115062, 0, 0.0, 30, 
2019-12-10 14:44:01.567,338885960, 164.33419652145602, 2100373, 12.040536453252665, 115087, 0, 0.0, 30, 
2019-12-10 14:44:02.593,351949584, 164.33419652145602, 2100946, 12.040536453252665, 115120, 0, 0.0, 30, 
2019-12-10 14:44:03.621,361952032, 194.56266914721823, 2101479, 13.332575820408959, 115150, 0, 0.0, 30, 
2019-12-10 14:44:04.647,374688640, 194.56266914721823, 2102019, 13.332575820408959, 115183, 0, 0.0, 30, 
2019-12-10 14:44:05.672,105142544, 194.56266914721823, 2102595, 13.332575820408959, 115208, 0, 0.0, 30, 
2019-12-10 14:44:06.697,117595920, 194.56266914721823, 2103236, 13.332575820408959, 115235, 0, 0.0, 30, 
2019-12-10 14:44:07.722,131385960, 194.56266914721823, 2103874, 13.332575820408959, 115275, 0, 0.0, 30, 
2019-12-10 14:44:08.749,145132960, 225.98819900808073, 2104625, 14.761176179754344, 115313, 0, 0.0, 30, 
2019-12-10 14:44:09.773,160069184, 225.98819900808073, 2105408, 14.761176179754344, 115350, 0, 0.0, 30, 
2019-12-10 14:44:10.796,176562872, 225.98819900808073, 2106178, 14.761176179754344, 115401, 0, 0.0, 30, 
2019-12-10 14:44:11.824,190273520, 225.98819900808073, 2106873, 14.761176179754344, 115440, 0, 0.0, 30, 
2019-12-10 14:44:12.849,202048568, 225.98819900808073, 2107483, 14.761176179754344, 115472, 0, 0.0, 30, 
2019-12-10 14:44:13.872,216056768, 263.7921433265535, 2108199, 16.571276590405702, 115503, 0, 0.0, 30, 
2019-12-10 14:44:14.902,229847040, 263.7921433265535, 2108920, 16.571276590405702, 115547, 0, 0.0, 30, 
2019-12-10 14:44:15.928,246648376, 263.7921433265535, 2109702, 16.571276590405702, 115598, 0, 0.0, 30, 
2019-12-10 14:44:16.959,259155040, 263.7921433265535, 2110384, 16.571276590405702, 115631, 0, 0.0, 30, 
2019-12-10 14:44:17.988,275025008, 263.7921433265535, 2111152, 16.571276590405702, 115665, 0, 0.0, 30, 
2019-12-10 14:44:19.014,287957352, 299.9646783331722, 2111869, 18.332596065588543, 115696, 0, 0.0, 30, 
2019-12-10 14:44:20.038,304577328, 299.9646783331722, 2112556, 18.332596065588543, 115745, 0, 0.0, 30, 
2019-12-10 14:44:21.064,318805512, 299.9646783331722, 2113273, 18.332596065588543, 115785, 0, 0.0, 30, 
2019-12-10 14:44:22.095,333208752, 299.9646783331722, 2114008, 18.332596065588543, 115818, 0, 0.0, 30, 
2019-12-10 14:44:23.12,346793936, 299.9646783331722, 2114678, 18.332596065588543, 115852, 0, 0.0, 30, 
2019-12-10 14:44:24.151,362089960, 331.2461274947284, 2115482, 19.825159274515286, 115892, 0, 0.0, 30, 
2019-12-10 14:44:25.179,377972272, 331.2461274947284, 2116306, 19.825159274515286, 115937, 0, 0.0, 30, 
2019-12-10 14:44:26.211,112495160, 331.2461274947284, 2117179, 19.825159274515286, 115992, 0, 0.0, 30, 
2019-12-10 14:44:27.24,129044544, 331.2461274947284, 2118060, 19.825159274515286, 116045, 0, 0.0, 30, 
2019-12-10 14:44:28.267,147765184, 373.1231749610461, 2119057, 22.029921806224593, 116095, 0, 0.0, 30, 
2019-12-10 14:44:29.298,166490016, 373.1231749610461, 2120109, 22.029921806224593, 116145, 0, 0.0, 30, 
2019-12-10 14:44:30.325,180106072, 373.1231749610461, 2120792, 22.029921806224593, 116175, 0, 0.0, 30, 
2019-12-10 14:44:31.357,190392008, 373.1231749610461, 2121267, 22.029921806224593, 116201, 0, 0.0, 30, 
2019-12-10 14:44:32.387,200787632, 373.1231749610461, 2121736, 22.029921806224593, 116227, 0, 0.0, 30, 
2019-12-10 14:44:33.42,211476704, 393.3740717678622, 2122234, 22.715147424880374, 116265, 0, 0.0, 30, 
2019-12-10 14:44:34.461,221243040, 393.3740717678622, 2122720, 22.715147424880374, 116302, 0, 0.0, 30, 
2019-12-10 14:44:35.49,232578616, 393.3740717678622, 2123207, 22.715147424880374, 116330, 0, 0.0, 30, 
2019-12-10 14:44:36.519,242698104, 393.3740717678622, 2123681, 22.715147424880374, 116350, 0, 0.0, 30, 
2019-12-10 14:44:37.551,252678584, 393.3740717678622, 2124164, 22.715147424880374, 116374, 0, 0.0, 30, 
2019-12-10 14:44:38.58,261667288, 398.84510691419473, 2124631, 23.105718671973523, 116397, 0, 0.0, 30, 
2019-12-10 14:44:39.614,274158256, 398.84510691419473, 2125093, 23.105718671973523, 116431, 0, 0.0, 30, 
2019-12-10 14:44:40.645,283722344, 398.84510691419473, 2125557, 23.105718671973523, 116460, 0, 0.0, 30, 
2019-12-10 14:44:41.674,294035784, 398.84510691419473, 2126039, 23.105718671973523, 116487, 0, 0.0, 30, 
2019-12-10 14:44:42.704,304316616, 398.84510691419473, 2126497, 23.105718671973523, 116508, 0, 0.0, 30, 
2019-12-10 14:44:43.739,315310408, 403.1111286232602, 2126944, 23.40109709807984, 116533, 0, 0.0, 30, 
2019-12-10 14:44:44.767,325594536, 403.1111286232602, 2127427, 23.40109709807984, 116555, 0, 0.0, 30, 
2019-12-10 14:44:45.794,336453920, 403.1111286232602, 2127913, 23.40109709807984, 116588, 0, 0.0, 30, 
2019-12-10 14:44:46.83,347815424, 403.1111286232602, 2128394, 23.40109709807984, 116616, 0, 0.0, 30, 
2019-12-10 14:44:47.858,357800392, 403.1111286232602, 2128908, 23.40109709807984, 116639, 0, 0.0, 30, 
2019-12-10 14:44:48.888,369500848, 408.39530302067476, 2129378, 23.640876135072688, 116669, 0, 0.0, 30, 
2019-12-10 14:44:49.92,379145344, 408.39530302067476, 2129842, 23.640876135072688, 116690, 0, 0.0, 30, 
2019-12-10 14:44:50.956,107207960, 408.39530302067476, 2130305, 23.640876135072688, 116724, 0, 0.0, 30, 
2019-12-10 14:44:51.984,116690768, 408.39530302067476, 2130798, 23.640876135072688, 116750, 0, 0.0, 30, 
2019-12-10 14:44:53.052,128115936, 408.39530302067476, 2131283, 23.640876135072688, 116776, 0, 0.0, 30, 
2019-12-10 14:44:54.094,139325720, 412.63332459505204, 2131785, 23.781527913432477, 116803, 0, 0.0, 30, 
2019-12-10 14:44:55.128,150148480, 412.63332459505204, 2132268, 23.781527913432477, 116817, 0, 0.0, 30, 
2019-12-10 14:44:56.156,161602848, 412.63332459505204, 2132755, 23.781527913432477, 116848, 0, 0.0, 30, 
2019-12-10 14:44:57.184,171913920, 412.63332459505204, 2133204, 23.781527913432477, 116863, 0, 0.0, 30, 
2019-12-10 14:44:58.21,182016848, 416.64443049315537, 2133686, 23.623093689185648, 116888, 0, 0.0, 30, 
2019-12-10 14:44:59.241,193266864, 416.64443049315537, 2134173, 23.623093689185648, 116902, 0, 0.0, 30, 
2019-12-10 14:45:00.27,204084728, 416.64443049315537, 2134646, 23.623093689185648, 116927, 0, 0.0, 30, 
2019-12-10 14:45:01.296,212971832, 416.64443049315537, 2135111, 23.623093689185648, 116944, 0, 0.0, 30, 
2019-12-10 14:45:02.324,224295360, 416.64443049315537, 2135602, 23.623093689185648, 116971, 0, 0.0, 30, 
2019-12-10 14:45:03.355,235117544, 420.39879053948863, 2136055, 23.41336269778468, 116997, 0, 0.0, 30, 
2019-12-10 14:45:04.388,244193496, 420.39879053948863, 2136525, 23.41336269778468, 117018, 0, 0.0, 30, 
2019-12-10 14:45:05.419,255440104, 420.39879053948863, 2137033, 23.41336269778468, 117039, 0, 0.0, 30, 
2019-12-10 14:45:06.447,266060464, 420.39879053948863, 2137503, 23.41336269778468, 117054, 0, 0.0, 30, 
2019-12-10 14:45:07.473,276899592, 420.39879053948863, 2137982, 23.41336269778468, 117080, 0, 0.0, 30, 
2019-12-10 14:45:08.502,287839472, 424.3007198087008, 2138489, 23.26837422179396, 117112, 0, 0.0, 30, 
2019-12-10 14:45:09.529,298330592, 424.3007198087008, 2138958, 23.26837422179396, 117140, 0, 0.0, 30, 
2019-12-10 14:45:10.56,308681272, 424.3007198087008, 2139430, 23.26837422179396, 117164, 0, 0.0, 30, 
2019-12-10 14:45:11.594,320598992, 424.3007198087008, 2139907, 23.26837422179396, 117195, 0, 0.0, 30, 
2019-12-10 14:45:12.621,330233192, 424.3007198087008, 2140418, 23.26837422179396, 117211, 0, 0.0, 30, 
2019-12-10 14:45:13.645,340786416, 427.63481016593204, 2140888, 23.374845140385105, 117231, 0, 0.0, 30, 
2019-12-10 14:45:14.677,353162880, 427.63481016593204, 2141489, 23.374845140385105, 117272, 0, 0.0, 30, 
2019-12-10 14:45:15.705,367389392, 427.63481016593204, 2142093, 23.374845140385105, 117292, 0, 0.0, 30, 
2019-12-10 14:45:16.728,382309216, 427.63481016593204, 2142704, 23.374845140385105, 117329, 0, 0.0, 30, 
2019-12-10 14:45:17.755,113530064, 427.63481016593204, 2143374, 23.374845140385105, 117367, 0, 0.0, 30, 
2019-12-10 14:45:18.778,129195312, 441.75218327519957, 2144143, 23.904563275357, 117404, 0, 0.0, 30, 
2019-12-10 14:45:19.8,147173752, 441.75218327519957, 2145007, 23.904563275357, 117454, 0, 0.0, 30, 
2019-12-10 14:45:20.827,162440256, 441.75218327519957, 2145786, 23.904563275357, 117505, 0, 0.0, 30, 
2019-12-10 14:45:21.85,178835192, 441.75218327519957, 2146688, 23.904563275357, 117549, 0, 0.0, 30, 
2019-12-10 14:45:22.877,196771976, 441.75218327519957, 2147617, 23.904563275357, 117592, 0, 0.0, 30, 
2019-12-10 14:45:23.902,215445080, 473.32247159376465, 2148495, 25.879101374660337, 117647, 0, 0.0, 30, 
2019-12-10 14:45:24.925,233896752, 473.32247159376465, 2149428, 25.879101374660337, 117690, 0, 0.0, 30, 
2019-12-10 14:45:25.949,251867800, 473.32247159376465, 2150367, 25.879101374660337, 117738, 0, 0.0, 30, 
2019-12-10 14:45:26.971,269752672, 473.32247159376465, 2151222, 25.879101374660337, 117793, 0, 0.0, 30, 
2019-12-10 14:45:27.995,286016440, 473.32247159376465, 2152120, 25.879101374660337, 117835, 0, 0.0, 30, 
2019-12-10 14:45:29.018,304945720, 506.286362712661, 2153028, 27.50387071950755, 117886, 0, 0.0, 30, 
2019-12-10 14:45:30.041,322711592, 506.286362712661, 2153944, 27.50387071950755, 117932, 0, 0.0, 30, 
2019-12-10 14:45:31.063,341129304, 506.286362712661, 2154883, 27.50387071950755, 117978, 0, 0.0, 30, 
2019-12-10 14:45:32.084,358858728, 506.286362712661, 2155865, 27.50387071950755, 118028, 0, 0.0, 30, 
2019-12-10 14:45:33.107,377903120, 506.286362712661, 2156785, 27.50387071950755, 118083, 0, 0.0, 30, 
2019-12-10 14:45:34.134,108328448, 538.6774607236142, 2157652, 29.126659616888254, 118129, 0, 0.0, 30, 
2019-12-10 14:45:35.157,126557248, 538.6774607236142, 2158581, 29.126659616888254, 118164, 0, 0.0, 30, 
2019-12-10 14:45:36.185,143956840, 538.6774607236142, 2159503, 29.126659616888254, 118226, 0, 0.0, 30, 
2019-12-10 14:45:37.212,162514744, 538.6774607236142, 2160458, 29.126659616888254, 118276, 0, 0.0, 30, 
2019-12-10 14:45:38.235,181739048, 568.1428960737459, 2161423, 30.667670829268257, 118331, 0, 0.0, 30, 
2019-12-10 14:45:39.257,202547816, 568.1428960737459, 2162367, 30.667670829268257, 118383, 0, 0.0, 30, 
2019-12-10 14:45:40.28,221981664, 568.1428960737459, 2163388, 30.667670829268257, 118452, 0, 0.0, 30, 
2019-12-10 14:45:41.303,242008048, 568.1428960737459, 2164401, 30.667670829268257, 118499, 0, 0.0, 30, 
2019-12-10 14:45:42.327,260844272, 568.1428960737459, 2165427, 30.667670829268257, 118553, 0, 0.0, 30, 
2019-12-10 14:45:43.361,279952024, 601.3450208975014, 2166464, 32.54921198324956, 118608, 0, 0.0, 30, 
2019-12-10 14:45:44.384,300038216, 601.3450208975014, 2167516, 32.54921198324956, 118667, 0, 0.0, 30, 
2019-12-10 14:45:45.409,320496832, 601.3450208975014, 2168579, 32.54921198324956, 118728, 0, 0.0, 30, 
2019-12-10 14:45:46.439,340814760, 601.3450208975014, 2169658, 32.54921198324956, 118785, 0, 0.0, 30, 
2019-12-10 14:45:47.462,362577048, 601.3450208975014, 2170783, 32.54921198324956, 118843, 0, 0.0, 30, 
2019-12-10 14:45:48.491,383749424, 638.3048883421516, 2171918, 34.632117988496255, 118913, 0, 0.0, 30, 
2019-12-10 14:45:49.519,119759744, 638.3048883421516, 2172971, 34.632117988496255, 118966, 0, 0.0, 30, 
2019-12-10 14:45:50.542,140646496, 638.3048883421516, 2174086, 34.632117988496255, 119032, 0, 0.0, 30, 
2019-12-10 14:45:51.565,161650528, 638.3048883421516, 2175221, 34.632117988496255, 119091, 0, 0.0, 30, 
2019-12-10 14:45:52.591,184613408, 638.3048883421516, 2176421, 34.632117988496255, 119150, 0, 0.0, 30, 
2019-12-10 14:45:53.614,205373504, 675.4278757794985, 2177559, 36.628439610192025, 119213, 0, 0.0, 30, 
2019-12-10 14:45:54.637,226766448, 675.4278757794985, 2178674, 36.628439610192025, 119273, 0, 0.0, 30, 
2019-12-10 14:45:55.66,247331088, 675.4278757794985, 2179790, 36.628439610192025, 119340, 0, 0.0, 30, 
2019-12-10 14:45:56.682,269015512, 675.4278757794985, 2180954, 36.628439610192025, 119403, 0, 0.0, 30, 
2019-12-10 14:45:57.705,291079240, 675.4278757794985, 2182109, 36.628439610192025, 119455, 0, 0.0, 30, 
2019-12-10 14:45:58.726,313176384, 710.0943887719565, 2183265, 38.54509975340765, 119522, 0, 0.0, 30, 
2019-12-10 14:45:59.748,335028024, 710.0943887719565, 2184406, 38.54509975340765, 119589, 0, 0.0, 30, 
2019-12-10 14:46:00.772,355896000, 710.0943887719565, 2185525, 38.54509975340765, 119663, 0, 0.0, 30, 
2019-12-10 14:46:01.796,374412584, 710.0943887719565, 2186518, 38.54509975340765, 119714, 0, 0.0, 30, 
2019-12-10 14:46:02.822,385287512, 710.0943887719565, 2187011, 38.54509975340765, 119742, 0, 0.0, 30, 
2019-12-10 14:46:03.848,112242496, 725.4063320194639, 2187484, 39.60490306165387, 119771, 0, 0.0, 30, 
2019-12-10 14:46:04.888,122484712, 725.4063320194639, 2187924, 39.60490306165387, 119799, 0, 0.0, 30, 
2019-12-10 14:46:05.918,133872432, 725.4063320194639, 2188406, 39.60490306165387, 119819, 0, 0.0, 30, 
2019-12-10 14:46:06.949,143768456, 725.4063320194639, 2188885, 39.60490306165387, 119844, 0, 0.0, 30, 
2019-12-10 14:46:07.976,153324480, 725.4063320194639, 2189348, 39.60490306165387, 119868, 0, 0.0, 30, 
2019-12-10 14:46:09.005,162891912, 703.5619598158722, 2189844, 38.3731950197808, 119900, 0, 0.0, 30, 
2019-12-10 14:46:10.031,173650896, 703.5619598158722, 2190291, 38.3731950197808, 119925, 0, 0.0, 30, 
2019-12-10 14:46:11.057,184378920, 703.5619598158722, 2190784, 38.3731950197808, 119950, 0, 0.0, 30, 
2019-12-10 14:46:12.082,195410936, 703.5619598158722, 2191237, 38.3731950197808, 119971, 0, 0.0, 30, 
2019-12-10 14:46:13.109,205479552, 703.5619598158722, 2191740, 38.3731950197808, 119990, 0, 0.0, 30, 
2019-12-10 14:46:14.135,213888336, 684.3436786179511, 2192195, 37.23996891540147, 120010, 0, 0.0, 30, 
2019-12-10 14:46:15.162,224709160, 684.3436786179511, 2192686, 37.23996891540147, 120033, 0, 0.0, 30, 
2019-12-10 14:46:16.195,234246080, 684.3436786179511, 2193160, 37.23996891540147, 120057, 0, 0.0, 30, 
2019-12-10 14:46:17.232,245236648, 684.3436786179511, 2193599, 37.23996891540147, 120095, 0, 0.0, 30, 
2019-12-10 14:46:18.264,254206464, 665.7345215527282, 2194065, 36.3732528553706, 120128, 0, 0.0, 30, 
2019-12-10 14:46:19.293,265169592, 665.7345215527282, 2194558, 36.3732528553706, 120158, 0, 0.0, 30, 
2019-12-10 14:46:20.328,275094672, 665.7345215527282, 2195015, 36.3732528553706, 120187, 0, 0.0, 30, 
2019-12-10 14:46:21.359,285593632, 665.7345215527282, 2195506, 36.3732528553706, 120214, 0, 0.0, 30, 
2019-12-10 14:46:22.394,296005552, 665.7345215527282, 2195990, 36.3732528553706, 120237, 0, 0.0, 30, 
2019-12-10 14:46:23.42,306456352, 649.8925598998408, 2196475, 35.60781781941794, 120266, 0, 0.0, 30, 
2019-12-10 14:46:24.445,314283928, 649.8925598998408, 2196945, 35.60781781941794, 120300, 0, 0.0, 30, 
2019-12-10 14:46:25.47,325060048, 649.8925598998408, 2197411, 35.60781781941794, 120333, 0, 0.0, 30, 
2019-12-10 14:46:26.495,335193920, 649.8925598998408, 2197892, 35.60781781941794, 120354, 0, 0.0, 30, 
2019-12-10 14:46:27.522,345440840, 649.8925598998408, 2198355, 35.60781781941794, 120377, 0, 0.0, 30, 
2019-12-10 14:46:28.554,355331008, 634.6616157642903, 2198830, 34.823628004457426, 120400, 0, 0.0, 30, 
2019-12-10 14:46:29.579,367115512, 634.6616157642903, 2199349, 34.823628004457426, 120428, 0, 0.0, 30, 
2019-12-10 14:46:30.607,375669160, 634.6616157642903, 2199784, 34.823628004457426, 120441, 0, 0.0, 30, 
2019-12-10 14:46:31.636,387351672, 634.6616157642903, 2200264, 34.823628004457426, 120462, 0, 0.0, 30, 
2019-12-10 14:46:32.661,110958216, 634.6616157642903, 2200718, 34.823628004457426, 120499, 0, 0.0, 30, 
2019-12-10 14:46:33.695,123085960, 620.7604085023648, 2201187, 33.94222737445245, 120520, 0, 0.0, 30, 
2019-12-10 14:46:34.725,132884872, 620.7604085023648, 2201692, 33.94222737445245, 120550, 0, 0.0, 30, 
2019-12-10 14:46:35.753,142080416, 620.7604085023648, 2202156, 33.94222737445245, 120578, 0, 0.0, 30, 
2019-12-10 14:46:36.786,153061664, 620.7604085023648, 2202657, 33.94222737445245, 120608, 0, 0.0, 30, 
2019-12-10 14:46:37.81,165208824, 620.7604085023648, 2203159, 33.94222737445245, 120630, 0, 0.0, 30, 
2019-12-10 14:46:38.838,173407512, 608.6582984386135, 2203612, 33.37116640387763, 120657, 0, 0.0, 30, 
2019-12-10 14:46:39.865,183917152, 608.6582984386135, 2204108, 33.37116640387763, 120686, 0, 0.0, 30, 
2019-12-10 14:46:40.891,193775856, 608.6582984386135, 2204588, 33.37116640387763, 120711, 0, 0.0, 30, 
2019-12-10 14:46:41.916,204276816, 608.6582984386135, 2205080, 33.37116640387763, 120732, 0, 0.0, 30, 
2019-12-10 14:46:42.945,214746288, 608.6582984386135, 2205582, 33.37116640387763, 120753, 0, 0.0, 30, 
2019-12-10 14:46:43.972,225598120, 598.0515265326763, 2206053, 32.621889308449575, 120783, 0, 0.0, 30, 
2019-12-10 14:46:44.997,236483656, 598.0515265326763, 2206535, 32.621889308449575, 120813, 0, 0.0, 30, 
2019-12-10 14:46:46.022,245662608, 598.0515265326763, 2207028, 32.621889308449575, 120829, 0, 0.0, 30, 
2019-12-10 14:46:47.052,255362224, 598.0515265326763, 2207517, 32.621889308449575, 120858, 0, 0.0, 30, 
2019-12-10 14:46:48.079,266360208, 598.0515265326763, 2207990, 32.621889308449575, 120890, 0, 0.0, 30, 
2019-12-10 14:46:49.103,277598448, 587.7651184199251, 2208472, 32.1084233896068, 120912, 0, 0.0, 30, 
2019-12-10 14:46:50.128,286924112, 587.7651184199251, 2208944, 32.1084233896068, 120935, 0, 0.0, 30, 
2019-12-10 14:46:51.154,296332832, 587.7651184199251, 2209423, 32.1084233896068, 120956, 0, 0.0, 30, 
2019-12-10 14:46:52.178,306046888, 587.7651184199251, 2209889, 32.1084233896068, 120980, 0, 0.0, 30, 
2019-12-10 14:46:53.202,318350264, 577.7254858745216, 2210364, 31.31618959739028, 121005, 0, 0.0, 30, 
2019-12-10 14:46:54.226,327508528, 577.7254858745216, 2210829, 31.31618959739028, 121039, 0, 0.0, 30, 
2019-12-10 14:46:55.252,337659832, 577.7254858745216, 2211306, 31.31618959739028, 121060, 0, 0.0, 30, 
2019-12-10 14:46:56.276,348364064, 577.7254858745216, 2211787, 31.31618959739028, 121089, 0, 0.0, 30, 
2019-12-10 14:46:57.302,359106696, 577.7254858745216, 2212330, 31.31618959739028, 121111, 0, 0.0, 30, 
2019-12-10 14:46:58.327,370662408, 569.6079562213819, 2212797, 30.939103897411847, 121142, 0, 0.0, 30, 
2019-12-10 14:46:59.352,379553080, 569.6079562213819, 2213282, 30.939103897411847, 121171, 0, 0.0, 30, 
2019-12-10 14:47:00.377,107543360, 569.6079562213819, 2213751, 30.939103897411847, 121206, 0, 0.0, 30, 
2019-12-10 14:47:01.405,131641168, 569.6079562213819, 2214257, 30.939103897411847, 121228, 0, 0.0, 30, 
2019-12-10 14:47:02.431,142270752, 569.6079562213819, 2214705, 30.939103897411847, 121251, 0, 0.0, 30, 
2019-12-10 14:47:03.527,152426592, 561.3559036667901, 2215178, 30.496221602865283, 121274, 0, 0.0, 30, 
2019-12-10 14:47:04.553,162300184, 561.3559036667901, 2215664, 30.496221602865283, 121302, 0, 0.0, 30, 
2019-12-10 14:47:05.579,172138200, 561.3559036667901, 2216131, 30.496221602865283, 121323, 0, 0.0, 30, 
2019-12-10 14:47:06.605,183117464, 561.3559036667901, 2216613, 30.496221602865283, 121346, 0, 0.0, 30, 
2019-12-10 14:47:07.628,192994520, 561.3559036667901, 2217085, 30.496221602865283, 121369, 0, 0.0, 30, 
2019-12-10 14:47:08.652,202325352, 552.4843594387795, 2217528, 29.896856816539874, 121391, 0, 0.0, 30, 
2019-12-10 14:47:09.68,212673864, 552.4843594387795, 2217997, 29.896856816539874, 121414, 0, 0.0, 30, 
2019-12-10 14:47:10.712,221981456, 552.4843594387795, 2218509, 29.896856816539874, 121439, 0, 0.0, 30, 
2019-12-10 14:47:11.739,232582048, 552.4843594387795, 2218987, 29.896856816539874, 121460, 0, 0.0, 30, 
2019-12-10 14:47:12.766,242232280, 552.4843594387795, 2219460, 29.896856816539874, 121492, 0, 0.0, 30, 
2019-12-10 14:47:13.791,253228832, 546.065176483742, 2219953, 29.50532576329704, 121521, 0, 0.0, 30, 
2019-12-10 14:47:14.818,264156616, 546.065176483742, 2220429, 29.50532576329704, 121549, 0, 0.0, 30, 
2019-12-10 14:47:15.857,275716552, 546.065176483742, 2220905, 29.50532576329704, 121573, 0, 0.0, 30, 
2019-12-10 14:47:16.882,285445760, 546.065176483742, 2221390, 29.50532576329704, 121599, 0, 0.0, 30, 
2019-12-10 14:47:17.907,295064272, 546.065176483742, 2221874, 29.50532576329704, 121626, 0, 0.0, 30, 
2019-12-10 14:47:18.93,305265000, 539.4716250252883, 2222306, 29.16109092168117, 121646, 0, 0.0, 30, 
2019-12-10 14:47:19.979,314575912, 539.4716250252883, 2222800, 29.16109092168117, 121675, 0, 0.0, 30, 
2019-12-10 14:47:21.003,324509056, 539.4716250252883, 2223274, 29.16109092168117, 121701, 0, 0.0, 30, 
2019-12-10 14:47:22.027,335404352, 539.4716250252883, 2223739, 29.16109092168117, 121723, 0, 0.0, 30, 
2019-12-10 14:47:23.05,345378216, 539.4716250252883, 2224213, 29.16109092168117, 121755, 0, 0.0, 30, 
2019-12-10 14:47:24.075,355391696, 532.8455757357721, 2224676, 28.87636181247995, 121783, 0, 0.0, 30, 
2019-12-10 14:47:25.103,366163336, 532.8455757357721, 2225177, 28.87636181247995, 121809, 0, 0.0, 30, 
2019-12-10 14:47:26.129,376762128, 532.8455757357721, 2225656, 28.87636181247995, 121837, 0, 0.0, 30, 
2019-12-10 14:47:27.152,386906408, 532.8455757357721, 2226113, 28.87636181247995, 121857, 0, 0.0, 30, 
2019-12-10 14:47:28.175,112000256, 532.8455757357721, 2226578, 28.87636181247995, 121881, 0, 0.0, 30, 
2019-12-10 14:47:29.199,122501952, 527.0531473203027, 2227088, 28.534442800506305, 121912, 0, 0.0, 30, 
2019-12-10 14:47:30.222,132328056, 527.0531473203027, 2227560, 28.534442800506305, 121936, 0, 0.0, 30, 
2019-12-10 14:47:31.248,143231672, 527.0531473203027, 2228014, 28.534442800506305, 121972, 0, 0.0, 30, 
2019-12-10 14:47:32.273,153787320, 527.0531473203027, 2228488, 28.534442800506305, 121996, 0, 0.0, 30, 
2019-12-10 14:47:33.306,163599184, 522.203589421734, 2228961, 28.395764411099865, 122019, 0, 0.0, 30, 
2019-12-10 14:47:34.33,174015288, 522.203589421734, 2229425, 28.395764411099865, 122046, 0, 0.0, 30, 
2019-12-10 14:47:35.361,184626160, 522.203589421734, 2229885, 28.395764411099865, 122083, 0, 0.0, 30, 
2019-12-10 14:47:36.386,194892096, 522.203589421734, 2230380, 28.395764411099865, 122111, 0, 0.0, 30, 
2019-12-10 14:47:37.412,206141656, 522.203589421734, 2230868, 28.395764411099865, 122141, 0, 0.0, 30, 
2019-12-10 14:47:38.436,217292560, 517.4859228905482, 2231354, 28.444076421312175, 122165, 0, 0.0, 30, 
2019-12-10 14:47:39.46,227172280, 517.4859228905482, 2231815, 28.444076421312175, 122184, 0, 0.0, 30, 
2019-12-10 14:47:40.484,237136432, 517.4859228905482, 2232312, 28.444076421312175, 122215, 0, 0.0, 30, 
2019-12-10 14:47:41.509,246744784, 517.4859228905482, 2232757, 28.444076421312175, 122240, 0, 0.0, 30, 
2019-12-10 14:47:42.534,258074480, 517.4859228905482, 2233256, 28.444076421312175, 122269, 0, 0.0, 30, 
2019-12-10 14:47:43.557,267248720, 513.625193660671, 2233745, 28.056765455465868, 122286, 0, 0.0, 30, 
2019-12-10 14:47:44.587,278051880, 513.625193660671, 2234219, 28.056765455465868, 122309, 0, 0.0, 30, 
2019-12-10 14:47:45.625,287577488, 513.625193660671, 2234716, 28.056765455465868, 122327, 0, 0.0, 30, 
2019-12-10 14:47:46.657,298306704, 513.625193660671, 2235200, 28.056765455465868, 122350, 0, 0.0, 30, 
2019-12-10 14:47:47.685,309199824, 513.625193660671, 2235693, 28.056765455465868, 122373, 0, 0.0, 30, 
2019-12-10 14:47:48.718,318937360, 510.21707134999366, 2236177, 27.588484345095335, 122404, 0, 0.0, 30, 
2019-12-10 14:47:49.744,329005968, 510.21707134999366, 2236680, 27.588484345095335, 122424, 0, 0.0, 30, 
2019-12-10 14:47:50.769,340179240, 510.21707134999366, 2237128, 27.588484345095335, 122448, 0, 0.0, 30, 
2019-12-10 14:47:51.795,348337600, 510.21707134999366, 2237577, 27.588484345095335, 122473, 0, 0.0, 30, 
2019-12-10 14:47:52.821,358030968, 510.21707134999366, 2238018, 27.588484345095335, 122507, 0, 0.0, 30, 
2019-12-10 14:47:53.848,367600864, 505.3064334584523, 2238477, 27.36552944698627, 122525, 0, 0.0, 30, 
2019-12-10 14:47:54.873,377335112, 505.3064334584523, 2238970, 27.36552944698627, 122554, 0, 0.0, 30, 
2019-12-10 14:47:55.921,388501824, 505.3064334584523, 2239443, 27.36552944698627, 122571, 0, 0.0, 30, 
2019-12-10 14:47:56.952,115078224, 505.3064334584523, 2239937, 27.36552944698627, 122594, 0, 0.0, 30, 
2019-12-10 14:47:57.979,124793464, 505.3064334584523, 2240418, 27.36552944698627, 122623, 0, 0.0, 30, 
2019-12-10 14:47:59.007,135512392, 502.4355135527085, 2240886, 27.03247210167369, 122653, 0, 0.0, 30, 
2019-12-10 14:48:00.037,146024080, 502.4355135527085, 2241366, 27.03247210167369, 122675, 0, 0.0, 30, 
2019-12-10 14:48:01.064,157642864, 502.4355135527085, 2241839, 27.03247210167369, 122693, 0, 0.0, 30, 
2019-12-10 14:48:02.091,166233960, 502.4355135527085, 2242288, 27.03247210167369, 122717, 0, 0.0, 30, 
2019-12-10 14:48:03.118,177325304, 502.4355135527085, 2242783, 27.03247210167369, 122751, 0, 0.0, 30, 
2019-12-10 14:48:04.159,189055016, 499.02656610902227, 2243278, 26.821991253812396, 122781, 0, 0.0, 30, 
2019-12-10 14:48:05.188,199256184, 499.02656610902227, 2243738, 26.821991253812396, 122807, 0, 0.0, 30, 
2019-12-10 14:48:06.215,210161136, 499.02656610902227, 2244200, 26.821991253812396, 122836, 0, 0.0, 30, 
2019-12-10 14:48:07.242,222128792, 499.02656610902227, 2244695, 26.821991253812396, 122866, 0, 0.0, 30, 
2019-12-10 14:48:08.267,231857600, 495.97013863906454, 2245155, 26.996135218056278, 122898, 0, 0.0, 30, 
2019-12-10 14:48:09.294,242927520, 495.97013863906454, 2245670, 26.996135218056278, 122921, 0, 0.0, 30, 
2019-12-10 14:48:10.319,253501824, 495.97013863906454, 2246131, 26.996135218056278, 122953, 0, 0.0, 30, 
2019-12-10 14:48:11.35,264082512, 495.97013863906454, 2246627, 26.996135218056278, 122975, 0, 0.0, 30, 
2019-12-10 14:48:12.378,274401856, 495.97013863906454, 2247105, 26.996135218056278, 123002, 0, 0.0, 30, 
2019-12-10 14:48:13.405,285407448, 493.76575206542736, 2247564, 26.740586355772752, 123022, 0, 0.0, 30, 
2019-12-10 14:48:14.431,295573200, 493.76575206542736, 2248023, 26.740586355772752, 123052, 0, 0.0, 30, 
2019-12-10 14:48:15.458,305935880, 493.76575206542736, 2248483, 26.740586355772752, 123074, 0, 0.0, 30, 
2019-12-10 14:48:16.484,316961576, 493.76575206542736, 2248945, 26.740586355772752, 123105, 0, 0.0, 30, 
2019-12-10 14:48:17.515,328398288, 493.76575206542736, 2249436, 26.740586355772752, 123122, 0, 0.0, 30, 
2019-12-10 14:48:18.539,339404544, 490.85810707159123, 2249915, 26.47348781821565, 123142, 0, 0.0, 30, 
2019-12-10 14:48:19.565,348475336, 490.85810707159123, 2250381, 26.47348781821565, 123171, 0, 0.0, 30, 
2019-12-10 14:48:20.591,358737136, 490.85810707159123, 2250857, 26.47348781821565, 123197, 0, 0.0, 30, 
2019-12-10 14:48:21.628,369752464, 490.85810707159123, 2251316, 26.47348781821565, 123222, 0, 0.0, 30, 
2019-12-10 14:48:22.653,381096104, 490.85810707159123, 2251770, 26.47348781821565, 123255, 0, 0.0, 30, 
2019-12-10 14:48:23.68,108496936, 488.26290012065806, 2252296, 26.49959429084087, 123282, 0, 0.0, 30, 
2019-12-10 14:48:24.704,120338864, 488.26290012065806, 2252760, 26.49959429084087, 123308, 0, 0.0, 30, 
2019-12-10 14:48:25.731,128655808, 488.26290012065806, 2253251, 26.49959429084087, 123334, 0, 0.0, 30, 
2019-12-10 14:48:26.757,138297096, 488.26290012065806, 2253698, 26.49959429084087, 123356, 0, 0.0, 30, 
2019-12-10 14:48:27.783,149059152, 488.26290012065806, 2254183, 26.49959429084087, 123381, 0, 0.0, 30, 
2019-12-10 14:48:28.809,160819240, 486.7067325484999, 2254677, 26.427666702720572, 123414, 0, 0.0, 30, 
2019-12-10 14:48:29.837,171222656, 486.7067325484999, 2255145, 26.427666702720572, 123441, 0, 0.0, 30, 
2019-12-10 14:48:30.862,181274112, 486.7067325484999, 2255593, 26.427666702720572, 123470, 0, 0.0, 30, 
2019-12-10 14:48:31.888,191932312, 486.7067325484999, 2256081, 26.427666702720572, 123487, 0, 0.0, 30, 
2019-12-10 14:48:32.915,202047560, 486.7067325484999, 2256561, 26.427666702720572, 123503, 0, 0.0, 30, 
2019-12-10 14:48:33.986,211833752, 484.4274600605792, 2257042, 26.153605605048973, 123529, 0, 0.0, 30, 
2019-12-10 14:48:35.013,223401472, 484.4274600605792, 2257552, 26.153605605048973, 123556, 0, 0.0, 30, 
2019-12-10 14:48:36.04,235271352, 484.4274600605792, 2258041, 26.153605605048973, 123575, 0, 0.0, 30, 
2019-12-10 14:48:37.107,246769696, 484.4274600605792, 2258562, 26.153605605048973, 123607, 0, 0.0, 30, 
2019-12-10 14:48:38.133,258100536, 484.4274600605792, 2259038, 26.153605605048973, 123632, 0, 0.0, 30, 
2019-12-10 14:48:39.159,270261336, 483.7376464411735, 2259523, 26.013395042387984, 123648, 0, 0.0, 30, 
2019-12-10 14:48:40.19,279678352, 483.7376464411735, 2259985, 26.013395042387984, 123668, 0, 0.0, 30, 
2019-12-10 14:48:41.216,290751176, 483.7376464411735, 2260429, 26.013395042387984, 123701, 0, 0.0, 30, 
2019-12-10 14:48:42.245,301457896, 483.7376464411735, 2260908, 26.013395042387984, 123726, 0, 0.0, 30, 
2019-12-10 14:48:43.271,311194192, 481.6158133856095, 2261386, 25.90038621441384, 123757, 0, 0.0, 30, 
2019-12-10 14:48:44.298,322116144, 481.6158133856095, 2261862, 25.90038621441384, 123781, 0, 0.0, 30, 
2019-12-10 14:48:45.323,332858496, 481.6158133856095, 2262354, 25.90038621441384, 123812, 0, 0.0, 30, 
2019-12-10 14:48:46.35,345345704, 481.6158133856095, 2262933, 25.90038621441384, 123838, 0, 0.0, 30, 
2019-12-10 14:48:47.373,359153888, 481.6158133856095, 2263579, 25.90038621441384, 123862, 0, 0.0, 30, 
2019-12-10 14:48:48.397,370995496, 487.2913955784244, 2264252, 25.89235977587723, 123891, 0, 0.0, 30, 
2019-12-10 14:48:49.424,386698952, 487.2913955784244, 2264927, 25.89235977587723, 123938, 0, 0.0, 30, 
2019-12-10 14:48:50.448,119400816, 487.2913955784244, 2265684, 25.89235977587723, 123975, 0, 0.0, 30, 
2019-12-10 14:48:51.48,134889696, 487.2913955784244, 2266525, 25.89235977587723, 124011, 0, 0.0, 30, 
2019-12-10 14:48:52.503,153218096, 487.2913955784244, 2267403, 25.89235977587723, 124050, 0, 0.0, 30, 
2019-12-10 14:48:53.526,170810608, 510.16737652453884, 2268279, 26.924397705751062, 124088, 0, 0.0, 30, 
2019-12-10 14:48:54.555,186830528, 510.16737652453884, 2269154, 26.924397705751062, 124134, 0, 0.0, 30, 
2019-12-10 14:48:55.577,207930720, 510.16737652453884, 2270105, 26.924397705751062, 124199, 0, 0.0, 30, 
2019-12-10 14:48:56.6,225953064, 510.16737652453884, 2271024, 26.924397705751062, 124246, 0, 0.0, 30, 
2019-12-10 14:48:57.623,242313536, 510.16737652453884, 2271938, 26.924397705751062, 124286, 0, 0.0, 30, 
2019-12-10 14:48:58.649,260757120, 540.7130185652147, 2272853, 28.337660833967014, 124332, 0, 0.0, 30, 
2019-12-10 14:48:59.671,279294456, 540.7130185652147, 2273794, 28.337660833967014, 124381, 0, 0.0, 30, 
2019-12-10 14:49:00.693,295832344, 540.7130185652147, 2274679, 28.337660833967014, 124424, 0, 0.0, 30, 
2019-12-10 14:49:01.715,313506184, 540.7130185652147, 2275610, 28.337660833967014, 124461, 0, 0.0, 30, 
2019-12-10 14:49:02.738,331165128, 540.7130185652147, 2276541, 28.337660833967014, 124499, 0, 0.0, 30, 
2019-12-10 14:49:03.769,348939752, 569.1521793745619, 2277471, 29.66990791563193, 124547, 0, 0.0, 30, 
2019-12-10 14:49:04.792,368744016, 569.1521793745619, 2278417, 29.66990791563193, 124600, 0, 0.0, 30, 
2019-12-10 14:49:05.813,387086968, 569.1521793745619, 2279338, 29.66990791563193, 124657, 0, 0.0, 30, 
2019-12-10 14:49:06.836,123530912, 569.1521793745619, 2280341, 29.66990791563193, 124703, 0, 0.0, 30, 
2019-12-10 14:49:07.858,142936408, 569.1521793745619, 2281315, 29.66990791563193, 124758, 0, 0.0, 30, 
2019-12-10 14:49:08.882,159734640, 598.6756050195154, 2282272, 31.29541232887734, 124807, 0, 0.0, 30, 
2019-12-10 14:49:09.904,179163272, 598.6756050195154, 2283277, 31.29541232887734, 124854, 0, 0.0, 30, 
2019-12-10 14:49:10.928,198539472, 598.6756050195154, 2284243, 31.29541232887734, 124907, 0, 0.0, 30, 
2019-12-10 14:49:11.955,218731048, 598.6756050195154, 2285293, 31.29541232887734, 124964, 0, 0.0, 30, 
2019-12-10 14:49:12.978,237458152, 598.6756050195154, 2286234, 31.29541232887734, 125023, 0, 0.0, 30, 
2019-12-10 14:49:14.001,256280800, 627.9812775728133, 2287294, 32.91887752183218, 125080, 0, 0.0, 30, 
2019-12-10 14:49:15.023,278476864, 627.9812775728133, 2288441, 32.91887752183218, 125145, 0, 0.0, 30, 
2019-12-10 14:49:16.051,299602656, 627.9812775728133, 2289504, 32.91887752183218, 125203, 0, 0.0, 30, 
2019-12-10 14:49:17.072,319372584, 627.9812775728133, 2290579, 32.91887752183218, 125251, 0, 0.0, 30, 
2019-12-10 14:49:18.095,340815664, 627.9812775728133, 2291679, 32.91887752183218, 125296, 0, 0.0, 30, 
2019-12-10 14:49:19.117,361529288, 663.2751699180553, 2292836, 34.63641324399329, 125350, 0, 0.0, 30, 
2019-12-10 14:49:20.139,382248752, 663.2751699180553, 2293937, 34.63641324399329, 125401, 0, 0.0, 30, 
2019-12-10 14:49:21.16,120908480, 663.2751699180553, 2295098, 34.63641324399329, 125473, 0, 0.0, 30, 
2019-12-10 14:49:22.183,142008104, 663.2751699180553, 2296220, 34.63641324399329, 125533, 0, 0.0, 30, 
2019-12-10 14:49:23.206,162732696, 699.4570576020232, 2297381, 36.600409201873205, 125602, 0, 0.0, 30, 
2019-12-10 14:49:24.228,186006048, 699.4570576020232, 2298576, 36.600409201873205, 125666, 0, 0.0, 30, 
2019-12-10 14:49:25.249,210538968, 699.4570576020232, 2299845, 36.600409201873205, 125723, 0, 0.0, 30, 
2019-12-10 14:49:26.271,233673728, 699.4570576020232, 2301099, 36.600409201873205, 125796, 0, 0.0, 30, 
2019-12-10 14:49:27.298,256191480, 699.4570576020232, 2302340, 36.600409201873205, 125860, 0, 0.0, 30, 
2019-12-10 14:49:28.32,279810680, 740.4057463549142, 2303587, 38.69521282060963, 125920, 0, 0.0, 30, 
2019-12-10 14:49:29.342,302205992, 740.4057463549142, 2304776, 38.69521282060963, 125982, 0, 0.0, 30, 
2019-12-10 14:49:30.367,323517824, 740.4057463549142, 2305965, 38.69521282060963, 126041, 0, 0.0, 30, 
2019-12-10 14:49:31.389,344353168, 740.4057463549142, 2307148, 38.69521282060963, 126097, 0, 0.0, 30, 
2019-12-10 14:49:32.413,355822008, 740.4057463549142, 2307633, 38.69521282060963, 126114, 0, 0.0, 30, 
2019-12-10 14:49:33.443,367025880, 754.1256653513514, 2308087, 39.21530688724947, 126147, 0, 0.0, 30, 
2019-12-10 14:49:34.469,376498504, 754.1256653513514, 2308551, 39.21530688724947, 126176, 0, 0.0, 30, 
2019-12-10 14:49:35.497,386236008, 754.1256653513514, 2309041, 39.21530688724947, 126191, 0, 0.0, 30, 
2019-12-10 14:49:36.523,113917016, 754.1256653513514, 2309507, 39.21530688724947, 126220, 0, 0.0, 30, 
2019-12-10 14:49:37.55,123929376, 754.1256653513514, 2309929, 39.21530688724947, 126251, 0, 0.0, 30, 
2019-12-10 14:49:38.575,134735344, 729.85709310316, 2310395, 37.99875811848494, 126273, 0, 0.0, 30, 
2019-12-10 14:49:39.599,144537424, 729.85709310316, 2310873, 37.99875811848494, 126298, 0, 0.0, 30, 
2019-12-10 14:49:40.627,154568056, 729.85709310316, 2311391, 37.99875811848494, 126321, 0, 0.0, 30, 
2019-12-10 14:49:41.653,164127296, 729.85709310316, 2311869, 37.99875811848494, 126343, 0, 0.0, 30, 
2019-12-10 14:49:42.681,175211632, 729.85709310316, 2312348, 37.99875811848494, 126362, 0, 0.0, 30, 
2019-12-10 14:49:43.706,184301552, 708.7282625357434, 2312822, 36.79952363328829, 126389, 0, 0.0, 30, 
2019-12-10 14:49:44.73,195296808, 708.7282625357434, 2313293, 36.79952363328829, 126411, 0, 0.0, 30, 
2019-12-10 14:49:45.76,205225416, 708.7282625357434, 2313753, 36.79952363328829, 126428, 0, 0.0, 30, 
2019-12-10 14:49:46.786,214422064, 708.7282625357434, 2314227, 36.79952363328829, 126453, 0, 0.0, 30, 
2019-12-10 14:49:47.812,225246976, 708.7282625357434, 2314717, 36.79952363328829, 126474, 0, 0.0, 30, 
2019-12-10 14:49:48.847,235416320, 689.3687555699132, 2315189, 35.488290121388474, 126495, 0, 0.0, 30, 
2019-12-10 14:49:49.873,245335616, 689.3687555699132, 2315675, 35.488290121388474, 126523, 0, 0.0, 30, 
2019-12-10 14:49:50.901,255432992, 689.3687555699132, 2316136, 35.488290121388474, 126552, 0, 0.0, 30, 
2019-12-10 14:49:51.928,264486920, 689.3687555699132, 2316573, 35.488290121388474, 126578, 0, 0.0, 30, 
2019-12-10 14:49:52.954,274158832, 689.3687555699132, 2317053, 35.488290121388474, 126599, 0, 0.0, 30, 
2019-12-10 14:49:53.981,284725584, 670.5017355891306, 2317527, 34.63370162812124, 126619, 0, 0.0, 30, 
2019-12-10 14:49:55.005,293904808, 670.5017355891306, 2318016, 34.63370162812124, 126642, 0, 0.0, 30, 
2019-12-10 14:49:56.03,305478824, 670.5017355891306, 2318492, 34.63370162812124, 126672, 0, 0.0, 30, 
2019-12-10 14:49:57.056,315427216, 670.5017355891306, 2318988, 34.63370162812124, 126698, 0, 0.0, 30, 
2019-12-10 14:49:58.084,326312200, 670.5017355891306, 2319485, 34.63370162812124, 126718, 0, 0.0, 30, 
2019-12-10 14:49:59.119,336906848, 654.9822176986373, 2319953, 33.84744225808423, 126754, 0, 0.0, 30, 
2019-12-10 14:50:00.151,348170536, 654.9822176986373, 2320421, 33.84744225808423, 126778, 0, 0.0, 30, 
2019-12-10 14:50:01.179,357206600, 654.9822176986373, 2320881, 33.84744225808423, 126807, 0, 0.0, 30, 
2019-12-10 14:50:02.203,367880832, 654.9822176986373, 2321335, 33.84744225808423, 126841, 0, 0.0, 30, 
2019-12-10 14:50:03.226,377091680, 638.4648155553703, 2321802, 33.283959886973065, 126861, 0, 0.0, 30, 
2019-12-10 14:50:04.253,386918736, 638.4648155553703, 2322305, 33.283959886973065, 126876, 0, 0.0, 30, 
2019-12-10 14:50:05.283,116530576, 638.4648155553703, 2322786, 33.283959886973065, 126901, 0, 0.0, 30, 
2019-12-10 14:50:06.312,126978744, 638.4648155553703, 2323288, 33.283959886973065, 126926, 0, 0.0, 30, 
2019-12-10 14:50:07.337,136649472, 638.4648155553703, 2323744, 33.283959886973065, 126942, 0, 0.0, 30, 
2019-12-10 14:50:08.36,145338352, 624.9471392620551, 2324201, 32.237824215243684, 126967, 0, 0.0, 30, 
2019-12-10 14:50:09.383,156497528, 624.9471392620551, 2324669, 32.237824215243684, 126989, 0, 0.0, 30, 
2019-12-10 14:50:10.408,165883464, 624.9471392620551, 2325138, 32.237824215243684, 127015, 0, 0.0, 30, 
2019-12-10 14:50:11.433,176005632, 624.9471392620551, 2325628, 32.237824215243684, 127048, 0, 0.0, 30, 
2019-12-10 14:50:12.456,186879344, 624.9471392620551, 2326098, 32.237824215243684, 127071, 0, 0.0, 30, 
2019-12-10 14:50:13.479,196883512, 611.6627474846941, 2326565, 31.65911974330382, 127092, 0, 0.0, 30, 
2019-12-10 14:50:14.503,207249056, 611.6627474846941, 2327084, 31.65911974330382, 127111, 0, 0.0, 30, 
2019-12-10 14:50:15.528,217125696, 611.6627474846941, 2327578, 31.65911974330382, 127129, 0, 0.0, 30, 
2019-12-10 14:50:16.561,226372640, 611.6627474846941, 2328057, 31.65911974330382, 127156, 0, 0.0, 30, 
2019-12-10 14:50:17.584,238440784, 611.6627474846941, 2328548, 31.65911974330382, 127187, 0, 0.0, 30, 
2019-12-10 14:50:18.607,246556848, 600.6718330428939, 2328989, 30.934792521284905, 127209, 0, 0.0, 30, 
2019-12-10 14:50:19.631,257488776, 600.6718330428939, 2329485, 30.934792521284905, 127232, 0, 0.0, 30, 
2019-12-10 14:50:20.654,267756080, 600.6718330428939, 2329917, 30.934792521284905, 127257, 0, 0.0, 30, 
2019-12-10 14:50:21.678,278747248, 600.6718330428939, 2330419, 30.934792521284905, 127282, 0, 0.0, 30, 
2019-12-10 14:50:22.704,289243104, 600.6718330428939, 2330927, 30.934792521284905, 127298, 0, 0.0, 30, 
2019-12-10 14:50:23.727,297760040, 590.3838013112313, 2331405, 30.172432603857622, 127321, 0, 0.0, 30, 
2019-12-10 14:50:24.751,309073832, 590.3838013112313, 2331909, 30.172432603857622, 127348, 0, 0.0, 30, 
2019-12-10 14:50:25.774,319459680, 590.3838013112313, 2332382, 30.172432603857622, 127367, 0, 0.0, 30, 
2019-12-10 14:50:26.802,330119960, 590.3838013112313, 2332839, 30.172432603857622, 127384, 0, 0.0, 30, 
2019-12-10 14:50:27.828,340109856, 590.3838013112313, 2333343, 30.172432603857622, 127417, 0, 0.0, 30, 
2019-12-10 14:50:28.861,350060472, 580.7424528911705, 2333831, 29.646929907706866, 127437, 0, 0.0, 30, 
2019-12-10 14:50:29.886,359975208, 580.7424528911705, 2334336, 29.646929907706866, 127463, 0, 0.0, 30, 
2019-12-10 14:50:30.91,372686288, 580.7424528911705, 2334827, 29.646929907706866, 127494, 0, 0.0, 30, 
2019-12-10 14:50:31.949,381964648, 580.7424528911705, 2335309, 29.646929907706866, 127512, 0, 0.0, 30, 
2019-12-10 14:50:32.982,109295616, 580.7424528911705, 2335819, 29.646929907706866, 127540, 0, 0.0, 30, 
2019-12-10 14:50:34.006,118997912, 572.8634333863946, 2336291, 29.227408555537252, 127565, 0, 0.0, 30, 
2019-12-10 14:50:35.031,129484384, 572.8634333863946, 2336778, 29.227408555537252, 127587, 0, 0.0, 30, 
2019-12-10 14:50:36.058,140218464, 572.8634333863946, 2337259, 29.227408555537252, 127624, 0, 0.0, 30, 
2019-12-10 14:50:37.096,149888336, 572.8634333863946, 2337751, 29.227408555537252, 127644, 0, 0.0, 30, 
2019-12-10 14:50:38.12,161177168, 572.8634333863946, 2338251, 29.227408555537252, 127666, 0, 0.0, 30, 
2019-12-10 14:50:39.221,170920368, 564.9907319323787, 2338721, 28.809448044507587, 127696, 0, 0.0, 30, 
2019-12-10 14:50:40.246,180995600, 564.9907319323787, 2339223, 28.809448044507587, 127726, 0, 0.0, 30, 
2019-12-10 14:50:41.271,191111176, 564.9907319323787, 2339693, 28.809448044507587, 127758, 0, 0.0, 30, 
2019-12-10 14:50:42.295,202796768, 564.9907319323787, 2340185, 28.809448044507587, 127783, 0, 0.0, 30, 
2019-12-10 14:50:43.325,214037504, 557.2837545364175, 2340692, 28.728737035207697, 127812, 0, 0.0, 30, 
2019-12-10 14:50:44.35,223373096, 557.2837545364175, 2341171, 28.728737035207697, 127844, 0, 0.0, 30, 
2019-12-10 14:50:45.379,233909352, 557.2837545364175, 2341636, 28.728737035207697, 127864, 0, 0.0, 30, 
2019-12-10 14:50:46.401,243619992, 557.2837545364175, 2342128, 28.728737035207697, 127888, 0, 0.0, 30, 
2019-12-10 14:50:47.425,254184696, 557.2837545364175, 2342607, 28.728737035207697, 127914, 0, 0.0, 30, 
2019-12-10 14:50:48.447,264059568, 549.7932151027354, 2343083, 28.47857703408675, 127941, 0, 0.0, 30, 
2019-12-10 14:50:49.471,274738528, 549.7932151027354, 2343566, 28.47857703408675, 127962, 0, 0.0, 30, 
2019-12-10 14:50:50.495,284530120, 549.7932151027354, 2344041, 28.47857703408675, 127993, 0, 0.0, 30, 
2019-12-10 14:50:51.519,294062696, 549.7932151027354, 2344527, 28.47857703408675, 128024, 0, 0.0, 30, 
2019-12-10 14:50:52.542,304759616, 549.7932151027354, 2345004, 28.47857703408675, 128051, 0, 0.0, 30, 
2019-12-10 14:50:53.568,314329128, 543.18942624155, 2345470, 28.40832989303311, 128087, 0, 0.0, 30, 
2019-12-10 14:50:54.593,325582024, 543.18942624155, 2345953, 28.40832989303311, 128113, 0, 0.0, 30, 
2019-12-10 14:50:55.615,335169632, 543.18942624155, 2346415, 28.40832989303311, 128140, 0, 0.0, 30, 
2019-12-10 14:50:56.639,344864880, 543.18942624155, 2346891, 28.40832989303311, 128163, 0, 0.0, 30, 
2019-12-10 14:50:57.664,357039024, 543.18942624155, 2347362, 28.40832989303311, 128198, 0, 0.0, 30, 
2019-12-10 14:50:58.687,366406528, 536.7618426087939, 2347833, 28.327708286188898, 128223, 0, 0.0, 30, 
2019-12-10 14:50:59.711,377073128, 536.7618426087939, 2348315, 28.327708286188898, 128243, 0, 0.0, 30, 
2019-12-10 14:51:00.736,384727984, 536.7618426087939, 2348777, 28.327708286188898, 128274, 0, 0.0, 30, 
2019-12-10 14:51:01.76,112069720, 536.7618426087939, 2349256, 28.327708286188898, 128299, 0, 0.0, 30, 
2019-12-10 14:51:02.786,120674448, 536.7618426087939, 2349709, 28.327708286188898, 128323, 0, 0.0, 30, 
2019-12-10 14:51:03.814,130636032, 530.4324111439864, 2350191, 28.07763053929795, 128343, 0, 0.0, 30, 
2019-12-10 14:51:04.844,141954608, 530.4324111439864, 2350655, 28.07763053929795, 128362, 0, 0.0, 30, 
2019-12-10 14:51:05.869,150503184, 530.4324111439864, 2351092, 28.07763053929795, 128393, 0, 0.0, 30, 
2019-12-10 14:51:06.893,161085552, 530.4324111439864, 2351576, 28.07763053929795, 128418, 0, 0.0, 30, 
2019-12-10 14:51:07.919,171725992, 530.4324111439864, 2352054, 28.07763053929795, 128439, 0, 0.0, 30, 
2019-12-10 14:51:08.943,183022968, 525.168742174606, 2352548, 27.55970779771341, 128455, 0, 0.0, 30, 
2019-12-10 14:51:09.967,207339272, 525.168742174606, 2353002, 27.55970779771341, 128477, 0, 0.0, 30, 
2019-12-10 14:51:10.991,230105624, 525.168742174606, 2353447, 27.55970779771341, 128500, 0, 0.0, 30, 
2019-12-10 14:51:12.02,252343512, 525.168742174606, 2353936, 27.55970779771341, 128518, 0, 0.0, 30, 
2019-12-10 14:51:13.045,268682464, 525.168742174606, 2354391, 27.55970779771341, 128544, 0, 0.0, 30, 
2019-12-10 14:51:14.078,279178120, 519.2705192119768, 2354846, 27.03522252088664, 128570, 0, 0.0, 30, 
2019-12-10 14:51:15.111,291123296, 519.2705192119768, 2355335, 27.03522252088664, 128603, 0, 0.0, 30, 
2019-12-10 14:51:16.135,304510192, 519.2705192119768, 2355801, 27.03522252088664, 128627, 0, 0.0, 30, 
2019-12-10 14:51:17.159,315050168, 519.2705192119768, 2356269, 27.03522252088664, 128654, 0, 0.0, 30, 
2019-12-10 14:51:18.182,327734600, 519.2705192119768, 2356726, 27.03522252088664, 128677, 0, 0.0, 30, 
2019-12-10 14:51:19.207,338970400, 513.8918654701939, 2357190, 26.93645958116611, 128706, 0, 0.0, 30, 
2019-12-10 14:51:20.245,353210400, 513.8918654701939, 2357697, 26.93645958116611, 128728, 0, 0.0, 30, 
2019-12-10 14:51:21.278,364783416, 513.8918654701939, 2358196, 26.93645958116611, 128748, 0, 0.0, 30, 
2019-12-10 14:51:22.304,376695504, 513.8918654701939, 2358644, 26.93645958116611, 128772, 0, 0.0, 30, 
2019-12-10 14:51:23.339,387871872, 509.966696629586, 2359113, 26.6377087681401, 128796, 0, 0.0, 30, 
2019-12-10 14:51:24.372,119530568, 509.966696629586, 2359601, 26.6377087681401, 128830, 0, 0.0, 30, 
2019-12-10 14:51:25.395,130495248, 509.966696629586, 2360053, 26.6377087681401, 128856, 0, 0.0, 30, 
2019-12-10 14:51:26.419,142863296, 509.966696629586, 2360497, 26.6377087681401, 128876, 0, 0.0, 30, 
2019-12-10 14:51:27.444,153651976, 509.966696629586, 2360940, 26.6377087681401, 128899, 0, 0.0, 30, 
2019-12-10 14:51:28.47,166120864, 504.500397380708, 2361403, 26.42680921954609, 128919, 0, 0.0, 30, 
2019-12-10 14:51:29.493,180537560, 504.500397380708, 2361973, 26.42680921954609, 128942, 0, 0.0, 30, 
2019-12-10 14:51:30.517,196730400, 504.500397380708, 2362566, 26.42680921954609, 128967, 0, 0.0, 30, 
2019-12-10 14:51:31.538,213153360, 504.500397380708, 2363228, 26.42680921954609, 129010, 0, 0.0, 30, 
2019-12-10 14:51:32.561,230202920, 504.500397380708, 2363895, 26.42680921954609, 129047, 0, 0.0, 30, 
2019-12-10 14:51:33.584,249169168, 513.5113600791761, 2364671, 26.84043471663147, 129092, 0, 0.0, 30, 
2019-12-10 14:51:34.605,270982040, 513.5113600791761, 2365535, 26.84043471663147, 129147, 0, 0.0, 30, 
2019-12-10 14:51:35.627,291319872, 513.5113600791761, 2366414, 26.84043471663147, 129182, 0, 0.0, 30, 
2019-12-10 14:51:36.653,316035232, 513.5113600791761, 2367323, 26.84043471663147, 129228, 0, 0.0, 30, 
2019-12-10 14:51:37.678,336731280, 513.5113600791761, 2368189, 26.84043471663147, 129264, 0, 0.0, 30, 
2019-12-10 14:51:38.701,358454640, 541.8067334400782, 2369132, 28.196446686495406, 129319, 0, 0.0, 30, 
2019-12-10 14:51:39.723,380872408, 541.8067334400782, 2370028, 28.196446686495406, 129364, 0, 0.0, 30, 
2019-12-10 14:51:40.747,118070520, 541.8067334400782, 2370924, 28.196446686495406, 129405, 0, 0.0, 30, 
2019-12-10 14:51:41.769,139965552, 541.8067334400782, 2371813, 28.196446686495406, 129448, 0, 0.0, 30, 
2019-12-10 14:51:42.792,161249280, 541.8067334400782, 2372696, 28.196446686495406, 129493, 0, 0.0, 30, 
2019-12-10 14:51:43.814,184078808, 567.9356803630724, 2373606, 29.460029042613364, 129531, 0, 0.0, 30, 
2019-12-10 14:51:44.837,202928968, 567.9356803630724, 2374410, 29.460029042613364, 129567, 0, 0.0, 30, 
2019-12-10 14:51:45.858,222512912, 567.9356803630724, 2375173, 29.460029042613364, 129602, 0, 0.0, 30, 
2019-12-10 14:51:46.881,240875208, 567.9356803630724, 2375936, 29.460029042613364, 129636, 0, 0.0, 30, 
