Timestamp, MemoryUsed, ReadLatency1, ReadCount, WriteLatency1, WriteCount, PendingTasks, WaitingOnCommit1, SRDelay, 
2019-12-10 14:43:25.426,163156136, 83.23010877459593, 2168580, 9.094657067532287, 118131, 0, 0.0, 30, 
2019-12-10 14:43:26.47,164136704, 83.23010877459593, 2168580, 9.094657067532287, 118131, 0, 0.0, 30, 
2019-12-10 14:43:27.514,165190232, 83.23010877459593, 2168580, 9.094657067532287, 118131, 0, 0.0, 30, 
2019-12-10 14:43:28.557,165783120, 83.23010877459593, 2168580, 9.094657067532287, 118131, 0, 0.0, 30, 
2019-12-10 14:43:29.592,166710448, 76.57539670705802, 2168580, 8.367488437952181, 118131, 0, 0.0, 30, 
2019-12-10 14:43:30.628,167627920, 76.57539670705802, 2168580, 8.367488437952181, 118131, 0, 0.0, 30, 
2019-12-10 14:43:31.667,168588768, 76.57539670705802, 2168580, 8.367488437952181, 118131, 0, 0.0, 30, 
2019-12-10 14:43:32.708,169494888, 76.57539670705802, 2168580, 8.367488437952181, 118131, 0, 0.0, 30, 
2019-12-10 14:43:33.741,170416760, 76.57539670705802, 2168580, 8.367488437952181, 118131, 0, 0.0, 30, 
2019-12-10 14:43:34.783,171523088, 70.4527660383534, 2168580, 7.698461001813346, 118131, 0, 0.0, 30, 
2019-12-10 14:43:35.827,172116728, 70.4527660383534, 2168580, 7.698461001813346, 118131, 0, 0.0, 30, 
2019-12-10 14:43:36.856,175674944, 70.4527660383534, 2168632, 7.698461001813346, 118133, 0, 0.0, 30, 
2019-12-10 14:43:37.884,179754000, 70.4527660383534, 2168776, 7.698461001813346, 118140, 0, 0.0, 30, 
2019-12-10 14:43:38.937,185819432, 70.4527660383534, 2168988, 7.698461001813346, 118149, 0, 0.0, 30, 
2019-12-10 14:43:39.966,191777224, 71.79180093309654, 2169196, 7.40274838744274, 118157, 0, 0.0, 30, 
2019-12-10 14:43:41.001,200434880, 71.79180093309654, 2169586, 7.40274838744274, 118173, 0, 0.0, 30, 
2019-12-10 14:43:42.028,208585384, 71.79180093309654, 2169971, 7.40274838744274, 118196, 0, 0.0, 30, 
2019-12-10 14:43:43.055,219072696, 71.79180093309654, 2170387, 7.40274838744274, 118222, 0, 0.0, 30, 
2019-12-10 14:43:44.085,227735752, 71.79180093309654, 2170771, 7.40274838744274, 118247, 0, 0.0, 30, 
2019-12-10 14:43:45.118,236247112, 95.57124758352954, 2171166, 8.441951248334727, 118259, 0, 0.0, 30, 
2019-12-10 14:43:46.147,245843912, 95.57124758352954, 2171614, 8.441951248334727, 118279, 0, 0.0, 30, 
2019-12-10 14:43:47.175,255673544, 95.57124758352954, 2172049, 8.441951248334727, 118296, 0, 0.0, 30, 
2019-12-10 14:43:48.207,265168632, 95.57124758352954, 2172489, 8.441951248334727, 118319, 0, 0.0, 30, 
2019-12-10 14:43:49.234,276785328, 95.57124758352954, 2172981, 8.441951248334727, 118341, 0, 0.0, 30, 
2019-12-10 14:43:50.263,286043568, 122.35866759899595, 2173446, 9.20617063127559, 118364, 0, 0.0, 30, 
2019-12-10 14:43:51.289,295652376, 122.35866759899595, 2173872, 9.20617063127559, 118389, 0, 0.0, 30, 
2019-12-10 14:43:52.32,305272416, 122.35866759899595, 2174325, 9.20617063127559, 118412, 0, 0.0, 30, 
2019-12-10 14:43:53.348,317211392, 122.35866759899595, 2174850, 9.20617063127559, 118436, 0, 0.0, 30, 
2019-12-10 14:43:54.378,328198192, 150.21849829845675, 2175396, 10.373028801251724, 118463, 0, 0.0, 30, 
2019-12-10 14:43:55.406,338334392, 150.21849829845675, 2175899, 10.373028801251724, 118501, 0, 0.0, 30, 
2019-12-10 14:43:56.435,348592144, 150.21849829845675, 2176424, 10.373028801251724, 118530, 0, 0.0, 30, 
2019-12-10 14:43:57.467,361276688, 150.21849829845675, 2176963, 10.373028801251724, 118563, 0, 0.0, 30, 
2019-12-10 14:43:58.495,372095856, 150.21849829845675, 2177565, 10.373028801251724, 118592, 0, 0.0, 30, 
2019-12-10 14:43:59.521,383594904, 180.84000845314446, 2178155, 11.974297006649325, 118619, 0, 0.0, 30, 
2019-12-10 14:44:00.547,109677320, 180.84000845314446, 2178721, 11.974297006649325, 118647, 0, 0.0, 30, 
2019-12-10 14:44:01.572,119877760, 180.84000845314446, 2179325, 11.974297006649325, 118665, 0, 0.0, 30, 
2019-12-10 14:44:02.599,132119160, 180.84000845314446, 2179878, 11.974297006649325, 118691, 0, 0.0, 30, 
2019-12-10 14:44:03.627,145812232, 180.84000845314446, 2180506, 11.974297006649325, 118727, 0, 0.0, 30, 
2019-12-10 14:44:04.653,157242416, 212.32331907282602, 2181101, 13.047756948495524, 118749, 0, 0.0, 30, 
2019-12-10 14:44:05.678,169217712, 212.32331907282602, 2181728, 13.047756948495524, 118785, 0, 0.0, 30, 
2019-12-10 14:44:06.704,183062816, 212.32331907282602, 2182354, 13.047756948495524, 118818, 0, 0.0, 30, 
2019-12-10 14:44:07.728,195394128, 212.32331907282602, 2183023, 13.047756948495524, 118849, 0, 0.0, 30, 
2019-12-10 14:44:08.755,208805296, 212.32331907282602, 2183718, 13.047756948495524, 118878, 0, 0.0, 30, 
2019-12-10 14:44:09.778,223230400, 247.27004094823073, 2184492, 14.531112401617634, 118917, 0, 0.0, 30, 
2019-12-10 14:44:10.802,239312360, 247.27004094823073, 2185319, 14.531112401617634, 118954, 0, 0.0, 30, 
2019-12-10 14:44:11.829,253731328, 247.27004094823073, 2186073, 14.531112401617634, 119004, 0, 0.0, 30, 
2019-12-10 14:44:12.855,267535024, 247.27004094823073, 2186775, 14.531112401617634, 119038, 0, 0.0, 30, 
2019-12-10 14:44:13.881,282067024, 247.27004094823073, 2187515, 14.531112401617634, 119074, 0, 0.0, 30, 
2019-12-10 14:44:14.91,296013784, 286.50664208314316, 2188314, 16.45555439876732, 119121, 0, 0.0, 30, 
2019-12-10 14:44:15.934,309797328, 286.50664208314316, 2189035, 16.45555439876732, 119157, 0, 0.0, 30, 
2019-12-10 14:44:16.964,325222048, 286.50664208314316, 2189807, 16.45555439876732, 119203, 0, 0.0, 30, 
2019-12-10 14:44:17.994,340054864, 286.50664208314316, 2190576, 16.45555439876732, 119234, 0, 0.0, 30, 
2019-12-10 14:44:19.02,355265384, 286.50664208314316, 2191363, 16.45555439876732, 119273, 0, 0.0, 30, 
2019-12-10 14:44:20.043,370235544, 323.3736314259164, 2192091, 18.274099860745388, 119318, 0, 0.0, 30, 
2019-12-10 14:44:21.07,384553480, 323.3736314259164, 2192830, 18.274099860745388, 119353, 0, 0.0, 30, 
2019-12-10 14:44:22.101,116220000, 323.3736314259164, 2193557, 18.274099860745388, 119394, 0, 0.0, 30, 
2019-12-10 14:44:23.125,129941960, 323.3736314259164, 2194299, 18.274099860745388, 119436, 0, 0.0, 30, 
2019-12-10 14:44:24.156,146136168, 323.3736314259164, 2195097, 18.274099860745388, 119476, 0, 0.0, 30, 
2019-12-10 14:44:25.187,161347000, 355.8536985182615, 2195950, 19.931251338713682, 119524, 0, 0.0, 30, 
2019-12-10 14:44:26.22,177688080, 355.8536985182615, 2196907, 19.931251338713682, 119555, 0, 0.0, 30, 
2019-12-10 14:44:27.246,196567968, 355.8536985182615, 2197881, 19.931251338713682, 119608, 0, 0.0, 30, 
2019-12-10 14:44:28.273,214494936, 355.8536985182615, 2198949, 19.931251338713682, 119663, 0, 0.0, 30, 
2019-12-10 14:44:29.304,235025520, 355.8536985182615, 2200036, 19.931251338713682, 119705, 0, 0.0, 30, 
2019-12-10 14:44:30.336,249084736, 404.39843645887527, 2200787, 21.903655578288927, 119740, 0, 0.0, 30, 
2019-12-10 14:44:31.364,259278248, 404.39843645887527, 2201270, 21.903655578288927, 119767, 0, 0.0, 30, 
2019-12-10 14:44:32.393,268886400, 404.39843645887527, 2201769, 21.903655578288927, 119790, 0, 0.0, 30, 
2019-12-10 14:44:33.427,280106024, 404.39843645887527, 2202240, 21.903655578288927, 119820, 0, 0.0, 30, 
2019-12-10 14:44:34.469,290276016, 413.8812938976834, 2202709, 22.487039067592907, 119855, 0, 0.0, 30, 
2019-12-10 14:44:35.495,301102008, 413.8812938976834, 2203221, 22.487039067592907, 119886, 0, 0.0, 30, 
2019-12-10 14:44:36.525,310517072, 413.8812938976834, 2203697, 22.487039067592907, 119914, 0, 0.0, 30, 
2019-12-10 14:44:37.557,321238312, 413.8812938976834, 2204188, 22.487039067592907, 119931, 0, 0.0, 30, 
2019-12-10 14:44:38.587,330262280, 413.8812938976834, 2204670, 22.487039067592907, 119962, 0, 0.0, 30, 
2019-12-10 14:44:39.621,341699752, 418.56019129922873, 2205170, 22.67197321288302, 119981, 0, 0.0, 30, 
2019-12-10 14:44:40.653,352171048, 418.56019129922873, 2205640, 22.67197321288302, 120007, 0, 0.0, 30, 
2019-12-10 14:44:41.68,363031264, 418.56019129922873, 2206137, 22.67197321288302, 120033, 0, 0.0, 30, 
2019-12-10 14:44:42.711,373249320, 418.56019129922873, 2206625, 22.67197321288302, 120063, 0, 0.0, 30, 
2019-12-10 14:44:43.745,383607320, 418.56019129922873, 2207122, 22.67197321288302, 120091, 0, 0.0, 30, 
2019-12-10 14:44:44.773,112232928, 422.92894918844075, 2207607, 22.906085308627983, 120117, 0, 0.0, 30, 
2019-12-10 14:44:45.801,122715632, 422.92894918844075, 2208082, 22.906085308627983, 120143, 0, 0.0, 30, 
2019-12-10 14:44:46.838,132686536, 422.92894918844075, 2208561, 22.906085308627983, 120169, 0, 0.0, 30, 
2019-12-10 14:44:47.865,144195744, 422.92894918844075, 2209042, 22.906085308627983, 120192, 0, 0.0, 30, 
2019-12-10 14:44:48.897,154002672, 422.92894918844075, 2209528, 22.906085308627983, 120222, 0, 0.0, 30, 
2019-12-10 14:44:49.926,164831008, 426.6765514930177, 2210038, 23.18544330301184, 120257, 0, 0.0, 30, 
2019-12-10 14:44:50.963,176981096, 426.6765514930177, 2210550, 23.18544330301184, 120276, 0, 0.0, 30, 
2019-12-10 14:44:51.991,187195248, 426.6765514930177, 2211082, 23.18544330301184, 120292, 0, 0.0, 30, 
2019-12-10 14:44:53.065,199393168, 426.6765514930177, 2211584, 23.18544330301184, 120317, 0, 0.0, 30, 
2019-12-10 14:44:54.1,210343248, 426.6765514930177, 2212081, 23.18544330301184, 120334, 0, 0.0, 30, 
2019-12-10 14:44:55.134,222251256, 431.4677658958231, 2212596, 23.0107049044251, 120366, 0, 0.0, 30, 
2019-12-10 14:44:56.161,232797832, 431.4677658958231, 2213090, 23.0107049044251, 120393, 0, 0.0, 30, 
2019-12-10 14:44:57.189,242816336, 431.4677658958231, 2213604, 23.0107049044251, 120419, 0, 0.0, 30, 
2019-12-10 14:44:58.217,253874800, 431.4677658958231, 2214095, 23.0107049044251, 120444, 0, 0.0, 30, 
2019-12-10 14:44:59.247,264252448, 431.4677658958231, 2214581, 23.0107049044251, 120469, 0, 0.0, 30, 
2019-12-10 14:45:00.278,275317080, 436.24369163912087, 2215091, 23.265706860711624, 120501, 0, 0.0, 30, 
2019-12-10 14:45:01.302,285997368, 436.24369163912087, 2215593, 23.265706860711624, 120515, 0, 0.0, 30, 
2019-12-10 14:45:02.329,296874704, 436.24369163912087, 2216127, 23.265706860711624, 120547, 0, 0.0, 30, 
2019-12-10 14:45:03.365,308608080, 436.24369163912087, 2216646, 23.265706860711624, 120567, 0, 0.0, 30, 
2019-12-10 14:45:04.397,318877504, 441.3093823610401, 2217160, 23.436355518016043, 120601, 0, 0.0, 30, 
2019-12-10 14:45:05.424,329446080, 441.3093823610401, 2217652, 23.436355518016043, 120634, 0, 0.0, 30, 
2019-12-10 14:45:06.453,340534072, 441.3093823610401, 2218137, 23.436355518016043, 120658, 0, 0.0, 30, 
2019-12-10 14:45:07.481,351403888, 441.3093823610401, 2218637, 23.436355518016043, 120691, 0, 0.0, 30, 
2019-12-10 14:45:08.508,361520408, 441.3093823610401, 2219133, 23.436355518016043, 120714, 0, 0.0, 30, 
2019-12-10 14:45:09.535,373027952, 444.80269126956955, 2219636, 23.60935097910711, 120736, 0, 0.0, 30, 
2019-12-10 14:45:10.568,382844800, 444.80269126956955, 2220129, 23.60935097910711, 120758, 0, 0.0, 30, 
2019-12-10 14:45:11.601,110740352, 444.80269126956955, 2220617, 23.60935097910711, 120793, 0, 0.0, 30, 
2019-12-10 14:45:12.626,120849912, 444.80269126956955, 2221106, 23.60935097910711, 120814, 0, 0.0, 30, 
2019-12-10 14:45:13.657,133021632, 444.80269126956955, 2221597, 23.60935097910711, 120845, 0, 0.0, 30, 
2019-12-10 14:45:14.685,145937008, 447.9207439169921, 2222172, 23.928425657581517, 120871, 0, 0.0, 30, 
2019-12-10 14:45:15.71,159051656, 447.9207439169921, 2222795, 23.928425657581517, 120909, 0, 0.0, 30, 
2019-12-10 14:45:16.737,172083304, 447.9207439169921, 2223461, 23.928425657581517, 120945, 0, 0.0, 30, 
2019-12-10 14:45:17.76,186030464, 447.9207439169921, 2224143, 23.928425657581517, 120996, 0, 0.0, 30, 
2019-12-10 14:45:18.783,201818384, 447.9207439169921, 2224961, 23.928425657581517, 121037, 0, 0.0, 30, 
2019-12-10 14:45:19.805,219320312, 467.6601193529862, 2225832, 25.117491089513123, 121084, 0, 0.0, 30, 
2019-12-10 14:45:20.832,236089896, 467.6601193529862, 2226684, 25.117491089513123, 121135, 0, 0.0, 30, 
2019-12-10 14:45:21.855,253903112, 467.6601193529862, 2227622, 25.117491089513123, 121186, 0, 0.0, 30, 
2019-12-10 14:45:22.883,269862136, 467.6601193529862, 2228534, 25.117491089513123, 121237, 0, 0.0, 30, 
2019-12-10 14:45:23.907,288195496, 467.6601193529862, 2229426, 25.117491089513123, 121290, 0, 0.0, 30, 
2019-12-10 14:45:24.931,305532984, 500.5490402964225, 2230395, 27.090995537868046, 121330, 0, 0.0, 30, 
2019-12-10 14:45:25.954,325105144, 500.5490402964225, 2231354, 27.090995537868046, 121371, 0, 0.0, 30, 
2019-12-10 14:45:26.976,343004760, 500.5490402964225, 2232280, 27.090995537868046, 121429, 0, 0.0, 30, 
2019-12-10 14:45:28.001,360396192, 500.5490402964225, 2233237, 27.090995537868046, 121479, 0, 0.0, 30, 
2019-12-10 14:45:29.023,379079888, 500.5490402964225, 2234223, 27.090995537868046, 121528, 0, 0.0, 30, 
2019-12-10 14:45:30.047,115015560, 534.9340165187433, 2235132, 28.698822760859358, 121574, 0, 0.0, 30, 
2019-12-10 14:45:31.068,131829776, 534.9340165187433, 2236090, 28.698822760859358, 121631, 0, 0.0, 30, 
2019-12-10 14:45:32.09,150233512, 534.9340165187433, 2237046, 28.698822760859358, 121675, 0, 0.0, 30, 
2019-12-10 14:45:33.111,168641112, 534.9340165187433, 2237980, 28.698822760859358, 121730, 0, 0.0, 30, 
2019-12-10 14:45:34.139,185477824, 534.9340165187433, 2238956, 28.698822760859358, 121777, 0, 0.0, 30, 
2019-12-10 14:45:35.162,203307216, 566.0580060928794, 2239881, 30.30602415365457, 121835, 0, 0.0, 30, 
2019-12-10 14:45:36.192,220670448, 566.0580060928794, 2240815, 30.30602415365457, 121888, 0, 0.0, 30, 
2019-12-10 14:45:37.218,240265672, 566.0580060928794, 2241798, 30.30602415365457, 121940, 0, 0.0, 30, 
2019-12-10 14:45:38.24,260719952, 566.0580060928794, 2242809, 30.30602415365457, 122003, 0, 0.0, 30, 
2019-12-10 14:45:39.263,278084400, 566.0580060928794, 2243815, 30.30602415365457, 122056, 0, 0.0, 30, 
2019-12-10 14:45:40.285,297536296, 596.9162241348494, 2244864, 32.23247209635606, 122126, 0, 0.0, 30, 
2019-12-10 14:45:41.309,317429984, 596.9162241348494, 2245897, 32.23247209635606, 122198, 0, 0.0, 30, 
2019-12-10 14:45:42.332,339396080, 596.9162241348494, 2246972, 32.23247209635606, 122254, 0, 0.0, 30, 
2019-12-10 14:45:43.365,358959600, 596.9162241348494, 2248055, 32.23247209635606, 122313, 0, 0.0, 30, 
2019-12-10 14:45:44.388,378865504, 632.3112645682489, 2249115, 34.40466769296611, 122359, 0, 0.0, 30, 
2019-12-10 14:45:45.414,114887656, 632.3112645682489, 2250259, 34.40466769296611, 122402, 0, 0.0, 30, 
2019-12-10 14:45:46.445,137087312, 632.3112645682489, 2251444, 34.40466769296611, 122458, 0, 0.0, 30, 
2019-12-10 14:45:47.472,158594552, 632.3112645682489, 2252610, 34.40466769296611, 122519, 0, 0.0, 30, 
2019-12-10 14:45:48.502,179288648, 632.3112645682489, 2253755, 34.40466769296611, 122569, 0, 0.0, 30, 
2019-12-10 14:45:49.524,198662472, 670.0573957565971, 2254800, 35.74754831907004, 122623, 0, 0.0, 30, 
2019-12-10 14:45:50.547,218104496, 670.0573957565971, 2255879, 35.74754831907004, 122676, 0, 0.0, 30, 
2019-12-10 14:45:51.571,238000328, 670.0573957565971, 2256971, 35.74754831907004, 122737, 0, 0.0, 30, 
2019-12-10 14:45:52.596,261170680, 670.0573957565971, 2258222, 35.74754831907004, 122811, 0, 0.0, 30, 
2019-12-10 14:45:53.618,282371160, 670.0573957565971, 2259488, 35.74754831907004, 122876, 0, 0.0, 30, 
2019-12-10 14:45:54.642,304300864, 707.1841804914229, 2260622, 37.63869393867044, 122931, 0, 0.0, 30, 
2019-12-10 14:45:55.665,327398736, 707.1841804914229, 2261862, 37.63869393867044, 122996, 0, 0.0, 30, 
2019-12-10 14:45:56.687,349122864, 707.1841804914229, 2263033, 37.63869393867044, 123049, 0, 0.0, 30, 
2019-12-10 14:45:57.71,371527664, 707.1841804914229, 2264217, 37.63869393867044, 123128, 0, 0.0, 30, 
2019-12-10 14:45:58.731,110671712, 707.1841804914229, 2265445, 37.63869393867044, 123189, 0, 0.0, 30, 
2019-12-10 14:45:59.754,130944592, 743.6771745126682, 2266602, 39.6504808934948, 123248, 0, 0.0, 30, 
2019-12-10 14:46:00.778,151688680, 743.6771745126682, 2267753, 39.6504808934948, 123313, 0, 0.0, 30, 
2019-12-10 14:46:01.801,170643824, 743.6771745126682, 2268740, 39.6504808934948, 123366, 0, 0.0, 30, 
2019-12-10 14:46:02.827,181733880, 743.6771745126682, 2269229, 39.6504808934948, 123389, 0, 0.0, 30, 
2019-12-10 14:46:03.854,192150464, 743.6771745126682, 2269744, 39.6504808934948, 123406, 0, 0.0, 30, 
2019-12-10 14:46:04.896,203500712, 746.8532362770851, 2270285, 39.598471312882985, 123434, 0, 0.0, 30, 
2019-12-10 14:46:05.925,213840832, 746.8532362770851, 2270799, 39.598471312882985, 123452, 0, 0.0, 30, 
2019-12-10 14:46:06.957,225492872, 746.8532362770851, 2271280, 39.598471312882985, 123482, 0, 0.0, 30, 
2019-12-10 14:46:07.982,234910080, 746.8532362770851, 2271771, 39.598471312882985, 123509, 0, 0.0, 30, 
2019-12-10 14:46:09.012,246203152, 746.8532362770851, 2272279, 39.598471312882985, 123527, 0, 0.0, 30, 
2019-12-10 14:46:10.037,255887368, 726.1564742454567, 2272765, 38.271330822803044, 123551, 0, 0.0, 30, 
2019-12-10 14:46:11.063,266564224, 726.1564742454567, 2273296, 38.271330822803044, 123577, 0, 0.0, 30, 
2019-12-10 14:46:12.088,277328112, 726.1564742454567, 2273826, 38.271330822803044, 123601, 0, 0.0, 30, 
2019-12-10 14:46:13.114,288818416, 726.1564742454567, 2274345, 38.271330822803044, 123622, 0, 0.0, 30, 
2019-12-10 14:46:14.141,298135872, 726.1564742454567, 2274853, 38.271330822803044, 123646, 0, 0.0, 30, 
2019-12-10 14:46:15.169,308338032, 707.9940453764223, 2275301, 37.05030262747657, 123666, 0, 0.0, 30, 
2019-12-10 14:46:16.202,318181832, 707.9940453764223, 2275820, 37.05030262747657, 123697, 0, 0.0, 30, 
2019-12-10 14:46:17.241,328798896, 707.9940453764223, 2276296, 37.05030262747657, 123730, 0, 0.0, 30, 
2019-12-10 14:46:18.27,339316328, 707.9940453764223, 2276803, 37.05030262747657, 123757, 0, 0.0, 30, 
2019-12-10 14:46:19.301,348377328, 707.9940453764223, 2277273, 37.05030262747657, 123784, 0, 0.0, 30, 
2019-12-10 14:46:20.334,359338488, 688.8691454611701, 2277747, 36.262715914818365, 123821, 0, 0.0, 30, 
2019-12-10 14:46:21.366,369938248, 688.8691454611701, 2278246, 36.262715914818365, 123849, 0, 0.0, 30, 
2019-12-10 14:46:22.4,379732384, 688.8691454611701, 2278769, 36.262715914818365, 123875, 0, 0.0, 30, 
2019-12-10 14:46:23.426,389460400, 688.8691454611701, 2279251, 36.262715914818365, 123896, 0, 0.0, 30, 
2019-12-10 14:46:24.451,112674056, 672.5526774797286, 2279764, 35.58607451002332, 123930, 0, 0.0, 30, 
2019-12-10 14:46:25.476,125089528, 672.5526774797286, 2280273, 35.58607451002332, 123957, 0, 0.0, 30, 
2019-12-10 14:46:26.501,136026792, 672.5526774797286, 2280792, 35.58607451002332, 123982, 0, 0.0, 30, 
2019-12-10 14:46:27.534,144868360, 672.5526774797286, 2281287, 35.58607451002332, 124008, 0, 0.0, 30, 
2019-12-10 14:46:28.56,155835616, 672.5526774797286, 2281787, 35.58607451002332, 124044, 0, 0.0, 30, 
2019-12-10 14:46:29.586,165583432, 657.6527400664439, 2282261, 34.867587662389894, 124066, 0, 0.0, 30, 
2019-12-10 14:46:30.613,175893912, 657.6527400664439, 2282777, 34.867587662389894, 124096, 0, 0.0, 30, 
2019-12-10 14:46:31.641,186864840, 657.6527400664439, 2283272, 34.867587662389894, 124121, 0, 0.0, 30, 
2019-12-10 14:46:32.668,197341088, 657.6527400664439, 2283777, 34.867587662389894, 124144, 0, 0.0, 30, 
2019-12-10 14:46:33.701,206993768, 657.6527400664439, 2284288, 34.867587662389894, 124173, 0, 0.0, 30, 
2019-12-10 14:46:34.731,218246376, 644.3279226808042, 2284793, 34.2385300853884, 124208, 0, 0.0, 30, 
2019-12-10 14:46:35.759,228000720, 644.3279226808042, 2285284, 34.2385300853884, 124223, 0, 0.0, 30, 
2019-12-10 14:46:36.792,236785960, 644.3279226808042, 2285791, 34.2385300853884, 124246, 0, 0.0, 30, 
2019-12-10 14:46:37.816,247608344, 644.3279226808042, 2286272, 34.2385300853884, 124270, 0, 0.0, 30, 
2019-12-10 14:46:38.844,258394240, 644.3279226808042, 2286766, 34.2385300853884, 124292, 0, 0.0, 30, 
2019-12-10 14:46:39.871,269049024, 631.4288541862252, 2287279, 33.275982365408666, 124312, 0, 0.0, 30, 
2019-12-10 14:46:40.895,276788944, 631.4288541862252, 2287752, 33.275982365408666, 124332, 0, 0.0, 30, 
2019-12-10 14:46:41.924,289161760, 631.4288541862252, 2288257, 33.275982365408666, 124357, 0, 0.0, 30, 
2019-12-10 14:46:42.951,298444264, 631.4288541862252, 2288740, 33.275982365408666, 124387, 0, 0.0, 30, 
2019-12-10 14:46:43.978,308756608, 631.4288541862252, 2289249, 33.275982365408666, 124412, 0, 0.0, 30, 
2019-12-10 14:46:45.004,318240920, 619.3692448589771, 2289737, 32.518324648420204, 124432, 0, 0.0, 30, 
2019-12-10 14:46:46.028,330057472, 619.3692448589771, 2290242, 32.518324648420204, 124448, 0, 0.0, 30, 
2019-12-10 14:46:47.058,341252080, 619.3692448589771, 2290708, 32.518324648420204, 124469, 0, 0.0, 30, 
2019-12-10 14:46:48.085,350829952, 619.3692448589771, 2291219, 32.518324648420204, 124496, 0, 0.0, 30, 
2019-12-10 14:46:49.109,360973984, 619.3692448589771, 2291692, 32.518324648420204, 124520, 0, 0.0, 30, 
2019-12-10 14:46:50.133,370442624, 607.9700374304223, 2292170, 31.581379141592134, 124547, 0, 0.0, 30, 
2019-12-10 14:46:51.16,380993952, 607.9700374304223, 2292642, 31.581379141592134, 124575, 0, 0.0, 30, 
2019-12-10 14:46:52.185,109074552, 607.9700374304223, 2293156, 31.581379141592134, 124602, 0, 0.0, 30, 
2019-12-10 14:46:53.208,117896088, 607.9700374304223, 2293664, 31.581379141592134, 124624, 0, 0.0, 30, 
2019-12-10 14:46:54.231,128290744, 607.9700374304223, 2294152, 31.581379141592134, 124655, 0, 0.0, 30, 
2019-12-10 14:46:55.257,138765880, 598.0099671680258, 2294653, 31.151107822224585, 124677, 0, 0.0, 30, 
2019-12-10 14:46:56.281,149246752, 598.0099671680258, 2295165, 31.151107822224585, 124700, 0, 0.0, 30, 
2019-12-10 14:46:57.309,159518056, 598.0099671680258, 2295626, 31.151107822224585, 124730, 0, 0.0, 30, 
2019-12-10 14:46:58.333,169549920, 598.0099671680258, 2296115, 31.151107822224585, 124754, 0, 0.0, 30, 
2019-12-10 14:46:59.358,179222312, 588.2226065879009, 2296602, 30.69127462976874, 124784, 0, 0.0, 30, 
2019-12-10 14:47:00.385,189877056, 588.2226065879009, 2297125, 30.69127462976874, 124810, 0, 0.0, 30, 
2019-12-10 14:47:01.411,200508512, 588.2226065879009, 2297618, 30.69127462976874, 124831, 0, 0.0, 30, 
2019-12-10 14:47:02.437,211299128, 588.2226065879009, 2298141, 30.69127462976874, 124862, 0, 0.0, 30, 
2019-12-10 14:47:03.533,221990960, 588.2226065879009, 2298621, 30.69127462976874, 124895, 0, 0.0, 30, 
2019-12-10 14:47:04.558,229729144, 580.1932582937162, 2299129, 30.364154371833383, 124924, 0, 0.0, 30, 
2019-12-10 14:47:05.586,240483352, 580.1932582937162, 2299622, 30.364154371833383, 124945, 0, 0.0, 30, 
2019-12-10 14:47:06.611,250980704, 580.1932582937162, 2300136, 30.364154371833383, 124981, 0, 0.0, 30, 
2019-12-10 14:47:07.634,261428784, 580.1932582937162, 2300632, 30.364154371833383, 125002, 0, 0.0, 30, 
2019-12-10 14:47:08.658,272441712, 580.1932582937162, 2301150, 30.364154371833383, 125024, 0, 0.0, 30, 
2019-12-10 14:47:09.694,283548504, 573.2056791693914, 2301646, 29.935260269014773, 125051, 0, 0.0, 30, 
2019-12-10 14:47:10.722,293733728, 573.2056791693914, 2302140, 29.935260269014773, 125074, 0, 0.0, 30, 
2019-12-10 14:47:11.747,316799792, 573.2056791693914, 2302676, 29.935260269014773, 125095, 0, 0.0, 30, 
2019-12-10 14:47:12.772,328244312, 573.2056791693914, 2303187, 29.935260269014773, 125110, 0, 0.0, 30, 
2019-12-10 14:47:13.796,338453728, 573.2056791693914, 2303672, 29.935260269014773, 125140, 0, 0.0, 30, 
2019-12-10 14:47:14.834,348237240, 566.0412046388657, 2304144, 29.364756357433563, 125169, 0, 0.0, 30, 
2019-12-10 14:47:15.863,359008024, 566.0412046388657, 2304660, 29.364756357433563, 125187, 0, 0.0, 30, 
2019-12-10 14:47:16.888,369629296, 566.0412046388657, 2305173, 29.364756357433563, 125209, 0, 0.0, 30, 
2019-12-10 14:47:17.912,380596688, 566.0412046388657, 2305655, 29.364756357433563, 125235, 0, 0.0, 30, 
2019-12-10 14:47:18.956,390291816, 566.0412046388657, 2306179, 29.364756357433563, 125258, 0, 0.0, 30, 
2019-12-10 14:47:19.985,117883480, 560.0892145462668, 2306689, 28.74392071761428, 125279, 0, 0.0, 30, 
2019-12-10 14:47:21.008,128109928, 560.0892145462668, 2307202, 28.74392071761428, 125307, 0, 0.0, 30, 
2019-12-10 14:47:22.032,139101792, 560.0892145462668, 2307728, 28.74392071761428, 125329, 0, 0.0, 30, 
2019-12-10 14:47:23.055,149378928, 560.0892145462668, 2308255, 28.74392071761428, 125358, 0, 0.0, 30, 
2019-12-10 14:47:24.081,159109648, 560.0892145462668, 2308780, 28.74392071761428, 125386, 0, 0.0, 30, 
2019-12-10 14:47:25.109,169591904, 555.6845241496092, 2309258, 28.492546696278435, 125410, 0, 0.0, 30, 
2019-12-10 14:47:26.134,180678224, 555.6845241496092, 2309770, 28.492546696278435, 125448, 0, 0.0, 30, 
2019-12-10 14:47:27.158,192317712, 555.6845241496092, 2310305, 28.492546696278435, 125485, 0, 0.0, 30, 
2019-12-10 14:47:28.181,201830464, 555.6845241496092, 2310823, 28.492546696278435, 125512, 0, 0.0, 30, 
2019-12-10 14:47:29.204,213035224, 555.6845241496092, 2311289, 28.492546696278435, 125543, 0, 0.0, 30, 
2019-12-10 14:47:30.229,222322624, 550.5286262738776, 2311756, 28.66104935881886, 125565, 0, 0.0, 30, 
2019-12-10 14:47:31.254,232682688, 550.5286262738776, 2312269, 28.66104935881886, 125592, 0, 0.0, 30, 
2019-12-10 14:47:32.278,244125096, 550.5286262738776, 2312789, 28.66104935881886, 125611, 0, 0.0, 30, 
2019-12-10 14:47:33.312,254006704, 550.5286262738776, 2313264, 28.66104935881886, 125638, 0, 0.0, 30, 
2019-12-10 14:47:34.336,264872208, 545.0973531967238, 2313771, 28.240399077670475, 125662, 0, 0.0, 30, 
2019-12-10 14:47:35.367,274215784, 545.0973531967238, 2314222, 28.240399077670475, 125683, 0, 0.0, 30, 
2019-12-10 14:47:36.392,284372024, 545.0973531967238, 2314712, 28.240399077670475, 125715, 0, 0.0, 30, 
2019-12-10 14:47:37.418,295319016, 545.0973531967238, 2315203, 28.240399077670475, 125741, 0, 0.0, 30, 
2019-12-10 14:47:38.441,304397208, 545.0973531967238, 2315707, 28.240399077670475, 125766, 0, 0.0, 30, 
2019-12-10 14:47:39.465,316462224, 540.004394035317, 2316231, 27.933337721358324, 125790, 0, 0.0, 30, 
2019-12-10 14:47:40.49,326301664, 540.004394035317, 2316704, 27.933337721358324, 125824, 0, 0.0, 30, 
2019-12-10 14:47:41.515,336481832, 540.004394035317, 2317228, 27.933337721358324, 125853, 0, 0.0, 30, 
2019-12-10 14:47:42.539,346745136, 540.004394035317, 2317712, 27.933337721358324, 125881, 0, 0.0, 30, 
2019-12-10 14:47:43.564,357768320, 540.004394035317, 2318222, 27.933337721358324, 125906, 0, 0.0, 30, 
2019-12-10 14:47:44.591,367913456, 535.7024322147087, 2318718, 27.938667742869264, 125930, 0, 0.0, 30, 
2019-12-10 14:47:45.635,376947704, 535.7024322147087, 2319215, 27.938667742869264, 125954, 0, 0.0, 30, 
2019-12-10 14:47:46.663,386608360, 535.7024322147087, 2319689, 27.938667742869264, 125984, 0, 0.0, 30, 
2019-12-10 14:47:47.693,114316768, 535.7024322147087, 2320172, 27.938667742869264, 126013, 0, 0.0, 30, 
2019-12-10 14:47:48.724,124136568, 535.7024322147087, 2320673, 27.938667742869264, 126034, 0, 0.0, 30, 
2019-12-10 14:47:49.75,136107120, 530.8489337135578, 2321167, 27.591767023759278, 126054, 0, 0.0, 30, 
2019-12-10 14:47:50.775,147079792, 530.8489337135578, 2321668, 27.591767023759278, 126087, 0, 0.0, 30, 
2019-12-10 14:47:51.8,158155264, 530.8489337135578, 2322175, 27.591767023759278, 126113, 0, 0.0, 30, 
2019-12-10 14:47:52.827,168537344, 530.8489337135578, 2322641, 27.591767023759278, 126138, 0, 0.0, 30, 
2019-12-10 14:47:53.853,178037864, 530.8489337135578, 2323138, 27.591767023759278, 126172, 0, 0.0, 30, 
2019-12-10 14:47:54.878,187734240, 526.8312508042379, 2323625, 27.704363115712898, 126199, 0, 0.0, 30, 
2019-12-10 14:47:55.93,198465144, 526.8312508042379, 2324129, 27.704363115712898, 126225, 0, 0.0, 30, 
2019-12-10 14:47:56.958,209282128, 526.8312508042379, 2324666, 27.704363115712898, 126251, 0, 0.0, 30, 
2019-12-10 14:47:57.984,219633288, 526.8312508042379, 2325161, 27.704363115712898, 126271, 0, 0.0, 30, 
2019-12-10 14:47:59.013,230806424, 526.8312508042379, 2325650, 27.704363115712898, 126302, 0, 0.0, 30, 
2019-12-10 14:48:00.043,240784096, 523.1348040837665, 2326121, 27.392187477296392, 126325, 0, 0.0, 30, 
2019-12-10 14:48:01.071,251097960, 523.1348040837665, 2326630, 27.392187477296392, 126353, 0, 0.0, 30, 
2019-12-10 14:48:02.097,262664360, 523.1348040837665, 2327114, 27.392187477296392, 126386, 0, 0.0, 30, 
2019-12-10 14:48:03.125,272509160, 523.1348040837665, 2327632, 27.392187477296392, 126413, 0, 0.0, 30, 
2019-12-10 14:48:04.166,282188904, 523.1348040837665, 2328116, 27.392187477296392, 126432, 0, 0.0, 30, 
2019-12-10 14:48:05.194,296143240, 520.1017046173271, 2328648, 27.29686542967757, 126461, 0, 0.0, 30, 
2019-12-10 14:48:06.221,304593480, 520.1017046173271, 2329125, 27.29686542967757, 126490, 0, 0.0, 30, 
2019-12-10 14:48:07.247,316305448, 520.1017046173271, 2329615, 27.29686542967757, 126510, 0, 0.0, 30, 
2019-12-10 14:48:08.274,327293296, 520.1017046173271, 2330114, 27.29686542967757, 126536, 0, 0.0, 30, 
2019-12-10 14:48:09.299,336647744, 520.1017046173271, 2330570, 27.29686542967757, 126560, 0, 0.0, 30, 
2019-12-10 14:48:10.326,348694912, 516.5275536575816, 2331049, 27.081235975581755, 126586, 0, 0.0, 30, 
2019-12-10 14:48:11.356,359268904, 516.5275536575816, 2331563, 27.081235975581755, 126613, 0, 0.0, 30, 
2019-12-10 14:48:12.384,370528736, 516.5275536575816, 2332066, 27.081235975581755, 126642, 0, 0.0, 30, 
2019-12-10 14:48:13.411,382136192, 516.5275536575816, 2332564, 27.081235975581755, 126669, 0, 0.0, 30, 
2019-12-10 14:48:14.437,110464976, 514.0067496495843, 2333061, 27.026767354378553, 126693, 0, 0.0, 30, 
2019-12-10 14:48:15.464,119144648, 514.0067496495843, 2333565, 27.026767354378553, 126719, 0, 0.0, 30, 
2019-12-10 14:48:16.49,129437000, 514.0067496495843, 2334055, 27.026767354378553, 126733, 0, 0.0, 30, 
2019-12-10 14:48:17.52,139789936, 514.0067496495843, 2334551, 27.026767354378553, 126759, 0, 0.0, 30, 
2019-12-10 14:48:18.545,150467504, 514.0067496495843, 2335031, 27.026767354378553, 126778, 0, 0.0, 30, 
2019-12-10 14:48:19.572,161914560, 511.5915512992063, 2335534, 26.51291140851806, 126802, 0, 0.0, 30, 
2019-12-10 14:48:20.606,172385344, 511.5915512992063, 2336026, 26.51291140851806, 126830, 0, 0.0, 30, 
2019-12-10 14:48:21.634,183966752, 511.5915512992063, 2336559, 26.51291140851806, 126851, 0, 0.0, 30, 
2019-12-10 14:48:22.66,193857400, 511.5915512992063, 2337024, 26.51291140851806, 126870, 0, 0.0, 30, 
2019-12-10 14:48:23.685,204588832, 511.5915512992063, 2337480, 26.51291140851806, 126893, 0, 0.0, 30, 
2019-12-10 14:48:24.711,214713432, 508.26607446860373, 2337948, 26.32798122293948, 126924, 0, 0.0, 30, 
2019-12-10 14:48:25.737,225423576, 508.26607446860373, 2338444, 26.32798122293948, 126947, 0, 0.0, 30, 
2019-12-10 14:48:26.763,236843656, 508.26607446860373, 2338978, 26.32798122293948, 126978, 0, 0.0, 30, 
2019-12-10 14:48:27.789,246790920, 508.26607446860373, 2339437, 26.32798122293948, 127004, 0, 0.0, 30, 
2019-12-10 14:48:28.816,257281640, 508.26607446860373, 2339916, 26.32798122293948, 127031, 0, 0.0, 30, 
2019-12-10 14:48:29.843,266788424, 506.0380261724836, 2340428, 26.205810589823955, 127054, 0, 0.0, 30, 
2019-12-10 14:48:30.868,279205384, 506.0380261724836, 2340943, 26.205810589823955, 127078, 0, 0.0, 30, 
2019-12-10 14:48:31.896,291597648, 506.0380261724836, 2341449, 26.205810589823955, 127106, 0, 0.0, 30, 
2019-12-10 14:48:32.922,301671856, 506.0380261724836, 2341931, 26.205810589823955, 127126, 0, 0.0, 30, 
2019-12-10 14:48:33.992,312627624, 506.0380261724836, 2342444, 26.205810589823955, 127149, 0, 0.0, 30, 
2019-12-10 14:48:35.02,321786320, 504.03609613333634, 2342912, 26.045434829971875, 127177, 0, 0.0, 30, 
2019-12-10 14:48:36.045,332289008, 504.03609613333634, 2343417, 26.045434829971875, 127205, 0, 0.0, 30, 
2019-12-10 14:48:37.113,344910464, 504.03609613333634, 2343901, 26.045434829971875, 127242, 0, 0.0, 30, 
2019-12-10 14:48:38.139,354591072, 504.03609613333634, 2344368, 26.045434829971875, 127272, 0, 0.0, 30, 
2019-12-10 14:48:39.164,364937144, 504.03609613333634, 2344877, 26.045434829971875, 127300, 0, 0.0, 30, 
2019-12-10 14:48:40.196,376358592, 501.76247142133855, 2345394, 26.329642168879694, 127331, 0, 0.0, 30, 
2019-12-10 14:48:41.223,386487408, 501.76247142133855, 2345888, 26.329642168879694, 127363, 0, 0.0, 30, 
2019-12-10 14:48:42.25,113589744, 501.76247142133855, 2346412, 26.329642168879694, 127387, 0, 0.0, 30, 
2019-12-10 14:48:43.278,124527808, 501.76247142133855, 2346890, 26.329642168879694, 127412, 0, 0.0, 30, 
2019-12-10 14:48:44.304,134722680, 501.76247142133855, 2347404, 26.329642168879694, 127443, 0, 0.0, 30, 
2019-12-10 14:48:45.333,146916040, 500.869969484662, 2347904, 26.383241021674735, 127476, 0, 0.0, 30, 
2019-12-10 14:48:46.355,158272432, 500.869969484662, 2348504, 26.383241021674735, 127503, 0, 0.0, 30, 
2019-12-10 14:48:47.379,171082432, 500.869969484662, 2349120, 26.383241021674735, 127536, 0, 0.0, 30, 
2019-12-10 14:48:48.403,184349600, 500.869969484662, 2349782, 26.383241021674735, 127577, 0, 0.0, 30, 
2019-12-10 14:48:49.43,200209352, 509.4675960194426, 2350548, 26.944270093191683, 127614, 0, 0.0, 30, 
2019-12-10 14:48:50.453,217275656, 509.4675960194426, 2351389, 26.944270093191683, 127671, 0, 0.0, 30, 
2019-12-10 14:48:51.485,234530496, 509.4675960194426, 2352295, 26.944270093191683, 127714, 0, 0.0, 30, 
2019-12-10 14:48:52.509,252044288, 509.4675960194426, 2353225, 26.944270093191683, 127761, 0, 0.0, 30, 
2019-12-10 14:48:53.537,269954560, 509.4675960194426, 2354145, 26.944270093191683, 127802, 0, 0.0, 30, 
2019-12-10 14:48:54.56,286695560, 538.4380954784726, 2355031, 28.37193543011124, 127847, 0, 0.0, 30, 
2019-12-10 14:48:55.582,305822416, 538.4380954784726, 2355973, 28.37193543011124, 127896, 0, 0.0, 30, 
2019-12-10 14:48:56.606,322972040, 538.4380954784726, 2356907, 28.37193543011124, 127961, 0, 0.0, 30, 
2019-12-10 14:48:57.629,340018944, 538.4380954784726, 2357798, 28.37193543011124, 128015, 0, 0.0, 30, 
2019-12-10 14:48:58.654,357131320, 538.4380954784726, 2358733, 28.37193543011124, 128066, 0, 0.0, 30, 
2019-12-10 14:48:59.676,374209600, 566.9791935095229, 2359603, 30.245140046898708, 128113, 0, 0.0, 30, 
2019-12-10 14:49:00.698,108653792, 566.9791935095229, 2360571, 30.245140046898708, 128168, 0, 0.0, 30, 
2019-12-10 14:49:01.72,128010440, 566.9791935095229, 2361548, 30.245140046898708, 128219, 0, 0.0, 30, 
2019-12-10 14:49:02.746,146035024, 566.9791935095229, 2362516, 30.245140046898708, 128275, 0, 0.0, 30, 
2019-12-10 14:49:03.775,164147552, 566.9791935095229, 2363509, 30.245140046898708, 128319, 0, 0.0, 30, 
2019-12-10 14:49:04.797,190071696, 597.6997930040626, 2364530, 31.936589257883607, 128365, 0, 0.0, 30, 
2019-12-10 14:49:05.819,213440072, 597.6997930040626, 2365539, 31.936589257883607, 128416, 0, 0.0, 30, 
2019-12-10 14:49:06.841,237220680, 597.6997930040626, 2366542, 31.936589257883607, 128461, 0, 0.0, 30, 
2019-12-10 14:49:07.863,259595816, 597.6997930040626, 2367535, 31.936589257883607, 128506, 0, 0.0, 30, 
2019-12-10 14:49:08.887,282881968, 597.6997930040626, 2368535, 31.936589257883607, 128554, 0, 0.0, 30, 
2019-12-10 14:49:09.909,305964600, 628.1389009051605, 2369519, 33.077028613151924, 128610, 0, 0.0, 30, 
2019-12-10 14:49:10.937,328640808, 628.1389009051605, 2370545, 33.077028613151924, 128671, 0, 0.0, 30, 
2019-12-10 14:49:11.96,355293224, 628.1389009051605, 2371660, 33.077028613151924, 128724, 0, 0.0, 30, 
2019-12-10 14:49:12.983,378847176, 628.1389009051605, 2372649, 33.077028613151924, 128776, 0, 0.0, 30, 
2019-12-10 14:49:14.006,121562592, 628.1389009051605, 2373740, 33.077028613151924, 128827, 0, 0.0, 30, 
2019-12-10 14:49:15.028,147237688, 659.7102512233972, 2374856, 34.637999218562335, 128879, 0, 0.0, 30, 
2019-12-10 14:49:16.055,173817296, 659.7102512233972, 2376050, 34.637999218562335, 128935, 0, 0.0, 30, 
2019-12-10 14:49:17.077,200933688, 659.7102512233972, 2377195, 34.637999218562335, 128980, 0, 0.0, 30, 
2019-12-10 14:49:18.1,228338520, 659.7102512233972, 2378363, 34.637999218562335, 129043, 0, 0.0, 30, 
2019-12-10 14:49:19.122,254361464, 659.7102512233972, 2379539, 34.637999218562335, 129106, 0, 0.0, 30, 
2019-12-10 14:49:20.144,281356128, 698.2880015221813, 2380705, 36.18609932498968, 129167, 0, 0.0, 30, 
2019-12-10 14:49:21.165,309743448, 698.2880015221813, 2381974, 36.18609932498968, 129225, 0, 0.0, 30, 
2019-12-10 14:49:22.187,337147712, 698.2880015221813, 2383176, 36.18609932498968, 129284, 0, 0.0, 30, 
2019-12-10 14:49:23.211,364497848, 698.2880015221813, 2384357, 36.18609932498968, 129348, 0, 0.0, 30, 
2019-12-10 14:49:24.232,111234368, 698.2880015221813, 2385566, 36.18609932498968, 129406, 0, 0.0, 30, 
2019-12-10 14:49:25.254,138844208, 736.947486394221, 2386845, 38.010198108048606, 129468, 0, 0.0, 30, 
2019-12-10 14:49:26.282,167336752, 736.947486394221, 2388118, 38.010198108048606, 129516, 0, 0.0, 30, 
2019-12-10 14:49:27.304,196556904, 736.947486394221, 2389412, 38.010198108048606, 129584, 0, 0.0, 30, 
2019-12-10 14:49:28.326,227434088, 736.947486394221, 2390711, 38.010198108048606, 129647, 0, 0.0, 30, 
2019-12-10 14:49:29.347,256624248, 777.9209270942457, 2391951, 39.72043223928239, 129708, 0, 0.0, 30, 
2019-12-10 14:49:30.373,285825352, 777.9209270942457, 2393271, 39.72043223928239, 129758, 0, 0.0, 30, 
2019-12-10 14:49:31.394,312914968, 777.9209270942457, 2394452, 39.72043223928239, 129820, 0, 0.0, 30, 
2019-12-10 14:49:32.422,326756736, 777.9209270942457, 2394951, 39.72043223928239, 129845, 0, 0.0, 30, 
2019-12-10 14:49:33.449,340656216, 777.9209270942457, 2395467, 39.72043223928239, 129872, 0, 0.0, 30, 
2019-12-10 14:49:34.474,353765672, 779.07860984405, 2395955, 39.56688295542584, 129902, 0, 0.0, 30, 
2019-12-10 14:49:35.502,366553760, 779.07860984405, 2396473, 39.56688295542584, 129929, 0, 0.0, 30, 
2019-12-10 14:49:36.53,378704784, 779.07860984405, 2396970, 39.56688295542584, 129955, 0, 0.0, 30, 
2019-12-10 14:49:37.555,391626608, 779.07860984405, 2397483, 39.56688295542584, 129987, 0, 0.0, 30, 
2019-12-10 14:49:38.581,123039520, 779.07860984405, 2398010, 39.56688295542584, 130011, 0, 0.0, 30, 
2019-12-10 14:49:39.605,134639312, 756.2689916002361, 2398497, 38.45015265292104, 130034, 0, 0.0, 30, 
2019-12-10 14:49:40.634,146839712, 756.2689916002361, 2398968, 38.45015265292104, 130060, 0, 0.0, 30, 
2019-12-10 14:49:41.66,158800472, 756.2689916002361, 2399466, 38.45015265292104, 130074, 0, 0.0, 30, 
2019-12-10 14:49:42.687,172577224, 756.2689916002361, 2399994, 38.45015265292104, 130102, 0, 0.0, 30, 
2019-12-10 14:49:43.712,183861256, 756.2689916002361, 2400503, 38.45015265292104, 130125, 0, 0.0, 30, 
2019-12-10 14:49:44.736,196566704, 734.6115028180743, 2400999, 37.326764473009376, 130159, 0, 0.0, 30, 
2019-12-10 14:49:45.766,210577392, 734.6115028180743, 2401486, 37.326764473009376, 130178, 0, 0.0, 30, 
2019-12-10 14:49:46.792,223236504, 734.6115028180743, 2401989, 37.326764473009376, 130210, 0, 0.0, 30, 
2019-12-10 14:49:47.818,236328344, 734.6115028180743, 2402467, 37.326764473009376, 130235, 0, 0.0, 30, 
2019-12-10 14:49:48.854,247862528, 734.6115028180743, 2402956, 37.326764473009376, 130264, 0, 0.0, 30, 
2019-12-10 14:49:49.88,259539872, 714.0460065461837, 2403414, 36.35716192091759, 130287, 0, 0.0, 30, 
2019-12-10 14:49:50.907,273022848, 714.0460065461837, 2403897, 36.35716192091759, 130311, 0, 0.0, 30, 
2019-12-10 14:49:51.934,285649992, 714.0460065461837, 2404407, 36.35716192091759, 130342, 0, 0.0, 30, 
2019-12-10 14:49:52.96,298961880, 714.0460065461837, 2404939, 36.35716192091759, 130367, 0, 0.0, 30, 
2019-12-10 14:49:53.986,311073216, 714.0460065461837, 2405435, 36.35716192091759, 130390, 0, 0.0, 30, 
2019-12-10 14:49:55.011,324110960, 695.8124546013383, 2405928, 35.41711115723279, 130412, 0, 0.0, 30, 
2019-12-10 14:49:56.036,336273904, 695.8124546013383, 2406453, 35.41711115723279, 130438, 0, 0.0, 30, 
2019-12-10 14:49:57.064,349935744, 695.8124546013383, 2406960, 35.41711115723279, 130459, 0, 0.0, 30, 
2019-12-10 14:49:58.097,362434360, 695.8124546013383, 2407427, 35.41711115723279, 130491, 0, 0.0, 30, 
2019-12-10 14:49:59.13,374359680, 695.8124546013383, 2407926, 35.41711115723279, 130513, 0, 0.0, 30, 
2019-12-10 14:50:00.159,387843640, 678.9728125073333, 2408429, 34.5682138197107, 130542, 0, 0.0, 30, 
2019-12-10 14:50:01.184,118399224, 678.9728125073333, 2408922, 34.5682138197107, 130568, 0, 0.0, 30, 
2019-12-10 14:50:02.208,132287128, 678.9728125073333, 2409435, 34.5682138197107, 130589, 0, 0.0, 30, 
2019-12-10 14:50:03.233,144463744, 678.9728125073333, 2409942, 34.5682138197107, 130608, 0, 0.0, 30, 
2019-12-10 14:50:04.258,156330792, 678.9728125073333, 2410434, 34.5682138197107, 130641, 0, 0.0, 30, 
2019-12-10 14:50:05.289,168125416, 663.7674339617214, 2410902, 33.771199448655665, 130660, 0, 0.0, 30, 
2019-12-10 14:50:06.317,181465192, 663.7674339617214, 2411403, 33.771199448655665, 130693, 0, 0.0, 30, 
2019-12-10 14:50:07.343,194215784, 663.7674339617214, 2411900, 33.771199448655665, 130708, 0, 0.0, 30, 
2019-12-10 14:50:08.366,207107640, 663.7674339617214, 2412401, 33.771199448655665, 130732, 0, 0.0, 30, 
2019-12-10 14:50:09.389,219416584, 649.0262278560224, 2412888, 33.03791082818717, 130766, 0, 0.0, 30, 
2019-12-10 14:50:10.414,230911968, 649.0262278560224, 2413345, 33.03791082818717, 130797, 0, 0.0, 30, 
2019-12-10 14:50:11.438,243162256, 649.0262278560224, 2413828, 33.03791082818717, 130822, 0, 0.0, 30, 
2019-12-10 14:50:12.461,257773616, 649.0262278560224, 2414351, 33.03791082818717, 130845, 0, 0.0, 30, 
2019-12-10 14:50:13.485,270158664, 649.0262278560224, 2414827, 33.03791082818717, 130872, 0, 0.0, 30, 
2019-12-10 14:50:14.51,282570056, 634.9199655330538, 2415320, 32.28329714324322, 130887, 0, 0.0, 30, 
2019-12-10 14:50:15.537,295470584, 634.9199655330538, 2415816, 32.28329714324322, 130909, 0, 0.0, 30, 
2019-12-10 14:50:16.566,306890768, 634.9199655330538, 2416302, 32.28329714324322, 130928, 0, 0.0, 30, 
2019-12-10 14:50:17.589,320179872, 634.9199655330538, 2416784, 32.28329714324322, 130953, 0, 0.0, 30, 
2019-12-10 14:50:18.613,333101432, 634.9199655330538, 2417302, 32.28329714324322, 130982, 0, 0.0, 30, 
2019-12-10 14:50:19.636,345465448, 623.204875920367, 2417810, 31.652983505504217, 131015, 0, 0.0, 30, 
2019-12-10 14:50:20.661,359161616, 623.204875920367, 2418342, 31.652983505504217, 131045, 0, 0.0, 30, 
2019-12-10 14:50:21.683,371475816, 623.204875920367, 2418818, 31.652983505504217, 131075, 0, 0.0, 30, 
2019-12-10 14:50:22.709,384416224, 623.204875920367, 2419291, 31.652983505504217, 131099, 0, 0.0, 30, 
2019-12-10 14:50:23.732,113894680, 623.204875920367, 2419814, 31.652983505504217, 131132, 0, 0.0, 30, 
2019-12-10 14:50:24.756,125961840, 612.4104820382586, 2420322, 31.456853773417013, 131158, 0, 0.0, 30, 
2019-12-10 14:50:25.783,139479928, 612.4104820382586, 2420825, 31.456853773417013, 131182, 0, 0.0, 30, 
2019-12-10 14:50:26.807,153429776, 612.4104820382586, 2421349, 31.456853773417013, 131213, 0, 0.0, 30, 
2019-12-10 14:50:27.833,165846832, 612.4104820382586, 2421833, 31.456853773417013, 131243, 0, 0.0, 30, 
2019-12-10 14:50:28.866,178725944, 612.4104820382586, 2422345, 31.456853773417013, 131270, 0, 0.0, 30, 
2019-12-10 14:50:29.892,192057776, 602.5751069401605, 2422821, 31.100503421051943, 131300, 0, 0.0, 30, 
2019-12-10 14:50:30.92,203876800, 602.5751069401605, 2423322, 31.100503421051943, 131324, 0, 0.0, 30, 
2019-12-10 14:50:31.961,217737968, 602.5751069401605, 2423858, 31.100503421051943, 131348, 0, 0.0, 30, 
2019-12-10 14:50:32.988,230574336, 602.5751069401605, 2424351, 31.100503421051943, 131378, 0, 0.0, 30, 
2019-12-10 14:50:34.011,244445008, 602.5751069401605, 2424880, 31.100503421051943, 131413, 0, 0.0, 30, 
2019-12-10 14:50:35.036,256741312, 593.5740983665934, 2425369, 30.788636386781413, 131435, 0, 0.0, 30, 
2019-12-10 14:50:36.064,268848424, 593.5740983665934, 2425880, 30.788636386781413, 131460, 0, 0.0, 30, 
2019-12-10 14:50:37.102,283628032, 593.5740983665934, 2426397, 30.788636386781413, 131489, 0, 0.0, 30, 
2019-12-10 14:50:38.128,295195320, 593.5740983665934, 2426888, 30.788636386781413, 131521, 0, 0.0, 30, 
2019-12-10 14:50:39.229,308195832, 593.5740983665934, 2427385, 30.788636386781413, 131542, 0, 0.0, 30, 
2019-12-10 14:50:40.252,321398408, 585.3887174048972, 2427910, 30.309811458904168, 131564, 0, 0.0, 30, 
2019-12-10 14:50:41.277,334640704, 585.3887174048972, 2428439, 30.309811458904168, 131586, 0, 0.0, 30, 
2019-12-10 14:50:42.307,345717880, 585.3887174048972, 2428916, 30.309811458904168, 131607, 0, 0.0, 30, 
2019-12-10 14:50:43.333,359158872, 585.3887174048972, 2429373, 30.309811458904168, 131634, 0, 0.0, 30, 
2019-12-10 14:50:44.355,372064888, 577.0742386328427, 2429884, 29.70936008768407, 131660, 0, 0.0, 30, 
2019-12-10 14:50:45.384,385058704, 577.0742386328427, 2430381, 29.70936008768407, 131688, 0, 0.0, 30, 
2019-12-10 14:50:46.406,114546608, 577.0742386328427, 2430889, 29.70936008768407, 131719, 0, 0.0, 30, 
2019-12-10 14:50:47.43,127749144, 577.0742386328427, 2431378, 29.70936008768407, 131739, 0, 0.0, 30, 
2019-12-10 14:50:48.453,141074184, 577.0742386328427, 2431877, 29.70936008768407, 131763, 0, 0.0, 30, 
2019-12-10 14:50:49.477,152188152, 569.536486697579, 2432372, 29.348811562226125, 131789, 0, 0.0, 30, 
2019-12-10 14:50:50.5,165161568, 569.536486697579, 2432864, 29.348811562226125, 131820, 0, 0.0, 30, 
2019-12-10 14:50:51.524,177842128, 569.536486697579, 2433335, 29.348811562226125, 131843, 0, 0.0, 30, 
2019-12-10 14:50:52.548,191313400, 569.536486697579, 2433833, 29.348811562226125, 131870, 0, 0.0, 30, 
2019-12-10 14:50:53.573,202563352, 569.536486697579, 2434337, 29.348811562226125, 131892, 0, 0.0, 30, 
2019-12-10 14:50:54.598,215917920, 562.3935356087144, 2434820, 29.03308202224984, 131922, 0, 0.0, 30, 
2019-12-10 14:50:55.621,227559560, 562.3935356087144, 2435316, 29.03308202224984, 131948, 0, 0.0, 30, 
2019-12-10 14:50:56.645,241396016, 562.3935356087144, 2435789, 29.03308202224984, 131975, 0, 0.0, 30, 
2019-12-10 14:50:57.668,253428176, 562.3935356087144, 2436290, 29.03308202224984, 132009, 0, 0.0, 30, 
2019-12-10 14:50:58.692,267360672, 562.3935356087144, 2436792, 29.03308202224984, 132035, 0, 0.0, 30, 
2019-12-10 14:50:59.716,279146616, 556.1255345798426, 2437297, 29.014445812721473, 132061, 0, 0.0, 30, 
2019-12-10 14:51:00.741,293398072, 556.1255345798426, 2437795, 29.014445812721473, 132080, 0, 0.0, 30, 
2019-12-10 14:51:01.766,304279920, 556.1255345798426, 2438297, 29.014445812721473, 132103, 0, 0.0, 30, 
2019-12-10 14:51:02.793,318321560, 556.1255345798426, 2438790, 29.014445812721473, 132127, 0, 0.0, 30, 
2019-12-10 14:51:03.82,332091760, 556.1255345798426, 2439314, 29.014445812721473, 132154, 0, 0.0, 30, 
2019-12-10 14:51:04.85,343506112, 550.7104998179693, 2439813, 28.437610574640303, 132176, 0, 0.0, 30, 
2019-12-10 14:51:05.874,356871040, 550.7104998179693, 2440301, 28.437610574640303, 132197, 0, 0.0, 30, 
2019-12-10 14:51:06.899,370596120, 550.7104998179693, 2440799, 28.437610574640303, 132216, 0, 0.0, 30, 
2019-12-10 14:51:07.924,381453464, 550.7104998179693, 2441256, 28.437610574640303, 132240, 0, 0.0, 30, 
2019-12-10 14:51:08.948,393566536, 550.7104998179693, 2441744, 28.437610574640303, 132265, 0, 0.0, 30, 
2019-12-10 14:51:09.973,125516136, 544.8169336570584, 2442263, 27.8429320673858, 132288, 0, 0.0, 30, 
2019-12-10 14:51:10.996,137373264, 544.8169336570584, 2442778, 27.8429320673858, 132312, 0, 0.0, 30, 
2019-12-10 14:51:12.026,150437264, 544.8169336570584, 2443262, 27.8429320673858, 132336, 0, 0.0, 30, 
2019-12-10 14:51:13.05,163328680, 544.8169336570584, 2443752, 27.8429320673858, 132356, 0, 0.0, 30, 
2019-12-10 14:51:14.093,175355000, 544.8169336570584, 2444239, 27.8429320673858, 132374, 0, 0.0, 30, 
2019-12-10 14:51:15.117,187937808, 540.1941468821707, 2444709, 27.407739247805143, 132400, 0, 0.0, 30, 
2019-12-10 14:51:16.141,201075376, 540.1941468821707, 2445229, 27.407739247805143, 132428, 0, 0.0, 30, 
2019-12-10 14:51:17.164,214388960, 540.1941468821707, 2445737, 27.407739247805143, 132462, 0, 0.0, 30, 
2019-12-10 14:51:18.188,226066144, 540.1941468821707, 2446205, 27.407739247805143, 132485, 0, 0.0, 30, 
2019-12-10 14:51:19.213,238325064, 540.1941468821707, 2446693, 27.407739247805143, 132499, 0, 0.0, 30, 
2019-12-10 14:51:20.257,250854288, 535.0294840566872, 2447203, 27.103289227307982, 132528, 0, 0.0, 30, 
2019-12-10 14:51:21.286,264262432, 535.0294840566872, 2447693, 27.103289227307982, 132564, 0, 0.0, 30, 
2019-12-10 14:51:22.309,276954608, 535.0294840566872, 2448172, 27.103289227307982, 132593, 0, 0.0, 30, 
2019-12-10 14:51:23.347,291612144, 535.0294840566872, 2448695, 27.103289227307982, 132625, 0, 0.0, 30, 
2019-12-10 14:51:24.377,304513120, 531.2052496609574, 2449199, 27.28692408156571, 132648, 0, 0.0, 30, 
2019-12-10 14:51:25.4,318213568, 531.2052496609574, 2449714, 27.28692408156571, 132676, 0, 0.0, 30, 
2019-12-10 14:51:26.427,331025288, 531.2052496609574, 2450218, 27.28692408156571, 132704, 0, 0.0, 30, 
2019-12-10 14:51:27.45,341991600, 531.2052496609574, 2450708, 27.28692408156571, 132730, 0, 0.0, 30, 
2019-12-10 14:51:28.476,357158880, 531.2052496609574, 2451233, 27.28692408156571, 132756, 0, 0.0, 30, 
2019-12-10 14:51:29.498,371655224, 529.3338692235687, 2451838, 27.216009547444777, 132788, 0, 0.0, 30, 
2019-12-10 14:51:30.521,388850168, 529.3338692235687, 2452507, 27.216009547444777, 132818, 0, 0.0, 30, 
2019-12-10 14:51:31.543,121513792, 529.3338692235687, 2453129, 27.216009547444777, 132845, 0, 0.0, 30, 
2019-12-10 14:51:32.567,139554960, 529.3338692235687, 2453827, 27.216009547444777, 132876, 0, 0.0, 30, 
2019-12-10 14:51:33.589,159275664, 529.3338692235687, 2454596, 27.216009547444777, 132923, 0, 0.0, 30, 
2019-12-10 14:51:34.61,179924344, 542.6277750371157, 2455461, 27.854374177672724, 132969, 0, 0.0, 30, 
2019-12-10 14:51:35.636,201923984, 542.6277750371157, 2456388, 27.854374177672724, 133026, 0, 0.0, 30, 
2019-12-10 14:51:36.659,224415376, 542.6277750371157, 2457330, 27.854374177672724, 133063, 0, 0.0, 30, 
2019-12-10 14:51:37.684,244183368, 542.6277750371157, 2458150, 27.854374177672724, 133107, 0, 0.0, 30, 
2019-12-10 14:51:38.706,267492784, 542.6277750371157, 2459111, 27.854374177672724, 133148, 0, 0.0, 30, 
2019-12-10 14:51:39.727,290866640, 571.1217248938738, 2460113, 29.257244960991763, 133204, 0, 0.0, 30, 
2019-12-10 14:51:40.752,313958424, 571.1217248938738, 2461058, 29.257244960991763, 133256, 0, 0.0, 30, 
2019-12-10 14:51:41.774,337649416, 571.1217248938738, 2462008, 29.257244960991763, 133300, 0, 0.0, 30, 
2019-12-10 14:51:42.798,358231224, 571.1217248938738, 2462931, 29.257244960991763, 133348, 0, 0.0, 30, 
2019-12-10 14:51:43.819,382393368, 571.1217248938738, 2463914, 29.257244960991763, 133389, 0, 0.0, 30, 
2019-12-10 14:51:44.841,118554176, 599.5921718177649, 2464722, 30.595921740853512, 133438, 0, 0.0, 30, 
2019-12-10 14:51:45.863,138969968, 599.5921718177649, 2465556, 30.595921740853512, 133480, 0, 0.0, 30, 
2019-12-10 14:51:46.886,158139096, 599.5921718177649, 2466343, 30.595921740853512, 133528, 0, 0.0, 30, 
