Timestamp, MemoryUsed, ReadLatency1, ReadCount, WriteLatency1, WriteCount, PendingTasks, WaitingOnCommit1, SRDelay, 
2019-12-08 11:02:44.425,387876296, 26.811013539029265, 2979885, 4.9354222647401125, 163164, 0, 0.0, 20, 
2019-12-08 11:02:45.471,395035256, 26.811013539029265, 2980116, 4.9354222647401125, 163177, 0, 0.0, 20, 
2019-12-08 11:02:46.56,404042552, 35.33339834558331, 2980404, 5.21243460562503, 163192, 0, 0.0, 20, 
2019-12-08 11:02:47.92,127059240, 35.33339834558331, 2980772, 5.21243460562503, 163214, 0, 0.0, 20, 
2019-12-08 11:02:48.988,136558080, 35.33339834558331, 2981238, 5.21243460562503, 163237, 0, 0.0, 20, 
2019-12-08 11:02:50.029,150487000, 35.33339834558331, 2981902, 5.21243460562503, 163270, 0, 0.0, 20, 
2019-12-08 11:02:51.065,166841456, 69.67165187801743, 2982613, 6.666632043199743, 163307, 0, 0.0, 20, 
2019-12-08 11:02:52.098,180658176, 69.67165187801743, 2983299, 6.666632043199743, 163340, 0, 0.0, 20, 
2019-12-08 11:02:53.128,194800504, 69.67165187801743, 2983987, 6.666632043199743, 163382, 0, 0.0, 20, 
2019-12-08 11:02:54.158,209894752, 69.67165187801743, 2984688, 6.666632043199743, 163423, 0, 0.0, 20, 
2019-12-08 11:02:55.193,224550200, 69.67165187801743, 2985366, 6.666632043199743, 163456, 0, 0.0, 20, 
2019-12-08 11:02:56.222,240199208, 117.9271142399081, 2986110, 9.04398088322743, 163492, 0, 0.0, 20, 
2019-12-08 11:02:57.256,255488968, 117.9271142399081, 2986808, 9.04398088322743, 163535, 0, 0.0, 20, 
2019-12-08 11:02:58.351,269947352, 117.9271142399081, 2987493, 9.04398088322743, 163571, 0, 0.0, 20, 
2019-12-08 11:02:59.382,285222424, 117.9271142399081, 2988229, 9.04398088322743, 163610, 0, 0.0, 20, 
2019-12-08 11:03:00.415,299667560, 117.9271142399081, 2988909, 9.04398088322743, 163644, 0, 0.0, 20, 
2019-12-08 11:03:01.444,313615248, 161.66864706128158, 2989596, 11.231247405120403, 163682, 0, 0.0, 20, 
2019-12-08 11:03:02.469,330046864, 161.66864706128158, 2990369, 11.231247405120403, 163723, 0, 0.0, 20, 
2019-12-08 11:03:03.497,347852856, 161.66864706128158, 2991211, 11.231247405120403, 163769, 0, 0.0, 20, 
2019-12-08 11:03:04.55,365838152, 161.66864706128158, 2991988, 11.231247405120403, 163816, 0, 0.0, 20, 
2019-12-08 11:03:05.579,381634864, 161.66864706128158, 2992837, 11.231247405120403, 163863, 0, 0.0, 20, 
2019-12-08 11:03:06.609,399661656, 211.20363904098411, 2993662, 13.75534549826607, 163901, 0, 0.0, 20, 
2019-12-08 11:03:07.634,137583208, 211.20363904098411, 2994572, 13.75534549826607, 163943, 0, 0.0, 20, 
2019-12-08 11:03:08.759,156340896, 211.20363904098411, 2995487, 13.75534549826607, 163978, 0, 0.0, 20, 
2019-12-08 11:03:09.783,174134592, 211.20363904098411, 2996358, 13.75534549826607, 164018, 0, 0.0, 20, 
2019-12-08 11:03:10.807,191011672, 211.20363904098411, 2997216, 13.75534549826607, 164063, 0, 0.0, 20, 
2019-12-08 11:03:11.833,208386072, 260.9517132969671, 2998044, 15.69384104106202, 164108, 0, 0.0, 20, 
2019-12-08 11:03:12.856,225130120, 260.9517132969671, 2998954, 15.69384104106202, 164158, 0, 0.0, 20, 
2019-12-08 11:03:13.882,244018616, 260.9517132969671, 2999891, 15.69384104106202, 164201, 0, 0.0, 20, 
2019-12-08 11:03:14.906,261634408, 260.9517132969671, 3000826, 15.69384104106202, 164250, 0, 0.0, 20, 
2019-12-08 11:03:15.93,281925000, 260.9517132969671, 3001800, 15.69384104106202, 164302, 0, 0.0, 20, 
2019-12-08 11:03:16.956,300290472, 312.0791753745844, 3002770, 18.180952189257226, 164346, 0, 0.0, 20, 
2019-12-08 11:03:17.99,319999544, 312.0791753745844, 3003734, 18.180952189257226, 164395, 0, 0.0, 20, 
2019-12-08 11:03:19.022,337321368, 312.0791753745844, 3004699, 18.180952189257226, 164449, 0, 0.0, 20, 
2019-12-08 11:03:20.056,357534752, 312.0791753745844, 3005708, 18.180952189257226, 164501, 0, 0.0, 20, 
2019-12-08 11:03:21.079,376053272, 362.7966682203199, 3006653, 20.40524044142001, 164537, 0, 0.0, 20, 
2019-12-08 11:03:22.103,394820200, 362.7966682203199, 3007644, 20.40524044142001, 164585, 0, 0.0, 20, 
2019-12-08 11:03:23.133,130768360, 362.7966682203199, 3008670, 20.40524044142001, 164640, 0, 0.0, 20, 
2019-12-08 11:03:24.158,151010960, 362.7966682203199, 3009760, 20.40524044142001, 164685, 0, 0.0, 20, 
2019-12-08 11:03:25.181,172926688, 362.7966682203199, 3010879, 20.40524044142001, 164749, 0, 0.0, 20, 
2019-12-08 11:03:26.203,194689752, 416.86290144236614, 3012057, 22.947409053646187, 164802, 0, 0.0, 20, 
2019-12-08 11:03:27.226,217938088, 416.86290144236614, 3013258, 22.947409053646187, 164880, 0, 0.0, 20, 
2019-12-08 11:03:28.258,238567608, 416.86290144236614, 3014357, 22.947409053646187, 164940, 0, 0.0, 20, 
2019-12-08 11:03:29.282,262195344, 416.86290144236614, 3015573, 22.947409053646187, 165012, 0, 0.0, 20, 
2019-12-08 11:03:30.311,284640760, 416.86290144236614, 3016774, 22.947409053646187, 165077, 0, 0.0, 20, 
2019-12-08 11:03:31.334,306534136, 476.4087921048011, 3017951, 26.373713047412068, 165138, 0, 0.0, 20, 
2019-12-08 11:03:32.359,329754128, 476.4087921048011, 3019174, 26.373713047412068, 165196, 0, 0.0, 20, 
2019-12-08 11:03:33.382,351200864, 476.4087921048011, 3020278, 26.373713047412068, 165255, 0, 0.0, 20, 
2019-12-08 11:03:34.41,374818616, 476.4087921048011, 3021505, 26.373713047412068, 165317, 0, 0.0, 20, 
2019-12-08 11:03:35.433,397334432, 476.4087921048011, 3022732, 26.373713047412068, 165387, 0, 0.0, 20, 
2019-12-08 11:03:36.455,137242616, 529.4666155788962, 3023906, 28.87042909965896, 165437, 0, 0.0, 20, 
2019-12-08 11:03:37.481,160642096, 529.4666155788962, 3025242, 28.87042909965896, 165500, 0, 0.0, 20, 
2019-12-08 11:03:38.504,184922504, 529.4666155788962, 3026519, 28.87042909965896, 165570, 0, 0.0, 20, 
2019-12-08 11:03:39.529,206683224, 529.4666155788962, 3027751, 28.87042909965896, 165618, 0, 0.0, 20, 
2019-12-08 11:03:40.554,230304688, 529.4666155788962, 3029040, 28.87042909965896, 165683, 0, 0.0, 20, 
2019-12-08 11:03:41.581,251715336, 586.3736749581384, 3030077, 31.23148322674063, 165752, 0, 0.0, 20, 
2019-12-08 11:03:42.607,268607600, 586.3736749581384, 3030997, 31.23148322674063, 165813, 0, 0.0, 20, 
2019-12-08 11:03:43.645,280336320, 586.3736749581384, 3031512, 31.23148322674063, 165837, 0, 0.0, 20, 
2019-12-08 11:03:44.686,291096480, 586.3736749581384, 3032012, 31.23148322674063, 165867, 0, 0.0, 20, 
2019-12-08 11:03:45.713,303368248, 586.3736749581384, 3032468, 31.23148322674063, 165890, 0, 0.0, 20, 
2019-12-08 11:03:46.74,314316848, 589.4940476217267, 3032997, 31.756672830363687, 165907, 0, 0.0, 20, 
2019-12-08 11:03:47.773,324486840, 589.4940476217267, 3033497, 31.756672830363687, 165938, 0, 0.0, 20, 
2019-12-08 11:03:48.81,335203880, 589.4940476217267, 3033988, 31.756672830363687, 165959, 0, 0.0, 20, 
2019-12-08 11:03:49.87,347043816, 589.4940476217267, 3034479, 31.756672830363687, 165995, 0, 0.0, 20, 
2019-12-08 11:03:50.904,356393728, 589.4940476217267, 3034993, 31.756672830363687, 166017, 0, 0.0, 20, 
2019-12-08 11:03:51.935,368441064, 581.2990760471216, 3035483, 31.232430216127952, 166045, 0, 0.0, 20, 
2019-12-08 11:03:52.98,377539440, 581.2990760471216, 3035925, 31.232430216127952, 166071, 0, 0.0, 20, 
2019-12-08 11:03:54.024,389499960, 581.2990760471216, 3036434, 31.232430216127952, 166097, 0, 0.0, 20, 
2019-12-08 11:03:55.063,399382712, 581.2990760471216, 3036893, 31.232430216127952, 166121, 0, 0.0, 20, 
2019-12-08 11:03:56.087,409467648, 571.4246351290363, 3037371, 30.830059312360362, 166156, 0, 0.0, 20, 
2019-12-08 11:03:57.12,137710776, 571.4246351290363, 3037855, 30.830059312360362, 166176, 0, 0.0, 20, 
2019-12-08 11:03:58.15,148012208, 571.4246351290363, 3038318, 30.830059312360362, 166200, 0, 0.0, 20, 
2019-12-08 11:03:59.182,158582928, 571.4246351290363, 3038797, 30.830059312360362, 166229, 0, 0.0, 20, 
2019-12-08 11:04:00.224,169524560, 571.4246351290363, 3039282, 30.830059312360362, 166259, 0, 0.0, 20, 
2019-12-08 11:04:01.253,181130024, 563.3311601733611, 3039798, 30.395895741443095, 166280, 0, 0.0, 20, 
2019-12-08 11:04:02.292,191092856, 563.3311601733611, 3040286, 30.395895741443095, 166306, 0, 0.0, 20, 
2019-12-08 11:04:03.325,201822352, 563.3311601733611, 3040754, 30.395895741443095, 166333, 0, 0.0, 20, 
2019-12-08 11:04:04.363,213027288, 563.3311601733611, 3041236, 30.395895741443095, 166352, 0, 0.0, 20, 
2019-12-08 11:04:05.397,223655672, 563.3311601733611, 3041743, 30.395895741443095, 166380, 0, 0.0, 20, 
2019-12-08 11:04:06.437,233814808, 555.9967415649687, 3042246, 29.820543685169653, 166405, 0, 0.0, 20, 
2019-12-08 11:04:07.471,245515184, 555.9967415649687, 3042737, 29.820543685169653, 166427, 0, 0.0, 20, 
2019-12-08 11:04:08.502,255028016, 555.9967415649687, 3043195, 29.820543685169653, 166454, 0, 0.0, 20, 
2019-12-08 11:04:09.531,265326728, 555.9967415649687, 3043651, 29.820543685169653, 166486, 0, 0.0, 20, 
2019-12-08 11:04:10.566,277158664, 555.9967415649687, 3044144, 29.820543685169653, 166508, 0, 0.0, 20, 
2019-12-08 11:04:11.597,288133784, 548.0973902604262, 3044619, 29.419123175942858, 166527, 0, 0.0, 20, 
2019-12-08 11:04:12.631,297496784, 548.0973902604262, 3045086, 29.419123175942858, 166555, 0, 0.0, 20, 
2019-12-08 11:04:13.665,308974216, 548.0973902604262, 3045588, 29.419123175942858, 166587, 0, 0.0, 20, 
2019-12-08 11:04:14.696,320282528, 548.0973902604262, 3046092, 29.419123175942858, 166605, 0, 0.0, 20, 
2019-12-08 11:04:15.724,328645032, 548.0973902604262, 3046561, 29.419123175942858, 166629, 0, 0.0, 20, 
2019-12-08 11:04:16.752,339450688, 541.9170321745282, 3047014, 28.985834010214546, 166658, 0, 0.0, 20, 
2019-12-08 11:04:17.778,350711800, 541.9170321745282, 3047502, 28.985834010214546, 166683, 0, 0.0, 20, 
2019-12-08 11:04:18.808,360377384, 541.9170321745282, 3047953, 28.985834010214546, 166709, 0, 0.0, 20, 
2019-12-08 11:04:19.837,370920288, 541.9170321745282, 3048423, 28.985834010214546, 166722, 0, 0.0, 20, 
2019-12-08 11:04:20.866,381896592, 541.9170321745282, 3048925, 28.985834010214546, 166755, 0, 0.0, 20, 
2019-12-08 11:04:21.894,391526344, 535.4312723834818, 3049377, 28.619170967515082, 166784, 0, 0.0, 20, 
2019-12-08 11:04:22.976,402999352, 535.4312723834818, 3049888, 28.619170967515082, 166803, 0, 0.0, 20, 
2019-12-08 11:04:24.01,412891216, 535.4312723834818, 3050364, 28.619170967515082, 166832, 0, 0.0, 20, 
2019-12-08 11:04:25.045,138602800, 535.4312723834818, 3050846, 28.619170967515082, 166861, 0, 0.0, 20, 
2019-12-08 11:04:26.08,149367560, 529.2881830252867, 3051329, 28.329798034250857, 166887, 0, 0.0, 20, 
2019-12-08 11:04:27.112,159997776, 529.2881830252867, 3051812, 28.329798034250857, 166918, 0, 0.0, 20, 
2019-12-08 11:04:28.143,169678528, 529.2881830252867, 3052288, 28.329798034250857, 166937, 0, 0.0, 20, 
2019-12-08 11:04:29.172,180901632, 529.2881830252867, 3052754, 28.329798034250857, 166969, 0, 0.0, 20, 
2019-12-08 11:04:30.203,191934928, 529.2881830252867, 3053256, 28.329798034250857, 166993, 0, 0.0, 20, 
2019-12-08 11:04:31.234,202297840, 525.0914596264566, 3053768, 28.111535434478608, 167014, 0, 0.0, 20, 
2019-12-08 11:04:32.264,212638328, 525.0914596264566, 3054251, 28.111535434478608, 167033, 0, 0.0, 20, 
2019-12-08 11:04:33.292,224072064, 525.0914596264566, 3054732, 28.111535434478608, 167052, 0, 0.0, 20, 
2019-12-08 11:04:34.32,234712256, 525.0914596264566, 3055205, 28.111535434478608, 167079, 0, 0.0, 20, 
2019-12-08 11:04:35.353,244383944, 525.0914596264566, 3055671, 28.111535434478608, 167110, 0, 0.0, 20, 
2019-12-08 11:04:36.381,253973600, 519.7271226986502, 3056140, 27.654866275449507, 167132, 0, 0.0, 20, 
2019-12-08 11:04:37.41,265644272, 519.7271226986502, 3056595, 27.654866275449507, 167150, 0, 0.0, 20, 
2019-12-08 11:04:38.439,275637496, 519.7271226986502, 3057102, 27.654866275449507, 167166, 0, 0.0, 20, 
2019-12-08 11:04:39.47,286116128, 519.7271226986502, 3057552, 27.654866275449507, 167191, 0, 0.0, 20, 
2019-12-08 11:04:40.498,296573992, 519.7271226986502, 3058039, 27.654866275449507, 167214, 0, 0.0, 20, 
2019-12-08 11:04:41.53,307464416, 515.719179260332, 3058541, 27.106781429758232, 167242, 0, 0.0, 20, 
2019-12-08 11:04:42.562,317777320, 515.719179260332, 3059011, 27.106781429758232, 167274, 0, 0.0, 20, 
2019-12-08 11:04:43.599,327544368, 515.719179260332, 3059454, 27.106781429758232, 167302, 0, 0.0, 20, 
2019-12-08 11:04:44.627,339390448, 515.719179260332, 3059955, 27.106781429758232, 167327, 0, 0.0, 20, 
2019-12-08 11:04:45.669,349800832, 515.719179260332, 3060438, 27.106781429758232, 167355, 0, 0.0, 20, 
2019-12-08 11:04:46.704,360710048, 511.34407525156917, 3060939, 27.162208126331738, 167390, 0, 0.0, 20, 
2019-12-08 11:04:47.731,371094160, 511.34407525156917, 3061417, 27.162208126331738, 167416, 0, 0.0, 20, 
2019-12-08 11:04:48.756,381688344, 511.34407525156917, 3061892, 27.162208126331738, 167440, 0, 0.0, 20, 
2019-12-08 11:04:49.785,391814288, 511.34407525156917, 3062360, 27.162208126331738, 167464, 0, 0.0, 20, 
2019-12-08 11:04:50.817,402047216, 511.34407525156917, 3062829, 27.162208126331738, 167490, 0, 0.0, 20, 
2019-12-08 11:04:51.847,132174104, 507.52666976684833, 3063329, 26.98932750989765, 167505, 0, 0.0, 20, 
2019-12-08 11:04:52.875,142505328, 507.52666976684833, 3063811, 26.98932750989765, 167530, 0, 0.0, 20, 
2019-12-08 11:04:53.903,152016856, 507.52666976684833, 3064284, 26.98932750989765, 167553, 0, 0.0, 20, 
2019-12-08 11:04:54.929,163501016, 507.52666976684833, 3064770, 26.98932750989765, 167578, 0, 0.0, 20, 
2019-12-08 11:04:55.957,173495880, 504.06246052347797, 3065224, 26.686349610682573, 167607, 0, 0.0, 20, 
2019-12-08 11:04:56.991,183577872, 504.06246052347797, 3065716, 26.686349610682573, 167635, 0, 0.0, 20, 
2019-12-08 11:04:58.018,193576920, 504.06246052347797, 3066174, 26.686349610682573, 167665, 0, 0.0, 20, 
2019-12-08 11:04:59.057,204472280, 504.06246052347797, 3066654, 26.686349610682573, 167690, 0, 0.0, 20, 
2019-12-08 11:05:00.082,214470872, 504.06246052347797, 3067145, 26.686349610682573, 167715, 0, 0.0, 20, 
2019-12-08 11:05:01.108,224756408, 500.7313141043406, 3067604, 26.59948989164324, 167736, 0, 0.0, 20, 
2019-12-08 11:05:02.136,236117744, 500.7313141043406, 3068080, 26.59948989164324, 167766, 0, 0.0, 20, 
2019-12-08 11:05:03.165,246052896, 500.7313141043406, 3068565, 26.59948989164324, 167789, 0, 0.0, 20, 
2019-12-08 11:05:04.197,256169792, 500.7313141043406, 3069030, 26.59948989164324, 167819, 0, 0.0, 20, 
2019-12-08 11:05:05.225,267755456, 500.7313141043406, 3069515, 26.59948989164324, 167835, 0, 0.0, 20, 
2019-12-08 11:05:06.254,276739696, 497.6185380958783, 3069957, 26.343672804469342, 167859, 0, 0.0, 20, 
2019-12-08 11:05:07.28,287883800, 497.6185380958783, 3070459, 26.343672804469342, 167885, 0, 0.0, 20, 
2019-12-08 11:05:08.307,299056608, 497.6185380958783, 3070960, 26.343672804469342, 167909, 0, 0.0, 20, 
2019-12-08 11:05:09.335,309702504, 497.6185380958783, 3071431, 26.343672804469342, 167933, 0, 0.0, 20, 
2019-12-08 11:05:10.365,319710480, 497.6185380958783, 3071913, 26.343672804469342, 167950, 0, 0.0, 20, 
2019-12-08 11:05:11.395,331529456, 495.36230836411767, 3072401, 26.076327488099984, 167977, 0, 0.0, 20, 
2019-12-08 11:05:12.421,342145192, 495.36230836411767, 3072902, 26.076327488099984, 168000, 0, 0.0, 20, 
2019-12-08 11:05:13.455,352929288, 495.36230836411767, 3073390, 26.076327488099984, 168029, 0, 0.0, 20, 
2019-12-08 11:05:14.482,362598328, 495.36230836411767, 3073851, 26.076327488099984, 168053, 0, 0.0, 20, 
2019-12-08 11:05:15.508,372797056, 495.36230836411767, 3074363, 26.076327488099984, 168090, 0, 0.0, 20, 
2019-12-08 11:05:16.536,384297976, 493.8461658988853, 3074833, 26.214144732776294, 168126, 0, 0.0, 20, 
2019-12-08 11:05:17.561,394994064, 493.8461658988853, 3075324, 26.214144732776294, 168147, 0, 0.0, 20, 
2019-12-08 11:05:18.588,405541744, 493.8461658988853, 3075810, 26.214144732776294, 168166, 0, 0.0, 20, 
2019-12-08 11:05:19.618,133647840, 493.8461658988853, 3076270, 26.214144732776294, 168195, 0, 0.0, 20, 
2019-12-08 11:05:20.65,142652384, 493.8461658988853, 3076744, 26.214144732776294, 168226, 0, 0.0, 20, 
2019-12-08 11:05:21.679,154075560, 491.4118248821472, 3077244, 26.149049314090714, 168243, 0, 0.0, 20, 
2019-12-08 11:05:22.71,163733416, 491.4118248821472, 3077719, 26.149049314090714, 168269, 0, 0.0, 20, 
2019-12-08 11:05:23.739,174778904, 491.4118248821472, 3078197, 26.149049314090714, 168287, 0, 0.0, 20, 
2019-12-08 11:05:24.764,185329240, 491.4118248821472, 3078673, 26.149049314090714, 168314, 0, 0.0, 20, 
2019-12-08 11:05:25.801,194746512, 491.4118248821472, 3079113, 26.149049314090714, 168343, 0, 0.0, 20, 
2019-12-08 11:05:26.842,205383432, 488.86829180198566, 3079602, 25.897265232821464, 168366, 0, 0.0, 20, 
2019-12-08 11:05:27.874,216156792, 488.86829180198566, 3080092, 25.897265232821464, 168384, 0, 0.0, 20, 
2019-12-08 11:05:28.902,226495800, 488.86829180198566, 3080550, 25.897265232821464, 168405, 0, 0.0, 20, 
2019-12-08 11:05:29.941,237288496, 488.86829180198566, 3080996, 25.897265232821464, 168429, 0, 0.0, 20, 
2019-12-08 11:05:30.969,248232408, 486.46416392986157, 3081485, 25.5696659927123, 168457, 0, 0.0, 20, 
2019-12-08 11:05:32.002,257810184, 486.46416392986157, 3081938, 25.5696659927123, 168476, 0, 0.0, 20, 
2019-12-08 11:05:33.038,268109432, 486.46416392986157, 3082426, 25.5696659927123, 168510, 0, 0.0, 20, 
2019-12-08 11:05:34.072,279652944, 486.46416392986157, 3082899, 25.5696659927123, 168542, 0, 0.0, 20, 
2019-12-08 11:05:35.101,289789144, 486.46416392986157, 3083364, 25.5696659927123, 168566, 0, 0.0, 20, 
2019-12-08 11:05:36.133,300295392, 484.1403216895402, 3083856, 25.668038068466437, 168596, 0, 0.0, 20, 
2019-12-08 11:05:37.169,311217336, 484.1403216895402, 3084325, 25.668038068466437, 168621, 0, 0.0, 20, 
2019-12-08 11:05:38.201,321392752, 484.1403216895402, 3084797, 25.668038068466437, 168653, 0, 0.0, 20, 
2019-12-08 11:05:39.226,332022264, 484.1403216895402, 3085269, 25.668038068466437, 168673, 0, 0.0, 20, 
2019-12-08 11:05:40.261,342152712, 484.1403216895402, 3085771, 25.668038068466437, 168696, 0, 0.0, 20, 
2019-12-08 11:05:41.29,367363816, 483.0257151085974, 3086300, 25.630615810726443, 168724, 0, 0.0, 20, 
2019-12-08 11:05:42.316,376864832, 483.0257151085974, 3086780, 25.630615810726443, 168745, 0, 0.0, 20, 
2019-12-08 11:05:43.343,387920936, 483.0257151085974, 3087280, 25.630615810726443, 168765, 0, 0.0, 20, 
2019-12-08 11:05:44.379,398519304, 483.0257151085974, 3087742, 25.630615810726443, 168782, 0, 0.0, 20, 
2019-12-08 11:05:45.406,408442432, 483.0257151085974, 3088197, 25.630615810726443, 168808, 0, 0.0, 20, 
2019-12-08 11:05:46.44,131607392, 481.71238744195756, 3088668, 25.29235444710137, 168834, 0, 0.0, 20, 
2019-12-08 11:05:47.473,142059128, 481.71238744195756, 3089147, 25.29235444710137, 168850, 0, 0.0, 20, 
2019-12-08 11:05:48.503,152805664, 481.71238744195756, 3089598, 25.29235444710137, 168879, 0, 0.0, 20, 
2019-12-08 11:05:49.532,164225504, 481.71238744195756, 3090139, 25.29235444710137, 168904, 0, 0.0, 20, 
2019-12-08 11:05:50.567,175723640, 481.71238744195756, 3090643, 25.29235444710137, 168927, 0, 0.0, 20, 
2019-12-08 11:05:51.592,186652776, 481.0797478723562, 3091126, 25.077085671258036, 168952, 0, 0.0, 20, 
2019-12-08 11:05:52.619,196110920, 481.0797478723562, 3091618, 25.077085671258036, 168970, 0, 0.0, 20, 
2019-12-08 11:05:53.649,208472304, 481.0797478723562, 3092108, 25.077085671258036, 169001, 0, 0.0, 20, 
2019-12-08 11:05:54.677,219664080, 481.0797478723562, 3092591, 25.077085671258036, 169028, 0, 0.0, 20, 
2019-12-08 11:05:55.703,228874608, 481.0797478723562, 3093033, 25.077085671258036, 169067, 0, 0.0, 20, 
2019-12-08 11:05:56.732,238464872, 479.82606445275735, 3093511, 25.214842294956124, 169089, 0, 0.0, 20, 
2019-12-08 11:05:57.759,249772648, 479.82606445275735, 3093992, 25.214842294956124, 169115, 0, 0.0, 20, 
2019-12-08 11:05:58.788,259776136, 479.82606445275735, 3094470, 25.214842294956124, 169147, 0, 0.0, 20, 
2019-12-08 11:05:59.817,270581608, 479.82606445275735, 3094934, 25.214842294956124, 169175, 0, 0.0, 20, 
2019-12-08 11:06:00.844,281033136, 479.82606445275735, 3095409, 25.214842294956124, 169201, 0, 0.0, 20, 
2019-12-08 11:06:01.87,291976336, 478.44874438580416, 3095918, 25.309602273019475, 169223, 0, 0.0, 20, 
2019-12-08 11:06:02.909,303069240, 478.44874438580416, 3096416, 25.309602273019475, 169247, 0, 0.0, 20, 
2019-12-08 11:06:03.936,313067472, 478.44874438580416, 3096874, 25.309602273019475, 169276, 0, 0.0, 20, 
2019-12-08 11:06:04.964,323826704, 478.44874438580416, 3097370, 25.309602273019475, 169305, 0, 0.0, 20, 
2019-12-08 11:06:05.993,335263056, 478.252953595014, 3097860, 25.33282119327052, 169332, 0, 0.0, 20, 
2019-12-08 11:06:07.023,346013800, 478.252953595014, 3098351, 25.33282119327052, 169351, 0, 0.0, 20, 
2019-12-08 11:06:08.05,355129288, 478.252953595014, 3098811, 25.33282119327052, 169374, 0, 0.0, 20, 
2019-12-08 11:06:09.077,365115960, 478.252953595014, 3099290, 25.33282119327052, 169394, 0, 0.0, 20, 
2019-12-08 11:06:10.11,376196600, 478.252953595014, 3099763, 25.33282119327052, 169421, 0, 0.0, 20, 
2019-12-08 11:06:11.14,387482520, 477.4971371568428, 3100274, 25.194272460419857, 169457, 0, 0.0, 20, 
2019-12-08 11:06:12.166,398846208, 477.4971371568428, 3100782, 25.194272460419857, 169489, 0, 0.0, 20, 
2019-12-08 11:06:13.195,410276616, 477.4971371568428, 3101280, 25.194272460419857, 169521, 0, 0.0, 20, 
2019-12-08 11:06:14.223,137224760, 477.4971371568428, 3101791, 25.194272460419857, 169550, 0, 0.0, 20, 
2019-12-08 11:06:15.254,146508064, 477.4971371568428, 3102281, 25.194272460419857, 169576, 0, 0.0, 20, 
2019-12-08 11:06:16.283,157694352, 477.7932017230148, 3102744, 25.514552750682427, 169607, 0, 0.0, 20, 
2019-12-08 11:06:17.31,168412752, 477.7932017230148, 3103220, 25.514552750682427, 169626, 0, 0.0, 20, 
2019-12-08 11:06:18.338,179483872, 477.7932017230148, 3103731, 25.514552750682427, 169655, 0, 0.0, 20, 
2019-12-08 11:06:19.363,187908728, 477.7932017230148, 3104223, 25.514552750682427, 169675, 0, 0.0, 20, 
2019-12-08 11:06:20.391,199523752, 477.7932017230148, 3104678, 25.514552750682427, 169702, 0, 0.0, 20, 
2019-12-08 11:06:21.415,210107128, 477.361985122229, 3105175, 25.425438033075118, 169723, 0, 0.0, 20, 
2019-12-08 11:06:22.442,219625360, 477.361985122229, 3105657, 25.425438033075118, 169751, 0, 0.0, 20, 
2019-12-08 11:06:23.468,231845800, 477.361985122229, 3106163, 25.425438033075118, 169779, 0, 0.0, 20, 
2019-12-08 11:06:24.493,241704632, 477.361985122229, 3106638, 25.425438033075118, 169796, 0, 0.0, 20, 
2019-12-08 11:06:25.521,252130296, 477.361985122229, 3107134, 25.425438033075118, 169824, 0, 0.0, 20, 
2019-12-08 11:06:26.565,263455072, 477.365024624034, 3107616, 25.215519598286157, 169845, 0, 0.0, 20, 
2019-12-08 11:06:27.596,272721592, 477.365024624034, 3108105, 25.215519598286157, 169870, 0, 0.0, 20, 
2019-12-08 11:06:28.688,283279624, 477.365024624034, 3108579, 25.215519598286157, 169896, 0, 0.0, 20, 
2019-12-08 11:06:29.714,293942488, 477.365024624034, 3109083, 25.215519598286157, 169918, 0, 0.0, 20, 
2019-12-08 11:06:30.739,305568112, 477.365024624034, 3109560, 25.215519598286157, 169946, 0, 0.0, 20, 
2019-12-08 11:06:31.769,316155472, 476.07254061768793, 3110020, 25.134323134349792, 169972, 0, 0.0, 20, 
2019-12-08 11:06:32.797,326654128, 476.07254061768793, 3110500, 25.134323134349792, 169995, 0, 0.0, 20, 
2019-12-08 11:06:33.823,336709496, 476.07254061768793, 3110992, 25.134323134349792, 170019, 0, 0.0, 20, 
2019-12-08 11:06:34.848,347318584, 476.07254061768793, 3111434, 25.134323134349792, 170040, 0, 0.0, 20, 
2019-12-08 11:06:35.896,357704264, 476.07254061768793, 3111953, 25.134323134349792, 170065, 0, 0.0, 20, 
2019-12-08 11:06:36.928,370105816, 475.49106037546863, 3112430, 24.931689844624405, 170083, 0, 0.0, 20, 
2019-12-08 11:06:37.955,380306576, 475.49106037546863, 3112936, 24.931689844624405, 170109, 0, 0.0, 20, 
2019-12-08 11:06:38.983,392100648, 475.49106037546863, 3113449, 24.931689844624405, 170133, 0, 0.0, 20, 
2019-12-08 11:06:40.011,401749664, 475.49106037546863, 3113923, 24.931689844624405, 170153, 0, 0.0, 20, 
2019-12-08 11:06:41.045,130802848, 475.75562858010426, 3114421, 24.681293749898057, 170174, 0, 0.0, 20, 
2019-12-08 11:06:42.077,139815552, 475.75562858010426, 3114917, 24.681293749898057, 170207, 0, 0.0, 20, 
2019-12-08 11:06:43.106,151181272, 475.75562858010426, 3115404, 24.681293749898057, 170235, 0, 0.0, 20, 
2019-12-08 11:06:44.131,159631080, 475.75562858010426, 3115834, 24.681293749898057, 170255, 0, 0.0, 20, 
2019-12-08 11:06:45.157,169751976, 475.75562858010426, 3116294, 24.681293749898057, 170280, 0, 0.0, 20, 
2019-12-08 11:06:46.184,180973560, 473.88821562528193, 3116767, 24.73875832883452, 170306, 0, 0.0, 20, 
2019-12-08 11:06:47.211,191073360, 473.88821562528193, 3117250, 24.73875832883452, 170324, 0, 0.0, 20, 
2019-12-08 11:06:48.243,202556376, 473.88821562528193, 3117772, 24.73875832883452, 170351, 0, 0.0, 20, 
2019-12-08 11:06:49.269,212558200, 473.88821562528193, 3118246, 24.73875832883452, 170380, 0, 0.0, 20, 
2019-12-08 11:06:50.297,223715088, 473.88821562528193, 3118743, 24.73875832883452, 170404, 0, 0.0, 20, 
2019-12-08 11:06:51.322,234647080, 474.4888247421408, 3119216, 24.69568159127923, 170439, 0, 0.0, 20, 
2019-12-08 11:06:52.348,244121712, 474.4888247421408, 3119704, 24.69568159127923, 170467, 0, 0.0, 20, 
2019-12-08 11:06:53.374,255789072, 474.4888247421408, 3120201, 24.69568159127923, 170494, 0, 0.0, 20, 
2019-12-08 11:06:54.4,265833704, 474.4888247421408, 3120663, 24.69568159127923, 170520, 0, 0.0, 20, 
2019-12-08 11:06:55.431,275802424, 474.4888247421408, 3121120, 24.69568159127923, 170552, 0, 0.0, 20, 
2019-12-08 11:06:56.458,287105760, 473.6182023858843, 3121613, 24.9598803038996, 170574, 0, 0.0, 20, 
2019-12-08 11:06:57.485,298308016, 473.6182023858843, 3122094, 24.9598803038996, 170607, 0, 0.0, 20, 
2019-12-08 11:06:58.516,309262216, 473.6182023858843, 3122545, 24.9598803038996, 170631, 0, 0.0, 20, 
2019-12-08 11:06:59.543,318658600, 473.6182023858843, 3123012, 24.9598803038996, 170664, 0, 0.0, 20, 
2019-12-08 11:07:00.568,328206328, 473.6182023858843, 3123468, 24.9598803038996, 170688, 0, 0.0, 20, 
2019-12-08 11:07:01.595,337938112, 471.8417330082367, 3123941, 25.13899038550169, 170719, 0, 0.0, 20, 
2019-12-08 11:07:02.62,349377968, 471.8417330082367, 3124394, 25.13899038550169, 170745, 0, 0.0, 20, 
2019-12-08 11:07:03.649,359500720, 471.8417330082367, 3124874, 25.13899038550169, 170769, 0, 0.0, 20, 
2019-12-08 11:07:04.683,369610712, 471.8417330082367, 3125333, 25.13899038550169, 170796, 0, 0.0, 20, 
2019-12-08 11:07:05.71,380493336, 471.8417330082367, 3125794, 25.13899038550169, 170816, 0, 0.0, 20, 
2019-12-08 11:07:06.74,391072024, 470.33523121616514, 3126293, 25.127877327868006, 170837, 0, 0.0, 20, 
2019-12-08 11:07:07.768,402056424, 470.33523121616514, 3126782, 25.127877327868006, 170856, 0, 0.0, 20, 
2019-12-08 11:07:08.837,412503288, 470.33523121616514, 3127288, 25.127877327868006, 170878, 0, 0.0, 20, 
2019-12-08 11:07:09.866,139796040, 470.33523121616514, 3127785, 25.127877327868006, 170903, 0, 0.0, 20, 
2019-12-08 11:07:10.894,150080296, 470.33523121616514, 3128264, 25.127877327868006, 170919, 0, 0.0, 20, 
2019-12-08 11:07:11.92,160976784, 471.07600122760067, 3128740, 24.669901543186892, 170945, 0, 0.0, 20, 
2019-12-08 11:07:12.946,172449240, 471.07600122760067, 3129195, 24.669901543186892, 170965, 0, 0.0, 20, 
2019-12-08 11:07:13.973,188663496, 471.07600122760067, 3129677, 24.669901543186892, 170988, 0, 0.0, 20, 
2019-12-08 11:07:14.998,201074576, 471.07600122760067, 3130156, 24.669901543186892, 171020, 0, 0.0, 20, 
2019-12-08 11:07:16.03,214297912, 470.8140666317728, 3130662, 24.66431252438307, 171045, 0, 0.0, 20, 
2019-12-08 11:07:17.055,226959312, 470.8140666317728, 3131159, 24.66431252438307, 171080, 0, 0.0, 20, 
2019-12-08 11:07:18.081,241042504, 470.8140666317728, 3131668, 24.66431252438307, 171106, 0, 0.0, 20, 
2019-12-08 11:07:19.107,254065704, 470.8140666317728, 3132131, 24.66431252438307, 171122, 0, 0.0, 20, 
2019-12-08 11:07:20.133,264956288, 470.8140666317728, 3132591, 24.66431252438307, 171153, 0, 0.0, 20, 
2019-12-08 11:07:21.159,278053488, 470.8928975113659, 3133084, 24.75511708129417, 171177, 0, 0.0, 20, 
2019-12-08 11:07:22.185,289451824, 470.8928975113659, 3133526, 24.75511708129417, 171196, 0, 0.0, 20, 
2019-12-08 11:07:23.21,302665216, 470.8928975113659, 3134012, 24.75511708129417, 171219, 0, 0.0, 20, 
2019-12-08 11:07:24.245,315304760, 470.8928975113659, 3134519, 24.75511708129417, 171243, 0, 0.0, 20, 
2019-12-08 11:07:25.272,328574000, 470.8928975113659, 3135003, 24.75511708129417, 171268, 0, 0.0, 20, 
2019-12-08 11:07:26.296,340848872, 470.3577629730187, 3135473, 24.566812316442814, 171292, 0, 0.0, 20, 
2019-12-08 11:07:27.324,353805976, 470.3577629730187, 3135950, 24.566812316442814, 171316, 0, 0.0, 20, 
2019-12-08 11:07:28.348,364227272, 470.3577629730187, 3136413, 24.566812316442814, 171335, 0, 0.0, 20, 
2019-12-08 11:07:29.373,377878328, 470.3577629730187, 3136899, 24.566812316442814, 171362, 0, 0.0, 20, 
2019-12-08 11:07:30.399,390446464, 470.3577629730187, 3137392, 24.566812316442814, 171388, 0, 0.0, 20, 
2019-12-08 11:07:31.425,403856768, 469.8973976640854, 3137844, 24.505501388812185, 171413, 0, 0.0, 20, 
2019-12-08 11:07:32.451,134158408, 469.8973976640854, 3138312, 24.505501388812185, 171448, 0, 0.0, 20, 
2019-12-08 11:07:33.475,146359120, 469.8973976640854, 3138799, 24.505501388812185, 171476, 0, 0.0, 20, 
2019-12-08 11:07:34.501,158995568, 469.8973976640854, 3139273, 24.505501388812185, 171505, 0, 0.0, 20, 
2019-12-08 11:07:35.529,171603408, 469.8973976640854, 3139745, 24.505501388812185, 171529, 0, 0.0, 20, 
2019-12-08 11:07:36.555,185037280, 469.3778944304674, 3140240, 24.65697713425364, 171547, 0, 0.0, 20, 
2019-12-08 11:07:37.585,198440568, 469.3778944304674, 3140715, 24.65697713425364, 171580, 0, 0.0, 20, 
2019-12-08 11:07:38.611,209609176, 469.3778944304674, 3141178, 24.65697713425364, 171610, 0, 0.0, 20, 
2019-12-08 11:07:39.637,222400696, 469.3778944304674, 3141664, 24.65697713425364, 171633, 0, 0.0, 20, 
2019-12-08 11:07:40.661,235766808, 469.3778944304674, 3142172, 24.65697713425364, 171662, 0, 0.0, 20, 
2019-12-08 11:07:41.704,248170928, 469.25173295762625, 3142624, 24.87629713316954, 171694, 0, 0.0, 20, 
2019-12-08 11:07:42.728,262817448, 469.25173295762625, 3143152, 24.87629713316954, 171712, 0, 0.0, 20, 
2019-12-08 11:07:43.755,275335480, 469.25173295762625, 3143639, 24.87629713316954, 171737, 0, 0.0, 20, 
2019-12-08 11:07:44.809,287007016, 469.25173295762625, 3144113, 24.87629713316954, 171768, 0, 0.0, 20, 
2019-12-08 11:07:45.837,301527264, 469.25173295762625, 3144599, 24.87629713316954, 171789, 0, 0.0, 20, 
2019-12-08 11:07:46.863,314487200, 469.63138342849555, 3145088, 24.79024116585419, 171811, 0, 0.0, 20, 
2019-12-08 11:07:47.889,326826920, 469.63138342849555, 3145554, 24.79024116585419, 171832, 0, 0.0, 20, 
2019-12-08 11:07:48.919,340386552, 469.63138342849555, 3146038, 24.79024116585419, 171861, 0, 0.0, 20, 
2019-12-08 11:07:49.947,351983112, 469.63138342849555, 3146498, 24.79024116585419, 171888, 0, 0.0, 20, 
2019-12-08 11:07:50.972,363908768, 468.9892294651338, 3146971, 24.615119151335364, 171904, 0, 0.0, 20, 
2019-12-08 11:07:52.011,378567120, 468.9892294651338, 3147487, 24.615119151335364, 171934, 0, 0.0, 20, 
2019-12-08 11:07:53.041,391471120, 468.9892294651338, 3147988, 24.615119151335364, 171950, 0, 0.0, 20, 
2019-12-08 11:07:54.066,403008328, 468.9892294651338, 3148446, 24.615119151335364, 171975, 0, 0.0, 20, 
2019-12-08 11:07:55.093,134436624, 468.9892294651338, 3148935, 24.615119151335364, 171998, 0, 0.0, 20, 
2019-12-08 11:07:56.119,146414616, 469.59775307837094, 3149429, 24.453999119998684, 172020, 0, 0.0, 20, 
2019-12-08 11:07:57.146,160164424, 469.59775307837094, 3149944, 24.453999119998684, 172051, 0, 0.0, 20, 
2019-12-08 11:07:58.171,174031256, 469.59775307837094, 3150438, 24.453999119998684, 172074, 0, 0.0, 20, 
2019-12-08 11:07:59.199,186056432, 469.59775307837094, 3150911, 24.453999119998684, 172097, 0, 0.0, 20, 
2019-12-08 11:08:00.224,199586536, 469.59775307837094, 3151393, 24.453999119998684, 172115, 0, 0.0, 20, 
2019-12-08 11:08:01.251,212245328, 470.4614530543084, 3151878, 24.209814832637655, 172127, 0, 0.0, 20, 
2019-12-08 11:08:02.279,224612520, 470.4614530543084, 3152349, 24.209814832637655, 172147, 0, 0.0, 20, 
2019-12-08 11:08:03.304,238258008, 470.4614530543084, 3152854, 24.209814832637655, 172168, 0, 0.0, 20, 
2019-12-08 11:08:04.332,251779840, 470.4614530543084, 3153339, 24.209814832637655, 172184, 0, 0.0, 20, 
2019-12-08 11:08:05.359,263319552, 470.4614530543084, 3153825, 24.209814832637655, 172199, 0, 0.0, 20, 
2019-12-08 11:08:06.395,277218176, 470.80834411500933, 3154323, 23.729296569724735, 172234, 0, 0.0, 20, 
2019-12-08 11:08:07.422,289782096, 470.80834411500933, 3154764, 23.729296569724735, 172262, 0, 0.0, 20, 
2019-12-08 11:08:08.449,301774728, 470.80834411500933, 3155253, 23.729296569724735, 172285, 0, 0.0, 20, 
2019-12-08 11:08:09.474,315113816, 470.80834411500933, 3155746, 23.729296569724735, 172312, 0, 0.0, 20, 
2019-12-08 11:08:10.502,328659232, 470.80834411500933, 3156248, 23.729296569724735, 172334, 0, 0.0, 20, 
2019-12-08 11:08:11.527,343077928, 470.53582796614904, 3156703, 23.878869757547328, 172356, 0, 0.0, 20, 
2019-12-08 11:08:12.553,355130728, 470.53582796614904, 3157179, 23.878869757547328, 172377, 0, 0.0, 20, 
2019-12-08 11:08:13.577,367237752, 470.53582796614904, 3157634, 23.878869757547328, 172405, 0, 0.0, 20, 
2019-12-08 11:08:14.611,381081288, 470.53582796614904, 3158090, 23.878869757547328, 172433, 0, 0.0, 20, 
2019-12-08 11:08:15.638,392375496, 470.53582796614904, 3158567, 23.878869757547328, 172460, 0, 0.0, 20, 
2019-12-08 11:08:16.662,406719848, 468.78193600052515, 3159033, 23.984501499433534, 172485, 0, 0.0, 20, 
2019-12-08 11:08:17.69,135832512, 468.78193600052515, 3159538, 23.984501499433534, 172513, 0, 0.0, 20, 
2019-12-08 11:08:18.715,148491136, 468.78193600052515, 3160028, 23.984501499433534, 172540, 0, 0.0, 20, 
2019-12-08 11:08:19.74,162416528, 468.78193600052515, 3160538, 23.984501499433534, 172565, 0, 0.0, 20, 
2019-12-08 11:08:20.766,175527928, 468.78193600052515, 3161005, 23.984501499433534, 172593, 0, 0.0, 20, 
2019-12-08 11:08:21.791,189407312, 469.53496282066163, 3161492, 24.113669627711776, 172610, 0, 0.0, 20, 
2019-12-08 11:08:22.815,200971096, 469.53496282066163, 3161948, 24.113669627711776, 172633, 0, 0.0, 20, 
2019-12-08 11:08:23.841,213744312, 469.53496282066163, 3162415, 24.113669627711776, 172663, 0, 0.0, 20, 
2019-12-08 11:08:24.868,227339376, 469.53496282066163, 3162924, 24.113669627711776, 172689, 0, 0.0, 20, 
2019-12-08 11:08:25.896,239380544, 469.53496282066163, 3163388, 24.113669627711776, 172708, 0, 0.0, 20, 
2019-12-08 11:08:26.921,251693456, 469.1084027454049, 3163852, 23.97665216949613, 172737, 0, 0.0, 20, 
2019-12-08 11:08:27.947,265288096, 469.1084027454049, 3164333, 23.97665216949613, 172762, 0, 0.0, 20, 
2019-12-08 11:08:28.972,278443984, 469.1084027454049, 3164810, 23.97665216949613, 172794, 0, 0.0, 20, 
2019-12-08 11:08:29.996,291342504, 469.1084027454049, 3165303, 23.97665216949613, 172812, 0, 0.0, 20, 
2019-12-08 11:08:31.022,305100824, 468.92383305262473, 3165795, 23.978518958951202, 172831, 0, 0.0, 20, 
2019-12-08 11:08:32.056,318029464, 468.92383305262473, 3166266, 23.978518958951202, 172849, 0, 0.0, 20, 
2019-12-08 11:08:33.08,330292560, 468.92383305262473, 3166785, 23.978518958951202, 172882, 0, 0.0, 20, 
2019-12-08 11:08:34.106,343425264, 468.92383305262473, 3167230, 23.978518958951202, 172896, 0, 0.0, 20, 
2019-12-08 11:08:35.133,356050760, 468.92383305262473, 3167726, 23.978518958951202, 172921, 0, 0.0, 20, 
2019-12-08 11:08:36.164,370659872, 469.39366542063794, 3168221, 24.04420095645917, 172955, 0, 0.0, 20, 
2019-12-08 11:08:37.192,382921968, 469.39366542063794, 3168720, 24.04420095645917, 172988, 0, 0.0, 20, 
2019-12-08 11:08:38.216,396592528, 469.39366542063794, 3169232, 24.04420095645917, 173016, 0, 0.0, 20, 
2019-12-08 11:08:39.244,411248448, 469.39366542063794, 3169731, 24.04420095645917, 173046, 0, 0.0, 20, 
2019-12-08 11:08:40.27,140562064, 469.39366542063794, 3170192, 24.04420095645917, 173071, 0, 0.0, 20, 
2019-12-08 11:08:41.307,152400448, 470.353638930087, 3170682, 24.216569130927024, 173094, 0, 0.0, 20, 
2019-12-08 11:08:42.332,166168520, 470.353638930087, 3171137, 24.216569130927024, 173114, 0, 0.0, 20, 
2019-12-08 11:08:43.359,178027464, 470.353638930087, 3171599, 24.216569130927024, 173135, 0, 0.0, 20, 
2019-12-08 11:08:44.383,191427816, 470.353638930087, 3172104, 24.216569130927024, 173154, 0, 0.0, 20, 
2019-12-08 11:08:45.412,204541424, 470.353638930087, 3172573, 24.216569130927024, 173168, 0, 0.0, 20, 
2019-12-08 11:08:46.437,216756872, 469.23796756138086, 3173042, 23.783484175363014, 173186, 0, 0.0, 20, 
2019-12-08 11:08:47.48,230083640, 469.23796756138086, 3173512, 23.783484175363014, 173209, 0, 0.0, 20, 
2019-12-08 11:08:48.514,243681176, 469.23796756138086, 3174009, 23.783484175363014, 173233, 0, 0.0, 20, 
2019-12-08 11:08:49.538,255725784, 469.23796756138086, 3174486, 23.783484175363014, 173257, 0, 0.0, 20, 
2019-12-08 11:08:50.574,268797984, 469.23796756138086, 3174948, 23.783484175363014, 173290, 0, 0.0, 20, 
2019-12-08 11:08:51.6,284520936, 468.6752427451908, 3175444, 23.832778059012153, 173320, 0, 0.0, 20, 
2019-12-08 11:08:52.626,296239408, 468.6752427451908, 3175913, 23.832778059012153, 173348, 0, 0.0, 20, 
2019-12-08 11:08:53.658,308146880, 468.6752427451908, 3176369, 23.832778059012153, 173373, 0, 0.0, 20, 
2019-12-08 11:08:54.684,321609888, 468.6752427451908, 3176859, 23.832778059012153, 173404, 0, 0.0, 20, 
2019-12-08 11:08:55.708,333382280, 468.6752427451908, 3177347, 23.832778059012153, 173432, 0, 0.0, 20, 
2019-12-08 11:08:56.742,347498728, 468.4933243796387, 3177830, 24.181961845747498, 173465, 0, 0.0, 20, 
2019-12-08 11:08:57.768,360595648, 468.4933243796387, 3178293, 24.181961845747498, 173492, 0, 0.0, 20, 
2019-12-08 11:08:58.793,372953552, 468.4933243796387, 3178771, 24.181961845747498, 173509, 0, 0.0, 20, 
2019-12-08 11:08:59.819,385586120, 468.4933243796387, 3179221, 24.181961845747498, 173526, 0, 0.0, 20, 
2019-12-08 11:09:00.845,397992480, 468.4933243796387, 3179692, 24.181961845747498, 173554, 0, 0.0, 20, 
2019-12-08 11:09:01.871,412126496, 467.63833336930617, 3180204, 24.167412979855627, 173579, 0, 0.0, 20, 
2019-12-08 11:09:02.894,142079264, 467.63833336930617, 3180682, 24.167412979855627, 173603, 0, 0.0, 20, 
2019-12-08 11:09:03.92,153112744, 467.63833336930617, 3181148, 24.167412979855627, 173625, 0, 0.0, 20, 
2019-12-08 11:09:04.946,167760504, 467.63833336930617, 3181653, 24.167412979855627, 173649, 0, 0.0, 20, 
2019-12-08 11:09:05.974,180348832, 468.1150019145481, 3182126, 24.138036259978485, 173680, 0, 0.0, 20, 
2019-12-08 11:09:07.004,193312048, 468.1150019145481, 3182595, 24.138036259978485, 173719, 0, 0.0, 20, 
2019-12-08 11:09:08.033,206645552, 468.1150019145481, 3183085, 24.138036259978485, 173745, 0, 0.0, 20, 
2019-12-08 11:09:09.059,219708448, 468.1150019145481, 3183552, 24.138036259978485, 173772, 0, 0.0, 20, 
2019-12-08 11:09:10.085,231946280, 468.1150019145481, 3184034, 24.138036259978485, 173794, 0, 0.0, 20, 
2019-12-08 11:09:11.11,245590344, 467.73801117644655, 3184500, 24.334884011973287, 173817, 0, 0.0, 20, 
2019-12-08 11:09:12.136,257288456, 467.73801117644655, 3184968, 24.334884011973287, 173845, 0, 0.0, 20, 
2019-12-08 11:09:13.162,271311016, 467.73801117644655, 3185439, 24.334884011973287, 173873, 0, 0.0, 20, 
2019-12-08 11:09:14.187,283401528, 467.73801117644655, 3185942, 24.334884011973287, 173902, 0, 0.0, 20, 
2019-12-08 11:09:15.215,295190712, 467.73801117644655, 3186438, 24.334884011973287, 173925, 0, 0.0, 20, 
2019-12-08 11:09:16.241,310876008, 468.01481651938053, 3186916, 24.48401045258017, 173949, 0, 0.0, 20, 
2019-12-08 11:09:17.272,324103536, 468.01481651938053, 3187391, 24.48401045258017, 173987, 0, 0.0, 20, 
2019-12-08 11:09:18.298,335932056, 468.01481651938053, 3187836, 24.48401045258017, 174024, 0, 0.0, 20, 
2019-12-08 11:09:19.327,349874312, 468.01481651938053, 3188345, 24.48401045258017, 174058, 0, 0.0, 20, 
2019-12-08 11:09:20.357,362754984, 468.01481651938053, 3188791, 24.48401045258017, 174081, 0, 0.0, 20, 
2019-12-08 11:09:21.386,374107080, 466.97420924608144, 3189259, 24.90905350866852, 174103, 0, 0.0, 20, 
2019-12-08 11:09:22.411,387832200, 466.97420924608144, 3189725, 24.90905350866852, 174133, 0, 0.0, 20, 
2019-12-08 11:09:23.44,400336968, 466.97420924608144, 3190200, 24.90905350866852, 174158, 0, 0.0, 20, 
2019-12-08 11:09:24.468,412374328, 466.97420924608144, 3190664, 24.90905350866852, 174190, 0, 0.0, 20, 
2019-12-08 11:09:25.501,143346288, 466.97420924608144, 3191114, 24.90905350866852, 174216, 0, 0.0, 20, 
2019-12-08 11:09:26.53,155337520, 465.76094646327385, 3191617, 25.07623635936169, 174232, 0, 0.0, 20, 
2019-12-08 11:09:27.558,168683656, 465.76094646327385, 3192111, 25.07623635936169, 174251, 0, 0.0, 20, 
2019-12-08 11:09:28.586,181233360, 465.76094646327385, 3192587, 25.07623635936169, 174278, 0, 0.0, 20, 
2019-12-08 11:09:29.613,193833288, 465.76094646327385, 3193041, 25.07623635936169, 174310, 0, 0.0, 20, 
2019-12-08 11:09:30.642,206858752, 465.76094646327385, 3193533, 25.07623635936169, 174335, 0, 0.0, 20, 
2019-12-08 11:09:31.672,220577120, 466.37173146048076, 3194014, 24.942211900029314, 174363, 0, 0.0, 20, 
2019-12-08 11:09:32.699,232261144, 466.37173146048076, 3194468, 24.942211900029314, 174384, 0, 0.0, 20, 
2019-12-08 11:09:33.725,244338616, 466.37173146048076, 3194905, 24.942211900029314, 174413, 0, 0.0, 20, 
2019-12-08 11:09:34.752,256526944, 466.37173146048076, 3195362, 24.942211900029314, 174435, 0, 0.0, 20, 
2019-12-08 11:09:35.777,270057216, 466.37173146048076, 3195832, 24.942211900029314, 174470, 0, 0.0, 20, 
2019-12-08 11:09:36.805,282263048, 464.50303099043174, 3196310, 25.01079684968647, 174497, 0, 0.0, 20, 
2019-12-08 11:09:37.834,294815360, 464.50303099043174, 3196780, 25.01079684968647, 174520, 0, 0.0, 20, 
2019-12-08 11:09:38.862,307802656, 464.50303099043174, 3197255, 25.01079684968647, 174546, 0, 0.0, 20, 
2019-12-08 11:09:39.888,322154552, 464.50303099043174, 3197722, 25.01079684968647, 174570, 0, 0.0, 20, 
2019-12-08 11:09:40.913,333192152, 464.50303099043174, 3198188, 25.01079684968647, 174597, 0, 0.0, 20, 
2019-12-08 11:09:41.939,347782168, 464.3828552677615, 3198679, 24.97795134710136, 174630, 0, 0.0, 20, 
2019-12-08 11:09:42.964,360327648, 464.3828552677615, 3199156, 24.97795134710136, 174652, 0, 0.0, 20, 
2019-12-08 11:09:43.99,374608816, 464.3828552677615, 3199661, 24.97795134710136, 174676, 0, 0.0, 20, 
2019-12-08 11:09:45.016,387787280, 464.3828552677615, 3200173, 24.97795134710136, 174705, 0, 0.0, 20, 
2019-12-08 11:09:46.042,401959040, 465.8074355044617, 3200666, 25.027687611272913, 174729, 0, 0.0, 20, 
2019-12-08 11:09:47.076,413645680, 465.8074355044617, 3201129, 25.027687611272913, 174758, 0, 0.0, 20, 
2019-12-08 11:09:48.1,143960096, 465.8074355044617, 3201621, 25.027687611272913, 174781, 0, 0.0, 20, 
2019-12-08 11:09:49.129,155380656, 465.8074355044617, 3202063, 25.027687611272913, 174815, 0, 0.0, 20, 
2019-12-08 11:09:50.154,167513720, 465.8074355044617, 3202543, 25.027687611272913, 174835, 0, 0.0, 20, 
2019-12-08 11:09:51.183,182904056, 465.4870186528673, 3203052, 25.07344718332848, 174862, 0, 0.0, 20, 
2019-12-08 11:09:52.208,195430184, 465.4870186528673, 3203528, 25.07344718332848, 174897, 0, 0.0, 20, 
2019-12-08 11:09:53.242,208635864, 465.4870186528673, 3204003, 25.07344718332848, 174923, 0, 0.0, 20, 
2019-12-08 11:09:54.271,222419864, 465.4870186528673, 3204508, 25.07344718332848, 174946, 0, 0.0, 20, 
2019-12-08 11:09:55.297,234394568, 465.4870186528673, 3205004, 25.07344718332848, 174977, 0, 0.0, 20, 
2019-12-08 11:09:56.323,247708824, 466.2156524109493, 3205468, 25.259468075681248, 174999, 0, 0.0, 20, 
2019-12-08 11:09:57.351,260736464, 466.2156524109493, 3205922, 25.259468075681248, 175021, 0, 0.0, 20, 
2019-12-08 11:09:58.378,272378472, 466.2156524109493, 3206420, 25.259468075681248, 175040, 0, 0.0, 20, 
2019-12-08 11:09:59.411,287391680, 466.2156524109493, 3206922, 25.259468075681248, 175067, 0, 0.0, 20, 
2019-12-08 11:10:00.437,298788912, 466.2156524109493, 3207368, 25.259468075681248, 175086, 0, 0.0, 20, 
2019-12-08 11:10:01.462,311583968, 465.41484505956265, 3207808, 25.03083763184139, 175115, 0, 0.0, 20, 
2019-12-08 11:10:02.489,324242576, 465.41484505956265, 3208278, 25.03083763184139, 175135, 0, 0.0, 20, 
2019-12-08 11:10:03.527,336266200, 465.41484505956265, 3208762, 25.03083763184139, 175162, 0, 0.0, 20, 
2019-12-08 11:10:04.554,348549632, 465.41484505956265, 3209214, 25.03083763184139, 175186, 0, 0.0, 20, 
2019-12-08 11:10:05.578,362275888, 465.41484505956265, 3209674, 25.03083763184139, 175208, 0, 0.0, 20, 
2019-12-08 11:10:06.606,374895712, 464.02243092868565, 3210124, 24.83647858604644, 175231, 0, 0.0, 20, 
2019-12-08 11:10:07.631,385734176, 464.02243092868565, 3210605, 24.83647858604644, 175251, 0, 0.0, 20, 
2019-12-08 11:10:08.655,401510256, 464.02243092868565, 3211103, 24.83647858604644, 175282, 0, 0.0, 20, 
2019-12-08 11:10:09.681,413107224, 464.02243092868565, 3211565, 24.83647858604644, 175313, 0, 0.0, 20, 
2019-12-08 11:10:10.708,144583416, 464.02243092868565, 3212006, 24.83647858604644, 175341, 0, 0.0, 20, 
2019-12-08 11:10:11.734,157152008, 463.44495723598334, 3212472, 24.897526387642145, 175369, 0, 0.0, 20, 
2019-12-08 11:10:12.759,169915008, 463.44495723598334, 3212935, 24.897526387642145, 175397, 0, 0.0, 20, 
2019-12-08 11:10:13.787,181892528, 463.44495723598334, 3213390, 24.897526387642145, 175423, 0, 0.0, 20, 
2019-12-08 11:10:14.813,194930432, 463.44495723598334, 3213872, 24.897526387642145, 175449, 0, 0.0, 20, 
2019-12-08 11:10:15.84,207412056, 463.44495723598334, 3214379, 24.897526387642145, 175470, 0, 0.0, 20, 
2019-12-08 11:10:16.875,221926688, 463.5852827075309, 3214878, 24.98567531067394, 175492, 0, 0.0, 20, 
2019-12-08 11:10:17.901,234104480, 463.5852827075309, 3215357, 24.98567531067394, 175515, 0, 0.0, 20, 
2019-12-08 11:10:18.927,247755416, 463.5852827075309, 3215832, 24.98567531067394, 175532, 0, 0.0, 20, 
2019-12-08 11:10:19.953,260703088, 463.5852827075309, 3216325, 24.98567531067394, 175558, 0, 0.0, 20, 
2019-12-08 11:10:20.983,272507392, 463.8583084275256, 3216783, 24.76294501055637, 175585, 0, 0.0, 20, 
2019-12-08 11:10:22.009,287297648, 463.8583084275256, 3217280, 24.76294501055637, 175608, 0, 0.0, 20, 
2019-12-08 11:10:23.038,298399624, 463.8583084275256, 3217726, 24.76294501055637, 175645, 0, 0.0, 20, 
2019-12-08 11:10:24.07,310776232, 463.8583084275256, 3218191, 24.76294501055637, 175674, 0, 0.0, 20, 
2019-12-08 11:10:25.101,325047584, 463.8583084275256, 3218685, 24.76294501055637, 175697, 0, 0.0, 20, 
2019-12-08 11:10:26.134,338376680, 463.98157527966384, 3219168, 24.877845583447183, 175719, 0, 0.0, 20, 
2019-12-08 11:10:27.158,350340904, 463.98157527966384, 3219652, 24.877845583447183, 175741, 0, 0.0, 20, 
2019-12-08 11:10:28.184,363149488, 463.98157527966384, 3220125, 24.877845583447183, 175765, 0, 0.0, 20, 
2019-12-08 11:10:29.209,376742992, 463.98157527966384, 3220636, 24.877845583447183, 175787, 0, 0.0, 20, 
2019-12-08 11:10:30.238,390045680, 463.98157527966384, 3221103, 24.877845583447183, 175813, 0, 0.0, 20, 
2019-12-08 11:10:31.264,403608440, 464.2868796633722, 3221591, 24.759683574735195, 175841, 0, 0.0, 20, 
2019-12-08 11:10:32.292,416090400, 464.2868796633722, 3222083, 24.759683574735195, 175863, 0, 0.0, 20, 
2019-12-08 11:10:33.316,144904760, 464.2868796633722, 3222527, 24.759683574735195, 175885, 0, 0.0, 20, 
2019-12-08 11:10:34.345,157121936, 464.2868796633722, 3222987, 24.759683574735195, 175902, 0, 0.0, 20, 
2019-12-08 11:10:35.369,169026568, 464.2868796633722, 3223476, 24.759683574735195, 175926, 0, 0.0, 20, 
2019-12-08 11:10:36.394,185300728, 463.8001996368064, 3223945, 24.50704922493113, 175954, 0, 0.0, 20, 
2019-12-08 11:10:37.419,198107896, 463.8001996368064, 3224411, 24.50704922493113, 175983, 0, 0.0, 20, 
2019-12-08 11:10:38.445,209808584, 463.8001996368064, 3224891, 24.50704922493113, 176002, 0, 0.0, 20, 
2019-12-08 11:10:39.471,222617960, 463.8001996368064, 3225350, 24.50704922493113, 176033, 0, 0.0, 20, 
2019-12-08 11:10:40.495,234940736, 463.8001996368064, 3225794, 24.50704922493113, 176062, 0, 0.0, 20, 
2019-12-08 11:10:41.518,262800344, 463.17653010883737, 3226281, 24.738356797600314, 176090, 0, 0.0, 20, 
2019-12-08 11:10:42.546,274758640, 463.17653010883737, 3226758, 24.738356797600314, 176117, 0, 0.0, 20, 
2019-12-08 11:10:43.57,288085960, 463.17653010883737, 3227237, 24.738356797600314, 176132, 0, 0.0, 20, 
2019-12-08 11:10:44.596,301061176, 463.17653010883737, 3227716, 24.738356797600314, 176155, 0, 0.0, 20, 
2019-12-08 11:10:45.621,314115992, 463.17653010883737, 3228192, 24.738356797600314, 176190, 0, 0.0, 20, 
2019-12-08 11:10:46.645,327331360, 463.38629117968765, 3228659, 24.663329930561627, 176215, 0, 0.0, 20, 
2019-12-08 11:10:47.675,340131568, 463.38629117968765, 3229135, 24.663329930561627, 176234, 0, 0.0, 20, 
2019-12-08 11:10:48.707,353401456, 463.38629117968765, 3229632, 24.663329930561627, 176258, 0, 0.0, 20, 
2019-12-08 11:10:49.733,364494280, 463.38629117968765, 3230075, 24.663329930561627, 176285, 0, 0.0, 20, 
2019-12-08 11:10:50.759,378313984, 463.38629117968765, 3230558, 24.663329930561627, 176312, 0, 0.0, 20, 
2019-12-08 11:10:51.796,390837288, 463.1954938715508, 3231017, 24.610292997669685, 176345, 0, 0.0, 20, 
2019-12-08 11:10:52.82,404584928, 463.1954938715508, 3231530, 24.610292997669685, 176375, 0, 0.0, 20, 
2019-12-08 11:10:53.847,417636288, 463.1954938715508, 3232010, 24.610292997669685, 176409, 0, 0.0, 20, 
2019-12-08 11:10:54.875,148204520, 463.1954938715508, 3232478, 24.610292997669685, 176433, 0, 0.0, 20, 
2019-12-08 11:10:55.9,160250080, 463.1954938715508, 3232971, 24.610292997669685, 176450, 0, 0.0, 20, 
2019-12-08 11:10:56.926,174705840, 463.7075699080611, 3233456, 24.785372302831274, 176472, 0, 0.0, 20, 
2019-12-08 11:10:57.951,186290352, 463.7075699080611, 3233923, 24.785372302831274, 176490, 0, 0.0, 20, 
2019-12-08 11:10:58.99,200386896, 463.7075699080611, 3234390, 24.785372302831274, 176519, 0, 0.0, 20, 
2019-12-08 11:11:00.015,212864744, 463.7075699080611, 3234871, 24.785372302831274, 176538, 0, 0.0, 20, 
2019-12-08 11:11:01.047,226118024, 463.58703127357484, 3235357, 24.65861293232794, 176567, 0, 0.0, 20, 
2019-12-08 11:11:02.071,239367024, 463.58703127357484, 3235827, 24.65861293232794, 176595, 0, 0.0, 20, 
2019-12-08 11:11:03.112,241085792, 463.58703127357484, 3235847, 24.65861293232794, 176596, 0, 0.0, 20, 
2019-12-08 11:11:04.15,241870560, 463.58703127357484, 3235847, 24.65861293232794, 176596, 0, 0.0, 20, 
2019-12-08 11:11:05.178,242868048, 463.58703127357484, 3235847, 24.65861293232794, 176596, 0, 0.0, 20, 
