Timestamp, MemoryUsed, ReadLatency1, ReadCount, WriteLatency1, WriteCount, PendingTasks, WaitingOnCommit1, SRDelay, 
2019-12-08 11:02:44.447,153264672, 27.71352915423244, 3086863, 4.763558961099213, 169904, 0, 0.0, 20, 
2019-12-08 11:02:45.5,160773272, 27.71352915423244, 3087104, 4.763558961099213, 169920, 0, 0.0, 20, 
2019-12-08 11:02:46.586,168067656, 37.49101551361998, 3087409, 5.054312733030478, 169935, 0, 0.0, 20, 
2019-12-08 11:02:47.96,179314528, 37.49101551361998, 3087780, 5.054312733030478, 169950, 0, 0.0, 20, 
2019-12-08 11:02:49.004,188845552, 37.49101551361998, 3088225, 5.054312733030478, 169967, 0, 0.0, 20, 
2019-12-08 11:02:50.04,204398400, 37.49101551361998, 3088950, 5.054312733030478, 169999, 0, 0.0, 20, 
2019-12-08 11:02:51.071,219726400, 37.49101551361998, 3089698, 5.054312733030478, 170033, 0, 0.0, 20, 
2019-12-08 11:02:52.104,235319368, 74.47119210742572, 3090422, 6.409215077969448, 170066, 0, 0.0, 20, 
2019-12-08 11:02:53.136,251300264, 74.47119210742572, 3091171, 6.409215077969448, 170107, 0, 0.0, 20, 
2019-12-08 11:02:54.165,265447152, 74.47119210742572, 3091886, 6.409215077969448, 170137, 0, 0.0, 20, 
2019-12-08 11:02:55.203,280851152, 74.47119210742572, 3092654, 6.409215077969448, 170178, 0, 0.0, 20, 
2019-12-08 11:02:56.232,297847600, 74.47119210742572, 3093401, 6.409215077969448, 170214, 0, 0.0, 20, 
2019-12-08 11:02:57.263,313257288, 126.14879028440815, 3094168, 8.69520802261752, 170248, 0, 0.0, 20, 
2019-12-08 11:02:58.357,329333048, 126.14879028440815, 3094912, 8.69520802261752, 170288, 0, 0.0, 20, 
2019-12-08 11:02:59.388,344081728, 126.14879028440815, 3095646, 8.69520802261752, 170333, 0, 0.0, 20, 
2019-12-08 11:03:00.422,359858584, 126.14879028440815, 3096371, 8.69520802261752, 170375, 0, 0.0, 20, 
2019-12-08 11:03:01.45,375242656, 173.0868133997822, 3097131, 11.054280936409182, 170411, 0, 0.0, 20, 
2019-12-08 11:03:02.475,391373376, 173.0868133997822, 3097890, 11.054280936409182, 170462, 0, 0.0, 20, 
2019-12-08 11:03:03.528,409463888, 173.0868133997822, 3098754, 11.054280936409182, 170508, 0, 0.0, 20, 
2019-12-08 11:03:04.56,143219048, 173.0868133997822, 3099618, 11.054280936409182, 170546, 0, 0.0, 20, 
2019-12-08 11:03:05.585,161059536, 173.0868133997822, 3100526, 11.054280936409182, 170599, 0, 0.0, 20, 
2019-12-08 11:03:06.616,179298208, 225.67465624041571, 3101431, 13.800413009115395, 170647, 0, 0.0, 20, 
2019-12-08 11:03:07.739,196646376, 225.67465624041571, 3102282, 13.800413009115395, 170695, 0, 0.0, 20, 
2019-12-08 11:03:08.765,214083264, 225.67465624041571, 3103170, 13.800413009115395, 170745, 0, 0.0, 20, 
2019-12-08 11:03:09.789,232822008, 225.67465624041571, 3104068, 13.800413009115395, 170796, 0, 0.0, 20, 
2019-12-08 11:03:10.814,251837816, 225.67465624041571, 3104916, 13.800413009115395, 170846, 0, 0.0, 20, 
2019-12-08 11:03:11.839,269018488, 273.99384285504874, 3105783, 16.422923186888006, 170889, 0, 0.0, 20, 
2019-12-08 11:03:12.862,286304464, 273.99384285504874, 3106663, 16.422923186888006, 170939, 0, 0.0, 20, 
2019-12-08 11:03:13.888,305684056, 273.99384285504874, 3107603, 16.422923186888006, 170990, 0, 0.0, 20, 
2019-12-08 11:03:14.911,323237784, 273.99384285504874, 3108544, 16.422923186888006, 171039, 0, 0.0, 20, 
2019-12-08 11:03:15.935,343469472, 273.99384285504874, 3109509, 16.422923186888006, 171094, 0, 0.0, 20, 
2019-12-08 11:03:16.965,362525248, 324.4942828732969, 3110483, 19.123589135590684, 171148, 0, 0.0, 20, 
2019-12-08 11:03:17.997,378611120, 324.4942828732969, 3111380, 19.123589135590684, 171186, 0, 0.0, 20, 
2019-12-08 11:03:19.037,397958376, 324.4942828732969, 3112382, 19.123589135590684, 171227, 0, 0.0, 20, 
2019-12-08 11:03:20.061,136473536, 324.4942828732969, 3113424, 19.123589135590684, 171279, 0, 0.0, 20, 
2019-12-08 11:03:21.084,157193496, 324.4942828732969, 3114492, 19.123589135590684, 171325, 0, 0.0, 20, 
2019-12-08 11:03:22.109,178032856, 376.4578749219119, 3115590, 21.016650425731182, 171384, 0, 0.0, 20, 
2019-12-08 11:03:23.139,199096896, 376.4578749219119, 3116674, 21.016650425731182, 171453, 0, 0.0, 20, 
2019-12-08 11:03:24.164,219536072, 376.4578749219119, 3117825, 21.016650425731182, 171499, 0, 0.0, 20, 
2019-12-08 11:03:25.187,242164744, 376.4578749219119, 3118976, 21.016650425731182, 171559, 0, 0.0, 20, 
2019-12-08 11:03:26.208,265344144, 376.4578749219119, 3120251, 21.016650425731182, 171606, 0, 0.0, 20, 
2019-12-08 11:03:27.231,288457696, 436.35597205836314, 3121464, 23.765791267946454, 171663, 0, 0.0, 20, 
2019-12-08 11:03:28.264,308988680, 436.35597205836314, 3122551, 23.765791267946454, 171720, 0, 0.0, 20, 
2019-12-08 11:03:29.287,331603408, 436.35597205836314, 3123817, 23.765791267946454, 171776, 0, 0.0, 20, 
2019-12-08 11:03:30.316,354451928, 436.35597205836314, 3125027, 23.765791267946454, 171844, 0, 0.0, 20, 
2019-12-08 11:03:31.34,377442520, 494.0714338587638, 3126196, 26.247149593633562, 171886, 0, 0.0, 20, 
2019-12-08 11:03:32.364,400848960, 494.0714338587638, 3127457, 26.247149593633562, 171939, 0, 0.0, 20, 
2019-12-08 11:03:33.392,139689544, 494.0714338587638, 3128661, 26.247149593633562, 172007, 0, 0.0, 20, 
2019-12-08 11:03:34.416,162829264, 494.0714338587638, 3129885, 26.247149593633562, 172065, 0, 0.0, 20, 
2019-12-08 11:03:35.438,186833968, 494.0714338587638, 3131224, 26.247149593633562, 172125, 0, 0.0, 20, 
2019-12-08 11:03:36.461,208600296, 550.8501790530256, 3132379, 28.722002866765582, 172183, 0, 0.0, 20, 
2019-12-08 11:03:37.486,233413144, 550.8501790530256, 3133773, 28.722002866765582, 172260, 0, 0.0, 20, 
2019-12-08 11:03:38.509,257233848, 550.8501790530256, 3135070, 28.722002866765582, 172328, 0, 0.0, 20, 
2019-12-08 11:03:39.535,282056936, 550.8501790530256, 3136345, 28.722002866765582, 172406, 0, 0.0, 20, 
2019-12-08 11:03:40.56,306012368, 550.8501790530256, 3137693, 28.722002866765582, 172483, 0, 0.0, 20, 
2019-12-08 11:03:41.587,328064552, 608.0304016145757, 3138794, 32.214302695372076, 172539, 0, 0.0, 20, 
2019-12-08 11:03:42.616,345723328, 608.0304016145757, 3139790, 32.214302695372076, 172581, 0, 0.0, 20, 
2019-12-08 11:03:43.659,357519272, 608.0304016145757, 3140309, 32.214302695372076, 172611, 0, 0.0, 20, 
2019-12-08 11:03:44.692,367792568, 608.0304016145757, 3140789, 32.214302695372076, 172638, 0, 0.0, 20, 
2019-12-08 11:03:45.719,379160904, 608.0304016145757, 3141305, 32.214302695372076, 172667, 0, 0.0, 20, 
2019-12-08 11:03:46.746,389190896, 608.8755000406152, 3141769, 32.10122129547227, 172698, 0, 0.0, 20, 
2019-12-08 11:03:47.785,401041152, 608.8755000406152, 3142303, 32.10122129547227, 172724, 0, 0.0, 20, 
2019-12-08 11:03:48.844,412731944, 608.8755000406152, 3142795, 32.10122129547227, 172749, 0, 0.0, 20, 
2019-12-08 11:03:49.882,141693848, 608.8755000406152, 3143285, 32.10122129547227, 172780, 0, 0.0, 20, 
2019-12-08 11:03:50.912,151408344, 608.8755000406152, 3143781, 32.10122129547227, 172802, 0, 0.0, 20, 
2019-12-08 11:03:51.943,162318384, 598.7470862827446, 3144309, 31.54943010702021, 172823, 0, 0.0, 20, 
2019-12-08 11:03:52.985,189595752, 598.7470862827446, 3144822, 31.54943010702021, 172851, 0, 0.0, 20, 
2019-12-08 11:03:54.034,213261984, 598.7470862827446, 3145299, 31.54943010702021, 172878, 0, 0.0, 20, 
2019-12-08 11:03:55.068,240178688, 598.7470862827446, 3145770, 31.54943010702021, 172915, 0, 0.0, 20, 
2019-12-08 11:03:56.093,254757560, 598.7470862827446, 3146260, 31.54943010702021, 172943, 0, 0.0, 20, 
2019-12-08 11:03:57.127,267282488, 589.0287178489076, 3146720, 31.265633345081106, 172975, 0, 0.0, 20, 
2019-12-08 11:03:58.156,281930024, 589.0287178489076, 3147224, 31.265633345081106, 173008, 0, 0.0, 20, 
2019-12-08 11:03:59.189,294567816, 589.0287178489076, 3147722, 31.265633345081106, 173034, 0, 0.0, 20, 
2019-12-08 11:04:00.232,306740152, 589.0287178489076, 3148213, 31.265633345081106, 173070, 0, 0.0, 20, 
2019-12-08 11:04:01.259,320844784, 580.0394139008235, 3148727, 31.100474421813956, 173095, 0, 0.0, 20, 
2019-12-08 11:04:02.304,334399024, 580.0394139008235, 3149223, 31.100474421813956, 173128, 0, 0.0, 20, 
2019-12-08 11:04:03.335,346931072, 580.0394139008235, 3149700, 31.100474421813956, 173159, 0, 0.0, 20, 
2019-12-08 11:04:04.371,358988856, 580.0394139008235, 3150212, 31.100474421813956, 173178, 0, 0.0, 20, 
2019-12-08 11:04:05.408,372063648, 580.0394139008235, 3150694, 31.100474421813956, 173211, 0, 0.0, 20, 
2019-12-08 11:04:06.448,384335152, 571.6409260753904, 3151178, 30.724645237897928, 173228, 0, 0.0, 20, 
2019-12-08 11:04:07.48,398548024, 571.6409260753904, 3151674, 30.724645237897928, 173258, 0, 0.0, 20, 
2019-12-08 11:04:08.508,411625592, 571.6409260753904, 3152190, 30.724645237897928, 173279, 0, 0.0, 20, 
2019-12-08 11:04:09.538,141913592, 571.6409260753904, 3152677, 30.724645237897928, 173307, 0, 0.0, 20, 
2019-12-08 11:04:10.571,155173184, 571.6409260753904, 3153192, 30.724645237897928, 173335, 0, 0.0, 20, 
2019-12-08 11:04:11.603,168134112, 565.1132780408285, 3153717, 30.26692787686234, 173364, 0, 0.0, 20, 
2019-12-08 11:04:12.643,182334432, 565.1132780408285, 3154232, 30.26692787686234, 173384, 0, 0.0, 20, 
2019-12-08 11:04:13.672,195377712, 565.1132780408285, 3154730, 30.26692787686234, 173413, 0, 0.0, 20, 
2019-12-08 11:04:14.704,206370832, 565.1132780408285, 3155189, 30.26692787686234, 173434, 0, 0.0, 20, 
2019-12-08 11:04:15.73,220529488, 565.1132780408285, 3155680, 30.26692787686234, 173456, 0, 0.0, 20, 
2019-12-08 11:04:16.757,233925736, 558.0521381990707, 3156181, 29.701887521695458, 173477, 0, 0.0, 20, 
2019-12-08 11:04:17.786,246569424, 558.0521381990707, 3156702, 29.701887521695458, 173508, 0, 0.0, 20, 
2019-12-08 11:04:18.813,260260992, 558.0521381990707, 3157210, 29.701887521695458, 173532, 0, 0.0, 20, 
2019-12-08 11:04:19.844,274402448, 558.0521381990707, 3157708, 29.701887521695458, 173560, 0, 0.0, 20, 
2019-12-08 11:04:20.872,285251536, 558.0521381990707, 3158185, 29.701887521695458, 173588, 0, 0.0, 20, 
2019-12-08 11:04:21.906,298926320, 552.7868919414533, 3158683, 29.42189205499603, 173611, 0, 0.0, 20, 
2019-12-08 11:04:22.989,313064096, 552.7868919414533, 3159218, 29.42189205499603, 173632, 0, 0.0, 20, 
2019-12-08 11:04:24.023,325635824, 552.7868919414533, 3159714, 29.42189205499603, 173654, 0, 0.0, 20, 
2019-12-08 11:04:25.053,339074368, 552.7868919414533, 3160191, 29.42189205499603, 173683, 0, 0.0, 20, 
2019-12-08 11:04:26.087,352508368, 552.7868919414533, 3160707, 29.42189205499603, 173702, 0, 0.0, 20, 
2019-12-08 11:04:27.122,365633664, 547.0471289743328, 3161218, 28.74851474581017, 173725, 0, 0.0, 20, 
2019-12-08 11:04:28.149,380236984, 547.0471289743328, 3161726, 28.74851474581017, 173752, 0, 0.0, 20, 
2019-12-08 11:04:29.18,393762232, 547.0471289743328, 3162254, 28.74851474581017, 173783, 0, 0.0, 20, 
2019-12-08 11:04:30.21,405263488, 547.0471289743328, 3162727, 28.74851474581017, 173807, 0, 0.0, 20, 
2019-12-08 11:04:31.24,135202072, 547.0471289743328, 3163234, 28.74851474581017, 173834, 0, 0.0, 20, 
2019-12-08 11:04:32.271,150061792, 542.4379190322512, 3163731, 28.52875564040898, 173860, 0, 0.0, 20, 
2019-12-08 11:04:33.298,163192920, 542.4379190322512, 3164248, 28.52875564040898, 173887, 0, 0.0, 20, 
2019-12-08 11:04:34.326,176442528, 542.4379190322512, 3164763, 28.52875564040898, 173918, 0, 0.0, 20, 
2019-12-08 11:04:35.36,189820656, 542.4379190322512, 3165251, 28.52875564040898, 173944, 0, 0.0, 20, 
2019-12-08 11:04:36.387,201981688, 538.1172855838142, 3165738, 28.50246979073617, 173979, 0, 0.0, 20, 
2019-12-08 11:04:37.416,216469568, 538.1172855838142, 3166252, 28.50246979073617, 174005, 0, 0.0, 20, 
2019-12-08 11:04:38.445,230332328, 538.1172855838142, 3166753, 28.50246979073617, 174031, 0, 0.0, 20, 
2019-12-08 11:04:39.476,243359104, 538.1172855838142, 3167261, 28.50246979073617, 174063, 0, 0.0, 20, 
2019-12-08 11:04:40.505,256282888, 538.1172855838142, 3167737, 28.50246979073617, 174092, 0, 0.0, 20, 
2019-12-08 11:04:41.537,269045760, 533.5344484631022, 3168224, 28.52625899278332, 174124, 0, 0.0, 20, 
2019-12-08 11:04:42.568,280790200, 533.5344484631022, 3168724, 28.52625899278332, 174146, 0, 0.0, 20, 
2019-12-08 11:04:43.605,295919768, 533.5344484631022, 3169264, 28.52625899278332, 174166, 0, 0.0, 20, 
2019-12-08 11:04:44.635,310117280, 533.5344484631022, 3169751, 28.52625899278332, 174191, 0, 0.0, 20, 
2019-12-08 11:04:45.675,323870928, 533.5344484631022, 3170240, 28.52625899278332, 174217, 0, 0.0, 20, 
2019-12-08 11:04:46.71,336951656, 529.6858304597401, 3170723, 28.1003948371795, 174241, 0, 0.0, 20, 
2019-12-08 11:04:47.737,349125712, 529.6858304597401, 3171206, 28.1003948371795, 174269, 0, 0.0, 20, 
2019-12-08 11:04:48.762,361987008, 529.6858304597401, 3171675, 28.1003948371795, 174298, 0, 0.0, 20, 
2019-12-08 11:04:49.794,375157368, 529.6858304597401, 3172192, 28.1003948371795, 174320, 0, 0.0, 20, 
2019-12-08 11:04:50.823,387421976, 529.6858304597401, 3172638, 28.1003948371795, 174343, 0, 0.0, 20, 
2019-12-08 11:04:51.853,402436456, 524.8016771274778, 3173171, 27.70858089942537, 174369, 0, 0.0, 20, 
2019-12-08 11:04:52.882,414825168, 524.8016771274778, 3173645, 27.70858089942537, 174398, 0, 0.0, 20, 
2019-12-08 11:04:53.909,145579024, 524.8016771274778, 3174133, 27.70858089942537, 174426, 0, 0.0, 20, 
2019-12-08 11:04:54.935,157612672, 524.8016771274778, 3174607, 27.70858089942537, 174456, 0, 0.0, 20, 
2019-12-08 11:04:55.971,170894400, 524.8016771274778, 3175104, 27.70858089942537, 174482, 0, 0.0, 20, 
2019-12-08 11:04:56.997,184950632, 520.9796660510502, 3175619, 27.683908132977606, 174508, 0, 0.0, 20, 
2019-12-08 11:04:58.034,198722936, 520.9796660510502, 3176113, 27.683908132977606, 174530, 0, 0.0, 20, 
2019-12-08 11:04:59.063,210347240, 520.9796660510502, 3176593, 27.683908132977606, 174555, 0, 0.0, 20, 
2019-12-08 11:05:00.089,223544696, 520.9796660510502, 3177060, 27.683908132977606, 174580, 0, 0.0, 20, 
2019-12-08 11:05:01.113,237307880, 520.9796660510502, 3177597, 27.683908132977606, 174596, 0, 0.0, 20, 
2019-12-08 11:05:02.143,250229752, 518.086899673423, 3178122, 27.22944793101223, 174617, 0, 0.0, 20, 
2019-12-08 11:05:03.171,265471648, 518.086899673423, 3178634, 27.22944793101223, 174648, 0, 0.0, 20, 
2019-12-08 11:05:04.203,277243728, 518.086899673423, 3179134, 27.22944793101223, 174676, 0, 0.0, 20, 
2019-12-08 11:05:05.231,292185584, 518.086899673423, 3179660, 27.22944793101223, 174700, 0, 0.0, 20, 
2019-12-08 11:05:06.259,306092280, 516.8166533103092, 3180188, 27.051191116634705, 174723, 0, 0.0, 20, 
2019-12-08 11:05:07.286,317615256, 516.8166533103092, 3180664, 27.051191116634705, 174756, 0, 0.0, 20, 
2019-12-08 11:05:08.313,332345696, 516.8166533103092, 3181160, 27.051191116634705, 174782, 0, 0.0, 20, 
2019-12-08 11:05:09.341,344170592, 516.8166533103092, 3181634, 27.051191116634705, 174809, 0, 0.0, 20, 
2019-12-08 11:05:10.372,356733392, 516.8166533103092, 3182105, 27.051191116634705, 174836, 0, 0.0, 20, 
2019-12-08 11:05:11.402,370134128, 513.1853382093062, 3182578, 26.98313363264186, 174860, 0, 0.0, 20, 
2019-12-08 11:05:12.434,384301936, 513.1853382093062, 3183094, 26.98313363264186, 174880, 0, 0.0, 20, 
2019-12-08 11:05:13.461,397799744, 513.1853382093062, 3183618, 26.98313363264186, 174914, 0, 0.0, 20, 
2019-12-08 11:05:14.488,410664248, 513.1853382093062, 3184133, 26.98313363264186, 174943, 0, 0.0, 20, 
2019-12-08 11:05:15.513,141056688, 513.1853382093062, 3184625, 26.98313363264186, 174970, 0, 0.0, 20, 
2019-12-08 11:05:16.542,152325872, 511.0596919305038, 3185082, 27.016464427065323, 174997, 0, 0.0, 20, 
2019-12-08 11:05:17.567,166362064, 511.0596919305038, 3185553, 27.016464427065323, 175032, 0, 0.0, 20, 
2019-12-08 11:05:18.596,179925792, 511.0596919305038, 3186047, 27.016464427065323, 175061, 0, 0.0, 20, 
2019-12-08 11:05:19.628,193369312, 511.0596919305038, 3186568, 27.016464427065323, 175086, 0, 0.0, 20, 
2019-12-08 11:05:20.657,206045304, 511.0596919305038, 3187030, 27.016464427065323, 175113, 0, 0.0, 20, 
2019-12-08 11:05:21.688,219354240, 507.7287668758383, 3187512, 27.06312135538393, 175141, 0, 0.0, 20, 
2019-12-08 11:05:22.718,230730144, 507.7287668758383, 3187964, 27.06312135538393, 175173, 0, 0.0, 20, 
2019-12-08 11:05:23.745,245255360, 507.7287668758383, 3188433, 27.06312135538393, 175200, 0, 0.0, 20, 
2019-12-08 11:05:24.771,257641592, 507.7287668758383, 3188954, 27.06312135538393, 175226, 0, 0.0, 20, 
2019-12-08 11:05:25.814,271974512, 507.7287668758383, 3189484, 27.06312135538393, 175254, 0, 0.0, 20, 
2019-12-08 11:05:26.849,285212608, 505.38376815208056, 3189991, 27.05807445046482, 175286, 0, 0.0, 20, 
2019-12-08 11:05:27.88,298192352, 505.38376815208056, 3190480, 27.05807445046482, 175324, 0, 0.0, 20, 
2019-12-08 11:05:28.914,311268568, 505.38376815208056, 3190977, 27.05807445046482, 175350, 0, 0.0, 20, 
2019-12-08 11:05:29.948,325087264, 505.38376815208056, 3191490, 27.05807445046482, 175382, 0, 0.0, 20, 
2019-12-08 11:05:30.975,339082856, 505.38376815208056, 3192000, 27.05807445046482, 175414, 0, 0.0, 20, 
2019-12-08 11:05:32.009,352582824, 503.88190097401394, 3192513, 27.37325341526553, 175438, 0, 0.0, 20, 
2019-12-08 11:05:33.045,364799392, 503.88190097401394, 3192969, 27.37325341526553, 175464, 0, 0.0, 20, 
2019-12-08 11:05:34.077,377434160, 503.88190097401394, 3193483, 27.37325341526553, 175488, 0, 0.0, 20, 
2019-12-08 11:05:35.107,391587784, 503.88190097401394, 3193982, 27.37325341526553, 175507, 0, 0.0, 20, 
2019-12-08 11:05:36.139,405836760, 503.88190097401394, 3194489, 27.37325341526553, 175541, 0, 0.0, 20, 
2019-12-08 11:05:37.177,136778576, 502.2282674750583, 3195018, 27.151516315066743, 175559, 0, 0.0, 20, 
2019-12-08 11:05:38.207,149144720, 502.2282674750583, 3195539, 27.151516315066743, 175586, 0, 0.0, 20, 
2019-12-08 11:05:39.232,162444424, 502.2282674750583, 3196058, 27.151516315066743, 175620, 0, 0.0, 20, 
2019-12-08 11:05:40.271,177139528, 502.2282674750583, 3196554, 27.151516315066743, 175641, 0, 0.0, 20, 
2019-12-08 11:05:41.296,188827096, 501.9541583422828, 3197071, 27.01147280280929, 175670, 0, 0.0, 20, 
2019-12-08 11:05:42.322,203275480, 501.9541583422828, 3197593, 27.01147280280929, 175692, 0, 0.0, 20, 
2019-12-08 11:05:43.349,217701672, 501.9541583422828, 3198110, 27.01147280280929, 175711, 0, 0.0, 20, 
2019-12-08 11:05:44.384,230730664, 501.9541583422828, 3198614, 27.01147280280929, 175736, 0, 0.0, 20, 
2019-12-08 11:05:45.414,244429632, 501.9541583422828, 3199130, 27.01147280280929, 175768, 0, 0.0, 20, 
2019-12-08 11:05:46.446,271163480, 501.3661523071169, 3199636, 26.690733146662126, 175790, 0, 0.0, 20, 
2019-12-08 11:05:47.479,285530008, 501.3661523071169, 3200136, 26.690733146662126, 175815, 0, 0.0, 20, 
2019-12-08 11:05:48.509,300513832, 501.3661523071169, 3200675, 26.690733146662126, 175840, 0, 0.0, 20, 
2019-12-08 11:05:49.539,312109456, 501.3661523071169, 3201132, 26.690733146662126, 175868, 0, 0.0, 20, 
2019-12-08 11:05:50.573,326694736, 501.3661523071169, 3201650, 26.690733146662126, 175893, 0, 0.0, 20, 
2019-12-08 11:05:51.598,338451040, 500.9530895752873, 3202152, 26.603522939437557, 175915, 0, 0.0, 20, 
2019-12-08 11:05:52.626,352345600, 500.9530895752873, 3202624, 26.603522939437557, 175950, 0, 0.0, 20, 
2019-12-08 11:05:53.655,364124656, 500.9530895752873, 3203090, 26.603522939437557, 175968, 0, 0.0, 20, 
2019-12-08 11:05:54.683,377291808, 500.9530895752873, 3203564, 26.603522939437557, 175995, 0, 0.0, 20, 
2019-12-08 11:05:55.709,390952416, 500.9530895752873, 3204063, 26.603522939437557, 176021, 0, 0.0, 20, 
2019-12-08 11:05:56.737,403130480, 498.38227047681943, 3204543, 26.427338972937115, 176053, 0, 0.0, 20, 
2019-12-08 11:05:57.765,417456320, 498.38227047681943, 3205025, 26.427338972937115, 176080, 0, 0.0, 20, 
2019-12-08 11:05:58.794,147841656, 498.38227047681943, 3205506, 26.427338972937115, 176104, 0, 0.0, 20, 
2019-12-08 11:05:59.824,159176088, 498.38227047681943, 3205979, 26.427338972937115, 176124, 0, 0.0, 20, 
2019-12-08 11:06:00.85,172332464, 498.38227047681943, 3206449, 26.427338972937115, 176144, 0, 0.0, 20, 
2019-12-08 11:06:01.886,185557960, 495.08951793395175, 3206943, 26.29722413275941, 176174, 0, 0.0, 20, 
2019-12-08 11:06:02.915,198962232, 495.08951793395175, 3207436, 26.29722413275941, 176202, 0, 0.0, 20, 
2019-12-08 11:06:03.942,212903288, 495.08951793395175, 3207941, 26.29722413275941, 176226, 0, 0.0, 20, 
2019-12-08 11:06:04.97,225984152, 495.08951793395175, 3208435, 26.29722413275941, 176245, 0, 0.0, 20, 
2019-12-08 11:06:06.003,238552648, 495.08951793395175, 3208911, 26.29722413275941, 176266, 0, 0.0, 20, 
2019-12-08 11:06:07.03,251184768, 494.0589289823968, 3209396, 26.00161041297804, 176296, 0, 0.0, 20, 
2019-12-08 11:06:08.055,264301096, 494.0589289823968, 3209933, 26.00161041297804, 176318, 0, 0.0, 20, 
2019-12-08 11:06:09.084,279040328, 494.0589289823968, 3210435, 26.00161041297804, 176343, 0, 0.0, 20, 
2019-12-08 11:06:10.119,291113640, 494.0589289823968, 3210892, 26.00161041297804, 176373, 0, 0.0, 20, 
2019-12-08 11:06:11.146,304897848, 494.0589289823968, 3211384, 26.00161041297804, 176404, 0, 0.0, 20, 
2019-12-08 11:06:12.171,318213152, 492.88686573470204, 3211876, 26.0974283539105, 176428, 0, 0.0, 20, 
2019-12-08 11:06:13.201,330527184, 492.88686573470204, 3212364, 26.0974283539105, 176455, 0, 0.0, 20, 
2019-12-08 11:06:14.229,342839136, 492.88686573470204, 3212844, 26.0974283539105, 176482, 0, 0.0, 20, 
2019-12-08 11:06:15.263,357648960, 492.88686573470204, 3213314, 26.0974283539105, 176508, 0, 0.0, 20, 
2019-12-08 11:06:16.289,370735232, 491.3607642119925, 3213829, 26.025673944545346, 176534, 0, 0.0, 20, 
2019-12-08 11:06:17.317,383864656, 491.3607642119925, 3214316, 26.025673944545346, 176546, 0, 0.0, 20, 
2019-12-08 11:06:18.343,395884544, 491.3607642119925, 3214769, 26.025673944545346, 176574, 0, 0.0, 20, 
2019-12-08 11:06:19.369,409357160, 491.3607642119925, 3215270, 26.025673944545346, 176616, 0, 0.0, 20, 
2019-12-08 11:06:20.397,142703144, 491.3607642119925, 3215794, 26.025673944545346, 176646, 0, 0.0, 20, 
2019-12-08 11:06:21.421,154971592, 490.21254090305234, 3216274, 26.15155010587353, 176676, 0, 0.0, 20, 
2019-12-08 11:06:22.448,167781472, 490.21254090305234, 3216757, 26.15155010587353, 176699, 0, 0.0, 20, 
2019-12-08 11:06:23.474,180095592, 490.21254090305234, 3217230, 26.15155010587353, 176721, 0, 0.0, 20, 
2019-12-08 11:06:24.499,194829104, 490.21254090305234, 3217686, 26.15155010587353, 176743, 0, 0.0, 20, 
2019-12-08 11:06:25.531,207038832, 490.21254090305234, 3218192, 26.15155010587353, 176768, 0, 0.0, 20, 
2019-12-08 11:06:26.577,220541824, 488.9322488218769, 3218703, 25.85159272111099, 176791, 0, 0.0, 20, 
2019-12-08 11:06:27.603,233574472, 488.9322488218769, 3219196, 25.85159272111099, 176814, 0, 0.0, 20, 
2019-12-08 11:06:28.694,246492552, 488.9322488218769, 3219672, 25.85159272111099, 176853, 0, 0.0, 20, 
2019-12-08 11:06:29.719,261548552, 488.9322488218769, 3220238, 25.85159272111099, 176875, 0, 0.0, 20, 
2019-12-08 11:06:30.75,274623640, 488.9322488218769, 3220712, 25.85159272111099, 176893, 0, 0.0, 20, 
2019-12-08 11:06:31.774,287369584, 487.9142344142386, 3221207, 25.783503126597154, 176914, 0, 0.0, 20, 
2019-12-08 11:06:32.804,302780728, 487.9142344142386, 3221708, 25.783503126597154, 176932, 0, 0.0, 20, 
2019-12-08 11:06:33.829,317030112, 487.9142344142386, 3222200, 25.783503126597154, 176957, 0, 0.0, 20, 
2019-12-08 11:06:34.865,330861664, 487.9142344142386, 3222726, 25.783503126597154, 176986, 0, 0.0, 20, 
2019-12-08 11:06:35.908,342995200, 487.9142344142386, 3223206, 25.783503126597154, 177007, 0, 0.0, 20, 
2019-12-08 11:06:36.934,356730912, 488.32086977870625, 3223741, 25.576937621803104, 177052, 0, 0.0, 20, 
2019-12-08 11:06:37.962,370560472, 488.32086977870625, 3224229, 25.576937621803104, 177066, 0, 0.0, 20, 
2019-12-08 11:06:38.99,382437768, 488.32086977870625, 3224740, 25.576937621803104, 177085, 0, 0.0, 20, 
2019-12-08 11:06:40.017,396758232, 488.32086977870625, 3225236, 25.576937621803104, 177116, 0, 0.0, 20, 
2019-12-08 11:06:41.05,411016072, 488.32086977870625, 3225738, 25.576937621803104, 177145, 0, 0.0, 20, 
2019-12-08 11:06:42.083,140153152, 488.0233654574617, 3226211, 25.56279047067774, 177170, 0, 0.0, 20, 
2019-12-08 11:06:43.111,153825736, 488.0233654574617, 3226671, 25.56279047067774, 177194, 0, 0.0, 20, 
2019-12-08 11:06:44.137,167483368, 488.0233654574617, 3227188, 25.56279047067774, 177227, 0, 0.0, 20, 
2019-12-08 11:06:45.163,180089232, 488.0233654574617, 3227675, 25.56279047067774, 177263, 0, 0.0, 20, 
2019-12-08 11:06:46.19,196255832, 488.0233654574617, 3228207, 25.56279047067774, 177287, 0, 0.0, 20, 
2019-12-08 11:06:47.222,208029624, 487.50978151226053, 3228719, 25.693694516969153, 177313, 0, 0.0, 20, 
2019-12-08 11:06:48.249,220965152, 487.50978151226053, 3229229, 25.693694516969153, 177340, 0, 0.0, 20, 
2019-12-08 11:06:49.276,234557544, 487.50978151226053, 3229733, 25.693694516969153, 177370, 0, 0.0, 20, 
2019-12-08 11:06:50.303,247463520, 487.50978151226053, 3230215, 25.693694516969153, 177400, 0, 0.0, 20, 
2019-12-08 11:06:51.329,261057696, 487.34109269644347, 3230705, 25.83012317068608, 177424, 0, 0.0, 20, 
2019-12-08 11:06:52.354,273861720, 487.34109269644347, 3231198, 25.83012317068608, 177441, 0, 0.0, 20, 
2019-12-08 11:06:53.38,287174888, 487.34109269644347, 3231667, 25.83012317068608, 177463, 0, 0.0, 20, 
2019-12-08 11:06:54.406,300776672, 487.34109269644347, 3232177, 25.83012317068608, 177489, 0, 0.0, 20, 
2019-12-08 11:06:55.438,314100224, 487.34109269644347, 3232682, 25.83012317068608, 177518, 0, 0.0, 20, 
2019-12-08 11:06:56.464,327436088, 487.0259803228992, 3233193, 25.539874547606217, 177536, 0, 0.0, 20, 
2019-12-08 11:06:57.493,340776080, 487.0259803228992, 3233678, 25.539874547606217, 177571, 0, 0.0, 20, 
2019-12-08 11:06:58.521,354208656, 487.0259803228992, 3234169, 25.539874547606217, 177598, 0, 0.0, 20, 
2019-12-08 11:06:59.549,367388704, 487.0259803228992, 3234676, 25.539874547606217, 177622, 0, 0.0, 20, 
2019-12-08 11:07:00.574,381902296, 487.0259803228992, 3235198, 25.539874547606217, 177653, 0, 0.0, 20, 
2019-12-08 11:07:01.602,394483528, 487.1198497534185, 3235702, 25.704593084089392, 177679, 0, 0.0, 20, 
2019-12-08 11:07:02.625,407881816, 487.1198497534185, 3236190, 25.704593084089392, 177702, 0, 0.0, 20, 
2019-12-08 11:07:03.655,421009408, 487.1198497534185, 3236701, 25.704593084089392, 177726, 0, 0.0, 20, 
2019-12-08 11:07:04.689,151886392, 487.1198497534185, 3237222, 25.704593084089392, 177745, 0, 0.0, 20, 
2019-12-08 11:07:05.716,164911824, 487.1198497534185, 3237713, 25.704593084089392, 177773, 0, 0.0, 20, 
2019-12-08 11:07:06.747,178276824, 487.3661249694136, 3238206, 25.568301346232214, 177806, 0, 0.0, 20, 
2019-12-08 11:07:07.781,192632696, 487.3661249694136, 3238726, 25.568301346232214, 177830, 0, 0.0, 20, 
2019-12-08 11:07:08.845,205678496, 487.3661249694136, 3239224, 25.568301346232214, 177857, 0, 0.0, 20, 
2019-12-08 11:07:09.872,218522080, 487.3661249694136, 3239709, 25.568301346232214, 177879, 0, 0.0, 20, 
2019-12-08 11:07:10.9,231902424, 487.3661249694136, 3240249, 25.568301346232214, 177916, 0, 0.0, 20, 
2019-12-08 11:07:11.926,246104544, 487.33685123316525, 3240739, 25.7147558843169, 177949, 0, 0.0, 20, 
2019-12-08 11:07:12.953,259548128, 487.33685123316525, 3241216, 25.7147558843169, 177977, 0, 0.0, 20, 
2019-12-08 11:07:13.978,271784544, 487.33685123316525, 3241702, 25.7147558843169, 178002, 0, 0.0, 20, 
2019-12-08 11:07:15.004,285596976, 487.33685123316525, 3242214, 25.7147558843169, 178030, 0, 0.0, 20, 
2019-12-08 11:07:16.035,297412904, 487.33685123316525, 3242711, 25.7147558843169, 178050, 0, 0.0, 20, 
2019-12-08 11:07:17.061,310597512, 486.67027341266925, 3243187, 25.641616042115068, 178069, 0, 0.0, 20, 
2019-12-08 11:07:18.087,325433928, 486.67027341266925, 3243683, 25.641616042115068, 178098, 0, 0.0, 20, 
2019-12-08 11:07:19.113,337060744, 486.67027341266925, 3244167, 25.641616042115068, 178123, 0, 0.0, 20, 
2019-12-08 11:07:20.14,352236952, 486.67027341266925, 3244688, 25.641616042115068, 178158, 0, 0.0, 20, 
2019-12-08 11:07:21.165,363476840, 486.67027341266925, 3245176, 25.641616042115068, 178184, 0, 0.0, 20, 
2019-12-08 11:07:22.191,378302448, 486.3448323193405, 3245700, 25.70225307540349, 178206, 0, 0.0, 20, 
2019-12-08 11:07:23.216,390133112, 486.3448323193405, 3246202, 25.70225307540349, 178234, 0, 0.0, 20, 
2019-12-08 11:07:24.25,405042600, 486.3448323193405, 3246717, 25.70225307540349, 178255, 0, 0.0, 20, 
2019-12-08 11:07:25.278,418039480, 486.3448323193405, 3247230, 25.70225307540349, 178278, 0, 0.0, 20, 
2019-12-08 11:07:26.301,149015600, 487.2287547226186, 3247735, 25.47020173186576, 178301, 0, 0.0, 20, 
2019-12-08 11:07:27.329,163352096, 487.2287547226186, 3248235, 25.47020173186576, 178328, 0, 0.0, 20, 
2019-12-08 11:07:28.353,175910208, 487.2287547226186, 3248720, 25.47020173186576, 178351, 0, 0.0, 20, 
2019-12-08 11:07:29.38,190388392, 487.2287547226186, 3249220, 25.47020173186576, 178372, 0, 0.0, 20, 
2019-12-08 11:07:30.405,203328264, 487.2287547226186, 3249709, 25.47020173186576, 178392, 0, 0.0, 20, 
2019-12-08 11:07:31.431,215985872, 486.9386155146051, 3250211, 25.288686423484908, 178420, 0, 0.0, 20, 
2019-12-08 11:07:32.457,229276072, 486.9386155146051, 3250674, 25.288686423484908, 178448, 0, 0.0, 20, 
2019-12-08 11:07:33.481,242017408, 486.9386155146051, 3251133, 25.288686423484908, 178476, 0, 0.0, 20, 
2019-12-08 11:07:34.507,254314192, 486.9386155146051, 3251610, 25.288686423484908, 178507, 0, 0.0, 20, 
2019-12-08 11:07:35.535,268254136, 486.9386155146051, 3252088, 25.288686423484908, 178534, 0, 0.0, 20, 
2019-12-08 11:07:36.561,280312816, 484.67278492254025, 3252573, 25.425515502247958, 178555, 0, 0.0, 20, 
2019-12-08 11:07:37.592,294007968, 484.67278492254025, 3253068, 25.425515502247958, 178580, 0, 0.0, 20, 
2019-12-08 11:07:38.617,306763072, 484.67278492254025, 3253561, 25.425515502247958, 178610, 0, 0.0, 20, 
2019-12-08 11:07:39.642,320358328, 484.67278492254025, 3254060, 25.425515502247958, 178640, 0, 0.0, 20, 
2019-12-08 11:07:40.679,332627144, 484.67278492254025, 3254527, 25.425515502247958, 178658, 0, 0.0, 20, 
2019-12-08 11:07:41.709,347044112, 483.97934732726463, 3255041, 25.455457629477966, 178690, 0, 0.0, 20, 
2019-12-08 11:07:42.735,358562440, 483.97934732726463, 3255490, 25.455457629477966, 178716, 0, 0.0, 20, 
2019-12-08 11:07:43.76,372766144, 483.97934732726463, 3255984, 25.455457629477966, 178741, 0, 0.0, 20, 
2019-12-08 11:07:44.814,385220152, 483.97934732726463, 3256473, 25.455457629477966, 178763, 0, 0.0, 20, 
2019-12-08 11:07:45.843,399665624, 483.97934732726463, 3256980, 25.455457629477966, 178796, 0, 0.0, 20, 
2019-12-08 11:07:46.869,411900352, 483.54923846280104, 3257493, 25.40305013102738, 178820, 0, 0.0, 20, 
2019-12-08 11:07:47.895,142479320, 483.54923846280104, 3257970, 25.40305013102738, 178851, 0, 0.0, 20, 
2019-12-08 11:07:48.929,153800816, 483.54923846280104, 3258433, 25.40305013102738, 178874, 0, 0.0, 20, 
2019-12-08 11:07:49.953,169642992, 483.54923846280104, 3258970, 25.40305013102738, 178901, 0, 0.0, 20, 
2019-12-08 11:07:50.979,182981536, 483.54923846280104, 3259449, 25.40305013102738, 178935, 0, 0.0, 20, 
2019-12-08 11:07:52.017,196242080, 482.9456346824049, 3259930, 25.57870854383112, 178953, 0, 0.0, 20, 
2019-12-08 11:07:53.048,209770120, 482.9456346824049, 3260429, 25.57870854383112, 178976, 0, 0.0, 20, 
2019-12-08 11:07:54.073,222713056, 482.9456346824049, 3260935, 25.57870854383112, 179004, 0, 0.0, 20, 
2019-12-08 11:07:55.098,235202752, 482.9456346824049, 3261439, 25.57870854383112, 179018, 0, 0.0, 20, 
2019-12-08 11:07:56.126,248787136, 482.9456346824049, 3261918, 25.57870854383112, 179042, 0, 0.0, 20, 
2019-12-08 11:07:57.152,262147544, 482.6941236200109, 3262393, 25.164641870744976, 179064, 0, 0.0, 20, 
2019-12-08 11:07:58.178,273608664, 482.6941236200109, 3262870, 25.164641870744976, 179087, 0, 0.0, 20, 
2019-12-08 11:07:59.205,288336336, 482.6941236200109, 3263394, 25.164641870744976, 179111, 0, 0.0, 20, 
2019-12-08 11:08:00.231,301929576, 482.6941236200109, 3263904, 25.164641870744976, 179150, 0, 0.0, 20, 
2019-12-08 11:08:01.257,315321544, 483.4861537645825, 3264435, 25.231433418963714, 179174, 0, 0.0, 20, 
2019-12-08 11:08:02.285,329421672, 483.4861537645825, 3264942, 25.231433418963714, 179212, 0, 0.0, 20, 
2019-12-08 11:08:03.311,341657744, 483.4861537645825, 3265419, 25.231433418963714, 179229, 0, 0.0, 20, 
2019-12-08 11:08:04.337,355142832, 483.4861537645825, 3265944, 25.231433418963714, 179257, 0, 0.0, 20, 
2019-12-08 11:08:05.372,370178200, 483.4861537645825, 3266472, 25.231433418963714, 179281, 0, 0.0, 20, 
2019-12-08 11:08:06.402,383662032, 483.95899880212744, 3266951, 25.22892014155027, 179303, 0, 0.0, 20, 
2019-12-08 11:08:07.428,396184544, 483.95899880212744, 3267450, 25.22892014155027, 179329, 0, 0.0, 20, 
2019-12-08 11:08:08.454,408778752, 483.95899880212744, 3267920, 25.22892014155027, 179355, 0, 0.0, 20, 
2019-12-08 11:08:09.48,421136056, 483.95899880212744, 3268413, 25.22892014155027, 179379, 0, 0.0, 20, 
2019-12-08 11:08:10.508,151067776, 483.95899880212744, 3268897, 25.22892014155027, 179407, 0, 0.0, 20, 
2019-12-08 11:08:11.533,165172208, 483.338623511013, 3269394, 25.130661112258803, 179432, 0, 0.0, 20, 
2019-12-08 11:08:12.558,177665504, 483.338623511013, 3269893, 25.130661112258803, 179466, 0, 0.0, 20, 
2019-12-08 11:08:13.589,192060352, 483.338623511013, 3270400, 25.130661112258803, 179493, 0, 0.0, 20, 
2019-12-08 11:08:14.617,207023168, 483.338623511013, 3270892, 25.130661112258803, 179526, 0, 0.0, 20, 
2019-12-08 11:08:15.644,220785168, 483.338623511013, 3271387, 25.130661112258803, 179551, 0, 0.0, 20, 
2019-12-08 11:08:16.669,233807672, 483.6793443626748, 3271897, 25.472018602173943, 179579, 0, 0.0, 20, 
2019-12-08 11:08:17.695,246559656, 483.6793443626748, 3272360, 25.472018602173943, 179607, 0, 0.0, 20, 
2019-12-08 11:08:18.72,258702360, 483.6793443626748, 3272875, 25.472018602173943, 179631, 0, 0.0, 20, 
2019-12-08 11:08:19.745,274252872, 483.6793443626748, 3273350, 25.472018602173943, 179658, 0, 0.0, 20, 
2019-12-08 11:08:20.772,285859088, 483.6793443626748, 3273859, 25.472018602173943, 179684, 0, 0.0, 20, 
2019-12-08 11:08:21.797,299893304, 483.2572312937837, 3274351, 25.56220701512436, 179715, 0, 0.0, 20, 
2019-12-08 11:08:22.821,313412672, 483.2572312937837, 3274873, 25.56220701512436, 179744, 0, 0.0, 20, 
2019-12-08 11:08:23.847,325716192, 483.2572312937837, 3275353, 25.56220701512436, 179770, 0, 0.0, 20, 
2019-12-08 11:08:24.874,340386048, 483.2572312937837, 3275850, 25.56220701512436, 179795, 0, 0.0, 20, 
2019-12-08 11:08:25.901,352822464, 483.2572312937837, 3276333, 25.56220701512436, 179818, 0, 0.0, 20, 
2019-12-08 11:08:26.927,365976488, 483.18869086389117, 3276836, 25.645184360723672, 179842, 0, 0.0, 20, 
2019-12-08 11:08:27.952,378544248, 483.18869086389117, 3277301, 25.645184360723672, 179868, 0, 0.0, 20, 
2019-12-08 11:08:28.977,392504784, 483.18869086389117, 3277808, 25.645184360723672, 179887, 0, 0.0, 20, 
2019-12-08 11:08:30.002,405043192, 483.18869086389117, 3278277, 25.645184360723672, 179917, 0, 0.0, 20, 
2019-12-08 11:08:31.036,418639200, 483.18869086389117, 3278783, 25.645184360723672, 179945, 0, 0.0, 20, 
2019-12-08 11:08:32.061,148540704, 482.7098615802647, 3279296, 25.433687096748653, 179965, 0, 0.0, 20, 
2019-12-08 11:08:33.086,160511008, 482.7098615802647, 3279760, 25.433687096748653, 179988, 0, 0.0, 20, 
2019-12-08 11:08:34.113,173315840, 482.7098615802647, 3280262, 25.433687096748653, 180012, 0, 0.0, 20, 
2019-12-08 11:08:35.14,186368016, 482.7098615802647, 3280742, 25.433687096748653, 180029, 0, 0.0, 20, 
2019-12-08 11:08:36.17,200914736, 482.7098615802647, 3281243, 25.433687096748653, 180057, 0, 0.0, 20, 
2019-12-08 11:08:37.197,212891432, 482.38125519182216, 3281723, 25.159144634948376, 180076, 0, 0.0, 20, 
2019-12-08 11:08:38.222,225743344, 482.38125519182216, 3282212, 25.159144634948376, 180100, 0, 0.0, 20, 
2019-12-08 11:08:39.25,239349320, 482.38125519182216, 3282703, 25.159144634948376, 180120, 0, 0.0, 20, 
2019-12-08 11:08:40.275,252758840, 482.38125519182216, 3283195, 25.159144634948376, 180147, 0, 0.0, 20, 
2019-12-08 11:08:41.313,267261392, 482.1428871878206, 3283699, 24.95452672761285, 180172, 0, 0.0, 20, 
2019-12-08 11:08:42.339,279656936, 482.1428871878206, 3284254, 24.95452672761285, 180192, 0, 0.0, 20, 
2019-12-08 11:08:43.364,294252592, 482.1428871878206, 3284750, 24.95452672761285, 180226, 0, 0.0, 20, 
2019-12-08 11:08:44.392,307218160, 482.1428871878206, 3285243, 24.95452672761285, 180243, 0, 0.0, 20, 
2019-12-08 11:08:45.418,319802184, 482.1428871878206, 3285741, 24.95452672761285, 180261, 0, 0.0, 20, 
2019-12-08 11:08:46.452,333727736, 483.0749384664505, 3286239, 24.622349111168443, 180280, 0, 0.0, 20, 
2019-12-08 11:08:47.489,347331064, 483.0749384664505, 3286757, 24.622349111168443, 180308, 0, 0.0, 20, 
2019-12-08 11:08:48.519,360394280, 483.0749384664505, 3287247, 24.622349111168443, 180328, 0, 0.0, 20, 
2019-12-08 11:08:49.551,375191848, 483.0749384664505, 3287742, 24.622349111168443, 180354, 0, 0.0, 20, 
2019-12-08 11:08:50.58,387261088, 483.0749384664505, 3288225, 24.622349111168443, 180375, 0, 0.0, 20, 
2019-12-08 11:08:51.605,400619928, 482.7171421418676, 3288716, 24.62056217490246, 180405, 0, 0.0, 20, 
2019-12-08 11:08:52.633,413714360, 482.7171421418676, 3289203, 24.62056217490246, 180436, 0, 0.0, 20, 
2019-12-08 11:08:53.664,144004192, 482.7171421418676, 3289703, 24.62056217490246, 180456, 0, 0.0, 20, 
2019-12-08 11:08:54.69,156299296, 482.7171421418676, 3290150, 24.62056217490246, 180481, 0, 0.0, 20, 
2019-12-08 11:08:55.715,168143424, 482.7171421418676, 3290644, 24.62056217490246, 180504, 0, 0.0, 20, 
2019-12-08 11:08:56.747,181409488, 482.0521401733035, 3291129, 24.58693588002337, 180532, 0, 0.0, 20, 
2019-12-08 11:08:57.773,195595200, 482.0521401733035, 3291663, 24.58693588002337, 180561, 0, 0.0, 20, 
2019-12-08 11:08:58.799,207793776, 482.0521401733035, 3292128, 24.58693588002337, 180593, 0, 0.0, 20, 
2019-12-08 11:08:59.825,223330992, 482.0521401733035, 3292631, 24.58693588002337, 180621, 0, 0.0, 20, 
2019-12-08 11:09:00.852,235177256, 482.0521401733035, 3293129, 24.58693588002337, 180652, 0, 0.0, 20, 
2019-12-08 11:09:01.876,249186768, 482.0159890410775, 3293621, 24.843838302569615, 180671, 0, 0.0, 20, 
2019-12-08 11:09:02.901,262373200, 482.0159890410775, 3294104, 24.843838302569615, 180695, 0, 0.0, 20, 
2019-12-08 11:09:03.926,276370440, 482.0159890410775, 3294604, 24.843838302569615, 180721, 0, 0.0, 20, 
2019-12-08 11:09:04.955,288793696, 482.0159890410775, 3295117, 24.843838302569615, 180748, 0, 0.0, 20, 
2019-12-08 11:09:05.98,302472696, 482.0159890410775, 3295610, 24.843838302569615, 180777, 0, 0.0, 20, 
2019-12-08 11:09:07.01,316191792, 482.01471062793865, 3296106, 24.872315419574278, 180800, 0, 0.0, 20, 
2019-12-08 11:09:08.039,329819440, 482.01471062793865, 3296595, 24.872315419574278, 180819, 0, 0.0, 20, 
2019-12-08 11:09:09.065,342355744, 482.01471062793865, 3297122, 24.872315419574278, 180845, 0, 0.0, 20, 
2019-12-08 11:09:10.091,355696208, 482.01471062793865, 3297615, 24.872315419574278, 180871, 0, 0.0, 20, 
2019-12-08 11:09:11.116,368994856, 482.01471062793865, 3298119, 24.872315419574278, 180901, 0, 0.0, 20, 
2019-12-08 11:09:12.142,382673224, 482.62119687988786, 3298621, 24.850542280796756, 180925, 0, 0.0, 20, 
2019-12-08 11:09:13.167,396132984, 482.62119687988786, 3299156, 24.850542280796756, 180948, 0, 0.0, 20, 
2019-12-08 11:09:14.194,409479040, 482.62119687988786, 3299653, 24.850542280796756, 180965, 0, 0.0, 20, 
2019-12-08 11:09:15.221,423021856, 482.62119687988786, 3300132, 24.850542280796756, 180984, 0, 0.0, 20, 
2019-12-08 11:09:16.247,151618056, 483.73888026613787, 3300661, 24.850542280796756, 181007, 0, 0.0, 20, 
2019-12-08 11:09:17.279,164315160, 483.73888026613787, 3301151, 24.4946965675187, 181035, 0, 0.0, 20, 
2019-12-08 11:09:18.304,177704672, 483.73888026613787, 3301638, 24.4946965675187, 181060, 0, 0.0, 20, 
2019-12-08 11:09:19.335,191759840, 483.73888026613787, 3302137, 24.4946965675187, 181085, 0, 0.0, 20, 
2019-12-08 11:09:20.364,205103648, 483.73888026613787, 3302655, 24.4946965675187, 181117, 0, 0.0, 20, 
2019-12-08 11:09:21.391,219048136, 483.8716960668296, 3303165, 24.758974038290454, 181156, 0, 0.0, 20, 
2019-12-08 11:09:22.417,233705984, 483.8716960668296, 3303655, 24.758974038290454, 181186, 0, 0.0, 20, 
2019-12-08 11:09:23.447,246171456, 483.8716960668296, 3304160, 24.758974038290454, 181224, 0, 0.0, 20, 
2019-12-08 11:09:24.473,259729344, 483.8716960668296, 3304657, 24.758974038290454, 181246, 0, 0.0, 20, 
2019-12-08 11:09:25.506,273615096, 483.8716960668296, 3305142, 24.758974038290454, 181271, 0, 0.0, 20, 
2019-12-08 11:09:26.535,286223928, 483.5621323414289, 3305640, 25.098067751631177, 181298, 0, 0.0, 20, 
2019-12-08 11:09:27.565,298748992, 483.5621323414289, 3306122, 25.098067751631177, 181329, 0, 0.0, 20, 
2019-12-08 11:09:28.592,312533384, 483.5621323414289, 3306635, 25.098067751631177, 181346, 0, 0.0, 20, 
2019-12-08 11:09:29.62,326200496, 483.5621323414289, 3307135, 25.098067751631177, 181376, 0, 0.0, 20, 
2019-12-08 11:09:30.648,339187024, 483.5621323414289, 3307640, 25.098067751631177, 181402, 0, 0.0, 20, 
2019-12-08 11:09:31.678,353450424, 483.96493799909, 3308166, 25.170182272514197, 181436, 0, 0.0, 20, 
2019-12-08 11:09:32.704,367010928, 483.96493799909, 3308678, 25.170182272514197, 181459, 0, 0.0, 20, 
2019-12-08 11:09:33.731,380026992, 483.96493799909, 3309199, 25.170182272514197, 181489, 0, 0.0, 20, 
2019-12-08 11:09:34.757,394601432, 483.96493799909, 3309689, 25.170182272514197, 181524, 0, 0.0, 20, 
2019-12-08 11:09:35.786,408470512, 483.96493799909, 3310237, 25.170182272514197, 181540, 0, 0.0, 20, 
2019-12-08 11:09:36.811,420976152, 485.5828442263847, 3310725, 25.23653083466629, 181567, 0, 0.0, 20, 
2019-12-08 11:09:37.84,150491840, 485.5828442263847, 3311226, 25.23653083466629, 181593, 0, 0.0, 20, 
2019-12-08 11:09:38.867,163236160, 485.5828442263847, 3311716, 25.23653083466629, 181614, 0, 0.0, 20, 
2019-12-08 11:09:39.894,177192080, 485.5828442263847, 3312224, 25.23653083466629, 181637, 0, 0.0, 20, 
2019-12-08 11:09:40.919,189715040, 485.5828442263847, 3312707, 25.23653083466629, 181657, 0, 0.0, 20, 
2019-12-08 11:09:41.944,202672816, 485.3443491701945, 3313195, 25.00973435135857, 181680, 0, 0.0, 20, 
2019-12-08 11:09:42.969,216297680, 485.3443491701945, 3313680, 25.00973435135857, 181704, 0, 0.0, 20, 
2019-12-08 11:09:43.996,230775736, 485.3443491701945, 3314163, 25.00973435135857, 181732, 0, 0.0, 20, 
2019-12-08 11:09:45.022,242949000, 485.3443491701945, 3314648, 25.00973435135857, 181755, 0, 0.0, 20, 
2019-12-08 11:09:46.048,256648256, 485.3443491701945, 3315154, 25.00973435135857, 181784, 0, 0.0, 20, 
2019-12-08 11:09:47.082,271132616, 484.4532962087164, 3315657, 24.99296491852336, 181811, 0, 0.0, 20, 
2019-12-08 11:09:48.106,283468768, 484.4532962087164, 3316190, 24.99296491852336, 181833, 0, 0.0, 20, 
2019-12-08 11:09:49.134,297670896, 484.4532962087164, 3316716, 24.99296491852336, 181869, 0, 0.0, 20, 
2019-12-08 11:09:50.16,312092464, 484.4532962087164, 3317229, 24.99296491852336, 181893, 0, 0.0, 20, 
2019-12-08 11:09:51.188,325042688, 484.4532962087164, 3317699, 24.99296491852336, 181925, 0, 0.0, 20, 
2019-12-08 11:09:52.223,338255704, 485.60039530848815, 3318197, 25.201411934544712, 181954, 0, 0.0, 20, 
2019-12-08 11:09:53.248,350655680, 485.60039530848815, 3318676, 25.201411934544712, 181979, 0, 0.0, 20, 
2019-12-08 11:09:54.277,364543672, 485.60039530848815, 3319148, 25.201411934544712, 182000, 0, 0.0, 20, 
2019-12-08 11:09:55.302,376158776, 485.60039530848815, 3319635, 25.201411934544712, 182026, 0, 0.0, 20, 
2019-12-08 11:09:56.329,389708704, 484.52895885739946, 3320130, 25.24927239371409, 182061, 0, 0.0, 20, 
2019-12-08 11:09:57.358,403389736, 484.52895885739946, 3320657, 25.24927239371409, 182083, 0, 0.0, 20, 
2019-12-08 11:09:58.384,416662792, 484.52895885739946, 3321161, 25.24927239371409, 182099, 0, 0.0, 20, 
2019-12-08 11:09:59.416,146155176, 484.52895885739946, 3321644, 25.24927239371409, 182121, 0, 0.0, 20, 
2019-12-08 11:10:00.443,159891872, 484.52895885739946, 3322132, 25.24927239371409, 182146, 0, 0.0, 20, 
2019-12-08 11:10:01.468,171566928, 483.9749498959468, 3322590, 25.117403854038983, 182178, 0, 0.0, 20, 
2019-12-08 11:10:02.494,185520080, 483.9749498959468, 3323085, 25.117403854038983, 182200, 0, 0.0, 20, 
2019-12-08 11:10:03.534,199717408, 483.9749498959468, 3323591, 25.117403854038983, 182223, 0, 0.0, 20, 
2019-12-08 11:10:04.561,213843856, 483.9749498959468, 3324083, 25.117403854038983, 182249, 0, 0.0, 20, 
2019-12-08 11:10:05.584,226580304, 483.9749498959468, 3324577, 25.117403854038983, 182275, 0, 0.0, 20, 
2019-12-08 11:10:06.612,241843456, 484.00893502582824, 3325102, 24.948105589423168, 182296, 0, 0.0, 20, 
2019-12-08 11:10:07.637,253480880, 484.00893502582824, 3325598, 24.948105589423168, 182317, 0, 0.0, 20, 
2019-12-08 11:10:08.661,267751304, 484.00893502582824, 3326121, 24.948105589423168, 182342, 0, 0.0, 20, 
2019-12-08 11:10:09.687,280031728, 484.00893502582824, 3326629, 24.948105589423168, 182374, 0, 0.0, 20, 
2019-12-08 11:10:10.714,293917640, 484.00893502582824, 3327117, 24.948105589423168, 182410, 0, 0.0, 20, 
2019-12-08 11:10:11.74,307062456, 484.8717409426111, 3327594, 25.11216600813966, 182438, 0, 0.0, 20, 
2019-12-08 11:10:12.765,320936304, 484.8717409426111, 3328093, 25.11216600813966, 182475, 0, 0.0, 20, 
2019-12-08 11:10:13.793,333980200, 484.8717409426111, 3328563, 25.11216600813966, 182504, 0, 0.0, 20, 
2019-12-08 11:10:14.819,347280400, 484.8717409426111, 3329059, 25.11216600813966, 182535, 0, 0.0, 20, 
2019-12-08 11:10:15.846,359101208, 484.8717409426111, 3329545, 25.11216600813966, 182558, 0, 0.0, 20, 
2019-12-08 11:10:16.88,371974072, 483.7466266583601, 3330045, 25.407028933708734, 182582, 0, 0.0, 20, 
2019-12-08 11:10:17.907,386355840, 483.7466266583601, 3330567, 25.407028933708734, 182612, 0, 0.0, 20, 
2019-12-08 11:10:18.934,398366992, 483.7466266583601, 3331054, 25.407028933708734, 182644, 0, 0.0, 20, 
2019-12-08 11:10:19.959,413572944, 483.7466266583601, 3331558, 25.407028933708734, 182667, 0, 0.0, 20, 
2019-12-08 11:10:20.988,145156368, 483.7466266583601, 3332052, 25.407028933708734, 182699, 0, 0.0, 20, 
2019-12-08 11:10:22.018,157442616, 484.0547253795427, 3332535, 25.534395867792604, 182725, 0, 0.0, 20, 
2019-12-08 11:10:23.05,171431584, 484.0547253795427, 3333068, 25.534395867792604, 182751, 0, 0.0, 20, 
2019-12-08 11:10:24.077,184760168, 484.0547253795427, 3333560, 25.534395867792604, 182774, 0, 0.0, 20, 
2019-12-08 11:10:25.106,197639264, 484.0547253795427, 3334077, 25.534395867792604, 182797, 0, 0.0, 20, 
2019-12-08 11:10:26.139,212674160, 484.0547253795427, 3334581, 25.534395867792604, 182836, 0, 0.0, 20, 
2019-12-08 11:10:27.164,225505576, 484.7539589310487, 3335049, 25.683561338253195, 182866, 0, 0.0, 20, 
2019-12-08 11:10:28.19,238075072, 484.7539589310487, 3335552, 25.683561338253195, 182895, 0, 0.0, 20, 
2019-12-08 11:10:29.217,252271320, 484.7539589310487, 3336045, 25.683561338253195, 182915, 0, 0.0, 20, 
2019-12-08 11:10:30.244,264891040, 484.7539589310487, 3336542, 25.683561338253195, 182938, 0, 0.0, 20, 
2019-12-08 11:10:31.27,277013624, 483.8781287325903, 3337009, 25.45300450350091, 182954, 0, 0.0, 20, 
2019-12-08 11:10:32.297,289439848, 483.8781287325903, 3337477, 25.45300450350091, 182983, 0, 0.0, 20, 
2019-12-08 11:10:33.323,303882256, 483.8781287325903, 3337949, 25.45300450350091, 183010, 0, 0.0, 20, 
2019-12-08 11:10:34.351,316130464, 483.8781287325903, 3338424, 25.45300450350091, 183037, 0, 0.0, 20, 
2019-12-08 11:10:35.375,329276624, 483.8781287325903, 3338937, 25.45300450350091, 183057, 0, 0.0, 20, 
2019-12-08 11:10:36.399,344137240, 483.2962016893729, 3339465, 25.3528197949514, 183080, 0, 0.0, 20, 
2019-12-08 11:10:37.425,357031952, 483.2962016893729, 3339983, 25.3528197949514, 183110, 0, 0.0, 20, 
2019-12-08 11:10:38.45,369357664, 483.2962016893729, 3340467, 25.3528197949514, 183131, 0, 0.0, 20, 
2019-12-08 11:10:39.476,382944712, 483.2962016893729, 3340951, 25.3528197949514, 183156, 0, 0.0, 20, 
2019-12-08 11:10:40.5,396415632, 483.2962016893729, 3341471, 25.3528197949514, 183183, 0, 0.0, 20, 
2019-12-08 11:10:41.523,411055336, 484.0880656806921, 3342004, 25.26064541341916, 183205, 0, 0.0, 20, 
2019-12-08 11:10:42.552,422871240, 484.0880656806921, 3342483, 25.26064541341916, 183227, 0, 0.0, 20, 
2019-12-08 11:10:43.576,150916552, 484.0880656806921, 3342978, 25.26064541341916, 183259, 0, 0.0, 20, 
2019-12-08 11:10:44.602,165483560, 484.0880656806921, 3343451, 25.26064541341916, 183279, 0, 0.0, 20, 
2019-12-08 11:10:45.626,178457752, 484.0880656806921, 3343951, 25.26064541341916, 183306, 0, 0.0, 20, 
2019-12-08 11:10:46.65,205812640, 483.48935300589835, 3344409, 25.175840888518504, 183326, 0, 0.0, 20, 
2019-12-08 11:10:47.68,220247872, 483.48935300589835, 3344905, 25.175840888518504, 183355, 0, 0.0, 20, 
2019-12-08 11:10:48.711,233052304, 483.48935300589835, 3345407, 25.175840888518504, 183371, 0, 0.0, 20, 
2019-12-08 11:10:49.739,246866736, 483.48935300589835, 3345904, 25.175840888518504, 183393, 0, 0.0, 20, 
2019-12-08 11:10:50.765,259102936, 483.48935300589835, 3346390, 25.175840888518504, 183422, 0, 0.0, 20, 
2019-12-08 11:10:51.802,272848048, 483.1463952754503, 3346882, 24.98587913952942, 183448, 0, 0.0, 20, 
2019-12-08 11:10:52.826,285917776, 483.1463952754503, 3347361, 24.98587913952942, 183471, 0, 0.0, 20, 
2019-12-08 11:10:53.853,298140080, 483.1463952754503, 3347829, 24.98587913952942, 183505, 0, 0.0, 20, 
2019-12-08 11:10:54.881,311350704, 483.1463952754503, 3348345, 24.98587913952942, 183539, 0, 0.0, 20, 
2019-12-08 11:10:55.908,325466224, 483.1463952754503, 3348833, 24.98587913952942, 183567, 0, 0.0, 20, 
2019-12-08 11:10:56.932,337920400, 482.28716095057695, 3349315, 25.354803873899396, 183601, 0, 0.0, 20, 
2019-12-08 11:10:57.957,350130520, 482.28716095057695, 3349781, 25.354803873899396, 183625, 0, 0.0, 20, 
2019-12-08 11:10:58.997,363459000, 482.28716095057695, 3350251, 25.354803873899396, 183650, 0, 0.0, 20, 
2019-12-08 11:11:00.021,376125952, 482.28716095057695, 3350746, 25.354803873899396, 183668, 0, 0.0, 20, 
2019-12-08 11:11:01.053,389147328, 482.28716095057695, 3351235, 25.354803873899396, 183701, 0, 0.0, 20, 
2019-12-08 11:11:02.077,402635872, 480.90495587737644, 3351702, 25.358417556618257, 183728, 0, 0.0, 20, 
2019-12-08 11:11:03.123,404211312, 480.90495587737644, 3351720, 25.358417556618257, 183730, 0, 0.0, 20, 
2019-12-08 11:11:04.157,405007232, 480.90495587737644, 3351720, 25.358417556618257, 183730, 0, 0.0, 20, 
2019-12-08 11:11:05.186,406288944, 480.90495587737644, 3351720, 25.358417556618257, 183730, 0, 0.0, 20, 
