Timestamp, MemoryUsed, ReadLatency1, ReadCount, WriteLatency1, WriteCount, PendingTasks, WaitingOnCommit1, SRDelay, 
2019-12-08 11:02:44.172,572920152, 27.026785832299723, 3013545, 4.65815563599703, 164758, 0, 0.0, 20, 
2019-12-08 11:02:45.457,582357336, 27.026785832299723, 3013829, 4.65815563599703, 164776, 0, 0.0, 20, 
2019-12-08 11:02:46.54,589697368, 36.85918115599179, 3014106, 4.909363641264449, 164792, 0, 0.0, 20, 
2019-12-08 11:02:47.594,599134552, 36.85918115599179, 3014415, 4.909363641264449, 164813, 0, 0.0, 20, 
2019-12-08 11:02:48.97,611717464, 36.85918115599179, 3014925, 4.909363641264449, 164837, 0, 0.0, 20, 
2019-12-08 11:02:50.012,626397528, 36.85918115599179, 3015593, 4.909363641264449, 164878, 0, 0.0, 20, 
2019-12-08 11:02:51.049,643174744, 36.85918115599179, 3016322, 4.909363641264449, 164916, 0, 0.0, 20, 
2019-12-08 11:02:52.08,657854808, 73.92185866986728, 3017041, 6.739597870834446, 164954, 0, 0.0, 20, 
2019-12-08 11:02:53.114,673583448, 73.92185866986728, 3017778, 6.739597870834446, 164993, 0, 0.0, 20, 
2019-12-08 11:02:54.145,687214936, 73.92185866986728, 3018483, 6.739597870834446, 165024, 0, 0.0, 20, 
2019-12-08 11:02:55.173,703992152, 73.92185866986728, 3019239, 6.739597870834446, 165067, 0, 0.0, 20, 
2019-12-08 11:02:56.21,720769368, 73.92185866986728, 3019959, 6.739597870834446, 165109, 0, 0.0, 20, 
2019-12-08 11:02:57.239,736498008, 123.8044006598878, 3020670, 9.239041621994625, 165148, 0, 0.0, 20, 
2019-12-08 11:02:58.339,750129496, 123.8044006598878, 3021328, 9.239041621994625, 165181, 0, 0.0, 20, 
2019-12-08 11:02:59.365,764809560, 123.8044006598878, 3022073, 9.239041621994625, 165217, 0, 0.0, 20, 
2019-12-08 11:03:00.395,781586776, 123.8044006598878, 3022818, 9.239041621994625, 165262, 0, 0.0, 20, 
2019-12-08 11:03:01.429,799412568, 169.85846597606024, 3023579, 11.506658650781445, 165306, 0, 0.0, 20, 
2019-12-08 11:03:02.457,815141208, 169.85846597606024, 3024303, 11.506658650781445, 165361, 0, 0.0, 20, 
2019-12-08 11:03:03.482,831918424, 169.85846597606024, 3025095, 11.506658650781445, 165407, 0, 0.0, 20, 
2019-12-08 11:03:04.537,202774736, 169.85846597606024, 3025925, 11.506658650781445, 165441, 0, 0.0, 20, 
2019-12-08 11:03:05.567,219551952, 169.85846597606024, 3026750, 11.506658650781445, 165478, 0, 0.0, 20, 
2019-12-08 11:03:06.594,239474896, 218.7386361903518, 3027626, 14.104682779007428, 165532, 0, 0.0, 20, 
2019-12-08 11:03:07.622,256252112, 218.7386361903518, 3028455, 14.104682779007428, 165580, 0, 0.0, 20, 
2019-12-08 11:03:08.747,274077904, 218.7386361903518, 3029378, 14.104682779007428, 165615, 0, 0.0, 20, 
2019-12-08 11:03:09.772,291903696, 218.7386361903518, 3030235, 14.104682779007428, 165660, 0, 0.0, 20, 
2019-12-08 11:03:10.796,308680912, 218.7386361903518, 3031045, 14.104682779007428, 165706, 0, 0.0, 20, 
2019-12-08 11:03:11.821,327555280, 267.0686983677098, 3031943, 16.319078079438473, 165746, 0, 0.0, 20, 
2019-12-08 11:03:12.846,345381072, 267.0686983677098, 3032835, 16.319078079438473, 165805, 0, 0.0, 20, 
2019-12-08 11:03:13.869,366352592, 267.0686983677098, 3033760, 16.319078079438473, 165849, 0, 0.0, 20, 
2019-12-08 11:03:14.895,385226960, 267.0686983677098, 3034704, 16.319078079438473, 165896, 0, 0.0, 20, 
2019-12-08 11:03:15.918,403052752, 267.0686983677098, 3035618, 16.319078079438473, 165953, 0, 0.0, 20, 
2019-12-08 11:03:16.945,421927120, 317.19535757691983, 3036588, 18.836153619605536, 165999, 0, 0.0, 20, 
2019-12-08 11:03:17.978,440801488, 317.19535757691983, 3037488, 18.836153619605536, 166065, 0, 0.0, 20, 
2019-12-08 11:03:19.006,460724432, 317.19535757691983, 3038464, 18.836153619605536, 166134, 0, 0.0, 20, 
2019-12-08 11:03:20.044,479598800, 317.19535757691983, 3039482, 18.836153619605536, 166181, 0, 0.0, 20, 
2019-12-08 11:03:21.068,500570320, 317.19535757691983, 3040497, 18.836153619605536, 166227, 0, 0.0, 20, 
2019-12-08 11:03:22.091,521541840, 368.1114455286217, 3041539, 21.56774395546385, 166268, 0, 0.0, 20, 
2019-12-08 11:03:23.121,542513360, 368.1114455286217, 3042628, 21.56774395546385, 166330, 0, 0.0, 20, 
2019-12-08 11:03:24.147,566630608, 368.1114455286217, 3043790, 21.56774395546385, 166384, 0, 0.0, 20, 
2019-12-08 11:03:25.17,589699280, 368.1114455286217, 3044944, 21.56774395546385, 166442, 0, 0.0, 20, 
2019-12-08 11:03:26.193,610670800, 368.1114455286217, 3046065, 21.56774395546385, 166496, 0, 0.0, 20, 
2019-12-08 11:03:27.215,633739472, 426.5180855079602, 3047246, 24.16088397239641, 166577, 0, 0.0, 20, 
2019-12-08 11:03:28.239,655759568, 426.5180855079602, 3048394, 24.16088397239641, 166640, 0, 0.0, 20, 
2019-12-08 11:03:29.271,679876816, 426.5180855079602, 3049591, 24.16088397239641, 166719, 0, 0.0, 20, 
2019-12-08 11:03:30.294,703994064, 426.5180855079602, 3050859, 24.16088397239641, 166786, 0, 0.0, 20, 
2019-12-08 11:03:31.324,728111312, 426.5180855079602, 3052053, 24.16088397239641, 166850, 0, 0.0, 20, 
2019-12-08 11:03:32.346,752228560, 485.77172378879305, 3053296, 27.778003976035418, 166909, 0, 0.0, 20, 
2019-12-08 11:03:33.37,775297232, 485.77172378879305, 3054488, 27.778003976035418, 166984, 0, 0.0, 20, 
2019-12-08 11:03:34.399,799414480, 485.77172378879305, 3055730, 27.778003976035418, 167047, 0, 0.0, 20, 
2019-12-08 11:03:35.422,824580304, 485.77172378879305, 3056963, 27.778003976035418, 167111, 0, 0.0, 20, 
2019-12-08 11:03:36.445,208160152, 542.0467256136944, 3058149, 30.898030510463723, 167190, 0, 0.0, 20, 
2019-12-08 11:03:37.469,232277400, 542.0467256136944, 3059467, 30.898030510463723, 167266, 0, 0.0, 20, 
2019-12-08 11:03:38.493,256394648, 542.0467256136944, 3060725, 30.898030510463723, 167344, 0, 0.0, 20, 
2019-12-08 11:03:39.516,280511896, 542.0467256136944, 3061973, 30.898030510463723, 167411, 0, 0.0, 20, 
2019-12-08 11:03:40.542,304629144, 542.0467256136944, 3063248, 30.898030510463723, 167493, 0, 0.0, 20, 
2019-12-08 11:03:41.567,325600664, 595.2774183796962, 3064292, 34.040442487220076, 167545, 0, 0.0, 20, 
2019-12-08 11:03:42.596,343426456, 595.2774183796962, 3065221, 34.040442487220076, 167595, 0, 0.0, 20, 
2019-12-08 11:03:43.627,354960792, 595.2774183796962, 3065717, 34.040442487220076, 167627, 0, 0.0, 20, 
2019-12-08 11:03:44.671,366495128, 595.2774183796962, 3066249, 34.040442487220076, 167641, 0, 0.0, 20, 
2019-12-08 11:03:45.701,376980888, 595.2774183796962, 3066728, 34.040442487220076, 167670, 0, 0.0, 20, 
2019-12-08 11:03:46.727,388515224, 594.5836103136414, 3067217, 33.62143984055303, 167696, 0, 0.0, 20, 
2019-12-08 11:03:47.755,397952408, 594.5836103136414, 3067674, 33.62143984055303, 167726, 0, 0.0, 20, 
2019-12-08 11:03:48.796,409486744, 594.5836103136414, 3068170, 33.62143984055303, 167745, 0, 0.0, 20, 
2019-12-08 11:03:49.852,421021080, 594.5836103136414, 3068695, 33.62143984055303, 167768, 0, 0.0, 20, 
2019-12-08 11:03:50.891,432555416, 594.5836103136414, 3069204, 33.62143984055303, 167804, 0, 0.0, 20, 
2019-12-08 11:03:51.92,443041176, 585.2940817405356, 3069689, 33.02805427380835, 167830, 0, 0.0, 20, 
2019-12-08 11:03:52.957,454575512, 585.2940817405356, 3070167, 33.02805427380835, 167857, 0, 0.0, 20, 
2019-12-08 11:03:53.996,464012696, 585.2940817405356, 3070638, 33.02805427380835, 167878, 0, 0.0, 20, 
2019-12-08 11:03:55.043,476595608, 585.2940817405356, 3071135, 33.02805427380835, 167903, 0, 0.0, 20, 
2019-12-08 11:03:56.076,487081368, 585.2940817405356, 3071609, 33.02805427380835, 167928, 0, 0.0, 20, 
2019-12-08 11:03:57.106,497567128, 575.1641822719707, 3072087, 32.290219792513625, 167950, 0, 0.0, 20, 
2019-12-08 11:03:58.136,511198616, 575.1641822719707, 3072588, 32.290219792513625, 167984, 0, 0.0, 20, 
2019-12-08 11:03:59.165,521684376, 575.1641822719707, 3073073, 32.290219792513625, 168002, 0, 0.0, 20, 
2019-12-08 11:04:00.206,532170136, 575.1641822719707, 3073554, 32.290219792513625, 168027, 0, 0.0, 20, 
2019-12-08 11:04:01.24,543704472, 575.1641822719707, 3074018, 32.290219792513625, 168049, 0, 0.0, 20, 
2019-12-08 11:04:02.267,553141656, 566.3719317086076, 3074483, 31.611379299077495, 168067, 0, 0.0, 20, 
2019-12-08 11:04:03.312,564675992, 566.3719317086076, 3074999, 31.611379299077495, 168089, 0, 0.0, 20, 
2019-12-08 11:04:04.347,576210328, 566.3719317086076, 3075488, 31.611379299077495, 168110, 0, 0.0, 20, 
2019-12-08 11:04:05.381,585647512, 566.3719317086076, 3075947, 31.611379299077495, 168130, 0, 0.0, 20, 
2019-12-08 11:04:06.423,597181848, 558.5865019101723, 3076435, 30.794922489777743, 168161, 0, 0.0, 20, 
2019-12-08 11:04:07.458,608716184, 558.5865019101723, 3076931, 30.794922489777743, 168183, 0, 0.0, 20, 
2019-12-08 11:04:08.489,619201944, 558.5865019101723, 3077400, 30.794922489777743, 168207, 0, 0.0, 20, 
2019-12-08 11:04:09.516,629687704, 558.5865019101723, 3077906, 30.794922489777743, 168232, 0, 0.0, 20, 
2019-12-08 11:04:10.554,641222040, 558.5865019101723, 3078387, 30.794922489777743, 168253, 0, 0.0, 20, 
2019-12-08 11:04:11.58,652756376, 552.1911343281918, 3078897, 30.0757281967437, 168272, 0, 0.0, 20, 
2019-12-08 11:04:12.616,663242136, 552.1911343281918, 3079415, 30.0757281967437, 168295, 0, 0.0, 20, 
2019-12-08 11:04:13.652,674776472, 552.1911343281918, 3079901, 30.0757281967437, 168324, 0, 0.0, 20, 
2019-12-08 11:04:14.681,684213656, 552.1911343281918, 3080396, 30.0757281967437, 168350, 0, 0.0, 20, 
2019-12-08 11:04:15.712,696796568, 552.1911343281918, 3080915, 30.0757281967437, 168374, 0, 0.0, 20, 
2019-12-08 11:04:16.739,707282328, 546.786845617113, 3081393, 29.621922026368203, 168399, 0, 0.0, 20, 
2019-12-08 11:04:17.765,717768088, 546.786845617113, 3081836, 29.621922026368203, 168420, 0, 0.0, 20, 
2019-12-08 11:04:18.795,728253848, 546.786845617113, 3082339, 29.621922026368203, 168439, 0, 0.0, 20, 
2019-12-08 11:04:19.824,741885336, 546.786845617113, 3082827, 29.621922026368203, 168472, 0, 0.0, 20, 
2019-12-08 11:04:20.854,752371096, 546.786845617113, 3083326, 29.621922026368203, 168493, 0, 0.0, 20, 
2019-12-08 11:04:21.881,763905432, 540.4873972562876, 3083811, 29.060480140322685, 168519, 0, 0.0, 20, 
2019-12-08 11:04:22.915,774391192, 540.4873972562876, 3084288, 29.060480140322685, 168546, 0, 0.0, 20, 
2019-12-08 11:04:23.997,785925528, 540.4873972562876, 3084800, 29.060480140322685, 168579, 0, 0.0, 20, 
2019-12-08 11:04:25.03,796411288, 540.4873972562876, 3085281, 29.060480140322685, 168598, 0, 0.0, 20, 
2019-12-08 11:04:26.062,806897048, 540.4873972562876, 3085783, 29.060480140322685, 168619, 0, 0.0, 20, 
2019-12-08 11:04:27.096,818431384, 534.7076160937386, 3086248, 28.719830956743042, 168635, 0, 0.0, 20, 
2019-12-08 11:04:28.131,828917144, 534.7076160937386, 3086740, 28.719830956743042, 168660, 0, 0.0, 20, 
2019-12-08 11:04:29.158,197785632, 534.7076160937386, 3087214, 28.719830956743042, 168683, 0, 0.0, 20, 
2019-12-08 11:04:30.187,209319968, 534.7076160937386, 3087722, 28.719830956743042, 168712, 0, 0.0, 20, 
2019-12-08 11:04:31.22,220854304, 534.7076160937386, 3088197, 28.719830956743042, 168742, 0, 0.0, 20, 
2019-12-08 11:04:32.248,231340064, 529.5338807710226, 3088671, 28.294480758523605, 168763, 0, 0.0, 20, 
2019-12-08 11:04:33.28,241825824, 529.5338807710226, 3089128, 28.294480758523605, 168793, 0, 0.0, 20, 
2019-12-08 11:04:34.307,252311584, 529.5338807710226, 3089604, 28.294480758523605, 168817, 0, 0.0, 20, 
2019-12-08 11:04:35.333,262797344, 529.5338807710226, 3090080, 28.294480758523605, 168835, 0, 0.0, 20, 
2019-12-08 11:04:36.369,274331680, 529.5338807710226, 3090588, 28.294480758523605, 168858, 0, 0.0, 20, 
2019-12-08 11:04:37.396,283768864, 524.3580454406599, 3091066, 27.839175216093796, 168870, 0, 0.0, 20, 
2019-12-08 11:04:38.425,295303200, 524.3580454406599, 3091560, 27.839175216093796, 168892, 0, 0.0, 20, 
2019-12-08 11:04:39.455,305788960, 524.3580454406599, 3092032, 27.839175216093796, 168916, 0, 0.0, 20, 
2019-12-08 11:04:40.485,316274720, 524.3580454406599, 3092522, 27.839175216093796, 168942, 0, 0.0, 20, 
2019-12-08 11:04:41.513,326760480, 519.644020405141, 3092979, 27.340318309460798, 168969, 0, 0.0, 20, 
2019-12-08 11:04:42.546,339343392, 519.644020405141, 3093467, 27.340318309460798, 168999, 0, 0.0, 20, 
2019-12-08 11:04:43.58,348780576, 519.644020405141, 3093967, 27.340318309460798, 169019, 0, 0.0, 20, 
2019-12-08 11:04:44.615,360314912, 519.644020405141, 3094462, 27.340318309460798, 169048, 0, 0.0, 20, 
2019-12-08 11:04:45.643,370800672, 519.644020405141, 3094933, 27.340318309460798, 169077, 0, 0.0, 20, 
2019-12-08 11:04:46.683,382335008, 516.1224549715698, 3095441, 27.24914349151896, 169102, 0, 0.0, 20, 
2019-12-08 11:04:47.717,393869344, 516.1224549715698, 3095955, 27.24914349151896, 169137, 0, 0.0, 20, 
2019-12-08 11:04:48.744,405403680, 516.1224549715698, 3096464, 27.24914349151896, 169164, 0, 0.0, 20, 
2019-12-08 11:04:49.77,415889440, 516.1224549715698, 3096944, 27.24914349151896, 169192, 0, 0.0, 20, 
2019-12-08 11:04:50.803,427423776, 516.1224549715698, 3097449, 27.24914349151896, 169223, 0, 0.0, 20, 
2019-12-08 11:04:51.83,436860960, 512.9304317148835, 3097876, 27.261205311961536, 169245, 0, 0.0, 20, 
2019-12-08 11:04:52.862,448395296, 512.9304317148835, 3098340, 27.261205311961536, 169279, 0, 0.0, 20, 
2019-12-08 11:04:53.891,458881056, 512.9304317148835, 3098804, 27.261205311961536, 169304, 0, 0.0, 20, 
2019-12-08 11:04:54.917,470415392, 512.9304317148835, 3099315, 27.261205311961536, 169322, 0, 0.0, 20, 
2019-12-08 11:04:55.943,480901152, 512.9304317148835, 3099787, 27.261205311961536, 169351, 0, 0.0, 20, 
2019-12-08 11:04:56.979,490338336, 508.5544280095301, 3100211, 27.14437378589691, 169381, 0, 0.0, 20, 
2019-12-08 11:04:58.005,500824096, 508.5544280095301, 3100680, 27.14437378589691, 169405, 0, 0.0, 20, 
2019-12-08 11:04:59.044,512358432, 508.5544280095301, 3101205, 27.14437378589691, 169430, 0, 0.0, 20, 
2019-12-08 11:05:00.07,522844192, 508.5544280095301, 3101714, 27.14437378589691, 169455, 0, 0.0, 20, 
2019-12-08 11:05:01.097,534378528, 508.5544280095301, 3102183, 27.14437378589691, 169487, 0, 0.0, 20, 
2019-12-08 11:05:02.121,544864288, 505.5997150859896, 3102651, 27.03688359288853, 169503, 0, 0.0, 20, 
2019-12-08 11:05:03.152,556398624, 505.5997150859896, 3103102, 27.03688359288853, 169528, 0, 0.0, 20, 
2019-12-08 11:05:04.185,567932960, 505.5997150859896, 3103581, 27.03688359288853, 169555, 0, 0.0, 20, 
2019-12-08 11:05:05.211,577370144, 505.5997150859896, 3104066, 27.03688359288853, 169577, 0, 0.0, 20, 
2019-12-08 11:05:06.24,588904480, 505.5997150859896, 3104574, 27.03688359288853, 169608, 0, 0.0, 20, 
2019-12-08 11:05:07.268,599390240, 502.1136743442946, 3105049, 26.76208555336825, 169627, 0, 0.0, 20, 
2019-12-08 11:05:08.296,610924576, 502.1136743442946, 3105494, 26.76208555336825, 169644, 0, 0.0, 20, 
2019-12-08 11:05:09.323,621410336, 502.1136743442946, 3106001, 26.76208555336825, 169666, 0, 0.0, 20, 
2019-12-08 11:05:10.351,631896096, 502.1136743442946, 3106501, 26.76208555336825, 169699, 0, 0.0, 20, 
2019-12-08 11:05:11.383,643430432, 502.1136743442946, 3106995, 26.76208555336825, 169727, 0, 0.0, 20, 
2019-12-08 11:05:12.41,653916192, 499.6899267673604, 3107474, 26.50925915195653, 169760, 0, 0.0, 20, 
2019-12-08 11:05:13.442,678033440, 499.6899267673604, 3107918, 26.50925915195653, 169785, 0, 0.0, 20, 
2019-12-08 11:05:14.47,687470624, 499.6899267673604, 3108417, 26.50925915195653, 169814, 0, 0.0, 20, 
2019-12-08 11:05:15.496,697956384, 499.6899267673604, 3108878, 26.50925915195653, 169838, 0, 0.0, 20, 
2019-12-08 11:05:16.523,710539296, 496.8203266637654, 3109366, 26.436558804208204, 169860, 0, 0.0, 20, 
2019-12-08 11:05:17.55,722073632, 496.8203266637654, 3109872, 26.436558804208204, 169892, 0, 0.0, 20, 
2019-12-08 11:05:18.575,732559392, 496.8203266637654, 3110356, 26.436558804208204, 169919, 0, 0.0, 20, 
2019-12-08 11:05:19.605,744093728, 496.8203266637654, 3110848, 26.436558804208204, 169946, 0, 0.0, 20, 
2019-12-08 11:05:20.637,753530912, 496.8203266637654, 3111337, 26.436558804208204, 169974, 0, 0.0, 20, 
2019-12-08 11:05:21.666,764016672, 495.2195897260518, 3111827, 26.41764460654315, 169991, 0, 0.0, 20, 
2019-12-08 11:05:22.695,776599584, 495.2195897260518, 3112330, 26.41764460654315, 170012, 0, 0.0, 20, 
2019-12-08 11:05:23.727,791279648, 495.2195897260518, 3112819, 26.41764460654315, 170039, 0, 0.0, 20, 
2019-12-08 11:05:24.752,800716832, 495.2195897260518, 3113286, 26.41764460654315, 170066, 0, 0.0, 20, 
2019-12-08 11:05:25.78,812251168, 495.2195897260518, 3113782, 26.41764460654315, 170099, 0, 0.0, 20, 
2019-12-08 11:05:26.823,823785504, 493.3950360715867, 3114257, 26.320287119253543, 170122, 0, 0.0, 20, 
2019-12-08 11:05:27.86,835319840, 493.3950360715867, 3114771, 26.320287119253543, 170145, 0, 0.0, 20, 
2019-12-08 11:05:28.888,203247688, 493.3950360715867, 3115261, 26.320287119253543, 170167, 0, 0.0, 20, 
2019-12-08 11:05:29.923,213733448, 493.3950360715867, 3115728, 26.320287119253543, 170184, 0, 0.0, 20, 
2019-12-08 11:05:30.956,224219208, 493.3950360715867, 3116187, 26.320287119253543, 170213, 0, 0.0, 20, 
2019-12-08 11:05:31.985,235753544, 491.34856997989937, 3116691, 25.942873799515958, 170231, 0, 0.0, 20, 
2019-12-08 11:05:33.018,246239304, 491.34856997989937, 3117208, 25.942873799515958, 170258, 0, 0.0, 20, 
2019-12-08 11:05:34.054,257773640, 491.34856997989937, 3117699, 25.942873799515958, 170285, 0, 0.0, 20, 
2019-12-08 11:05:35.086,268259400, 491.34856997989937, 3118202, 25.942873799515958, 170320, 0, 0.0, 20, 
2019-12-08 11:05:36.118,278745160, 491.34856997989937, 3118670, 25.942873799515958, 170346, 0, 0.0, 20, 
2019-12-08 11:05:37.148,289230920, 490.4251973069622, 3119166, 25.995414709538068, 170376, 0, 0.0, 20, 
2019-12-08 11:05:38.185,299716680, 490.4251973069622, 3119635, 25.995414709538068, 170405, 0, 0.0, 20, 
2019-12-08 11:05:39.214,311251016, 490.4251973069622, 3120120, 25.995414709538068, 170443, 0, 0.0, 20, 
2019-12-08 11:05:40.24,321736776, 490.4251973069622, 3120616, 25.995414709538068, 170466, 0, 0.0, 20, 
2019-12-08 11:05:41.278,333271112, 490.4251973069622, 3121073, 25.995414709538068, 170494, 0, 0.0, 20, 
2019-12-08 11:05:42.304,343756872, 488.3443374218967, 3121571, 26.18767473401067, 170512, 0, 0.0, 20, 
2019-12-08 11:05:43.33,354242632, 488.3443374218967, 3122069, 26.18767473401067, 170540, 0, 0.0, 20, 
2019-12-08 11:05:44.365,365776968, 488.3443374218967, 3122566, 26.18767473401067, 170559, 0, 0.0, 20, 
2019-12-08 11:05:45.392,376262728, 488.3443374218967, 3123026, 26.18767473401067, 170575, 0, 0.0, 20, 
2019-12-08 11:05:46.422,386748488, 486.9415696533883, 3123493, 25.916811217607396, 170611, 0, 0.0, 20, 
2019-12-08 11:05:47.458,397234248, 486.9415696533883, 3123988, 25.916811217607396, 170634, 0, 0.0, 20, 
2019-12-08 11:05:48.489,408768584, 486.9415696533883, 3124464, 25.916811217607396, 170659, 0, 0.0, 20, 
2019-12-08 11:05:49.518,419254344, 486.9415696533883, 3124931, 25.916811217607396, 170680, 0, 0.0, 20, 
2019-12-08 11:05:50.555,430788680, 486.9415696533883, 3125394, 25.916811217607396, 170705, 0, 0.0, 20, 
2019-12-08 11:05:51.58,441274440, 485.3791120126898, 3125915, 25.6196314009913, 170728, 0, 0.0, 20, 
2019-12-08 11:05:52.606,452808776, 485.3791120126898, 3126445, 25.6196314009913, 170749, 0, 0.0, 20, 
2019-12-08 11:05:53.634,463294536, 485.3791120126898, 3126935, 25.6196314009913, 170771, 0, 0.0, 20, 
2019-12-08 11:05:54.663,474828872, 485.3791120126898, 3127434, 25.6196314009913, 170789, 0, 0.0, 20, 
2019-12-08 11:05:55.691,485314632, 485.3791120126898, 3127926, 25.6196314009913, 170815, 0, 0.0, 20, 
2019-12-08 11:05:56.719,496848968, 485.31681765564593, 3128402, 25.298239419350686, 170840, 0, 0.0, 20, 
2019-12-08 11:05:57.746,506286152, 485.31681765564593, 3128877, 25.298239419350686, 170869, 0, 0.0, 20, 
2019-12-08 11:05:58.772,517820488, 485.31681765564593, 3129385, 25.298239419350686, 170894, 0, 0.0, 20, 
2019-12-08 11:05:59.804,529354824, 485.31681765564593, 3129904, 25.298239419350686, 170925, 0, 0.0, 20, 
2019-12-08 11:06:00.831,540889160, 485.31681765564593, 3130390, 25.298239419350686, 170951, 0, 0.0, 20, 
2019-12-08 11:06:01.857,551374920, 484.9236906218278, 3130853, 25.53025138518206, 170980, 0, 0.0, 20, 
2019-12-08 11:06:02.895,561860680, 484.9236906218278, 3131331, 25.53025138518206, 170996, 0, 0.0, 20, 
2019-12-08 11:06:03.923,573395016, 484.9236906218278, 3131839, 25.53025138518206, 171021, 0, 0.0, 20, 
2019-12-08 11:06:04.95,582832200, 484.9236906218278, 3132301, 25.53025138518206, 171047, 0, 0.0, 20, 
2019-12-08 11:06:05.981,594366536, 484.9236906218278, 3132793, 25.53025138518206, 171077, 0, 0.0, 20, 
2019-12-08 11:06:07.012,605900872, 483.65050261689805, 3133292, 25.343934771618994, 171098, 0, 0.0, 20, 
2019-12-08 11:06:08.038,617435208, 483.65050261689805, 3133778, 25.343934771618994, 171119, 0, 0.0, 20, 
2019-12-08 11:06:09.064,628969544, 483.65050261689805, 3134263, 25.343934771618994, 171140, 0, 0.0, 20, 
2019-12-08 11:06:10.097,639455304, 483.65050261689805, 3134746, 25.343934771618994, 171166, 0, 0.0, 20, 
2019-12-08 11:06:11.127,649941064, 483.65050261689805, 3135202, 25.343934771618994, 171197, 0, 0.0, 20, 
2019-12-08 11:06:12.154,660426824, 482.3671752846704, 3135675, 25.204497446105922, 171223, 0, 0.0, 20, 
2019-12-08 11:06:13.18,671961160, 482.3671752846704, 3136145, 25.204497446105922, 171245, 0, 0.0, 20, 
2019-12-08 11:06:14.21,681398344, 482.3671752846704, 3136612, 25.204497446105922, 171267, 0, 0.0, 20, 
2019-12-08 11:06:15.24,691884104, 482.3671752846704, 3137098, 25.204497446105922, 171294, 0, 0.0, 20, 
2019-12-08 11:06:16.27,703418440, 482.3671752846704, 3137595, 25.204497446105922, 171322, 0, 0.0, 20, 
2019-12-08 11:06:17.297,714952776, 481.0265459697718, 3138084, 25.108191147725037, 171342, 0, 0.0, 20, 
2019-12-08 11:06:18.325,725438536, 481.0265459697718, 3138582, 25.108191147725037, 171354, 0, 0.0, 20, 
2019-12-08 11:06:19.351,735924296, 481.0265459697718, 3139061, 25.108191147725037, 171375, 0, 0.0, 20, 
2019-12-08 11:06:20.377,746410056, 481.0265459697718, 3139542, 25.108191147725037, 171406, 0, 0.0, 20, 
2019-12-08 11:06:21.403,757944392, 481.0265459697718, 3140058, 25.108191147725037, 171427, 0, 0.0, 20, 
2019-12-08 11:06:22.429,768430152, 480.9284767687747, 3140545, 24.74773608554578, 171449, 0, 0.0, 20, 
2019-12-08 11:06:23.455,779964488, 480.9284767687747, 3141002, 24.74773608554578, 171467, 0, 0.0, 20, 
2019-12-08 11:06:24.481,790450248, 480.9284767687747, 3141522, 24.74773608554578, 171488, 0, 0.0, 20, 
2019-12-08 11:06:25.507,801984584, 480.9284767687747, 3141976, 24.74773608554578, 171518, 0, 0.0, 20, 
2019-12-08 11:06:26.539,811421768, 480.0067106602951, 3142475, 24.54403035545597, 171541, 0, 0.0, 20, 
2019-12-08 11:06:27.584,824004680, 480.0067106602951, 3142986, 24.54403035545597, 171566, 0, 0.0, 20, 
2019-12-08 11:06:28.675,837636168, 480.0067106602951, 3143496, 24.54403035545597, 171599, 0, 0.0, 20, 
2019-12-08 11:06:29.702,209767952, 480.0067106602951, 3144015, 24.54403035545597, 171630, 0, 0.0, 20, 
2019-12-08 11:06:30.727,220253712, 480.0067106602951, 3144509, 24.54403035545597, 171652, 0, 0.0, 20, 
2019-12-08 11:06:31.757,230739472, 480.6298276714142, 3145007, 24.67643437774156, 171684, 0, 0.0, 20, 
2019-12-08 11:06:32.786,241225232, 480.6298276714142, 3145466, 24.67643437774156, 171711, 0, 0.0, 20, 
2019-12-08 11:06:33.811,252759568, 480.6298276714142, 3145969, 24.67643437774156, 171734, 0, 0.0, 20, 
2019-12-08 11:06:34.836,263245328, 480.6298276714142, 3146473, 24.67643437774156, 171745, 0, 0.0, 20, 
2019-12-08 11:06:35.874,273731088, 480.6298276714142, 3146966, 24.67643437774156, 171760, 0, 0.0, 20, 
2019-12-08 11:06:36.916,286314000, 479.9718069824465, 3147456, 24.46243850036303, 171786, 0, 0.0, 20, 
2019-12-08 11:06:37.941,295751184, 479.9718069824465, 3147914, 24.46243850036303, 171819, 0, 0.0, 20, 
2019-12-08 11:06:38.969,307285520, 479.9718069824465, 3148358, 24.46243850036303, 171836, 0, 0.0, 20, 
2019-12-08 11:06:39.999,316722704, 479.9718069824465, 3148843, 24.46243850036303, 171867, 0, 0.0, 20, 
2019-12-08 11:06:41.024,328257040, 479.9718069824465, 3149321, 24.46243850036303, 171895, 0, 0.0, 20, 
2019-12-08 11:06:42.059,338742800, 478.02314488862385, 3149782, 24.489428427665107, 171915, 0, 0.0, 20, 
2019-12-08 11:06:43.09,350277136, 478.02314488862385, 3150305, 24.489428427665107, 171937, 0, 0.0, 20, 
2019-12-08 11:06:44.119,361811472, 478.02314488862385, 3150803, 24.489428427665107, 171969, 0, 0.0, 20, 
2019-12-08 11:06:45.145,371248656, 478.02314488862385, 3151291, 24.489428427665107, 171999, 0, 0.0, 20, 
2019-12-08 11:06:46.171,382782992, 478.02314488862385, 3151746, 24.489428427665107, 172019, 0, 0.0, 20, 
2019-12-08 11:06:47.198,393268752, 477.68548086694875, 3152224, 24.466287008308228, 172046, 0, 0.0, 20, 
2019-12-08 11:06:48.231,404803088, 477.68548086694875, 3152716, 24.466287008308228, 172067, 0, 0.0, 20, 
2019-12-08 11:06:49.256,415288848, 477.68548086694875, 3153208, 24.466287008308228, 172094, 0, 0.0, 20, 
2019-12-08 11:06:50.285,426823184, 477.68548086694875, 3153674, 24.466287008308228, 172120, 0, 0.0, 20, 
2019-12-08 11:06:51.31,437308944, 477.68548086694875, 3154149, 24.466287008308228, 172144, 0, 0.0, 20, 
2019-12-08 11:06:52.337,448843280, 476.6552147014492, 3154625, 24.460986991756474, 172174, 0, 0.0, 20, 
2019-12-08 11:06:53.363,460377616, 476.6552147014492, 3155143, 24.460986991756474, 172203, 0, 0.0, 20, 
2019-12-08 11:06:54.389,470863376, 476.6552147014492, 3155603, 24.460986991756474, 172224, 0, 0.0, 20, 
2019-12-08 11:06:55.416,481349136, 476.6552147014492, 3156101, 24.460986991756474, 172250, 0, 0.0, 20, 
2019-12-08 11:06:56.446,492883472, 476.69877332889615, 3156584, 24.600030794797807, 172278, 0, 0.0, 20, 
2019-12-08 11:06:57.473,502320656, 476.69877332889615, 3157065, 24.600030794797807, 172303, 0, 0.0, 20, 
2019-12-08 11:06:58.5,513854992, 476.69877332889615, 3157569, 24.600030794797807, 172339, 0, 0.0, 20, 
2019-12-08 11:06:59.53,525389328, 476.69877332889615, 3158058, 24.600030794797807, 172367, 0, 0.0, 20, 
2019-12-08 11:07:00.556,534826512, 476.69877332889615, 3158552, 24.600030794797807, 172389, 0, 0.0, 20, 
2019-12-08 11:07:01.581,546360848, 476.81880478615835, 3159043, 24.7279572691748, 172411, 0, 0.0, 20, 
2019-12-08 11:07:02.609,556846608, 476.81880478615835, 3159549, 24.7279572691748, 172433, 0, 0.0, 20, 
2019-12-08 11:07:03.634,568380944, 476.81880478615835, 3160033, 24.7279572691748, 172448, 0, 0.0, 20, 
2019-12-08 11:07:04.662,578866704, 476.81880478615835, 3160515, 24.7279572691748, 172475, 0, 0.0, 20, 
2019-12-08 11:07:05.697,590401040, 476.81880478615835, 3161034, 24.7279572691748, 172508, 0, 0.0, 20, 
2019-12-08 11:07:06.725,600886800, 477.12113246288186, 3161508, 24.57380631714828, 172526, 0, 0.0, 20, 
2019-12-08 11:07:07.755,611372560, 477.12113246288186, 3161972, 24.57380631714828, 172563, 0, 0.0, 20, 
2019-12-08 11:07:08.794,621858320, 477.12113246288186, 3162453, 24.57380631714828, 172584, 0, 0.0, 20, 
2019-12-08 11:07:09.853,632344080, 477.12113246288186, 3162920, 24.57380631714828, 172609, 0, 0.0, 20, 
2019-12-08 11:07:10.882,643878416, 477.12113246288186, 3163377, 24.57380631714828, 172634, 0, 0.0, 20, 
2019-12-08 11:07:11.908,656461328, 475.57630000678773, 3163888, 24.671847350838515, 172663, 0, 0.0, 20, 
2019-12-08 11:07:12.933,667995664, 475.57630000678773, 3164399, 24.671847350838515, 172693, 0, 0.0, 20, 
2019-12-08 11:07:13.961,678481424, 475.57630000678773, 3164885, 24.671847350838515, 172716, 0, 0.0, 20, 
2019-12-08 11:07:14.986,690015760, 475.57630000678773, 3165354, 24.671847350838515, 172742, 0, 0.0, 20, 
2019-12-08 11:07:16.017,700501520, 475.57630000678773, 3165831, 24.671847350838515, 172763, 0, 0.0, 20, 
2019-12-08 11:07:17.043,712035856, 475.5622038365442, 3166324, 24.650111636770752, 172783, 0, 0.0, 20, 
2019-12-08 11:07:18.068,720424464, 475.5622038365442, 3166785, 24.650111636770752, 172808, 0, 0.0, 20, 
2019-12-08 11:07:19.095,731958800, 475.5622038365442, 3167282, 24.650111636770752, 172837, 0, 0.0, 20, 
2019-12-08 11:07:20.121,742444560, 475.5622038365442, 3167760, 24.650111636770752, 172858, 0, 0.0, 20, 
2019-12-08 11:07:21.148,752930320, 475.5622038365442, 3168243, 24.650111636770752, 172880, 0, 0.0, 20, 
2019-12-08 11:07:22.173,765513232, 475.0535101045457, 3168725, 24.48619376077751, 172910, 0, 0.0, 20, 
2019-12-08 11:07:23.199,774950416, 475.0535101045457, 3169197, 24.48619376077751, 172940, 0, 0.0, 20, 
2019-12-08 11:07:24.234,785436176, 475.0535101045457, 3169660, 24.48619376077751, 172965, 0, 0.0, 20, 
2019-12-08 11:07:25.261,795921936, 475.0535101045457, 3170133, 24.48619376077751, 172986, 0, 0.0, 20, 
2019-12-08 11:07:26.284,807456272, 475.0535101045457, 3170602, 24.48619376077751, 173008, 0, 0.0, 20, 
2019-12-08 11:07:27.31,817942032, 473.689986721512, 3171093, 24.49529320525338, 173025, 0, 0.0, 20, 
2019-12-08 11:07:28.337,829476368, 473.689986721512, 3171616, 24.49529320525338, 173044, 0, 0.0, 20, 
2019-12-08 11:07:29.361,199171888, 473.689986721512, 3172118, 24.49529320525338, 173080, 0, 0.0, 20, 
2019-12-08 11:07:30.388,208609072, 473.689986721512, 3172579, 24.49529320525338, 173107, 0, 0.0, 20, 
2019-12-08 11:07:31.413,220143408, 474.77018774155914, 3173097, 24.439700630023093, 173128, 0, 0.0, 20, 
2019-12-08 11:07:32.439,232726320, 474.77018774155914, 3173583, 24.439700630023093, 173151, 0, 0.0, 20, 
2019-12-08 11:07:33.463,244260656, 474.77018774155914, 3174100, 24.439700630023093, 173178, 0, 0.0, 20, 
2019-12-08 11:07:34.49,254746416, 474.77018774155914, 3174567, 24.439700630023093, 173205, 0, 0.0, 20, 
2019-12-08 11:07:35.518,265232176, 474.77018774155914, 3175053, 24.439700630023093, 173234, 0, 0.0, 20, 
2019-12-08 11:07:36.543,275717936, 474.8845092176529, 3175529, 24.436526342910014, 173253, 0, 0.0, 20, 
2019-12-08 11:07:37.569,287252272, 474.8845092176529, 3176000, 24.436526342910014, 173276, 0, 0.0, 20, 
2019-12-08 11:07:38.599,296689456, 474.8845092176529, 3176468, 24.436526342910014, 173305, 0, 0.0, 20, 
2019-12-08 11:07:39.625,307175216, 474.8845092176529, 3176949, 24.436526342910014, 173324, 0, 0.0, 20, 
2019-12-08 11:07:40.649,317660976, 474.8845092176529, 3177405, 24.436526342910014, 173345, 0, 0.0, 20, 
2019-12-08 11:07:41.693,329195312, 473.5984628677554, 3177908, 24.257703569965702, 173366, 0, 0.0, 20, 
2019-12-08 11:07:42.717,339681072, 473.5984628677554, 3178380, 24.257703569965702, 173384, 0, 0.0, 20, 
2019-12-08 11:07:43.742,349118256, 473.5984628677554, 3178832, 24.257703569965702, 173416, 0, 0.0, 20, 
2019-12-08 11:07:44.768,360652592, 473.5984628677554, 3179297, 24.257703569965702, 173442, 0, 0.0, 20, 
2019-12-08 11:07:45.821,371138352, 473.5984628677554, 3179779, 24.257703569965702, 173473, 0, 0.0, 20, 
2019-12-08 11:07:46.852,381624112, 472.25533193583647, 3180259, 24.301063198473525, 173493, 0, 0.0, 20, 
2019-12-08 11:07:47.876,393158448, 472.25533193583647, 3180719, 24.301063198473525, 173520, 0, 0.0, 20, 
2019-12-08 11:07:48.903,403644208, 472.25533193583647, 3181212, 24.301063198473525, 173547, 0, 0.0, 20, 
2019-12-08 11:07:49.936,414129968, 472.25533193583647, 3181700, 24.301063198473525, 173577, 0, 0.0, 20, 
2019-12-08 11:07:50.96,425664304, 472.25533193583647, 3182221, 24.301063198473525, 173601, 0, 0.0, 20, 
2019-12-08 11:07:51.987,436150064, 472.4268101263325, 3182695, 24.452893802021492, 173630, 0, 0.0, 20, 
2019-12-08 11:07:53.025,449781552, 472.4268101263325, 3183183, 24.452893802021492, 173657, 0, 0.0, 20, 
2019-12-08 11:07:54.054,460267312, 472.4268101263325, 3183670, 24.452893802021492, 173691, 0, 0.0, 20, 
2019-12-08 11:07:55.08,471801648, 472.4268101263325, 3184164, 24.452893802021492, 173723, 0, 0.0, 20, 
2019-12-08 11:07:56.107,482287408, 472.4268101263325, 3184612, 24.452893802021492, 173750, 0, 0.0, 20, 
2019-12-08 11:07:57.134,492773168, 471.89695964354127, 3185101, 24.720513637378684, 173774, 0, 0.0, 20, 
2019-12-08 11:07:58.159,504307504, 471.89695964354127, 3185588, 24.720513637378684, 173804, 0, 0.0, 20, 
2019-12-08 11:07:59.186,512696112, 471.89695964354127, 3186030, 24.720513637378684, 173822, 0, 0.0, 20, 
2019-12-08 11:08:00.212,524230448, 471.89695964354127, 3186492, 24.720513637378684, 173837, 0, 0.0, 20, 
2019-12-08 11:08:01.238,534716208, 471.89695964354127, 3186950, 24.720513637378684, 173873, 0, 0.0, 20, 
2019-12-08 11:08:02.265,545201968, 470.641900046702, 3187415, 24.774842367253463, 173907, 0, 0.0, 20, 
2019-12-08 11:08:03.292,555687728, 470.641900046702, 3187898, 24.774842367253463, 173938, 0, 0.0, 20, 
2019-12-08 11:08:04.319,567222064, 470.641900046702, 3188376, 24.774842367253463, 173965, 0, 0.0, 20, 
2019-12-08 11:08:05.346,577707824, 470.641900046702, 3188843, 24.774842367253463, 173986, 0, 0.0, 20, 
2019-12-08 11:08:06.381,588193584, 470.641900046702, 3189335, 24.774842367253463, 174016, 0, 0.0, 20, 
2019-12-08 11:08:07.409,599727920, 469.9989052209755, 3189826, 24.952756148321743, 174039, 0, 0.0, 20, 
2019-12-08 11:08:08.436,611262256, 469.9989052209755, 3190342, 24.952756148321743, 174061, 0, 0.0, 20, 
2019-12-08 11:08:09.462,621748016, 469.9989052209755, 3190804, 24.952756148321743, 174092, 0, 0.0, 20, 
2019-12-08 11:08:10.488,633282352, 469.9989052209755, 3191299, 24.952756148321743, 174110, 0, 0.0, 20, 
2019-12-08 11:08:11.515,643768112, 470.81453972545415, 3191799, 24.844595738618896, 174139, 0, 0.0, 20, 
2019-12-08 11:08:12.541,655302448, 470.81453972545415, 3192294, 24.844595738618896, 174166, 0, 0.0, 20, 
2019-12-08 11:08:13.565,666836784, 470.81453972545415, 3192792, 24.844595738618896, 174189, 0, 0.0, 20, 
2019-12-08 11:08:14.598,678371120, 470.81453972545415, 3193296, 24.844595738618896, 174220, 0, 0.0, 20, 
2019-12-08 11:08:15.625,689905456, 470.81453972545415, 3193788, 24.844595738618896, 174242, 0, 0.0, 20, 
2019-12-08 11:08:16.651,701439792, 471.5329774615304, 3194271, 24.745083357787774, 174258, 0, 0.0, 20, 
2019-12-08 11:08:17.678,711925552, 471.5329774615304, 3194741, 24.745083357787774, 174283, 0, 0.0, 20, 
2019-12-08 11:08:18.702,722411312, 471.5329774615304, 3195230, 24.745083357787774, 174304, 0, 0.0, 20, 
2019-12-08 11:08:19.728,732897072, 471.5329774615304, 3195706, 24.745083357787774, 174334, 0, 0.0, 20, 
2019-12-08 11:08:20.754,745479984, 471.5329774615304, 3196215, 24.745083357787774, 174352, 0, 0.0, 20, 
2019-12-08 11:08:21.78,754917168, 471.74622080979054, 3196685, 24.541589728098685, 174374, 0, 0.0, 20, 
2019-12-08 11:08:22.803,767500080, 471.74622080979054, 3197167, 24.541589728098685, 174402, 0, 0.0, 20, 
2019-12-08 11:08:23.828,777985840, 471.74622080979054, 3197682, 24.541589728098685, 174439, 0, 0.0, 20, 
2019-12-08 11:08:24.856,788471600, 471.74622080979054, 3198153, 24.541589728098685, 174463, 0, 0.0, 20, 
2019-12-08 11:08:25.884,800005936, 471.74622080979054, 3198628, 24.541589728098685, 174488, 0, 0.0, 20, 
2019-12-08 11:08:26.909,809443120, 471.62259181983137, 3199097, 24.77013559461811, 174507, 0, 0.0, 20, 
2019-12-08 11:08:27.936,819928880, 471.62259181983137, 3199576, 24.77013559461811, 174535, 0, 0.0, 20, 
2019-12-08 11:08:28.96,831463216, 471.62259181983137, 3200042, 24.77013559461811, 174563, 0, 0.0, 20, 
2019-12-08 11:08:29.985,201352608, 471.62259181983137, 3200526, 24.77013559461811, 174584, 0, 0.0, 20, 
2019-12-08 11:08:31.011,211838368, 471.62259181983137, 3200999, 24.77013559461811, 174602, 0, 0.0, 20, 
2019-12-08 11:08:32.044,223372704, 470.56537175075925, 3201497, 24.62860336696495, 174623, 0, 0.0, 20, 
2019-12-08 11:08:33.069,234907040, 470.56537175075925, 3201972, 24.62860336696495, 174644, 0, 0.0, 20, 
2019-12-08 11:08:34.095,243295648, 470.56537175075925, 3202457, 24.62860336696495, 174667, 0, 0.0, 20, 
2019-12-08 11:08:35.123,254829984, 470.56537175075925, 3202948, 24.62860336696495, 174701, 0, 0.0, 20, 
2019-12-08 11:08:36.152,266364320, 470.56537175075925, 3203402, 24.62860336696495, 174724, 0, 0.0, 20, 
2019-12-08 11:08:37.18,276850080, 471.03188286784757, 3203914, 24.482396314348478, 174747, 0, 0.0, 20, 
2019-12-08 11:08:38.205,289432992, 471.03188286784757, 3204390, 24.482396314348478, 174777, 0, 0.0, 20, 
2019-12-08 11:08:39.231,299918752, 471.03188286784757, 3204881, 24.482396314348478, 174797, 0, 0.0, 20, 
2019-12-08 11:08:40.259,309355936, 471.03188286784757, 3205362, 24.482396314348478, 174825, 0, 0.0, 20, 
2019-12-08 11:08:41.284,320890272, 471.03188286784757, 3205822, 24.482396314348478, 174846, 0, 0.0, 20, 
2019-12-08 11:08:42.32,332424608, 470.69352019592867, 3206302, 24.42783491757995, 174885, 0, 0.0, 20, 
2019-12-08 11:08:43.346,341861792, 470.69352019592867, 3206774, 24.42783491757995, 174909, 0, 0.0, 20, 
2019-12-08 11:08:44.37,352347552, 470.69352019592867, 3207252, 24.42783491757995, 174925, 0, 0.0, 20, 
2019-12-08 11:08:45.4,363881888, 470.69352019592867, 3207768, 24.42783491757995, 174955, 0, 0.0, 20, 
2019-12-08 11:08:46.426,374367648, 470.55811379732614, 3208235, 24.617502765340724, 174983, 0, 0.0, 20, 
2019-12-08 11:08:47.461,384853408, 470.55811379732614, 3208716, 24.617502765340724, 175008, 0, 0.0, 20, 
2019-12-08 11:08:48.496,396387744, 470.55811379732614, 3209194, 24.617502765340724, 175031, 0, 0.0, 20, 
2019-12-08 11:08:49.527,408970656, 470.55811379732614, 3209707, 24.617502765340724, 175063, 0, 0.0, 20, 
2019-12-08 11:08:50.559,420504992, 470.55811379732614, 3210215, 24.617502765340724, 175088, 0, 0.0, 20, 
2019-12-08 11:08:51.588,432039328, 471.28106310151594, 3210704, 24.6161033214923, 175108, 0, 0.0, 20, 
2019-12-08 11:08:52.614,443573664, 471.28106310151594, 3211220, 24.6161033214923, 175136, 0, 0.0, 20, 
2019-12-08 11:08:53.642,455108000, 471.28106310151594, 3211700, 24.6161033214923, 175166, 0, 0.0, 20, 
2019-12-08 11:08:54.672,465593760, 471.28106310151594, 3212221, 24.6161033214923, 175198, 0, 0.0, 20, 
2019-12-08 11:08:55.697,477128096, 471.28106310151594, 3212719, 24.6161033214923, 175226, 0, 0.0, 20, 
2019-12-08 11:08:56.721,486565280, 472.5058976684907, 3213200, 24.96662034662695, 175256, 0, 0.0, 20, 
2019-12-08 11:08:57.756,500196768, 472.5058976684907, 3213690, 24.96662034662695, 175272, 0, 0.0, 20, 
2019-12-08 11:08:58.781,511731104, 472.5058976684907, 3214184, 24.96662034662695, 175301, 0, 0.0, 20, 
2019-12-08 11:08:59.807,521168288, 472.5058976684907, 3214692, 24.96662034662695, 175332, 0, 0.0, 20, 
2019-12-08 11:09:00.832,532702624, 472.5058976684907, 3215183, 24.96662034662695, 175361, 0, 0.0, 20, 
2019-12-08 11:09:01.859,545285536, 473.28099529504976, 3215686, 24.937307002203593, 175383, 0, 0.0, 20, 
2019-12-08 11:09:02.883,555771296, 473.28099529504976, 3216175, 24.937307002203593, 175400, 0, 0.0, 20, 
2019-12-08 11:09:03.907,566257056, 473.28099529504976, 3216661, 24.937307002203593, 175432, 0, 0.0, 20, 
2019-12-08 11:09:04.934,577791392, 473.28099529504976, 3217123, 24.937307002203593, 175460, 0, 0.0, 20, 
2019-12-08 11:09:05.962,588277152, 473.28099529504976, 3217610, 24.937307002203593, 175485, 0, 0.0, 20, 
2019-12-08 11:09:06.989,598762912, 472.71483017122705, 3218065, 24.95831077461518, 175517, 0, 0.0, 20, 
2019-12-08 11:09:08.018,609248672, 472.71483017122705, 3218529, 24.95831077461518, 175544, 0, 0.0, 20, 
2019-12-08 11:09:09.047,619734432, 472.71483017122705, 3219010, 24.95831077461518, 175569, 0, 0.0, 20, 
2019-12-08 11:09:10.073,630220192, 472.71483017122705, 3219486, 24.95831077461518, 175592, 0, 0.0, 20, 
2019-12-08 11:09:11.099,640705952, 472.71483017122705, 3219961, 24.95831077461518, 175615, 0, 0.0, 20, 
2019-12-08 11:09:12.123,652240288, 471.74618183322025, 3220452, 24.929661826886203, 175650, 0, 0.0, 20, 
2019-12-08 11:09:13.149,662726048, 471.74618183322025, 3220906, 24.929661826886203, 175677, 0, 0.0, 20, 
2019-12-08 11:09:14.175,673211808, 471.74618183322025, 3221390, 24.929661826886203, 175698, 0, 0.0, 20, 
2019-12-08 11:09:15.202,683697568, 471.74618183322025, 3221900, 24.929661826886203, 175722, 0, 0.0, 20, 
2019-12-08 11:09:16.229,694183328, 471.74618183322025, 3222378, 24.929661826886203, 175745, 0, 0.0, 20, 
2019-12-08 11:09:17.255,706766240, 471.8144493645453, 3222882, 24.93528575669142, 175775, 0, 0.0, 20, 
2019-12-08 11:09:18.287,719349152, 471.8144493645453, 3223374, 24.93528575669142, 175798, 0, 0.0, 20, 
2019-12-08 11:09:19.314,729834912, 471.8144493645453, 3223848, 24.93528575669142, 175821, 0, 0.0, 20, 
2019-12-08 11:09:20.345,740320672, 471.8144493645453, 3224322, 24.93528575669142, 175843, 0, 0.0, 20, 
2019-12-08 11:09:21.371,750806432, 471.8144493645453, 3224796, 24.93528575669142, 175871, 0, 0.0, 20, 
2019-12-08 11:09:22.398,761292192, 471.6853651205517, 3225268, 24.90847778774871, 175902, 0, 0.0, 20, 
2019-12-08 11:09:23.427,772826528, 471.6853651205517, 3225748, 24.90847778774871, 175924, 0, 0.0, 20, 
2019-12-08 11:09:24.455,783312288, 471.6853651205517, 3226232, 24.90847778774871, 175947, 0, 0.0, 20, 
2019-12-08 11:09:25.489,793798048, 471.6853651205517, 3226736, 24.90847778774871, 175975, 0, 0.0, 20, 
2019-12-08 11:09:26.515,804283808, 471.3906995950333, 3227196, 24.931786616877815, 175998, 0, 0.0, 20, 
2019-12-08 11:09:27.544,815818144, 471.3906995950333, 3227668, 24.931786616877815, 176018, 0, 0.0, 20, 
2019-12-08 11:09:28.573,825255328, 471.3906995950333, 3228138, 24.931786616877815, 176041, 0, 0.0, 20, 
2019-12-08 11:09:29.6,835741088, 471.3906995950333, 3228611, 24.931786616877815, 176060, 0, 0.0, 20, 
2019-12-08 11:09:30.629,201542248, 471.3906995950333, 3229050, 24.931786616877815, 176087, 0, 0.0, 20, 
2019-12-08 11:09:31.661,212028008, 469.92026044353616, 3229523, 24.617418316372756, 176109, 0, 0.0, 20, 
2019-12-08 11:09:32.687,223562344, 469.92026044353616, 3229989, 24.617418316372756, 176128, 0, 0.0, 20, 
2019-12-08 11:09:33.713,234048104, 469.92026044353616, 3230450, 24.617418316372756, 176157, 0, 0.0, 20, 
2019-12-08 11:09:34.74,244533864, 469.92026044353616, 3230937, 24.617418316372756, 176182, 0, 0.0, 20, 
2019-12-08 11:09:35.765,255019624, 469.92026044353616, 3231412, 24.617418316372756, 176200, 0, 0.0, 20, 
2019-12-08 11:09:36.793,265505384, 468.8072578712609, 3231894, 24.424132219801375, 176220, 0, 0.0, 20, 
2019-12-08 11:09:37.818,275991144, 468.8072578712609, 3232375, 24.424132219801375, 176242, 0, 0.0, 20, 
2019-12-08 11:09:38.849,287525480, 468.8072578712609, 3232905, 24.424132219801375, 176270, 0, 0.0, 20, 
2019-12-08 11:09:39.876,298011240, 468.8072578712609, 3233396, 24.424132219801375, 176296, 0, 0.0, 20, 
2019-12-08 11:09:40.901,309545576, 468.8072578712609, 3233860, 24.424132219801375, 176327, 0, 0.0, 20, 
2019-12-08 11:09:41.927,321079912, 469.3983488956587, 3234329, 24.550131650633947, 176352, 0, 0.0, 20, 
2019-12-08 11:09:42.952,331565672, 469.3983488956587, 3234782, 24.550131650633947, 176381, 0, 0.0, 20, 
2019-12-08 11:09:43.978,342051432, 469.3983488956587, 3235259, 24.550131650633947, 176398, 0, 0.0, 20, 
2019-12-08 11:09:45.004,352537192, 469.3983488956587, 3235729, 24.550131650633947, 176430, 0, 0.0, 20, 
2019-12-08 11:09:46.03,365120104, 469.3983488956587, 3236211, 24.550131650633947, 176451, 0, 0.0, 20, 
2019-12-08 11:09:47.057,374557288, 468.93473851552295, 3236686, 24.426189967105895, 176476, 0, 0.0, 20, 
2019-12-08 11:09:48.088,385043048, 468.93473851552295, 3237131, 24.426189967105895, 176496, 0, 0.0, 20, 
2019-12-08 11:09:49.115,395528808, 468.93473851552295, 3237606, 24.426189967105895, 176531, 0, 0.0, 20, 
2019-12-08 11:09:50.141,406014568, 468.93473851552295, 3238066, 24.426189967105895, 176548, 0, 0.0, 20, 
2019-12-08 11:09:51.17,418597480, 468.93473851552295, 3238570, 24.426189967105895, 176569, 0, 0.0, 20, 
2019-12-08 11:09:52.196,430131816, 467.94850727712003, 3239077, 24.328149230510295, 176590, 0, 0.0, 20, 
2019-12-08 11:09:53.23,439569000, 467.94850727712003, 3239598, 24.328149230510295, 176616, 0, 0.0, 20, 
2019-12-08 11:09:54.257,451103336, 467.94850727712003, 3240080, 24.328149230510295, 176642, 0, 0.0, 20, 
2019-12-08 11:09:55.285,461589096, 467.94850727712003, 3240543, 24.328149230510295, 176676, 0, 0.0, 20, 
2019-12-08 11:09:56.311,482560616, 467.94850727712003, 3241024, 24.328149230510295, 176699, 0, 0.0, 20, 
2019-12-08 11:09:57.338,497240680, 468.8321358469977, 3241497, 24.39785856914072, 176725, 0, 0.0, 20, 
2019-12-08 11:09:58.367,508775016, 468.8321358469977, 3241981, 24.39785856914072, 176745, 0, 0.0, 20, 
2019-12-08 11:09:59.399,521357928, 468.8321358469977, 3242481, 24.39785856914072, 176765, 0, 0.0, 20, 
2019-12-08 11:10:00.424,534989416, 468.8321358469977, 3242983, 24.39785856914072, 176791, 0, 0.0, 20, 
2019-12-08 11:10:01.45,548620904, 469.58114890902397, 3243484, 24.38203867142447, 176821, 0, 0.0, 20, 
2019-12-08 11:10:02.477,562252392, 469.58114890902397, 3243991, 24.38203867142447, 176840, 0, 0.0, 20, 
2019-12-08 11:10:03.503,574835304, 469.58114890902397, 3244468, 24.38203867142447, 176869, 0, 0.0, 20, 
2019-12-08 11:10:04.544,587418216, 469.58114890902397, 3244968, 24.38203867142447, 176903, 0, 0.0, 20, 
2019-12-08 11:10:05.568,601049704, 469.58114890902397, 3245467, 24.38203867142447, 176933, 0, 0.0, 20, 
2019-12-08 11:10:06.592,613632616, 470.2542830761515, 3245940, 24.55937706778025, 176959, 0, 0.0, 20, 
2019-12-08 11:10:07.619,627264104, 470.2542830761515, 3246429, 24.55937706778025, 176991, 0, 0.0, 20, 
2019-12-08 11:10:08.643,638798440, 470.2542830761515, 3246859, 24.55937706778025, 177023, 0, 0.0, 20, 
2019-12-08 11:10:09.67,651381352, 470.2542830761515, 3247334, 24.55937706778025, 177043, 0, 0.0, 20, 
2019-12-08 11:10:10.696,666061416, 470.2542830761515, 3247869, 24.55937706778025, 177069, 0, 0.0, 20, 
2019-12-08 11:10:11.722,679692904, 470.4898095971342, 3248378, 24.674562917624304, 177090, 0, 0.0, 20, 
2019-12-08 11:10:12.748,693324392, 470.4898095971342, 3248851, 24.674562917624304, 177114, 0, 0.0, 20, 
2019-12-08 11:10:13.774,721635944, 470.4898095971342, 3249380, 24.674562917624304, 177144, 0, 0.0, 20, 
2019-12-08 11:10:14.801,735267432, 470.4898095971342, 3249850, 24.674562917624304, 177166, 0, 0.0, 20, 
2019-12-08 11:10:15.827,747850344, 470.4898095971342, 3250328, 24.674562917624304, 177190, 0, 0.0, 20, 
2019-12-08 11:10:16.863,761481832, 471.1222735011888, 3250831, 24.652610078824573, 177222, 0, 0.0, 20, 
2019-12-08 11:10:17.889,775113320, 471.1222735011888, 3251294, 24.652610078824573, 177243, 0, 0.0, 20, 
2019-12-08 11:10:18.915,787696232, 471.1222735011888, 3251785, 24.652610078824573, 177273, 0, 0.0, 20, 
2019-12-08 11:10:19.941,800279144, 471.1222735011888, 3252240, 24.652610078824573, 177293, 0, 0.0, 20, 
2019-12-08 11:10:20.97,812862056, 471.1222735011888, 3252726, 24.652610078824573, 177325, 0, 0.0, 20, 
2019-12-08 11:10:21.996,826493544, 470.8246569444915, 3253211, 24.7123680774723, 177349, 0, 0.0, 20, 
2019-12-08 11:10:23.026,839076456, 470.8246569444915, 3253691, 24.7123680774723, 177377, 0, 0.0, 20, 
2019-12-08 11:10:24.058,209327128, 470.8246569444915, 3254186, 24.7123680774723, 177393, 0, 0.0, 20, 
2019-12-08 11:10:25.087,224007192, 470.8246569444915, 3254651, 24.7123680774723, 177411, 0, 0.0, 20, 
2019-12-08 11:10:26.116,235541528, 470.8246569444915, 3255132, 24.7123680774723, 177430, 0, 0.0, 20, 
2019-12-08 11:10:27.147,250221592, 470.27898750354063, 3255636, 24.36757016350418, 177455, 0, 0.0, 20, 
2019-12-08 11:10:28.173,262804504, 470.27898750354063, 3256114, 24.36757016350418, 177483, 0, 0.0, 20, 
2019-12-08 11:10:29.197,276435992, 470.27898750354063, 3256609, 24.36757016350418, 177509, 0, 0.0, 20, 
2019-12-08 11:10:30.226,290067480, 470.27898750354063, 3257108, 24.36757016350418, 177537, 0, 0.0, 20, 
2019-12-08 11:10:31.253,304747544, 470.27898750354063, 3257606, 24.36757016350418, 177574, 0, 0.0, 20, 
2019-12-08 11:10:32.281,317330456, 471.08821898223897, 3258101, 24.769941036918063, 177597, 0, 0.0, 20, 
2019-12-08 11:10:33.305,330961944, 471.08821898223897, 3258595, 24.769941036918063, 177623, 0, 0.0, 20, 
2019-12-08 11:10:34.334,344593432, 471.08821898223897, 3259110, 24.769941036918063, 177645, 0, 0.0, 20, 
2019-12-08 11:10:35.358,357176344, 471.08821898223897, 3259572, 24.769941036918063, 177667, 0, 0.0, 20, 
2019-12-08 11:10:36.383,370807832, 471.08821898223897, 3260049, 24.769941036918063, 177696, 0, 0.0, 20, 
2019-12-08 11:10:37.407,384439320, 471.640854479468, 3260548, 24.660406599387965, 177717, 0, 0.0, 20, 
2019-12-08 11:10:38.433,398070808, 471.640854479468, 3261059, 24.660406599387965, 177735, 0, 0.0, 20, 
2019-12-08 11:10:39.458,410653720, 471.640854479468, 3261544, 24.660406599387965, 177761, 0, 0.0, 20, 
2019-12-08 11:10:40.485,424285208, 471.640854479468, 3262034, 24.660406599387965, 177783, 0, 0.0, 20, 
2019-12-08 11:10:41.507,436868120, 472.453134906428, 3262524, 24.2717899445944, 177802, 0, 0.0, 20, 
2019-12-08 11:10:42.534,450499608, 472.453134906428, 3263020, 24.2717899445944, 177820, 0, 0.0, 20, 
2019-12-08 11:10:43.559,463082520, 472.453134906428, 3263496, 24.2717899445944, 177847, 0, 0.0, 20, 
2019-12-08 11:10:44.584,477762584, 472.453134906428, 3263997, 24.2717899445944, 177869, 0, 0.0, 20, 
2019-12-08 11:10:45.609,491394072, 472.453134906428, 3264490, 24.2717899445944, 177891, 0, 0.0, 20, 
2019-12-08 11:10:46.634,506074136, 473.69619360566344, 3265018, 24.21807658632822, 177923, 0, 0.0, 20, 
2019-12-08 11:10:47.657,520754200, 473.69619360566344, 3265549, 24.21807658632822, 177952, 0, 0.0, 20, 
2019-12-08 11:10:48.695,533337112, 473.69619360566344, 3266046, 24.21807658632822, 177978, 0, 0.0, 20, 
2019-12-08 11:10:49.719,546968600, 473.69619360566344, 3266539, 24.21807658632822, 178006, 0, 0.0, 20, 
2019-12-08 11:10:50.746,561648664, 473.69619360566344, 3267040, 24.21807658632822, 178030, 0, 0.0, 20, 
2019-12-08 11:10:51.773,575280152, 474.7439161165067, 3267519, 24.360551315954062, 178058, 0, 0.0, 20, 
2019-12-08 11:10:52.809,587863064, 474.7439161165067, 3267983, 24.360551315954062, 178081, 0, 0.0, 20, 
2019-12-08 11:10:53.834,602543128, 474.7439161165067, 3268481, 24.360551315954062, 178112, 0, 0.0, 20, 
2019-12-08 11:10:54.862,614077464, 474.7439161165067, 3268936, 24.360551315954062, 178143, 0, 0.0, 20, 
2019-12-08 11:10:55.889,628757528, 474.7439161165067, 3269389, 24.360551315954062, 178172, 0, 0.0, 20, 
2019-12-08 11:10:56.916,640291864, 473.00536857516045, 3269832, 24.635554448839358, 178199, 0, 0.0, 20, 
2019-12-08 11:10:57.939,653923352, 473.00536857516045, 3270367, 24.635554448839358, 178231, 0, 0.0, 20, 
2019-12-08 11:10:58.967,668603416, 473.00536857516045, 3270874, 24.635554448839358, 178257, 0, 0.0, 20, 
2019-12-08 11:11:00.003,680137752, 473.00536857516045, 3271341, 24.635554448839358, 178280, 0, 0.0, 20, 
2019-12-08 11:11:01.034,693769240, 473.00536857516045, 3271811, 24.635554448839358, 178300, 0, 0.0, 20, 
2019-12-08 11:11:02.06,706352152, 473.16485049833227, 3272280, 24.632711672069874, 178333, 0, 0.0, 20, 
2019-12-08 11:11:03.085,708449304, 473.16485049833227, 3272310, 24.632711672069874, 178334, 0, 0.0, 20, 
2019-12-08 11:11:04.13,709497880, 473.16485049833227, 3272310, 24.632711672069874, 178334, 0, 0.0, 20, 
2019-12-08 11:11:05.164,710546456, 473.16485049833227, 3272310, 24.632711672069874, 178334, 0, 0.0, 20, 
