Timestamp, MemoryUsed, ReadLatency1, ReadCount, WriteLatency1, WriteCount, PendingTasks, WaitingOnCommit1, SRDelay, 
2019-12-08 11:02:44.294,371213816, 27.692078771800663, 3078482, 4.983439557248506, 168350, 0, 0.0, 20, 
2019-12-08 11:02:45.45,379490672, 27.692078771800663, 3078753, 4.983439557248506, 168361, 0, 0.0, 20, 
2019-12-08 11:02:46.598,388324744, 35.29648828698955, 3079074, 5.064719242513375, 168371, 0, 0.0, 20, 
2019-12-08 11:02:47.725,395634824, 35.29648828698955, 3079374, 5.064719242513375, 168386, 0, 0.0, 20, 
2019-12-08 11:02:49.07,409399424, 35.29648828698955, 3079910, 5.064719242513375, 168415, 0, 0.0, 20, 
2019-12-08 11:02:50.099,137286528, 35.29648828698955, 3080605, 5.064719242513375, 168434, 0, 0.0, 20, 
2019-12-08 11:02:51.142,151778224, 67.89466122368385, 3081309, 6.194913889857081, 168471, 0, 0.0, 20, 
2019-12-08 11:02:52.175,167572320, 67.89466122368385, 3082062, 6.194913889857081, 168512, 0, 0.0, 20, 
2019-12-08 11:02:53.203,182418624, 67.89466122368385, 3082805, 6.194913889857081, 168542, 0, 0.0, 20, 
2019-12-08 11:02:54.234,197156384, 67.89466122368385, 3083504, 6.194913889857081, 168585, 0, 0.0, 20, 
2019-12-08 11:02:55.263,211830360, 67.89466122368385, 3084234, 6.194913889857081, 168634, 0, 0.0, 20, 
2019-12-08 11:02:56.309,227953824, 119.12263163566193, 3084974, 8.86583710415142, 168676, 0, 0.0, 20, 
2019-12-08 11:02:57.337,242337776, 119.12263163566193, 3085684, 8.86583710415142, 168705, 0, 0.0, 20, 
2019-12-08 11:02:58.366,255061704, 119.12263163566193, 3086354, 8.86583710415142, 168729, 0, 0.0, 20, 
2019-12-08 11:02:59.423,271616296, 119.12263163566193, 3087084, 8.86583710415142, 168776, 0, 0.0, 20, 
2019-12-08 11:03:00.452,286226424, 119.12263163566193, 3087821, 8.86583710415142, 168814, 0, 0.0, 20, 
2019-12-08 11:03:01.486,303392992, 164.51160792491785, 3088565, 10.779507108846124, 168851, 0, 0.0, 20, 
2019-12-08 11:03:02.511,319137560, 164.51160792491785, 3089388, 10.779507108846124, 168896, 0, 0.0, 20, 
2019-12-08 11:03:03.542,335485712, 164.51160792491785, 3090210, 10.779507108846124, 168936, 0, 0.0, 20, 
2019-12-08 11:03:04.573,352395664, 164.51160792491785, 3091011, 10.779507108846124, 168977, 0, 0.0, 20, 
2019-12-08 11:03:05.598,370062280, 164.51160792491785, 3091953, 10.779507108846124, 169017, 0, 0.0, 20, 
2019-12-08 11:03:06.625,387374672, 216.05804569496138, 3092833, 13.179813191074572, 169075, 0, 0.0, 20, 
2019-12-08 11:03:07.652,405022112, 216.05804569496138, 3093703, 13.179813191074572, 169109, 0, 0.0, 20, 
2019-12-08 11:03:08.685,139674560, 216.05804569496138, 3094585, 13.179813191074572, 169146, 0, 0.0, 20, 
2019-12-08 11:03:09.711,156052712, 216.05804569496138, 3095456, 13.179813191074572, 169203, 0, 0.0, 20, 
2019-12-08 11:03:10.737,173407656, 216.05804569496138, 3096324, 13.179813191074572, 169246, 0, 0.0, 20, 
2019-12-08 11:03:11.764,191101472, 267.0011036156377, 3097237, 15.66005038568995, 169288, 0, 0.0, 20, 
2019-12-08 11:03:12.786,209613424, 267.0011036156377, 3098154, 15.66005038568995, 169337, 0, 0.0, 20, 
2019-12-08 11:03:13.811,227397232, 267.0011036156377, 3099060, 15.66005038568995, 169380, 0, 0.0, 20, 
2019-12-08 11:03:14.837,246120832, 267.0011036156377, 3100012, 15.66005038568995, 169430, 0, 0.0, 20, 
2019-12-08 11:03:15.861,265264960, 318.49241235411915, 3100994, 17.92598764647759, 169468, 0, 0.0, 20, 
2019-12-08 11:03:16.888,283437528, 318.49241235411915, 3101969, 17.92598764647759, 169518, 0, 0.0, 20, 
2019-12-08 11:03:17.922,302899952, 318.49241235411915, 3102927, 17.92598764647759, 169571, 0, 0.0, 20, 
2019-12-08 11:03:18.95,321930608, 318.49241235411915, 3103946, 17.92598764647759, 169612, 0, 0.0, 20, 
2019-12-08 11:03:19.974,341711496, 318.49241235411915, 3104969, 17.92598764647759, 169659, 0, 0.0, 20, 
2019-12-08 11:03:21.0,359772064, 370.5201184294865, 3105985, 20.3145817915743, 169720, 0, 0.0, 20, 
2019-12-08 11:03:22.025,381423648, 370.5201184294865, 3107060, 20.3145817915743, 169787, 0, 0.0, 20, 
2019-12-08 11:03:23.057,402891648, 370.5201184294865, 3108169, 20.3145817915743, 169845, 0, 0.0, 20, 
2019-12-08 11:03:24.081,142299864, 370.5201184294865, 3109263, 20.3145817915743, 169916, 0, 0.0, 20, 
2019-12-08 11:03:25.105,164639888, 370.5201184294865, 3110448, 20.3145817915743, 169966, 0, 0.0, 20, 
2019-12-08 11:03:26.133,186443928, 427.2310065521011, 3111606, 23.503643752183226, 170033, 0, 0.0, 20, 
2019-12-08 11:03:27.156,208819072, 427.2310065521011, 3112859, 23.503643752183226, 170097, 0, 0.0, 20, 
2019-12-08 11:03:28.18,229961408, 427.2310065521011, 3113983, 23.503643752183226, 170155, 0, 0.0, 20, 
2019-12-08 11:03:29.206,253354080, 427.2310065521011, 3115198, 23.503643752183226, 170212, 0, 0.0, 20, 
2019-12-08 11:03:30.228,276385048, 427.2310065521011, 3116537, 23.503643752183226, 170271, 0, 0.0, 20, 
2019-12-08 11:03:31.253,300296328, 489.5139284088347, 3117790, 26.613624684763792, 170361, 0, 0.0, 20, 
2019-12-08 11:03:32.296,326170336, 489.5139284088347, 3119048, 26.613624684763792, 170423, 0, 0.0, 20, 
2019-12-08 11:03:33.321,349066600, 489.5139284088347, 3120311, 26.613624684763792, 170488, 0, 0.0, 20, 
2019-12-08 11:03:34.352,372783688, 489.5139284088347, 3121649, 26.613624684763792, 170542, 0, 0.0, 20, 
2019-12-08 11:03:35.374,398540424, 489.5139284088347, 3123013, 26.613624684763792, 170619, 0, 0.0, 20, 
2019-12-08 11:03:36.398,139394048, 551.2305311023783, 3124242, 29.922696549464032, 170708, 0, 0.0, 20, 
2019-12-08 11:03:37.423,162740448, 551.2305311023783, 3125558, 29.922696549464032, 170774, 0, 0.0, 20, 
2019-12-08 11:03:38.446,186327848, 551.2305311023783, 3126810, 29.922696549464032, 170835, 0, 0.0, 20, 
2019-12-08 11:03:39.472,209244168, 551.2305311023783, 3128064, 29.922696549464032, 170908, 0, 0.0, 20, 
2019-12-08 11:03:40.504,234865016, 551.2305311023783, 3129412, 29.922696549464032, 170989, 0, 0.0, 20, 
2019-12-08 11:03:41.534,254480160, 606.2855060564636, 3130526, 33.01516298741093, 171039, 0, 0.0, 20, 
