Timestamp, MemoryUsed, ReadLatency1, ReadCount, WriteLatency1, WriteCount, PendingTasks, WaitingOnCommit1, SRDelay, 
2019-12-08 11:02:44.429,152925160, 27.71352915423244, 3086861, 4.763558961099213, 169904, 0, 0.0, 20, 
2019-12-08 11:02:45.559,161482144, 27.71352915423244, 3087105, 4.763558961099213, 169920, 0, 0.0, 20, 
2019-12-08 11:02:46.658,169586376, 37.49101551361998, 3087412, 5.054312733030478, 169935, 0, 0.0, 20, 
2019-12-08 11:02:47.889,178446808, 37.49101551361998, 3087763, 5.054312733030478, 169947, 0, 0.0, 20, 
2019-12-08 11:02:49.084,190548000, 37.49101551361998, 3088266, 5.054312733030478, 169969, 0, 0.0, 20, 
2019-12-08 11:02:50.119,205359112, 37.49101551361998, 3088994, 5.054312733030478, 170002, 0, 0.0, 20, 
2019-12-08 11:02:51.158,220912280, 37.49101551361998, 3089741, 5.054312733030478, 170037, 0, 0.0, 20, 
2019-12-08 11:02:52.189,236811272, 74.47119210742572, 3090477, 6.409215077969448, 170070, 0, 0.0, 20, 
2019-12-08 11:02:53.217,252298384, 74.47119210742572, 3091211, 6.409215077969448, 170109, 0, 0.0, 20, 
2019-12-08 11:02:54.248,266589272, 74.47119210742572, 3091932, 6.409215077969448, 170140, 0, 0.0, 20, 
2019-12-08 11:02:55.284,282552008, 74.47119210742572, 3092690, 6.409215077969448, 170179, 0, 0.0, 20, 
2019-12-08 11:02:56.321,298434096, 126.14879028440815, 3093431, 8.69520802261752, 170215, 0, 0.0, 20, 
2019-12-08 11:02:57.352,314474216, 126.14879028440815, 3094215, 8.69520802261752, 170249, 0, 0.0, 20, 
2019-12-08 11:02:58.408,329673744, 126.14879028440815, 3094926, 8.69520802261752, 170288, 0, 0.0, 20, 
2019-12-08 11:02:59.44,345215520, 126.14879028440815, 3095665, 8.69520802261752, 170335, 0, 0.0, 20, 
2019-12-08 11:03:00.466,360824856, 126.14879028440815, 3096380, 8.69520802261752, 170376, 0, 0.0, 20, 
2019-12-08 11:03:01.498,376029064, 173.0868133997822, 3097146, 11.054280936409182, 170413, 0, 0.0, 20, 
2019-12-08 11:03:02.529,393502960, 173.0868133997822, 3097912, 11.054280936409182, 170464, 0, 0.0, 20, 
2019-12-08 11:03:03.556,128873312, 173.0868133997822, 3098796, 11.054280936409182, 170510, 0, 0.0, 20, 
2019-12-08 11:03:04.585,144690272, 173.0868133997822, 3099635, 11.054280936409182, 170547, 0, 0.0, 20, 
2019-12-08 11:03:05.611,162568752, 173.0868133997822, 3100546, 11.054280936409182, 170599, 0, 0.0, 20, 
2019-12-08 11:03:06.638,180017536, 225.67465624041571, 3101441, 13.800413009115395, 170647, 0, 0.0, 20, 
2019-12-08 11:03:07.67,197515696, 225.67465624041571, 3102287, 13.800413009115395, 170695, 0, 0.0, 20, 
2019-12-08 11:03:08.697,212701720, 225.67465624041571, 3103127, 13.800413009115395, 170742, 0, 0.0, 20, 
2019-12-08 11:03:09.723,231791840, 225.67465624041571, 3104024, 13.800413009115395, 170790, 0, 0.0, 20, 
2019-12-08 11:03:10.75,250968432, 225.67465624041571, 3104881, 13.800413009115395, 170844, 0, 0.0, 20, 
2019-12-08 11:03:11.774,267507008, 273.99384285504874, 3105735, 16.422923186888006, 170889, 0, 0.0, 20, 
2019-12-08 11:03:12.797,285435120, 273.99384285504874, 3106614, 16.422923186888006, 170937, 0, 0.0, 20, 
2019-12-08 11:03:13.824,304247080, 273.99384285504874, 3107562, 16.422923186888006, 170990, 0, 0.0, 20, 
2019-12-08 11:03:14.849,321852616, 273.99384285504874, 3108504, 16.422923186888006, 171038, 0, 0.0, 20, 
2019-12-08 11:03:15.874,340646160, 273.99384285504874, 3109458, 16.422923186888006, 171090, 0, 0.0, 20, 
2019-12-08 11:03:16.906,360012848, 324.4942828732969, 3110444, 19.123589135590684, 171145, 0, 0.0, 20, 
2019-12-08 11:03:17.935,377893128, 324.4942828732969, 3111344, 19.123589135590684, 171185, 0, 0.0, 20, 
2019-12-08 11:03:18.961,397218768, 324.4942828732969, 3112328, 19.123589135590684, 171227, 0, 0.0, 20, 
2019-12-08 11:03:19.984,135088760, 324.4942828732969, 3113359, 19.123589135590684, 171275, 0, 0.0, 20, 
2019-12-08 11:03:21.012,155714160, 324.4942828732969, 3114430, 19.123589135590684, 171319, 0, 0.0, 20, 
2019-12-08 11:03:22.041,176148776, 376.4578749219119, 3115519, 21.016650425731182, 171379, 0, 0.0, 20, 
2019-12-08 11:03:23.069,196785512, 376.4578749219119, 3116613, 21.016650425731182, 171450, 0, 0.0, 20, 
2019-12-08 11:03:24.093,218910672, 376.4578749219119, 3117756, 21.016650425731182, 171495, 0, 0.0, 20, 
2019-12-08 11:03:25.121,239613064, 376.4578749219119, 3118901, 21.016650425731182, 171557, 0, 0.0, 20, 
2019-12-08 11:03:26.144,263560944, 376.4578749219119, 3120166, 21.016650425731182, 171602, 0, 0.0, 20, 
2019-12-08 11:03:27.167,286635008, 436.35597205836314, 3121382, 23.765791267946454, 171657, 0, 0.0, 20, 
2019-12-08 11:03:28.194,305556992, 436.35597205836314, 3122502, 23.765791267946454, 171715, 0, 0.0, 20, 
2019-12-08 11:03:29.217,329308368, 436.35597205836314, 3123721, 23.765791267946454, 171772, 0, 0.0, 20, 
2019-12-08 11:03:30.24,353278792, 436.35597205836314, 3124953, 23.765791267946454, 171839, 0, 0.0, 20, 
2019-12-08 11:03:31.263,375884032, 494.0714338587638, 3126113, 26.247149593633562, 171881, 0, 0.0, 20, 
2019-12-08 11:03:32.308,399505872, 494.0714338587638, 3127394, 26.247149593633562, 171935, 0, 0.0, 20, 
2019-12-08 11:03:33.338,138914832, 494.0714338587638, 3128605, 26.247149593633562, 172006, 0, 0.0, 20, 
2019-12-08 11:03:34.362,160108296, 494.0714338587638, 3129833, 26.247149593633562, 172063, 0, 0.0, 20, 
2019-12-08 11:03:35.386,185441536, 494.0714338587638, 3131165, 26.247149593633562, 172121, 0, 0.0, 20, 
2019-12-08 11:03:36.409,206879152, 550.8501790530256, 3132318, 28.722002866765582, 172178, 0, 0.0, 20, 
2019-12-08 11:03:37.433,232184040, 550.8501790530256, 3133719, 28.722002866765582, 172260, 0, 0.0, 20, 
2019-12-08 11:03:38.457,256133104, 550.8501790530256, 3134999, 28.722002866765582, 172325, 0, 0.0, 20, 
2019-12-08 11:03:39.488,281203728, 550.8501790530256, 3136305, 28.722002866765582, 172403, 0, 0.0, 20, 
2019-12-08 11:03:40.517,305484352, 550.8501790530256, 3137660, 28.722002866765582, 172483, 0, 0.0, 20, 
2019-12-08 11:03:41.551,326718096, 608.0304016145757, 3138783, 32.214302695372076, 172539, 0, 0.0, 20, 
