Timestamp, MemoryUsed, ReadLatency1, ReadCount, WriteLatency1, WriteCount, PendingTasks, WaitingOnCommit1, SRDelay, 
2019-12-08 11:01:41.636,335434736, 72.87989090571264, 2979560, 6.456101091707853, 162886, 0, 0.0, 1, 
2019-12-08 11:01:42.697,336647960, 72.87989090571264, 2979560, 6.456101091707853, 162886, 0, 0.0, 1, 
2019-12-08 11:01:43.736,338260720, 72.87989090571264, 2979560, 6.456101091707853, 162886, 0, 0.0, 1, 
2019-12-08 11:01:44.802,339749880, 72.87989090571264, 2979560, 6.456101091707853, 162886, 0, 0.0, 1, 
2019-12-08 11:01:45.863,340872176, 72.87989090571264, 2979560, 6.456101091707853, 162886, 0, 0.0, 1, 
2019-12-08 11:01:46.899,341545216, 67.05273656659533, 2979560, 7.50702922297335, 162886, 0, 0.0, 1, 
2019-12-08 11:01:47.938,342448184, 67.05273656659533, 2979560, 7.50702922297335, 162886, 0, 0.0, 1, 
2019-12-08 11:01:48.973,343347640, 67.05273656659533, 2979560, 7.50702922297335, 162886, 0, 0.0, 1, 
2019-12-08 11:01:50.004,344253664, 67.05273656659533, 2979560, 7.50702922297335, 162886, 0, 0.0, 1, 
2019-12-08 11:01:51.037,345385784, 61.69149576370742, 2979560, 6.9068003070557396, 162886, 0, 0.0, 1, 
2019-12-08 11:01:52.134,346282416, 61.69149576370742, 2979560, 6.9068003070557396, 162887, 0, 0.0, 1, 
2019-12-08 11:01:53.166,350702648, 61.69149576370742, 2979560, 6.9068003070557396, 162965, 0, 0.0, 1, 
2019-12-08 11:01:54.535,355653624, 61.69149576370742, 2979560, 6.9068003070557396, 163074, 0, 0.0, 1, 
2019-12-08 11:01:55.562,358917432, 61.69149576370742, 2979560, 6.9068003070557396, 163142, 0, 0.0, 1, 
2019-12-08 11:01:56.596,360040464, 56.75891610752757, 2979560, 10.448289016445376, 163142, 0, 0.0, 1, 
2019-12-08 11:01:57.63,360951288, 56.75891610752757, 2979560, 10.448289016445376, 163142, 0, 0.0, 1, 
