Timestamp, MemoryUsed, ReadLatency1, ReadCount, WriteLatency1, WriteCount, PendingTasks, WaitingOnCommit1, SRDelay, 
2019-12-08 11:01:41.662,387658120, 75.33318270241998, 3086549, 7.24971556178149, 169645, 0, 0.0, 1, 
2019-12-08 11:01:42.706,389148048, 75.33318270241998, 3086549, 7.24971556178149, 169645, 0, 0.0, 1, 
2019-12-08 11:01:43.747,390391192, 75.33318270241998, 3086549, 7.24971556178149, 169645, 0, 0.0, 1, 
2019-12-08 11:01:44.82,392327216, 75.33318270241998, 3086549, 7.24971556178149, 169645, 0, 0.0, 1, 
2019-12-08 11:01:45.871,393275768, 75.33318270241998, 3086549, 7.24971556178149, 169645, 0, 0.0, 1, 
2019-12-08 11:01:46.909,394191344, 69.30987398161184, 3086549, 7.341687227382031, 169645, 0, 0.0, 1, 
2019-12-08 11:01:47.947,395193376, 69.30987398161184, 3086549, 7.341687227382031, 169645, 0, 0.0, 1, 
2019-12-08 11:01:48.982,396135304, 69.30987398161184, 3086549, 7.341687227382031, 169645, 0, 0.0, 1, 
2019-12-08 11:01:50.011,396976664, 69.30987398161184, 3086549, 7.341687227382031, 169645, 0, 0.0, 1, 
2019-12-08 11:01:51.051,397951736, 69.30987398161184, 3086549, 7.341687227382031, 169645, 0, 0.0, 1, 
2019-12-08 11:01:52.144,399043336, 63.768162435444246, 3086549, 6.75467832750828, 169646, 0, 0.0, 1, 
2019-12-08 11:01:53.171,401118688, 63.768162435444246, 3086549, 6.75467832750828, 169726, 0, 0.0, 1, 
2019-12-08 11:01:54.542,408792232, 63.768162435444246, 3086549, 6.75467832750828, 169829, 0, 0.0, 1, 
2019-12-08 11:01:55.569,410276856, 63.768162435444246, 3086549, 6.75467832750828, 169887, 0, 0.0, 1, 
2019-12-08 11:01:56.603,411259624, 58.6695416799059, 3086549, 10.084454399782485, 169887, 0, 0.0, 1, 
2019-12-08 11:01:57.646,411876168, 58.6695416799059, 3086549, 10.084454399782485, 169887, 0, 0.0, 1, 
