Timestamp, MemoryUsed, ReadLatency1, ReadCount, WriteLatency1, WriteCount, PendingTasks, WaitingOnCommit1, SRDelay, 
2019-12-08 11:01:41.622,314930688, 75.18793779172344, 3078205, 6.069973374721403, 168074, 0, 0.0, 1, 
2019-12-08 11:01:42.683,316395720, 75.18793779172344, 3078205, 6.069973374721403, 168074, 0, 0.0, 1, 
2019-12-08 11:01:43.725,317919040, 75.18793779172344, 3078205, 6.069973374721403, 168074, 0, 0.0, 1, 
2019-12-08 11:01:44.789,319607088, 75.18793779172344, 3078205, 6.069973374721403, 168074, 0, 0.0, 1, 
2019-12-08 11:01:45.851,320239200, 69.17624221277217, 3078205, 7.551552500479778, 168074, 0, 0.0, 1, 
2019-12-08 11:01:46.888,321144368, 69.17624221277217, 3078205, 7.551552500479778, 168074, 0, 0.0, 1, 
2019-12-08 11:01:47.928,322047648, 69.17624221277217, 3078205, 7.551552500479778, 168074, 0, 0.0, 1, 
2019-12-08 11:01:48.963,322943320, 69.17624221277217, 3078205, 7.551552500479778, 168074, 0, 0.0, 1, 
2019-12-08 11:01:49.996,324078504, 69.17624221277217, 3078205, 7.551552500479778, 168074, 0, 0.0, 1, 
2019-12-08 11:01:51.029,324982192, 63.64521527290624, 3078205, 6.94776369984652, 168074, 0, 0.0, 1, 
2019-12-08 11:01:52.122,325963152, 63.64521527290624, 3078205, 6.94776369984652, 168074, 0, 0.0, 1, 
2019-12-08 11:01:53.16,328281136, 63.64521527290624, 3078205, 6.94776369984652, 168160, 0, 0.0, 1, 
2019-12-08 11:01:54.526,333613328, 63.64521527290624, 3078205, 6.94776369984652, 168261, 0, 0.0, 1, 
2019-12-08 11:01:55.555,339398904, 63.64521527290624, 3078205, 6.94776369984652, 168334, 0, 0.0, 1, 
2019-12-08 11:01:56.588,340279688, 58.55642482971829, 3078205, 10.549941625483344, 168334, 0, 0.0, 1, 
2019-12-08 11:01:57.619,341229264, 58.55642482971829, 3078205, 10.549941625483344, 168334, 0, 0.0, 1, 
