Timestamp, MemoryUsed, ReadLatency1, ReadCount, WriteLatency1, WriteCount, PendingTasks, WaitingOnCommit1, SRDelay, 
2019-12-06 16:41:16.409,165176216, 956.8456082508528, 778686, 51.09729790497001, 42835, 0, 0.0, 5, 
2019-12-06 16:41:17.453,187328560, 956.8456082508528, 779566, 51.09729790497001, 42890, 0, 0.0, 5, 
2019-12-06 16:41:18.747,216934856, 956.8456082508528, 780792, 51.09729790497001, 42948, 0, 0.0, 5, 
2019-12-06 16:41:19.784,242403632, 956.8456082508528, 781828, 51.09729790497001, 43009, 0, 0.0, 5, 
2019-12-06 16:41:20.822,268340192, 956.8456082508528, 782935, 51.09729790497001, 43060, 0, 0.0, 5, 
2019-12-06 16:41:21.853,299175504, 956.9219172018288, 784051, 51.04154504280039, 43106, 0, 0.0, 5, 
2019-12-06 16:41:22.885,325873344, 956.9219172018288, 785185, 51.04154504280039, 43170, 0, 0.0, 5, 
2019-12-06 16:41:23.915,354784112, 956.9219172018288, 786375, 51.04154504280039, 43222, 0, 0.0, 5, 
2019-12-06 16:41:24.941,97201608, 956.9219172018288, 787452, 51.04154504280039, 43274, 0, 0.0, 5, 
2019-12-06 16:41:26.007,124442096, 956.9219172018288, 788580, 51.04154504280039, 43326, 0, 0.0, 5, 
2019-12-06 16:41:27.038,147041552, 966.4908483679969, 789424, 50.95826769921336, 43374, 0, 0.0, 5, 
2019-12-06 16:41:28.067,179853488, 966.4908483679969, 790520, 50.95826769921336, 43437, 0, 0.0, 5, 
2019-12-06 16:41:29.093,209516392, 966.4908483679969, 791473, 50.95826769921336, 43478, 0, 0.0, 5, 
2019-12-06 16:41:30.119,244105944, 966.4908483679969, 792610, 50.95826769921336, 43533, 0, 0.0, 5, 
2019-12-06 16:41:31.15,278630080, 966.4908483679969, 793771, 50.95826769921336, 43588, 0, 0.0, 5, 
2019-12-06 16:41:32.182,310461992, 971.2009640704237, 794797, 51.0415600151223, 43648, 0, 0.0, 5, 
2019-12-06 16:41:33.212,343542040, 971.2009640704237, 795890, 51.0415600151223, 43699, 0, 0.0, 5, 
2019-12-06 16:41:34.242,93355200, 971.2009640704237, 796998, 51.0415600151223, 43750, 0, 0.0, 5, 
2019-12-06 16:41:35.27,129406272, 971.2009640704237, 798102, 51.0415600151223, 43817, 0, 0.0, 5, 
2019-12-06 16:41:36.298,162391376, 977.5013871148178, 799178, 51.39004163541616, 43872, 0, 0.0, 5, 
2019-12-06 16:41:37.324,198432544, 977.5013871148178, 800380, 51.39004163541616, 43921, 0, 0.0, 5, 
2019-12-06 16:41:38.357,232820744, 977.5013871148178, 801505, 51.39004163541616, 43982, 0, 0.0, 5, 
2019-12-06 16:41:39.383,266549616, 977.5013871148178, 802626, 51.39004163541616, 44054, 0, 0.0, 5, 
2019-12-06 16:41:40.408,302063152, 977.5013871148178, 803832, 51.39004163541616, 44117, 0, 0.0, 5, 
2019-12-06 16:41:41.434,337916536, 989.9983342006775, 804990, 52.15841148184429, 44185, 0, 0.0, 5, 
2019-12-06 16:41:42.46,88814920, 989.9983342006775, 806220, 52.15841148184429, 44247, 0, 0.0, 5, 
2019-12-06 16:41:43.487,124372032, 989.9983342006775, 807439, 52.15841148184429, 44316, 0, 0.0, 5, 
2019-12-06 16:41:44.51,159915280, 989.9983342006775, 808614, 52.15841148184429, 44387, 0, 0.0, 5, 
2019-12-06 16:41:45.537,194907576, 989.9983342006775, 809797, 52.15841148184429, 44446, 0, 0.0, 5, 
2019-12-06 16:41:46.561,229786240, 1003.4629879670593, 810980, 53.04124815523557, 44506, 0, 0.0, 5, 
2019-12-06 16:41:47.586,265843088, 1003.4629879670593, 812188, 53.04124815523557, 44566, 0, 0.0, 5, 
2019-12-06 16:41:48.614,299995480, 1003.4629879670593, 813354, 53.04124815523557, 44622, 0, 0.0, 5, 
2019-12-06 16:41:49.639,338302576, 1003.4629879670593, 814642, 53.04124815523557, 44697, 0, 0.0, 5, 
2019-12-06 16:41:50.667,93451104, 1003.4629879670593, 815810, 53.04124815523557, 44767, 0, 0.0, 5, 
2019-12-06 16:41:51.691,129986960, 1016.6346321963694, 816941, 53.94944380806397, 44838, 0, 0.0, 5, 
2019-12-06 16:41:52.716,167999128, 1016.6346321963694, 818230, 53.94944380806397, 44907, 0, 0.0, 5, 
2019-12-06 16:41:53.743,201092624, 1016.6346321963694, 819342, 53.94944380806397, 44968, 0, 0.0, 5, 
2019-12-06 16:41:54.772,243919264, 1016.6346321963694, 820691, 53.94944380806397, 45041, 0, 0.0, 5, 
2019-12-06 16:41:55.796,281600560, 1016.6346321963694, 821920, 53.94944380806397, 45110, 0, 0.0, 5, 
2019-12-06 16:41:56.82,318516344, 1031.53558427193, 823164, 54.83299749706177, 45182, 0, 0.0, 5, 
2019-12-06 16:41:57.843,354864816, 1031.53558427193, 824413, 54.83299749706177, 45245, 0, 0.0, 5, 
2019-12-06 16:41:58.866,107829768, 1031.53558427193, 825617, 54.83299749706177, 45309, 0, 0.0, 5, 
2019-12-06 16:41:59.892,143729376, 1031.53558427193, 826776, 54.83299749706177, 45375, 0, 0.0, 5, 
2019-12-06 16:42:00.916,180260016, 1031.53558427193, 827919, 54.83299749706177, 45435, 0, 0.0, 5, 
2019-12-06 16:42:01.946,215860280, 1042.8304633235146, 829100, 55.470003845833844, 45497, 0, 0.0, 5, 
2019-12-06 16:42:02.971,249147536, 1042.8304633235146, 830291, 55.470003845833844, 45560, 0, 0.0, 5, 
2019-12-06 16:42:03.995,285020584, 1042.8304633235146, 831492, 55.470003845833844, 45631, 0, 0.0, 5, 
2019-12-06 16:42:05.024,325461272, 1042.8304633235146, 832821, 55.470003845833844, 45709, 0, 0.0, 5, 
2019-12-06 16:42:06.053,358986176, 1042.8304633235146, 833972, 55.470003845833844, 45761, 0, 0.0, 5, 
2019-12-06 16:42:07.082,94332576, 1052.7265290795403, 834951, 56.231980266920495, 45821, 0, 0.0, 5, 
2019-12-06 16:42:08.113,108987712, 1052.7265290795403, 836044, 56.231980266920495, 45883, 0, 0.0, 5, 
2019-12-06 16:42:09.146,125118160, 1052.7265290795403, 837098, 56.231980266920495, 45952, 0, 0.0, 5, 
2019-12-06 16:42:10.177,140047008, 1052.7265290795403, 838137, 56.231980266920495, 46006, 0, 0.0, 5, 
