Timestamp, MemoryUsed, ReadLatency1, ReadCount, WriteLatency1, WriteCount, PendingTasks, WaitingOnCommit1, SRDelay, 
2019-12-06 16:38:07.944,208033608, 22.64806478331327, 577354, 4.707630887574955, 31743, 0, 0.0, 5, 
2019-12-06 16:38:09.155,213948952, 22.64806478331327, 577570, 4.707630887574955, 31758, 0, 0.0, 5, 
2019-12-06 16:38:10.199,222938576, 22.64806478331327, 577824, 4.707630887574955, 31773, 0, 0.0, 5, 
2019-12-06 16:38:11.236,231438008, 35.10130193617917, 578150, 5.162767592104859, 31793, 0, 0.0, 5, 
2019-12-06 16:38:12.362,240931032, 35.10130193617917, 578531, 5.162767592104859, 31823, 0, 0.0, 5, 
2019-12-06 16:38:13.401,253628184, 35.10130193617917, 579127, 5.162767592104859, 31862, 0, 0.0, 5, 
2019-12-06 16:38:14.438,267232704, 35.10130193617917, 579776, 5.162767592104859, 31904, 0, 0.0, 5, 
2019-12-06 16:38:15.472,281663328, 35.10130193617917, 580439, 5.162767592104859, 31934, 0, 0.0, 5, 
2019-12-06 16:38:16.501,296906792, 73.63179442923895, 581161, 7.372518687303551, 31970, 0, 0.0, 5, 
2019-12-06 16:38:17.537,309844752, 73.63179442923895, 581817, 7.372518687303551, 32009, 0, 0.0, 5, 
2019-12-06 16:38:18.565,325076800, 73.63179442923895, 582486, 7.372518687303551, 32046, 0, 0.0, 5, 
2019-12-06 16:38:19.602,340887880, 73.63179442923895, 583247, 7.372518687303551, 32079, 0, 0.0, 5, 
2019-12-06 16:38:20.631,354543024, 73.63179442923895, 583952, 7.372518687303551, 32122, 0, 0.0, 5, 
2019-12-06 16:38:21.66,84844496, 122.67400835341071, 584684, 9.629463479200034, 32164, 0, 0.0, 5, 
2019-12-06 16:38:22.691,98568640, 122.67400835341071, 585415, 9.629463479200034, 32206, 0, 0.0, 5, 
2019-12-06 16:38:23.722,113614480, 122.67400835341071, 586179, 9.629463479200034, 32239, 0, 0.0, 5, 
2019-12-06 16:38:24.749,128184104, 122.67400835341071, 586917, 9.629463479200034, 32277, 0, 0.0, 5, 
2019-12-06 16:38:25.785,145042584, 170.97725565315432, 587692, 11.865864099852487, 32315, 0, 0.0, 5, 
2019-12-06 16:38:26.821,160579920, 170.97725565315432, 588483, 11.865864099852487, 32354, 0, 0.0, 5, 
2019-12-06 16:38:27.85,178018304, 170.97725565315432, 589339, 11.865864099852487, 32398, 0, 0.0, 5, 
2019-12-06 16:38:28.886,196062936, 170.97725565315432, 590223, 11.865864099852487, 32442, 0, 0.0, 5, 
2019-12-06 16:38:29.92,213350928, 170.97725565315432, 591083, 11.865864099852487, 32482, 0, 0.0, 5, 
2019-12-06 16:38:30.95,229830456, 222.18263106210162, 591888, 14.19530099001763, 32528, 0, 0.0, 5, 
2019-12-06 16:38:31.978,247595504, 222.18263106210162, 592805, 14.19530099001763, 32578, 0, 0.0, 5, 
2019-12-06 16:38:33.005,264908064, 222.18263106210162, 593701, 14.19530099001763, 32623, 0, 0.0, 5, 
2019-12-06 16:38:34.037,284544392, 222.18263106210162, 594626, 14.19530099001763, 32673, 0, 0.0, 5, 
2019-12-06 16:38:35.092,300587544, 222.18263106210162, 595464, 14.19530099001763, 32719, 0, 0.0, 5, 
2019-12-06 16:38:36.118,318918648, 273.35559444293165, 596402, 16.770246551047222, 32766, 0, 0.0, 5, 
2019-12-06 16:38:37.144,338507376, 273.35559444293165, 597341, 16.770246551047222, 32830, 0, 0.0, 5, 
2019-12-06 16:38:38.197,75420888, 273.35559444293165, 598353, 16.770246551047222, 32885, 0, 0.0, 5, 
2019-12-06 16:38:39.223,94044200, 273.35559444293165, 599389, 16.770246551047222, 32947, 0, 0.0, 5, 
2019-12-06 16:38:40.251,114212080, 273.35559444293165, 600458, 16.770246551047222, 32998, 0, 0.0, 5, 
2019-12-06 16:38:41.276,135564848, 330.62333515771945, 601516, 19.826928866634887, 33052, 0, 0.0, 5, 
2019-12-06 16:38:42.304,154745096, 330.62333515771945, 602565, 19.826928866634887, 33099, 0, 0.0, 5, 
2019-12-06 16:38:43.331,176452488, 330.62333515771945, 603705, 19.826928866634887, 33157, 0, 0.0, 5, 
2019-12-06 16:38:44.359,196491296, 330.62333515771945, 604804, 19.826928866634887, 33213, 0, 0.0, 5, 
2019-12-06 16:38:45.384,218564976, 330.62333515771945, 605901, 19.826928866634887, 33271, 0, 0.0, 5, 
2019-12-06 16:38:46.413,237288120, 388.3174197850046, 606956, 22.431327836423787, 33323, 0, 0.0, 5, 
2019-12-06 16:38:47.439,258419488, 388.3174197850046, 608060, 22.431327836423787, 33375, 0, 0.0, 5, 
2019-12-06 16:38:48.463,278684312, 388.3174197850046, 609195, 22.431327836423787, 33437, 0, 0.0, 5, 
2019-12-06 16:38:49.487,300509304, 388.3174197850046, 610345, 22.431327836423787, 33494, 0, 0.0, 5, 
2019-12-06 16:38:50.512,324936048, 388.3174197850046, 611508, 22.431327836423787, 33556, 0, 0.0, 5, 
2019-12-06 16:38:51.537,346090040, 445.7001505964322, 612664, 25.243259605971947, 33614, 0, 0.0, 5, 
2019-12-06 16:38:52.566,86028848, 445.7001505964322, 613866, 25.243259605971947, 33675, 0, 0.0, 5, 
2019-12-06 16:38:53.593,107658104, 445.7001505964322, 614992, 25.243259605971947, 33729, 0, 0.0, 5, 
2019-12-06 16:38:54.621,131368936, 445.7001505964322, 616272, 25.243259605971947, 33791, 0, 0.0, 5, 
2019-12-06 16:38:55.646,154867648, 445.7001505964322, 617579, 25.243259605971947, 33850, 0, 0.0, 5, 
2019-12-06 16:38:56.673,178610296, 504.7153561175028, 618887, 27.686441671196263, 33918, 0, 0.0, 5, 
2019-12-06 16:38:57.705,202885992, 504.7153561175028, 620117, 27.686441671196263, 33985, 0, 0.0, 5, 
2019-12-06 16:38:58.734,227649648, 504.7153561175028, 621496, 27.686441671196263, 34062, 0, 0.0, 5, 
2019-12-06 16:38:59.76,254258336, 504.7153561175028, 622913, 27.686441671196263, 34142, 0, 0.0, 5, 
2019-12-06 16:39:00.787,279282344, 569.0383967408482, 624283, 31.085638113566176, 34208, 0, 0.0, 5, 
2019-12-06 16:39:01.818,304470240, 569.0383967408482, 625701, 31.085638113566176, 34272, 0, 0.0, 5, 
2019-12-06 16:39:02.851,326446632, 569.0383967408482, 626913, 31.085638113566176, 34333, 0, 0.0, 5, 
2019-12-06 16:39:03.879,351957888, 569.0383967408482, 628355, 31.085638113566176, 34408, 0, 0.0, 5, 
2019-12-06 16:39:04.914,93326288, 569.0383967408482, 629728, 31.085638113566176, 34471, 0, 0.0, 5, 
2019-12-06 16:39:05.94,116325296, 625.9796946079533, 630928, 33.49344954626039, 34523, 0, 0.0, 5, 
2019-12-06 16:39:06.97,144593344, 625.9796946079533, 632432, 33.49344954626039, 34617, 0, 0.0, 5, 
2019-12-06 16:39:07.997,171138528, 625.9796946079533, 634011, 33.49344954626039, 34696, 0, 0.0, 5, 
2019-12-06 16:39:09.024,197952416, 625.9796946079533, 635501, 33.49344954626039, 34761, 0, 0.0, 5, 
2019-12-06 16:39:10.05,223890192, 625.9796946079533, 637051, 33.49344954626039, 34843, 0, 0.0, 5, 
2019-12-06 16:39:11.074,250013328, 694.3273525123151, 638479, 36.94005902109975, 34914, 0, 0.0, 5, 
2019-12-06 16:39:12.1,276521888, 694.3273525123151, 640010, 36.94005902109975, 34994, 0, 0.0, 5, 
2019-12-06 16:39:13.127,302407784, 694.3273525123151, 641410, 36.94005902109975, 35090, 0, 0.0, 5, 
2019-12-06 16:39:14.158,327671016, 694.3273525123151, 642839, 36.94005902109975, 35154, 0, 0.0, 5, 
2019-12-06 16:39:15.183,353520080, 694.3273525123151, 644340, 36.94005902109975, 35230, 0, 0.0, 5, 
2019-12-06 16:39:16.21,96880792, 752.4288894150524, 645831, 39.96717276416699, 35300, 0, 0.0, 5, 
2019-12-06 16:39:17.239,123460776, 752.4288894150524, 647306, 39.96717276416699, 35371, 0, 0.0, 5, 
2019-12-06 16:39:18.266,150192496, 752.4288894150524, 648797, 39.96717276416699, 35451, 0, 0.0, 5, 
2019-12-06 16:39:19.293,172961000, 752.4288894150524, 650141, 39.96717276416699, 35521, 0, 0.0, 5, 
2019-12-06 16:39:20.32,198878976, 752.4288894150524, 651573, 39.96717276416699, 35593, 0, 0.0, 5, 
2019-12-06 16:39:21.347,226395280, 805.1013191871626, 653138, 42.51238509981164, 35679, 0, 0.0, 5, 
2019-12-06 16:39:22.372,254190184, 805.1013191871626, 654625, 42.51238509981164, 35752, 0, 0.0, 5, 
2019-12-06 16:39:23.404,278675704, 805.1013191871626, 656088, 42.51238509981164, 35849, 0, 0.0, 5, 
2019-12-06 16:39:24.433,304394376, 805.1013191871626, 657485, 42.51238509981164, 35932, 0, 0.0, 5, 
2019-12-06 16:39:25.457,330156872, 805.1013191871626, 658992, 42.51238509981164, 36001, 0, 0.0, 5, 
2019-12-06 16:39:26.483,356737760, 855.3692902333253, 660487, 45.62166711282565, 36085, 0, 0.0, 5, 
2019-12-06 16:39:27.507,97763928, 855.3692902333253, 661914, 45.62166711282565, 36163, 0, 0.0, 5, 
2019-12-06 16:39:28.532,123563592, 855.3692902333253, 663352, 45.62166711282565, 36238, 0, 0.0, 5, 
2019-12-06 16:39:29.567,148806696, 855.3692902333253, 664817, 45.62166711282565, 36313, 0, 0.0, 5, 
2019-12-06 16:39:30.606,173405888, 855.3692902333253, 666150, 45.62166711282565, 36380, 0, 0.0, 5, 
2019-12-06 16:39:31.637,197130936, 897.7002325459326, 667446, 47.63481545747743, 36465, 0, 0.0, 5, 
2019-12-06 16:39:32.663,223827432, 897.7002325459326, 668988, 47.63481545747743, 36529, 0, 0.0, 5, 
2019-12-06 16:39:33.689,248320184, 897.7002325459326, 670339, 47.63481545747743, 36621, 0, 0.0, 5, 
2019-12-06 16:39:34.72,273574136, 897.7002325459326, 671809, 47.63481545747743, 36674, 0, 0.0, 5, 
2019-12-06 16:39:35.755,300833312, 937.7499666647585, 673297, 49.662903635610064, 36753, 0, 0.0, 5, 
2019-12-06 16:39:36.785,328196832, 937.7499666647585, 674871, 49.662903635610064, 36830, 0, 0.0, 5, 
2019-12-06 16:39:37.821,354074976, 937.7499666647585, 676323, 49.662903635610064, 36901, 0, 0.0, 5, 
2019-12-06 16:39:38.872,97655184, 937.7499666647585, 677814, 49.662903635610064, 36989, 0, 0.0, 5, 
2019-12-06 16:39:39.9,124505368, 937.7499666647585, 679381, 49.662903635610064, 37094, 0, 0.0, 5, 
2019-12-06 16:39:40.942,151587216, 979.8585783655642, 680902, 52.16847951924217, 37168, 0, 0.0, 5, 
2019-12-06 16:39:41.973,179857920, 979.8585783655642, 682455, 52.16847951924217, 37242, 0, 0.0, 5, 
2019-12-06 16:39:42.999,205112512, 979.8585783655642, 683900, 52.16847951924217, 37322, 0, 0.0, 5, 
2019-12-06 16:39:44.026,228716432, 979.8585783655642, 685232, 52.16847951924217, 37391, 0, 0.0, 5, 
2019-12-06 16:39:45.059,254453320, 979.8585783655642, 686711, 52.16847951924217, 37469, 0, 0.0, 5, 
2019-12-06 16:39:46.088,282591800, 1016.1217482221944, 688352, 53.786102582219996, 37545, 0, 0.0, 5, 
2019-12-06 16:39:47.115,310082264, 1016.1217482221944, 689844, 53.786102582219996, 37629, 0, 0.0, 5, 
2019-12-06 16:39:48.144,336076928, 1016.1217482221944, 691281, 53.786102582219996, 37706, 0, 0.0, 5, 
2019-12-06 16:39:49.17,88460856, 1016.1217482221944, 692661, 53.786102582219996, 37783, 0, 0.0, 5, 
2019-12-06 16:39:50.199,115694416, 1016.1217482221944, 694189, 53.786102582219996, 37874, 0, 0.0, 5, 
2019-12-06 16:39:51.225,142222904, 1050.0611553202104, 695660, 55.88205009510547, 37959, 0, 0.0, 5, 
2019-12-06 16:39:52.249,167794208, 1050.0611553202104, 697189, 55.88205009510547, 38034, 0, 0.0, 5, 
2019-12-06 16:39:53.275,195540984, 1050.0611553202104, 698733, 55.88205009510547, 38124, 0, 0.0, 5, 
2019-12-06 16:39:54.303,222100736, 1050.0611553202104, 700199, 55.88205009510547, 38196, 0, 0.0, 5, 
2019-12-06 16:39:55.327,248489048, 1050.0611553202104, 701705, 55.88205009510547, 38269, 0, 0.0, 5, 
2019-12-06 16:39:56.351,276432864, 1083.6216203493946, 703265, 57.394645853764445, 38349, 0, 0.0, 5, 
2019-12-06 16:39:57.377,302730608, 1083.6216203493946, 704755, 57.394645853764445, 38441, 0, 0.0, 5, 
2019-12-06 16:39:58.401,329676584, 1083.6216203493946, 706322, 57.394645853764445, 38510, 0, 0.0, 5, 
2019-12-06 16:39:59.426,353973136, 1083.6216203493946, 707685, 57.394645853764445, 38594, 0, 0.0, 5, 
2019-12-06 16:40:00.449,89048120, 1083.6216203493946, 708782, 57.394645853764445, 38652, 0, 0.0, 5, 
2019-12-06 16:40:01.476,104687448, 1104.0725304195219, 709658, 58.73832778188824, 38702, 0, 0.0, 5, 
2019-12-06 16:40:02.5,123782608, 1104.0725304195219, 710610, 58.73832778188824, 38747, 0, 0.0, 5, 
2019-12-06 16:40:03.524,142477584, 1104.0725304195219, 711561, 58.73832778188824, 38800, 0, 0.0, 5, 
2019-12-06 16:40:04.548,161032888, 1104.0725304195219, 712580, 58.73832778188824, 38855, 0, 0.0, 5, 
2019-12-06 16:40:05.576,180302824, 1104.0725304195219, 713605, 58.73832778188824, 38919, 0, 0.0, 5, 
2019-12-06 16:40:06.604,200561792, 1091.8814999968806, 714722, 58.263525307964414, 38982, 0, 0.0, 5, 
2019-12-06 16:40:07.636,217733328, 1091.8814999968806, 715628, 58.263525307964414, 39024, 0, 0.0, 5, 
2019-12-06 16:40:08.663,235872456, 1091.8814999968806, 716555, 58.263525307964414, 39079, 0, 0.0, 5, 
2019-12-06 16:40:09.69,253438128, 1091.8814999968806, 717511, 58.263525307964414, 39131, 0, 0.0, 5, 
2019-12-06 16:40:10.713,271456568, 1091.8814999968806, 718379, 58.263525307964414, 39192, 0, 0.0, 5, 
2019-12-06 16:40:11.738,286775296, 1078.3784808063522, 719175, 57.84267706085275, 39241, 0, 0.0, 5, 
2019-12-06 16:40:12.762,301762032, 1078.3784808063522, 719988, 57.84267706085275, 39279, 0, 0.0, 5, 
2019-12-06 16:40:13.802,319112832, 1078.3784808063522, 720839, 57.84267706085275, 39324, 0, 0.0, 5, 
2019-12-06 16:40:14.826,335784936, 1078.3784808063522, 721726, 57.84267706085275, 39380, 0, 0.0, 5, 
2019-12-06 16:40:15.852,353167464, 1057.351882433589, 722580, 56.92777111824466, 39430, 0, 0.0, 5, 
2019-12-06 16:40:16.876,86774392, 1057.351882433589, 723447, 56.92777111824466, 39484, 0, 0.0, 5, 
2019-12-06 16:40:17.901,103641640, 1057.351882433589, 724339, 56.92777111824466, 39518, 0, 0.0, 5, 
2019-12-06 16:40:18.93,120614552, 1057.351882433589, 725220, 56.92777111824466, 39570, 0, 0.0, 5, 
2019-12-06 16:40:19.959,135979256, 1057.351882433589, 726068, 56.92777111824466, 39609, 0, 0.0, 5, 
2019-12-06 16:40:20.994,153128968, 1041.8763283740147, 727009, 55.91011472802141, 39657, 0, 0.0, 5, 
2019-12-06 16:40:22.019,170614616, 1041.8763283740147, 727943, 55.91011472802141, 39700, 0, 0.0, 5, 
2019-12-06 16:40:23.047,188240600, 1041.8763283740147, 728794, 55.91011472802141, 39754, 0, 0.0, 5, 
2019-12-06 16:40:24.072,203031448, 1041.8763283740147, 729631, 55.91011472802141, 39793, 0, 0.0, 5, 
2019-12-06 16:40:25.096,222409576, 1041.8763283740147, 730547, 55.91011472802141, 39845, 0, 0.0, 5, 
2019-12-06 16:40:26.125,239911816, 1028.3097582153234, 731459, 55.133736820926025, 39891, 0, 0.0, 5, 
2019-12-06 16:40:27.149,258300272, 1028.3097582153234, 732394, 55.133736820926025, 39951, 0, 0.0, 5, 
2019-12-06 16:40:28.178,275131688, 1028.3097582153234, 733314, 55.133736820926025, 40016, 0, 0.0, 5, 
2019-12-06 16:40:29.204,293296200, 1028.3097582153234, 734250, 55.133736820926025, 40059, 0, 0.0, 5, 
2019-12-06 16:40:30.233,310310544, 1028.3097582153234, 735251, 55.133736820926025, 40100, 0, 0.0, 5, 
2019-12-06 16:40:31.258,329483944, 1019.6018147446383, 736163, 54.835203707788835, 40157, 0, 0.0, 5, 
2019-12-06 16:40:32.283,345561536, 1019.6018147446383, 737072, 54.835203707788835, 40199, 0, 0.0, 5, 
2019-12-06 16:40:33.315,79484520, 1019.6018147446383, 737916, 54.835203707788835, 40243, 0, 0.0, 5, 
2019-12-06 16:40:34.34,93896776, 1019.6018147446383, 738749, 54.835203707788835, 40273, 0, 0.0, 5, 
2019-12-06 16:40:35.366,111351680, 1019.6018147446383, 739621, 54.835203707788835, 40326, 0, 0.0, 5, 
2019-12-06 16:40:36.394,128308136, 1004.1862327862019, 740461, 53.72900189661002, 40373, 0, 0.0, 5, 
2019-12-06 16:40:37.419,143027808, 1004.1862327862019, 741252, 53.72900189661002, 40411, 0, 0.0, 5, 
2019-12-06 16:40:38.444,159754656, 1004.1862327862019, 742062, 53.72900189661002, 40451, 0, 0.0, 5, 
2019-12-06 16:40:39.469,175061432, 1004.1862327862019, 742924, 53.72900189661002, 40494, 0, 0.0, 5, 
2019-12-06 16:40:40.499,193189904, 1004.1862327862019, 743793, 53.72900189661002, 40522, 0, 0.0, 5, 
2019-12-06 16:40:41.531,208887048, 989.5554614290062, 744700, 52.6153003963373, 40582, 0, 0.0, 5, 
2019-12-06 16:40:42.558,225438528, 989.5554614290062, 745572, 52.6153003963373, 40636, 0, 0.0, 5, 
2019-12-06 16:40:43.584,243554240, 989.5554614290062, 746529, 52.6153003963373, 40683, 0, 0.0, 5, 
2019-12-06 16:40:44.609,262218648, 989.5554614290062, 747464, 52.6153003963373, 40725, 0, 0.0, 5, 
2019-12-06 16:40:45.634,280535368, 989.5554614290062, 748418, 52.6153003963373, 40768, 0, 0.0, 5, 
2019-12-06 16:40:46.663,297066104, 982.7308155458658, 749341, 52.086370180745284, 40831, 0, 0.0, 5, 
2019-12-06 16:40:47.688,315159152, 982.7308155458658, 750222, 52.086370180745284, 40876, 0, 0.0, 5, 
2019-12-06 16:40:48.716,331721096, 982.7308155458658, 751134, 52.086370180745284, 40911, 0, 0.0, 5, 
2019-12-06 16:40:49.744,349003824, 982.7308155458658, 752067, 52.086370180745284, 40960, 0, 0.0, 5, 
2019-12-06 16:40:50.817,84264720, 974.5808775215854, 752935, 51.759642060902515, 41009, 0, 0.0, 5, 
2019-12-06 16:40:51.845,101433184, 974.5808775215854, 753886, 51.759642060902515, 41047, 0, 0.0, 5, 
2019-12-06 16:40:52.877,119005472, 974.5808775215854, 754871, 51.759642060902515, 41095, 0, 0.0, 5, 
2019-12-06 16:40:53.904,137562104, 974.5808775215854, 755811, 51.759642060902515, 41144, 0, 0.0, 5, 
2019-12-06 16:40:54.938,153663328, 974.5808775215854, 756722, 51.759642060902515, 41191, 0, 0.0, 5, 
2019-12-06 16:40:55.962,171539600, 968.8256043238521, 757640, 51.04326863521132, 41236, 0, 0.0, 5, 
2019-12-06 16:40:56.984,189388840, 968.8256043238521, 758581, 51.04326863521132, 41304, 0, 0.0, 5, 
2019-12-06 16:40:58.008,207078416, 968.8256043238521, 759504, 51.04326863521132, 41369, 0, 0.0, 5, 
2019-12-06 16:40:59.033,226735224, 968.8256043238521, 760471, 51.04326863521132, 41416, 0, 0.0, 5, 
2019-12-06 16:41:00.063,242383984, 968.8256043238521, 761366, 51.04326863521132, 41456, 0, 0.0, 5, 
2019-12-06 16:41:01.088,265053584, 963.5944618319082, 762271, 51.071791300303076, 41496, 0, 0.0, 5, 
2019-12-06 16:41:02.11,284973280, 963.5944618319082, 763090, 51.071791300303076, 41543, 0, 0.0, 5, 
2019-12-06 16:41:03.138,307630672, 963.5944618319082, 764007, 51.071791300303076, 41603, 0, 0.0, 5, 
2019-12-06 16:41:04.173,330743200, 963.5944618319082, 764999, 51.071791300303076, 41658, 0, 0.0, 5, 
2019-12-06 16:41:05.197,356524200, 963.5944618319082, 766124, 51.071791300303076, 41716, 0, 0.0, 5, 
2019-12-06 16:41:06.22,100294160, 962.907286605192, 767286, 51.30591794097485, 41780, 0, 0.0, 5, 
2019-12-06 16:41:07.243,127789440, 962.907286605192, 768472, 51.30591794097485, 41840, 0, 0.0, 5, 
2019-12-06 16:41:08.265,154902288, 962.907286605192, 769617, 51.30591794097485, 41895, 0, 0.0, 5, 
2019-12-06 16:41:09.291,177973024, 962.907286605192, 770649, 51.30591794097485, 41947, 0, 0.0, 5, 
2019-12-06 16:41:10.321,201542760, 962.907286605192, 771604, 51.30591794097485, 41993, 0, 0.0, 5, 
2019-12-06 16:41:11.352,224248080, 969.7908799008238, 772550, 51.39339591244776, 42047, 0, 0.0, 5, 
2019-12-06 16:41:12.38,245968312, 969.7908799008238, 773490, 51.39339591244776, 42095, 0, 0.0, 5, 
2019-12-06 16:41:13.406,266454024, 969.7908799008238, 774360, 51.39339591244776, 42138, 0, 0.0, 5, 
2019-12-06 16:41:14.433,288286696, 969.7908799008238, 775300, 51.39339591244776, 42177, 0, 0.0, 5, 
2019-12-06 16:41:15.456,308023464, 969.7908799008238, 776043, 51.39339591244776, 42217, 0, 0.0, 5, 
2019-12-06 16:41:16.481,325894040, 960.1489655079885, 776725, 50.62635032657534, 42242, 0, 0.0, 5, 
2019-12-06 16:41:17.506,345642592, 960.1489655079885, 777575, 50.62635032657534, 42286, 0, 0.0, 5, 
2019-12-06 16:41:18.529,82499216, 960.1489655079885, 778408, 50.62635032657534, 42333, 0, 0.0, 5, 
2019-12-06 16:41:19.553,105920632, 960.1489655079885, 779403, 50.62635032657534, 42384, 0, 0.0, 5, 
2019-12-06 16:41:20.576,132853640, 960.1489655079885, 780533, 50.62635032657534, 42440, 0, 0.0, 5, 
2019-12-06 16:41:21.601,159951656, 955.7235065711359, 781687, 50.27243889515832, 42495, 0, 0.0, 5, 
2019-12-06 16:41:22.624,188088952, 955.7235065711359, 782867, 50.27243889515832, 42560, 0, 0.0, 5, 
2019-12-06 16:41:23.648,214176816, 955.7235065711359, 783981, 50.27243889515832, 42628, 0, 0.0, 5, 
2019-12-06 16:41:24.67,242432544, 955.7235065711359, 785138, 50.27243889515832, 42690, 0, 0.0, 5, 
2019-12-06 16:41:25.706,268627856, 955.7235065711359, 786254, 50.27243889515832, 42756, 0, 0.0, 5, 
2019-12-06 16:41:26.731,287890072, 967.9308449755829, 787053, 51.1141762058215, 42794, 0, 0.0, 5, 
2019-12-06 16:41:27.764,324774632, 967.9308449755829, 788248, 51.1141762058215, 42846, 0, 0.0, 5, 
2019-12-06 16:41:28.79,351497464, 967.9308449755829, 789185, 51.1141762058215, 42895, 0, 0.0, 5, 
2019-12-06 16:41:29.813,98325688, 967.9308449755829, 790235, 51.1141762058215, 42951, 0, 0.0, 5, 
2019-12-06 16:41:30.84,130252264, 971.1825710720909, 791427, 51.0410827121531, 43009, 0, 0.0, 5, 
2019-12-06 16:41:31.869,160589744, 971.1825710720909, 792492, 51.0410827121531, 43072, 0, 0.0, 5, 
2019-12-06 16:41:32.894,191956040, 971.1825710720909, 793579, 51.0410827121531, 43127, 0, 0.0, 5, 
2019-12-06 16:41:33.917,220993192, 971.1825710720909, 794653, 51.0410827121531, 43179, 0, 0.0, 5, 
2019-12-06 16:41:34.94,252978992, 971.1825710720909, 795745, 51.0410827121531, 43254, 0, 0.0, 5, 
2019-12-06 16:41:35.962,284213640, 978.0761360711766, 796907, 51.58149590037489, 43308, 0, 0.0, 5, 
2019-12-06 16:41:36.985,316159392, 978.0761360711766, 798071, 51.58149590037489, 43359, 0, 0.0, 5, 
2019-12-06 16:41:38.008,347651944, 978.0761360711766, 799249, 51.58149590037489, 43422, 0, 0.0, 5, 
2019-12-06 16:41:39.034,94873488, 978.0761360711766, 800409, 51.58149590037489, 43493, 0, 0.0, 5, 
2019-12-06 16:41:40.057,125772328, 978.0761360711766, 801516, 51.58149590037489, 43538, 0, 0.0, 5, 
2019-12-06 16:41:41.082,157605008, 990.367217597048, 802632, 52.046717801642096, 43597, 0, 0.0, 5, 
2019-12-06 16:41:42.105,189087640, 990.367217597048, 803758, 52.046717801642096, 43652, 0, 0.0, 5, 
2019-12-06 16:41:43.13,221484104, 990.367217597048, 804993, 52.046717801642096, 43712, 0, 0.0, 5, 
2019-12-06 16:41:44.155,257314776, 990.367217597048, 806195, 52.046717801642096, 43786, 0, 0.0, 5, 
2019-12-06 16:41:45.178,287423624, 990.367217597048, 807342, 52.046717801642096, 43836, 0, 0.0, 5, 
2019-12-06 16:41:46.2,318603936, 1001.6435762705313, 808462, 52.666636018355845, 43909, 0, 0.0, 5, 
2019-12-06 16:41:47.227,353136136, 1001.6435762705313, 809671, 52.666636018355845, 43959, 0, 0.0, 5, 
2019-12-06 16:41:48.254,101411328, 1001.6435762705313, 810771, 52.666636018355845, 44031, 0, 0.0, 5, 
2019-12-06 16:41:49.281,136195256, 1001.6435762705313, 812050, 52.666636018355845, 44086, 0, 0.0, 5, 
2019-12-06 16:41:50.342,175299200, 1001.6435762705313, 813258, 52.666636018355845, 44151, 0, 0.0, 5, 
2019-12-06 16:41:51.382,206671872, 1014.1131634221383, 814398, 53.077077140428955, 44210, 0, 0.0, 5, 
2019-12-06 16:41:52.406,238227896, 1014.1131634221383, 815532, 53.077077140428955, 44272, 0, 0.0, 5, 
2019-12-06 16:41:53.43,275677928, 1014.1131634221383, 816741, 53.077077140428955, 44337, 0, 0.0, 5, 
2019-12-06 16:41:54.452,307582856, 1014.1131634221383, 817929, 53.077077140428955, 44400, 0, 0.0, 5, 
2019-12-06 16:41:55.48,342614568, 1014.1131634221383, 819201, 53.077077140428955, 44454, 0, 0.0, 5, 
2019-12-06 16:41:56.506,95433344, 1025.2819062092992, 820351, 53.50267455354891, 44500, 0, 0.0, 5, 
2019-12-06 16:41:57.535,133473824, 1025.2819062092992, 821658, 53.50267455354891, 44579, 0, 0.0, 5, 
2019-12-06 16:41:58.567,164684096, 1025.2819062092992, 822805, 53.50267455354891, 44633, 0, 0.0, 5, 
2019-12-06 16:41:59.59,201492448, 1025.2819062092992, 824038, 53.50267455354891, 44686, 0, 0.0, 5, 
2019-12-06 16:42:00.614,231352080, 1025.2819062092992, 825233, 53.50267455354891, 44746, 0, 0.0, 5, 
2019-12-06 16:42:01.637,266703944, 1038.11622436092, 826484, 53.942216427593024, 44816, 0, 0.0, 5, 
2019-12-06 16:42:02.662,299977888, 1038.11622436092, 827644, 53.942216427593024, 44882, 0, 0.0, 5, 
2019-12-06 16:42:03.684,332942496, 1038.11622436092, 828829, 53.942216427593024, 44942, 0, 0.0, 5, 
2019-12-06 16:42:04.71,85171128, 1038.11622436092, 830109, 53.942216427593024, 45019, 0, 0.0, 5, 
2019-12-06 16:42:05.732,120820680, 1038.11622436092, 831412, 53.942216427593024, 45085, 0, 0.0, 5, 
2019-12-06 16:42:06.754,148489248, 1051.29960316027, 832344, 54.85833022017534, 45138, 0, 0.0, 5, 
2019-12-06 16:42:07.776,178135576, 1051.29960316027, 833361, 54.85833022017534, 45182, 0, 0.0, 5, 
2019-12-06 16:42:08.798,208777272, 1051.29960316027, 834452, 54.85833022017534, 45244, 0, 0.0, 5, 
2019-12-06 16:42:09.822,237810368, 1051.29960316027, 835505, 54.85833022017534, 45289, 0, 0.0, 5, 
2019-12-06 16:42:10.847,267499784, 1046.846108784676, 836528, 54.45388846642304, 45340, 0, 0.0, 5, 
2019-12-06 16:42:11.874,298815720, 1046.846108784676, 837690, 54.45388846642304, 45412, 0, 0.0, 5, 
2019-12-06 16:42:12.897,334861104, 1046.846108784676, 838985, 54.45388846642304, 45480, 0, 0.0, 5, 
2019-12-06 16:42:13.92,84583648, 1046.846108784676, 840199, 54.45388846642304, 45523, 0, 0.0, 5, 
2019-12-06 16:42:14.943,120268936, 1046.846108784676, 841473, 54.45388846642304, 45583, 0, 0.0, 5, 
2019-12-06 16:42:15.966,153160128, 1058.3720175402582, 842625, 54.88133994354711, 45650, 0, 0.0, 5, 
2019-12-06 16:42:16.998,186662488, 1058.3720175402582, 843827, 54.88133994354711, 45711, 0, 0.0, 5, 
2019-12-06 16:42:18.021,221845664, 1058.3720175402582, 845087, 54.88133994354711, 45777, 0, 0.0, 5, 
2019-12-06 16:42:19.044,255684432, 1058.3720175402582, 846275, 54.88133994354711, 45836, 0, 0.0, 5, 
2019-12-06 16:42:20.076,288625568, 1058.3720175402582, 847520, 54.88133994354711, 45913, 0, 0.0, 5, 
2019-12-06 16:42:21.102,324481736, 1069.6160101973242, 848820, 55.59443662908287, 45974, 0, 0.0, 5, 
2019-12-06 16:42:22.125,360413928, 1069.6160101973242, 850158, 55.59443662908287, 46042, 0, 0.0, 5, 
2019-12-06 16:42:23.147,112547216, 1069.6160101973242, 851391, 55.59443662908287, 46105, 0, 0.0, 5, 
2019-12-06 16:42:24.175,145977096, 1069.6160101973242, 852644, 55.59443662908287, 46159, 0, 0.0, 5, 
2019-12-06 16:42:25.199,179929984, 1069.6160101973242, 853870, 55.59443662908287, 46229, 0, 0.0, 5, 
2019-12-06 16:42:26.223,216777104, 1084.230611098385, 855235, 56.26650836877487, 46296, 0, 0.0, 5, 
2019-12-06 16:42:27.248,251033952, 1084.230611098385, 856458, 56.26650836877487, 46360, 0, 0.0, 5, 
2019-12-06 16:42:28.272,284702784, 1084.230611098385, 857639, 56.26650836877487, 46424, 0, 0.0, 5, 
2019-12-06 16:42:29.295,317460464, 1084.230611098385, 858900, 56.26650836877487, 46502, 0, 0.0, 5, 
2019-12-06 16:42:30.399,350896560, 1084.230611098385, 860014, 56.26650836877487, 46556, 0, 0.0, 5, 
2019-12-06 16:42:31.449,96799448, 1089.1694187460025, 861075, 56.612995228848405, 46616, 0, 0.0, 5, 
2019-12-06 16:42:32.478,127568736, 1089.1694187460025, 862221, 56.612995228848405, 46668, 0, 0.0, 5, 
2019-12-06 16:42:33.503,159544784, 1089.1694187460025, 863334, 56.612995228848405, 46725, 0, 0.0, 5, 
2019-12-06 16:42:34.527,192252552, 1089.1694187460025, 864577, 56.612995228848405, 46789, 0, 0.0, 5, 
2019-12-06 16:42:35.558,218661568, 1089.1694187460025, 865518, 56.612995228848405, 46840, 0, 0.0, 5, 
2019-12-06 16:42:36.594,222662608, 1085.9736404732403, 865604, 56.38808054868091, 46846, 0, 0.0, 5, 
2019-12-06 16:42:37.626,223608720, 1085.9736404732403, 865604, 56.38808054868091, 46846, 0, 0.0, 5, 
2019-12-06 16:42:38.658,224559432, 1085.9736404732403, 865604, 56.38808054868091, 46846, 0, 0.0, 5, 
