Timestamp, MemoryUsed, ReadLatency1, ReadCount, WriteLatency1, WriteCount, PendingTasks, WaitingOnCommit1, SRDelay, 
2019-12-06 16:38:08.023,147123792, 21.734121621373294, 559271, 4.625135914060658, 31008, 0, 0.0, 5, 
2019-12-06 16:38:09.165,156824976, 21.734121621373294, 559459, 4.625135914060658, 31014, 0, 0.0, 5, 
2019-12-06 16:38:10.207,164100888, 21.734121621373294, 559726, 4.625135914060658, 31027, 0, 0.0, 5, 
2019-12-06 16:38:11.243,171580408, 34.40435368841486, 560017, 4.974930732969089, 31049, 0, 0.0, 5, 
2019-12-06 16:38:12.371,180958088, 34.40435368841486, 560433, 4.974930732969089, 31069, 0, 0.0, 5, 
2019-12-06 16:38:13.409,194223728, 34.40435368841486, 561021, 4.974930732969089, 31094, 0, 0.0, 5, 
2019-12-06 16:38:14.448,208423888, 34.40435368841486, 561644, 4.974930732969089, 31131, 0, 0.0, 5, 
2019-12-06 16:38:15.48,221327400, 34.40435368841486, 562295, 4.974930732969089, 31169, 0, 0.0, 5, 
2019-12-06 16:38:16.508,236179192, 73.79012694030446, 562977, 6.783931390266652, 31207, 0, 0.0, 5, 
2019-12-06 16:38:17.545,250979816, 73.79012694030446, 563661, 6.783931390266652, 31244, 0, 0.0, 5, 
2019-12-06 16:38:18.573,264005808, 73.79012694030446, 564344, 6.783931390266652, 31273, 0, 0.0, 5, 
2019-12-06 16:38:19.609,280002288, 73.79012694030446, 565079, 6.783931390266652, 31325, 0, 0.0, 5, 
2019-12-06 16:38:20.638,294358888, 73.79012694030446, 565812, 6.783931390266652, 31370, 0, 0.0, 5, 
2019-12-06 16:38:21.67,308460816, 122.81968129587077, 566453, 9.455732716744578, 31409, 0, 0.0, 5, 
2019-12-06 16:38:22.697,322060184, 122.81968129587077, 567136, 9.455732716744578, 31442, 0, 0.0, 5, 
2019-12-06 16:38:23.727,337937136, 122.81968129587077, 567844, 9.455732716744578, 31483, 0, 0.0, 5, 
2019-12-06 16:38:24.759,352933112, 122.81968129587077, 568569, 9.455732716744578, 31518, 0, 0.0, 5, 
2019-12-06 16:38:25.795,82565688, 122.81968129587077, 569305, 9.455732716744578, 31560, 0, 0.0, 5, 
2019-12-06 16:38:26.826,99360160, 167.51327988854686, 570143, 11.690032965131913, 31615, 0, 0.0, 5, 
2019-12-06 16:38:27.859,114876616, 167.51327988854686, 570914, 11.690032965131913, 31655, 0, 0.0, 5, 
2019-12-06 16:38:28.897,131474536, 167.51327988854686, 571729, 11.690032965131913, 31696, 0, 0.0, 5, 
2019-12-06 16:38:29.929,148477224, 167.51327988854686, 572597, 11.690032965131913, 31737, 0, 0.0, 5, 
2019-12-06 16:38:30.956,166596368, 218.53187711231325, 573443, 14.193439707341383, 31782, 0, 0.0, 5, 
2019-12-06 16:38:31.984,181910664, 218.53187711231325, 574224, 14.193439707341383, 31827, 0, 0.0, 5, 
2019-12-06 16:38:33.012,200476824, 218.53187711231325, 575099, 14.193439707341383, 31878, 0, 0.0, 5, 
2019-12-06 16:38:34.064,215851288, 218.53187711231325, 575977, 14.193439707341383, 31912, 0, 0.0, 5, 
2019-12-06 16:38:35.099,233920648, 218.53187711231325, 576828, 14.193439707341383, 31962, 0, 0.0, 5, 
2019-12-06 16:38:36.124,251901152, 268.0937957304208, 577795, 16.464702863908325, 31999, 0, 0.0, 5, 
2019-12-06 16:38:37.15,271401872, 268.0937957304208, 578741, 16.464702863908325, 32071, 0, 0.0, 5, 
2019-12-06 16:38:38.203,292069336, 268.0937957304208, 579758, 16.464702863908325, 32113, 0, 0.0, 5, 
2019-12-06 16:38:39.231,311988920, 268.0937957304208, 580771, 16.464702863908325, 32163, 0, 0.0, 5, 
2019-12-06 16:38:40.257,330290120, 268.0937957304208, 581733, 16.464702863908325, 32200, 0, 0.0, 5, 
2019-12-06 16:38:41.283,348871328, 323.0477656216929, 582700, 18.92216153796622, 32247, 0, 0.0, 5, 
2019-12-06 16:38:42.309,87115376, 323.0477656216929, 583698, 18.92216153796622, 32296, 0, 0.0, 5, 
2019-12-06 16:38:43.336,106939552, 323.0477656216929, 584737, 18.92216153796622, 32363, 0, 0.0, 5, 
2019-12-06 16:38:44.365,126376408, 323.0477656216929, 585801, 18.92216153796622, 32413, 0, 0.0, 5, 
2019-12-06 16:38:45.391,147443344, 323.0477656216929, 586848, 18.92216153796622, 32466, 0, 0.0, 5, 
2019-12-06 16:38:46.419,166684168, 376.74211762839633, 587907, 21.566919474994815, 32517, 0, 0.0, 5, 
2019-12-06 16:38:47.445,185942216, 376.74211762839633, 588919, 21.566919474994815, 32569, 0, 0.0, 5, 
2019-12-06 16:38:48.469,209012040, 376.74211762839633, 590036, 21.566919474994815, 32631, 0, 0.0, 5, 
2019-12-06 16:38:49.492,230485840, 376.74211762839633, 591214, 21.566919474994815, 32697, 0, 0.0, 5, 
2019-12-06 16:38:50.517,252146944, 376.74211762839633, 592340, 21.566919474994815, 32750, 0, 0.0, 5, 
2019-12-06 16:38:51.547,272916440, 433.53120237755513, 593484, 24.36800993570966, 32793, 0, 0.0, 5, 
2019-12-06 16:38:52.574,294615712, 433.53120237755513, 594610, 24.36800993570966, 32853, 0, 0.0, 5, 
2019-12-06 16:38:53.598,316727784, 433.53120237755513, 595799, 24.36800993570966, 32907, 0, 0.0, 5, 
2019-12-06 16:38:54.627,340445288, 433.53120237755513, 597068, 24.36800993570966, 32980, 0, 0.0, 5, 
2019-12-06 16:38:55.653,79262040, 433.53120237755513, 598318, 24.36800993570966, 33051, 0, 0.0, 5, 
2019-12-06 16:38:56.678,103192648, 492.3040583791772, 599526, 27.08905762262905, 33107, 0, 0.0, 5, 
2019-12-06 16:38:57.71,126404432, 492.3040583791772, 600778, 27.08905762262905, 33177, 0, 0.0, 5, 
2019-12-06 16:38:58.74,149888248, 492.3040583791772, 602056, 27.08905762262905, 33237, 0, 0.0, 5, 
2019-12-06 16:38:59.765,175773824, 492.3040583791772, 603469, 27.08905762262905, 33314, 0, 0.0, 5, 
2019-12-06 16:39:00.798,200026504, 492.3040583791772, 604727, 27.08905762262905, 33374, 0, 0.0, 5, 
2019-12-06 16:39:01.83,223824880, 553.0779743293458, 606084, 30.00831139284679, 33440, 0, 0.0, 5, 
2019-12-06 16:39:02.859,247172880, 553.0779743293458, 607268, 30.00831139284679, 33509, 0, 0.0, 5, 
2019-12-06 16:39:03.884,269626640, 553.0779743293458, 608595, 30.00831139284679, 33570, 0, 0.0, 5, 
2019-12-06 16:39:04.92,296432648, 553.0779743293458, 609902, 30.00831139284679, 33638, 0, 0.0, 5, 
2019-12-06 16:39:05.945,316222304, 553.0779743293458, 610991, 30.00831139284679, 33700, 0, 0.0, 5, 
2019-12-06 16:39:06.977,340762352, 605.9223817762163, 612402, 32.662172284872945, 33763, 0, 0.0, 5, 
2019-12-06 16:39:08.008,82832840, 605.9223817762163, 613855, 32.662172284872945, 33840, 0, 0.0, 5, 
2019-12-06 16:39:09.029,109614456, 605.9223817762163, 615281, 32.662172284872945, 33902, 0, 0.0, 5, 
2019-12-06 16:39:10.057,134388112, 605.9223817762163, 616732, 32.662172284872945, 33983, 0, 0.0, 5, 
2019-12-06 16:39:11.079,158721536, 669.8770649662015, 618147, 35.88740691241743, 34068, 0, 0.0, 5, 
2019-12-06 16:39:12.106,186509672, 669.8770649662015, 619647, 35.88740691241743, 34142, 0, 0.0, 5, 
2019-12-06 16:39:13.132,211473656, 669.8770649662015, 621012, 35.88740691241743, 34208, 0, 0.0, 5, 
2019-12-06 16:39:14.163,235744416, 669.8770649662015, 622408, 35.88740691241743, 34273, 0, 0.0, 5, 
2019-12-06 16:39:15.19,261684744, 669.8770649662015, 623920, 35.88740691241743, 34340, 0, 0.0, 5, 
2019-12-06 16:39:16.215,287604160, 728.6382584391647, 625402, 38.13516574902274, 34402, 0, 0.0, 5, 
2019-12-06 16:39:17.244,313408496, 728.6382584391647, 626838, 38.13516574902274, 34463, 0, 0.0, 5, 
2019-12-06 16:39:18.273,339778360, 728.6382584391647, 628274, 38.13516574902274, 34546, 0, 0.0, 5, 
2019-12-06 16:39:19.3,79161568, 728.6382584391647, 629546, 38.13516574902274, 34602, 0, 0.0, 5, 
2019-12-06 16:39:20.327,104552744, 728.6382584391647, 630948, 38.13516574902274, 34673, 0, 0.0, 5, 
2019-12-06 16:39:21.353,130245064, 779.5828984614611, 632450, 40.53901717063199, 34742, 0, 0.0, 5, 
2019-12-06 16:39:22.378,156663744, 779.5828984614611, 633936, 40.53901717063199, 34811, 0, 0.0, 5, 
2019-12-06 16:39:23.411,180078680, 779.5828984614611, 635305, 40.53901717063199, 34895, 0, 0.0, 5, 
2019-12-06 16:39:24.438,205539160, 779.5828984614611, 636735, 40.53901717063199, 34978, 0, 0.0, 5, 
2019-12-06 16:39:25.464,231126680, 779.5828984614611, 638210, 40.53901717063199, 35051, 0, 0.0, 5, 
2019-12-06 16:39:26.488,258813848, 829.4925422133622, 639697, 43.11846293738746, 35130, 0, 0.0, 5, 
2019-12-06 16:39:27.515,284048416, 829.4925422133622, 641060, 43.11846293738746, 35182, 0, 0.0, 5, 
2019-12-06 16:39:28.538,308968152, 829.4925422133622, 642537, 43.11846293738746, 35257, 0, 0.0, 5, 
2019-12-06 16:39:29.572,334012096, 829.4925422133622, 643928, 43.11846293738746, 35323, 0, 0.0, 5, 
2019-12-06 16:39:30.614,357709416, 829.4925422133622, 645250, 43.11846293738746, 35393, 0, 0.0, 5, 
2019-12-06 16:39:31.643,95613664, 870.8541628173094, 646524, 44.708102871297456, 35459, 0, 0.0, 5, 
2019-12-06 16:39:32.668,120497344, 870.8541628173094, 647929, 44.708102871297456, 35545, 0, 0.0, 5, 
2019-12-06 16:39:33.701,143049016, 870.8541628173094, 649243, 44.708102871297456, 35604, 0, 0.0, 5, 
2019-12-06 16:39:34.728,168656512, 870.8541628173094, 650594, 44.708102871297456, 35676, 0, 0.0, 5, 
2019-12-06 16:39:35.762,195582512, 870.8541628173094, 652073, 44.708102871297456, 35748, 0, 0.0, 5, 
2019-12-06 16:39:36.79,220750208, 908.652832960802, 653536, 46.874251365025025, 35830, 0, 0.0, 5, 
2019-12-06 16:39:37.837,245883312, 908.652832960802, 654903, 46.874251365025025, 35895, 0, 0.0, 5, 
2019-12-06 16:39:38.878,270314544, 908.652832960802, 656329, 46.874251365025025, 35969, 0, 0.0, 5, 
2019-12-06 16:39:39.909,295769288, 908.652832960802, 657750, 46.874251365025025, 36045, 0, 0.0, 5, 
2019-12-06 16:39:40.948,321570720, 908.652832960802, 659172, 46.874251365025025, 36122, 0, 0.0, 5, 
2019-12-06 16:39:41.978,346830912, 945.2202934190418, 660576, 48.851213070862656, 36187, 0, 0.0, 5, 
2019-12-06 16:39:43.005,90630232, 945.2202934190418, 661948, 48.851213070862656, 36244, 0, 0.0, 5, 
2019-12-06 16:39:44.034,112737712, 945.2202934190418, 663232, 48.851213070862656, 36318, 0, 0.0, 5, 
2019-12-06 16:39:45.065,136567792, 945.2202934190418, 664569, 48.851213070862656, 36383, 0, 0.0, 5, 
2019-12-06 16:39:46.093,164551912, 977.4727539853741, 666112, 50.12640766573403, 36455, 0, 0.0, 5, 
2019-12-06 16:39:47.121,188008816, 977.4727539853741, 667537, 50.12640766573403, 36539, 0, 0.0, 5, 
2019-12-06 16:39:48.15,214057376, 977.4727539853741, 668961, 50.12640766573403, 36618, 0, 0.0, 5, 
2019-12-06 16:39:49.178,239102864, 977.4727539853741, 670288, 50.12640766573403, 36691, 0, 0.0, 5, 
2019-12-06 16:39:50.205,266472280, 977.4727539853741, 671781, 50.12640766573403, 36766, 0, 0.0, 5, 
2019-12-06 16:39:51.23,288870688, 1009.2572776412666, 673156, 52.06721694986944, 36841, 0, 0.0, 5, 
2019-12-06 16:39:52.254,316089608, 1009.2572776412666, 674640, 52.06721694986944, 36920, 0, 0.0, 5, 
2019-12-06 16:39:53.284,343135264, 1009.2572776412666, 676164, 52.06721694986944, 37012, 0, 0.0, 5, 
2019-12-06 16:39:54.309,80088296, 1009.2572776412666, 677481, 52.06721694986944, 37095, 0, 0.0, 5, 
2019-12-06 16:39:55.333,106540312, 1009.2572776412666, 678874, 52.06721694986944, 37178, 0, 0.0, 5, 
2019-12-06 16:39:56.356,133077456, 1040.2434828636046, 680350, 54.39654567211956, 37257, 0, 0.0, 5, 
2019-12-06 16:39:57.383,159404048, 1040.2434828636046, 681892, 54.39654567211956, 37312, 0, 0.0, 5, 
2019-12-06 16:39:58.406,185742672, 1040.2434828636046, 683351, 54.39654567211956, 37401, 0, 0.0, 5, 
2019-12-06 16:39:59.431,225363360, 1040.2434828636046, 684711, 54.39654567211956, 37473, 0, 0.0, 5, 
2019-12-06 16:40:00.456,244777104, 1040.2434828636046, 685831, 54.39654567211956, 37530, 0, 0.0, 5, 
2019-12-06 16:40:01.481,261979152, 1061.220351767057, 686663, 55.50020894304264, 37578, 0, 0.0, 5, 
2019-12-06 16:40:02.506,278781224, 1061.220351767057, 687574, 55.50020894304264, 37622, 0, 0.0, 5, 
2019-12-06 16:40:03.53,297066960, 1061.220351767057, 688550, 55.50020894304264, 37678, 0, 0.0, 5, 
2019-12-06 16:40:04.554,315772584, 1061.220351767057, 689517, 55.50020894304264, 37720, 0, 0.0, 5, 
2019-12-06 16:40:05.581,335143536, 1061.220351767057, 690496, 55.50020894304264, 37786, 0, 0.0, 5, 
2019-12-06 16:40:06.61,355259352, 1050.1048981630847, 691552, 54.948498697821684, 37834, 0, 0.0, 5, 
2019-12-06 16:40:07.644,85740120, 1050.1048981630847, 692444, 54.948498697821684, 37876, 0, 0.0, 5, 
2019-12-06 16:40:08.668,102154136, 1050.1048981630847, 693290, 54.948498697821684, 37921, 0, 0.0, 5, 
2019-12-06 16:40:09.695,120585064, 1050.1048981630847, 694178, 54.948498697821684, 37964, 0, 0.0, 5, 
2019-12-06 16:40:10.718,136598112, 1050.1048981630847, 694992, 54.948498697821684, 38010, 0, 0.0, 5, 
2019-12-06 16:40:11.744,151115856, 1034.265305065657, 695798, 53.913193904765905, 38057, 0, 0.0, 5, 
2019-12-06 16:40:12.767,167115152, 1034.265305065657, 696626, 53.913193904765905, 38096, 0, 0.0, 5, 
2019-12-06 16:40:13.808,184018272, 1034.265305065657, 697525, 53.913193904765905, 38154, 0, 0.0, 5, 
2019-12-06 16:40:14.831,202304160, 1034.265305065657, 698457, 53.913193904765905, 38202, 0, 0.0, 5, 
2019-12-06 16:40:15.858,220220784, 1034.265305065657, 699348, 53.913193904765905, 38247, 0, 0.0, 5, 
2019-12-06 16:40:16.883,236459784, 1019.4523091502555, 700176, 53.296480971032814, 38285, 0, 0.0, 5, 
2019-12-06 16:40:17.907,251873912, 1019.4523091502555, 700996, 53.296480971032814, 38324, 0, 0.0, 5, 
2019-12-06 16:40:18.936,269833472, 1019.4523091502555, 701880, 53.296480971032814, 38369, 0, 0.0, 5, 
2019-12-06 16:40:19.966,285795696, 1019.4523091502555, 702777, 53.296480971032814, 38408, 0, 0.0, 5, 
2019-12-06 16:40:21.0,304006176, 1005.9995972821788, 703687, 52.297317519920355, 38454, 0, 0.0, 5, 
2019-12-06 16:40:22.024,319193280, 1005.9995972821788, 704607, 52.297317519920355, 38511, 0, 0.0, 5, 
2019-12-06 16:40:23.053,337018208, 1005.9995972821788, 705518, 52.297317519920355, 38558, 0, 0.0, 5, 
2019-12-06 16:40:24.077,353123512, 1005.9995972821788, 706348, 52.297317519920355, 38611, 0, 0.0, 5, 
2019-12-06 16:40:25.102,86714608, 1005.9995972821788, 707242, 52.297317519920355, 38645, 0, 0.0, 5, 
2019-12-06 16:40:26.13,103080352, 993.7024604517078, 708081, 51.76182957720184, 38686, 0, 0.0, 5, 
2019-12-06 16:40:27.156,120182456, 993.7024604517078, 708940, 51.76182957720184, 38731, 0, 0.0, 5, 
2019-12-06 16:40:28.185,136050320, 993.7024604517078, 709781, 51.76182957720184, 38787, 0, 0.0, 5, 
2019-12-06 16:40:29.209,152716880, 993.7024604517078, 710638, 51.76182957720184, 38848, 0, 0.0, 5, 
2019-12-06 16:40:30.239,171938488, 993.7024604517078, 711639, 51.76182957720184, 38914, 0, 0.0, 5, 
2019-12-06 16:40:31.264,188361768, 984.1155890389072, 712524, 52.004748271812545, 38971, 0, 0.0, 5, 
2019-12-06 16:40:32.291,203503136, 984.1155890389072, 713296, 52.004748271812545, 39014, 0, 0.0, 5, 
2019-12-06 16:40:33.321,219312464, 984.1155890389072, 714044, 52.004748271812545, 39059, 0, 0.0, 5, 
2019-12-06 16:40:34.346,235119440, 984.1155890389072, 714847, 52.004748271812545, 39119, 0, 0.0, 5, 
2019-12-06 16:40:35.371,251675520, 984.1155890389072, 715692, 52.004748271812545, 39167, 0, 0.0, 5, 
2019-12-06 16:40:36.4,268113944, 966.1483225753849, 716547, 51.54062622581034, 39205, 0, 0.0, 5, 
2019-12-06 16:40:37.425,282793472, 966.1483225753849, 717309, 51.54062622581034, 39248, 0, 0.0, 5, 
2019-12-06 16:40:38.45,298965112, 966.1483225753849, 718139, 51.54062622581034, 39287, 0, 0.0, 5, 
2019-12-06 16:40:39.481,315859360, 966.1483225753849, 718967, 51.54062622581034, 39327, 0, 0.0, 5, 
2019-12-06 16:40:40.505,332017256, 966.1483225753849, 719813, 51.54062622581034, 39360, 0, 0.0, 5, 
2019-12-06 16:40:41.537,348471296, 954.1910989026674, 720672, 50.58590646623322, 39412, 0, 0.0, 5, 
2019-12-06 16:40:42.564,84053576, 954.1910989026674, 721564, 50.58590646623322, 39464, 0, 0.0, 5, 
2019-12-06 16:40:43.591,99271216, 954.1910989026674, 722431, 50.58590646623322, 39515, 0, 0.0, 5, 
2019-12-06 16:40:44.615,115823312, 954.1910989026674, 723283, 50.58590646623322, 39572, 0, 0.0, 5, 
2019-12-06 16:40:45.639,133996328, 954.1910989026674, 724182, 50.58590646623322, 39622, 0, 0.0, 5, 
2019-12-06 16:40:46.669,149947248, 946.0043586531577, 725037, 50.539059971753076, 39661, 0, 0.0, 5, 
2019-12-06 16:40:47.693,166258160, 946.0043586531577, 725913, 50.539059971753076, 39705, 0, 0.0, 5, 
2019-12-06 16:40:48.722,183319800, 946.0043586531577, 726797, 50.539059971753076, 39742, 0, 0.0, 5, 
2019-12-06 16:40:49.753,201870400, 946.0043586531577, 727706, 50.539059971753076, 39792, 0, 0.0, 5, 
2019-12-06 16:40:50.823,217596176, 946.0043586531577, 728561, 50.539059971753076, 39844, 0, 0.0, 5, 
2019-12-06 16:40:51.855,236008160, 938.2483183735374, 729477, 49.904287784418656, 39880, 0, 0.0, 5, 
2019-12-06 16:40:52.883,251794968, 938.2483183735374, 730371, 49.904287784418656, 39919, 0, 0.0, 5, 
2019-12-06 16:40:53.914,268033400, 938.2483183735374, 731210, 49.904287784418656, 39963, 0, 0.0, 5, 
2019-12-06 16:40:54.945,284450616, 938.2483183735374, 732072, 49.904287784418656, 39998, 0, 0.0, 5, 
2019-12-06 16:40:55.968,300671360, 931.1603901858551, 732943, 49.14436689108409, 40049, 0, 0.0, 5, 
2019-12-06 16:40:56.99,318440896, 931.1603901858551, 733870, 49.14436689108409, 40093, 0, 0.0, 5, 
2019-12-06 16:40:58.013,336844240, 931.1603901858551, 734787, 49.14436689108409, 40135, 0, 0.0, 5, 
2019-12-06 16:40:59.039,354320400, 931.1603901858551, 735697, 49.14436689108409, 40182, 0, 0.0, 5, 
2019-12-06 16:41:00.07,84315624, 931.1603901858551, 736517, 49.14436689108409, 40235, 0, 0.0, 5, 
2019-12-06 16:41:01.093,100746064, 925.9344619284892, 737376, 48.92493942983556, 40287, 0, 0.0, 5, 
2019-12-06 16:41:02.118,118840432, 925.9344619284892, 738242, 48.92493942983556, 40329, 0, 0.0, 5, 
2019-12-06 16:41:03.152,136511816, 925.9344619284892, 739127, 48.92493942983556, 40373, 0, 0.0, 5, 
2019-12-06 16:41:04.18,152821184, 925.9344619284892, 740045, 48.92493942983556, 40421, 0, 0.0, 5, 
2019-12-06 16:41:05.204,173315200, 925.9344619284892, 741158, 48.92493942983556, 40471, 0, 0.0, 5, 
2019-12-06 16:41:06.227,195461136, 928.0505295171469, 742322, 48.49918078065966, 40518, 0, 0.0, 5, 
2019-12-06 16:41:07.249,215315520, 928.0505295171469, 743435, 48.49918078065966, 40581, 0, 0.0, 5, 
2019-12-06 16:41:08.27,235228024, 928.0505295171469, 744498, 48.49918078065966, 40629, 0, 0.0, 5, 
2019-12-06 16:41:09.302,253294720, 928.0505295171469, 745514, 48.49918078065966, 40680, 0, 0.0, 5, 
2019-12-06 16:41:10.328,271671032, 928.0505295171469, 746461, 48.49918078065966, 40717, 0, 0.0, 5, 
2019-12-06 16:41:11.359,289247976, 933.5634247906015, 747376, 48.491250723284494, 40763, 0, 0.0, 5, 
2019-12-06 16:41:12.388,308546704, 933.5634247906015, 748237, 48.491250723284494, 40799, 0, 0.0, 5, 
2019-12-06 16:41:13.413,326405528, 933.5634247906015, 749081, 48.491250723284494, 40842, 0, 0.0, 5, 
2019-12-06 16:41:14.438,344586664, 933.5634247906015, 749997, 48.491250723284494, 40894, 0, 0.0, 5, 
2019-12-06 16:41:15.463,357773096, 933.5634247906015, 750662, 48.491250723284494, 40926, 0, 0.0, 5, 
2019-12-06 16:41:16.487,89925192, 922.8842829773566, 751363, 47.71638109873029, 40948, 0, 0.0, 5, 
2019-12-06 16:41:17.511,105998424, 922.8842829773566, 752209, 47.71638109873029, 40989, 0, 0.0, 5, 
2019-12-06 16:41:18.535,122767704, 922.8842829773566, 753035, 47.71638109873029, 41034, 0, 0.0, 5, 
2019-12-06 16:41:19.558,140265568, 922.8842829773566, 754019, 47.71638109873029, 41079, 0, 0.0, 5, 
2019-12-06 16:41:20.582,161768400, 922.8842829773566, 755163, 47.71638109873029, 41127, 0, 0.0, 5, 
2019-12-06 16:41:21.607,181888872, 921.0225745019656, 756214, 47.37126232129838, 41190, 0, 0.0, 5, 
2019-12-06 16:41:22.63,202995616, 921.0225745019656, 757343, 47.37126232129838, 41241, 0, 0.0, 5, 
2019-12-06 16:41:23.652,223292312, 921.0225745019656, 758380, 47.37126232129838, 41301, 0, 0.0, 5, 
2019-12-06 16:41:24.676,244763472, 921.0225745019656, 759463, 47.37126232129838, 41362, 0, 0.0, 5, 
2019-12-06 16:41:25.712,265893632, 921.0225745019656, 760566, 47.37126232129838, 41421, 0, 0.0, 5, 
2019-12-06 16:41:26.742,290527920, 931.8307646865619, 761323, 48.02919585926071, 41463, 0, 0.0, 5, 
2019-12-06 16:41:27.769,307472944, 931.8307646865619, 762397, 48.02919585926071, 41525, 0, 0.0, 5, 
2019-12-06 16:41:28.795,320500744, 931.8307646865619, 763290, 48.02919585926071, 41582, 0, 0.0, 5, 
2019-12-06 16:41:29.818,337297000, 931.8307646865619, 764383, 48.02919585926071, 41643, 0, 0.0, 5, 
2019-12-06 16:41:30.845,352913640, 931.8307646865619, 765491, 48.02919585926071, 41698, 0, 0.0, 5, 
2019-12-06 16:41:31.874,86198928, 934.2589546733077, 766546, 48.58655058483786, 41758, 0, 0.0, 5, 
2019-12-06 16:41:32.9,102173992, 934.2589546733077, 767703, 48.58655058483786, 41808, 0, 0.0, 5, 
2019-12-06 16:41:33.923,118839848, 934.2589546733077, 768793, 48.58655058483786, 41871, 0, 0.0, 5, 
2019-12-06 16:41:34.945,135768872, 934.2589546733077, 769867, 48.58655058483786, 41927, 0, 0.0, 5, 
2019-12-06 16:41:35.967,151153136, 945.2561294648982, 770963, 49.227270623665454, 41988, 0, 0.0, 5, 
2019-12-06 16:41:36.992,166341512, 945.2561294648982, 772020, 49.227270623665454, 42044, 0, 0.0, 5, 
2019-12-06 16:41:38.014,182920640, 945.2561294648982, 773115, 49.227270623665454, 42108, 0, 0.0, 5, 
2019-12-06 16:41:39.039,199068592, 945.2561294648982, 774201, 49.227270623665454, 42160, 0, 0.0, 5, 
2019-12-06 16:41:40.064,215196800, 945.2561294648982, 775360, 49.227270623665454, 42222, 0, 0.0, 5, 
2019-12-06 16:41:41.087,230238328, 955.7737966354568, 776474, 49.832752633804006, 42283, 0, 0.0, 5, 
2019-12-06 16:41:42.112,246505848, 955.7737966354568, 777617, 49.832752633804006, 42337, 0, 0.0, 5, 
2019-12-06 16:41:43.137,262778256, 955.7737966354568, 778768, 49.832752633804006, 42407, 0, 0.0, 5, 
2019-12-06 16:41:44.161,279286904, 955.7737966354568, 779923, 49.832752633804006, 42465, 0, 0.0, 5, 
2019-12-06 16:41:45.183,296435256, 955.7737966354568, 780982, 49.832752633804006, 42528, 0, 0.0, 5, 
2019-12-06 16:41:46.206,312198872, 965.9462421999577, 782088, 50.42180520953878, 42582, 0, 0.0, 5, 
2019-12-06 16:41:47.237,325989384, 965.9462421999577, 783203, 50.42180520953878, 42643, 0, 0.0, 5, 
2019-12-06 16:41:48.26,343025544, 965.9462421999577, 784340, 50.42180520953878, 42715, 0, 0.0, 5, 
2019-12-06 16:41:49.32,361652960, 965.9462421999577, 785632, 50.42180520953878, 42783, 0, 0.0, 5, 
2019-12-06 16:41:50.348,97784504, 965.9462421999577, 786898, 50.42180520953878, 42835, 0, 0.0, 5, 
2019-12-06 16:41:51.387,112264984, 981.7657552226482, 788018, 51.4275021369165, 42897, 0, 0.0, 5, 
2019-12-06 16:41:52.412,129079344, 981.7657552226482, 789137, 51.4275021369165, 42969, 0, 0.0, 5, 
2019-12-06 16:41:53.435,145607320, 981.7657552226482, 790285, 51.4275021369165, 43025, 0, 0.0, 5, 
2019-12-06 16:41:54.458,161386960, 981.7657552226482, 791395, 51.4275021369165, 43083, 0, 0.0, 5, 
2019-12-06 16:41:55.485,179055880, 981.7657552226482, 792640, 51.4275021369165, 43150, 0, 0.0, 5, 
2019-12-06 16:41:56.514,194859512, 992.610470660131, 793763, 52.30481462653784, 43219, 0, 0.0, 5, 
2019-12-06 16:41:57.541,213070320, 992.610470660131, 795112, 52.30481462653784, 43289, 0, 0.0, 5, 
2019-12-06 16:41:58.573,229349656, 992.610470660131, 796274, 52.30481462653784, 43350, 0, 0.0, 5, 
2019-12-06 16:41:59.598,246328624, 992.610470660131, 797464, 52.30481462653784, 43407, 0, 0.0, 5, 
2019-12-06 16:42:00.62,262681272, 992.610470660131, 798582, 52.30481462653784, 43465, 0, 0.0, 5, 
2019-12-06 16:42:01.645,278520440, 1006.3460030390532, 799714, 53.032025497127826, 43530, 0, 0.0, 5, 
2019-12-06 16:42:02.667,294176592, 1006.3460030390532, 800868, 53.032025497127826, 43588, 0, 0.0, 5, 
2019-12-06 16:42:03.69,310867672, 1006.3460030390532, 801999, 53.032025497127826, 43649, 0, 0.0, 5, 
2019-12-06 16:42:04.715,328849592, 1006.3460030390532, 803297, 53.032025497127826, 43722, 0, 0.0, 5, 
2019-12-06 16:42:05.737,346527192, 1006.3460030390532, 804558, 53.032025497127826, 43788, 0, 0.0, 5, 
2019-12-06 16:42:06.758,87306968, 1018.5355516081652, 805463, 53.637127328575325, 43848, 0, 0.0, 5, 
2019-12-06 16:42:07.78,116527160, 1018.5355516081652, 806447, 53.637127328575325, 43906, 0, 0.0, 5, 
2019-12-06 16:42:08.803,149400800, 1018.5355516081652, 807466, 53.637127328575325, 43967, 0, 0.0, 5, 
2019-12-06 16:42:09.828,184471392, 1018.5355516081652, 808478, 53.637127328575325, 44015, 0, 0.0, 5, 
2019-12-06 16:42:10.851,217255568, 1018.5355516081652, 809503, 53.637127328575325, 44086, 0, 0.0, 5, 
2019-12-06 16:42:11.879,251164808, 1014.4949519973042, 810628, 54.11389230350989, 44158, 0, 0.0, 5, 
2019-12-06 16:42:12.902,286309144, 1014.4949519973042, 811827, 54.11389230350989, 44224, 0, 0.0, 5, 
2019-12-06 16:42:13.926,322743128, 1014.4949519973042, 813033, 54.11389230350989, 44290, 0, 0.0, 5, 
2019-12-06 16:42:14.948,359162328, 1014.4949519973042, 814281, 54.11389230350989, 44353, 0, 0.0, 5, 
2019-12-06 16:42:15.981,111545368, 1026.576644562824, 815454, 54.888350714346174, 44412, 0, 0.0, 5, 
2019-12-06 16:42:17.003,150072008, 1026.576644562824, 816668, 54.888350714346174, 44485, 0, 0.0, 5, 
2019-12-06 16:42:18.026,186995848, 1026.576644562824, 817862, 54.888350714346174, 44548, 0, 0.0, 5, 
2019-12-06 16:42:19.05,222327688, 1026.576644562824, 819043, 54.888350714346174, 44624, 0, 0.0, 5, 
2019-12-06 16:42:20.082,256094456, 1026.576644562824, 820203, 54.888350714346174, 44682, 0, 0.0, 5, 
2019-12-06 16:42:21.108,293927912, 1037.5963916245541, 821438, 55.50494014715399, 44728, 0, 0.0, 5, 
2019-12-06 16:42:22.13,330365136, 1037.5963916245541, 822719, 55.50494014715399, 44789, 0, 0.0, 5, 
2019-12-06 16:42:23.152,83905576, 1037.5963916245541, 823934, 55.50494014715399, 44862, 0, 0.0, 5, 
2019-12-06 16:42:24.181,119747144, 1037.5963916245541, 825182, 55.50494014715399, 44935, 0, 0.0, 5, 
2019-12-06 16:42:25.204,155290048, 1037.5963916245541, 826383, 55.50494014715399, 44993, 0, 0.0, 5, 
2019-12-06 16:42:26.229,194042408, 1051.9087299156763, 827675, 56.08822092800242, 45059, 0, 0.0, 5, 
2019-12-06 16:42:27.253,230327600, 1051.9087299156763, 828922, 56.08822092800242, 45131, 0, 0.0, 5, 
2019-12-06 16:42:28.278,265919336, 1051.9087299156763, 830074, 56.08822092800242, 45182, 0, 0.0, 5, 
2019-12-06 16:42:29.304,303425320, 1051.9087299156763, 831348, 56.08822092800242, 45251, 0, 0.0, 5, 
2019-12-06 16:42:30.407,335269320, 1051.9087299156763, 832431, 56.08822092800242, 45310, 0, 0.0, 5, 
2019-12-06 16:42:31.456,85627504, 1058.408421000794, 833494, 56.448962864767154, 45361, 0, 0.0, 5, 
2019-12-06 16:42:32.484,117168936, 1058.408421000794, 834659, 56.448962864767154, 45435, 0, 0.0, 5, 
2019-12-06 16:42:33.508,151000512, 1058.408421000794, 835814, 56.448962864767154, 45489, 0, 0.0, 5, 
2019-12-06 16:42:34.533,182943248, 1058.408421000794, 836874, 56.448962864767154, 45543, 0, 0.0, 5, 
2019-12-06 16:42:35.564,213312768, 1058.408421000794, 837732, 56.448962864767154, 45599, 0, 0.0, 5, 
2019-12-06 16:42:36.601,216316304, 1050.6840381479387, 837821, 56.15720790291884, 45606, 0, 0.0, 5, 
2019-12-06 16:42:37.634,217328072, 1050.6840381479387, 837821, 56.15720790291884, 45606, 0, 0.0, 5, 
2019-12-06 16:42:38.666,218342280, 1050.6840381479387, 837821, 56.15720790291884, 45606, 0, 0.0, 5, 
