Timestamp, MemoryUsed, ReadLatency1, ReadCount, WriteLatency1, WriteCount, PendingTasks, WaitingOnCommit1, SRDelay, 
2019-12-06 16:38:07.879,642567080, 22.542116312286048, 564740, 4.457818475637766, 30965, 0, 0.0, 5, 
2019-12-06 16:38:09.147,652004264, 22.542116312286048, 565011, 4.457818475637766, 30979, 0, 0.0, 5, 
2019-12-06 16:38:10.191,660392872, 22.542116312286048, 565267, 4.457818475637766, 30990, 0, 0.0, 5, 
2019-12-06 16:38:11.226,667732904, 22.542116312286048, 565553, 4.457818475637766, 31004, 0, 0.0, 5, 
2019-12-06 16:38:12.354,678218664, 36.77883863240108, 565939, 4.868964609500427, 31020, 0, 0.0, 5, 
2019-12-06 16:38:13.391,690801576, 36.77883863240108, 566491, 4.868964609500427, 31047, 0, 0.0, 5, 
2019-12-06 16:38:14.428,705481640, 36.77883863240108, 567149, 4.868964609500427, 31080, 0, 0.0, 5, 
2019-12-06 16:38:15.463,720161704, 36.77883863240108, 567806, 4.868964609500427, 31114, 0, 0.0, 5, 
2019-12-06 16:38:16.493,733793192, 78.42139946298313, 568471, 6.7184200843776605, 31148, 0, 0.0, 5, 
2019-12-06 16:38:17.529,748473256, 78.42139946298313, 569138, 6.7184200843776605, 31184, 0, 0.0, 5, 
2019-12-06 16:38:18.559,112066008, 78.42139946298313, 569755, 6.7184200843776605, 31216, 0, 0.0, 5, 
2019-12-06 16:38:19.594,127794648, 78.42139946298313, 570513, 6.7184200843776605, 31266, 0, 0.0, 5, 
2019-12-06 16:38:20.624,145620440, 78.42139946298313, 571207, 6.7184200843776605, 31296, 0, 0.0, 5, 
2019-12-06 16:38:21.653,161349080, 125.56150159094467, 571921, 8.899734776368142, 31325, 0, 0.0, 5, 
2019-12-06 16:38:22.684,178126296, 125.56150159094467, 572683, 8.899734776368142, 31363, 0, 0.0, 5, 
2019-12-06 16:38:23.712,192806360, 125.56150159094467, 573413, 8.899734776368142, 31403, 0, 0.0, 5, 
2019-12-06 16:38:24.742,208535000, 125.56150159094467, 574173, 8.899734776368142, 31447, 0, 0.0, 5, 
2019-12-06 16:38:25.778,225312216, 125.56150159094467, 574960, 8.899734776368142, 31493, 0, 0.0, 5, 
2019-12-06 16:38:26.813,241040856, 174.7372647567427, 575771, 11.450339155803468, 31538, 0, 0.0, 5, 
2019-12-06 16:38:27.84,259915224, 174.7372647567427, 576654, 11.450339155803468, 31582, 0, 0.0, 5, 
2019-12-06 16:38:28.879,276692440, 174.7372647567427, 577474, 11.450339155803468, 31634, 0, 0.0, 5, 
2019-12-06 16:38:29.912,295566808, 174.7372647567427, 578345, 11.450339155803468, 31675, 0, 0.0, 5, 
2019-12-06 16:38:30.943,312344024, 174.7372647567427, 579206, 11.450339155803468, 31718, 0, 0.0, 5, 
2019-12-06 16:38:31.972,330169816, 226.76138463200294, 580054, 14.03687522514406, 31766, 0, 0.0, 5, 
2019-12-06 16:38:33.0,347995608, 226.76138463200294, 580974, 14.03687522514406, 31812, 0, 0.0, 5, 
2019-12-06 16:38:34.03,366869976, 226.76138463200294, 581878, 14.03687522514406, 31849, 0, 0.0, 5, 
2019-12-06 16:38:35.083,383647192, 226.76138463200294, 582763, 14.03687522514406, 31888, 0, 0.0, 5, 
2019-12-06 16:38:36.112,402521560, 226.76138463200294, 583705, 14.03687522514406, 31922, 0, 0.0, 5, 
2019-12-06 16:38:37.137,422444504, 279.07141609585216, 584668, 16.128763181643723, 31975, 0, 0.0, 5, 
2019-12-06 16:38:38.165,441318872, 279.07141609585216, 585656, 16.128763181643723, 32030, 0, 0.0, 5, 
2019-12-06 16:38:39.218,461241816, 279.07141609585216, 586643, 16.128763181643723, 32080, 0, 0.0, 5, 
2019-12-06 16:38:40.244,481164760, 279.07141609585216, 587641, 16.128763181643723, 32146, 0, 0.0, 5, 
2019-12-06 16:38:41.27,502136280, 279.07141609585216, 588622, 16.128763181643723, 32213, 0, 0.0, 5, 
2019-12-06 16:38:42.298,522059224, 332.89180605164296, 589648, 19.268717909685872, 32267, 0, 0.0, 5, 
2019-12-06 16:38:43.324,545127896, 332.89180605164296, 590726, 19.268717909685872, 32314, 0, 0.0, 5, 
2019-12-06 16:38:44.353,566099416, 332.89180605164296, 591800, 19.268717909685872, 32349, 0, 0.0, 5, 
2019-12-06 16:38:45.378,588119512, 332.89180605164296, 592899, 19.268717909685872, 32397, 0, 0.0, 5, 
2019-12-06 16:38:46.407,605945304, 388.8213931703687, 593895, 21.501979919370434, 32454, 0, 0.0, 5, 
2019-12-06 16:38:47.432,629013976, 388.8213931703687, 595053, 21.501979919370434, 32526, 0, 0.0, 5, 
2019-12-06 16:38:48.458,651034072, 388.8213931703687, 596226, 21.501979919370434, 32587, 0, 0.0, 5, 
2019-12-06 16:38:49.481,674102744, 388.8213931703687, 597400, 21.501979919370434, 32647, 0, 0.0, 5, 
2019-12-06 16:38:50.506,697171416, 388.8213931703687, 598622, 21.501979919370434, 32707, 0, 0.0, 5, 
2019-12-06 16:38:51.53,720240088, 449.18614962176986, 599771, 24.64407611882578, 32765, 0, 0.0, 5, 
2019-12-06 16:38:52.561,743308760, 449.18614962176986, 600894, 24.64407611882578, 32824, 0, 0.0, 5, 
2019-12-06 16:38:53.587,127758832, 449.18614962176986, 602069, 24.64407611882578, 32885, 0, 0.0, 5, 
2019-12-06 16:38:54.614,151876080, 449.18614962176986, 603322, 24.64407611882578, 32955, 0, 0.0, 5, 
2019-12-06 16:38:55.641,175993328, 449.18614962176986, 604589, 24.64407611882578, 33014, 0, 0.0, 5, 
2019-12-06 16:38:56.667,199062000, 507.4428965379439, 605832, 27.518953060288556, 33078, 0, 0.0, 5, 
2019-12-06 16:38:57.698,223179248, 507.4428965379439, 607090, 27.518953060288556, 33169, 0, 0.0, 5, 
2019-12-06 16:38:58.722,249393648, 507.4428965379439, 608423, 27.518953060288556, 33232, 0, 0.0, 5, 
2019-12-06 16:38:59.754,273510896, 507.4428965379439, 609806, 27.518953060288556, 33303, 0, 0.0, 5, 
2019-12-06 16:39:00.78,300773872, 507.4428965379439, 611064, 27.518953060288556, 33377, 0, 0.0, 5, 
2019-12-06 16:39:01.812,324891120, 567.198271226186, 612293, 30.93154115258652, 33450, 0, 0.0, 5, 
2019-12-06 16:39:02.844,349008368, 567.198271226186, 613585, 30.93154115258652, 33507, 0, 0.0, 5, 
2019-12-06 16:39:03.873,374174192, 567.198271226186, 614916, 30.93154115258652, 33576, 0, 0.0, 5, 
2019-12-06 16:39:04.907,400388592, 567.198271226186, 616344, 30.93154115258652, 33638, 0, 0.0, 5, 
2019-12-06 16:39:05.934,420311536, 567.198271226186, 617436, 30.93154115258652, 33696, 0, 0.0, 5, 
2019-12-06 16:39:06.961,446525936, 623.1033547424854, 618881, 33.52757578581519, 33782, 0, 0.0, 5, 
2019-12-06 16:39:07.991,474837488, 623.1033547424854, 620374, 33.52757578581519, 33857, 0, 0.0, 5, 
2019-12-06 16:39:09.019,500003312, 623.1033547424854, 621835, 33.52757578581519, 33938, 0, 0.0, 5, 
2019-12-06 16:39:10.045,525169136, 623.1033547424854, 623322, 33.52757578581519, 34013, 0, 0.0, 5, 
2019-12-06 16:39:11.068,551383536, 623.1033547424854, 624724, 33.52757578581519, 34085, 0, 0.0, 5, 
2019-12-06 16:39:12.095,578646512, 686.3719412159027, 626220, 37.03542114549099, 34167, 0, 0.0, 5, 
2019-12-06 16:39:13.121,604860912, 686.3719412159027, 627618, 37.03542114549099, 34233, 0, 0.0, 5, 
2019-12-06 16:39:14.151,631075312, 686.3719412159027, 629084, 37.03542114549099, 34297, 0, 0.0, 5, 
2019-12-06 16:39:15.177,657289712, 686.3719412159027, 630609, 37.03542114549099, 34368, 0, 0.0, 5, 
2019-12-06 16:39:16.204,685601264, 686.3719412159027, 632107, 37.03542114549099, 34453, 0, 0.0, 5, 
2019-12-06 16:39:17.232,712864240, 746.7726338614191, 633556, 39.71909669552349, 34540, 0, 0.0, 5, 
2019-12-06 16:39:18.26,739078640, 746.7726338614191, 635016, 39.71909669552349, 34617, 0, 0.0, 5, 
2019-12-06 16:39:19.286,122375440, 746.7726338614191, 636309, 39.71909669552349, 34693, 0, 0.0, 5, 
2019-12-06 16:39:20.314,146492688, 746.7726338614191, 637655, 39.71909669552349, 34765, 0, 0.0, 5, 
2019-12-06 16:39:21.341,173755664, 746.7726338614191, 639175, 39.71909669552349, 34835, 0, 0.0, 5, 
2019-12-06 16:39:22.367,201018640, 796.795036144944, 640688, 42.444055269194344, 34923, 0, 0.0, 5, 
2019-12-06 16:39:23.396,227233040, 796.795036144944, 642117, 42.444055269194344, 35004, 0, 0.0, 5, 
2019-12-06 16:39:24.427,253447440, 796.795036144944, 643480, 42.444055269194344, 35077, 0, 0.0, 5, 
2019-12-06 16:39:25.452,278613264, 796.795036144944, 644960, 42.444055269194344, 35160, 0, 0.0, 5, 
2019-12-06 16:39:26.477,307973392, 847.647185328631, 646512, 45.38289834599814, 35240, 0, 0.0, 5, 
2019-12-06 16:39:27.502,332090640, 847.647185328631, 647883, 45.38289834599814, 35317, 0, 0.0, 5, 
2019-12-06 16:39:28.526,359353616, 847.647185328631, 649375, 45.38289834599814, 35399, 0, 0.0, 5, 
2019-12-06 16:39:29.56,385568016, 847.647185328631, 650811, 45.38289834599814, 35469, 0, 0.0, 5, 
2019-12-06 16:39:30.599,412830992, 847.647185328631, 652163, 45.38289834599814, 35545, 0, 0.0, 5, 
2019-12-06 16:39:31.632,435899664, 886.4858359711343, 653355, 47.52707540668881, 35607, 0, 0.0, 5, 
2019-12-06 16:39:32.655,461065488, 886.4858359711343, 654776, 47.52707540668881, 35682, 0, 0.0, 5, 
2019-12-06 16:39:33.683,486231312, 886.4858359711343, 656162, 47.52707540668881, 35741, 0, 0.0, 5, 
2019-12-06 16:39:34.714,512445712, 886.4858359711343, 657618, 47.52707540668881, 35804, 0, 0.0, 5, 
2019-12-06 16:39:35.747,538660112, 886.4858359711343, 659081, 47.52707540668881, 35880, 0, 0.0, 5, 
2019-12-06 16:39:36.776,565923088, 927.0964102741201, 660591, 48.94012443775883, 35944, 0, 0.0, 5, 
2019-12-06 16:39:37.81,609963280, 927.0964102741201, 662048, 48.94012443775883, 36016, 0, 0.0, 5, 
2019-12-06 16:39:38.863,636177680, 927.0964102741201, 663504, 48.94012443775883, 36085, 0, 0.0, 5, 
2019-12-06 16:39:39.891,662392080, 927.0964102741201, 665007, 48.94012443775883, 36160, 0, 0.0, 5, 
2019-12-06 16:39:40.928,688606480, 927.0964102741201, 666451, 48.94012443775883, 36252, 0, 0.0, 5, 
2019-12-06 16:39:41.967,715869456, 966.2189652146261, 668013, 50.78389028691278, 36316, 0, 0.0, 5, 
2019-12-06 16:39:42.993,739986704, 966.2189652146261, 669357, 50.78389028691278, 36407, 0, 0.0, 5, 
2019-12-06 16:39:44.018,118331512, 966.2189652146261, 670655, 50.78389028691278, 36465, 0, 0.0, 5, 
2019-12-06 16:39:45.052,143497336, 966.2189652146261, 672088, 50.78389028691278, 36545, 0, 0.0, 5, 
2019-12-06 16:39:46.079,171808888, 966.2189652146261, 673616, 50.78389028691278, 36624, 0, 0.0, 5, 
2019-12-06 16:39:47.11,198023288, 999.4949634710646, 675074, 52.576183460755985, 36684, 0, 0.0, 5, 
2019-12-06 16:39:48.138,224237688, 999.4949634710646, 676508, 52.576183460755985, 36772, 0, 0.0, 5, 
2019-12-06 16:39:49.164,249403512, 999.4949634710646, 677895, 52.576183460755985, 36850, 0, 0.0, 5, 
2019-12-06 16:39:50.194,276666488, 999.4949634710646, 679409, 52.576183460755985, 36936, 0, 0.0, 5, 
2019-12-06 16:39:51.219,303929464, 999.4949634710646, 680861, 52.576183460755985, 37037, 0, 0.0, 5, 
2019-12-06 16:39:52.243,332241016, 1032.8608319448674, 682466, 54.89679970184237, 37119, 0, 0.0, 5, 
2019-12-06 16:39:53.267,359503992, 1032.8608319448674, 683989, 54.89679970184237, 37207, 0, 0.0, 5, 
2019-12-06 16:39:54.298,384669816, 1032.8608319448674, 685336, 54.89679970184237, 37269, 0, 0.0, 5, 
2019-12-06 16:39:55.322,410884216, 1032.8608319448674, 686841, 54.89679970184237, 37352, 0, 0.0, 5, 
2019-12-06 16:39:56.345,438147192, 1032.8608319448674, 688328, 54.89679970184237, 37440, 0, 0.0, 5, 
2019-12-06 16:39:57.371,465410168, 1066.5652428833837, 689894, 56.823985190988225, 37530, 0, 0.0, 5, 
2019-12-06 16:39:58.395,494770296, 1066.5652428833837, 691389, 56.823985190988225, 37612, 0, 0.0, 5, 
2019-12-06 16:39:59.42,519936120, 1066.5652428833837, 692757, 56.823985190988225, 37688, 0, 0.0, 5, 
2019-12-06 16:40:00.444,540907640, 1066.5652428833837, 693903, 56.823985190988225, 37738, 0, 0.0, 5, 
2019-12-06 16:40:01.469,557684856, 1081.7276008952688, 694734, 57.46171212396795, 37775, 0, 0.0, 5, 
2019-12-06 16:40:02.495,575510648, 1081.7276008952688, 695667, 57.46171212396795, 37823, 0, 0.0, 5, 
2019-12-06 16:40:03.519,593336440, 1081.7276008952688, 696566, 57.46171212396795, 37859, 0, 0.0, 5, 
2019-12-06 16:40:04.542,611162232, 1081.7276008952688, 697560, 57.46171212396795, 37905, 0, 0.0, 5, 
2019-12-06 16:40:05.568,631085176, 1081.7276008952688, 698600, 57.46171212396795, 37958, 0, 0.0, 5, 
2019-12-06 16:40:06.595,651008120, 1072.0267815440677, 699670, 56.60924869004245, 38021, 0, 0.0, 5, 
2019-12-06 16:40:07.628,666736760, 1072.0267815440677, 700497, 56.60924869004245, 38077, 0, 0.0, 5, 
2019-12-06 16:40:08.656,689805432, 1072.0267815440677, 701382, 56.60924869004245, 38131, 0, 0.0, 5, 
2019-12-06 16:40:09.681,706582648, 1072.0267815440677, 702313, 56.60924869004245, 38177, 0, 0.0, 5, 
2019-12-06 16:40:10.707,724408440, 1072.0267815440677, 703124, 56.60924869004245, 38214, 0, 0.0, 5, 
2019-12-06 16:40:11.73,739088504, 1053.634855574779, 703933, 55.85692670313183, 38258, 0, 0.0, 5, 
2019-12-06 16:40:12.756,114160392, 1053.634855574779, 704806, 55.85692670313183, 38308, 0, 0.0, 5, 
2019-12-06 16:40:13.786,128840456, 1053.634855574779, 705624, 55.85692670313183, 38354, 0, 0.0, 5, 
2019-12-06 16:40:14.821,146666248, 1053.634855574779, 706519, 55.85692670313183, 38404, 0, 0.0, 5, 
2019-12-06 16:40:15.846,164492040, 1053.634855574779, 707407, 55.85692670313183, 38445, 0, 0.0, 5, 
2019-12-06 16:40:16.871,180220680, 1035.530124148973, 708188, 54.9888547732564, 38490, 0, 0.0, 5, 
2019-12-06 16:40:17.895,196997896, 1035.530124148973, 709044, 54.9888547732564, 38532, 0, 0.0, 5, 
2019-12-06 16:40:18.92,213775112, 1035.530124148973, 709906, 54.9888547732564, 38577, 0, 0.0, 5, 
2019-12-06 16:40:19.953,231600904, 1035.530124148973, 710815, 54.9888547732564, 38615, 0, 0.0, 5, 
2019-12-06 16:40:20.978,248378120, 1035.530124148973, 711683, 54.9888547732564, 38659, 0, 0.0, 5, 
2019-12-06 16:40:22.014,266203912, 1020.74392781997, 712652, 53.950323286565975, 38706, 0, 0.0, 5, 
2019-12-06 16:40:23.04,285078280, 1020.74392781997, 713539, 53.950323286565975, 38755, 0, 0.0, 5, 
2019-12-06 16:40:24.065,301855496, 1020.74392781997, 714443, 53.950323286565975, 38804, 0, 0.0, 5, 
2019-12-06 16:40:25.09,319681288, 1020.74392781997, 715337, 53.950323286565975, 38847, 0, 0.0, 5, 
2019-12-06 16:40:26.114,337507080, 1020.74392781997, 716220, 53.950323286565975, 38908, 0, 0.0, 5, 
2019-12-06 16:40:27.143,355332872, 1009.586611386201, 717144, 53.65046399285931, 38950, 0, 0.0, 5, 
2019-12-06 16:40:28.173,372110088, 1009.586611386201, 717990, 53.65046399285931, 39009, 0, 0.0, 5, 
2019-12-06 16:40:29.198,389935880, 1009.586611386201, 718913, 53.65046399285931, 39055, 0, 0.0, 5, 
2019-12-06 16:40:30.222,409858824, 1009.586611386201, 719898, 53.65046399285931, 39117, 0, 0.0, 5, 
2019-12-06 16:40:31.251,426636040, 1009.586611386201, 720822, 53.65046399285931, 39164, 0, 0.0, 5, 
2019-12-06 16:40:32.277,444461832, 999.9290471678768, 721657, 53.27863342206499, 39208, 0, 0.0, 5, 
2019-12-06 16:40:33.309,460190472, 999.9290471678768, 722470, 53.27863342206499, 39250, 0, 0.0, 5, 
2019-12-06 16:40:34.334,478016264, 999.9290471678768, 723286, 53.27863342206499, 39296, 0, 0.0, 5, 
2019-12-06 16:40:35.36,493744904, 999.9290471678768, 724119, 53.27863342206499, 39340, 0, 0.0, 5, 
2019-12-06 16:40:36.388,509473544, 999.9290471678768, 724936, 53.27863342206499, 39392, 0, 0.0, 5, 
2019-12-06 16:40:37.414,525202184, 984.1514876909313, 725741, 52.504772621215594, 39429, 0, 0.0, 5, 
2019-12-06 16:40:38.438,543027976, 984.1514876909313, 726604, 52.504772621215594, 39476, 0, 0.0, 5, 
2019-12-06 16:40:39.463,558756616, 984.1514876909313, 727405, 52.504772621215594, 39509, 0, 0.0, 5, 
2019-12-06 16:40:40.493,576582408, 984.1514876909313, 728292, 52.504772621215594, 39554, 0, 0.0, 5, 
2019-12-06 16:40:41.52,593359624, 971.0586416372838, 729144, 51.50494620635909, 39598, 0, 0.0, 5, 
2019-12-06 16:40:42.552,610136840, 971.0586416372838, 729971, 51.50494620635909, 39655, 0, 0.0, 5, 
2019-12-06 16:40:43.576,631108360, 971.0586416372838, 730933, 51.50494620635909, 39703, 0, 0.0, 5, 
2019-12-06 16:40:44.603,647885576, 971.0586416372838, 731812, 51.50494620635909, 39757, 0, 0.0, 5, 
2019-12-06 16:40:45.627,666759944, 971.0586416372838, 732791, 51.50494620635909, 39808, 0, 0.0, 5, 
2019-12-06 16:40:46.657,683537160, 964.129799217747, 733674, 51.400608468552406, 39858, 0, 0.0, 5, 
2019-12-06 16:40:47.682,700314376, 964.129799217747, 734552, 51.400608468552406, 39905, 0, 0.0, 5, 
2019-12-06 16:40:48.709,719188744, 964.129799217747, 735466, 51.400608468552406, 39954, 0, 0.0, 5, 
2019-12-06 16:40:49.737,735965960, 964.129799217747, 736386, 51.400608468552406, 40002, 0, 0.0, 5, 
2019-12-06 16:40:50.808,111025976, 964.129799217747, 737257, 51.400608468552406, 40042, 0, 0.0, 5, 
2019-12-06 16:40:51.839,128851768, 955.9639513375024, 738177, 50.79289736927598, 40085, 0, 0.0, 5, 
2019-12-06 16:40:52.871,146677560, 955.9639513375024, 739098, 50.79289736927598, 40135, 0, 0.0, 5, 
2019-12-06 16:40:53.898,163454776, 955.9639513375024, 740032, 50.79289736927598, 40177, 0, 0.0, 5, 
2019-12-06 16:40:54.928,181280568, 955.9639513375024, 740899, 50.79289736927598, 40216, 0, 0.0, 5, 
2019-12-06 16:40:55.957,198057784, 955.9639513375024, 741755, 50.79289736927598, 40262, 0, 0.0, 5, 
2019-12-06 16:40:56.978,216932152, 949.2505644582774, 742679, 50.40967845449394, 40319, 0, 0.0, 5, 
2019-12-06 16:40:58.002,233709368, 949.2505644582774, 743595, 50.40967845449394, 40367, 0, 0.0, 5, 
2019-12-06 16:40:59.027,252583736, 949.2505644582774, 744513, 50.40967845449394, 40421, 0, 0.0, 5, 
2019-12-06 16:41:00.05,268312376, 949.2505644582774, 745358, 50.40967845449394, 40469, 0, 0.0, 5, 
2019-12-06 16:41:01.082,286138168, 949.2505644582774, 746205, 50.40967845449394, 40523, 0, 0.0, 5, 
2019-12-06 16:41:02.105,301866808, 943.3777815812092, 747056, 50.21701120310977, 40557, 0, 0.0, 5, 
2019-12-06 16:41:03.13,321789752, 943.3777815812092, 748003, 50.21701120310977, 40606, 0, 0.0, 5, 
2019-12-06 16:41:04.165,338566968, 943.3777815812092, 748938, 50.21701120310977, 40649, 0, 0.0, 5, 
2019-12-06 16:41:05.192,360587064, 943.3777815812092, 750039, 50.21701120310977, 40702, 0, 0.0, 5, 
2019-12-06 16:41:06.215,381558584, 943.3777815812092, 751161, 50.21701120310977, 40756, 0, 0.0, 5, 
2019-12-06 16:41:07.238,406724408, 945.4903855216755, 752258, 50.03974877459178, 40820, 0, 0.0, 5, 
2019-12-06 16:41:08.26,425598776, 945.4903855216755, 753324, 50.03974877459178, 40876, 0, 0.0, 5, 
2019-12-06 16:41:09.284,445521720, 945.4903855216755, 754370, 50.03974877459178, 40922, 0, 0.0, 5, 
2019-12-06 16:41:10.315,466493240, 945.4903855216755, 755413, 50.03974877459178, 40972, 0, 0.0, 5, 
2019-12-06 16:41:11.347,485367608, 945.4903855216755, 756430, 50.03974877459178, 41015, 0, 0.0, 5, 
2019-12-06 16:41:12.374,502144824, 951.4158631288852, 757307, 49.98859728682912, 41057, 0, 0.0, 5, 
2019-12-06 16:41:13.401,519970616, 951.4158631288852, 758181, 49.98859728682912, 41098, 0, 0.0, 5, 
2019-12-06 16:41:14.425,536747832, 951.4158631288852, 759089, 49.98859728682912, 41153, 0, 0.0, 5, 
2019-12-06 16:41:15.451,552476472, 951.4158631288852, 759793, 49.98859728682912, 41190, 0, 0.0, 5, 
2019-12-06 16:41:16.476,567156536, 938.493772187228, 760467, 49.078015324209794, 41218, 0, 0.0, 5, 
2019-12-06 16:41:17.5,583933752, 938.493772187228, 761289, 49.078015324209794, 41250, 0, 0.0, 5, 
2019-12-06 16:41:18.524,599662392, 938.493772187228, 762143, 49.078015324209794, 41309, 0, 0.0, 5, 
2019-12-06 16:41:19.548,620633912, 938.493772187228, 763188, 49.078015324209794, 41367, 0, 0.0, 5, 
2019-12-06 16:41:20.57,642654008, 938.493772187228, 764273, 49.078015324209794, 41447, 0, 0.0, 5, 
2019-12-06 16:41:21.595,662576952, 938.278390055143, 765338, 49.615475543815315, 41506, 0, 0.0, 5, 
2019-12-06 16:41:22.619,685645624, 938.278390055143, 766482, 49.615475543815315, 41565, 0, 0.0, 5, 
2019-12-06 16:41:23.641,706617144, 938.278390055143, 767587, 49.615475543815315, 41622, 0, 0.0, 5, 
2019-12-06 16:41:24.664,728637240, 938.278390055143, 768667, 49.615475543815315, 41681, 0, 0.0, 5, 
2019-12-06 16:41:25.701,748560184, 938.278390055143, 769751, 49.615475543815315, 41744, 0, 0.0, 5, 
2019-12-06 16:41:26.725,116154472, 945.5320894840542, 770483, 50.20590951939364, 41788, 0, 0.0, 5, 
2019-12-06 16:41:27.757,143417448, 945.5320894840542, 771633, 50.20590951939364, 41848, 0, 0.0, 5, 
2019-12-06 16:41:28.782,164388968, 945.5320894840542, 772547, 50.20590951939364, 41896, 0, 0.0, 5, 
2019-12-06 16:41:29.807,187457640, 945.5320894840542, 773553, 50.20590951939364, 41941, 0, 0.0, 5, 
2019-12-06 16:41:30.834,212623464, 945.5320894840542, 774697, 50.20590951939364, 42005, 0, 0.0, 5, 
2019-12-06 16:41:31.858,235692136, 950.5107567191654, 775734, 50.46129489349743, 42073, 0, 0.0, 5, 
2019-12-06 16:41:32.889,261906536, 950.5107567191654, 776840, 50.46129489349743, 42132, 0, 0.0, 5, 
2019-12-06 16:41:33.912,284975208, 950.5107567191654, 777902, 50.46129489349743, 42182, 0, 0.0, 5, 
2019-12-06 16:41:34.934,311189608, 950.5107567191654, 779065, 50.46129489349743, 42239, 0, 0.0, 5, 
2019-12-06 16:41:35.957,335306856, 950.5107567191654, 780157, 50.46129489349743, 42306, 0, 0.0, 5, 
2019-12-06 16:41:36.98,360472680, 960.1605358136285, 781229, 50.9041453024834, 42353, 0, 0.0, 5, 
2019-12-06 16:41:38.003,385638504, 960.1605358136285, 782344, 50.9041453024834, 42414, 0, 0.0, 5, 
2019-12-06 16:41:39.028,411852904, 960.1605358136285, 783441, 50.9041453024834, 42478, 0, 0.0, 5, 
2019-12-06 16:41:40.052,438067304, 960.1605358136285, 784569, 50.9041453024834, 42541, 0, 0.0, 5, 
2019-12-06 16:41:41.076,462184552, 960.1605358136285, 785666, 50.9041453024834, 42599, 0, 0.0, 5, 
2019-12-06 16:41:42.1,486301800, 969.6304325036391, 786784, 51.61541857219583, 42660, 0, 0.0, 5, 
2019-12-06 16:41:43.124,511467624, 969.6304325036391, 787920, 51.61541857219583, 42722, 0, 0.0, 5, 
2019-12-06 16:41:44.149,538730600, 969.6304325036391, 789110, 51.61541857219583, 42770, 0, 0.0, 5, 
2019-12-06 16:41:45.173,563896424, 969.6304325036391, 790269, 51.61541857219583, 42823, 0, 0.0, 5, 
2019-12-06 16:41:46.195,590110824, 969.6304325036391, 791350, 51.61541857219583, 42878, 0, 0.0, 5, 
2019-12-06 16:41:47.221,617373800, 981.2375502508186, 792564, 51.82207029319409, 42952, 0, 0.0, 5, 
2019-12-06 16:41:48.249,655122536, 981.2375502508186, 793731, 51.82207029319409, 43001, 0, 0.0, 5, 
2019-12-06 16:41:49.274,689725544, 981.2375502508186, 795003, 51.82207029319409, 43080, 0, 0.0, 5, 
2019-12-06 16:41:50.336,722231400, 981.2375502508186, 796164, 51.82207029319409, 43138, 0, 0.0, 5, 
2019-12-06 16:41:51.376,753688680, 981.2375502508186, 797311, 51.82207029319409, 43203, 0, 0.0, 5, 
2019-12-06 16:41:52.4,140630728, 994.4432106017695, 798439, 52.63585262076336, 43276, 0, 0.0, 5, 
2019-12-06 16:41:53.424,176282312, 994.4432106017695, 799687, 52.63585262076336, 43342, 0, 0.0, 5, 
2019-12-06 16:41:54.446,209836744, 994.4432106017695, 800948, 52.63585262076336, 43403, 0, 0.0, 5, 
2019-12-06 16:41:55.474,247585480, 994.4432106017695, 802260, 52.63585262076336, 43472, 0, 0.0, 5, 
2019-12-06 16:41:56.496,277994184, 1009.7272635956841, 803372, 53.49650632548646, 43524, 0, 0.0, 5, 
2019-12-06 16:41:57.529,316791496, 1009.7272635956841, 804610, 53.49650632548646, 43584, 0, 0.0, 5, 
2019-12-06 16:41:58.561,347200200, 1009.7272635956841, 805715, 53.49650632548646, 43662, 0, 0.0, 5, 
2019-12-06 16:41:59.585,382851784, 1009.7272635956841, 806928, 53.49650632548646, 43726, 0, 0.0, 5, 
2019-12-06 16:42:00.609,418503368, 1009.7272635956841, 808076, 53.49650632548646, 43786, 0, 0.0, 5, 
2019-12-06 16:42:01.632,453106376, 1021.0068168147343, 809268, 54.33631931066939, 43850, 0, 0.0, 5, 
2019-12-06 16:42:02.656,489806536, 1021.0068168147343, 810428, 54.33631931066939, 43898, 0, 0.0, 5, 
2019-12-06 16:42:03.679,524409544, 1021.0068168147343, 811619, 54.33631931066939, 43951, 0, 0.0, 5, 
2019-12-06 16:42:04.701,562158280, 1021.0068168147343, 812985, 54.33631931066939, 44017, 0, 0.0, 5, 
2019-12-06 16:42:05.726,596761288, 1021.0068168147343, 814229, 54.33631931066939, 44090, 0, 0.0, 5, 
2019-12-06 16:42:06.748,624024264, 1031.8802313827339, 815155, 54.48533099112884, 44139, 0, 0.0, 5, 
2019-12-06 16:42:07.771,653384392, 1031.8802313827339, 816145, 54.48533099112884, 44196, 0, 0.0, 5, 
2019-12-06 16:42:08.792,682744520, 1031.8802313827339, 817149, 54.48533099112884, 44258, 0, 0.0, 5, 
2019-12-06 16:42:09.816,711056072, 1031.8802313827339, 818150, 54.48533099112884, 44302, 0, 0.0, 5, 
2019-12-06 16:42:10.841,740416192, 1031.8802313827339, 819132, 54.48533099112884, 44359, 0, 0.0, 5, 
2019-12-06 16:42:11.868,134625928, 1027.57220594262, 820261, 54.46251718470874, 44423, 0, 0.0, 5, 
2019-12-06 16:42:12.892,169228936, 1027.57220594262, 821522, 54.46251718470874, 44501, 0, 0.0, 5, 
2019-12-06 16:42:13.915,204880520, 1027.57220594262, 822790, 54.46251718470874, 44559, 0, 0.0, 5, 
2019-12-06 16:42:14.937,240532104, 1027.57220594262, 824049, 54.46251718470874, 44619, 0, 0.0, 5, 
2019-12-06 16:42:15.96,273037960, 1027.57220594262, 825244, 54.46251718470874, 44685, 0, 0.0, 5, 
2019-12-06 16:42:16.992,306592392, 1042.8299539214727, 826462, 55.28905667446467, 44762, 0, 0.0, 5, 
2019-12-06 16:42:18.015,341195400, 1042.8299539214727, 827735, 55.28905667446467, 44816, 0, 0.0, 5, 
2019-12-06 16:42:19.039,375798408, 1042.8299539214727, 828973, 55.28905667446467, 44878, 0, 0.0, 5, 
2019-12-06 16:42:20.07,410401416, 1042.8299539214727, 830225, 55.28905667446467, 44944, 0, 0.0, 5, 
2019-12-06 16:42:21.093,445004424, 1042.8299539214727, 831460, 55.28905667446467, 45004, 0, 0.0, 5, 
2019-12-06 16:42:22.12,480656008, 1056.3240617487172, 832739, 55.76166960815074, 45067, 0, 0.0, 5, 
2019-12-06 16:42:23.142,515259016, 1056.3240617487172, 833891, 55.76166960815074, 45131, 0, 0.0, 5, 
2019-12-06 16:42:24.164,547764872, 1056.3240617487172, 835013, 55.76166960815074, 45197, 0, 0.0, 5, 
2019-12-06 16:42:25.194,583416456, 1056.3240617487172, 836285, 55.76166960815074, 45262, 0, 0.0, 5, 
2019-12-06 16:42:26.218,621165192, 1056.3240617487172, 837635, 55.76166960815074, 45322, 0, 0.0, 5, 
2019-12-06 16:42:27.24,654719624, 1068.0995956026143, 838883, 56.26045896636673, 45395, 0, 0.0, 5, 
2019-12-06 16:42:28.266,687225480, 1068.0995956026143, 840062, 56.26045896636673, 45449, 0, 0.0, 5, 
2019-12-06 16:42:29.29,723925640, 1068.0995956026143, 841364, 56.26045896636673, 45511, 0, 0.0, 5, 
2019-12-06 16:42:30.385,114779160, 1068.0995956026143, 842393, 56.26045896636673, 45578, 0, 0.0, 5, 
2019-12-06 16:42:31.442,146236440, 1072.0574294122925, 843458, 56.7193673294699, 45644, 0, 0.0, 5, 
2019-12-06 16:42:32.47,176645144, 1072.0574294122925, 844551, 56.7193673294699, 45705, 0, 0.0, 5, 
2019-12-06 16:42:33.497,208102424, 1072.0574294122925, 845716, 56.7193673294699, 45758, 0, 0.0, 5, 
2019-12-06 16:42:34.521,239559704, 1072.0574294122925, 846859, 56.7193673294699, 45816, 0, 0.0, 5, 
2019-12-06 16:42:35.546,265774104, 1072.0574294122925, 847765, 56.7193673294699, 45879, 0, 0.0, 5, 
2019-12-06 16:42:36.586,268919832, 1056.6054185164005, 847844, 56.05418744472845, 45885, 0, 0.0, 5, 
2019-12-06 16:42:37.618,271016984, 1056.6054185164005, 847844, 56.05418744472845, 45885, 0, 0.0, 5, 
2019-12-06 16:42:38.65,272065560, 1056.6054185164005, 847844, 56.05418744472845, 45885, 0, 0.0, 5, 
