Timestamp, MemoryUsed, ReadLatency1, ReadCount, WriteLatency1, WriteCount, PendingTasks, WaitingOnCommit1, SRDelay, 
2019-12-06 16:36:35.318,520932264, 105.83372585658888, 564555, 5.470346571282905, 30547, 0, 0.0, 1, 
2019-12-06 16:36:36.444,521980840, 97.3717283537656, 564555, 5.032961808995506, 30547, 0, 0.0, 1, 
2019-12-06 16:36:37.529,524077992, 97.3717283537656, 564555, 5.032961808995506, 30547, 0, 0.0, 1, 
2019-12-06 16:36:38.584,525126568, 97.3717283537656, 564555, 5.032961808995506, 30547, 0, 0.0, 1, 
2019-12-06 16:36:39.673,527223720, 97.3717283537656, 564555, 5.032961808995506, 30547, 0, 0.0, 1, 
2019-12-06 16:36:40.736,528272296, 97.3717283537656, 564555, 5.032961808995506, 30547, 0, 0.0, 1, 
2019-12-06 16:36:41.807,529320872, 89.58631481468576, 564555, 4.63054840140901, 30547, 0, 0.0, 1, 
2019-12-06 16:36:42.903,531418024, 89.58631481468576, 564555, 4.63054840140901, 30547, 0, 0.0, 1, 
2019-12-06 16:36:43.964,532466600, 89.58631481468576, 564555, 4.63054840140901, 30547, 0, 0.0, 1, 
2019-12-06 16:36:45.052,534563752, 89.58631481468576, 564555, 4.63054840140901, 30547, 0, 0.0, 1, 
2019-12-06 16:36:46.151,536660904, 89.58631481468576, 564555, 4.63054840140901, 30547, 0, 0.0, 1, 
2019-12-06 16:36:47.219,538758056, 82.42338857247583, 564555, 4.2603101933871015, 30547, 0, 0.0, 1, 
2019-12-06 16:36:48.279,539806632, 82.42338857247583, 564555, 4.2603101933871015, 30547, 0, 0.0, 1, 
2019-12-06 16:36:49.323,541903784, 82.42338857247583, 564555, 4.2603101933871015, 30547, 0, 0.0, 1, 
2019-12-06 16:36:50.371,542952360, 82.42338857247583, 564555, 4.2603101933871015, 30547, 0, 0.0, 1, 
2019-12-06 16:36:51.427,544000936, 75.83317829092879, 564555, 3.919674598014175, 30547, 0, 0.0, 1, 
2019-12-06 16:36:52.501,546098088, 75.83317829092879, 564555, 3.919674598014175, 30547, 0, 0.0, 1, 
2019-12-06 16:36:53.563,547146664, 75.83317829092879, 564555, 3.919674598014175, 30547, 0, 0.0, 1, 
2019-12-06 16:36:54.618,549243816, 75.83317829092879, 564555, 3.919674598014175, 30547, 0, 0.0, 1, 
2019-12-06 16:36:55.662,550292392, 75.83317829092879, 564555, 3.919674598014175, 30547, 0, 0.0, 1, 
2019-12-06 16:36:56.701,551340968, 69.76989213015868, 564555, 3.60627472106738, 30547, 0, 0.0, 1, 
2019-12-06 16:36:57.753,553438120, 69.76989213015868, 564555, 3.60627472106738, 30547, 0, 0.0, 1, 
2019-12-06 16:36:58.814,556583848, 69.76989213015868, 564555, 3.60627472106738, 30606, 0, 0.0, 1, 
2019-12-06 16:36:59.884,566021032, 69.76989213015868, 564555, 3.60627472106738, 30774, 0, 0.0, 1, 
2019-12-06 16:37:00.92,568118184, 69.76989213015868, 564555, 3.60627472106738, 30800, 0, 0.0, 1, 
2019-12-06 16:37:01.96,570215336, 64.19139956364288, 564555, 7.363685534493205, 30800, 0, 0.0, 1, 
2019-12-06 16:37:03.035,572312488, 64.19139956364288, 564555, 7.363685534493205, 30800, 0, 0.0, 1, 
2019-12-06 16:37:04.097,573361064, 64.19139956364288, 564555, 7.363685534493205, 30800, 0, 0.0, 1, 
2019-12-06 16:37:05.15,574409640, 64.19139956364288, 564555, 7.363685534493205, 30800, 0, 0.0, 1, 
2019-12-06 16:37:06.193,575458216, 64.19139956364288, 564555, 7.363685534493205, 30800, 0, 0.0, 1, 
2019-12-06 16:37:07.237,576506792, 59.05893863576882, 564555, 6.774917747097216, 30800, 0, 0.0, 1, 
2019-12-06 16:37:08.355,577555368, 59.05893863576882, 564555, 6.774917747097216, 30800, 0, 0.0, 1, 
2019-12-06 16:37:09.402,578603944, 59.05893863576882, 564555, 6.774917747097216, 30800, 0, 0.0, 1, 
2019-12-06 16:37:10.437,578603944, 59.05893863576882, 564555, 6.774917747097216, 30800, 0, 0.0, 1, 
2019-12-06 16:37:11.467,579652520, 54.336846625775046, 564555, 6.233225232789872, 30800, 0, 0.0, 1, 
2019-12-06 16:37:12.5,581749672, 54.336846625775046, 564555, 6.233225232789872, 30800, 0, 0.0, 1, 
2019-12-06 16:37:13.532,581749672, 54.336846625775046, 564555, 6.233225232789872, 30800, 0, 0.0, 1, 
2019-12-06 16:37:14.564,582798248, 54.336846625775046, 564555, 6.233225232789872, 30800, 0, 0.0, 1, 
2019-12-06 16:37:15.595,583846824, 54.336846625775046, 564555, 6.233225232789872, 30800, 0, 0.0, 1, 
2019-12-06 16:37:16.624,584895400, 49.992312246614524, 564555, 5.734844060554885, 30800, 0, 0.0, 1, 
2019-12-06 16:37:17.655,585943976, 49.992312246614524, 564555, 5.734844060554885, 30800, 0, 0.0, 1, 
2019-12-06 16:37:18.687,586992552, 49.992312246614524, 564555, 5.734844060554885, 30800, 0, 0.0, 1, 
2019-12-06 16:37:19.717,588041128, 49.992312246614524, 564555, 5.734844060554885, 30800, 0, 0.0, 1, 
2019-12-06 16:37:20.753,589089704, 49.992312246614524, 564555, 5.734844060554885, 30800, 0, 0.0, 1, 
2019-12-06 16:37:21.79,590138280, 45.99514765690281, 564555, 5.2763112466836715, 30800, 0, 0.0, 1, 
2019-12-06 16:37:22.819,591186856, 45.99514765690281, 564555, 5.2763112466836715, 30803, 0, 0.0, 1, 
2019-12-06 16:37:23.852,592235432, 45.99514765690281, 564555, 5.2763112466836715, 30803, 0, 0.0, 1, 
2019-12-06 16:37:24.885,593284008, 45.99514765690281, 564555, 5.2763112466836715, 30803, 0, 0.0, 1, 
2019-12-06 16:37:25.918,594332584, 45.99514765690281, 564555, 5.2763112466836715, 30803, 0, 0.0, 1, 
2019-12-06 16:37:26.949,595381160, 42.31757870178444, 564555, 4.902414043579599, 30803, 0, 0.0, 1, 
2019-12-06 16:37:27.987,596429736, 42.31757870178444, 564555, 4.902414043579599, 30803, 0, 0.0, 1, 
2019-12-06 16:37:29.016,597478312, 42.31757870178444, 564555, 4.902414043579599, 30803, 0, 0.0, 1, 
2019-12-06 16:37:30.056,598526888, 42.31757870178444, 564555, 4.902414043579599, 30803, 0, 0.0, 1, 
2019-12-06 16:37:31.099,599575464, 42.31757870178444, 564555, 4.902414043579599, 30803, 0, 0.0, 1, 
2019-12-06 16:37:32.13,600624040, 38.93405192521358, 564555, 4.510438658995766, 30803, 0, 0.0, 1, 
2019-12-06 16:37:33.163,602721192, 38.93405192521358, 564555, 4.510438658995766, 30803, 0, 0.0, 1, 
2019-12-06 16:37:34.203,602721192, 38.93405192521358, 564555, 4.510438658995766, 30803, 0, 0.0, 1, 
2019-12-06 16:37:35.233,603769768, 38.93405192521358, 564555, 4.510438658995766, 30805, 0, 0.0, 1, 
2019-12-06 16:37:36.272,604818344, 38.93405192521358, 564555, 4.510438658995766, 30805, 0, 0.0, 1, 
2019-12-06 16:37:37.311,606915496, 35.821057012680804, 564555, 4.1817861298854995, 30805, 0, 0.0, 1, 
2019-12-06 16:37:38.343,606915496, 35.821057012680804, 564555, 4.1817861298854995, 30805, 0, 0.0, 1, 
2019-12-06 16:37:39.375,607964072, 35.821057012680804, 564555, 4.1817861298854995, 30805, 0, 0.0, 1, 
2019-12-06 16:37:40.409,609012648, 35.821057012680804, 564555, 4.1817861298854995, 30805, 0, 0.0, 1, 
2019-12-06 16:37:41.443,610061224, 32.956963430635525, 564555, 3.847428971975528, 30805, 0, 0.0, 1, 
2019-12-06 16:37:42.482,611109800, 32.956963430635525, 564555, 3.847428971975528, 30805, 0, 0.0, 1, 
2019-12-06 16:37:43.519,612158376, 32.956963430635525, 564555, 3.847428971975528, 30805, 0, 0.0, 1, 
2019-12-06 16:37:44.562,613206952, 32.956963430635525, 564555, 3.847428971975528, 30805, 0, 0.0, 1, 
2019-12-06 16:37:45.597,614255528, 32.956963430635525, 564555, 3.847428971975528, 30805, 0, 0.0, 1, 
2019-12-06 16:37:46.637,616352680, 30.321870127499075, 564555, 3.539805536349123, 30808, 0, 0.0, 1, 
2019-12-06 16:37:47.68,619498408, 30.321870127499075, 564555, 3.539805536349123, 30893, 0, 0.0, 1, 
2019-12-06 16:37:48.711,622644136, 30.321870127499075, 564555, 3.539805536349123, 30958, 0, 0.0, 1, 
2019-12-06 16:37:49.742,623692712, 30.321870127499075, 564555, 3.539805536349123, 30958, 0, 0.0, 1, 
2019-12-06 16:37:50.79,623692712, 30.321870127499075, 564555, 3.539805536349123, 30958, 0, 0.0, 1, 
