Timestamp, MemoryUsed, ReadLatency1, ReadCount, WriteLatency1, WriteCount, PendingTasks, WaitingOnCommit1, SRDelay, 
2019-12-06 16:36:35.392,324266800, 105.4462757167835, 559030, 5.7314660053627, 30579, 0, 0.0, 1, 
2019-12-06 16:36:36.499,326136840, 97.04723925083857, 559030, 5.273203285871791, 30579, 0, 0.0, 1, 
2019-12-06 16:36:37.564,327015720, 97.04723925083857, 559030, 5.273203285871791, 30579, 0, 0.0, 1, 
2019-12-06 16:36:38.632,328940016, 97.04723925083857, 559030, 5.273203285871791, 30579, 0, 0.0, 1, 
2019-12-06 16:36:39.706,330664480, 97.04723925083857, 559030, 5.273203285871791, 30579, 0, 0.0, 1, 
2019-12-06 16:36:40.762,331584592, 97.04723925083857, 559030, 5.273203285871791, 30579, 0, 0.0, 1, 
2019-12-06 16:36:41.851,333509328, 89.28777042792967, 559030, 4.851581230371336, 30579, 0, 0.0, 1, 
2019-12-06 16:36:42.936,334683776, 89.28777042792967, 559030, 4.851581230371336, 30579, 0, 0.0, 1, 
2019-12-06 16:36:44.005,336597392, 89.28777042792967, 559030, 4.851581230371336, 30579, 0, 0.0, 1, 
2019-12-06 16:36:45.092,338303792, 89.28777042792967, 559030, 4.851581230371336, 30579, 0, 0.0, 1, 
2019-12-06 16:36:46.191,339629128, 82.14871447692195, 559030, 4.463670213123608, 30579, 0, 0.0, 1, 
2019-12-06 16:36:47.246,341157968, 82.14871447692195, 559030, 4.463670213123608, 30579, 0, 0.0, 1, 
2019-12-06 16:36:48.3,342432232, 82.14871447692195, 559030, 4.463670213123608, 30579, 0, 0.0, 1, 
2019-12-06 16:36:49.35,343323384, 82.14871447692195, 559030, 4.463670213123608, 30579, 0, 0.0, 1, 
2019-12-06 16:36:50.397,344876656, 82.14871447692195, 559030, 4.463670213123608, 30579, 0, 0.0, 1, 
2019-12-06 16:36:51.474,346443824, 75.58046592347108, 559030, 4.106774848331656, 30579, 0, 0.0, 1, 
2019-12-06 16:36:52.535,347739824, 75.58046592347108, 559030, 4.106774848331656, 30579, 0, 0.0, 1, 
2019-12-06 16:36:53.592,349048952, 75.58046592347108, 559030, 4.106774848331656, 30579, 0, 0.0, 1, 
2019-12-06 16:36:54.637,350508000, 75.58046592347108, 559030, 4.106774848331656, 30579, 0, 0.0, 1, 
2019-12-06 16:36:55.681,352086064, 75.58046592347108, 559030, 4.106774848331656, 30579, 0, 0.0, 1, 
2019-12-06 16:36:56.733,353547640, 69.53738552797147, 559030, 3.778415261347727, 30579, 0, 0.0, 1, 
2019-12-06 16:36:57.788,354854888, 69.53738552797147, 559030, 3.778415261347727, 30579, 0, 0.0, 1, 
2019-12-06 16:36:58.867,357466976, 69.53738552797147, 559030, 3.778415261347727, 30642, 0, 0.0, 1, 
2019-12-06 16:36:59.899,81199736, 69.53738552797147, 559030, 3.778415261347727, 30804, 0, 0.0, 1, 
2019-12-06 16:37:00.939,83623392, 69.53738552797147, 559030, 3.778415261347727, 30826, 0, 0.0, 1, 
2019-12-06 16:37:01.999,85103384, 63.97748316293609, 559030, 7.426115774664599, 30826, 0, 0.0, 1, 
2019-12-06 16:37:03.068,86909960, 63.97748316293609, 559030, 7.426115774664599, 30826, 0, 0.0, 1, 
2019-12-06 16:37:04.131,87857328, 63.97748316293609, 559030, 7.426115774664599, 30826, 0, 0.0, 1, 
2019-12-06 16:37:05.172,88707136, 63.97748316293609, 559030, 7.426115774664599, 30826, 0, 0.0, 1, 
2019-12-06 16:37:06.211,89853544, 58.86212604610092, 559030, 6.832356340870875, 30826, 0, 0.0, 1, 
2019-12-06 16:37:07.333,90542872, 58.86212604610092, 559030, 6.832356340870875, 30826, 0, 0.0, 1, 
2019-12-06 16:37:08.372,91140784, 58.86212604610092, 559030, 6.832356340870875, 30826, 0, 0.0, 1, 
2019-12-06 16:37:09.422,92172464, 58.86212604610092, 559030, 6.832356340870875, 30826, 0, 0.0, 1, 
2019-12-06 16:37:10.452,93186016, 58.86212604610092, 559030, 6.832356340870875, 30826, 0, 0.0, 1, 
2019-12-06 16:37:11.486,94244320, 54.15577030192237, 559030, 6.2860712901754905, 30826, 0, 0.0, 1, 
2019-12-06 16:37:12.516,94840928, 54.15577030192237, 559030, 6.2860712901754905, 30826, 0, 0.0, 1, 
2019-12-06 16:37:13.546,95900592, 54.15577030192237, 559030, 6.2860712901754905, 30826, 0, 0.0, 1, 
2019-12-06 16:37:14.581,96650344, 54.15577030192237, 559030, 6.2860712901754905, 30826, 0, 0.0, 1, 
2019-12-06 16:37:15.609,97491568, 54.15577030192237, 559030, 6.2860712901754905, 30826, 0, 0.0, 1, 
2019-12-06 16:37:16.64,98548960, 49.82571398623225, 559030, 5.783464780487704, 30826, 0, 0.0, 1, 
2019-12-06 16:37:17.671,99142272, 49.82571398623225, 559030, 5.783464780487704, 30826, 0, 0.0, 1, 
2019-12-06 16:37:18.702,100200568, 49.82571398623225, 559030, 5.783464780487704, 30826, 0, 0.0, 1, 
2019-12-06 16:37:19.739,100869528, 49.82571398623225, 559030, 5.783464780487704, 30826, 0, 0.0, 1, 
2019-12-06 16:37:20.772,102242208, 49.82571398623225, 559030, 5.783464780487704, 30826, 0, 0.0, 1, 
2019-12-06 16:37:21.806,102838864, 45.84186985795114, 559030, 5.321044468493118, 30826, 0, 0.0, 1, 
2019-12-06 16:37:22.838,103698320, 45.84186985795114, 559030, 5.321044468493118, 30826, 0, 0.0, 1, 
2019-12-06 16:37:23.871,104759656, 45.84186985795114, 559030, 5.321044468493118, 30826, 0, 0.0, 1, 
2019-12-06 16:37:24.901,105588408, 45.84186985795114, 559030, 5.321044468493118, 30826, 0, 0.0, 1, 
2019-12-06 16:37:25.934,106741768, 45.84186985795114, 559030, 5.321044468493118, 30826, 0, 0.0, 1, 
2019-12-06 16:37:26.966,107410344, 42.17655631897228, 559030, 4.895597243231349, 30826, 0, 0.0, 1, 
2019-12-06 16:37:28.001,108456272, 42.17655631897228, 559030, 4.895597243231349, 30826, 0, 0.0, 1, 
2019-12-06 16:37:29.037,109142952, 42.17655631897228, 559030, 4.895597243231349, 30826, 0, 0.0, 1, 
2019-12-06 16:37:30.085,109935528, 42.17655631897228, 559030, 4.895597243231349, 30826, 0, 0.0, 1, 
2019-12-06 16:37:31.117,110994648, 38.80430506956954, 559030, 4.504166899909715, 30826, 0, 0.0, 1, 
2019-12-06 16:37:32.146,111664120, 38.80430506956954, 559030, 4.504166899909715, 30826, 0, 0.0, 1, 
2019-12-06 16:37:33.191,112790496, 38.80430506956954, 559030, 4.504166899909715, 30826, 0, 0.0, 1, 
2019-12-06 16:37:34.218,113478800, 38.80430506956954, 559030, 4.504166899909715, 30826, 0, 0.0, 1, 
2019-12-06 16:37:35.254,114843696, 38.80430506956954, 559030, 4.504166899909715, 30828, 0, 0.0, 1, 
2019-12-06 16:37:36.297,115506696, 35.70168414282979, 559030, 4.176015832968479, 30828, 0, 0.0, 1, 
2019-12-06 16:37:37.327,116598344, 35.70168414282979, 559030, 4.176015832968479, 30828, 0, 0.0, 1, 
2019-12-06 16:37:38.361,117194960, 35.70168414282979, 559030, 4.176015832968479, 30828, 0, 0.0, 1, 
2019-12-06 16:37:39.39,117874072, 35.70168414282979, 559030, 4.176015832968479, 30828, 0, 0.0, 1, 
2019-12-06 16:37:40.422,119271536, 35.70168414282979, 559030, 4.176015832968479, 30828, 0, 0.0, 1, 
2019-12-06 16:37:41.458,120009520, 32.84713508847083, 559030, 3.842120042526269, 30828, 0, 0.0, 1, 
2019-12-06 16:37:42.498,120980408, 32.84713508847083, 559030, 3.842120042526269, 30828, 0, 0.0, 1, 
2019-12-06 16:37:43.542,121654944, 32.84713508847083, 559030, 3.842120042526269, 30828, 0, 0.0, 1, 
2019-12-06 16:37:44.582,122746520, 32.84713508847083, 559030, 3.842120042526269, 30828, 0, 0.0, 1, 
2019-12-06 16:37:45.615,123717008, 32.84713508847083, 559030, 3.842120042526269, 30828, 0, 0.0, 1, 
2019-12-06 16:37:46.668,124408680, 30.220823174722444, 559030, 3.534921085461672, 30832, 0, 0.0, 1, 
2019-12-06 16:37:47.694,130086776, 30.220823174722444, 559030, 3.534921085461672, 30922, 0, 0.0, 1, 
2019-12-06 16:37:48.724,132960224, 30.220823174722444, 559030, 3.534921085461672, 30996, 0, 0.0, 1, 
2019-12-06 16:37:49.769,134141512, 30.220823174722444, 559030, 3.534921085461672, 30996, 0, 0.0, 1, 
2019-12-06 16:37:50.808,134841312, 30.220823174722444, 559030, 3.534921085461672, 30996, 0, 0.0, 1, 
