Timestamp, MemoryUsed, ReadLatency1, ReadCount, WriteLatency1, WriteCount, PendingTasks, WaitingOnCommit1, SRDelay, 
2019-12-06 16:36:35.419,146761712, 110.11767424737654, 579163, 5.852864940346936, 31769, 0, 0.0, 1, 
2019-12-06 16:36:36.515,148806696, 101.31315114327006, 579163, 5.384895697945986, 31769, 0, 0.0, 1, 
2019-12-06 16:36:37.572,149525536, 101.31315114327006, 579163, 5.384895697945986, 31769, 0, 0.0, 1, 
2019-12-06 16:36:38.663,151530296, 101.31315114327006, 579163, 5.384895697945986, 31769, 0, 0.0, 1, 
2019-12-06 16:36:39.724,153260968, 101.31315114327006, 579163, 5.384895697945986, 31769, 0, 0.0, 1, 
2019-12-06 16:36:40.783,153990320, 101.31315114327006, 579163, 5.384895697945986, 31769, 0, 0.0, 1, 
2019-12-06 16:36:41.87,155999608, 93.21259883786206, 579163, 4.954343210256675, 31769, 0, 0.0, 1, 
2019-12-06 16:36:42.949,156983944, 93.21259883786206, 579163, 4.954343210256675, 31769, 0, 0.0, 1, 
2019-12-06 16:36:44.02,158980416, 93.21259883786206, 579163, 4.954343210256675, 31769, 0, 0.0, 1, 
2019-12-06 16:36:45.112,160572336, 93.21259883786206, 579163, 4.954343210256675, 31769, 0, 0.0, 1, 
2019-12-06 16:36:46.2,161970952, 93.21259883786206, 579163, 4.954343210256675, 31769, 0, 0.0, 1, 
2019-12-06 16:36:47.258,163333296, 85.75973093385873, 579163, 4.5582157987533645, 31769, 0, 0.0, 1, 
2019-12-06 16:36:48.309,164791384, 85.75973093385873, 579163, 4.5582157987533645, 31769, 0, 0.0, 1, 
2019-12-06 16:36:49.359,165952664, 85.75973093385873, 579163, 4.5582157987533645, 31769, 0, 0.0, 1, 
2019-12-06 16:36:50.411,167322136, 85.75973093385873, 579163, 4.5582157987533645, 31769, 0, 0.0, 1, 
2019-12-06 16:36:51.489,168886952, 78.90276144581033, 579163, 4.193760986318173, 31769, 0, 0.0, 1, 
2019-12-06 16:36:52.552,170073480, 78.90276144581033, 579163, 4.193760986318173, 31769, 0, 0.0, 1, 
2019-12-06 16:36:53.603,171426120, 78.90276144581033, 579163, 4.193760986318173, 31769, 0, 0.0, 1, 
2019-12-06 16:36:54.65,173219576, 78.90276144581033, 579163, 4.193760986318173, 31769, 0, 0.0, 1, 
2019-12-06 16:36:55.691,174427864, 78.90276144581033, 579163, 4.193760986318173, 31769, 0, 0.0, 1, 
2019-12-06 16:36:56.741,175783912, 72.5940449670477, 579163, 3.858446371752397, 31769, 0, 0.0, 1, 
2019-12-06 16:36:57.805,177365616, 72.5940449670477, 579163, 3.858446371752397, 31769, 0, 0.0, 1, 
2019-12-06 16:36:58.875,181900680, 72.5940449670477, 579163, 3.858446371752397, 31828, 0, 0.0, 1, 
2019-12-06 16:36:59.907,189155848, 72.5940449670477, 579163, 3.858446371752397, 31988, 0, 0.0, 1, 
2019-12-06 16:37:00.949,191673640, 72.5940449670477, 579163, 3.858446371752397, 32012, 0, 0.0, 1, 
2019-12-06 16:37:02.018,193475576, 66.78974560728217, 579163, 7.435783482492458, 32012, 0, 0.0, 1, 
2019-12-06 16:37:03.086,194868048, 66.78974560728217, 579163, 7.435783482492458, 32012, 0, 0.0, 1, 
2019-12-06 16:37:04.141,195795848, 66.78974560728217, 579163, 7.435783482492458, 32012, 0, 0.0, 1, 
2019-12-06 16:37:05.184,196745488, 66.78974560728217, 579163, 7.435783482492458, 32012, 0, 0.0, 1, 
2019-12-06 16:37:06.227,197509528, 66.78974560728217, 579163, 7.435783482492458, 32012, 0, 0.0, 1, 
2019-12-06 16:37:07.341,198442264, 61.44953240049335, 579163, 6.841251061460166, 32012, 0, 0.0, 1, 
2019-12-06 16:37:08.395,199232144, 61.44953240049335, 579163, 6.841251061460166, 32012, 0, 0.0, 1, 
2019-12-06 16:37:09.431,200410560, 61.44953240049335, 579163, 6.841251061460166, 32012, 0, 0.0, 1, 
2019-12-06 16:37:10.461,201357696, 61.44953240049335, 579163, 6.841251061460166, 32012, 0, 0.0, 1, 
2019-12-06 16:37:11.493,202073264, 56.536299066657534, 579163, 6.294254828173354, 32012, 0, 0.0, 1, 
2019-12-06 16:37:12.524,203010744, 56.536299066657534, 579163, 6.294254828173354, 32012, 0, 0.0, 1, 
2019-12-06 16:37:13.554,203732128, 56.536299066657534, 579163, 6.294254828173354, 32012, 0, 0.0, 1, 
2019-12-06 16:37:14.589,204731840, 56.536299066657534, 579163, 6.294254828173354, 32012, 0, 0.0, 1, 
2019-12-06 16:37:15.617,205661240, 56.536299066657534, 579163, 6.294254828173354, 32012, 0, 0.0, 1, 
2019-12-06 16:37:16.649,206449536, 52.015906180091285, 579163, 5.790993998914546, 32012, 0, 0.0, 1, 
2019-12-06 16:37:17.68,207385208, 52.015906180091285, 579163, 5.790993998914546, 32012, 0, 0.0, 1, 
2019-12-06 16:37:18.711,208342928, 52.015906180091285, 579163, 5.790993998914546, 32012, 0, 0.0, 1, 
2019-12-06 16:37:19.747,209292648, 52.015906180091285, 579163, 5.790993998914546, 32012, 0, 0.0, 1, 
2019-12-06 16:37:20.78,210074000, 52.015906180091285, 579163, 5.790993998914546, 32012, 0, 0.0, 1, 
2019-12-06 16:37:21.813,211000720, 47.85694395287589, 579163, 5.327971683853257, 32012, 0, 0.0, 1, 
2019-12-06 16:37:22.845,211717824, 47.85694395287589, 579163, 5.327971683853257, 32012, 0, 0.0, 1, 
2019-12-06 16:37:23.879,212655376, 47.85694395287589, 579163, 5.327971683853257, 32012, 0, 0.0, 1, 
2019-12-06 16:37:24.911,213889768, 47.85694395287589, 579163, 5.327971683853257, 32012, 0, 0.0, 1, 
2019-12-06 16:37:25.942,214616720, 47.85694395287589, 579163, 5.327971683853257, 32012, 0, 0.0, 1, 
2019-12-06 16:37:26.98,215586736, 44.030513985072034, 579163, 4.901970589032381, 32012, 0, 0.0, 1, 
2019-12-06 16:37:28.009,216519280, 44.030513985072034, 579163, 4.901970589032381, 32012, 0, 0.0, 1, 
2019-12-06 16:37:29.05,217233032, 44.030513985072034, 579163, 4.901970589032381, 32012, 0, 0.0, 1, 
2019-12-06 16:37:30.093,218418912, 44.030513985072034, 579163, 4.901970589032381, 32012, 0, 0.0, 1, 
2019-12-06 16:37:31.123,219349600, 44.030513985072034, 579163, 4.901970589032381, 32012, 0, 0.0, 1, 
2019-12-06 16:37:32.153,220067376, 40.51002846522383, 579163, 4.510030661116455, 32012, 0, 0.0, 1, 
2019-12-06 16:37:33.197,221009784, 40.51002846522383, 579163, 4.510030661116455, 32012, 0, 0.0, 1, 
2019-12-06 16:37:34.227,222095576, 40.51002846522383, 579163, 4.510030661116455, 32012, 0, 0.0, 1, 
2019-12-06 16:37:35.263,222862504, 40.51002846522383, 579163, 4.510030661116455, 32012, 0, 0.0, 1, 
2019-12-06 16:37:36.305,223784264, 37.271025425904085, 579163, 4.14942851956719, 32012, 0, 0.0, 1, 
2019-12-06 16:37:37.336,224516600, 37.271025425904085, 579163, 4.14942851956719, 32012, 0, 0.0, 1, 
2019-12-06 16:37:38.369,225445688, 37.271025425904085, 579163, 4.14942851956719, 32012, 0, 0.0, 1, 
2019-12-06 16:37:39.4,226603512, 37.271025425904085, 579163, 4.14942851956719, 32012, 0, 0.0, 1, 
2019-12-06 16:37:40.437,227346264, 37.271025425904085, 579163, 4.14942851956719, 32012, 0, 0.0, 1, 
2019-12-06 16:37:41.468,228385288, 34.29099877061054, 579163, 3.8176585333314144, 32012, 0, 0.0, 1, 
2019-12-06 16:37:42.511,229102320, 34.29099877061054, 579163, 3.8176585333314144, 32012, 0, 0.0, 1, 
2019-12-06 16:37:43.554,229825968, 34.29099877061054, 579163, 3.8176585333314144, 32012, 0, 0.0, 1, 
2019-12-06 16:37:44.589,231015456, 34.29099877061054, 579163, 3.8176585333314144, 32012, 0, 0.0, 1, 
2019-12-06 16:37:45.623,231729424, 34.29099877061054, 579163, 3.8176585333314144, 32012, 0, 0.0, 1, 
2019-12-06 16:37:46.674,232727008, 31.549241890961223, 579163, 3.512415410553542, 32017, 0, 0.0, 1, 
2019-12-06 16:37:47.703,236511976, 31.549241890961223, 579163, 3.512415410553542, 32110, 0, 0.0, 1, 
2019-12-06 16:37:48.732,239635280, 31.549241890961223, 579163, 3.512415410553542, 32188, 0, 0.0, 1, 
2019-12-06 16:37:49.778,240616824, 31.549241890961223, 579163, 3.512415410553542, 32188, 0, 0.0, 1, 
2019-12-06 16:37:50.819,241559232, 31.549241890961223, 579163, 3.512415410553542, 32188, 0, 0.0, 1, 
