Timestamp, MemoryUsed, ReadLatency1, ReadCount, WriteLatency1, WriteCount, PendingTasks, WaitingOnCommit1, SRDelay, 
2019-12-08 11:13:54.772,214024608, 28.178753464933813, 3272539, 6.378105354013066, 178842, 0, 0.0, 30, 
2019-12-08 11:13:55.875,221364640, 28.178753464933813, 3272900, 6.378105354013066, 178865, 0, 0.0, 30, 
2019-12-08 11:13:56.917,236044704, 39.038420737420026, 3273506, 6.539767123990789, 178892, 0, 0.0, 30, 
2019-12-08 11:13:57.956,250724768, 39.038420737420026, 3274204, 6.539767123990789, 178921, 0, 0.0, 30, 
2019-12-08 11:13:58.998,264356256, 39.038420737420026, 3274869, 6.539767123990789, 178949, 0, 0.0, 30, 
2019-12-08 11:14:00.035,279036320, 39.038420737420026, 3275583, 6.539767123990789, 178993, 0, 0.0, 30, 
2019-12-08 11:14:01.076,292667808, 39.038420737420026, 3276149, 6.539767123990789, 179026, 0, 0.0, 30, 
2019-12-08 11:14:02.168,303153568, 86.22513527064262, 3276623, 8.559463830191719, 179060, 0, 0.0, 30, 
2019-12-08 11:14:03.206,315736480, 86.22513527064262, 3277133, 8.559463830191719, 179086, 0, 0.0, 30, 
2019-12-08 11:14:04.248,326222240, 86.22513527064262, 3277612, 8.559463830191719, 179110, 0, 0.0, 30, 
2019-12-08 11:14:05.282,336708000, 86.22513527064262, 3278101, 8.559463830191719, 179136, 0, 0.0, 30, 
2019-12-08 11:14:06.324,348242336, 86.22513527064262, 3278567, 8.559463830191719, 179158, 0, 0.0, 30, 
2019-12-08 11:14:07.357,359776672, 116.70219470866691, 3279072, 9.889967640530658, 179171, 0, 0.0, 30, 
2019-12-08 11:14:08.384,372359584, 116.70219470866691, 3279586, 9.889967640530658, 179193, 0, 0.0, 30, 
2019-12-08 11:14:09.428,382845344, 116.70219470866691, 3280073, 9.889967640530658, 179229, 0, 0.0, 30, 
2019-12-08 11:14:10.461,395428256, 116.70219470866691, 3280584, 9.889967640530658, 179255, 0, 0.0, 30, 
2019-12-08 11:14:11.493,406962592, 145.97375903365545, 3281075, 10.890214600838137, 179276, 0, 0.0, 30, 
2019-12-08 11:14:12.523,417448352, 145.97375903365545, 3281547, 10.890214600838137, 179313, 0, 0.0, 30, 
2019-12-08 11:14:13.556,430031264, 145.97375903365545, 3282074, 10.890214600838137, 179341, 0, 0.0, 30, 
2019-12-08 11:14:14.599,440517024, 145.97375903365545, 3282563, 10.890214600838137, 179362, 0, 0.0, 30, 
2019-12-08 11:14:15.631,452051360, 145.97375903365545, 3283053, 10.890214600838137, 179383, 0, 0.0, 30, 
2019-12-08 11:14:16.671,463585696, 172.08935132754323, 3283522, 12.082335220179292, 179407, 0, 0.0, 30, 
2019-12-08 11:14:17.727,476168608, 172.08935132754323, 3284032, 12.082335220179292, 179441, 0, 0.0, 30, 
2019-12-08 11:14:18.753,486654368, 172.08935132754323, 3284497, 12.082335220179292, 179473, 0, 0.0, 30, 
2019-12-08 11:14:19.783,498188704, 172.08935132754323, 3284957, 12.082335220179292, 179494, 0, 0.0, 30, 
2019-12-08 11:14:20.812,507625888, 172.08935132754323, 3285402, 12.082335220179292, 179521, 0, 0.0, 30, 
2019-12-08 11:14:21.847,519160224, 195.22135359611968, 3285937, 13.147156903420301, 179539, 0, 0.0, 30, 
2019-12-08 11:14:22.873,531743136, 195.22135359611968, 3286434, 13.147156903420301, 179561, 0, 0.0, 30, 
2019-12-08 11:14:23.899,542228896, 195.22135359611968, 3286914, 13.147156903420301, 179583, 0, 0.0, 30, 
2019-12-08 11:14:24.937,553763232, 195.22135359611968, 3287391, 13.147156903420301, 179609, 0, 0.0, 30, 
2019-12-08 11:14:25.971,564248992, 195.22135359611968, 3287861, 13.147156903420301, 179633, 0, 0.0, 30, 
2019-12-08 11:14:27.009,576831904, 217.28738781914893, 3288342, 13.982920091995167, 179661, 0, 0.0, 30, 
2019-12-08 11:14:28.064,587317664, 217.28738781914893, 3288854, 13.982920091995167, 179692, 0, 0.0, 30, 
2019-12-08 11:14:29.102,598852000, 217.28738781914893, 3289343, 13.982920091995167, 179713, 0, 0.0, 30, 
2019-12-08 11:14:30.134,611434912, 217.28738781914893, 3289831, 13.982920091995167, 179744, 0, 0.0, 30, 
2019-12-08 11:14:31.161,628212128, 217.28738781914893, 3290437, 13.982920091995167, 179775, 0, 0.0, 30, 
2019-12-08 11:14:32.193,641843616, 240.4515293153367, 3291068, 15.007717218782433, 179802, 0, 0.0, 30, 
2019-12-08 11:14:33.222,656523680, 240.4515293153367, 3291735, 15.007717218782433, 179841, 0, 0.0, 30, 
2019-12-08 11:14:34.251,671203744, 240.4515293153367, 3292440, 15.007717218782433, 179869, 0, 0.0, 30, 
2019-12-08 11:14:35.278,686932384, 240.4515293153367, 3293240, 15.007717218782433, 179915, 0, 0.0, 30, 
2019-12-08 11:14:36.306,703709600, 240.4515293153367, 3294089, 15.007717218782433, 179949, 0, 0.0, 30, 
2019-12-08 11:14:37.332,721535392, 278.42631230983665, 3294993, 16.51026518900597, 179991, 0, 0.0, 30, 
2019-12-08 11:14:38.358,740409760, 278.42631230983665, 3295912, 16.51026518900597, 180039, 0, 0.0, 30, 
2019-12-08 11:14:39.386,758235552, 278.42631230983665, 3296765, 16.51026518900597, 180077, 0, 0.0, 30, 
2019-12-08 11:14:40.411,777109920, 278.42631230983665, 3297753, 16.51026518900597, 180138, 0, 0.0, 30, 
2019-12-08 11:14:41.436,797032864, 327.37301785762946, 3298647, 19.060027603134646, 180193, 0, 0.0, 30, 
2019-12-08 11:14:42.471,813810080, 327.37301785762946, 3299568, 19.060027603134646, 180241, 0, 0.0, 30, 
2019-12-08 11:14:43.499,832684448, 327.37301785762946, 3300514, 19.060027603134646, 180281, 0, 0.0, 30, 
2019-12-08 11:14:44.538,216125192, 327.37301785762946, 3301366, 19.060027603134646, 180341, 0, 0.0, 30, 
2019-12-08 11:14:45.57,234999560, 327.37301785762946, 3302309, 19.060027603134646, 180394, 0, 0.0, 30, 
2019-12-08 11:14:46.597,253873928, 372.2302586235669, 3303243, 21.3099755684407, 180436, 0, 0.0, 30, 
2019-12-08 11:14:47.624,272748296, 372.2302586235669, 3304221, 21.3099755684407, 180493, 0, 0.0, 30, 
2019-12-08 11:14:48.647,291622664, 372.2302586235669, 3305229, 21.3099755684407, 180551, 0, 0.0, 30, 
2019-12-08 11:14:49.679,312594184, 372.2302586235669, 3306190, 21.3099755684407, 180604, 0, 0.0, 30, 
2019-12-08 11:14:50.713,331468552, 372.2302586235669, 3307209, 21.3099755684407, 180649, 0, 0.0, 30, 
2019-12-08 11:14:51.742,352440072, 420.12123491464246, 3308233, 23.69984996860985, 180702, 0, 0.0, 30, 
2019-12-08 11:14:52.771,371314440, 420.12123491464246, 3309186, 23.69984996860985, 180755, 0, 0.0, 30, 
2019-12-08 11:14:53.796,392285960, 420.12123491464246, 3310257, 23.69984996860985, 180804, 0, 0.0, 30, 
2019-12-08 11:14:54.823,415354632, 420.12123491464246, 3311386, 23.69984996860985, 180857, 0, 0.0, 30, 
2019-12-08 11:14:55.85,435277576, 420.12123491464246, 3312397, 23.69984996860985, 180906, 0, 0.0, 30, 
2019-12-08 11:14:56.885,455200520, 466.2619053820294, 3313417, 25.818684976780407, 180965, 0, 0.0, 30, 
2019-12-08 11:14:57.913,476172040, 466.2619053820294, 3314473, 25.818684976780407, 181019, 0, 0.0, 30, 
2019-12-08 11:14:58.94,497143560, 466.2619053820294, 3315559, 25.818684976780407, 181078, 0, 0.0, 30, 
2019-12-08 11:14:59.967,518115080, 466.2619053820294, 3316663, 25.818684976780407, 181143, 0, 0.0, 30, 
2019-12-08 11:15:00.995,539086600, 466.2619053820294, 3317751, 25.818684976780407, 181207, 0, 0.0, 30, 
2019-12-08 11:15:02.021,562155272, 514.0863868697105, 3318884, 28.50369867697903, 181263, 0, 0.0, 30, 
2019-12-08 11:15:03.048,585223944, 514.0863868697105, 3320020, 28.50369867697903, 181328, 0, 0.0, 30, 
2019-12-08 11:15:04.075,607244040, 514.0863868697105, 3321143, 28.50369867697903, 181380, 0, 0.0, 30, 
2019-12-08 11:15:05.104,628215560, 514.0863868697105, 3322264, 28.50369867697903, 181444, 0, 0.0, 30, 
2019-12-08 11:15:06.127,650235656, 514.0863868697105, 3323420, 28.50369867697903, 181505, 0, 0.0, 30, 
2019-12-08 11:15:07.159,673304328, 560.5496659744117, 3324547, 30.8461015984569, 181561, 0, 0.0, 30, 
2019-12-08 11:15:08.182,696373000, 560.5496659744117, 3325794, 30.8461015984569, 181617, 0, 0.0, 30, 
2019-12-08 11:15:09.208,721538824, 560.5496659744117, 3327108, 30.8461015984569, 181692, 0, 0.0, 30, 
2019-12-08 11:15:10.233,745656072, 560.5496659744117, 3328428, 30.8461015984569, 181755, 0, 0.0, 30, 
2019-12-08 11:15:11.26,770821896, 560.5496659744117, 3329759, 30.8461015984569, 181809, 0, 0.0, 30, 
2019-12-08 11:15:12.289,798084872, 615.531150961769, 3331067, 33.129145259767114, 181883, 0, 0.0, 30, 
2019-12-08 11:15:13.313,835833608, 615.531150961769, 3332444, 33.129145259767114, 181959, 0, 0.0, 30, 
2019-12-08 11:15:14.338,220302416, 615.531150961769, 3333789, 33.129145259767114, 182021, 0, 0.0, 30, 
2019-12-08 11:15:15.361,244419664, 615.531150961769, 3335030, 33.129145259767114, 182091, 0, 0.0, 30, 
2019-12-08 11:15:16.385,255954000, 615.531150961769, 3335524, 33.129145259767114, 182132, 0, 0.0, 30, 
2019-12-08 11:15:17.413,268536912, 655.6903508000768, 3336048, 35.50149581897075, 182153, 0, 0.0, 30, 
2019-12-08 11:15:18.443,279022672, 655.6903508000768, 3336552, 35.50149581897075, 182175, 0, 0.0, 30, 
2019-12-08 11:15:19.474,290557008, 655.6903508000768, 3337058, 35.50149581897075, 182197, 0, 0.0, 30, 
2019-12-08 11:15:20.505,302091344, 655.6903508000768, 3337559, 35.50149581897075, 182219, 0, 0.0, 30, 
2019-12-08 11:15:21.528,313625680, 642.458472928658, 3338032, 34.38999358323693, 182243, 0, 0.0, 30, 
2019-12-08 11:15:22.556,323062864, 642.458472928658, 3338525, 34.38999358323693, 182268, 0, 0.0, 30, 
2019-12-08 11:15:23.581,334597200, 642.458472928658, 3339003, 34.38999358323693, 182308, 0, 0.0, 30, 
2019-12-08 11:15:24.607,345082960, 642.458472928658, 3339497, 34.38999358323693, 182326, 0, 0.0, 30, 
2019-12-08 11:15:25.634,355568720, 642.458472928658, 3339982, 34.38999358323693, 182350, 0, 0.0, 30, 
2019-12-08 11:15:26.663,366054480, 628.5735080710693, 3340437, 33.60722891551405, 182370, 0, 0.0, 30, 
2019-12-08 11:15:27.694,376540240, 628.5735080710693, 3340946, 33.60722891551405, 182392, 0, 0.0, 30, 
2019-12-08 11:15:28.725,387026000, 628.5735080710693, 3341406, 33.60722891551405, 182417, 0, 0.0, 30, 
2019-12-08 11:15:29.75,397511760, 628.5735080710693, 3341888, 33.60722891551405, 182445, 0, 0.0, 30, 
2019-12-08 11:15:30.776,409046096, 628.5735080710693, 3342377, 33.60722891551405, 182476, 0, 0.0, 30, 
2019-12-08 11:15:31.801,419531856, 616.0705726967808, 3342849, 33.07894405989607, 182509, 0, 0.0, 30, 
2019-12-08 11:15:32.829,430017616, 616.0705726967808, 3343328, 33.07894405989607, 182532, 0, 0.0, 30, 
2019-12-08 11:15:33.864,440503376, 616.0705726967808, 3343811, 33.07894405989607, 182551, 0, 0.0, 30, 
2019-12-08 11:15:34.894,452037712, 616.0705726967808, 3344322, 33.07894405989607, 182576, 0, 0.0, 30, 
2019-12-08 11:15:35.921,461474896, 616.0705726967808, 3344733, 33.07894405989607, 182601, 0, 0.0, 30, 
2019-12-08 11:15:36.951,471960656, 603.1920807708195, 3345205, 32.33704065596531, 182627, 0, 0.0, 30, 
2019-12-08 11:15:37.981,482446416, 603.1920807708195, 3345711, 32.33704065596531, 182649, 0, 0.0, 30, 
2019-12-08 11:15:39.006,492932176, 603.1920807708195, 3346183, 32.33704065596531, 182674, 0, 0.0, 30, 
2019-12-08 11:15:40.031,503417936, 603.1920807708195, 3346646, 32.33704065596531, 182700, 0, 0.0, 30, 
2019-12-08 11:15:41.068,514952272, 603.1920807708195, 3347172, 32.33704065596531, 182727, 0, 0.0, 30, 
2019-12-08 11:15:42.095,525438032, 592.7665056250881, 3347674, 31.638465455910204, 182752, 0, 0.0, 30, 
2019-12-08 11:15:43.121,535923792, 592.7665056250881, 3348169, 31.638465455910204, 182776, 0, 0.0, 30, 
2019-12-08 11:15:44.148,547458128, 592.7665056250881, 3348640, 31.638465455910204, 182809, 0, 0.0, 30, 
2019-12-08 11:15:45.175,557943888, 592.7665056250881, 3349138, 31.638465455910204, 182834, 0, 0.0, 30, 
2019-12-08 11:15:46.204,568429648, 592.7665056250881, 3349608, 31.638465455910204, 182871, 0, 0.0, 30, 
2019-12-08 11:15:47.23,579963984, 583.3823979649233, 3350072, 31.331558703457784, 182887, 0, 0.0, 30, 
2019-12-08 11:15:48.257,591498320, 583.3823979649233, 3350591, 31.331558703457784, 182916, 0, 0.0, 30, 
2019-12-08 11:15:49.283,601984080, 583.3823979649233, 3351071, 31.331558703457784, 182934, 0, 0.0, 30, 
2019-12-08 11:15:50.324,612469840, 583.3823979649233, 3351573, 31.331558703457784, 182955, 0, 0.0, 30, 
2019-12-08 11:15:51.349,624004176, 583.3823979649233, 3352032, 31.331558703457784, 182973, 0, 0.0, 30, 
2019-12-08 11:15:52.377,633441360, 574.2368863795361, 3352507, 30.457519528308897, 182991, 0, 0.0, 30, 
2019-12-08 11:15:53.406,644975696, 574.2368863795361, 3352973, 30.457519528308897, 183014, 0, 0.0, 30, 
2019-12-08 11:15:54.431,654412880, 574.2368863795361, 3353474, 30.457519528308897, 183042, 0, 0.0, 30, 
2019-12-08 11:15:55.459,666995792, 574.2368863795361, 3353957, 30.457519528308897, 183076, 0, 0.0, 30, 
2019-12-08 11:15:56.491,677481552, 566.1104496338073, 3354456, 29.98917812560279, 183102, 0, 0.0, 30, 
2019-12-08 11:15:57.522,687967312, 566.1104496338073, 3354952, 29.98917812560279, 183129, 0, 0.0, 30, 
2019-12-08 11:15:58.549,700550224, 566.1104496338073, 3355433, 29.98917812560279, 183151, 0, 0.0, 30, 
2019-12-08 11:15:59.574,709987408, 566.1104496338073, 3355909, 29.98917812560279, 183180, 0, 0.0, 30, 
2019-12-08 11:16:00.605,720473168, 566.1104496338073, 3356402, 29.98917812560279, 183200, 0, 0.0, 30, 
2019-12-08 11:16:01.632,730958928, 558.7616958316542, 3356899, 29.654229936348187, 183235, 0, 0.0, 30, 
2019-12-08 11:16:02.67,741444688, 558.7616958316542, 3357391, 29.654229936348187, 183262, 0, 0.0, 30, 
2019-12-08 11:16:03.696,754027600, 558.7616958316542, 3357897, 29.654229936348187, 183283, 0, 0.0, 30, 
2019-12-08 11:16:04.722,763464784, 558.7616958316542, 3358389, 29.654229936348187, 183306, 0, 0.0, 30, 
2019-12-08 11:16:05.748,773950544, 558.7616958316542, 3358869, 29.654229936348187, 183331, 0, 0.0, 30, 
2019-12-08 11:16:06.785,784436304, 552.2563738146833, 3359339, 29.202142671967064, 183367, 0, 0.0, 30, 
2019-12-08 11:16:07.811,798067792, 552.2563738146833, 3359810, 29.202142671967064, 183391, 0, 0.0, 30, 
2019-12-08 11:16:08.844,807504976, 552.2563738146833, 3360324, 29.202142671967064, 183419, 0, 0.0, 30, 
2019-12-08 11:16:09.878,820087888, 552.2563738146833, 3360831, 29.202142671967064, 183448, 0, 0.0, 30, 
2019-12-08 11:16:10.907,829525072, 552.2563738146833, 3361294, 29.202142671967064, 183475, 0, 0.0, 30, 
2019-12-08 11:16:11.936,841059408, 545.8234373495283, 3361766, 29.153998002153273, 183506, 0, 0.0, 30, 
2019-12-08 11:16:13.043,214423224, 545.8234373495283, 3362240, 29.153998002153273, 183533, 0, 0.0, 30, 
2019-12-08 11:16:14.069,222811832, 545.8234373495283, 3362770, 29.153998002153273, 183560, 0, 0.0, 30, 
2019-12-08 11:16:15.095,235394744, 545.8234373495283, 3363259, 29.153998002153273, 183584, 0, 0.0, 30, 
2019-12-08 11:16:16.122,245880504, 545.8234373495283, 3363723, 29.153998002153273, 183605, 0, 0.0, 30, 
2019-12-08 11:16:17.15,256366264, 539.1692586996869, 3364224, 28.757898191965946, 183629, 0, 0.0, 30, 
2019-12-08 11:16:18.178,266852024, 539.1692586996869, 3364734, 28.757898191965946, 183651, 0, 0.0, 30, 
2019-12-08 11:16:19.204,278386360, 539.1692586996869, 3365224, 28.757898191965946, 183681, 0, 0.0, 30, 
2019-12-08 11:16:20.23,288872120, 539.1692586996869, 3365722, 28.757898191965946, 183706, 0, 0.0, 30, 
2019-12-08 11:16:21.256,299357880, 539.1692586996869, 3366209, 28.757898191965946, 183723, 0, 0.0, 30, 
2019-12-08 11:16:22.284,310892216, 534.9180794966286, 3366692, 28.31351318859668, 183741, 0, 0.0, 30, 
2019-12-08 11:16:23.312,320329400, 534.9180794966286, 3367165, 28.31351318859668, 183768, 0, 0.0, 30, 
2019-12-08 11:16:24.343,332912312, 534.9180794966286, 3367651, 28.31351318859668, 183786, 0, 0.0, 30, 
2019-12-08 11:16:25.368,342349496, 534.9180794966286, 3368125, 28.31351318859668, 183811, 0, 0.0, 30, 
2019-12-08 11:16:26.402,353883832, 534.9180794966286, 3368620, 28.31351318859668, 183844, 0, 0.0, 30, 
2019-12-08 11:16:27.428,364369592, 529.663551981039, 3369099, 27.90465924830176, 183864, 0, 0.0, 30, 
2019-12-08 11:16:28.46,374855352, 529.663551981039, 3369558, 27.90465924830176, 183882, 0, 0.0, 30, 
2019-12-08 11:16:29.486,386389688, 529.663551981039, 3370048, 27.90465924830176, 183902, 0, 0.0, 30, 
2019-12-08 11:16:30.511,397924024, 529.663551981039, 3370515, 27.90465924830176, 183934, 0, 0.0, 30, 
2019-12-08 11:16:31.536,407361208, 524.2534730741359, 3370991, 27.480522112911817, 183962, 0, 0.0, 30, 
2019-12-08 11:16:32.562,417846968, 524.2534730741359, 3371460, 27.480522112911817, 183990, 0, 0.0, 30, 
2019-12-08 11:16:33.593,429381304, 524.2534730741359, 3371912, 27.480522112911817, 184009, 0, 0.0, 30, 
2019-12-08 11:16:34.619,438818488, 524.2534730741359, 3372399, 27.480522112911817, 184032, 0, 0.0, 30, 
2019-12-08 11:16:35.645,450352824, 524.2534730741359, 3372883, 27.480522112911817, 184055, 0, 0.0, 30, 
2019-12-08 11:16:36.673,460838584, 518.8761822662822, 3373342, 27.218226047052504, 184083, 0, 0.0, 30, 
2019-12-08 11:16:37.708,470275768, 518.8761822662822, 3373798, 27.218226047052504, 184101, 0, 0.0, 30, 
2019-12-08 11:16:38.735,481810104, 518.8761822662822, 3374255, 27.218226047052504, 184127, 0, 0.0, 30, 
2019-12-08 11:16:39.768,491247288, 518.8761822662822, 3374726, 27.218226047052504, 184156, 0, 0.0, 30, 
2019-12-08 11:16:40.795,501733048, 518.8761822662822, 3375194, 27.218226047052504, 184189, 0, 0.0, 30, 
2019-12-08 11:16:41.82,512218808, 513.6889691365668, 3375678, 27.008884250827666, 184207, 0, 0.0, 30, 
2019-12-08 11:16:42.845,522704568, 513.6889691365668, 3376154, 27.008884250827666, 184229, 0, 0.0, 30, 
2019-12-08 11:16:43.87,534238904, 513.6889691365668, 3376704, 27.008884250827666, 184249, 0, 0.0, 30, 
2019-12-08 11:16:44.897,544724664, 513.6889691365668, 3377172, 27.008884250827666, 184270, 0, 0.0, 30, 
2019-12-08 11:16:45.922,556259000, 513.6889691365668, 3377677, 27.008884250827666, 184287, 0, 0.0, 30, 
2019-12-08 11:16:46.948,564647608, 510.9473745374956, 3378119, 26.35253810531261, 184309, 0, 0.0, 30, 
2019-12-08 11:16:47.976,576181944, 510.9473745374956, 3378619, 26.35253810531261, 184333, 0, 0.0, 30, 
2019-12-08 11:16:49.004,586667704, 510.9473745374956, 3379135, 26.35253810531261, 184347, 0, 0.0, 30, 
2019-12-08 11:16:50.031,599250616, 510.9473745374956, 3379650, 26.35253810531261, 184375, 0, 0.0, 30, 
2019-12-08 11:16:51.058,611833528, 510.9473745374956, 3380115, 26.35253810531261, 184395, 0, 0.0, 30, 
2019-12-08 11:16:52.086,621270712, 508.3930035052939, 3380610, 25.940563904957624, 184420, 0, 0.0, 30, 
2019-12-08 11:16:53.111,631756472, 508.3930035052939, 3381084, 25.940563904957624, 184445, 0, 0.0, 30, 
2019-12-08 11:16:54.144,642242232, 508.3930035052939, 3381558, 25.940563904957624, 184462, 0, 0.0, 30, 
2019-12-08 11:16:55.17,652727992, 508.3930035052939, 3382072, 25.940563904957624, 184483, 0, 0.0, 30, 
2019-12-08 11:16:56.199,664262328, 508.3930035052939, 3382580, 25.940563904957624, 184505, 0, 0.0, 30, 
2019-12-08 11:16:57.237,675796664, 506.18678875789294, 3383075, 25.60950269417204, 184531, 0, 0.0, 30, 
2019-12-08 11:16:58.266,686282424, 506.18678875789294, 3383591, 25.60950269417204, 184557, 0, 0.0, 30, 
2019-12-08 11:16:59.296,696768184, 506.18678875789294, 3384057, 25.60950269417204, 184582, 0, 0.0, 30, 
2019-12-08 11:17:00.329,706205368, 506.18678875789294, 3384512, 25.60950269417204, 184613, 0, 0.0, 30, 
2019-12-08 11:17:01.355,718788280, 506.18678875789294, 3385011, 25.60950269417204, 184635, 0, 0.0, 30, 
2019-12-08 11:17:02.383,728225464, 503.2454795288482, 3385464, 25.56076954947451, 184657, 0, 0.0, 30, 
2019-12-08 11:17:03.408,737662648, 503.2454795288482, 3385936, 25.56076954947451, 184680, 0, 0.0, 30, 
2019-12-08 11:17:04.435,748148408, 503.2454795288482, 3386400, 25.56076954947451, 184712, 0, 0.0, 30, 
2019-12-08 11:17:05.464,758634168, 503.2454795288482, 3386870, 25.56076954947451, 184743, 0, 0.0, 30, 
2019-12-08 11:17:06.49,769119928, 499.3240195033336, 3387339, 25.643861828481306, 184769, 0, 0.0, 30, 
2019-12-08 11:17:07.518,780654264, 499.3240195033336, 3387791, 25.643861828481306, 184802, 0, 0.0, 30, 
2019-12-08 11:17:08.545,790091448, 499.3240195033336, 3388265, 25.643861828481306, 184825, 0, 0.0, 30, 
2019-12-08 11:17:09.575,800577208, 499.3240195033336, 3388724, 25.643861828481306, 184851, 0, 0.0, 30, 
2019-12-08 11:17:10.606,811062968, 499.3240195033336, 3389195, 25.643861828481306, 184878, 0, 0.0, 30, 
2019-12-08 11:17:11.641,826791600, 495.4282620023323, 3389666, 25.704319298606197, 184907, 0, 0.0, 30, 
2019-12-08 11:17:12.687,837277360, 495.4282620023323, 3390160, 25.704319298606197, 184935, 0, 0.0, 30, 
2019-12-08 11:17:13.714,847763120, 495.4282620023323, 3390640, 25.704319298606197, 184957, 0, 0.0, 30, 
2019-12-08 11:17:14.742,217547128, 495.4282620023323, 3391148, 25.704319298606197, 184996, 0, 0.0, 30, 
2019-12-08 11:17:15.767,230130040, 495.4282620023323, 3391658, 25.704319298606197, 185015, 0, 0.0, 30, 
2019-12-08 11:17:16.796,240615800, 493.93882840949755, 3392125, 25.66399615387241, 185036, 0, 0.0, 30, 
2019-12-08 11:17:17.824,251101560, 493.93882840949755, 3392651, 25.66399615387241, 185066, 0, 0.0, 30, 
2019-12-08 11:17:18.85,262635896, 493.93882840949755, 3393148, 25.66399615387241, 185105, 0, 0.0, 30, 
2019-12-08 11:17:19.879,272073080, 493.93882840949755, 3393625, 25.66399615387241, 185123, 0, 0.0, 30, 
2019-12-08 11:17:20.903,283607416, 493.93882840949755, 3394120, 25.66399615387241, 185141, 0, 0.0, 30, 
2019-12-08 11:17:21.931,294093176, 492.9202879270795, 3394600, 25.65887930392807, 185169, 0, 0.0, 30, 
2019-12-08 11:17:22.957,304578936, 492.9202879270795, 3395030, 25.65887930392807, 185194, 0, 0.0, 30, 
2019-12-08 11:17:23.987,314016120, 492.9202879270795, 3395496, 25.65887930392807, 185221, 0, 0.0, 30, 
2019-12-08 11:17:25.015,324501880, 492.9202879270795, 3395995, 25.65887930392807, 185253, 0, 0.0, 30, 
2019-12-08 11:17:26.045,336036216, 492.9202879270795, 3396459, 25.65887930392807, 185283, 0, 0.0, 30, 
2019-12-08 11:17:27.071,346521976, 490.1282158645574, 3396969, 25.750118277161096, 185307, 0, 0.0, 30, 
2019-12-08 11:17:28.098,357007736, 490.1282158645574, 3397467, 25.750118277161096, 185328, 0, 0.0, 30, 
2019-12-08 11:17:29.125,368542072, 490.1282158645574, 3397974, 25.750118277161096, 185348, 0, 0.0, 30, 
2019-12-08 11:17:30.152,379027832, 490.1282158645574, 3398459, 25.750118277161096, 185362, 0, 0.0, 30, 
2019-12-08 11:17:31.18,390562168, 490.1282158645574, 3398981, 25.750118277161096, 185395, 0, 0.0, 30, 
2019-12-08 11:17:32.21,401047928, 490.61368891935103, 3399469, 25.530230960472085, 185421, 0, 0.0, 30, 
2019-12-08 11:17:33.237,413630840, 490.61368891935103, 3399947, 25.530230960472085, 185449, 0, 0.0, 30, 
2019-12-08 11:17:34.264,423068024, 490.61368891935103, 3400456, 25.530230960472085, 185476, 0, 0.0, 30, 
2019-12-08 11:17:35.289,435650936, 490.61368891935103, 3400950, 25.530230960472085, 185505, 0, 0.0, 30, 
2019-12-08 11:17:36.317,444039544, 490.61368891935103, 3401419, 25.530230960472085, 185522, 0, 0.0, 30, 
2019-12-08 11:17:37.346,455573880, 489.0134827063777, 3401902, 25.439862682423477, 185551, 0, 0.0, 30, 
2019-12-08 11:17:38.372,465011064, 489.0134827063777, 3402387, 25.439862682423477, 185579, 0, 0.0, 30, 
2019-12-08 11:17:39.399,476545400, 489.0134827063777, 3402865, 25.439862682423477, 185609, 0, 0.0, 30, 
2019-12-08 11:17:40.425,487031160, 489.0134827063777, 3403325, 25.439862682423477, 185638, 0, 0.0, 30, 
2019-12-08 11:17:41.452,497516920, 486.86959500076273, 3403803, 25.75649777979857, 185672, 0, 0.0, 30, 
2019-12-08 11:17:42.48,509051256, 486.86959500076273, 3404276, 25.75649777979857, 185697, 0, 0.0, 30, 
2019-12-08 11:17:43.508,518488440, 486.86959500076273, 3404772, 25.75649777979857, 185722, 0, 0.0, 30, 
2019-12-08 11:17:44.531,528974200, 486.86959500076273, 3405239, 25.75649777979857, 185744, 0, 0.0, 30, 
2019-12-08 11:17:45.561,539459960, 486.86959500076273, 3405708, 25.75649777979857, 185764, 0, 0.0, 30, 
2019-12-08 11:17:46.592,550994296, 485.5687500087329, 3406228, 25.664029322834885, 185802, 0, 0.0, 30, 
2019-12-08 11:17:47.617,561480056, 485.5687500087329, 3406728, 25.664029322834885, 185825, 0, 0.0, 30, 
2019-12-08 11:17:48.646,573014392, 485.5687500087329, 3407232, 25.664029322834885, 185854, 0, 0.0, 30, 
2019-12-08 11:17:49.672,583500152, 485.5687500087329, 3407714, 25.664029322834885, 185880, 0, 0.0, 30, 
2019-12-08 11:17:50.703,595034488, 485.5687500087329, 3408205, 25.664029322834885, 185915, 0, 0.0, 30, 
2019-12-08 11:17:51.73,606568824, 485.25142627859475, 3408696, 25.94674992818117, 185951, 0, 0.0, 30, 
2019-12-08 11:17:52.757,617054584, 485.25142627859475, 3409164, 25.94674992818117, 185971, 0, 0.0, 30, 
2019-12-08 11:17:53.782,630686072, 485.25142627859475, 3409669, 25.94674992818117, 185998, 0, 0.0, 30, 
2019-12-08 11:17:54.813,641171832, 485.25142627859475, 3410137, 25.94674992818117, 186018, 0, 0.0, 30, 
2019-12-08 11:17:55.84,651657592, 485.25142627859475, 3410603, 25.94674992818117, 186038, 0, 0.0, 30, 
2019-12-08 11:17:56.869,661094776, 483.28040706026763, 3411048, 25.615194110287632, 186061, 0, 0.0, 30, 
2019-12-08 11:17:57.901,670531960, 483.28040706026763, 3411498, 25.615194110287632, 186087, 0, 0.0, 30, 
2019-12-08 11:17:58.929,682066296, 483.28040706026763, 3412009, 25.615194110287632, 186104, 0, 0.0, 30, 
2019-12-08 11:17:59.957,692552056, 483.28040706026763, 3412492, 25.615194110287632, 186129, 0, 0.0, 30, 
2019-12-08 11:18:00.984,704086392, 483.28040706026763, 3412962, 25.615194110287632, 186147, 0, 0.0, 30, 
2019-12-08 11:18:02.014,714572152, 481.85076864709794, 3413462, 25.246183563600283, 186164, 0, 0.0, 30, 
2019-12-08 11:18:03.045,726106488, 481.85076864709794, 3413972, 25.246183563600283, 186190, 0, 0.0, 30, 
2019-12-08 11:18:04.07,736592248, 481.85076864709794, 3414472, 25.246183563600283, 186216, 0, 0.0, 30, 
2019-12-08 11:18:05.097,748126584, 481.85076864709794, 3414947, 25.246183563600283, 186239, 0, 0.0, 30, 
2019-12-08 11:18:06.123,758612344, 481.85076864709794, 3415462, 25.246183563600283, 186258, 0, 0.0, 30, 
2019-12-08 11:18:07.149,770146680, 482.00662058094207, 3415951, 24.954650822403682, 186282, 0, 0.0, 30, 
2019-12-08 11:18:08.176,779583864, 482.00662058094207, 3416417, 24.954650822403682, 186311, 0, 0.0, 30, 
2019-12-08 11:18:09.206,790069624, 482.00662058094207, 3416886, 24.954650822403682, 186334, 0, 0.0, 30, 
2019-12-08 11:18:10.231,800555384, 482.00662058094207, 3417356, 24.954650822403682, 186368, 0, 0.0, 30, 
2019-12-08 11:18:11.257,811041144, 482.00662058094207, 3417803, 24.954650822403682, 186389, 0, 0.0, 30, 
2019-12-08 11:18:12.283,821526904, 480.2310772332884, 3418271, 25.02224121074102, 186417, 0, 0.0, 30, 
2019-12-08 11:18:13.314,832012664, 480.2310772332884, 3418773, 25.02224121074102, 186440, 0, 0.0, 30, 
2019-12-08 11:18:14.344,842498424, 480.2310772332884, 3419290, 25.02224121074102, 186461, 0, 0.0, 30, 
2019-12-08 11:18:15.44,852984184, 480.2310772332884, 3419756, 25.02224121074102, 186483, 0, 0.0, 30, 
2019-12-08 11:18:16.469,224087528, 479.5889477519437, 3420280, 24.988480667568595, 186517, 0, 0.0, 30, 
2019-12-08 11:18:17.496,233524712, 479.5889477519437, 3420748, 24.988480667568595, 186534, 0, 0.0, 30, 
2019-12-08 11:18:18.534,244010472, 479.5889477519437, 3421218, 24.988480667568595, 186556, 0, 0.0, 30, 
2019-12-08 11:18:19.559,254496232, 479.5889477519437, 3421675, 24.988480667568595, 186582, 0, 0.0, 30, 
2019-12-08 11:18:20.585,264981992, 479.5889477519437, 3422151, 24.988480667568595, 186610, 0, 0.0, 30, 
2019-12-08 11:18:21.611,275467752, 477.8148174456777, 3422638, 24.781517180572468, 186635, 0, 0.0, 30, 
2019-12-08 11:18:22.638,288050664, 477.8148174456777, 3423133, 24.781517180572468, 186657, 0, 0.0, 30, 
2019-12-08 11:18:23.666,297487848, 477.8148174456777, 3423623, 24.781517180572468, 186695, 0, 0.0, 30, 
2019-12-08 11:18:24.692,309022184, 477.8148174456777, 3424139, 24.781517180572468, 186720, 0, 0.0, 30, 
2019-12-08 11:18:25.736,319507944, 477.8148174456777, 3424594, 24.781517180572468, 186749, 0, 0.0, 30, 
2019-12-08 11:18:26.762,331042280, 477.7656593569124, 3425099, 24.910923921812177, 186768, 0, 0.0, 30, 
2019-12-08 11:18:27.788,341528040, 477.7656593569124, 3425589, 24.910923921812177, 186790, 0, 0.0, 30, 
2019-12-08 11:18:28.814,352013800, 477.7656593569124, 3426064, 24.910923921812177, 186811, 0, 0.0, 30, 
2019-12-08 11:18:29.84,363548136, 477.7656593569124, 3426597, 24.910923921812177, 186839, 0, 0.0, 30, 
2019-12-08 11:18:30.867,374033896, 477.7656593569124, 3427063, 24.910923921812177, 186862, 0, 0.0, 30, 
2019-12-08 11:18:31.89,384519656, 477.8483606685032, 3427542, 24.71016152982245, 186886, 0, 0.0, 30, 
2019-12-08 11:18:32.914,395005416, 477.8483606685032, 3428006, 24.71016152982245, 186918, 0, 0.0, 30, 
2019-12-08 11:18:33.947,406539752, 477.8483606685032, 3428511, 24.71016152982245, 186938, 0, 0.0, 30, 
2019-12-08 11:18:34.973,417025512, 477.8483606685032, 3429005, 24.71016152982245, 186964, 0, 0.0, 30, 
2019-12-08 11:18:35.998,429608424, 477.8483606685032, 3429507, 24.71016152982245, 186992, 0, 0.0, 30, 
2019-12-08 11:18:37.024,440094184, 477.8604850800182, 3429988, 24.813291319739115, 187013, 0, 0.0, 30, 
2019-12-08 11:18:38.055,450579944, 477.8604850800182, 3430464, 24.813291319739115, 187048, 0, 0.0, 30, 
2019-12-08 11:18:39.08,462114280, 477.8604850800182, 3430931, 24.813291319739115, 187064, 0, 0.0, 30, 
2019-12-08 11:18:40.106,484134376, 477.8604850800182, 3431433, 24.813291319739115, 187084, 0, 0.0, 30, 
2019-12-08 11:18:41.14,494620136, 477.8604850800182, 3431924, 24.813291319739115, 187103, 0, 0.0, 30, 
2019-12-08 11:18:42.163,506154472, 477.24798651122205, 3432412, 24.540379614228723, 187123, 0, 0.0, 30, 
2019-12-08 11:18:43.194,517688808, 477.24798651122205, 3432898, 24.540379614228723, 187147, 0, 0.0, 30, 
2019-12-08 11:18:44.219,528174568, 477.24798651122205, 3433442, 24.540379614228723, 187169, 0, 0.0, 30, 
2019-12-08 11:18:45.251,538660328, 477.24798651122205, 3433920, 24.540379614228723, 187193, 0, 0.0, 30, 
2019-12-08 11:18:46.277,550194664, 477.24798651122205, 3434402, 24.540379614228723, 187217, 0, 0.0, 30, 
2019-12-08 11:18:47.301,560680424, 477.3880697752945, 3434883, 24.353253192183466, 187240, 0, 0.0, 30, 
2019-12-08 11:18:48.329,571166184, 477.3880697752945, 3435358, 24.353253192183466, 187266, 0, 0.0, 30, 
2019-12-08 11:18:49.354,582700520, 477.3880697752945, 3435817, 24.353253192183466, 187290, 0, 0.0, 30, 
2019-12-08 11:18:50.379,593186280, 477.3880697752945, 3436340, 24.353253192183466, 187319, 0, 0.0, 30, 
2019-12-08 11:18:51.405,604720616, 477.19713025850484, 3436826, 24.353253192183466, 187341, 0, 0.0, 30, 
2019-12-08 11:18:52.431,614157800, 477.19713025850484, 3437281, 24.356990860566647, 187354, 0, 0.0, 30, 
2019-12-08 11:18:53.456,623594984, 477.19713025850484, 3437766, 24.356990860566647, 187381, 0, 0.0, 30, 
2019-12-08 11:18:54.482,635129320, 477.19713025850484, 3438268, 24.356990860566647, 187411, 0, 0.0, 30, 
2019-12-08 11:18:55.507,646663656, 477.19713025850484, 3438738, 24.356990860566647, 187429, 0, 0.0, 30, 
2019-12-08 11:18:56.562,657149416, 476.9095196030315, 3439275, 24.136554042448434, 187453, 0, 0.0, 30, 
2019-12-08 11:18:57.588,670780904, 476.9095196030315, 3439755, 24.136554042448434, 187475, 0, 0.0, 30, 
2019-12-08 11:18:58.614,680218088, 476.9095196030315, 3440198, 24.136554042448434, 187503, 0, 0.0, 30, 
2019-12-08 11:18:59.639,689655272, 476.9095196030315, 3440662, 24.136554042448434, 187531, 0, 0.0, 30, 
2019-12-08 11:19:00.665,702238184, 476.9095196030315, 3441180, 24.136554042448434, 187558, 0, 0.0, 30, 
2019-12-08 11:19:01.689,712723944, 476.3730560356151, 3441687, 24.189600252346278, 187575, 0, 0.0, 30, 
2019-12-08 11:19:02.72,723209704, 476.3730560356151, 3442160, 24.189600252346278, 187601, 0, 0.0, 30, 
2019-12-08 11:19:03.747,734744040, 476.3730560356151, 3442654, 24.189600252346278, 187620, 0, 0.0, 30, 
2019-12-08 11:19:04.771,745229800, 476.3730560356151, 3443143, 24.189600252346278, 187639, 0, 0.0, 30, 
2019-12-08 11:19:05.795,755715560, 476.3730560356151, 3443627, 24.189600252346278, 187660, 0, 0.0, 30, 
2019-12-08 11:19:06.82,767249896, 476.1193524828735, 3444108, 23.918582779997337, 187686, 0, 0.0, 30, 
2019-12-08 11:19:07.845,777735656, 476.1193524828735, 3444611, 23.918582779997337, 187708, 0, 0.0, 30, 
2019-12-08 11:19:08.871,788221416, 476.1193524828735, 3445083, 23.918582779997337, 187738, 0, 0.0, 30, 
2019-12-08 11:19:09.895,798707176, 476.1193524828735, 3445547, 23.918582779997337, 187768, 0, 0.0, 30, 
2019-12-08 11:19:10.921,809192936, 476.1193524828735, 3446040, 23.918582779997337, 187788, 0, 0.0, 30, 
2019-12-08 11:19:11.947,820727272, 475.6780494242382, 3446513, 24.053021478074985, 187815, 0, 0.0, 30, 
2019-12-08 11:19:12.972,830164456, 475.6780494242382, 3446979, 24.053021478074985, 187839, 0, 0.0, 30, 
2019-12-08 11:19:14.001,840650216, 475.6780494242382, 3447467, 24.053021478074985, 187865, 0, 0.0, 30, 
2019-12-08 11:19:15.029,851135976, 475.6780494242382, 3447931, 24.053021478074985, 187887, 0, 0.0, 30, 
2019-12-08 11:19:16.059,212824632, 475.6780494242382, 3448365, 24.053021478074985, 187906, 0, 0.0, 30, 
2019-12-08 11:19:17.086,223310392, 474.5204485074977, 3448882, 23.87287982694279, 187927, 0, 0.0, 30, 
2019-12-08 11:19:18.124,236941880, 474.5204485074977, 3449358, 23.87287982694279, 187959, 0, 0.0, 30, 
2019-12-08 11:19:19.152,249524792, 474.5204485074977, 3449836, 23.87287982694279, 187995, 0, 0.0, 30, 
2019-12-08 11:19:20.179,258961976, 474.5204485074977, 3450332, 23.87287982694279, 188017, 0, 0.0, 30, 
2019-12-08 11:19:21.204,270496312, 474.5204485074977, 3450803, 23.87287982694279, 188048, 0, 0.0, 30, 
2019-12-08 11:19:22.239,279933496, 473.9671199960531, 3451287, 24.218857253348844, 188080, 0, 0.0, 30, 
2019-12-08 11:19:23.263,291467832, 473.9671199960531, 3451781, 24.218857253348844, 188103, 0, 0.0, 30, 
2019-12-08 11:19:24.296,300905016, 473.9671199960531, 3452265, 24.218857253348844, 188129, 0, 0.0, 30, 
2019-12-08 11:19:25.324,312439352, 473.9671199960531, 3452740, 24.218857253348844, 188152, 0, 0.0, 30, 
2019-12-08 11:19:26.366,322925112, 473.9671199960531, 3453220, 24.218857253348844, 188174, 0, 0.0, 30, 
2019-12-08 11:19:27.391,333410872, 473.2821309018278, 3453719, 24.201358393544716, 188204, 0, 0.0, 30, 
2019-12-08 11:19:28.415,344945208, 473.2821309018278, 3454197, 24.201358393544716, 188230, 0, 0.0, 30, 
2019-12-08 11:19:29.441,356479544, 473.2821309018278, 3454715, 24.201358393544716, 188260, 0, 0.0, 30, 
2019-12-08 11:19:30.475,365916728, 473.2821309018278, 3455179, 24.201358393544716, 188285, 0, 0.0, 30, 
2019-12-08 11:19:31.509,378499640, 473.6433597702003, 3455675, 24.377152070209174, 188310, 0, 0.0, 30, 
2019-12-08 11:19:32.533,388985400, 473.6433597702003, 3456171, 24.377152070209174, 188329, 0, 0.0, 30, 
2019-12-08 11:19:33.558,397374008, 473.6433597702003, 3456642, 24.377152070209174, 188360, 0, 0.0, 30, 
2019-12-08 11:19:34.582,409956920, 473.6433597702003, 3457120, 24.377152070209174, 188386, 0, 0.0, 30, 
2019-12-08 11:19:35.608,419394104, 473.6433597702003, 3457628, 24.377152070209174, 188404, 0, 0.0, 30, 
2019-12-08 11:19:36.632,430928440, 473.7678218509855, 3458109, 24.26704107029116, 188428, 0, 0.0, 30, 
2019-12-08 11:19:37.662,442462776, 473.7678218509855, 3458615, 24.26704107029116, 188460, 0, 0.0, 30, 
2019-12-08 11:19:38.686,452948536, 473.7678218509855, 3459121, 24.26704107029116, 188483, 0, 0.0, 30, 
2019-12-08 11:19:39.714,463434296, 473.7678218509855, 3459613, 24.26704107029116, 188503, 0, 0.0, 30, 
2019-12-08 11:19:40.737,478114360, 473.7678218509855, 3460125, 24.26704107029116, 188528, 0, 0.0, 30, 
2019-12-08 11:19:41.761,488600120, 474.96972845428627, 3460620, 24.261680762272153, 188551, 0, 0.0, 30, 
2019-12-08 11:19:42.786,498037304, 474.96972845428627, 3461067, 24.261680762272153, 188578, 0, 0.0, 30, 
2019-12-08 11:19:43.811,509571640, 474.96972845428627, 3461550, 24.261680762272153, 188603, 0, 0.0, 30, 
2019-12-08 11:19:44.836,519008824, 474.96972845428627, 3462036, 24.261680762272153, 188628, 0, 0.0, 30, 
2019-12-08 11:19:45.882,530543160, 474.96972845428627, 3462503, 24.261680762272153, 188659, 0, 0.0, 30, 
2019-12-08 11:19:46.912,542077496, 473.88475287240266, 3462996, 24.416660211559925, 188688, 0, 0.0, 30, 
2019-12-08 11:19:47.936,553611832, 473.88475287240266, 3463480, 24.416660211559925, 188710, 0, 0.0, 30, 
2019-12-08 11:19:48.965,563049016, 473.88475287240266, 3463986, 24.416660211559925, 188738, 0, 0.0, 30, 
2019-12-08 11:19:49.988,573534776, 473.88475287240266, 3464455, 24.416660211559925, 188770, 0, 0.0, 30, 
2019-12-08 11:19:51.019,586117688, 473.88475287240266, 3464954, 24.416660211559925, 188796, 0, 0.0, 30, 
2019-12-08 11:19:52.043,595554872, 474.1658165142123, 3465442, 24.55924818825947, 188833, 0, 0.0, 30, 
2019-12-08 11:19:53.07,607089208, 474.1658165142123, 3465912, 24.55924818825947, 188868, 0, 0.0, 30, 
2019-12-08 11:19:54.094,616526392, 474.1658165142123, 3466417, 24.55924818825947, 188898, 0, 0.0, 30, 
2019-12-08 11:19:55.121,629109304, 474.1658165142123, 3466919, 24.55924818825947, 188922, 0, 0.0, 30, 
2019-12-08 11:19:56.146,639595064, 474.1658165142123, 3467390, 24.55924818825947, 188944, 0, 0.0, 30, 
2019-12-08 11:19:57.176,650080824, 474.42440754801464, 3467875, 24.962284450075483, 188976, 0, 0.0, 30, 
2019-12-08 11:19:58.202,661615160, 474.42440754801464, 3468391, 24.962284450075483, 189001, 0, 0.0, 30, 
2019-12-08 11:19:59.227,672100920, 474.42440754801464, 3468876, 24.962284450075483, 189026, 0, 0.0, 30, 
2019-12-08 11:20:00.256,682586680, 474.42440754801464, 3469327, 24.962284450075483, 189060, 0, 0.0, 30, 
2019-12-08 11:20:01.28,696218168, 474.42440754801464, 3469814, 24.962284450075483, 189085, 0, 0.0, 30, 
2019-12-08 11:20:02.306,704606776, 474.10263368674293, 3470292, 25.109220072614495, 189104, 0, 0.0, 30, 
2019-12-08 11:20:03.334,717189688, 474.10263368674293, 3470782, 25.109220072614495, 189123, 0, 0.0, 30, 
2019-12-08 11:20:04.358,726626872, 474.10263368674293, 3471255, 25.109220072614495, 189147, 0, 0.0, 30, 
2019-12-08 11:20:05.383,737112632, 474.10263368674293, 3471732, 25.109220072614495, 189175, 0, 0.0, 30, 
2019-12-08 11:20:06.407,747598392, 473.3748272819046, 3472206, 24.972558381181294, 189204, 0, 0.0, 30, 
2019-12-08 11:20:07.436,759132728, 473.3748272819046, 3472717, 24.972558381181294, 189220, 0, 0.0, 30, 
2019-12-08 11:20:08.462,770667064, 473.3748272819046, 3473217, 24.972558381181294, 189248, 0, 0.0, 30, 
2019-12-08 11:20:09.493,780104248, 473.3748272819046, 3473688, 24.972558381181294, 189279, 0, 0.0, 30, 
2019-12-08 11:20:10.52,791638584, 473.3748272819046, 3474174, 24.972558381181294, 189306, 0, 0.0, 30, 
2019-12-08 11:20:11.548,802124344, 474.00049354720653, 3474662, 24.990743608951597, 189332, 0, 0.0, 30, 
2019-12-08 11:20:12.574,813658680, 474.00049354720653, 3475164, 24.990743608951597, 189364, 0, 0.0, 30, 
2019-12-08 11:20:13.599,839873080, 474.00049354720653, 3475623, 24.990743608951597, 189389, 0, 0.0, 30, 
2019-12-08 11:20:14.625,850358840, 474.00049354720653, 3476093, 24.990743608951597, 189416, 0, 0.0, 30, 
2019-12-08 11:20:15.656,220384256, 474.00049354720653, 3476552, 24.990743608951597, 189437, 0, 0.0, 30, 
2019-12-08 11:20:16.68,229821440, 472.76913807064227, 3477042, 25.02346594326456, 189464, 0, 0.0, 30, 
2019-12-08 11:20:17.707,240307200, 472.76913807064227, 3477513, 25.02346594326456, 189500, 0, 0.0, 30, 
2019-12-08 11:20:18.739,252890112, 472.76913807064227, 3478023, 25.02346594326456, 189523, 0, 0.0, 30, 
2019-12-08 11:20:19.765,264424448, 472.76913807064227, 3478559, 25.02346594326456, 189544, 0, 0.0, 30, 
2019-12-08 11:20:20.791,274910208, 472.76913807064227, 3479072, 25.02346594326456, 189581, 0, 0.0, 30, 
2019-12-08 11:20:21.818,287493120, 474.35472624460914, 3479545, 25.261456466146598, 189604, 0, 0.0, 30, 
2019-12-08 11:20:22.844,297978880, 474.35472624460914, 3480022, 25.261456466146598, 189626, 0, 0.0, 30, 
2019-12-08 11:20:23.869,307416064, 474.35472624460914, 3480502, 25.261456466146598, 189656, 0, 0.0, 30, 
2019-12-08 11:20:24.895,318950400, 474.35472624460914, 3481006, 25.261456466146598, 189689, 0, 0.0, 30, 
2019-12-08 11:20:25.922,329436160, 474.35472624460914, 3481476, 25.261456466146598, 189714, 0, 0.0, 30, 
2019-12-08 11:20:26.947,339921920, 473.7027103341838, 3481926, 25.352489380865844, 189743, 0, 0.0, 30, 
2019-12-08 11:20:27.974,350407680, 473.7027103341838, 3482397, 25.352489380865844, 189772, 0, 0.0, 30, 
2019-12-08 11:20:28.999,360893440, 473.7027103341838, 3482846, 25.352489380865844, 189797, 0, 0.0, 30, 
2019-12-08 11:20:30.029,371379200, 473.7027103341838, 3483328, 25.352489380865844, 189828, 0, 0.0, 30, 
2019-12-08 11:20:31.056,381864960, 473.7027103341838, 3483797, 25.352489380865844, 189845, 0, 0.0, 30, 
2019-12-08 11:20:32.081,393399296, 472.2872797667666, 3484321, 25.404261471452443, 189882, 0, 0.0, 30, 
2019-12-08 11:20:33.108,404933632, 472.2872797667666, 3484806, 25.404261471452443, 189909, 0, 0.0, 30, 
2019-12-08 11:20:34.133,415419392, 472.2872797667666, 3485294, 25.404261471452443, 189944, 0, 0.0, 30, 
2019-12-08 11:20:35.158,424856576, 472.2872797667666, 3485740, 25.404261471452443, 189963, 0, 0.0, 30, 
2019-12-08 11:20:36.182,435342336, 472.2872797667666, 3486192, 25.404261471452443, 189983, 0, 0.0, 30, 
2019-12-08 11:20:37.207,446876672, 471.7366032814032, 3486698, 25.41991186008206, 190000, 0, 0.0, 30, 
2019-12-08 11:20:38.233,457362432, 471.7366032814032, 3487188, 25.41991186008206, 190032, 0, 0.0, 30, 
2019-12-08 11:20:39.257,467848192, 471.7366032814032, 3487685, 25.41991186008206, 190060, 0, 0.0, 30, 
2019-12-08 11:20:40.283,480431104, 471.7366032814032, 3488169, 25.41991186008206, 190084, 0, 0.0, 30, 
2019-12-08 11:20:41.31,490916864, 471.7366032814032, 3488669, 25.41991186008206, 190112, 0, 0.0, 30, 
2019-12-08 11:20:42.336,502451200, 472.5252369397818, 3489125, 25.450302029801648, 190141, 0, 0.0, 30, 
2019-12-08 11:20:43.359,512936960, 472.5252369397818, 3489603, 25.450302029801648, 190166, 0, 0.0, 30, 
2019-12-08 11:20:44.383,523422720, 472.5252369397818, 3490090, 25.450302029801648, 190196, 0, 0.0, 30, 
2019-12-08 11:20:45.408,534957056, 472.5252369397818, 3490562, 25.450302029801648, 190217, 0, 0.0, 30, 
2019-12-08 11:20:46.434,545442816, 472.0035078005792, 3491052, 25.478262335711797, 190247, 0, 0.0, 30, 
2019-12-08 11:20:47.458,555928576, 472.0035078005792, 3491560, 25.478262335711797, 190279, 0, 0.0, 30, 
2019-12-08 11:20:48.486,568511488, 472.0035078005792, 3492042, 25.478262335711797, 190307, 0, 0.0, 30, 
2019-12-08 11:20:49.518,580045824, 472.0035078005792, 3492553, 25.478262335711797, 190344, 0, 0.0, 30, 
2019-12-08 11:20:50.544,590531584, 472.0035078005792, 3493060, 25.478262335711797, 190371, 0, 0.0, 30, 
2019-12-08 11:20:51.569,601017344, 472.97868547385275, 3493540, 25.727862698033647, 190390, 0, 0.0, 30, 
2019-12-08 11:20:52.591,611503104, 472.97868547385275, 3493993, 25.727862698033647, 190419, 0, 0.0, 30, 
2019-12-08 11:20:53.617,621988864, 472.97868547385275, 3494460, 25.727862698033647, 190449, 0, 0.0, 30, 
2019-12-08 11:20:54.643,633523200, 472.97868547385275, 3494953, 25.727862698033647, 190472, 0, 0.0, 30, 
2019-12-08 11:20:55.668,644008960, 472.97868547385275, 3495436, 25.727862698033647, 190502, 0, 0.0, 30, 
2019-12-08 11:20:56.7,654494720, 472.2288071867834, 3495903, 25.685657127017024, 190522, 0, 0.0, 30, 
2019-12-08 11:20:57.725,666029056, 472.2288071867834, 3496403, 25.685657127017024, 190547, 0, 0.0, 30, 
2019-12-08 11:20:58.749,677563392, 472.2288071867834, 3496898, 25.685657127017024, 190573, 0, 0.0, 30, 
2019-12-08 11:20:59.78,687000576, 472.2288071867834, 3497349, 25.685657127017024, 190603, 0, 0.0, 30, 
2019-12-08 11:21:00.805,697486336, 472.2288071867834, 3497835, 25.685657127017024, 190631, 0, 0.0, 30, 
2019-12-08 11:21:01.83,707972096, 471.8906904327444, 3498280, 25.66281724421107, 190649, 0, 0.0, 30, 
2019-12-08 11:21:02.854,718457856, 471.8906904327444, 3498766, 25.66281724421107, 190669, 0, 0.0, 30, 
2019-12-08 11:21:03.926,732089344, 471.8906904327444, 3499297, 25.66281724421107, 190694, 0, 0.0, 30, 
2019-12-08 11:21:04.951,742575104, 471.8906904327444, 3499779, 25.66281724421107, 190722, 0, 0.0, 30, 
2019-12-08 11:21:05.977,754109440, 471.8906904327444, 3500258, 25.66281724421107, 190742, 0, 0.0, 30, 
2019-12-08 11:21:07.002,764595200, 471.65956358706893, 3500738, 25.43391901564091, 190768, 0, 0.0, 30, 
2019-12-08 11:21:08.028,775080960, 471.65956358706893, 3501231, 25.43391901564091, 190788, 0, 0.0, 30, 
2019-12-08 11:21:09.053,785566720, 471.65956358706893, 3501713, 25.43391901564091, 190817, 0, 0.0, 30, 
2019-12-08 11:21:10.078,798149632, 471.65956358706893, 3502223, 25.43391901564091, 190837, 0, 0.0, 30, 
2019-12-08 11:21:11.105,809683968, 471.65956358706893, 3502734, 25.43391901564091, 190866, 0, 0.0, 30, 
2019-12-08 11:21:12.132,819121152, 472.4063836480824, 3503193, 25.3672425325936, 190896, 0, 0.0, 30, 
2019-12-08 11:21:13.16,830655488, 472.4063836480824, 3503656, 25.3672425325936, 190916, 0, 0.0, 30, 
2019-12-08 11:21:14.185,840092672, 472.4063836480824, 3504151, 25.3672425325936, 190943, 0, 0.0, 30, 
2019-12-08 11:21:15.212,851627008, 472.4063836480824, 3504629, 25.3672425325936, 190975, 0, 0.0, 30, 
2019-12-08 11:21:16.239,223799848, 472.4063836480824, 3505149, 25.3672425325936, 190997, 0, 0.0, 30, 
2019-12-08 11:21:17.264,235334184, 472.3259176543925, 3505648, 25.289906089704665, 191031, 0, 0.0, 30, 
2019-12-08 11:21:18.291,245819944, 472.3259176543925, 3506161, 25.289906089704665, 191055, 0, 0.0, 30, 
2019-12-08 11:21:19.316,257354280, 472.3259176543925, 3506612, 25.289906089704665, 191085, 0, 0.0, 30, 
2019-12-08 11:21:20.34,266791464, 472.3259176543925, 3507107, 25.289906089704665, 191108, 0, 0.0, 30, 
2019-12-08 11:21:21.366,279374376, 472.3259176543925, 3507635, 25.289906089704665, 191133, 0, 0.0, 30, 
2019-12-08 11:21:22.392,289860136, 473.37126356152, 3508147, 25.410646532267023, 191153, 0, 0.0, 30, 
2019-12-08 11:21:23.417,301394472, 473.37126356152, 3508649, 25.410646532267023, 191175, 0, 0.0, 30, 
2019-12-08 11:21:24.444,311880232, 473.37126356152, 3509158, 25.410646532267023, 191191, 0, 0.0, 30, 
2019-12-08 11:21:25.469,323414568, 473.37126356152, 3509670, 25.410646532267023, 191221, 0, 0.0, 30, 
2019-12-08 11:21:26.497,334948904, 474.9406906735454, 3510160, 25.15393740936128, 191247, 0, 0.0, 30, 
2019-12-08 11:21:27.522,345434664, 474.9406906735454, 3510654, 25.15393740936128, 191269, 0, 0.0, 30, 
2019-12-08 11:21:28.548,354871848, 474.9406906735454, 3511093, 25.15393740936128, 191294, 0, 0.0, 30, 
2019-12-08 11:21:29.573,367454760, 474.9406906735454, 3511598, 25.15393740936128, 191317, 0, 0.0, 30, 
2019-12-08 11:21:30.6,376891944, 474.9406906735454, 3512090, 25.15393740936128, 191345, 0, 0.0, 30, 
2019-12-08 11:21:31.626,388426280, 474.4497081561618, 3512556, 25.06167366831468, 191372, 0, 0.0, 30, 
2019-12-08 11:21:32.659,398912040, 474.4497081561618, 3513029, 25.06167366831468, 191397, 0, 0.0, 30, 
2019-12-08 11:21:33.689,410446376, 474.4497081561618, 3513511, 25.06167366831468, 191423, 0, 0.0, 30, 
2019-12-08 11:21:34.721,419883560, 474.4497081561618, 3514002, 25.06167366831468, 191443, 0, 0.0, 30, 
2019-12-08 11:21:35.75,431417896, 474.4497081561618, 3514470, 25.06167366831468, 191469, 0, 0.0, 30, 
2019-12-08 11:21:36.777,442952232, 473.6301867406573, 3514946, 25.008769162840217, 191495, 0, 0.0, 30, 
2019-12-08 11:21:37.802,452389416, 473.6301867406573, 3515438, 25.008769162840217, 191514, 0, 0.0, 30, 
2019-12-08 11:21:38.827,464972328, 473.6301867406573, 3515933, 25.008769162840217, 191540, 0, 0.0, 30, 
2019-12-08 11:21:39.853,475458088, 473.6301867406573, 3516413, 25.008769162840217, 191571, 0, 0.0, 30, 
2019-12-08 11:21:40.878,486992424, 473.6301867406573, 3516914, 25.008769162840217, 191596, 0, 0.0, 30, 
2019-12-08 11:21:41.903,497478184, 473.94759548362026, 3517397, 24.928112433921438, 191616, 0, 0.0, 30, 
2019-12-08 11:21:42.928,507963944, 473.94759548362026, 3517884, 24.928112433921438, 191641, 0, 0.0, 30, 
2019-12-08 11:21:43.959,519498280, 473.94759548362026, 3518389, 24.928112433921438, 191662, 0, 0.0, 30, 
2019-12-08 11:21:44.983,528935464, 473.94759548362026, 3518861, 24.928112433921438, 191693, 0, 0.0, 30, 
2019-12-08 11:21:46.009,540469800, 473.94759548362026, 3519344, 24.928112433921438, 191720, 0, 0.0, 30, 
2019-12-08 11:21:47.037,555149864, 473.8398476978845, 3519834, 24.885886895125715, 191754, 0, 0.0, 30, 
2019-12-08 11:21:48.062,565635624, 473.8398476978845, 3520309, 24.885886895125715, 191783, 0, 0.0, 30, 
2019-12-08 11:21:49.087,575072808, 473.8398476978845, 3520802, 24.885886895125715, 191803, 0, 0.0, 30, 
2019-12-08 11:21:50.113,586607144, 473.8398476978845, 3521246, 24.885886895125715, 191829, 0, 0.0, 30, 
2019-12-08 11:21:51.137,597092904, 473.8398476978845, 3521739, 24.885886895125715, 191862, 0, 0.0, 30, 
2019-12-08 11:21:52.165,607578664, 473.2449903201315, 3522227, 25.086904280114027, 191887, 0, 0.0, 30, 
2019-12-08 11:21:53.19,619113000, 473.2449903201315, 3522709, 25.086904280114027, 191912, 0, 0.0, 30, 
2019-12-08 11:21:54.215,628550184, 473.2449903201315, 3523204, 25.086904280114027, 191940, 0, 0.0, 30, 
2019-12-08 11:21:55.24,639035944, 473.2449903201315, 3523700, 25.086904280114027, 191963, 0, 0.0, 30, 
2019-12-08 11:21:56.265,650570280, 473.2449903201315, 3524183, 25.086904280114027, 191984, 0, 0.0, 30, 
2019-12-08 11:21:57.292,661056040, 473.6411710196027, 3524646, 25.000000212155616, 192005, 0, 0.0, 30, 
2019-12-08 11:21:58.322,672590376, 473.6411710196027, 3525155, 25.000000212155616, 192031, 0, 0.0, 30, 
2019-12-08 11:21:59.348,683076136, 473.6411710196027, 3525637, 25.000000212155616, 192059, 0, 0.0, 30, 
2019-12-08 11:22:00.375,694610472, 473.6411710196027, 3526123, 25.000000212155616, 192077, 0, 0.0, 30, 
2019-12-08 11:22:01.4,705096232, 473.6411710196027, 3526577, 25.000000212155616, 192107, 0, 0.0, 30, 
2019-12-08 11:22:02.429,715581992, 472.9502611324423, 3527044, 24.936035726896048, 192141, 0, 0.0, 30, 
2019-12-08 11:22:03.482,726067752, 472.9502611324423, 3527565, 24.936035726896048, 192162, 0, 0.0, 30, 
2019-12-08 11:22:04.509,735504936, 472.9502611324423, 3528020, 24.936035726896048, 192178, 0, 0.0, 30, 
2019-12-08 11:22:05.547,747039272, 472.9502611324423, 3528532, 24.936035726896048, 192212, 0, 0.0, 30, 
2019-12-08 11:22:06.576,758573608, 473.1141492034549, 3529027, 24.941150027794883, 192235, 0, 0.0, 30, 
2019-12-08 11:22:07.602,768010792, 473.1141492034549, 3529486, 24.941150027794883, 192260, 0, 0.0, 30, 
2019-12-08 11:22:08.628,778496552, 473.1141492034549, 3529963, 24.941150027794883, 192288, 0, 0.0, 30, 
2019-12-08 11:22:09.655,790030888, 473.1141492034549, 3530459, 24.941150027794883, 192314, 0, 0.0, 30, 
2019-12-08 11:22:10.684,800516648, 473.1141492034549, 3530907, 24.941150027794883, 192341, 0, 0.0, 30, 
2019-12-08 11:22:11.707,809953832, 471.1860882881768, 3531338, 25.009819880068132, 192372, 0, 0.0, 30, 
2019-12-08 11:22:12.732,821488168, 471.1860882881768, 3531827, 25.009819880068132, 192388, 0, 0.0, 30, 
2019-12-08 11:22:13.759,826731048, 471.1860882881768, 3532061, 25.009819880068132, 192395, 0, 0.0, 30, 
2019-12-08 11:22:14.802,827779624, 471.1860882881768, 3532061, 25.009819880068132, 192395, 0, 0.0, 30, 
2019-12-08 11:22:15.832,828828200, 471.1860882881768, 3532061, 25.009819880068132, 192395, 0, 0.0, 30, 
