Timestamp, MemoryUsed, ReadLatency1, ReadCount, WriteLatency1, WriteCount, PendingTasks, WaitingOnCommit1, SRDelay, 
2019-12-08 11:13:55.059,364279720, 27.81858355164251, 3236170, 6.337479231676508, 177113, 0, 0.0, 30, 
2019-12-08 11:13:56.13,372406896, 35.10904707869839, 3236493, 6.166575828490148, 177125, 0, 0.0, 30, 
2019-12-08 11:13:57.178,386179592, 35.10904707869839, 3237087, 6.166575828490148, 177153, 0, 0.0, 30, 
2019-12-08 11:13:58.225,398688160, 35.10904707869839, 3237777, 6.166575828490148, 177195, 0, 0.0, 30, 
2019-12-08 11:13:59.263,413948232, 35.10904707869839, 3238452, 6.166575828490148, 177225, 0, 0.0, 30, 
2019-12-08 11:14:00.308,141255552, 35.10904707869839, 3239169, 6.166575828490148, 177254, 0, 0.0, 30, 
2019-12-08 11:14:01.359,152943184, 80.72298516819623, 3239664, 7.960253389991906, 177278, 0, 0.0, 30, 
2019-12-08 11:14:02.404,164884840, 80.72298516819623, 3240151, 7.960253389991906, 177297, 0, 0.0, 30, 
2019-12-08 11:14:03.453,174669240, 80.72298516819623, 3240637, 7.960253389991906, 177319, 0, 0.0, 30, 
2019-12-08 11:14:04.496,187002232, 80.72298516819623, 3241168, 7.960253389991906, 177337, 0, 0.0, 30, 
2019-12-08 11:14:05.54,197553392, 80.72298516819623, 3241661, 7.960253389991906, 177357, 0, 0.0, 30, 
2019-12-08 11:14:06.584,209210120, 112.45551920923984, 3242156, 8.954880612057995, 177388, 0, 0.0, 30, 
2019-12-08 11:14:07.63,220795312, 112.45551920923984, 3242661, 8.954880612057995, 177415, 0, 0.0, 30, 
2019-12-08 11:14:08.665,233001016, 112.45551920923984, 3243137, 8.954880612057995, 177434, 0, 0.0, 30, 
2019-12-08 11:14:09.702,242908240, 112.45551920923984, 3243635, 8.954880612057995, 177453, 0, 0.0, 30, 
2019-12-08 11:14:10.758,253526288, 112.45551920923984, 3244120, 8.954880612057995, 177478, 0, 0.0, 30, 
2019-12-08 11:14:11.809,266254416, 141.2990553401059, 3244634, 10.077866354321937, 177506, 0, 0.0, 30, 
2019-12-08 11:14:12.854,276573784, 141.2990553401059, 3245094, 10.077866354321937, 177527, 0, 0.0, 30, 
2019-12-08 11:14:13.902,287360696, 141.2990553401059, 3245568, 10.077866354321937, 177550, 0, 0.0, 30, 
2019-12-08 11:14:14.978,299922504, 141.2990553401059, 3246049, 10.077866354321937, 177579, 0, 0.0, 30, 
2019-12-08 11:14:16.021,309897056, 166.17331347975824, 3246514, 11.30295651908987, 177609, 0, 0.0, 30, 
2019-12-08 11:14:17.07,322756976, 166.17331347975824, 3247013, 11.30295651908987, 177632, 0, 0.0, 30, 
2019-12-08 11:14:18.104,333488200, 166.17331347975824, 3247507, 11.30295651908987, 177661, 0, 0.0, 30, 
2019-12-08 11:14:19.148,344497056, 166.17331347975824, 3247966, 11.30295651908987, 177686, 0, 0.0, 30, 
2019-12-08 11:14:20.179,354948128, 166.17331347975824, 3248463, 11.30295651908987, 177715, 0, 0.0, 30, 
2019-12-08 11:14:21.205,366416152, 190.22608729560523, 3248927, 12.414102765527785, 177741, 0, 0.0, 30, 
2019-12-08 11:14:22.244,377120784, 190.22608729560523, 3249417, 12.414102765527785, 177764, 0, 0.0, 30, 
2019-12-08 11:14:23.276,388811680, 190.22608729560523, 3249911, 12.414102765527785, 177787, 0, 0.0, 30, 
2019-12-08 11:14:24.308,400496224, 190.22608729560523, 3250416, 12.414102765527785, 177807, 0, 0.0, 30, 
2019-12-08 11:14:25.525,412283616, 190.22608729560523, 3250970, 12.414102765527785, 177842, 0, 0.0, 30, 
2019-12-08 11:14:26.567,141254736, 212.61156537440388, 3251459, 13.308477726806245, 177859, 0, 0.0, 30, 
2019-12-08 11:14:27.603,152166920, 212.61156537440388, 3251929, 13.308477726806245, 177883, 0, 0.0, 30, 
2019-12-08 11:14:28.666,162296248, 212.61156537440388, 3252411, 13.308477726806245, 177909, 0, 0.0, 30, 
2019-12-08 11:14:29.718,172654984, 212.61156537440388, 3252896, 13.308477726806245, 177925, 0, 0.0, 30, 
2019-12-08 11:14:30.757,186219744, 212.61156537440388, 3253458, 13.308477726806245, 177958, 0, 0.0, 30, 
2019-12-08 11:14:31.782,199118280, 234.13468423990955, 3254070, 14.067377946218267, 177991, 0, 0.0, 30, 
2019-12-08 11:14:32.807,212930000, 234.13468423990955, 3254682, 14.067377946218267, 178028, 0, 0.0, 30, 
2019-12-08 11:14:33.83,226968112, 234.13468423990955, 3255281, 14.067377946218267, 178060, 0, 0.0, 30, 
2019-12-08 11:14:34.856,242712432, 234.13468423990955, 3256016, 14.067377946218267, 178103, 0, 0.0, 30, 
2019-12-08 11:14:35.88,259474800, 234.13468423990955, 3256880, 14.067377946218267, 178144, 0, 0.0, 30, 
2019-12-08 11:14:36.906,277551376, 269.51225756772885, 3257812, 15.837004698316335, 178189, 0, 0.0, 30, 
2019-12-08 11:14:37.931,294333624, 269.51225756772885, 3258688, 15.837004698316335, 178225, 0, 0.0, 30, 
2019-12-08 11:14:38.955,311969952, 269.51225756772885, 3259560, 15.837004698316335, 178258, 0, 0.0, 30, 
2019-12-08 11:14:39.98,330394520, 269.51225756772885, 3260493, 15.837004698316335, 178302, 0, 0.0, 30, 
2019-12-08 11:14:41.004,349478920, 318.3401534925982, 3261404, 17.705006663674823, 178348, 0, 0.0, 30, 
2019-12-08 11:14:42.028,367040648, 318.3401534925982, 3262327, 17.705006663674823, 178391, 0, 0.0, 30, 
2019-12-08 11:14:43.056,383054872, 318.3401534925982, 3263168, 17.705006663674823, 178431, 0, 0.0, 30, 
2019-12-08 11:14:44.082,401311984, 318.3401534925982, 3264089, 17.705006663674823, 178482, 0, 0.0, 30, 
2019-12-08 11:14:45.109,420472104, 318.3401534925982, 3264990, 17.705006663674823, 178521, 0, 0.0, 30, 
2019-12-08 11:14:46.133,155605128, 362.9281729578192, 3265930, 19.61554484330912, 178558, 0, 0.0, 30, 
2019-12-08 11:14:47.158,173611256, 362.9281729578192, 3266898, 19.61554484330912, 178623, 0, 0.0, 30, 
2019-12-08 11:14:48.185,192899168, 362.9281729578192, 3267800, 19.61554484330912, 178667, 0, 0.0, 30, 
2019-12-08 11:14:49.208,210917576, 362.9281729578192, 3268731, 19.61554484330912, 178710, 0, 0.0, 30, 
2019-12-08 11:14:50.235,229345520, 362.9281729578192, 3269664, 19.61554484330912, 178768, 0, 0.0, 30, 
2019-12-08 11:14:51.261,248157168, 408.2047683678994, 3270699, 22.076933975679687, 178818, 0, 0.0, 30, 
2019-12-08 11:14:52.283,267690248, 408.2047683678994, 3271669, 22.076933975679687, 178870, 0, 0.0, 30, 
2019-12-08 11:14:53.307,286581456, 408.2047683678994, 3272618, 22.076933975679687, 178916, 0, 0.0, 30, 
2019-12-08 11:14:54.336,304746024, 408.2047683678994, 3273640, 22.076933975679687, 178948, 0, 0.0, 30, 
2019-12-08 11:14:55.364,324846464, 408.2047683678994, 3274673, 22.076933975679687, 179008, 0, 0.0, 30, 
2019-12-08 11:14:56.386,345308504, 453.251363908092, 3275657, 24.21359236255346, 179065, 0, 0.0, 30, 
2019-12-08 11:14:57.41,365155688, 453.251363908092, 3276638, 24.21359236255346, 179127, 0, 0.0, 30, 
2019-12-08 11:14:58.434,386028976, 453.251363908092, 3277737, 24.21359236255346, 179185, 0, 0.0, 30, 
2019-12-08 11:14:59.459,406343328, 453.251363908092, 3278795, 24.21359236255346, 179244, 0, 0.0, 30, 
2019-12-08 11:15:00.481,142581336, 453.251363908092, 3279854, 24.21359236255346, 179293, 0, 0.0, 30, 
2019-12-08 11:15:01.508,162308328, 499.1577541965961, 3280967, 26.627164255443365, 179345, 0, 0.0, 30, 
2019-12-08 11:15:02.533,185719200, 499.1577541965961, 3282104, 26.627164255443365, 179405, 0, 0.0, 30, 
2019-12-08 11:15:03.556,205545032, 499.1577541965961, 3283197, 26.627164255443365, 179464, 0, 0.0, 30, 
2019-12-08 11:15:04.579,226631184, 499.1577541965961, 3284308, 26.627164255443365, 179530, 0, 0.0, 30, 
2019-12-08 11:15:05.602,249378768, 499.1577541965961, 3285482, 26.627164255443365, 179593, 0, 0.0, 30, 
2019-12-08 11:15:06.625,270693456, 547.150474324017, 3286559, 29.167579936285755, 179642, 0, 0.0, 30, 
2019-12-08 11:15:07.648,293338352, 547.150474324017, 3287755, 29.167579936285755, 179693, 0, 0.0, 30, 
2019-12-08 11:15:08.67,314964096, 547.150474324017, 3288969, 29.167579936285755, 179768, 0, 0.0, 30, 
2019-12-08 11:15:09.694,338156224, 547.150474324017, 3290143, 29.167579936285755, 179843, 0, 0.0, 30, 
2019-12-08 11:15:10.715,361849096, 547.150474324017, 3291429, 29.167579936285755, 179918, 0, 0.0, 30, 
2019-12-08 11:15:11.735,386660408, 597.5744263131799, 3292769, 31.968617589431467, 180004, 0, 0.0, 30, 
2019-12-08 11:15:12.76,410545392, 597.5744263131799, 3294047, 31.968617589431467, 180072, 0, 0.0, 30, 
2019-12-08 11:15:13.787,151261424, 597.5744263131799, 3295381, 31.968617589431467, 180142, 0, 0.0, 30, 
2019-12-08 11:15:14.81,174707328, 597.5744263131799, 3296632, 31.968617589431467, 180210, 0, 0.0, 30, 
2019-12-08 11:15:15.839,190828632, 597.5744263131799, 3297419, 31.968617589431467, 180257, 0, 0.0, 30, 
2019-12-08 11:15:16.874,201521256, 641.0243361627054, 3297884, 34.62565222274528, 180282, 0, 0.0, 30, 
2019-12-08 11:15:17.917,212742184, 641.0243361627054, 3298344, 34.62565222274528, 180305, 0, 0.0, 30, 
