Timestamp, MemoryUsed, ReadLatency1, ReadCount, WriteLatency1, WriteCount, PendingTasks, WaitingOnCommit1, SRDelay, 
2019-12-08 11:13:54.848,363607688, 27.81858355164251, 3236124, 6.337479231676508, 177112, 0, 0.0, 30, 
2019-12-08 11:13:55.896,370270632, 27.81858355164251, 3236419, 6.337479231676508, 177121, 0, 0.0, 30, 
2019-12-08 11:13:56.934,382049880, 35.10904707869839, 3236957, 6.166575828490148, 177149, 0, 0.0, 30, 
2019-12-08 11:13:57.974,395942880, 35.10904707869839, 3237625, 6.166575828490148, 177188, 0, 0.0, 30, 
2019-12-08 11:13:59.014,409408984, 35.10904707869839, 3238295, 6.166575828490148, 177219, 0, 0.0, 30, 
2019-12-08 11:14:00.053,140052040, 35.10904707869839, 3238984, 6.166575828490148, 177246, 0, 0.0, 30, 
2019-12-08 11:14:01.144,151211072, 80.72298516819623, 3239571, 7.960253389991906, 177271, 0, 0.0, 30, 
2019-12-08 11:14:02.19,162405384, 80.72298516819623, 3240051, 7.960253389991906, 177294, 0, 0.0, 30, 
2019-12-08 11:14:03.223,172651040, 80.72298516819623, 3240515, 7.960253389991906, 177316, 0, 0.0, 30, 
2019-12-08 11:14:04.264,185258312, 80.72298516819623, 3241053, 7.960253389991906, 177333, 0, 0.0, 30, 
2019-12-08 11:14:05.3,195265320, 80.72298516819623, 3241548, 7.960253389991906, 177350, 0, 0.0, 30, 
2019-12-08 11:14:06.34,207155160, 112.45551920923984, 3242046, 8.954880612057995, 177379, 0, 0.0, 30, 
2019-12-08 11:14:07.369,217278304, 112.45551920923984, 3242525, 8.954880612057995, 177405, 0, 0.0, 30, 
2019-12-08 11:14:08.407,228642552, 112.45551920923984, 3243012, 8.954880612057995, 177430, 0, 0.0, 30, 
2019-12-08 11:14:09.445,240574400, 112.45551920923984, 3243511, 8.954880612057995, 177448, 0, 0.0, 30, 
2019-12-08 11:14:10.478,250786472, 112.45551920923984, 3243988, 8.954880612057995, 177472, 0, 0.0, 30, 
2019-12-08 11:14:11.509,261975600, 141.2990553401059, 3244477, 10.077866354321937, 177494, 0, 0.0, 30, 
2019-12-08 11:14:12.541,273138120, 141.2990553401059, 3244950, 10.077866354321937, 177524, 0, 0.0, 30, 
2019-12-08 11:14:13.574,284098832, 141.2990553401059, 3245427, 10.077866354321937, 177541, 0, 0.0, 30, 
2019-12-08 11:14:14.612,295282056, 141.2990553401059, 3245905, 10.077866354321937, 177569, 0, 0.0, 30, 
2019-12-08 11:14:15.65,307660040, 141.2990553401059, 3246345, 10.077866354321937, 177598, 0, 0.0, 30, 
2019-12-08 11:14:16.702,318386560, 166.17331347975824, 3246838, 11.30295651908987, 177625, 0, 0.0, 30, 
2019-12-08 11:14:17.739,329189880, 166.17331347975824, 3247322, 11.30295651908987, 177652, 0, 0.0, 30, 
2019-12-08 11:14:18.766,339692472, 166.17331347975824, 3247810, 11.30295651908987, 177679, 0, 0.0, 30, 
2019-12-08 11:14:19.797,351476784, 166.17331347975824, 3248271, 11.30295651908987, 177705, 0, 0.0, 30, 
2019-12-08 11:14:20.829,361431704, 166.17331347975824, 3248759, 11.30295651908987, 177732, 0, 0.0, 30, 
2019-12-08 11:14:21.86,372057672, 190.22608729560523, 3249227, 12.414102765527785, 177753, 0, 0.0, 30, 
2019-12-08 11:14:22.885,384850184, 190.22608729560523, 3249737, 12.414102765527785, 177776, 0, 0.0, 30, 
2019-12-08 11:14:23.917,395783136, 190.22608729560523, 3250223, 12.414102765527785, 177800, 0, 0.0, 30, 
2019-12-08 11:14:24.954,406572696, 190.22608729560523, 3250705, 12.414102765527785, 177823, 0, 0.0, 30, 
2019-12-08 11:14:25.991,418091600, 212.61156537440388, 3251185, 13.308477726806245, 177852, 0, 0.0, 30, 
2019-12-08 11:14:27.035,146770576, 212.61156537440388, 3251662, 13.308477726806245, 177874, 0, 0.0, 30, 
2019-12-08 11:14:28.085,156179056, 212.61156537440388, 3252153, 13.308477726806245, 177893, 0, 0.0, 30, 
2019-12-08 11:14:29.117,167256928, 212.61156537440388, 3252620, 13.308477726806245, 177915, 0, 0.0, 30, 
2019-12-08 11:14:30.147,178175144, 212.61156537440388, 3253111, 13.308477726806245, 177938, 0, 0.0, 30, 
2019-12-08 11:14:31.173,192617512, 234.13468423990955, 3253706, 14.067377946218267, 177969, 0, 0.0, 30, 
2019-12-08 11:14:32.206,205271720, 234.13468423990955, 3254327, 14.067377946218267, 178006, 0, 0.0, 30, 
2019-12-08 11:14:33.238,218837952, 234.13468423990955, 3254927, 14.067377946218267, 178040, 0, 0.0, 30, 
2019-12-08 11:14:34.262,232804768, 234.13468423990955, 3255579, 14.067377946218267, 178073, 0, 0.0, 30, 
2019-12-08 11:14:35.292,249955800, 234.13468423990955, 3256393, 14.067377946218267, 178118, 0, 0.0, 30, 
2019-12-08 11:14:36.318,267646584, 269.51225756772885, 3257291, 15.837004698316335, 178166, 0, 0.0, 30, 
2019-12-08 11:14:37.344,285712824, 269.51225756772885, 3258191, 15.837004698316335, 178206, 0, 0.0, 30, 
2019-12-08 11:14:38.374,302863336, 269.51225756772885, 3259089, 15.837004698316335, 178241, 0, 0.0, 30, 
2019-12-08 11:14:39.397,319570896, 269.51225756772885, 3259967, 15.837004698316335, 178276, 0, 0.0, 30, 
2019-12-08 11:14:40.422,337737648, 269.51225756772885, 3260888, 15.837004698316335, 178318, 0, 0.0, 30, 
2019-12-08 11:14:41.451,356644848, 318.3401534925982, 3261799, 17.705006663674823, 178370, 0, 0.0, 30, 
2019-12-08 11:14:42.486,373597496, 318.3401534925982, 3262684, 17.705006663674823, 178406, 0, 0.0, 30, 
2019-12-08 11:14:43.514,392516800, 318.3401534925982, 3263597, 17.705006663674823, 178454, 0, 0.0, 30, 
2019-12-08 11:14:44.552,409098056, 318.3401534925982, 3264469, 17.705006663674823, 178496, 0, 0.0, 30, 
2019-12-08 11:14:45.585,143133344, 318.3401534925982, 3265399, 17.705006663674823, 178539, 0, 0.0, 30, 
2019-12-08 11:14:46.608,162776944, 362.9281729578192, 3266379, 19.61554484330912, 178583, 0, 0.0, 30, 
2019-12-08 11:14:47.636,182667048, 362.9281729578192, 3267322, 19.61554484330912, 178638, 0, 0.0, 30, 
2019-12-08 11:14:48.666,201511136, 362.9281729578192, 3268236, 19.61554484330912, 178684, 0, 0.0, 30, 
2019-12-08 11:14:49.698,218346216, 362.9281729578192, 3269151, 19.61554484330912, 178731, 0, 0.0, 30, 
2019-12-08 11:14:50.725,238215336, 362.9281729578192, 3270158, 19.61554484330912, 178791, 0, 0.0, 30, 
2019-12-08 11:14:51.757,257950032, 408.2047683678994, 3271163, 22.076933975679687, 178841, 0, 0.0, 30, 
2019-12-08 11:14:52.781,277109728, 408.2047683678994, 3272131, 22.076933975679687, 178890, 0, 0.0, 30, 
2019-12-08 11:14:53.81,296030224, 408.2047683678994, 3273123, 22.076933975679687, 178927, 0, 0.0, 30, 
2019-12-08 11:14:54.835,315970392, 408.2047683678994, 3274127, 22.076933975679687, 178977, 0, 0.0, 30, 
2019-12-08 11:14:55.87,335400608, 408.2047683678994, 3275173, 22.076933975679687, 179042, 0, 0.0, 30, 
2019-12-08 11:14:56.896,354949240, 453.251363908092, 3276157, 24.21359236255346, 179099, 0, 0.0, 30, 
2019-12-08 11:14:57.924,374374336, 453.251363908092, 3277178, 24.21359236255346, 179158, 0, 0.0, 30, 
2019-12-08 11:14:58.951,396923864, 453.251363908092, 3278254, 24.21359236255346, 179216, 0, 0.0, 30, 
2019-12-08 11:14:59.977,416343400, 453.251363908092, 3279355, 24.21359236255346, 179273, 0, 0.0, 30, 
2019-12-08 11:15:01.007,153774800, 499.1577541965961, 3280437, 26.627164255443365, 179323, 0, 0.0, 30, 
2019-12-08 11:15:02.033,174765840, 499.1577541965961, 3281530, 26.627164255443365, 179375, 0, 0.0, 30, 
2019-12-08 11:15:03.062,195912816, 499.1577541965961, 3282693, 26.627164255443365, 179436, 0, 0.0, 30, 
2019-12-08 11:15:04.088,217117376, 499.1577541965961, 3283783, 26.627164255443365, 179497, 0, 0.0, 30, 
2019-12-08 11:15:05.115,237091632, 499.1577541965961, 3284927, 26.627164255443365, 179562, 0, 0.0, 30, 
2019-12-08 11:15:06.142,260518752, 547.150474324017, 3286064, 29.167579936285755, 179619, 0, 0.0, 30, 
2019-12-08 11:15:07.171,281421632, 547.150474324017, 3287201, 29.167579936285755, 179666, 0, 0.0, 30, 
2019-12-08 11:15:08.197,305592392, 547.150474324017, 3288370, 29.167579936285755, 179732, 0, 0.0, 30, 
2019-12-08 11:15:09.218,326857992, 547.150474324017, 3289565, 29.167579936285755, 179808, 0, 0.0, 30, 
2019-12-08 11:15:10.243,350474872, 547.150474324017, 3290852, 29.167579936285755, 179883, 0, 0.0, 30, 
2019-12-08 11:15:11.274,375371392, 597.5744263131799, 3292159, 31.968617589431467, 179959, 0, 0.0, 30, 
2019-12-08 11:15:12.302,399846152, 597.5744263131799, 3293474, 31.968617589431467, 180043, 0, 0.0, 30, 
2019-12-08 11:15:13.326,422957240, 597.5744263131799, 3294809, 31.968617589431467, 180110, 0, 0.0, 30, 
2019-12-08 11:15:14.349,163605608, 597.5744263131799, 3296033, 31.968617589431467, 180187, 0, 0.0, 30, 
2019-12-08 11:15:15.372,186505400, 597.5744263131799, 3297213, 31.968617589431467, 180248, 0, 0.0, 30, 
2019-12-08 11:15:16.397,196789616, 641.0243361627054, 3297671, 34.62565222274528, 180272, 0, 0.0, 30, 
2019-12-08 11:15:17.426,207296904, 641.0243361627054, 3298130, 34.62565222274528, 180295, 0, 0.0, 30, 
2019-12-08 11:15:18.459,219046848, 641.0243361627054, 3298618, 34.62565222274528, 180315, 0, 0.0, 30, 
2019-12-08 11:15:19.488,229957432, 641.0243361627054, 3299115, 34.62565222274528, 180344, 0, 0.0, 30, 
2019-12-08 11:15:20.517,240019032, 641.0243361627054, 3299579, 34.62565222274528, 180361, 0, 0.0, 30, 
2019-12-08 11:15:21.543,249958584, 626.6943494521454, 3300078, 33.68012527688564, 180384, 0, 0.0, 30, 
2019-12-08 11:15:22.568,260226680, 626.6943494521454, 3300555, 33.68012527688564, 180408, 0, 0.0, 30, 
2019-12-08 11:15:23.594,271779776, 626.6943494521454, 3301039, 33.68012527688564, 180419, 0, 0.0, 30, 
2019-12-08 11:15:24.621,281426624, 626.6943494521454, 3301498, 33.68012527688564, 180449, 0, 0.0, 30, 
2019-12-08 11:15:25.646,290984192, 626.6943494521454, 3301949, 33.68012527688564, 180471, 0, 0.0, 30, 
2019-12-08 11:15:26.677,301517088, 613.2702584612701, 3302409, 32.71425178902114, 180499, 0, 0.0, 30, 
2019-12-08 11:15:27.71,312695944, 613.2702584612701, 3302916, 32.71425178902114, 180533, 0, 0.0, 30, 
2019-12-08 11:15:28.737,323331176, 613.2702584612701, 3303426, 32.71425178902114, 180558, 0, 0.0, 30, 
2019-12-08 11:15:29.762,334297616, 613.2702584612701, 3303922, 32.71425178902114, 180577, 0, 0.0, 30, 
2019-12-08 11:15:30.788,343183912, 613.2702584612701, 3304427, 32.71425178902114, 180594, 0, 0.0, 30, 
2019-12-08 11:15:31.814,354712168, 602.9183881579065, 3304886, 31.985516452014213, 180620, 0, 0.0, 30, 
2019-12-08 11:15:32.841,366351344, 602.9183881579065, 3305385, 31.985516452014213, 180647, 0, 0.0, 30, 
2019-12-08 11:15:33.876,375775936, 602.9183881579065, 3305845, 31.985516452014213, 180669, 0, 0.0, 30, 
2019-12-08 11:15:34.907,385779096, 602.9183881579065, 3306315, 31.985516452014213, 180684, 0, 0.0, 30, 
2019-12-08 11:15:35.938,397643272, 602.9183881579065, 3306828, 31.985516452014213, 180707, 0, 0.0, 30, 
2019-12-08 11:15:36.966,408372600, 592.1628916896211, 3307324, 31.203109755939032, 180736, 0, 0.0, 30, 
2019-12-08 11:15:37.993,418807128, 592.1628916896211, 3307812, 31.203109755939032, 180758, 0, 0.0, 30, 
2019-12-08 11:15:39.018,143897136, 592.1628916896211, 3308308, 31.203109755939032, 180782, 0, 0.0, 30, 
2019-12-08 11:15:40.044,155231608, 592.1628916896211, 3308795, 31.203109755939032, 180800, 0, 0.0, 30, 
2019-12-08 11:15:41.081,179157984, 582.4112772910771, 3309251, 30.53123419646888, 180823, 0, 0.0, 30, 
2019-12-08 11:15:42.107,188925752, 582.4112772910771, 3309727, 30.53123419646888, 180853, 0, 0.0, 30, 
2019-12-08 11:15:43.134,199196872, 582.4112772910771, 3310191, 30.53123419646888, 180878, 0, 0.0, 30, 
2019-12-08 11:15:44.161,209782656, 582.4112772910771, 3310653, 30.53123419646888, 180900, 0, 0.0, 30, 
2019-12-08 11:15:45.187,219580464, 582.4112772910771, 3311097, 30.53123419646888, 180928, 0, 0.0, 30, 
2019-12-08 11:15:46.217,231288344, 572.1120962129245, 3311588, 30.200918947986853, 180960, 0, 0.0, 30, 
2019-12-08 11:15:47.242,241256576, 572.1120962129245, 3312069, 30.200918947986853, 180992, 0, 0.0, 30, 
2019-12-08 11:15:48.269,251405704, 572.1120962129245, 3312523, 30.200918947986853, 181016, 0, 0.0, 30, 
2019-12-08 11:15:49.301,261790904, 572.1120962129245, 3313020, 30.200918947986853, 181044, 0, 0.0, 30, 
2019-12-08 11:15:50.336,271829744, 572.1120962129245, 3313499, 30.200918947986853, 181073, 0, 0.0, 30, 
2019-12-08 11:15:51.362,282324456, 563.7237881477554, 3313991, 30.008952068073018, 181105, 0, 0.0, 30, 
2019-12-08 11:15:52.389,293064544, 563.7237881477554, 3314458, 30.008952068073018, 181148, 0, 0.0, 30, 
2019-12-08 11:15:53.418,304647528, 563.7237881477554, 3314955, 30.008952068073018, 181172, 0, 0.0, 30, 
2019-12-08 11:15:54.444,313636680, 563.7237881477554, 3315416, 30.008952068073018, 181197, 0, 0.0, 30, 
2019-12-08 11:15:55.476,325012584, 563.7237881477554, 3315884, 30.008952068073018, 181234, 0, 0.0, 30, 
2019-12-08 11:15:56.507,335148888, 555.3985097153892, 3316340, 29.99224518315583, 181257, 0, 0.0, 30, 
2019-12-08 11:15:57.535,344588472, 555.3985097153892, 3316790, 29.99224518315583, 181270, 0, 0.0, 30, 
2019-12-08 11:15:58.561,354884352, 555.3985097153892, 3317268, 29.99224518315583, 181296, 0, 0.0, 30, 
2019-12-08 11:15:59.589,365745600, 555.3985097153892, 3317720, 29.99224518315583, 181318, 0, 0.0, 30, 
2019-12-08 11:16:00.617,376882112, 555.3985097153892, 3318201, 29.99224518315583, 181342, 0, 0.0, 30, 
2019-12-08 11:16:01.652,386743064, 547.3231147495293, 3318705, 29.273264955739958, 181364, 0, 0.0, 30, 
2019-12-08 11:16:02.682,397183048, 547.3231147495293, 3319159, 29.273264955739958, 181395, 0, 0.0, 30, 
2019-12-08 11:16:03.708,407264584, 547.3231147495293, 3319630, 29.273264955739958, 181421, 0, 0.0, 30, 
2019-12-08 11:16:04.735,418500208, 547.3231147495293, 3320108, 29.273264955739958, 181447, 0, 0.0, 30, 
2019-12-08 11:16:05.763,144530720, 547.3231147495293, 3320565, 29.273264955739958, 181473, 0, 0.0, 30, 
2019-12-08 11:16:06.797,154433472, 539.87740159819, 3321031, 28.979566905982175, 181494, 0, 0.0, 30, 
2019-12-08 11:16:07.824,165033464, 539.87740159819, 3321520, 28.979566905982175, 181512, 0, 0.0, 30, 
2019-12-08 11:16:08.86,175509080, 539.87740159819, 3322023, 28.979566905982175, 181542, 0, 0.0, 30, 
2019-12-08 11:16:09.892,185884760, 539.87740159819, 3322491, 28.979566905982175, 181563, 0, 0.0, 30, 
2019-12-08 11:16:10.921,196925856, 539.87740159819, 3322993, 28.979566905982175, 181584, 0, 0.0, 30, 
2019-12-08 11:16:11.948,207993160, 534.6421176248558, 3323485, 28.40552043130643, 181607, 0, 0.0, 30, 
2019-12-08 11:16:13.055,219426496, 534.6421176248558, 3324019, 28.40552043130643, 181640, 0, 0.0, 30, 
2019-12-08 11:16:14.081,230901608, 534.6421176248558, 3324527, 28.40552043130643, 181664, 0, 0.0, 30, 
2019-12-08 11:16:15.107,240301776, 534.6421176248558, 3324987, 28.40552043130643, 181703, 0, 0.0, 30, 
2019-12-08 11:16:16.135,252061104, 530.3051573584153, 3325521, 28.325123456619153, 181725, 0, 0.0, 30, 
2019-12-08 11:16:17.165,262214888, 530.3051573584153, 3325997, 28.325123456619153, 181744, 0, 0.0, 30, 
2019-12-08 11:16:18.191,274204848, 530.3051573584153, 3326494, 28.325123456619153, 181767, 0, 0.0, 30, 
2019-12-08 11:16:19.216,283308240, 530.3051573584153, 3326936, 28.325123456619153, 181798, 0, 0.0, 30, 
2019-12-08 11:16:20.242,293420376, 530.3051573584153, 3327394, 28.325123456619153, 181833, 0, 0.0, 30, 
2019-12-08 11:16:21.269,304759728, 525.0996363911731, 3327890, 28.12322573251194, 181863, 0, 0.0, 30, 
2019-12-08 11:16:22.297,315599488, 525.0996363911731, 3328398, 28.12322573251194, 181887, 0, 0.0, 30, 
2019-12-08 11:16:23.323,326537480, 525.0996363911731, 3328867, 28.12322573251194, 181923, 0, 0.0, 30, 
2019-12-08 11:16:24.355,337369304, 525.0996363911731, 3329363, 28.12322573251194, 181941, 0, 0.0, 30, 
2019-12-08 11:16:25.386,348095864, 525.0996363911731, 3329855, 28.12322573251194, 181964, 0, 0.0, 30, 
2019-12-08 11:16:26.414,358541440, 521.5256507976605, 3330361, 27.937470859120726, 181995, 0, 0.0, 30, 
2019-12-08 11:16:27.439,368692968, 521.5256507976605, 3330818, 27.937470859120726, 182028, 0, 0.0, 30, 
2019-12-08 11:16:28.472,379250096, 521.5256507976605, 3331306, 27.937470859120726, 182051, 0, 0.0, 30, 
2019-12-08 11:16:29.498,389061592, 521.5256507976605, 3331763, 27.937470859120726, 182071, 0, 0.0, 30, 
2019-12-08 11:16:30.523,400061712, 521.5256507976605, 3332279, 27.937470859120726, 182088, 0, 0.0, 30, 
2019-12-08 11:16:31.548,410030384, 517.469851694825, 3332763, 27.702603657070426, 182123, 0, 0.0, 30, 
2019-12-08 11:16:32.578,422058640, 517.469851694825, 3333261, 27.702603657070426, 182148, 0, 0.0, 30, 
2019-12-08 11:16:33.605,148737168, 517.469851694825, 3333766, 27.702603657070426, 182174, 0, 0.0, 30, 
2019-12-08 11:16:34.631,158710096, 517.469851694825, 3334224, 27.702603657070426, 182198, 0, 0.0, 30, 
2019-12-08 11:16:35.66,167131288, 517.469851694825, 3334674, 27.702603657070426, 182226, 0, 0.0, 30, 
2019-12-08 11:16:36.692,177930712, 513.3065762224011, 3335177, 27.534488750866835, 182247, 0, 0.0, 30, 
2019-12-08 11:16:37.721,189273496, 513.3065762224011, 3335677, 27.534488750866835, 182281, 0, 0.0, 30, 
2019-12-08 11:16:38.752,201166936, 513.3065762224011, 3336139, 27.534488750866835, 182317, 0, 0.0, 30, 
2019-12-08 11:16:39.781,211893408, 513.3065762224011, 3336633, 27.534488750866835, 182344, 0, 0.0, 30, 
2019-12-08 11:16:40.807,222266408, 513.3065762224011, 3337102, 27.534488750866835, 182375, 0, 0.0, 30, 
2019-12-08 11:16:41.832,231701760, 509.95591138965807, 3337570, 27.65166456065859, 182392, 0, 0.0, 30, 
2019-12-08 11:16:42.857,242079592, 509.95591138965807, 3338029, 27.65166456065859, 182415, 0, 0.0, 30, 
2019-12-08 11:16:43.883,252896736, 509.95591138965807, 3338478, 27.65166456065859, 182439, 0, 0.0, 30, 
2019-12-08 11:16:44.909,263691056, 509.95591138965807, 3338999, 27.65166456065859, 182457, 0, 0.0, 30, 
2019-12-08 11:16:45.935,274365776, 509.95591138965807, 3339480, 27.65166456065859, 182488, 0, 0.0, 30, 
2019-12-08 11:16:46.962,285383712, 506.20152400788436, 3339967, 27.199782412392423, 182508, 0, 0.0, 30, 
2019-12-08 11:16:47.988,295673552, 506.20152400788436, 3340425, 27.199782412392423, 182530, 0, 0.0, 30, 
2019-12-08 11:16:49.017,305349040, 506.20152400788436, 3340916, 27.199782412392423, 182556, 0, 0.0, 30, 
2019-12-08 11:16:50.044,315439048, 506.20152400788436, 3341379, 27.199782412392423, 182578, 0, 0.0, 30, 
2019-12-08 11:16:51.071,325832840, 502.7473208669286, 3341854, 26.927950819476656, 182610, 0, 0.0, 30, 
2019-12-08 11:16:52.098,336766816, 502.7473208669286, 3342330, 26.927950819476656, 182631, 0, 0.0, 30, 
2019-12-08 11:16:53.131,347846568, 502.7473208669286, 3342825, 26.927950819476656, 182657, 0, 0.0, 30, 
2019-12-08 11:16:54.157,357027720, 502.7473208669286, 3343273, 26.927950819476656, 182687, 0, 0.0, 30, 
2019-12-08 11:16:55.183,366579776, 502.7473208669286, 3343729, 26.927950819476656, 182708, 0, 0.0, 30, 
2019-12-08 11:16:56.22,375646048, 498.75375358931626, 3344185, 26.805782617287793, 182741, 0, 0.0, 30, 
2019-12-08 11:16:57.25,386926632, 498.75375358931626, 3344673, 26.805782617287793, 182764, 0, 0.0, 30, 
2019-12-08 11:16:58.28,397417416, 498.75375358931626, 3345130, 26.805782617287793, 182787, 0, 0.0, 30, 
2019-12-08 11:16:59.308,407784600, 498.75375358931626, 3345603, 26.805782617287793, 182813, 0, 0.0, 30, 
2019-12-08 11:17:00.341,418621936, 498.75375358931626, 3346051, 26.805782617287793, 182838, 0, 0.0, 30, 
2019-12-08 11:17:01.369,144263840, 495.0475120869544, 3346514, 26.629417976922085, 182863, 0, 0.0, 30, 
2019-12-08 11:17:02.395,155980960, 495.0475120869544, 3347059, 26.629417976922085, 182887, 0, 0.0, 30, 
2019-12-08 11:17:03.42,166510368, 495.0475120869544, 3347518, 26.629417976922085, 182917, 0, 0.0, 30, 
2019-12-08 11:17:04.447,177583888, 495.0475120869544, 3348021, 26.629417976922085, 182933, 0, 0.0, 30, 
2019-12-08 11:17:05.477,188490704, 495.0475120869544, 3348517, 26.629417976922085, 182967, 0, 0.0, 30, 
2019-12-08 11:17:06.503,198298040, 493.7324416301507, 3348973, 26.45116355754137, 182993, 0, 0.0, 30, 
2019-12-08 11:17:07.53,208252848, 493.7324416301507, 3349465, 26.45116355754137, 183013, 0, 0.0, 30, 
2019-12-08 11:17:08.559,218698336, 493.7324416301507, 3349933, 26.45116355754137, 183041, 0, 0.0, 30, 
2019-12-08 11:17:09.588,229358432, 493.7324416301507, 3350427, 26.45116355754137, 183073, 0, 0.0, 30, 
2019-12-08 11:17:10.627,240300768, 493.7324416301507, 3350895, 26.45116355754137, 183102, 0, 0.0, 30, 
2019-12-08 11:17:11.66,250815072, 491.6270158453728, 3351407, 26.49504609657091, 183135, 0, 0.0, 30, 
2019-12-08 11:17:12.7,261237952, 491.6270158453728, 3351860, 26.49504609657091, 183153, 0, 0.0, 30, 
2019-12-08 11:17:13.726,271234320, 491.6270158453728, 3352341, 26.49504609657091, 183184, 0, 0.0, 30, 
2019-12-08 11:17:14.754,280737904, 491.6270158453728, 3352759, 26.49504609657091, 183213, 0, 0.0, 30, 
2019-12-08 11:17:15.78,289621384, 491.6270158453728, 3353202, 26.49504609657091, 183233, 0, 0.0, 30, 
2019-12-08 11:17:16.808,300940440, 487.7390143286268, 3353667, 26.343526576615165, 183256, 0, 0.0, 30, 
2019-12-08 11:17:17.836,311341936, 487.7390143286268, 3354148, 26.343526576615165, 183269, 0, 0.0, 30, 
2019-12-08 11:17:18.862,322588832, 487.7390143286268, 3354641, 26.343526576615165, 183296, 0, 0.0, 30, 
2019-12-08 11:17:19.891,332519768, 487.7390143286268, 3355119, 26.343526576615165, 183332, 0, 0.0, 30, 
2019-12-08 11:17:20.915,342342888, 487.7390143286268, 3355616, 26.343526576615165, 183354, 0, 0.0, 30, 
2019-12-08 11:17:21.944,353960336, 486.46460110774984, 3356084, 26.14015742027603, 183380, 0, 0.0, 30, 
2019-12-08 11:17:22.969,364540384, 486.46460110774984, 3356581, 26.14015742027603, 183413, 0, 0.0, 30, 
2019-12-08 11:17:24.001,374836928, 486.46460110774984, 3357038, 26.14015742027603, 183435, 0, 0.0, 30, 
2019-12-08 11:17:25.028,385745248, 486.46460110774984, 3357522, 26.14015742027603, 183458, 0, 0.0, 30, 
2019-12-08 11:17:26.057,396434888, 485.21212875658154, 3358038, 25.921066529730055, 183474, 0, 0.0, 30, 
2019-12-08 11:17:27.083,405978256, 485.21212875658154, 3358507, 25.921066529730055, 183490, 0, 0.0, 30, 
2019-12-08 11:17:28.109,416021360, 485.21212875658154, 3358977, 25.921066529730055, 183513, 0, 0.0, 30, 
2019-12-08 11:17:29.136,143801632, 485.21212875658154, 3359459, 25.921066529730055, 183537, 0, 0.0, 30, 
2019-12-08 11:17:30.163,154821616, 485.21212875658154, 3359971, 25.921066529730055, 183575, 0, 0.0, 30, 
2019-12-08 11:17:31.196,164971416, 483.64402952148396, 3360422, 25.767466530809475, 183598, 0, 0.0, 30, 
2019-12-08 11:17:32.224,175377880, 483.64402952148396, 3360907, 25.767466530809475, 183627, 0, 0.0, 30, 
2019-12-08 11:17:33.249,184708264, 483.64402952148396, 3361391, 25.767466530809475, 183654, 0, 0.0, 30, 
2019-12-08 11:17:34.277,195224480, 483.64402952148396, 3361877, 25.767466530809475, 183681, 0, 0.0, 30, 
2019-12-08 11:17:35.302,206230960, 483.64402952148396, 3362348, 25.767466530809475, 183700, 0, 0.0, 30, 
2019-12-08 11:17:36.33,217422960, 482.05738852498064, 3362820, 25.6581299438638, 183727, 0, 0.0, 30, 
2019-12-08 11:17:37.358,227765560, 482.05738852498064, 3363302, 25.6581299438638, 183754, 0, 0.0, 30, 
2019-12-08 11:17:38.384,238134664, 482.05738852498064, 3363779, 25.6581299438638, 183784, 0, 0.0, 30, 
2019-12-08 11:17:39.413,248138512, 482.05738852498064, 3364240, 25.6581299438638, 183821, 0, 0.0, 30, 
2019-12-08 11:17:40.437,258872816, 482.05738852498064, 3364720, 25.6581299438638, 183845, 0, 0.0, 30, 
2019-12-08 11:17:41.468,269359832, 480.7575195088673, 3365220, 25.82938441799009, 183862, 0, 0.0, 30, 
2019-12-08 11:17:42.492,281490016, 480.7575195088673, 3365730, 25.82938441799009, 183893, 0, 0.0, 30, 
2019-12-08 11:17:43.518,292876000, 480.7575195088673, 3366242, 25.82938441799009, 183917, 0, 0.0, 30, 
2019-12-08 11:17:44.543,302923680, 480.7575195088673, 3366702, 25.82938441799009, 183940, 0, 0.0, 30, 
2019-12-08 11:17:45.574,312074488, 480.7575195088673, 3367156, 25.82938441799009, 183961, 0, 0.0, 30, 
2019-12-08 11:17:46.604,321369624, 479.86541350525107, 3367607, 25.603159330611025, 183989, 0, 0.0, 30, 
2019-12-08 11:17:47.631,332791720, 479.86541350525107, 3368107, 25.603159330611025, 184012, 0, 0.0, 30, 
2019-12-08 11:17:48.658,343589576, 479.86541350525107, 3368559, 25.603159330611025, 184039, 0, 0.0, 30, 
2019-12-08 11:17:49.684,354728184, 479.86541350525107, 3369041, 25.603159330611025, 184064, 0, 0.0, 30, 
2019-12-08 11:17:50.718,364269424, 479.86541350525107, 3369525, 25.603159330611025, 184102, 0, 0.0, 30, 
2019-12-08 11:17:51.742,375246488, 478.48494726177194, 3370027, 25.730835661075723, 184122, 0, 0.0, 30, 
2019-12-08 11:17:52.769,386544744, 478.48494726177194, 3370517, 25.730835661075723, 184151, 0, 0.0, 30, 
2019-12-08 11:17:53.801,397378632, 478.48494726177194, 3371015, 25.730835661075723, 184170, 0, 0.0, 30, 
2019-12-08 11:17:54.825,406205888, 478.48494726177194, 3371494, 25.730835661075723, 184192, 0, 0.0, 30, 
2019-12-08 11:17:55.855,416264304, 478.48494726177194, 3371957, 25.730835661075723, 184219, 0, 0.0, 30, 
2019-12-08 11:17:56.883,145140856, 478.17432402932275, 3372461, 25.544472331391564, 184251, 0, 0.0, 30, 
2019-12-08 11:17:57.915,155426624, 478.17432402932275, 3372934, 25.544472331391564, 184271, 0, 0.0, 30, 
2019-12-08 11:17:58.942,166157896, 478.17432402932275, 3373427, 25.544472331391564, 184293, 0, 0.0, 30, 
2019-12-08 11:17:59.97,176187104, 478.17432402932275, 3373903, 25.544472331391564, 184326, 0, 0.0, 30, 
2019-12-08 11:18:00.997,187473792, 478.0004746787728, 3374395, 25.516929844491152, 184350, 0, 0.0, 30, 
2019-12-08 11:18:02.027,196957680, 478.0004746787728, 3374849, 25.516929844491152, 184379, 0, 0.0, 30, 
2019-12-08 11:18:03.057,206162288, 478.0004746787728, 3375301, 25.516929844491152, 184409, 0, 0.0, 30, 
2019-12-08 11:18:04.084,216450144, 478.0004746787728, 3375747, 25.516929844491152, 184428, 0, 0.0, 30, 
2019-12-08 11:18:05.109,227842120, 478.0004746787728, 3376223, 25.516929844491152, 184454, 0, 0.0, 30, 
2019-12-08 11:18:06.136,238296008, 475.0580711839127, 3376650, 25.49158953325342, 184479, 0, 0.0, 30, 
2019-12-08 11:18:07.162,249505672, 475.0580711839127, 3377133, 25.49158953325342, 184503, 0, 0.0, 30, 
2019-12-08 11:18:08.188,259935072, 475.0580711839127, 3377616, 25.49158953325342, 184526, 0, 0.0, 30, 
2019-12-08 11:18:09.218,269504864, 475.0580711839127, 3378107, 25.49158953325342, 184562, 0, 0.0, 30, 
2019-12-08 11:18:10.244,279397664, 475.0580711839127, 3378579, 25.49158953325342, 184588, 0, 0.0, 30, 
2019-12-08 11:18:11.269,289998240, 474.0779699268876, 3379062, 25.452284204360044, 184605, 0, 0.0, 30, 
2019-12-08 11:18:12.299,300582984, 474.0779699268876, 3379551, 25.452284204360044, 184625, 0, 0.0, 30, 
2019-12-08 11:18:13.327,311607888, 474.0779699268876, 3380014, 25.452284204360044, 184655, 0, 0.0, 30, 
2019-12-08 11:18:14.356,320935048, 474.0779699268876, 3380454, 25.452284204360044, 184673, 0, 0.0, 30, 
2019-12-08 11:18:15.453,331768736, 474.0779699268876, 3380948, 25.452284204360044, 184695, 0, 0.0, 30, 
2019-12-08 11:18:16.482,342190520, 473.25618882496104, 3381458, 25.208237034082767, 184729, 0, 0.0, 30, 
2019-12-08 11:18:17.51,354296248, 473.25618882496104, 3381954, 25.208237034082767, 184761, 0, 0.0, 30, 
2019-12-08 11:18:18.546,364700608, 473.25618882496104, 3382477, 25.208237034082767, 184791, 0, 0.0, 30, 
2019-12-08 11:18:19.57,375317248, 473.25618882496104, 3382956, 25.208237034082767, 184817, 0, 0.0, 30, 
2019-12-08 11:18:20.597,385356416, 473.25618882496104, 3383429, 25.208237034082767, 184849, 0, 0.0, 30, 
2019-12-08 11:18:21.624,395411864, 473.36363403408893, 3383901, 25.52740077868367, 184879, 0, 0.0, 30, 
2019-12-08 11:18:22.652,405712224, 473.36363403408893, 3384341, 25.52740077868367, 184904, 0, 0.0, 30, 
2019-12-08 11:18:23.678,415652408, 473.36363403408893, 3384800, 25.52740077868367, 184927, 0, 0.0, 30, 
2019-12-08 11:18:24.724,425746944, 473.36363403408893, 3385270, 25.52740077868367, 184958, 0, 0.0, 30, 
2019-12-08 11:18:25.748,152457416, 473.36363403408893, 3385734, 25.52740077868367, 184989, 0, 0.0, 30, 
2019-12-08 11:18:26.774,163709120, 471.35166094483986, 3386216, 25.693116662662828, 185024, 0, 0.0, 30, 
2019-12-08 11:18:27.8,174253056, 471.35166094483986, 3386690, 25.693116662662828, 185048, 0, 0.0, 30, 
2019-12-08 11:18:28.826,184880488, 471.35166094483986, 3387176, 25.693116662662828, 185064, 0, 0.0, 30, 
2019-12-08 11:18:29.852,195514472, 471.35166094483986, 3387655, 25.693116662662828, 185086, 0, 0.0, 30, 
2019-12-08 11:18:30.878,206778008, 471.35166094483986, 3388150, 25.693116662662828, 185114, 0, 0.0, 30, 
2019-12-08 11:18:31.902,216938848, 471.3235436881432, 3388612, 25.557742528798773, 185142, 0, 0.0, 30, 
2019-12-08 11:18:32.931,225354336, 471.3235436881432, 3389048, 25.557742528798773, 185160, 0, 0.0, 30, 
2019-12-08 11:18:33.959,236540600, 471.3235436881432, 3389552, 25.557742528798773, 185193, 0, 0.0, 30, 
2019-12-08 11:18:34.986,247259256, 471.3235436881432, 3390021, 25.557742528798773, 185222, 0, 0.0, 30, 
2019-12-08 11:18:36.01,257957664, 469.8105006752702, 3390479, 25.529139015496686, 185241, 0, 0.0, 30, 
2019-12-08 11:18:37.039,267313784, 469.8105006752702, 3390948, 25.529139015496686, 185256, 0, 0.0, 30, 
2019-12-08 11:18:38.066,278208632, 469.8105006752702, 3391432, 25.529139015496686, 185290, 0, 0.0, 30, 
2019-12-08 11:18:39.092,289067504, 469.8105006752702, 3391937, 25.529139015496686, 185309, 0, 0.0, 30, 
2019-12-08 11:18:40.126,298647616, 469.8105006752702, 3392400, 25.529139015496686, 185331, 0, 0.0, 30, 
2019-12-08 11:18:41.151,309835720, 469.665741033965, 3392886, 25.246964639658152, 185355, 0, 0.0, 30, 
2019-12-08 11:18:42.182,320926112, 469.665741033965, 3393372, 25.246964639658152, 185382, 0, 0.0, 30, 
2019-12-08 11:18:43.206,331598344, 469.665741033965, 3393854, 25.246964639658152, 185404, 0, 0.0, 30, 
2019-12-08 11:18:44.237,342447592, 469.665741033965, 3394336, 25.246964639658152, 185437, 0, 0.0, 30, 
2019-12-08 11:18:45.264,352328008, 469.665741033965, 3394819, 25.246964639658152, 185481, 0, 0.0, 30, 
2019-12-08 11:18:46.289,362368488, 469.6764757881856, 3395279, 25.59501413003354, 185505, 0, 0.0, 30, 
2019-12-08 11:18:47.314,373342760, 469.6764757881856, 3395791, 25.59501413003354, 185528, 0, 0.0, 30, 
2019-12-08 11:18:48.341,383379752, 469.6764757881856, 3396225, 25.59501413003354, 185549, 0, 0.0, 30, 
2019-12-08 11:18:49.365,394943584, 469.6764757881856, 3396723, 25.59501413003354, 185576, 0, 0.0, 30, 
2019-12-08 11:18:50.39,405291384, 469.6764757881856, 3397178, 25.59501413003354, 185606, 0, 0.0, 30, 
2019-12-08 11:18:51.417,416292808, 469.35053878029186, 3397676, 25.611403895259425, 185635, 0, 0.0, 30, 
2019-12-08 11:18:52.442,144410872, 469.35053878029186, 3398176, 25.611403895259425, 185660, 0, 0.0, 30, 
2019-12-08 11:18:53.468,152399376, 469.35053878029186, 3398671, 25.611403895259425, 185681, 0, 0.0, 30, 
2019-12-08 11:18:54.494,163608584, 469.35053878029186, 3399153, 25.611403895259425, 185708, 0, 0.0, 30, 
2019-12-08 11:18:55.526,173842208, 469.35053878029186, 3399654, 25.611403895259425, 185740, 0, 0.0, 30, 
2019-12-08 11:18:56.575,185066032, 469.978147046958, 3400161, 25.498554270619504, 185757, 0, 0.0, 30, 
2019-12-08 11:18:57.6,195716568, 469.978147046958, 3400584, 25.498554270619504, 185784, 0, 0.0, 30, 
2019-12-08 11:18:58.626,235809640, 469.978147046958, 3401039, 25.498554270619504, 185806, 0, 0.0, 30, 
2019-12-08 11:18:59.651,246515016, 469.978147046958, 3401541, 25.498554270619504, 185831, 0, 0.0, 30, 
2019-12-08 11:19:00.677,257429696, 469.978147046958, 3402018, 25.498554270619504, 185863, 0, 0.0, 30, 
2019-12-08 11:19:01.702,267712952, 469.2922762784227, 3402488, 25.394727603776527, 185886, 0, 0.0, 30, 
2019-12-08 11:19:02.732,276641144, 469.2922762784227, 3402944, 25.394727603776527, 185907, 0, 0.0, 30, 
2019-12-08 11:19:03.759,287582888, 469.2922762784227, 3403419, 25.394727603776527, 185930, 0, 0.0, 30, 
2019-12-08 11:19:04.783,297918880, 469.2922762784227, 3403892, 25.394727603776527, 185966, 0, 0.0, 30, 
2019-12-08 11:19:05.807,308473176, 469.2922762784227, 3404353, 25.394727603776527, 185988, 0, 0.0, 30, 
2019-12-08 11:19:06.833,319598792, 467.98961779156065, 3404847, 25.34717581008048, 186012, 0, 0.0, 30, 
2019-12-08 11:19:07.856,329621456, 467.98961779156065, 3405287, 25.34717581008048, 186041, 0, 0.0, 30, 
2019-12-08 11:19:08.883,340803856, 467.98961779156065, 3405793, 25.34717581008048, 186066, 0, 0.0, 30, 
2019-12-08 11:19:09.907,350008640, 467.98961779156065, 3406244, 25.34717581008048, 186100, 0, 0.0, 30, 
2019-12-08 11:19:10.933,360847704, 467.98961779156065, 3406676, 25.34717581008048, 186123, 0, 0.0, 30, 
2019-12-08 11:19:11.959,371806600, 466.711158541183, 3407168, 25.399372750329633, 186146, 0, 0.0, 30, 
2019-12-08 11:19:12.987,382650848, 466.711158541183, 3407694, 25.399372750329633, 186180, 0, 0.0, 30, 
2019-12-08 11:19:14.014,393801128, 466.711158541183, 3408208, 25.399372750329633, 186225, 0, 0.0, 30, 
2019-12-08 11:19:15.043,404789616, 466.711158541183, 3408704, 25.399372750329633, 186258, 0, 0.0, 30, 
2019-12-08 11:19:16.073,414796776, 468.5732314926276, 3409155, 25.943120882964802, 186285, 0, 0.0, 30, 
2019-12-08 11:19:17.108,425414376, 468.5732314926276, 3409674, 25.943120882964802, 186315, 0, 0.0, 30, 
2019-12-08 11:19:18.138,152470232, 468.5732314926276, 3410146, 25.943120882964802, 186344, 0, 0.0, 30, 
2019-12-08 11:19:19.165,163175768, 468.5732314926276, 3410656, 25.943120882964802, 186361, 0, 0.0, 30, 
2019-12-08 11:19:20.191,172970864, 468.5732314926276, 3411104, 25.943120882964802, 186387, 0, 0.0, 30, 
2019-12-08 11:19:21.225,184272808, 468.47942508185923, 3411606, 25.8037486323955, 186407, 0, 0.0, 30, 
2019-12-08 11:19:22.251,194695040, 468.47942508185923, 3412108, 25.8037486323955, 186422, 0, 0.0, 30, 
2019-12-08 11:19:23.276,205694520, 468.47942508185923, 3412573, 25.8037486323955, 186447, 0, 0.0, 30, 
2019-12-08 11:19:24.31,215298528, 468.47942508185923, 3413048, 25.8037486323955, 186474, 0, 0.0, 30, 
2019-12-08 11:19:25.336,226317504, 468.47942508185923, 3413527, 25.8037486323955, 186497, 0, 0.0, 30, 
2019-12-08 11:19:26.379,238339840, 468.824879178577, 3414035, 25.419662098518728, 186522, 0, 0.0, 30, 
2019-12-08 11:19:27.402,247734288, 468.824879178577, 3414495, 25.419662098518728, 186539, 0, 0.0, 30, 
2019-12-08 11:19:28.427,258976648, 468.824879178577, 3414979, 25.419662098518728, 186560, 0, 0.0, 30, 
2019-12-08 11:19:29.453,269003760, 468.824879178577, 3415452, 25.419662098518728, 186584, 0, 0.0, 30, 
2019-12-08 11:19:30.497,280290264, 468.824879178577, 3415937, 25.419662098518728, 186607, 0, 0.0, 30, 
2019-12-08 11:19:31.52,291208920, 468.31117420291804, 3416426, 25.09826766243934, 186624, 0, 0.0, 30, 
2019-12-08 11:19:32.545,299765712, 468.31117420291804, 3416881, 25.09826766243934, 186656, 0, 0.0, 30, 
2019-12-08 11:19:33.57,309610552, 468.31117420291804, 3417341, 25.09826766243934, 186684, 0, 0.0, 30, 
2019-12-08 11:19:34.595,321548120, 468.31117420291804, 3417846, 25.09826766243934, 186717, 0, 0.0, 30, 
2019-12-08 11:19:35.62,332279880, 468.31117420291804, 3418315, 25.09826766243934, 186737, 0, 0.0, 30, 
2019-12-08 11:19:36.649,342633352, 467.9824628629629, 3418807, 25.058428379817727, 186750, 0, 0.0, 30, 
2019-12-08 11:19:37.674,351759544, 467.9824628629629, 3419271, 25.058428379817727, 186777, 0, 0.0, 30, 
2019-12-08 11:19:38.697,362466712, 467.9824628629629, 3419740, 25.058428379817727, 186803, 0, 0.0, 30, 
2019-12-08 11:19:39.725,372874824, 467.9824628629629, 3420234, 25.058428379817727, 186827, 0, 0.0, 30, 
2019-12-08 11:19:40.748,383888792, 467.9824628629629, 3420696, 25.058428379817727, 186858, 0, 0.0, 30, 
2019-12-08 11:19:41.773,394843224, 467.8559361184274, 3421199, 25.005783353284734, 186884, 0, 0.0, 30, 
2019-12-08 11:19:42.797,404656080, 467.8559361184274, 3421691, 25.005783353284734, 186909, 0, 0.0, 30, 
2019-12-08 11:19:43.821,416424904, 467.8559361184274, 3422199, 25.005783353284734, 186934, 0, 0.0, 30, 
2019-12-08 11:19:44.87,427051192, 467.8559361184274, 3422654, 25.005783353284734, 186956, 0, 0.0, 30, 
2019-12-08 11:19:45.894,152562688, 467.8559361184274, 3423119, 25.005783353284734, 186984, 0, 0.0, 30, 
2019-12-08 11:19:46.924,163647160, 467.85146371333514, 3423601, 24.973338707739178, 187011, 0, 0.0, 30, 
2019-12-08 11:19:47.947,175316088, 467.85146371333514, 3424076, 24.973338707739178, 187039, 0, 0.0, 30, 
2019-12-08 11:19:48.976,185372464, 467.85146371333514, 3424571, 24.973338707739178, 187072, 0, 0.0, 30, 
2019-12-08 11:19:50.007,197015880, 467.85146371333514, 3425054, 24.973338707739178, 187098, 0, 0.0, 30, 
2019-12-08 11:19:51.03,206794072, 467.83135778493596, 3425505, 25.18335494893239, 187127, 0, 0.0, 30, 
2019-12-08 11:19:52.056,218779856, 467.83135778493596, 3426000, 25.18335494893239, 187155, 0, 0.0, 30, 
2019-12-08 11:19:53.082,228185624, 467.83135778493596, 3426502, 25.18335494893239, 187190, 0, 0.0, 30, 
2019-12-08 11:19:54.108,238406288, 467.83135778493596, 3426962, 25.18335494893239, 187216, 0, 0.0, 30, 
2019-12-08 11:19:55.133,247837808, 467.83135778493596, 3427446, 25.18335494893239, 187238, 0, 0.0, 30, 
2019-12-08 11:19:56.158,260447152, 468.64439752566636, 3427965, 25.47252592106846, 187272, 0, 0.0, 30, 
2019-12-08 11:19:57.188,271545152, 468.64439752566636, 3428461, 25.47252592106846, 187296, 0, 0.0, 30, 
2019-12-08 11:19:58.214,281276304, 468.64439752566636, 3428921, 25.47252592106846, 187325, 0, 0.0, 30, 
2019-12-08 11:19:59.242,292872128, 468.64439752566636, 3429429, 25.47252592106846, 187349, 0, 0.0, 30, 
2019-12-08 11:20:00.269,301966952, 468.64439752566636, 3429896, 25.47252592106846, 187369, 0, 0.0, 30, 
2019-12-08 11:20:01.293,312651680, 468.5449009930679, 3430339, 25.35478924907594, 187398, 0, 0.0, 30, 
2019-12-08 11:20:02.32,323535648, 468.5449009930679, 3430832, 25.35478924907594, 187420, 0, 0.0, 30, 
2019-12-08 11:20:03.344,334295352, 468.5449009930679, 3431294, 25.35478924907594, 187448, 0, 0.0, 30, 
2019-12-08 11:20:04.371,343811656, 468.5449009930679, 3431744, 25.35478924907594, 187472, 0, 0.0, 30, 
2019-12-08 11:20:05.394,353884984, 468.5449009930679, 3432234, 25.35478924907594, 187501, 0, 0.0, 30, 
2019-12-08 11:20:06.419,364722408, 467.49389273952755, 3432698, 25.4863330377242, 187533, 0, 0.0, 30, 
2019-12-08 11:20:07.448,374117608, 467.49389273952755, 3433173, 25.4863330377242, 187558, 0, 0.0, 30, 
2019-12-08 11:20:08.474,385454616, 467.49389273952755, 3433669, 25.4863330377242, 187587, 0, 0.0, 30, 
2019-12-08 11:20:09.505,396476464, 467.49389273952755, 3434133, 25.4863330377242, 187614, 0, 0.0, 30, 
2019-12-08 11:20:10.533,404844968, 467.49389273952755, 3434618, 25.4863330377242, 187641, 0, 0.0, 30, 
2019-12-08 11:20:11.561,417149952, 467.16656314909386, 3435067, 25.49542134623027, 187671, 0, 0.0, 30, 
2019-12-08 11:20:12.585,146156912, 467.16656314909386, 3435549, 25.49542134623027, 187689, 0, 0.0, 30, 
2019-12-08 11:20:13.612,155891520, 467.16656314909386, 3436041, 25.49542134623027, 187717, 0, 0.0, 30, 
2019-12-08 11:20:14.643,164497864, 467.16656314909386, 3436535, 25.49542134623027, 187742, 0, 0.0, 30, 
2019-12-08 11:20:15.667,175436968, 467.16656314909386, 3437015, 25.49542134623027, 187763, 0, 0.0, 30, 
2019-12-08 11:20:16.693,187349040, 467.42509448526715, 3437527, 25.295898471745947, 187782, 0, 0.0, 30, 
2019-12-08 11:20:17.72,197917104, 467.42509448526715, 3438017, 25.295898471745947, 187806, 0, 0.0, 30, 
2019-12-08 11:20:18.751,208282864, 467.42509448526715, 3438486, 25.295898471745947, 187829, 0, 0.0, 30, 
2019-12-08 11:20:19.777,218655472, 467.42509448526715, 3438926, 25.295898471745947, 187851, 0, 0.0, 30, 
2019-12-08 11:20:20.803,229677776, 467.42509448526715, 3439420, 25.295898471745947, 187880, 0, 0.0, 30, 
2019-12-08 11:20:21.831,239546736, 467.42308804100804, 3439897, 25.12831968255999, 187900, 0, 0.0, 30, 
2019-12-08 11:20:22.855,250298696, 467.42308804100804, 3440394, 25.12831968255999, 187921, 0, 0.0, 30, 
2019-12-08 11:20:23.881,259158176, 467.42308804100804, 3440855, 25.12831968255999, 187945, 0, 0.0, 30, 
2019-12-08 11:20:24.907,269875232, 467.42308804100804, 3441353, 25.12831968255999, 187969, 0, 0.0, 30, 
2019-12-08 11:20:25.934,280878728, 467.42308804100804, 3441829, 25.12831968255999, 187993, 0, 0.0, 30, 
2019-12-08 11:20:26.959,291909080, 467.6131354280638, 3442312, 24.894184168188435, 188024, 0, 0.0, 30, 
2019-12-08 11:20:27.985,302707768, 467.6131354280638, 3442816, 24.894184168188435, 188050, 0, 0.0, 30, 
2019-12-08 11:20:29.011,313254032, 467.6131354280638, 3443288, 24.894184168188435, 188075, 0, 0.0, 30, 
2019-12-08 11:20:30.042,322983272, 467.6131354280638, 3443763, 24.894184168188435, 188101, 0, 0.0, 30, 
2019-12-08 11:20:31.068,334059648, 468.31569432848585, 3444278, 24.998591437407224, 188129, 0, 0.0, 30, 
2019-12-08 11:20:32.093,345404120, 468.31569432848585, 3444753, 24.998591437407224, 188150, 0, 0.0, 30, 
2019-12-08 11:20:33.119,356434048, 468.31569432848585, 3445253, 24.998591437407224, 188177, 0, 0.0, 30, 
2019-12-08 11:20:34.145,367674232, 468.31569432848585, 3445750, 24.998591437407224, 188203, 0, 0.0, 30, 
2019-12-08 11:20:35.17,378358656, 468.31569432848585, 3446204, 24.998591437407224, 188228, 0, 0.0, 30, 
2019-12-08 11:20:36.195,388231912, 468.59428402806213, 3446700, 24.918748474483184, 188248, 0, 0.0, 30, 
2019-12-08 11:20:37.218,397601168, 468.59428402806213, 3447164, 24.918748474483184, 188278, 0, 0.0, 30, 
2019-12-08 11:20:38.244,408229184, 468.59428402806213, 3447626, 24.918748474483184, 188310, 0, 0.0, 30, 
2019-12-08 11:20:39.269,418394792, 468.59428402806213, 3448063, 24.918748474483184, 188329, 0, 0.0, 30, 
2019-12-08 11:20:40.298,146368048, 468.59428402806213, 3448558, 24.918748474483184, 188357, 0, 0.0, 30, 
2019-12-08 11:20:41.322,169674064, 467.5873006762738, 3449031, 24.925244987768146, 188373, 0, 0.0, 30, 
2019-12-08 11:20:42.346,180384112, 467.5873006762738, 3449514, 24.925244987768146, 188395, 0, 0.0, 30, 
2019-12-08 11:20:43.37,190114200, 467.5873006762738, 3450018, 24.925244987768146, 188420, 0, 0.0, 30, 
2019-12-08 11:20:44.394,200256688, 467.5873006762738, 3450469, 24.925244987768146, 188442, 0, 0.0, 30, 
2019-12-08 11:20:45.42,210955664, 467.5873006762738, 3450970, 24.925244987768146, 188466, 0, 0.0, 30, 
2019-12-08 11:20:46.445,222393728, 468.1000318045085, 3451450, 24.57941749289956, 188485, 0, 0.0, 30, 
2019-12-08 11:20:47.469,231971376, 468.1000318045085, 3451907, 24.57941749289956, 188507, 0, 0.0, 30, 
2019-12-08 11:20:48.504,242809904, 468.1000318045085, 3452393, 24.57941749289956, 188529, 0, 0.0, 30, 
2019-12-08 11:20:49.53,253524424, 468.1000318045085, 3452858, 24.57941749289956, 188548, 0, 0.0, 30, 
2019-12-08 11:20:50.556,262950704, 468.1000318045085, 3453323, 24.57941749289956, 188565, 0, 0.0, 30, 
2019-12-08 11:20:51.58,274038448, 467.0046377419821, 3453793, 24.245249720746326, 188587, 0, 0.0, 30, 
2019-12-08 11:20:52.603,284260288, 467.0046377419821, 3454269, 24.245249720746326, 188609, 0, 0.0, 30, 
2019-12-08 11:20:53.628,295554096, 467.0046377419821, 3454733, 24.245249720746326, 188636, 0, 0.0, 30, 
2019-12-08 11:20:54.655,306999112, 467.0046377419821, 3455196, 24.245249720746326, 188652, 0, 0.0, 30, 
2019-12-08 11:20:55.685,316719272, 467.0046377419821, 3455678, 24.245249720746326, 188674, 0, 0.0, 30, 
2019-12-08 11:20:56.712,325527464, 466.3166488944193, 3456142, 24.001764996724162, 188694, 0, 0.0, 30, 
2019-12-08 11:20:57.737,336491408, 466.3166488944193, 3456601, 24.001764996724162, 188714, 0, 0.0, 30, 
2019-12-08 11:20:58.766,346577424, 466.3166488944193, 3457052, 24.001764996724162, 188736, 0, 0.0, 30, 
2019-12-08 11:20:59.791,356870392, 466.3166488944193, 3457533, 24.001764996724162, 188757, 0, 0.0, 30, 
2019-12-08 11:21:00.817,368186856, 466.3166488944193, 3458041, 24.001764996724162, 188783, 0, 0.0, 30, 
2019-12-08 11:21:01.842,378282112, 466.0034909393746, 3458570, 23.793739353414146, 188808, 0, 0.0, 30, 
2019-12-08 11:21:02.868,389132224, 466.0034909393746, 3459042, 23.793739353414146, 188840, 0, 0.0, 30, 
2019-12-08 11:21:03.938,399799736, 466.0034909393746, 3459521, 23.793739353414146, 188880, 0, 0.0, 30, 
2019-12-08 11:21:04.963,410938904, 466.0034909393746, 3460037, 23.793739353414146, 188903, 0, 0.0, 30, 
2019-12-08 11:21:05.989,420716576, 467.05862554616635, 3460518, 24.114062268559422, 188928, 0, 0.0, 30, 
2019-12-08 11:21:07.013,147687368, 467.05862554616635, 3461008, 24.114062268559422, 188948, 0, 0.0, 30, 
2019-12-08 11:21:08.04,158577440, 467.05862554616635, 3461499, 24.114062268559422, 188979, 0, 0.0, 30, 
2019-12-08 11:21:09.065,169281752, 467.05862554616635, 3461978, 24.114062268559422, 189010, 0, 0.0, 30, 
2019-12-08 11:21:10.089,180800488, 467.05862554616635, 3462467, 24.114062268559422, 189025, 0, 0.0, 30, 
2019-12-08 11:21:11.117,190810000, 467.3737604477876, 3462935, 24.168906821404587, 189055, 0, 0.0, 30, 
2019-12-08 11:21:12.148,201597704, 467.3737604477876, 3463424, 24.168906821404587, 189091, 0, 0.0, 30, 
2019-12-08 11:21:13.171,212438840, 467.3737604477876, 3463899, 24.168906821404587, 189108, 0, 0.0, 30, 
2019-12-08 11:21:14.2,221869088, 467.3737604477876, 3464378, 24.168906821404587, 189130, 0, 0.0, 30, 
2019-12-08 11:21:15.224,232458600, 467.3737604477876, 3464854, 24.168906821404587, 189165, 0, 0.0, 30, 
2019-12-08 11:21:16.251,244695824, 467.42383179776704, 3465319, 24.33130406544157, 189189, 0, 0.0, 30, 
2019-12-08 11:21:17.277,255560248, 467.42383179776704, 3465815, 24.33130406544157, 189217, 0, 0.0, 30, 
2019-12-08 11:21:18.303,264644072, 467.42383179776704, 3466268, 24.33130406544157, 189243, 0, 0.0, 30, 
2019-12-08 11:21:19.327,274275432, 467.42383179776704, 3466739, 24.33130406544157, 189266, 0, 0.0, 30, 
2019-12-08 11:21:20.352,285950608, 467.42383179776704, 3467218, 24.33130406544157, 189288, 0, 0.0, 30, 
2019-12-08 11:21:21.378,294920392, 466.68633492701593, 3467671, 24.336796689101778, 189313, 0, 0.0, 30, 
2019-12-08 11:21:22.404,305279240, 466.68633492701593, 3468127, 24.336796689101778, 189340, 0, 0.0, 30, 
2019-12-08 11:21:23.429,315554872, 466.68633492701593, 3468599, 24.336796689101778, 189375, 0, 0.0, 30, 
2019-12-08 11:21:24.456,326193360, 466.68633492701593, 3469063, 24.336796689101778, 189409, 0, 0.0, 30, 
2019-12-08 11:21:25.481,336717536, 466.68633492701593, 3469542, 24.336796689101778, 189437, 0, 0.0, 30, 
2019-12-08 11:21:26.509,346363072, 465.7359560600144, 3470001, 24.693654722452987, 189461, 0, 0.0, 30, 
2019-12-08 11:21:27.534,356515928, 465.7359560600144, 3470500, 24.693654722452987, 189487, 0, 0.0, 30, 
2019-12-08 11:21:28.56,367294152, 465.7359560600144, 3470978, 24.693654722452987, 189513, 0, 0.0, 30, 
2019-12-08 11:21:29.585,377365304, 465.7359560600144, 3471455, 24.693654722452987, 189538, 0, 0.0, 30, 
2019-12-08 11:21:30.612,387850272, 465.7359560600144, 3471897, 24.693654722452987, 189557, 0, 0.0, 30, 
2019-12-08 11:21:31.639,398177816, 465.2293609843531, 3472371, 24.606210918925854, 189579, 0, 0.0, 30, 
2019-12-08 11:21:32.677,409403408, 465.2293609843531, 3472866, 24.606210918925854, 189607, 0, 0.0, 30, 
2019-12-08 11:21:33.708,420318184, 465.2293609843531, 3473336, 24.606210918925854, 189631, 0, 0.0, 30, 
2019-12-08 11:21:34.736,148927896, 465.2293609843531, 3473790, 24.606210918925854, 189658, 0, 0.0, 30, 
2019-12-08 11:21:35.764,157096880, 465.2293609843531, 3474243, 24.606210918925854, 189684, 0, 0.0, 30, 
2019-12-08 11:21:36.788,167567352, 464.50741314132597, 3474748, 24.589723204193312, 189704, 0, 0.0, 30, 
2019-12-08 11:21:37.815,179015824, 464.50741314132597, 3475240, 24.589723204193312, 189732, 0, 0.0, 30, 
2019-12-08 11:21:38.839,189875888, 464.50741314132597, 3475741, 24.589723204193312, 189753, 0, 0.0, 30, 
2019-12-08 11:21:39.865,200311840, 464.50741314132597, 3476217, 24.589723204193312, 189775, 0, 0.0, 30, 
2019-12-08 11:21:40.89,210274320, 464.50741314132597, 3476672, 24.589723204193312, 189799, 0, 0.0, 30, 
2019-12-08 11:21:41.915,220829544, 465.1544606607743, 3477129, 24.47860707189882, 189832, 0, 0.0, 30, 
2019-12-08 11:21:42.941,231559072, 465.1544606607743, 3477602, 24.47860707189882, 189855, 0, 0.0, 30, 
2019-12-08 11:21:43.97,241125520, 465.1544606607743, 3478050, 24.47860707189882, 189873, 0, 0.0, 30, 
2019-12-08 11:21:44.994,251030624, 465.1544606607743, 3478515, 24.47860707189882, 189896, 0, 0.0, 30, 
2019-12-08 11:21:46.02,260950832, 464.10268805840656, 3479004, 24.28042859256125, 189915, 0, 0.0, 30, 
2019-12-08 11:21:47.048,271260768, 464.10268805840656, 3479437, 24.28042859256125, 189931, 0, 0.0, 30, 
2019-12-08 11:21:48.074,282200520, 464.10268805840656, 3479931, 24.28042859256125, 189955, 0, 0.0, 30, 
2019-12-08 11:21:49.098,292213408, 464.10268805840656, 3480376, 24.28042859256125, 189988, 0, 0.0, 30, 
2019-12-08 11:21:50.124,301871976, 464.10268805840656, 3480852, 24.28042859256125, 190009, 0, 0.0, 30, 
2019-12-08 11:21:51.15,312666776, 463.2789306038052, 3481328, 24.258006760288342, 190036, 0, 0.0, 30, 
2019-12-08 11:21:52.176,322605360, 463.2789306038052, 3481792, 24.258006760288342, 190063, 0, 0.0, 30, 
2019-12-08 11:21:53.202,333167416, 463.2789306038052, 3482259, 24.258006760288342, 190093, 0, 0.0, 30, 
2019-12-08 11:21:54.227,344692768, 463.2789306038052, 3482725, 24.258006760288342, 190119, 0, 0.0, 30, 
2019-12-08 11:21:55.252,354233456, 463.2789306038052, 3483183, 24.258006760288342, 190136, 0, 0.0, 30, 
2019-12-08 11:21:56.277,363341928, 462.6809483294313, 3483663, 24.22138656166576, 190159, 0, 0.0, 30, 
2019-12-08 11:21:57.307,374689480, 462.6809483294313, 3484183, 24.22138656166576, 190194, 0, 0.0, 30, 
2019-12-08 11:21:58.335,386454112, 462.6809483294313, 3484677, 24.22138656166576, 190211, 0, 0.0, 30, 
2019-12-08 11:21:59.361,397805536, 462.6809483294313, 3485148, 24.22138656166576, 190235, 0, 0.0, 30, 
2019-12-08 11:22:00.387,407976840, 462.6809483294313, 3485636, 24.22138656166576, 190259, 0, 0.0, 30, 
2019-12-08 11:22:01.413,419690688, 464.113676595039, 3486143, 24.219676586608706, 190282, 0, 0.0, 30, 
2019-12-08 11:22:02.467,429558856, 464.113676595039, 3486595, 24.219676586608706, 190304, 0, 0.0, 30, 
2019-12-08 11:22:03.496,157957384, 464.113676595039, 3487093, 24.219676586608706, 190337, 0, 0.0, 30, 
2019-12-08 11:22:04.531,168572856, 464.113676595039, 3487594, 24.219676586608706, 190358, 0, 0.0, 30, 
2019-12-08 11:22:05.56,179171672, 464.113676595039, 3488082, 24.219676586608706, 190378, 0, 0.0, 30, 
2019-12-08 11:22:06.589,189808760, 464.69625884808266, 3488585, 24.106165514089362, 190400, 0, 0.0, 30, 
2019-12-08 11:22:07.615,200556976, 464.69625884808266, 3489032, 24.106165514089362, 190422, 0, 0.0, 30, 
2019-12-08 11:22:08.64,211212696, 464.69625884808266, 3489535, 24.106165514089362, 190456, 0, 0.0, 30, 
2019-12-08 11:22:09.668,220645936, 464.69625884808266, 3489964, 24.106165514089362, 190491, 0, 0.0, 30, 
2019-12-08 11:22:10.695,230872608, 464.69625884808266, 3490473, 24.106165514089362, 190514, 0, 0.0, 30, 
2019-12-08 11:22:11.719,242409048, 465.18428704483534, 3490987, 24.273579276079655, 190540, 0, 0.0, 30, 
2019-12-08 11:22:12.745,253294520, 465.18428704483534, 3491476, 24.273579276079655, 190564, 0, 0.0, 30, 
2019-12-08 11:22:13.786,258153360, 465.18428704483534, 3491688, 24.273579276079655, 190580, 0, 0.0, 30, 
2019-12-08 11:22:14.816,259108064, 465.18428704483534, 3491688, 24.273579276079655, 190580, 0, 0.0, 30, 
2019-12-08 11:22:15.847,259991992, 465.18428704483534, 3491688, 24.273579276079655, 190580, 0, 0.0, 30, 
