Timestamp, MemoryUsed, ReadLatency1, ReadCount, WriteLatency1, WriteCount, PendingTasks, WaitingOnCommit1, SRDelay, 
2019-12-08 11:12:51.733,178454464, 78.99119190524523, 3342962, 5.402098613671722, 182486, 0, 0.0, 1, 
2019-12-08 11:12:52.813,179269096, 78.99119190524523, 3342962, 5.402098613671722, 182486, 0, 0.0, 1, 
2019-12-08 11:12:53.883,180861696, 78.99119190524523, 3342962, 5.402098613671722, 182486, 0, 0.0, 1, 
2019-12-08 11:12:54.956,182307064, 78.99119190524523, 3342962, 5.402098613671722, 182486, 0, 0.0, 1, 
2019-12-08 11:12:56.009,183157432, 72.67540491733389, 3342962, 7.512758271572997, 182486, 0, 0.0, 1, 
2019-12-08 11:12:57.045,184449784, 72.67540491733389, 3342962, 7.512758271572997, 182486, 0, 0.0, 1, 
2019-12-08 11:12:58.095,185218648, 72.67540491733389, 3342962, 7.512758271572997, 182486, 0, 0.0, 1, 
2019-12-08 11:12:59.139,186025480, 72.67540491733389, 3342962, 7.512758271572997, 182486, 0, 0.0, 1, 
2019-12-08 11:13:00.179,187133864, 72.67540491733389, 3342962, 7.512758271572997, 182486, 0, 0.0, 1, 
2019-12-08 11:13:01.217,188174768, 66.8646003751175, 3342962, 6.912071286220985, 182486, 0, 0.0, 1, 
2019-12-08 11:13:02.253,188969880, 66.8646003751175, 3342962, 6.912071286220985, 182486, 0, 0.0, 1, 
2019-12-08 11:13:03.289,189768376, 66.8646003751175, 3342962, 6.912071286220985, 182486, 0, 0.0, 1, 
2019-12-08 11:13:04.321,190571712, 66.8646003751175, 3342962, 6.912071286220985, 182486, 0, 0.0, 1, 
2019-12-08 11:13:05.354,191836152, 66.8646003751175, 3342962, 6.912071286220985, 182486, 0, 0.0, 1, 
2019-12-08 11:13:06.382,192640328, 61.51840211154861, 3342962, 6.35941258040734, 182486, 0, 0.0, 1, 
2019-12-08 11:13:07.417,193438096, 61.51840211154861, 3342962, 6.35941258040734, 182486, 0, 0.0, 1, 
2019-12-08 11:13:08.459,194286104, 61.51840211154861, 3342962, 6.35941258040734, 182486, 0, 0.0, 1, 
2019-12-08 11:13:09.488,195111608, 61.51840211154861, 3342962, 6.35941258040734, 182486, 0, 0.0, 1, 
2019-12-08 11:13:10.522,196356944, 61.51840211154861, 3342962, 6.35941258040734, 182486, 0, 0.0, 1, 
2019-12-08 11:13:11.562,197166392, 56.59966225965107, 3342962, 5.8509420249272255, 182486, 0, 0.0, 1, 
2019-12-08 11:13:12.595,197970192, 56.59966225965107, 3342962, 5.8509420249272255, 182486, 0, 0.0, 1, 
2019-12-08 11:13:13.627,198776800, 56.59966225965107, 3342962, 5.8509420249272255, 182486, 0, 0.0, 1, 
2019-12-08 11:13:14.656,199831880, 56.59966225965107, 3342962, 5.8509420249272255, 182487, 0, 0.0, 1, 
2019-12-08 11:13:15.687,200888856, 56.59966225965107, 3342962, 5.8509420249272255, 182487, 0, 0.0, 1, 
2019-12-08 11:13:16.718,201691888, 52.07420313189807, 3342962, 5.399117647428412, 182487, 0, 0.0, 1, 
2019-12-08 11:13:17.749,202490888, 52.07420313189807, 3342962, 5.399117647428412, 182487, 0, 0.0, 1, 
2019-12-08 11:13:18.781,203542456, 52.07420313189807, 3342962, 5.399117647428412, 182487, 0, 0.0, 1, 
2019-12-08 11:13:19.812,204394264, 52.07420313189807, 3342962, 5.399117647428412, 182487, 0, 0.0, 1, 
2019-12-08 11:13:20.844,205381536, 47.91057973777563, 3342962, 4.967428035443122, 182487, 0, 0.0, 1, 
2019-12-08 11:13:21.875,206150296, 47.91057973777563, 3342962, 4.967428035443122, 182487, 0, 0.0, 1, 
2019-12-08 11:13:23.456,207240168, 47.91057973777563, 3342962, 4.967428035443122, 182487, 0, 0.0, 1, 
2019-12-08 11:13:24.494,208321328, 47.91057973777563, 3342962, 4.967428035443122, 182487, 0, 0.0, 1, 
2019-12-08 11:13:25.533,209429552, 47.91057973777563, 3342962, 4.967428035443122, 182487, 0, 0.0, 1, 
2019-12-08 11:13:26.567,210238112, 44.0798612893933, 3342962, 4.5702544190825565, 182487, 0, 0.0, 1, 
2019-12-08 11:13:27.596,211033064, 44.0798612893933, 3342962, 4.5702544190825565, 182487, 0, 0.0, 1, 
2019-12-08 11:13:28.626,212061208, 44.0798612893933, 3342962, 4.5702544190825565, 182487, 0, 0.0, 1, 
2019-12-08 11:13:29.661,212865088, 44.0798612893933, 3342962, 4.5702544190825565, 182487, 0, 0.0, 1, 
2019-12-08 11:13:30.693,213818712, 44.0798612893933, 3342962, 4.5702544190825565, 182487, 0, 0.0, 1, 
2019-12-08 11:13:31.722,214620672, 40.55543017694163, 3342962, 4.2048370517118885, 182487, 0, 0.0, 1, 
2019-12-08 11:13:32.752,215707920, 40.55543017694163, 3342962, 4.2048370517118885, 182487, 0, 0.0, 1, 
2019-12-08 11:13:33.784,216707080, 40.55543017694163, 3342962, 4.2048370517118885, 182487, 0, 0.0, 1, 
2019-12-08 11:13:34.812,217516312, 40.55543017694163, 3342962, 4.2048370517118885, 182487, 0, 0.0, 1, 
2019-12-08 11:13:35.841,218490496, 37.31279701718466, 3342962, 3.8686368438539542, 182487, 0, 0.0, 1, 
2019-12-08 11:13:36.874,219293960, 37.31279701718466, 3342962, 3.8686368438539542, 182487, 0, 0.0, 1, 
2019-12-08 11:13:37.91,220368408, 37.31279701718466, 3342962, 3.8686368438539542, 182487, 0, 0.0, 1, 
2019-12-08 11:13:38.939,225717072, 37.31279701718466, 3342963, 3.8686368438539542, 182537, 0, 0.0, 1, 
2019-12-08 11:13:39.967,232030216, 37.31279701718466, 3342964, 3.8686368438539542, 182650, 0, 0.0, 1, 
2019-12-08 11:13:40.995,235392176, 34.361412724006684, 3342964, 7.525114754802609, 182735, 0, 0.0, 1, 
2019-12-08 11:13:42.028,236219928, 34.361412724006684, 3342964, 7.525114754802609, 182735, 0, 0.0, 1, 
2019-12-08 11:13:43.058,237520112, 34.361412724006684, 3342964, 7.525114754802609, 182735, 0, 0.0, 1, 
