Timestamp, MemoryUsed, ReadLatency1, ReadCount, WriteLatency1, WriteCount, PendingTasks, WaitingOnCommit1, SRDelay, 
2019-12-08 11:12:51.77,172188776, 78.01239222117228, 3351720, 7.031372814807221, 183985, 0, 0.0, 1, 
2019-12-08 11:12:52.848,172981800, 78.01239222117228, 3351720, 7.031372814807221, 183985, 0, 0.0, 1, 
2019-12-08 11:12:53.915,174532528, 78.01239222117228, 3351720, 7.031372814807221, 183985, 0, 0.0, 1, 
2019-12-08 11:12:54.981,176264888, 78.01239222117228, 3351720, 7.031372814807221, 183985, 0, 0.0, 1, 
2019-12-08 11:12:56.028,177021240, 78.01239222117228, 3351720, 7.031372814807221, 183985, 0, 0.0, 1, 
2019-12-08 11:12:57.068,177847128, 71.77486573496162, 3351720, 7.636526831851727, 183985, 0, 0.0, 1, 
2019-12-08 11:12:58.116,178860800, 71.77486573496162, 3351720, 7.636526831851727, 183985, 0, 0.0, 1, 
2019-12-08 11:12:59.162,179606448, 71.77486573496162, 3351720, 7.636526831851727, 183985, 0, 0.0, 1, 
2019-12-08 11:13:00.195,180571176, 71.77486573496162, 3351720, 7.636526831851727, 183985, 0, 0.0, 1, 
2019-12-08 11:13:01.232,181381240, 71.77486573496162, 3351720, 7.636526831851727, 183985, 0, 0.0, 1, 
2019-12-08 11:13:02.269,182381472, 66.03606433022104, 3351720, 7.025943858812143, 183985, 0, 0.0, 1, 
2019-12-08 11:13:03.304,183138976, 66.03606433022104, 3351720, 7.025943858812143, 183985, 0, 0.0, 1, 
2019-12-08 11:13:04.337,183960600, 66.03606433022104, 3351720, 7.025943858812143, 183985, 0, 0.0, 1, 
2019-12-08 11:13:05.369,185478760, 66.03606433022104, 3351720, 7.025943858812143, 183985, 0, 0.0, 1, 
2019-12-08 11:13:06.397,186234224, 60.75611215112255, 3351720, 6.464180404799307, 183985, 0, 0.0, 1, 
2019-12-08 11:13:07.436,187042384, 60.75611215112255, 3351720, 6.464180404799307, 183985, 0, 0.0, 1, 
2019-12-08 11:13:08.473,188065160, 60.75611215112255, 3351720, 6.464180404799307, 183985, 0, 0.0, 1, 
2019-12-08 11:13:09.503,189093184, 60.75611215112255, 3351720, 6.464180404799307, 183985, 0, 0.0, 1, 
2019-12-08 11:13:10.539,189899928, 60.75611215112255, 3351720, 6.464180404799307, 183985, 0, 0.0, 1, 
2019-12-08 11:13:11.576,190735488, 55.89832163923306, 3351720, 5.94733307659192, 183985, 0, 0.0, 1, 
2019-12-08 11:13:12.611,191714040, 55.89832163923306, 3351720, 5.94733307659192, 183985, 0, 0.0, 1, 
2019-12-08 11:13:13.642,192488760, 55.89832163923306, 3351720, 5.94733307659192, 183985, 0, 0.0, 1, 
2019-12-08 11:13:14.672,193441320, 55.89832163923306, 3351720, 5.94733307659192, 183987, 0, 0.0, 1, 
2019-12-08 11:13:15.703,194460200, 55.89832163923306, 3351720, 5.94733307659192, 183987, 0, 0.0, 1, 
2019-12-08 11:13:16.733,195222960, 51.42893861132982, 3351720, 5.503792813206895, 183987, 0, 0.0, 1, 
2019-12-08 11:13:17.765,196080400, 51.42893861132982, 3351720, 5.503792813206895, 183987, 0, 0.0, 1, 
2019-12-08 11:13:18.795,196832168, 51.42893861132982, 3351720, 5.503792813206895, 183987, 0, 0.0, 1, 
2019-12-08 11:13:19.829,198097376, 51.42893861132982, 3351720, 5.503792813206895, 183987, 0, 0.0, 1, 
2019-12-08 11:13:20.861,198913032, 51.42893861132982, 3351720, 5.503792813206895, 183987, 0, 0.0, 1, 
2019-12-08 11:13:21.892,199658752, 47.31690771966835, 3351720, 5.063733837068015, 183987, 0, 0.0, 1, 
2019-12-08 11:13:23.477,200943736, 47.31690771966835, 3351720, 5.063733837068015, 183987, 0, 0.0, 1, 
2019-12-08 11:13:24.517,202021680, 47.31690771966835, 3351720, 5.063733837068015, 183987, 0, 0.0, 1, 
2019-12-08 11:13:25.548,202830872, 47.31690771966835, 3351720, 5.063733837068015, 183987, 0, 0.0, 1, 
2019-12-08 11:13:26.581,203864280, 43.533656665011975, 3351720, 4.658860033963939, 183989, 0, 0.0, 1, 
2019-12-08 11:13:27.61,204611240, 43.533656665011975, 3351720, 4.658860033963939, 183989, 0, 0.0, 1, 
2019-12-08 11:13:28.645,205360232, 43.533656665011975, 3351720, 4.658860033963939, 183989, 0, 0.0, 1, 
2019-12-08 11:13:29.675,206319200, 43.533656665011975, 3351720, 4.658860033963939, 183989, 0, 0.0, 1, 
2019-12-08 11:13:30.706,207322440, 43.533656665011975, 3351720, 4.658860033963939, 183989, 0, 0.0, 1, 
2019-12-08 11:13:31.737,208060232, 40.05289766303488, 3351720, 4.318340386936572, 183989, 0, 0.0, 1, 
2019-12-08 11:13:32.769,208925016, 40.05289766303488, 3351720, 4.318340386936572, 183989, 0, 0.0, 1, 
2019-12-08 11:13:33.797,209946632, 40.05289766303488, 3351720, 4.318340386936572, 183989, 0, 0.0, 1, 
2019-12-08 11:13:34.826,210978000, 40.05289766303488, 3351720, 4.318340386936572, 183989, 0, 0.0, 1, 
2019-12-08 11:13:35.86,211789680, 40.05289766303488, 3351720, 4.318340386936572, 183989, 0, 0.0, 1, 
2019-12-08 11:13:36.891,212556536, 36.85044478459512, 3351720, 3.973064953469224, 183989, 0, 0.0, 1, 
2019-12-08 11:13:37.924,213542784, 36.85044478459512, 3351720, 3.973064953469224, 183989, 0, 0.0, 1, 
2019-12-08 11:13:38.952,214639192, 36.85044478459512, 3351720, 3.973064953469224, 184023, 0, 0.0, 1, 
2019-12-08 11:13:39.98,221506688, 36.85044478459512, 3351720, 3.973064953469224, 184160, 0, 0.0, 1, 
2019-12-08 11:13:41.013,224830072, 36.85044478459512, 3351720, 3.973064953469224, 184249, 0, 0.0, 1, 
2019-12-08 11:13:42.043,225583728, 33.90404590067301, 3351720, 7.813086658674061, 184249, 0, 0.0, 1, 
2019-12-08 11:13:43.073,226394488, 33.90404590067301, 3351720, 7.813086658674061, 184249, 0, 0.0, 1, 
