Timestamp, MemoryUsed, ReadLatency1, ReadCount, WriteLatency1, WriteCount, PendingTasks, WaitingOnCommit1, SRDelay, 
2019-12-06 17:07:10.096,286019576, 88.38258403708059, 1737568, 9.252422507092186, 95300, 0, 0.0, 40, 
2019-12-06 17:07:11.128,293876720, 88.38258403708059, 1737873, 9.252422507092186, 95321, 0, 0.0, 40, 
2019-12-06 17:07:12.185,305890432, 91.75810224323317, 1738418, 8.992373161664867, 95348, 0, 0.0, 40, 
2019-12-06 17:07:13.224,320199728, 91.75810224323317, 1739087, 8.992373161664867, 95380, 0, 0.0, 40, 
2019-12-06 17:07:14.255,335513864, 91.75810224323317, 1739778, 8.992373161664867, 95413, 0, 0.0, 40, 
2019-12-06 17:07:15.288,349231040, 91.75810224323317, 1740488, 8.992373161664867, 95452, 0, 0.0, 40, 
2019-12-06 17:07:16.324,365326112, 137.2561802788162, 1741269, 11.08781930670021, 95500, 0, 0.0, 40, 
2019-12-06 17:07:17.356,380911392, 137.2561802788162, 1742012, 11.08781930670021, 95527, 0, 0.0, 40, 
2019-12-06 17:07:18.385,110392480, 137.2561802788162, 1742831, 11.08781930670021, 95562, 0, 0.0, 40, 
2019-12-06 17:07:19.414,126241608, 137.2561802788162, 1743688, 11.08781930670021, 95612, 0, 0.0, 40, 
2019-12-06 17:07:20.455,143230112, 137.2561802788162, 1744503, 11.08781930670021, 95666, 0, 0.0, 40, 
2019-12-06 17:07:21.488,154088928, 184.36151925213989, 1744959, 13.255589584708554, 95692, 0, 0.0, 40, 
2019-12-06 17:07:22.522,163349760, 184.36151925213989, 1745429, 13.255589584708554, 95720, 0, 0.0, 40, 
2019-12-06 17:07:23.552,175114224, 184.36151925213989, 1745934, 13.255589584708554, 95737, 0, 0.0, 40, 
2019-12-06 17:07:24.58,186139376, 184.36151925213989, 1746396, 13.255589584708554, 95768, 0, 0.0, 40, 
2019-12-06 17:07:25.612,199209104, 184.36151925213989, 1746966, 13.255589584708554, 95797, 0, 0.0, 40, 
2019-12-06 17:07:26.648,214082128, 209.66254321414266, 1747639, 14.242594145519059, 95840, 0, 0.0, 40, 
2019-12-06 17:07:27.676,227806536, 209.66254321414266, 1748365, 14.242594145519059, 95879, 0, 0.0, 40, 
2019-12-06 17:07:28.703,243527104, 209.66254321414266, 1749193, 14.242594145519059, 95913, 0, 0.0, 40, 
2019-12-06 17:07:29.731,262204288, 209.66254321414266, 1750016, 14.242594145519059, 95959, 0, 0.0, 40, 
2019-12-06 17:07:30.757,278123144, 209.66254321414266, 1750821, 14.242594145519059, 95996, 0, 0.0, 40, 
2019-12-06 17:07:31.785,294855136, 253.8250078936067, 1751608, 16.350015959466585, 96036, 0, 0.0, 40, 
2019-12-06 17:07:32.811,311119896, 253.8250078936067, 1752441, 16.350015959466585, 96075, 0, 0.0, 40, 
2019-12-06 17:07:33.836,326386696, 253.8250078936067, 1753261, 16.350015959466585, 96114, 0, 0.0, 40, 
2019-12-06 17:07:34.86,342631016, 253.8250078936067, 1754017, 16.350015959466585, 96146, 0, 0.0, 40, 
2019-12-06 17:07:35.89,357397944, 253.8250078936067, 1754850, 16.350015959466585, 96191, 0, 0.0, 40, 
2019-12-06 17:07:36.917,374686248, 296.8551044193327, 1755697, 18.11303534084151, 96243, 0, 0.0, 40, 
2019-12-06 17:07:37.941,110705408, 296.8551044193327, 1756557, 18.11303534084151, 96284, 0, 0.0, 40, 
2019-12-06 17:07:38.968,127618360, 296.8551044193327, 1757439, 18.11303534084151, 96317, 0, 0.0, 40, 
2019-12-06 17:07:39.996,144982168, 296.8551044193327, 1758353, 18.11303534084151, 96376, 0, 0.0, 40, 
2019-12-06 17:07:41.023,163989888, 296.8551044193327, 1759310, 18.11303534084151, 96425, 0, 0.0, 40, 
2019-12-06 17:07:42.054,185117184, 343.62471595507435, 1760273, 20.294780573153496, 96480, 0, 0.0, 40, 
2019-12-06 17:07:43.081,203991832, 343.62471595507435, 1761272, 20.294780573153496, 96538, 0, 0.0, 40, 
2019-12-06 17:07:44.107,223248736, 343.62471595507435, 1762279, 20.294780573153496, 96585, 0, 0.0, 40, 
2019-12-06 17:07:45.13,241282928, 343.62471595507435, 1763209, 20.294780573153496, 96642, 0, 0.0, 40, 
2019-12-06 17:07:46.155,260276456, 343.62471595507435, 1764173, 20.294780573153496, 96706, 0, 0.0, 40, 
2019-12-06 17:07:47.182,280430624, 391.38820647686066, 1765217, 23.00569223954825, 96759, 0, 0.0, 40, 
2019-12-06 17:07:48.207,299785408, 391.38820647686066, 1766269, 23.00569223954825, 96807, 0, 0.0, 40, 
2019-12-06 17:07:49.232,321220936, 391.38820647686066, 1767365, 23.00569223954825, 96871, 0, 0.0, 40, 
2019-12-06 17:07:50.257,341511096, 391.38820647686066, 1768503, 23.00569223954825, 96928, 0, 0.0, 40, 
2019-12-06 17:07:51.282,364703168, 445.03934721863095, 1769603, 25.291966854804453, 96969, 0, 0.0, 40, 
2019-12-06 17:07:52.304,104334384, 445.03934721863095, 1770698, 25.291966854804453, 97012, 0, 0.0, 40, 
2019-12-06 17:07:53.331,125195656, 445.03934721863095, 1771875, 25.291966854804453, 97086, 0, 0.0, 40, 
2019-12-06 17:07:54.357,146496104, 445.03934721863095, 1773000, 25.291966854804453, 97147, 0, 0.0, 40, 
2019-12-06 17:07:55.38,168470528, 445.03934721863095, 1774172, 25.291966854804453, 97210, 0, 0.0, 40, 
2019-12-06 17:07:56.403,190255064, 498.3345943968257, 1775316, 28.019094610771006, 97278, 0, 0.0, 40, 
2019-12-06 17:07:57.432,210963200, 498.3345943968257, 1776474, 28.019094610771006, 97340, 0, 0.0, 40, 
2019-12-06 17:07:58.461,235038664, 498.3345943968257, 1777731, 28.019094610771006, 97414, 0, 0.0, 40, 
2019-12-06 17:07:59.487,258045248, 498.3345943968257, 1779016, 28.019094610771006, 97476, 0, 0.0, 40, 
2019-12-06 17:08:00.512,282396792, 498.3345943968257, 1780298, 28.019094610771006, 97531, 0, 0.0, 40, 
2019-12-06 17:08:01.534,305710528, 555.4760852459997, 1781526, 30.784031143814797, 97598, 0, 0.0, 40, 
2019-12-06 17:08:02.562,328791984, 555.4760852459997, 1782761, 30.784031143814797, 97671, 0, 0.0, 40, 
2019-12-06 17:08:03.599,352452992, 555.4760852459997, 1784035, 30.784031143814797, 97736, 0, 0.0, 40, 
2019-12-06 17:08:04.623,374609304, 555.4760852459997, 1785266, 30.784031143814797, 97811, 0, 0.0, 40, 
2019-12-06 17:08:05.648,115339944, 555.4760852459997, 1786628, 30.784031143814797, 97874, 0, 0.0, 40, 
2019-12-06 17:08:06.671,139280832, 610.207595550383, 1787934, 33.56776231395834, 97930, 0, 0.0, 40, 
2019-12-06 17:08:07.695,165743024, 610.207595550383, 1789307, 33.56776231395834, 98005, 0, 0.0, 40, 
2019-12-06 17:08:08.73,191209312, 610.207595550383, 1790741, 33.56776231395834, 98081, 0, 0.0, 40, 
2019-12-06 17:08:09.752,217306336, 610.207595550383, 1792107, 33.56776231395834, 98170, 0, 0.0, 40, 
2019-12-06 17:08:10.777,241208912, 610.207595550383, 1793432, 33.56776231395834, 98256, 0, 0.0, 40, 
2019-12-06 17:08:11.799,267297960, 668.0628498179276, 1794890, 37.02442118503003, 98320, 0, 0.0, 40, 
2019-12-06 17:08:12.827,294528936, 668.0628498179276, 1796328, 37.02442118503003, 98410, 0, 0.0, 40, 
2019-12-06 17:08:13.859,318726928, 668.0628498179276, 1797739, 37.02442118503003, 98485, 0, 0.0, 40, 
2019-12-06 17:08:14.894,340525728, 668.0628498179276, 1798836, 37.02442118503003, 98547, 0, 0.0, 40, 
2019-12-06 17:08:15.926,365495648, 668.0628498179276, 1800181, 37.02442118503003, 98630, 0, 0.0, 40, 
2019-12-06 17:08:16.95,107838968, 719.8050794758467, 1801588, 39.916860765304, 98708, 0, 0.0, 40, 
2019-12-06 17:08:17.973,132992080, 719.8050794758467, 1802963, 39.916860765304, 98779, 0, 0.0, 40, 
2019-12-06 17:08:19.003,158196264, 719.8050794758467, 1804439, 39.916860765304, 98879, 0, 0.0, 40, 
2019-12-06 17:08:20.025,185314080, 719.8050794758467, 1806041, 39.916860765304, 98948, 0, 0.0, 40, 
2019-12-06 17:08:21.056,214020008, 719.8050794758467, 1807612, 39.916860765304, 99027, 0, 0.0, 40, 
2019-12-06 17:08:22.082,241742928, 778.8278864640156, 1809096, 43.10574050923433, 99124, 0, 0.0, 40, 
2019-12-06 17:08:23.106,267854896, 778.8278864640156, 1810582, 43.10574050923433, 99208, 0, 0.0, 40, 
2019-12-06 17:08:24.134,293821784, 778.8278864640156, 1812013, 43.10574050923433, 99277, 0, 0.0, 40, 
2019-12-06 17:08:25.163,315129760, 778.8278864640156, 1813269, 43.10574050923433, 99338, 0, 0.0, 40, 
2019-12-06 17:08:26.186,342757544, 778.8278864640156, 1814830, 43.10574050923433, 99420, 0, 0.0, 40, 
2019-12-06 17:08:27.21,368611752, 828.3821285982067, 1816259, 45.57590911141208, 99489, 0, 0.0, 40, 
2019-12-06 17:08:28.235,109976136, 828.3821285982067, 1817727, 45.57590911141208, 99580, 0, 0.0, 40, 
2019-12-06 17:08:29.258,135827024, 828.3821285982067, 1819188, 45.57590911141208, 99653, 0, 0.0, 40, 
2019-12-06 17:08:30.283,162390672, 828.3821285982067, 1820741, 45.57590911141208, 99719, 0, 0.0, 40, 
2019-12-06 17:08:31.31,188651024, 877.7001625732319, 1822212, 47.672671649222956, 99786, 0, 0.0, 40, 
2019-12-06 17:08:32.336,215263888, 877.7001625732319, 1823760, 47.672671649222956, 99862, 0, 0.0, 40, 
2019-12-06 17:08:33.363,243259488, 877.7001625732319, 1825276, 47.672671649222956, 99937, 0, 0.0, 40, 
2019-12-06 17:08:34.393,267853752, 877.7001625732319, 1826753, 47.672671649222956, 100027, 0, 0.0, 40, 
2019-12-06 17:08:35.419,295775320, 877.7001625732319, 1828238, 47.672671649222956, 100101, 0, 0.0, 40, 
2019-12-06 17:08:36.443,321836424, 925.2657273116096, 1829774, 50.11350205731219, 100192, 0, 0.0, 40, 
2019-12-06 17:08:37.476,345944904, 925.2657273116096, 1831108, 50.11350205731219, 100264, 0, 0.0, 40, 
2019-12-06 17:08:38.502,372291488, 925.2657273116096, 1832538, 50.11350205731219, 100351, 0, 0.0, 40, 
2019-12-06 17:08:39.571,115676344, 925.2657273116096, 1834065, 50.11350205731219, 100429, 0, 0.0, 40, 
2019-12-06 17:08:40.594,139722664, 925.2657273116096, 1835393, 50.11350205731219, 100490, 0, 0.0, 40, 
2019-12-06 17:08:41.624,163352928, 959.0177201894346, 1836771, 52.00736986570112, 100563, 0, 0.0, 40, 
2019-12-06 17:08:42.658,190769896, 959.0177201894346, 1838240, 52.00736986570112, 100654, 0, 0.0, 40, 
2019-12-06 17:08:43.681,217826328, 959.0177201894346, 1839737, 52.00736986570112, 100738, 0, 0.0, 40, 
2019-12-06 17:08:44.705,242354560, 959.0177201894346, 1841176, 52.00736986570112, 100814, 0, 0.0, 40, 
2019-12-06 17:08:45.728,267776424, 959.0177201894346, 1842662, 52.00736986570112, 100878, 0, 0.0, 40, 
2019-12-06 17:08:46.757,294917528, 997.6668333295005, 1844163, 53.70183901363323, 100942, 0, 0.0, 40, 
2019-12-06 17:08:47.787,323155824, 997.6668333295005, 1845753, 53.70183901363323, 101032, 0, 0.0, 40, 
2019-12-06 17:08:48.812,349302192, 997.6668333295005, 1847241, 53.70183901363323, 101108, 0, 0.0, 40, 
2019-12-06 17:08:49.837,376717368, 997.6668333295005, 1848762, 53.70183901363323, 101182, 0, 0.0, 40, 
2019-12-06 17:08:50.863,120170752, 997.6668333295005, 1850266, 53.70183901363323, 101270, 0, 0.0, 40, 
2019-12-06 17:08:51.888,147704824, 1036.8397264631496, 1851806, 55.69258604995153, 101359, 0, 0.0, 40, 
2019-12-06 17:08:52.91,174542568, 1036.8397264631496, 1853386, 55.69258604995153, 101428, 0, 0.0, 40, 
2019-12-06 17:08:53.934,201217888, 1036.8397264631496, 1854893, 55.69258604995153, 101498, 0, 0.0, 40, 
2019-12-06 17:08:54.96,226228984, 1036.8397264631496, 1856363, 55.69258604995153, 101581, 0, 0.0, 40, 
2019-12-06 17:08:55.987,252443440, 1036.8397264631496, 1857850, 55.69258604995153, 101663, 0, 0.0, 40, 
2019-12-06 17:08:57.01,280482136, 1071.0415495321092, 1859336, 57.44420615628539, 101758, 0, 0.0, 40, 
2019-12-06 17:08:58.055,304619320, 1071.0415495321092, 1860796, 57.44420615628539, 101821, 0, 0.0, 40, 
2019-12-06 17:08:59.081,331506728, 1071.0415495321092, 1862276, 57.44420615628539, 101913, 0, 0.0, 40, 
2019-12-06 17:09:00.11,357302664, 1071.0415495321092, 1863749, 57.44420615628539, 101992, 0, 0.0, 40, 
2019-12-06 17:09:01.134,384208912, 1071.0415495321092, 1865283, 57.44420615628539, 102083, 0, 0.0, 40, 
2019-12-06 17:09:02.168,124902232, 1101.1495008655445, 1866738, 59.23167673948576, 102152, 0, 0.0, 40, 
2019-12-06 17:09:03.19,153572432, 1101.1495008655445, 1868277, 59.23167673948576, 102234, 0, 0.0, 40, 
2019-12-06 17:09:04.217,179331880, 1101.1495008655445, 1869776, 59.23167673948576, 102311, 0, 0.0, 40, 
2019-12-06 17:09:05.242,205396120, 1101.1495008655445, 1871247, 59.23167673948576, 102401, 0, 0.0, 40, 
2019-12-06 17:09:06.266,232696448, 1130.3213360966236, 1872793, 60.7483001292804, 102482, 0, 0.0, 40, 
2019-12-06 17:09:07.291,259580352, 1130.3213360966236, 1874370, 60.7483001292804, 102570, 0, 0.0, 40, 
2019-12-06 17:09:08.331,285718272, 1130.3213360966236, 1875849, 60.7483001292804, 102660, 0, 0.0, 40, 
2019-12-06 17:09:09.355,311023064, 1130.3213360966236, 1877289, 60.7483001292804, 102725, 0, 0.0, 40, 
2019-12-06 17:09:10.379,338650976, 1130.3213360966236, 1878769, 60.7483001292804, 102787, 0, 0.0, 40, 
2019-12-06 17:09:11.406,366129488, 1155.7694929800148, 1880248, 61.80784754960031, 102865, 0, 0.0, 40, 
2019-12-06 17:09:12.434,385520992, 1155.7694929800148, 1881410, 61.80784754960031, 102931, 0, 0.0, 40, 
2019-12-06 17:09:13.457,121736960, 1155.7694929800148, 1882490, 61.80784754960031, 103002, 0, 0.0, 40, 
2019-12-06 17:09:14.482,139173208, 1155.7694929800148, 1883404, 61.80784754960031, 103051, 0, 0.0, 40, 
2019-12-06 17:09:15.506,159177432, 1155.7694929800148, 1884404, 61.80784754960031, 103110, 0, 0.0, 40, 
2019-12-06 17:09:16.537,177217192, 1145.057883746985, 1885390, 61.72726450880762, 103165, 0, 0.0, 40, 
2019-12-06 17:09:17.563,196479664, 1145.057883746985, 1886438, 61.72726450880762, 103217, 0, 0.0, 40, 
2019-12-06 17:09:18.593,217924384, 1145.057883746985, 1887553, 61.72726450880762, 103273, 0, 0.0, 40, 
2019-12-06 17:09:19.623,235448632, 1145.057883746985, 1888510, 61.72726450880762, 103324, 0, 0.0, 40, 
2019-12-06 17:09:20.658,253829472, 1145.057883746985, 1889477, 61.72726450880762, 103370, 0, 0.0, 40, 
2019-12-06 17:09:21.681,271569664, 1131.1409837636138, 1890373, 60.74163085898674, 103417, 0, 0.0, 40, 
2019-12-06 17:09:22.71,289675856, 1131.1409837636138, 1891322, 60.74163085898674, 103469, 0, 0.0, 40, 
2019-12-06 17:09:23.733,305140144, 1131.1409837636138, 1892154, 60.74163085898674, 103529, 0, 0.0, 40, 
2019-12-06 17:09:24.762,321010816, 1131.1409837636138, 1892995, 60.74163085898674, 103568, 0, 0.0, 40, 
2019-12-06 17:09:25.783,338203648, 1131.1409837636138, 1893878, 60.74163085898674, 103620, 0, 0.0, 40, 
2019-12-06 17:09:26.807,356021400, 1109.2058898156267, 1894760, 59.85079524167246, 103676, 0, 0.0, 40, 
2019-12-06 17:09:27.832,372109560, 1109.2058898156267, 1895715, 59.85079524167246, 103721, 0, 0.0, 40, 
2019-12-06 17:09:28.854,106115544, 1109.2058898156267, 1896614, 59.85079524167246, 103762, 0, 0.0, 40, 
2019-12-06 17:09:29.876,122943472, 1109.2058898156267, 1897494, 59.85079524167246, 103813, 0, 0.0, 40, 
2019-12-06 17:09:30.9,139530536, 1109.2058898156267, 1898384, 59.85079524167246, 103857, 0, 0.0, 40, 
2019-12-06 17:09:31.928,158256480, 1091.6951456957925, 1899377, 58.583435629533795, 103910, 0, 0.0, 40, 
2019-12-06 17:09:32.95,177995584, 1091.6951456957925, 1900345, 58.583435629533795, 103958, 0, 0.0, 40, 
2019-12-06 17:09:33.982,196084544, 1091.6951456957925, 1901291, 58.583435629533795, 104010, 0, 0.0, 40, 
2019-12-06 17:09:35.014,213254984, 1091.6951456957925, 1902256, 58.583435629533795, 104050, 0, 0.0, 40, 
2019-12-06 17:09:36.036,229372536, 1091.6951456957925, 1903104, 58.583435629533795, 104102, 0, 0.0, 40, 
2019-12-06 17:09:37.062,246318120, 1077.2635506651197, 1904012, 57.753221955615686, 104145, 0, 0.0, 40, 
2019-12-06 17:09:38.084,263283392, 1077.2635506651197, 1904809, 57.753221955615686, 104181, 0, 0.0, 40, 
2019-12-06 17:09:39.106,279811560, 1077.2635506651197, 1905752, 57.753221955615686, 104240, 0, 0.0, 40, 
2019-12-06 17:09:40.132,298729824, 1077.2635506651197, 1906693, 57.753221955615686, 104298, 0, 0.0, 40, 
2019-12-06 17:09:41.155,316809552, 1077.2635506651197, 1907654, 57.753221955615686, 104344, 0, 0.0, 40, 
2019-12-06 17:09:42.181,334860640, 1062.434703906766, 1908571, 56.94141515075603, 104412, 0, 0.0, 40, 
2019-12-06 17:09:43.207,355500584, 1062.434703906766, 1909676, 56.94141515075603, 104468, 0, 0.0, 40, 
2019-12-06 17:09:44.23,373633176, 1062.434703906766, 1910567, 56.94141515075603, 104509, 0, 0.0, 40, 
2019-12-06 17:09:45.253,104538864, 1062.434703906766, 1911385, 56.94141515075603, 104550, 0, 0.0, 40, 
2019-12-06 17:09:46.276,119917816, 1049.559079890907, 1912259, 56.466365824447124, 104604, 0, 0.0, 40, 
2019-12-06 17:09:47.305,136638400, 1049.559079890907, 1913083, 56.466365824447124, 104646, 0, 0.0, 40, 
2019-12-06 17:09:48.33,152693088, 1049.559079890907, 1913949, 56.466365824447124, 104682, 0, 0.0, 40, 
2019-12-06 17:09:49.357,171220736, 1049.559079890907, 1914905, 56.466365824447124, 104743, 0, 0.0, 40, 
2019-12-06 17:09:50.387,186821120, 1049.559079890907, 1915739, 56.466365824447124, 104790, 0, 0.0, 40, 
2019-12-06 17:09:51.416,204159704, 1033.2993856177873, 1916634, 55.51758359873086, 104834, 0, 0.0, 40, 
2019-12-06 17:09:52.443,220227880, 1033.2993856177873, 1917443, 55.51758359873086, 104886, 0, 0.0, 40, 
2019-12-06 17:09:53.481,237852848, 1033.2993856177873, 1918380, 55.51758359873086, 104932, 0, 0.0, 40, 
2019-12-06 17:09:54.505,255557192, 1033.2993856177873, 1919259, 55.51758359873086, 104971, 0, 0.0, 40, 
2019-12-06 17:09:55.528,271506128, 1033.2993856177873, 1920127, 55.51758359873086, 105023, 0, 0.0, 40, 
2019-12-06 17:09:56.56,291454952, 1020.0827764793037, 1921123, 54.80457298200239, 105077, 0, 0.0, 40, 
2019-12-06 17:09:57.587,309762160, 1020.0827764793037, 1922152, 54.80457298200239, 105135, 0, 0.0, 40, 
2019-12-06 17:09:58.612,327943600, 1020.0827764793037, 1923109, 54.80457298200239, 105178, 0, 0.0, 40, 
2019-12-06 17:09:59.635,346173776, 1020.0827764793037, 1924086, 54.80457298200239, 105240, 0, 0.0, 40, 
2019-12-06 17:10:00.659,363609328, 1020.0827764793037, 1924981, 54.80457298200239, 105288, 0, 0.0, 40, 
2019-12-06 17:10:01.682,381006152, 1013.5198000370507, 1925923, 54.46839388799266, 105340, 0, 0.0, 40, 
2019-12-06 17:10:02.705,116505040, 1013.5198000370507, 1926865, 54.46839388799266, 105389, 0, 0.0, 40, 
2019-12-06 17:10:03.729,134460216, 1013.5198000370507, 1927837, 54.46839388799266, 105435, 0, 0.0, 40, 
2019-12-06 17:10:04.756,153078080, 1013.5198000370507, 1928880, 54.46839388799266, 105492, 0, 0.0, 40, 
2019-12-06 17:10:05.779,171484920, 1013.5198000370507, 1929892, 54.46839388799266, 105538, 0, 0.0, 40, 
2019-12-06 17:10:06.803,189835880, 1009.0486996912771, 1930796, 54.2710320097528, 105598, 0, 0.0, 40, 
2019-12-06 17:10:07.826,207014520, 1009.0486996912771, 1931708, 54.2710320097528, 105657, 0, 0.0, 40, 
2019-12-06 17:10:08.85,225322672, 1009.0486996912771, 1932706, 54.2710320097528, 105717, 0, 0.0, 40, 
2019-12-06 17:10:09.88,243842320, 1009.0486996912771, 1933635, 54.2710320097528, 105766, 0, 0.0, 40, 
2019-12-06 17:10:10.907,260538608, 1009.0486996912771, 1934556, 54.2710320097528, 105814, 0, 0.0, 40, 
2019-12-06 17:10:11.942,291625960, 1001.4490252687393, 1935463, 54.153414784314016, 105868, 0, 0.0, 40, 
2019-12-06 17:10:12.967,310708840, 1001.4490252687393, 1936352, 54.153414784314016, 105925, 0, 0.0, 40, 
2019-12-06 17:10:13.997,327339864, 1001.4490252687393, 1937233, 54.153414784314016, 105962, 0, 0.0, 40, 
2019-12-06 17:10:15.019,343391512, 1001.4490252687393, 1938094, 54.153414784314016, 106002, 0, 0.0, 40, 
2019-12-06 17:10:16.044,360433656, 1001.4490252687393, 1939009, 54.153414784314016, 106061, 0, 0.0, 40, 
2019-12-06 17:10:17.068,379080856, 990.651101399638, 1939962, 53.61344155198321, 106109, 0, 0.0, 40, 
2019-12-06 17:10:18.092,116044320, 990.651101399638, 1940987, 53.61344155198321, 106155, 0, 0.0, 40, 
2019-12-06 17:10:19.118,135776176, 990.651101399638, 1942111, 53.61344155198321, 106227, 0, 0.0, 40, 
2019-12-06 17:10:20.141,157214712, 990.651101399638, 1943282, 53.61344155198321, 106280, 0, 0.0, 40, 
2019-12-06 17:10:21.175,177237040, 990.651101399638, 1944383, 53.61344155198321, 106338, 0, 0.0, 40, 
2019-12-06 17:10:22.198,195715224, 996.2918798844865, 1945324, 53.69232241019677, 106378, 0, 0.0, 40, 
2019-12-06 17:10:23.222,215037296, 996.2918798844865, 1946319, 53.69232241019677, 106435, 0, 0.0, 40, 
2019-12-06 17:10:24.25,231769784, 996.2918798844865, 1947271, 53.69232241019677, 106472, 0, 0.0, 40, 
2019-12-06 17:10:25.274,248734032, 996.2918798844865, 1948142, 53.69232241019677, 106515, 0, 0.0, 40, 
2019-12-06 17:10:26.302,267250360, 988.8006907838434, 1949065, 52.74146481047267, 106555, 0, 0.0, 40, 
2019-12-06 17:10:27.33,282956848, 988.8006907838434, 1949975, 52.74146481047267, 106601, 0, 0.0, 40, 
2019-12-06 17:10:28.353,299526160, 988.8006907838434, 1950725, 52.74146481047267, 106647, 0, 0.0, 40, 
2019-12-06 17:10:29.376,312686416, 988.8006907838434, 1951427, 52.74146481047267, 106684, 0, 0.0, 40, 
2019-12-06 17:10:30.404,330689256, 988.8006907838434, 1952293, 52.74146481047267, 106729, 0, 0.0, 40, 
2019-12-06 17:10:31.433,343982744, 971.1144600678231, 1952993, 51.89861582088694, 106774, 0, 0.0, 40, 
2019-12-06 17:10:32.456,361156664, 971.1144600678231, 1953814, 51.89861582088694, 106819, 0, 0.0, 40, 
2019-12-06 17:10:33.482,382507848, 971.1144600678231, 1954964, 51.89861582088694, 106865, 0, 0.0, 40, 
2019-12-06 17:10:34.51,121445400, 971.1144600678231, 1956125, 51.89861582088694, 106928, 0, 0.0, 40, 
2019-12-06 17:10:35.531,142990904, 971.1144600678231, 1957267, 51.89861582088694, 106981, 0, 0.0, 40, 
2019-12-06 17:10:36.553,165519136, 977.3578351220856, 1958438, 51.90672205227525, 107040, 0, 0.0, 40, 
2019-12-06 17:10:37.575,187555752, 977.3578351220856, 1959611, 51.90672205227525, 107102, 0, 0.0, 40, 
2019-12-06 17:10:38.597,210633872, 977.3578351220856, 1960867, 51.90672205227525, 107166, 0, 0.0, 40, 
2019-12-06 17:10:39.624,232337792, 977.3578351220856, 1962043, 51.90672205227525, 107217, 0, 0.0, 40, 
2019-12-06 17:10:40.645,255413120, 977.3578351220856, 1963240, 51.90672205227525, 107288, 0, 0.0, 40, 
2019-12-06 17:10:41.666,276821384, 991.7692029233774, 1964361, 52.505851476930765, 107348, 0, 0.0, 40, 
2019-12-06 17:10:42.687,298058456, 991.7692029233774, 1965535, 52.505851476930765, 107406, 0, 0.0, 40, 
2019-12-06 17:10:43.725,321964240, 991.7692029233774, 1966760, 52.505851476930765, 107471, 0, 0.0, 40, 
2019-12-06 17:10:44.747,345336384, 991.7692029233774, 1968052, 52.505851476930765, 107536, 0, 0.0, 40, 
2019-12-06 17:10:45.768,369010136, 991.7692029233774, 1969341, 52.505851476930765, 107611, 0, 0.0, 40, 
2019-12-06 17:10:46.793,110227184, 1009.5377963910307, 1970627, 53.36090838213372, 107670, 0, 0.0, 40, 
2019-12-06 17:10:47.815,131369912, 1009.5377963910307, 1971784, 53.36090838213372, 107739, 0, 0.0, 40, 
2019-12-06 17:10:48.838,156237360, 1009.5377963910307, 1973122, 53.36090838213372, 107805, 0, 0.0, 40, 
2019-12-06 17:10:49.86,178627552, 1009.5377963910307, 1974395, 53.36090838213372, 107864, 0, 0.0, 40, 
2019-12-06 17:10:50.882,202837040, 1009.5377963910307, 1975681, 53.36090838213372, 107934, 0, 0.0, 40, 
2019-12-06 17:10:51.904,227739968, 1027.26092763514, 1976959, 54.24354541440075, 108007, 0, 0.0, 40, 
2019-12-06 17:10:52.926,254751160, 1027.26092763514, 1978376, 54.24354541440075, 108067, 0, 0.0, 40, 
2019-12-06 17:10:53.95,277426000, 1027.26092763514, 1979647, 54.24354541440075, 108144, 0, 0.0, 40, 
2019-12-06 17:10:54.974,300474568, 1027.26092763514, 1980946, 54.24354541440075, 108208, 0, 0.0, 40, 
2019-12-06 17:10:55.997,325246184, 1027.26092763514, 1982293, 54.24354541440075, 108274, 0, 0.0, 40, 
2019-12-06 17:10:57.019,350812200, 1049.0359575853795, 1983625, 55.19953073975025, 108343, 0, 0.0, 40, 
2019-12-06 17:10:58.041,376439464, 1049.0359575853795, 1985015, 55.19953073975025, 108411, 0, 0.0, 40, 
2019-12-06 17:10:59.07,115927056, 1049.0359575853795, 1986365, 55.19953073975025, 108473, 0, 0.0, 40, 
2019-12-06 17:11:00.093,142616552, 1049.0359575853795, 1987747, 55.19953073975025, 108547, 0, 0.0, 40, 
2019-12-06 17:11:01.122,167536024, 1049.0359575853795, 1989122, 55.19953073975025, 108627, 0, 0.0, 40, 
2019-12-06 17:11:02.144,193648576, 1072.1402467477174, 1990537, 56.270973103695276, 108698, 0, 0.0, 40, 
2019-12-06 17:11:03.166,220055448, 1072.1402467477174, 1991982, 56.270973103695276, 108768, 0, 0.0, 40, 
2019-12-06 17:11:04.188,246573760, 1072.1402467477174, 1993466, 56.270973103695276, 108866, 0, 0.0, 40, 
2019-12-06 17:11:05.211,271865912, 1072.1402467477174, 1994899, 56.270973103695276, 108940, 0, 0.0, 40, 
2019-12-06 17:11:06.236,300003368, 1072.1402467477174, 1996388, 56.270973103695276, 109023, 0, 0.0, 40, 
2019-12-06 17:11:07.259,327595464, 1100.0175414141993, 1997914, 57.99233905165037, 109095, 0, 0.0, 40, 
2019-12-06 17:11:08.28,355175384, 1100.0175414141993, 1999450, 57.99233905165037, 109165, 0, 0.0, 40, 
2019-12-06 17:11:09.303,381805840, 1100.0175414141993, 2000920, 57.99233905165037, 109226, 0, 0.0, 40, 
2019-12-06 17:11:10.325,126812120, 1100.0175414141993, 2002384, 57.99233905165037, 109298, 0, 0.0, 40, 
2019-12-06 17:11:11.347,152065072, 1128.6402384428611, 2003848, 58.80849855804106, 109374, 0, 0.0, 40, 
2019-12-06 17:11:12.371,178964824, 1128.6402384428611, 2005285, 58.80849855804106, 109457, 0, 0.0, 40, 
2019-12-06 17:11:13.393,204007752, 1128.6402384428611, 2006584, 58.80849855804106, 109532, 0, 0.0, 40, 
2019-12-06 17:11:14.416,226635192, 1128.6402384428611, 2007838, 58.80849855804106, 109594, 0, 0.0, 40, 
2019-12-06 17:11:15.44,250783096, 1128.6402384428611, 2009131, 58.80849855804106, 109668, 0, 0.0, 40, 
2019-12-06 17:11:16.463,274462576, 1141.7017638041764, 2010417, 59.79926830945447, 109740, 0, 0.0, 40, 
2019-12-06 17:11:17.484,297754432, 1141.7017638041764, 2011707, 59.79926830945447, 109802, 0, 0.0, 40, 
2019-12-06 17:11:18.507,319597520, 1141.7017638041764, 2012821, 59.79926830945447, 109864, 0, 0.0, 40, 
2019-12-06 17:11:19.532,340922264, 1141.7017638041764, 2014014, 59.79926830945447, 109919, 0, 0.0, 40, 
2019-12-06 17:11:20.554,364276592, 1141.7017638041764, 2015246, 59.79926830945447, 109993, 0, 0.0, 40, 
2019-12-06 17:11:21.577,105556424, 1147.722278356593, 2016721, 60.007211334164104, 110066, 0, 0.0, 40, 
2019-12-06 17:11:22.602,133303048, 1147.722278356593, 2018191, 60.007211334164104, 110155, 0, 0.0, 40, 
2019-12-06 17:11:23.624,161470784, 1147.722278356593, 2019787, 60.007211334164104, 110249, 0, 0.0, 40, 
2019-12-06 17:11:24.645,188512400, 1147.722278356593, 2021326, 60.007211334164104, 110322, 0, 0.0, 40, 
2019-12-06 17:11:25.667,214927440, 1147.722278356593, 2022876, 60.007211334164104, 110394, 0, 0.0, 40, 
2019-12-06 17:11:26.692,243573480, 1177.0402102329776, 2024510, 61.63772868928152, 110472, 0, 0.0, 40, 
2019-12-06 17:11:27.714,270174104, 1177.0402102329776, 2026074, 61.63772868928152, 110552, 0, 0.0, 40, 
2019-12-06 17:11:28.749,288155224, 1177.0402102329776, 2026980, 61.63772868928152, 110595, 0, 0.0, 40, 
2019-12-06 17:11:29.779,288960752, 1177.0402102329776, 2026980, 61.63772868928152, 110595, 0, 0.0, 40, 
2019-12-06 17:11:30.816,289999888, 1177.0402102329776, 2026980, 61.63772868928152, 110595, 0, 0.0, 40, 
2019-12-06 17:11:31.871,291027464, 1133.6530945781328, 2026980, 59.26802674287272, 110595, 0, 0.0, 40, 
