Timestamp, MemoryUsed, ReadLatency1, ReadCount, WriteLatency1, WriteCount, PendingTasks, WaitingOnCommit1, SRDelay, 
2019-12-06 17:10:29.345,311906224, 988.8006907838434, 1951391, 52.74146481047267, 106683, 0, 0.0, 40, 
2019-12-06 17:10:30.416,330195392, 988.8006907838434, 1952293, 52.74146481047267, 106729, 0, 0.0, 40, 
2019-12-06 17:10:31.467,345240824, 971.1144600678231, 1953001, 51.89861582088694, 106775, 0, 0.0, 40, 
2019-12-06 17:10:32.505,363648696, 971.1144600678231, 1953840, 51.89861582088694, 106819, 0, 0.0, 40, 
2019-12-06 17:10:33.543,384122288, 971.1144600678231, 1955000, 51.89861582088694, 106868, 0, 0.0, 40, 
2019-12-06 17:10:34.574,122775272, 971.1144600678231, 1956179, 51.89861582088694, 106929, 0, 0.0, 40, 
2019-12-06 17:10:35.609,144998680, 971.1144600678231, 1957338, 51.89861582088694, 106986, 0, 0.0, 40, 
2019-12-06 17:10:36.634,166618224, 977.3578351220856, 1958508, 51.90672205227525, 107047, 0, 0.0, 40, 
2019-12-06 17:10:37.663,189550152, 977.3578351220856, 1959693, 51.90672205227525, 107105, 0, 0.0, 40, 
2019-12-06 17:10:38.691,213065760, 977.3578351220856, 1960970, 51.90672205227525, 107169, 0, 0.0, 40, 
2019-12-06 17:10:39.721,235223032, 977.3578351220856, 1962146, 51.90672205227525, 107223, 0, 0.0, 40, 
2019-12-06 17:10:40.75,256876568, 977.3578351220856, 1963347, 51.90672205227525, 107292, 0, 0.0, 40, 
2019-12-06 17:10:41.782,278843680, 991.7692029233774, 1964473, 52.505851476930765, 107355, 0, 0.0, 40, 
2019-12-06 17:10:42.814,301492432, 991.7692029233774, 1965673, 52.505851476930765, 107418, 0, 0.0, 40, 
2019-12-06 17:10:43.846,325067408, 991.7692029233774, 1966883, 52.505851476930765, 107478, 0, 0.0, 40, 
2019-12-06 17:10:44.874,349953680, 991.7692029233774, 1968197, 52.505851476930765, 107543, 0, 0.0, 40, 
2019-12-06 17:10:45.922,372916992, 991.7692029233774, 1969519, 52.505851476930765, 107616, 0, 0.0, 40, 
2019-12-06 17:10:47.039,113596072, 1009.5377963910307, 1970863, 53.36090838213372, 107684, 0, 0.0, 40, 
2019-12-06 17:10:48.066,136304304, 1009.5377963910307, 1972081, 53.36090838213372, 107754, 0, 0.0, 40, 
2019-12-06 17:10:49.095,162517144, 1009.5377963910307, 1973427, 53.36090838213372, 107816, 0, 0.0, 40, 
2019-12-06 17:10:50.126,184816976, 1009.5377963910307, 1974724, 53.36090838213372, 107889, 0, 0.0, 40, 
2019-12-06 17:10:51.152,209112544, 1009.5377963910307, 1975994, 53.36090838213372, 107949, 0, 0.0, 40, 
2019-12-06 17:10:52.177,235277816, 1027.26092763514, 1977330, 54.24354541440075, 108026, 0, 0.0, 40, 
2019-12-06 17:10:53.203,260040896, 1027.26092763514, 1978721, 54.24354541440075, 108096, 0, 0.0, 40, 
2019-12-06 17:10:54.228,284606176, 1027.26092763514, 1979998, 54.24354541440075, 108161, 0, 0.0, 40, 
2019-12-06 17:10:55.257,308211976, 1027.26092763514, 1981328, 54.24354541440075, 108225, 0, 0.0, 40, 
2019-12-06 17:10:56.282,332569480, 1049.0359575853795, 1982645, 55.19953073975025, 108294, 0, 0.0, 40, 
2019-12-06 17:10:57.305,357301816, 1049.0359575853795, 1984004, 55.19953073975025, 108366, 0, 0.0, 40, 
2019-12-06 17:10:58.333,382240312, 1049.0359575853795, 1985386, 55.19953073975025, 108430, 0, 0.0, 40, 
2019-12-06 17:10:59.357,122616048, 1049.0359575853795, 1986719, 55.19953073975025, 108499, 0, 0.0, 40, 
2019-12-06 17:11:00.382,149037760, 1049.0359575853795, 1988114, 55.19953073975025, 108564, 0, 0.0, 40, 
2019-12-06 17:11:01.409,175609896, 1072.1402467477174, 1989518, 56.270973103695276, 108643, 0, 0.0, 40, 
2019-12-06 17:11:02.435,201134952, 1072.1402467477174, 1990964, 56.270973103695276, 108725, 0, 0.0, 40, 
2019-12-06 17:11:03.459,227875640, 1072.1402467477174, 1992421, 56.270973103695276, 108798, 0, 0.0, 40, 
2019-12-06 17:11:04.481,254739784, 1072.1402467477174, 1993881, 56.270973103695276, 108893, 0, 0.0, 40, 
2019-12-06 17:11:05.504,280646464, 1072.1402467477174, 1995349, 56.270973103695276, 108962, 0, 0.0, 40, 
2019-12-06 17:11:06.531,308829960, 1100.0175414141993, 1996839, 57.99233905165037, 109037, 0, 0.0, 40, 
2019-12-06 17:11:07.559,335623352, 1100.0175414141993, 1998353, 57.99233905165037, 109117, 0, 0.0, 40, 
2019-12-06 17:11:08.584,361982688, 1100.0175414141993, 1999881, 57.99233905165037, 109184, 0, 0.0, 40, 
2019-12-06 17:11:09.608,106795552, 1100.0175414141993, 2001357, 57.99233905165037, 109246, 0, 0.0, 40, 
2019-12-06 17:11:10.631,133693608, 1100.0175414141993, 2002797, 57.99233905165037, 109311, 0, 0.0, 40, 
2019-12-06 17:11:11.657,160895368, 1128.6402384428611, 2004273, 58.80849855804106, 109398, 0, 0.0, 40, 
2019-12-06 17:11:12.683,186826304, 1128.6402384428611, 2005717, 58.80849855804106, 109477, 0, 0.0, 40, 
2019-12-06 17:11:13.708,210743968, 1128.6402384428611, 2006962, 58.80849855804106, 109546, 0, 0.0, 40, 
2019-12-06 17:11:14.74,234930656, 1128.6402384428611, 2008263, 58.80849855804106, 109625, 0, 0.0, 40, 
2019-12-06 17:11:15.765,258455616, 1128.6402384428611, 2009535, 58.80849855804106, 109691, 0, 0.0, 40, 
2019-12-06 17:11:16.793,281790304, 1141.7017638041764, 2010812, 59.79926830945447, 109760, 0, 0.0, 40, 
2019-12-06 17:11:17.821,304696864, 1141.7017638041764, 2012051, 59.79926830945447, 109818, 0, 0.0, 40, 
2019-12-06 17:11:18.847,325896952, 1141.7017638041764, 2013223, 59.79926830945447, 109880, 0, 0.0, 40, 
2019-12-06 17:11:19.881,349116592, 1141.7017638041764, 2014496, 59.79926830945447, 109943, 0, 0.0, 40, 
