Timestamp, MemoryUsed, ReadLatency1, ReadCount, WriteLatency1, WriteCount, PendingTasks, WaitingOnCommit1, SRDelay, 
2019-12-06 17:07:10.048,158306192, 85.71650984256745, 1676703, 8.897187761146386, 91765, 0, 0.0, 40, 
2019-12-06 17:07:11.12,166874528, 86.71463460557405, 1676994, 8.649550300701032, 91777, 0, 0.0, 40, 
2019-12-06 17:07:12.163,178825840, 86.71463460557405, 1677523, 8.649550300701032, 91806, 0, 0.0, 40, 
2019-12-06 17:07:13.211,192868648, 86.71463460557405, 1678230, 8.649550300701032, 91841, 0, 0.0, 40, 
2019-12-06 17:07:14.247,207294072, 86.71463460557405, 1678904, 8.649550300701032, 91878, 0, 0.0, 40, 
2019-12-06 17:07:15.278,222465104, 86.71463460557405, 1679601, 8.649550300701032, 91924, 0, 0.0, 40, 
2019-12-06 17:07:16.317,237770944, 129.2258492287075, 1680280, 10.676460345818375, 91958, 0, 0.0, 40, 
2019-12-06 17:07:17.348,252386896, 129.2258492287075, 1681000, 10.676460345818375, 91996, 0, 0.0, 40, 
2019-12-06 17:07:18.375,268334088, 129.2258492287075, 1681746, 10.676460345818375, 92037, 0, 0.0, 40, 
2019-12-06 17:07:19.408,284079952, 129.2258492287075, 1682556, 10.676460345818375, 92072, 0, 0.0, 40, 
2019-12-06 17:07:20.445,299853200, 129.2258492287075, 1683365, 10.676460345818375, 92120, 0, 0.0, 40, 
2019-12-06 17:07:21.481,310595136, 175.24621737785634, 1683783, 12.861129953267364, 92142, 0, 0.0, 40, 
2019-12-06 17:07:22.514,320197984, 175.24621737785634, 1684245, 12.861129953267364, 92169, 0, 0.0, 40, 
2019-12-06 17:07:23.545,331745648, 175.24621737785634, 1684714, 12.861129953267364, 92182, 0, 0.0, 40, 
2019-12-06 17:07:24.574,342497672, 175.24621737785634, 1685215, 12.861129953267364, 92203, 0, 0.0, 40, 
2019-12-06 17:07:25.603,355284096, 175.24621737785634, 1685768, 12.861129953267364, 92229, 0, 0.0, 40, 
2019-12-06 17:07:26.636,368663416, 199.82086898330158, 1686387, 13.399940252590792, 92253, 0, 0.0, 40, 
2019-12-06 17:07:27.67,99997936, 199.82086898330158, 1687132, 13.399940252590792, 92295, 0, 0.0, 40, 
2019-12-06 17:07:28.696,116220280, 199.82086898330158, 1687901, 13.399940252590792, 92331, 0, 0.0, 40, 
2019-12-06 17:07:29.724,131593384, 199.82086898330158, 1688655, 13.399940252590792, 92367, 0, 0.0, 40, 
2019-12-06 17:07:30.752,147535984, 199.82086898330158, 1689409, 13.399940252590792, 92402, 0, 0.0, 40, 
2019-12-06 17:07:31.779,162316560, 241.3481314330551, 1690160, 15.14297679081062, 92448, 0, 0.0, 40, 
2019-12-06 17:07:32.806,179807120, 241.3481314330551, 1690975, 15.14297679081062, 92484, 0, 0.0, 40, 
2019-12-06 17:07:33.83,194532080, 241.3481314330551, 1691758, 15.14297679081062, 92526, 0, 0.0, 40, 
2019-12-06 17:07:34.855,211479600, 241.3481314330551, 1692543, 15.14297679081062, 92574, 0, 0.0, 40, 
2019-12-06 17:07:35.881,227158768, 241.3481314330551, 1693336, 15.14297679081062, 92621, 0, 0.0, 40, 
2019-12-06 17:07:36.911,244552752, 283.47288098796, 1694172, 17.32232803696348, 92660, 0, 0.0, 40, 
2019-12-06 17:07:37.935,260460112, 283.47288098796, 1694995, 17.32232803696348, 92710, 0, 0.0, 40, 
2019-12-06 17:07:38.962,277185984, 283.47288098796, 1695826, 17.32232803696348, 92764, 0, 0.0, 40, 
2019-12-06 17:07:39.989,294715288, 283.47288098796, 1696703, 17.32232803696348, 92811, 0, 0.0, 40, 
2019-12-06 17:07:41.016,313378680, 328.0502881485946, 1697655, 19.87112595902247, 92870, 0, 0.0, 40, 
2019-12-06 17:07:42.044,332623480, 328.0502881485946, 1698576, 19.87112595902247, 92939, 0, 0.0, 40, 
2019-12-06 17:07:43.074,350681376, 328.0502881485946, 1699476, 19.87112595902247, 92978, 0, 0.0, 40, 
2019-12-06 17:07:44.1,368343240, 328.0502881485946, 1700397, 19.87112595902247, 93014, 0, 0.0, 40, 
2019-12-06 17:07:45.124,104543368, 328.0502881485946, 1701382, 19.87112595902247, 93085, 0, 0.0, 40, 
2019-12-06 17:07:46.149,123414672, 374.4844713135255, 1702342, 22.328071070750624, 93136, 0, 0.0, 40, 
2019-12-06 17:07:47.176,143366000, 374.4844713135255, 1703364, 22.328071070750624, 93183, 0, 0.0, 40, 
2019-12-06 17:07:48.202,162180128, 374.4844713135255, 1704371, 22.328071070750624, 93237, 0, 0.0, 40, 
2019-12-06 17:07:49.226,182126776, 374.4844713135255, 1705374, 22.328071070750624, 93288, 0, 0.0, 40, 
2019-12-06 17:07:50.251,201762016, 374.4844713135255, 1706406, 22.328071070750624, 93348, 0, 0.0, 40, 
2019-12-06 17:07:51.276,221576224, 424.7697805583612, 1707478, 24.924383156403767, 93413, 0, 0.0, 40, 
2019-12-06 17:07:52.299,243455896, 424.7697805583612, 1708590, 24.924383156403767, 93463, 0, 0.0, 40, 
2019-12-06 17:07:53.325,266041080, 424.7697805583612, 1709697, 24.924383156403767, 93527, 0, 0.0, 40, 
2019-12-06 17:07:54.35,285193848, 424.7697805583612, 1710804, 24.924383156403767, 93599, 0, 0.0, 40, 
2019-12-06 17:07:55.375,308784664, 424.7697805583612, 1711974, 24.924383156403767, 93657, 0, 0.0, 40, 
2019-12-06 17:07:56.397,330514376, 478.21451003326735, 1713134, 27.648919048000398, 93711, 0, 0.0, 40, 
2019-12-06 17:07:57.425,351241224, 478.21451003326735, 1714242, 27.648919048000398, 93773, 0, 0.0, 40, 
2019-12-06 17:07:58.451,372001912, 478.21451003326735, 1715361, 27.648919048000398, 93830, 0, 0.0, 40, 
2019-12-06 17:07:59.482,109685368, 478.21451003326735, 1716499, 27.648919048000398, 93882, 0, 0.0, 40, 
2019-12-06 17:08:00.505,132671232, 478.21451003326735, 1717674, 27.648919048000398, 93954, 0, 0.0, 40, 
2019-12-06 17:08:01.529,153777944, 528.3295107854038, 1718855, 30.01169302385378, 94004, 0, 0.0, 40, 
2019-12-06 17:08:02.556,177073136, 528.3295107854038, 1720038, 30.01169302385378, 94071, 0, 0.0, 40, 
2019-12-06 17:08:03.592,200411312, 528.3295107854038, 1721271, 30.01169302385378, 94140, 0, 0.0, 40, 
2019-12-06 17:08:04.618,222750416, 528.3295107854038, 1722452, 30.01169302385378, 94205, 0, 0.0, 40, 
2019-12-06 17:08:05.642,245431144, 528.3295107854038, 1723709, 30.01169302385378, 94270, 0, 0.0, 40, 
2019-12-06 17:08:06.666,270022944, 580.8179930291315, 1724975, 32.617310184370865, 94332, 0, 0.0, 40, 
2019-12-06 17:08:07.69,293327592, 580.8179930291315, 1726251, 32.617310184370865, 94395, 0, 0.0, 40, 
2019-12-06 17:08:08.722,317093136, 580.8179930291315, 1727630, 32.617310184370865, 94459, 0, 0.0, 40, 
2019-12-06 17:08:09.747,342625456, 580.8179930291315, 1728990, 32.617310184370865, 94527, 0, 0.0, 40, 
2019-12-06 17:08:10.772,369467056, 580.8179930291315, 1730320, 32.617310184370865, 94602, 0, 0.0, 40, 
2019-12-06 17:08:11.794,113933424, 638.7843537796953, 1731719, 35.20648710445654, 94669, 0, 0.0, 40, 
2019-12-06 17:08:12.82,139408144, 638.7843537796953, 1733155, 35.20648710445654, 94755, 0, 0.0, 40, 
2019-12-06 17:08:13.854,163832704, 638.7843537796953, 1734519, 35.20648710445654, 94818, 0, 0.0, 40, 
2019-12-06 17:08:14.877,184231800, 638.7843537796953, 1735592, 35.20648710445654, 94866, 0, 0.0, 40, 
2019-12-06 17:08:15.92,207580928, 638.7843537796953, 1736830, 35.20648710445654, 94945, 0, 0.0, 40, 
2019-12-06 17:08:16.944,233345240, 687.7983786146234, 1738257, 37.700582687787474, 95015, 0, 0.0, 40, 
2019-12-06 17:08:17.968,257257120, 687.7983786146234, 1739543, 37.700582687787474, 95077, 0, 0.0, 40, 
2019-12-06 17:08:18.997,283216528, 687.7983786146234, 1741049, 37.700582687787474, 95152, 0, 0.0, 40, 
2019-12-06 17:08:20.019,310059328, 687.7983786146234, 1742515, 37.700582687787474, 95229, 0, 0.0, 40, 
2019-12-06 17:08:21.049,337232824, 745.302565252031, 1744028, 40.53895937930336, 95316, 0, 0.0, 40, 
2019-12-06 17:08:22.077,363135904, 745.302565252031, 1745525, 40.53895937930336, 95397, 0, 0.0, 40, 
2019-12-06 17:08:23.1,101160320, 745.302565252031, 1746908, 40.53895937930336, 95466, 0, 0.0, 40, 
2019-12-06 17:08:24.129,123775120, 745.302565252031, 1748257, 40.53895937930336, 95541, 0, 0.0, 40, 
2019-12-06 17:08:25.158,147376480, 745.302565252031, 1749463, 40.53895937930336, 95599, 0, 0.0, 40, 
2019-12-06 17:08:26.181,173357456, 792.771991180374, 1750877, 42.92651636190871, 95680, 0, 0.0, 40, 
2019-12-06 17:08:27.204,197420616, 792.771991180374, 1752336, 42.92651636190871, 95755, 0, 0.0, 40, 
2019-12-06 17:08:28.227,224274944, 792.771991180374, 1753801, 42.92651636190871, 95843, 0, 0.0, 40, 
2019-12-06 17:08:29.253,248524840, 792.771991180374, 1755188, 42.92651636190871, 95921, 0, 0.0, 40, 
2019-12-06 17:08:30.275,274607352, 792.771991180374, 1756660, 42.92651636190871, 96000, 0, 0.0, 40, 
2019-12-06 17:08:31.3,299942784, 841.3392531960917, 1758083, 45.650881691810476, 96071, 0, 0.0, 40, 
2019-12-06 17:08:32.327,327797488, 841.3392531960917, 1759616, 45.650881691810476, 96156, 0, 0.0, 40, 
2019-12-06 17:08:33.354,354039232, 841.3392531960917, 1761049, 45.650881691810476, 96231, 0, 0.0, 40, 
2019-12-06 17:08:34.386,379845208, 841.3392531960917, 1762467, 45.650881691810476, 96300, 0, 0.0, 40, 
2019-12-06 17:08:35.414,121282696, 841.3392531960917, 1763896, 45.650881691810476, 96398, 0, 0.0, 40, 
2019-12-06 17:08:36.438,147160032, 886.6949182646053, 1765352, 48.109445445773964, 96465, 0, 0.0, 40, 
2019-12-06 17:08:37.467,171344248, 886.6949182646053, 1766770, 48.109445445773964, 96546, 0, 0.0, 40, 
2019-12-06 17:08:38.496,197911160, 886.6949182646053, 1768224, 48.109445445773964, 96625, 0, 0.0, 40, 
2019-12-06 17:08:39.565,224861712, 886.6949182646053, 1769739, 48.109445445773964, 96713, 0, 0.0, 40, 
2019-12-06 17:08:40.588,247455496, 886.6949182646053, 1770975, 48.109445445773964, 96776, 0, 0.0, 40, 
2019-12-06 17:08:41.616,272982592, 923.610818343375, 1772284, 50.17953989072854, 96853, 0, 0.0, 40, 
2019-12-06 17:08:42.651,297610832, 923.610818343375, 1773669, 50.17953989072854, 96941, 0, 0.0, 40, 
2019-12-06 17:08:43.676,322062312, 923.610818343375, 1775120, 50.17953989072854, 97008, 0, 0.0, 40, 
2019-12-06 17:08:44.699,348052440, 923.610818343375, 1776546, 50.17953989072854, 97085, 0, 0.0, 40, 
2019-12-06 17:08:45.722,374089872, 923.610818343375, 1778006, 50.17953989072854, 97160, 0, 0.0, 40, 
2019-12-06 17:08:46.75,118381784, 961.2690340659864, 1779484, 52.10010983963833, 97233, 0, 0.0, 40, 
2019-12-06 17:08:47.776,145095296, 961.2690340659864, 1780957, 52.10010983963833, 97317, 0, 0.0, 40, 
2019-12-06 17:08:48.804,171701408, 961.2690340659864, 1782454, 52.10010983963833, 97390, 0, 0.0, 40, 
2019-12-06 17:08:49.832,198380680, 961.2690340659864, 1783934, 52.10010983963833, 97467, 0, 0.0, 40, 
2019-12-06 17:08:50.857,224760688, 961.2690340659864, 1785439, 52.10010983963833, 97544, 0, 0.0, 40, 
2019-12-06 17:08:51.881,249706584, 999.7221509701253, 1786899, 53.96306619648252, 97613, 0, 0.0, 40, 
2019-12-06 17:08:52.905,276624032, 999.7221509701253, 1788385, 53.96306619648252, 97693, 0, 0.0, 40, 
2019-12-06 17:08:53.927,305100664, 999.7221509701253, 1789908, 53.96306619648252, 97755, 0, 0.0, 40, 
2019-12-06 17:08:54.954,329653160, 999.7221509701253, 1791358, 53.96306619648252, 97835, 0, 0.0, 40, 
2019-12-06 17:08:55.978,356361528, 1035.2766286906824, 1792826, 55.3092730945901, 97903, 0, 0.0, 40, 
2019-12-06 17:08:57.005,380577696, 1035.2766286906824, 1794221, 55.3092730945901, 97979, 0, 0.0, 40, 
2019-12-06 17:08:58.049,118946944, 1035.2766286906824, 1795583, 55.3092730945901, 98061, 0, 0.0, 40, 
2019-12-06 17:08:59.074,146952544, 1035.2766286906824, 1797013, 55.3092730945901, 98148, 0, 0.0, 40, 
2019-12-06 17:09:00.104,172653816, 1035.2766286906824, 1798447, 55.3092730945901, 98237, 0, 0.0, 40, 
2019-12-06 17:09:01.128,199326000, 1062.3594541224477, 1799913, 57.36339020291034, 98322, 0, 0.0, 40, 
2019-12-06 17:09:02.161,223214368, 1062.3594541224477, 1801279, 57.36339020291034, 98407, 0, 0.0, 40, 
2019-12-06 17:09:03.185,249953096, 1062.3594541224477, 1802736, 57.36339020291034, 98490, 0, 0.0, 40, 
2019-12-06 17:09:04.211,273901848, 1062.3594541224477, 1804174, 57.36339020291034, 98562, 0, 0.0, 40, 
2019-12-06 17:09:05.235,300164656, 1062.3594541224477, 1805585, 57.36339020291034, 98623, 0, 0.0, 40, 
2019-12-06 17:09:06.26,324194448, 1088.588127993404, 1807032, 58.62961560952363, 98695, 0, 0.0, 40, 
2019-12-06 17:09:07.284,351374192, 1088.588127993404, 1808479, 58.62961560952363, 98786, 0, 0.0, 40, 
2019-12-06 17:09:08.325,375280464, 1088.588127993404, 1809836, 58.62961560952363, 98846, 0, 0.0, 40, 
2019-12-06 17:09:09.349,117709736, 1088.588127993404, 1811242, 58.62961560952363, 98932, 0, 0.0, 40, 
2019-12-06 17:09:10.373,141316280, 1088.588127993404, 1812581, 58.62961560952363, 98999, 0, 0.0, 40, 
2019-12-06 17:09:11.4,166803992, 1109.6014050620547, 1813943, 59.81059033961407, 99065, 0, 0.0, 40, 
2019-12-06 17:09:12.428,186734008, 1109.6014050620547, 1815088, 59.81059033961407, 99117, 0, 0.0, 40, 
2019-12-06 17:09:13.451,204686808, 1109.6014050620547, 1816108, 59.81059033961407, 99166, 0, 0.0, 40, 
2019-12-06 17:09:14.477,223573784, 1109.6014050620547, 1817014, 59.81059033961407, 99217, 0, 0.0, 40, 
2019-12-06 17:09:15.501,242288784, 1109.6014050620547, 1818003, 59.81059033961407, 99259, 0, 0.0, 40, 
2019-12-06 17:09:16.528,259932336, 1101.2219473726489, 1818893, 58.86626767543697, 99312, 0, 0.0, 40, 
2019-12-06 17:09:17.558,278631896, 1101.2219473726489, 1819949, 58.86626767543697, 99368, 0, 0.0, 40, 
2019-12-06 17:09:18.587,299236456, 1101.2219473726489, 1821016, 58.86626767543697, 99423, 0, 0.0, 40, 
2019-12-06 17:09:19.618,316023896, 1101.2219473726489, 1821962, 58.86626767543697, 99475, 0, 0.0, 40, 
2019-12-06 17:09:20.645,333576712, 1101.2219473726489, 1822810, 58.86626767543697, 99518, 0, 0.0, 40, 
2019-12-06 17:09:21.676,350729496, 1087.3878762884942, 1823651, 58.1573600533943, 99559, 0, 0.0, 40, 
2019-12-06 17:09:22.699,367481032, 1087.3878762884942, 1824576, 58.1573600533943, 99607, 0, 0.0, 40, 
2019-12-06 17:09:23.727,102223272, 1087.3878762884942, 1825458, 58.1573600533943, 99643, 0, 0.0, 40, 
2019-12-06 17:09:24.756,117059248, 1087.3878762884942, 1826327, 58.1573600533943, 99685, 0, 0.0, 40, 
2019-12-06 17:09:25.778,134518680, 1087.3878762884942, 1827212, 58.1573600533943, 99742, 0, 0.0, 40, 
2019-12-06 17:09:26.802,152087024, 1069.718661280025, 1828128, 56.94544445765105, 99784, 0, 0.0, 40, 
2019-12-06 17:09:27.826,171884696, 1069.718661280025, 1829069, 56.94544445765105, 99822, 0, 0.0, 40, 
2019-12-06 17:09:28.849,187145280, 1069.718661280025, 1829920, 56.94544445765105, 99868, 0, 0.0, 40, 
2019-12-06 17:09:29.871,203269024, 1069.718661280025, 1830739, 56.94544445765105, 99921, 0, 0.0, 40, 
2019-12-06 17:09:30.895,220775336, 1069.718661280025, 1831673, 56.94544445765105, 99968, 0, 0.0, 40, 
2019-12-06 17:09:31.922,239999296, 1053.877967744526, 1832644, 55.958357219378385, 100009, 0, 0.0, 40, 
2019-12-06 17:09:32.945,256956112, 1053.877967744526, 1833623, 55.958357219378385, 100075, 0, 0.0, 40, 
2019-12-06 17:09:33.975,274754424, 1053.877967744526, 1834529, 55.958357219378385, 100127, 0, 0.0, 40, 
2019-12-06 17:09:35.008,292734200, 1053.877967744526, 1835465, 55.958357219378385, 100179, 0, 0.0, 40, 
2019-12-06 17:09:36.031,309027080, 1042.0862805042343, 1836325, 55.577899982500206, 100226, 0, 0.0, 40, 
2019-12-06 17:09:37.056,325561632, 1042.0862805042343, 1837165, 55.577899982500206, 100265, 0, 0.0, 40, 
2019-12-06 17:09:38.079,340985264, 1042.0862805042343, 1837976, 55.577899982500206, 100304, 0, 0.0, 40, 
2019-12-06 17:09:39.101,359190408, 1042.0862805042343, 1838852, 55.577899982500206, 100357, 0, 0.0, 40, 
2019-12-06 17:09:40.126,377601176, 1042.0862805042343, 1839791, 55.577899982500206, 100398, 0, 0.0, 40, 
2019-12-06 17:09:41.149,110375776, 1026.3121404609149, 1840645, 54.58821774373971, 100448, 0, 0.0, 40, 
2019-12-06 17:09:42.176,128059360, 1026.3121404609149, 1841564, 54.58821774373971, 100497, 0, 0.0, 40, 
2019-12-06 17:09:43.201,147116736, 1026.3121404609149, 1842595, 54.58821774373971, 100558, 0, 0.0, 40, 
2019-12-06 17:09:44.225,164023704, 1026.3121404609149, 1843427, 54.58821774373971, 100601, 0, 0.0, 40, 
2019-12-06 17:09:45.248,180945792, 1026.3121404609149, 1844275, 54.58821774373971, 100653, 0, 0.0, 40, 
2019-12-06 17:09:46.27,195537184, 1014.0379874088569, 1845084, 54.15739963993433, 100699, 0, 0.0, 40, 
2019-12-06 17:09:47.295,212987328, 1014.0379874088569, 1845948, 54.15739963993433, 100751, 0, 0.0, 40, 
2019-12-06 17:09:48.325,229202176, 1014.0379874088569, 1846776, 54.15739963993433, 100800, 0, 0.0, 40, 
2019-12-06 17:09:49.351,245710752, 1014.0379874088569, 1847619, 54.15739963993433, 100848, 0, 0.0, 40, 
2019-12-06 17:09:50.382,263543928, 1014.0379874088569, 1848472, 54.15739963993433, 100886, 0, 0.0, 40, 
2019-12-06 17:09:51.409,278450760, 998.3956376048405, 1849280, 53.441205508324295, 100933, 0, 0.0, 40, 
2019-12-06 17:09:52.437,295230136, 998.3956376048405, 1850147, 53.441205508324295, 100992, 0, 0.0, 40, 
2019-12-06 17:09:53.47,312689120, 998.3956376048405, 1851034, 53.441205508324295, 101033, 0, 0.0, 40, 
2019-12-06 17:09:54.499,328426040, 998.3956376048405, 1851881, 53.441205508324295, 101071, 0, 0.0, 40, 
2019-12-06 17:09:55.522,345575920, 998.3956376048405, 1852786, 53.441205508324295, 101105, 0, 0.0, 40, 
2019-12-06 17:09:56.551,364327864, 986.4186397141717, 1853738, 52.59038169285655, 101168, 0, 0.0, 40, 
2019-12-06 17:09:57.582,381934520, 986.4186397141717, 1854651, 52.59038169285655, 101232, 0, 0.0, 40, 
2019-12-06 17:09:58.606,113981736, 986.4186397141717, 1855579, 52.59038169285655, 101282, 0, 0.0, 40, 
2019-12-06 17:09:59.629,130334200, 986.4186397141717, 1856457, 52.59038169285655, 101320, 0, 0.0, 40, 
2019-12-06 17:10:00.654,148465440, 986.4186397141717, 1857288, 52.59038169285655, 101370, 0, 0.0, 40, 
2019-12-06 17:10:01.677,180875440, 977.6540172082879, 1858188, 52.575159613160345, 101437, 0, 0.0, 40, 
2019-12-06 17:10:02.699,198431184, 977.6540172082879, 1859157, 52.575159613160345, 101491, 0, 0.0, 40, 
2019-12-06 17:10:03.724,217296800, 977.6540172082879, 1860148, 52.575159613160345, 101536, 0, 0.0, 40, 
2019-12-06 17:10:04.75,236360016, 977.6540172082879, 1861143, 52.575159613160345, 101588, 0, 0.0, 40, 
2019-12-06 17:10:05.772,253835728, 977.6540172082879, 1862095, 52.575159613160345, 101638, 0, 0.0, 40, 
2019-12-06 17:10:06.798,271103936, 974.563412635471, 1863002, 52.46520792131199, 101675, 0, 0.0, 40, 
2019-12-06 17:10:07.821,287262712, 974.563412635471, 1863886, 52.46520792131199, 101718, 0, 0.0, 40, 
2019-12-06 17:10:08.844,304666376, 974.563412635471, 1864813, 52.46520792131199, 101767, 0, 0.0, 40, 
2019-12-06 17:10:09.874,322773960, 974.563412635471, 1865741, 52.46520792131199, 101807, 0, 0.0, 40, 
2019-12-06 17:10:10.902,339898384, 974.563412635471, 1866649, 52.46520792131199, 101862, 0, 0.0, 40, 
2019-12-06 17:10:11.937,358040648, 967.706148774815, 1867558, 51.772376149604874, 101914, 0, 0.0, 40, 
2019-12-06 17:10:12.961,374873984, 967.706148774815, 1868448, 51.772376149604874, 101966, 0, 0.0, 40, 
2019-12-06 17:10:13.991,108385920, 967.706148774815, 1869268, 51.772376149604874, 102006, 0, 0.0, 40, 
2019-12-06 17:10:15.014,124445920, 967.706148774815, 1870101, 51.772376149604874, 102060, 0, 0.0, 40, 
2019-12-06 17:10:16.039,141179616, 957.5592933623865, 1870985, 51.64665589414032, 102118, 0, 0.0, 40, 
2019-12-06 17:10:17.062,160773264, 957.5592933623865, 1871909, 51.64665589414032, 102164, 0, 0.0, 40, 
2019-12-06 17:10:18.086,177238624, 957.5592933623865, 1872885, 51.64665589414032, 102215, 0, 0.0, 40, 
2019-12-06 17:10:19.113,196751856, 957.5592933623865, 1873895, 51.64665589414032, 102259, 0, 0.0, 40, 
2019-12-06 17:10:20.135,216846976, 957.5592933623865, 1874963, 51.64665589414032, 102322, 0, 0.0, 40, 
2019-12-06 17:10:21.169,235839424, 959.2895887294319, 1875983, 51.56296990944267, 102376, 0, 0.0, 40, 
2019-12-06 17:10:22.193,254892000, 959.2895887294319, 1876982, 51.56296990944267, 102417, 0, 0.0, 40, 
2019-12-06 17:10:23.218,273926952, 959.2895887294319, 1877949, 51.56296990944267, 102475, 0, 0.0, 40, 
2019-12-06 17:10:24.244,292011536, 959.2895887294319, 1878919, 51.56296990944267, 102525, 0, 0.0, 40, 
2019-12-06 17:10:25.268,311639840, 959.2895887294319, 1879767, 51.56296990944267, 102569, 0, 0.0, 40, 
2019-12-06 17:10:26.29,329337712, 954.7409483610733, 1880602, 51.2461083305268, 102618, 0, 0.0, 40, 
2019-12-06 17:10:27.324,346295680, 954.7409483610733, 1881546, 51.2461083305268, 102671, 0, 0.0, 40, 
2019-12-06 17:10:28.349,360611264, 954.7409483610733, 1882263, 51.2461083305268, 102712, 0, 0.0, 40, 
2019-12-06 17:10:29.37,374734808, 954.7409483610733, 1882942, 51.2461083305268, 102741, 0, 0.0, 40, 
2019-12-06 17:10:30.394,108159344, 954.7409483610733, 1883774, 51.2461083305268, 102780, 0, 0.0, 40, 
2019-12-06 17:10:31.425,123125592, 939.9858688100038, 1884493, 50.28295468752095, 102820, 0, 0.0, 40, 
2019-12-06 17:10:32.451,140256720, 939.9858688100038, 1885310, 50.28295468752095, 102857, 0, 0.0, 40, 
2019-12-06 17:10:33.475,162152160, 939.9858688100038, 1886468, 50.28295468752095, 102926, 0, 0.0, 40, 
2019-12-06 17:10:34.505,184325616, 939.9858688100038, 1887627, 50.28295468752095, 102986, 0, 0.0, 40, 
2019-12-06 17:10:35.527,206507664, 939.9858688100038, 1888771, 50.28295468752095, 103050, 0, 0.0, 40, 
2019-12-06 17:10:36.548,227933880, 946.143578751114, 1889964, 50.69209104084849, 103114, 0, 0.0, 40, 
2019-12-06 17:10:37.57,251504768, 946.143578751114, 1891177, 50.69209104084849, 103161, 0, 0.0, 40, 
2019-12-06 17:10:38.592,272745984, 946.143578751114, 1892384, 50.69209104084849, 103225, 0, 0.0, 40, 
2019-12-06 17:10:39.616,295783552, 946.143578751114, 1893619, 50.69209104084849, 103285, 0, 0.0, 40, 
2019-12-06 17:10:40.64,318756664, 946.143578751114, 1894777, 50.69209104084849, 103353, 0, 0.0, 40, 
2019-12-06 17:10:41.661,340399368, 964.0101677169051, 1895875, 51.276399179513064, 103417, 0, 0.0, 40, 
2019-12-06 17:10:42.682,361512864, 964.0101677169051, 1897055, 51.276399179513064, 103480, 0, 0.0, 40, 
2019-12-06 17:10:43.715,97566856, 964.0101677169051, 1898227, 51.276399179513064, 103539, 0, 0.0, 40, 
2019-12-06 17:10:44.742,122553888, 964.0101677169051, 1899437, 51.276399179513064, 103590, 0, 0.0, 40, 
2019-12-06 17:10:45.763,143951288, 964.0101677169051, 1900622, 51.276399179513064, 103660, 0, 0.0, 40, 
2019-12-06 17:10:46.787,166670464, 978.433342352018, 1901818, 51.95790867258108, 103732, 0, 0.0, 40, 
2019-12-06 17:10:47.81,188263360, 978.433342352018, 1902957, 51.95790867258108, 103790, 0, 0.0, 40, 
2019-12-06 17:10:48.832,211926840, 978.433342352018, 1904235, 51.95790867258108, 103851, 0, 0.0, 40, 
2019-12-06 17:10:49.855,234782120, 978.433342352018, 1905473, 51.95790867258108, 103926, 0, 0.0, 40, 
2019-12-06 17:10:50.876,259056976, 978.433342352018, 1906760, 51.95790867258108, 103991, 0, 0.0, 40, 
2019-12-06 17:10:51.899,283885832, 996.7884788458523, 1908067, 53.06466118741922, 104069, 0, 0.0, 40, 
2019-12-06 17:10:52.921,308019640, 996.7884788458523, 1909377, 53.06466118741922, 104134, 0, 0.0, 40, 
2019-12-06 17:10:53.945,331650392, 996.7884788458523, 1910646, 53.06466118741922, 104198, 0, 0.0, 40, 
2019-12-06 17:10:54.969,355257504, 996.7884788458523, 1911949, 53.06466118741922, 104268, 0, 0.0, 40, 
2019-12-06 17:10:55.991,378667040, 1017.2580298813695, 1913178, 54.32278941318505, 104345, 0, 0.0, 40, 
2019-12-06 17:10:57.013,118558952, 1017.2580298813695, 1914502, 54.32278941318505, 104422, 0, 0.0, 40, 
2019-12-06 17:10:58.036,142595864, 1017.2580298813695, 1915801, 54.32278941318505, 104476, 0, 0.0, 40, 
2019-12-06 17:10:59.058,168197472, 1017.2580298813695, 1917104, 54.32278941318505, 104559, 0, 0.0, 40, 
2019-12-06 17:11:00.088,193342712, 1017.2580298813695, 1918419, 54.32278941318505, 104638, 0, 0.0, 40, 
2019-12-06 17:11:01.112,219610952, 1039.6249628549508, 1919813, 55.8001456016711, 104712, 0, 0.0, 40, 
2019-12-06 17:11:02.139,242321824, 1039.6249628549508, 1921129, 55.8001456016711, 104771, 0, 0.0, 40, 
2019-12-06 17:11:03.161,268631472, 1039.6249628549508, 1922572, 55.8001456016711, 104851, 0, 0.0, 40, 
2019-12-06 17:11:04.182,293911944, 1039.6249628549508, 1923910, 55.8001456016711, 104912, 0, 0.0, 40, 
2019-12-06 17:11:05.205,318572896, 1039.6249628549508, 1925285, 55.8001456016711, 104989, 0, 0.0, 40, 
2019-12-06 17:11:06.231,345334840, 1064.3772161660322, 1926756, 56.83955656982305, 105072, 0, 0.0, 40, 
2019-12-06 17:11:07.254,371543320, 1064.3772161660322, 1928129, 56.83955656982305, 105158, 0, 0.0, 40, 
2019-12-06 17:11:08.275,115299584, 1064.3772161660322, 1929589, 56.83955656982305, 105238, 0, 0.0, 40, 
2019-12-06 17:11:09.297,140031000, 1064.3772161660322, 1930996, 56.83955656982305, 105315, 0, 0.0, 40, 
2019-12-06 17:11:10.319,166264488, 1064.3772161660322, 1932380, 56.83955656982305, 105384, 0, 0.0, 40, 
2019-12-06 17:11:11.343,191133136, 1089.293198262317, 1933754, 58.29158545487391, 105451, 0, 0.0, 40, 
2019-12-06 17:11:12.366,216261856, 1089.293198262317, 1935148, 58.29158545487391, 105524, 0, 0.0, 40, 
2019-12-06 17:11:13.388,238849120, 1089.293198262317, 1936329, 58.29158545487391, 105592, 0, 0.0, 40, 
2019-12-06 17:11:14.41,261132624, 1089.293198262317, 1937482, 58.29158545487391, 105660, 0, 0.0, 40, 
2019-12-06 17:11:15.435,285576000, 1089.293198262317, 1938712, 58.29158545487391, 105721, 0, 0.0, 40, 
2019-12-06 17:11:16.458,307339680, 1099.6319992876636, 1939931, 58.82796066673863, 105790, 0, 0.0, 40, 
2019-12-06 17:11:17.48,328893864, 1099.6319992876636, 1941078, 58.82796066673863, 105859, 0, 0.0, 40, 
2019-12-06 17:11:18.502,349004192, 1099.6319992876636, 1942153, 58.82796066673863, 105911, 0, 0.0, 40, 
2019-12-06 17:11:19.526,368272864, 1099.6319992876636, 1943232, 58.82796066673863, 105970, 0, 0.0, 40, 
2019-12-06 17:11:20.549,106787872, 1099.6319992876636, 1944368, 58.82796066673863, 106024, 0, 0.0, 40, 
2019-12-06 17:11:21.572,133845432, 1101.404454761116, 1945817, 58.921671757707, 106096, 0, 0.0, 40, 
2019-12-06 17:11:22.593,161172928, 1101.404454761116, 1947311, 58.921671757707, 106175, 0, 0.0, 40, 
2019-12-06 17:11:23.619,187183112, 1101.404454761116, 1948787, 58.921671757707, 106235, 0, 0.0, 40, 
2019-12-06 17:11:24.641,212112648, 1101.404454761116, 1950230, 58.921671757707, 106312, 0, 0.0, 40, 
2019-12-06 17:11:25.662,238777024, 1101.404454761116, 1951730, 58.921671757707, 106403, 0, 0.0, 40, 
2019-12-06 17:11:26.686,265420848, 1128.3971041992238, 1953189, 60.15925055287902, 106462, 0, 0.0, 40, 
2019-12-06 17:11:27.708,291780216, 1128.3971041992238, 1954724, 60.15925055287902, 106532, 0, 0.0, 40, 
2019-12-06 17:11:28.743,309472624, 1128.3971041992238, 1955645, 60.15925055287902, 106581, 0, 0.0, 40, 
2019-12-06 17:11:29.772,310315456, 1128.3971041992238, 1955645, 60.15925055287902, 106581, 0, 0.0, 40, 
2019-12-06 17:11:30.808,311454144, 1128.3971041992238, 1955645, 60.15925055287902, 106581, 0, 0.0, 40, 
2019-12-06 17:11:31.84,312444648, 1094.4002208350582, 1955645, 57.90776119132403, 106581, 0, 0.0, 40, 
