Timestamp, MemoryUsed, ReadLatency1, ReadCount, WriteLatency1, WriteCount, PendingTasks, WaitingOnCommit1, SRDelay, 
2019-12-06 17:10:29.171,413993920, 962.3355412197589, 1903877, 51.837353457866904, 103507, 0, 0.0, 40, 
2019-12-06 17:10:30.355,434965440, 962.3355412197589, 1904863, 51.837353457866904, 103573, 0, 0.0, 40, 
2019-12-06 17:10:31.424,451742656, 944.3187061167148, 1905572, 50.97084651827423, 103605, 0, 0.0, 40, 
2019-12-06 17:10:32.475,467471296, 944.3187061167148, 1906384, 50.97084651827423, 103651, 0, 0.0, 40, 
2019-12-06 17:10:33.515,490539968, 944.3187061167148, 1907541, 50.97084651827423, 103720, 0, 0.0, 40, 
2019-12-06 17:10:34.55,512560064, 944.3187061167148, 1908678, 50.97084651827423, 103789, 0, 0.0, 40, 
2019-12-06 17:10:35.581,534580160, 944.3187061167148, 1909868, 50.97084651827423, 103852, 0, 0.0, 40, 
2019-12-06 17:10:36.617,558697408, 953.7759562075539, 1911072, 51.78872447275211, 103922, 0, 0.0, 40, 
2019-12-06 17:10:37.641,581766080, 953.7759562075539, 1912316, 51.78872447275211, 103981, 0, 0.0, 40, 
2019-12-06 17:10:38.673,605883328, 953.7759562075539, 1913572, 51.78872447275211, 104047, 0, 0.0, 40, 
2019-12-06 17:10:39.698,631049152, 953.7759562075539, 1914787, 51.78872447275211, 104109, 0, 0.0, 40, 
2019-12-06 17:10:40.732,655166400, 953.7759562075539, 1915930, 51.78872447275211, 104166, 0, 0.0, 40, 
2019-12-06 17:10:41.762,676137920, 970.8404005611559, 1917110, 52.22138617513523, 104218, 0, 0.0, 40, 
2019-12-06 17:10:42.789,698158016, 970.8404005611559, 1918252, 52.22138617513523, 104278, 0, 0.0, 40, 
2019-12-06 17:10:43.82,722275264, 970.8404005611559, 1919461, 52.22138617513523, 104356, 0, 0.0, 40, 
2019-12-06 17:10:44.853,744295360, 970.8404005611559, 1920695, 52.22138617513523, 104410, 0, 0.0, 40, 
2019-12-06 17:10:45.881,768412608, 970.8404005611559, 1921947, 52.22138617513523, 104469, 0, 0.0, 40, 
2019-12-06 17:10:46.994,149818760, 987.0521630238125, 1923198, 53.03522320176436, 104537, 0, 0.0, 40, 
2019-12-06 17:10:48.045,174984584, 987.0521630238125, 1924523, 53.03522320176436, 104607, 0, 0.0, 40, 
2019-12-06 17:10:49.077,200150408, 987.0521630238125, 1925808, 53.03522320176436, 104683, 0, 0.0, 40, 
2019-12-06 17:10:50.104,223219080, 987.0521630238125, 1927056, 53.03522320176436, 104755, 0, 0.0, 40, 
2019-12-06 17:10:51.133,246287752, 987.0521630238125, 1928253, 53.03522320176436, 104812, 0, 0.0, 40, 
2019-12-06 17:10:52.159,269356424, 1004.7501588997766, 1929513, 53.94390058327438, 104870, 0, 0.0, 40, 
2019-12-06 17:10:53.185,294522248, 1004.7501588997766, 1930831, 53.94390058327438, 104947, 0, 0.0, 40, 
2019-12-06 17:10:54.211,318639496, 1004.7501588997766, 1932106, 53.94390058327438, 105002, 0, 0.0, 40, 
2019-12-06 17:10:55.234,342756744, 1004.7501588997766, 1933354, 53.94390058327438, 105086, 0, 0.0, 40, 
2019-12-06 17:10:56.263,370019720, 1004.7501588997766, 1934629, 53.94390058327438, 105160, 0, 0.0, 40, 
2019-12-06 17:10:57.288,394136968, 1023.4637509508589, 1935948, 55.0677642401671, 105235, 0, 0.0, 40, 
2019-12-06 17:10:58.312,418254216, 1023.4637509508589, 1937257, 55.0677642401671, 105308, 0, 0.0, 40, 
2019-12-06 17:10:59.339,444468616, 1023.4637509508589, 1938569, 55.0677642401671, 105378, 0, 0.0, 40, 
2019-12-06 17:11:00.364,468585864, 1023.4637509508589, 1939881, 55.0677642401671, 105446, 0, 0.0, 40, 
2019-12-06 17:11:01.391,494800264, 1023.4637509508589, 1941230, 55.0677642401671, 105518, 0, 0.0, 40, 
2019-12-06 17:11:02.416,522063240, 1044.4709815416788, 1942671, 56.26167989123749, 105590, 0, 0.0, 40, 
2019-12-06 17:11:03.441,547229064, 1044.4709815416788, 1944102, 56.26167989123749, 105654, 0, 0.0, 40, 
2019-12-06 17:11:04.465,575540616, 1044.4709815416788, 1945516, 56.26167989123749, 105738, 0, 0.0, 40, 
2019-12-06 17:11:05.488,601755016, 1044.4709815416788, 1946922, 56.26167989123749, 105809, 0, 0.0, 40, 
2019-12-06 17:11:06.512,627969416, 1072.0020097726244, 1948332, 57.48806425413642, 105883, 0, 0.0, 40, 
2019-12-06 17:11:07.542,653135240, 1072.0020097726244, 1949746, 57.48806425413642, 105956, 0, 0.0, 40, 
2019-12-06 17:11:08.566,680398216, 1072.0020097726244, 1951173, 57.48806425413642, 106033, 0, 0.0, 40, 
2019-12-06 17:11:09.592,706612616, 1072.0020097726244, 1952516, 57.48806425413642, 106108, 0, 0.0, 40, 
2019-12-06 17:11:10.615,731778440, 1072.0020097726244, 1953911, 57.48806425413642, 106190, 0, 0.0, 40, 
2019-12-06 17:11:11.638,764284296, 1096.4042937352085, 1955390, 58.82427685937408, 106268, 0, 0.0, 40, 
2019-12-06 17:11:12.664,788401544, 1096.4042937352085, 1956710, 58.82427685937408, 106349, 0, 0.0, 40, 
2019-12-06 17:11:13.69,172820232, 1096.4042937352085, 1957909, 58.82427685937408, 106415, 0, 0.0, 40, 
2019-12-06 17:11:14.714,195888904, 1096.4042937352085, 1959135, 58.82427685937408, 106480, 0, 0.0, 40, 
2019-12-06 17:11:15.747,220006152, 1096.4042937352085, 1960388, 58.82427685937408, 106538, 0, 0.0, 40, 
2019-12-06 17:11:16.773,242026248, 1105.7427627983916, 1961569, 59.318060418170056, 106600, 0, 0.0, 40, 
2019-12-06 17:11:17.801,265094920, 1105.7427627983916, 1962769, 59.318060418170056, 106646, 0, 0.0, 40, 
2019-12-06 17:11:18.828,287115016, 1105.7427627983916, 1963896, 59.318060418170056, 106703, 0, 0.0, 40, 
2019-12-06 17:11:19.857,309135112, 1105.7427627983916, 1965048, 59.318060418170056, 106778, 0, 0.0, 40, 
