Timestamp, MemoryUsed, ReadLatency1, ReadCount, WriteLatency1, WriteCount, PendingTasks, WaitingOnCommit1, SRDelay, 
2019-12-06 17:10:29.303,373509440, 954.7409483610733, 1882895, 51.2461083305268, 102738, 0, 0.0, 40, 
2019-12-06 17:10:30.37,107644520, 954.7409483610733, 1883763, 51.2461083305268, 102779, 0, 0.0, 40, 
2019-12-06 17:10:31.438,124317976, 939.9858688100038, 1884500, 50.28295468752095, 102820, 0, 0.0, 40, 
2019-12-06 17:10:32.488,141405088, 939.9858688100038, 1885352, 50.28295468752095, 102860, 0, 0.0, 40, 
2019-12-06 17:10:33.533,162720040, 939.9858688100038, 1886508, 50.28295468752095, 102926, 0, 0.0, 40, 
2019-12-06 17:10:34.565,185846808, 939.9858688100038, 1887677, 50.28295468752095, 102986, 0, 0.0, 40, 
2019-12-06 17:10:35.603,207795232, 939.9858688100038, 1888846, 50.28295468752095, 103054, 0, 0.0, 40, 
2019-12-06 17:10:36.628,229735936, 946.143578751114, 1890045, 50.69209104084849, 103117, 0, 0.0, 40, 
2019-12-06 17:10:37.655,253794552, 946.143578751114, 1891263, 50.69209104084849, 103164, 0, 0.0, 40, 
2019-12-06 17:10:38.685,275610352, 946.143578751114, 1892483, 50.69209104084849, 103230, 0, 0.0, 40, 
2019-12-06 17:10:39.714,299512136, 946.143578751114, 1893728, 50.69209104084849, 103293, 0, 0.0, 40, 
2019-12-06 17:10:40.743,320370280, 946.143578751114, 1894865, 50.69209104084849, 103359, 0, 0.0, 40, 
2019-12-06 17:10:41.776,341319664, 964.0101677169051, 1896000, 51.276399179513064, 103422, 0, 0.0, 40, 
2019-12-06 17:10:42.808,365398200, 964.0101677169051, 1897183, 51.276399179513064, 103484, 0, 0.0, 40, 
2019-12-06 17:10:43.832,103921992, 964.0101677169051, 1898343, 51.276399179513064, 103545, 0, 0.0, 40, 
2019-12-06 17:10:44.865,125147176, 964.0101677169051, 1899579, 51.276399179513064, 103596, 0, 0.0, 40, 
2019-12-06 17:10:45.898,148518480, 964.0101677169051, 1900772, 51.276399179513064, 103665, 0, 0.0, 40, 
2019-12-06 17:10:47.028,172094880, 978.433342352018, 1902025, 51.95790867258108, 103746, 0, 0.0, 40, 
2019-12-06 17:10:48.057,194775568, 978.433342352018, 1903272, 51.95790867258108, 103804, 0, 0.0, 40, 
2019-12-06 17:10:49.089,218464912, 978.433342352018, 1904540, 51.95790867258108, 103871, 0, 0.0, 40, 
2019-12-06 17:10:50.121,240591992, 978.433342352018, 1905772, 51.95790867258108, 103945, 0, 0.0, 40, 
2019-12-06 17:10:51.145,264316936, 996.7884788458523, 1907096, 53.06466118741922, 104017, 0, 0.0, 40, 
2019-12-06 17:10:52.172,291055840, 996.7884788458523, 1908389, 53.06466118741922, 104085, 0, 0.0, 40, 
2019-12-06 17:10:53.196,313597584, 996.7884788458523, 1909689, 53.06466118741922, 104151, 0, 0.0, 40, 
2019-12-06 17:10:54.223,339165480, 996.7884788458523, 1911013, 53.06466118741922, 104220, 0, 0.0, 40, 
2019-12-06 17:10:55.25,362276080, 996.7884788458523, 1912284, 53.06466118741922, 104287, 0, 0.0, 40, 
2019-12-06 17:10:56.276,102808672, 1017.2580298813695, 1913540, 54.32278941318505, 104372, 0, 0.0, 40, 
2019-12-06 17:10:57.299,124914872, 1017.2580298813695, 1914856, 54.32278941318505, 104440, 0, 0.0, 40, 
2019-12-06 17:10:58.325,149737544, 1017.2580298813695, 1916170, 54.32278941318505, 104501, 0, 0.0, 40, 
2019-12-06 17:10:59.351,176235440, 1017.2580298813695, 1917450, 54.32278941318505, 104577, 0, 0.0, 40, 
2019-12-06 17:11:00.376,200191808, 1017.2580298813695, 1918822, 54.32278941318505, 104660, 0, 0.0, 40, 
2019-12-06 17:11:01.402,226269992, 1039.6249628549508, 1920192, 55.8001456016711, 104732, 0, 0.0, 40, 
2019-12-06 17:11:02.428,251811512, 1039.6249628549508, 1921547, 55.8001456016711, 104788, 0, 0.0, 40, 
2019-12-06 17:11:03.452,276868544, 1039.6249628549508, 1922958, 55.8001456016711, 104869, 0, 0.0, 40, 
2019-12-06 17:11:04.475,301759960, 1039.6249628549508, 1924340, 55.8001456016711, 104937, 0, 0.0, 40, 
2019-12-06 17:11:05.499,328206632, 1039.6249628549508, 1925725, 55.8001456016711, 105012, 0, 0.0, 40, 
2019-12-06 17:11:06.525,354038616, 1064.3772161660322, 1927163, 56.83955656982305, 105103, 0, 0.0, 40, 
2019-12-06 17:11:07.553,379422504, 1064.3772161660322, 1928554, 56.83955656982305, 105180, 0, 0.0, 40, 
2019-12-06 17:11:08.577,122962152, 1064.3772161660322, 1930017, 56.83955656982305, 105257, 0, 0.0, 40, 
2019-12-06 17:11:09.603,148931952, 1064.3772161660322, 1931396, 56.83955656982305, 105334, 0, 0.0, 40, 
2019-12-06 17:11:10.626,173136544, 1064.3772161660322, 1932800, 56.83955656982305, 105404, 0, 0.0, 40, 
2019-12-06 17:11:11.651,198832768, 1089.293198262317, 1934173, 58.29158545487391, 105480, 0, 0.0, 40, 
2019-12-06 17:11:12.677,223981200, 1089.293198262317, 1935539, 58.29158545487391, 105548, 0, 0.0, 40, 
2019-12-06 17:11:13.701,246226560, 1089.293198262317, 1936651, 58.29158545487391, 105612, 0, 0.0, 40, 
2019-12-06 17:11:14.732,270033448, 1089.293198262317, 1937883, 58.29158545487391, 105670, 0, 0.0, 40, 
2019-12-06 17:11:15.759,290799568, 1089.293198262317, 1939088, 58.29158545487391, 105743, 0, 0.0, 40, 
2019-12-06 17:11:16.787,313215968, 1099.6319992876636, 1940297, 58.82796066673863, 105813, 0, 0.0, 40, 
2019-12-06 17:11:17.813,334835928, 1099.6319992876636, 1941420, 58.82796066673863, 105873, 0, 0.0, 40, 
2019-12-06 17:11:18.841,355824880, 1099.6319992876636, 1942492, 58.82796066673863, 105936, 0, 0.0, 40, 
2019-12-06 17:11:19.875,378004840, 1099.6319992876636, 1943655, 58.82796066673863, 105989, 0, 0.0, 40, 
