Timestamp, MemoryUsed, ReadLatency1, ReadCount, WriteLatency1, WriteCount, PendingTasks, WaitingOnCommit1, SRDelay, 
2019-12-06 17:07:10.005,377483264, 88.9531101574714, 1730805, 8.955666237224598, 94333, 0, 0.0, 40, 
2019-12-06 17:07:11.112,97491208, 89.24469936961314, 1731122, 8.431504105732525, 94348, 0, 0.0, 40, 
2019-12-06 17:07:12.152,109441688, 89.24469936961314, 1731657, 8.431504105732525, 94379, 0, 0.0, 40, 
2019-12-06 17:07:13.202,125751336, 89.24469936961314, 1732413, 8.431504105732525, 94420, 0, 0.0, 40, 
2019-12-06 17:07:14.239,139673016, 89.24469936961314, 1733060, 8.431504105732525, 94450, 0, 0.0, 40, 
2019-12-06 17:07:15.271,154740872, 89.24469936961314, 1733768, 8.431504105732525, 94483, 0, 0.0, 40, 
2019-12-06 17:07:16.308,169664632, 131.95339911036552, 1734498, 10.347919225413342, 94519, 0, 0.0, 40, 
2019-12-06 17:07:17.34,183855976, 131.95339911036552, 1735255, 10.347919225413342, 94559, 0, 0.0, 40, 
2019-12-06 17:07:18.369,199588848, 131.95339911036552, 1736035, 10.347919225413342, 94598, 0, 0.0, 40, 
2019-12-06 17:07:19.401,216287864, 131.95339911036552, 1736870, 10.347919225413342, 94635, 0, 0.0, 40, 
2019-12-06 17:07:20.437,231928688, 131.95339911036552, 1737702, 10.347919225413342, 94673, 0, 0.0, 40, 
2019-12-06 17:07:21.475,242534216, 180.71404107081366, 1738136, 12.36696412557303, 94692, 0, 0.0, 40, 
2019-12-06 17:07:22.503,253298384, 180.71404107081366, 1738625, 12.36696412557303, 94711, 0, 0.0, 40, 
2019-12-06 17:07:23.538,265250128, 180.71404107081366, 1739129, 12.36696412557303, 94745, 0, 0.0, 40, 
2019-12-06 17:07:24.567,276709616, 180.71404107081366, 1739645, 12.36696412557303, 94768, 0, 0.0, 40, 
2019-12-06 17:07:25.596,289837992, 180.71404107081366, 1740219, 12.36696412557303, 94799, 0, 0.0, 40, 
2019-12-06 17:07:26.629,303341280, 205.8269677737071, 1740910, 13.361054786847461, 94838, 0, 0.0, 40, 
2019-12-06 17:07:27.662,320083352, 205.8269677737071, 1741715, 13.361054786847461, 94873, 0, 0.0, 40, 
2019-12-06 17:07:28.691,336218624, 205.8269677737071, 1742551, 13.361054786847461, 94909, 0, 0.0, 40, 
2019-12-06 17:07:29.718,354013488, 205.8269677737071, 1743365, 13.361054786847461, 94961, 0, 0.0, 40, 
2019-12-06 17:07:30.745,370510984, 251.68733531819436, 1744180, 13.361054786847461, 95000, 0, 0.0, 40, 
2019-12-06 17:07:31.772,105477792, 251.68733531819436, 1745006, 15.411031659651782, 95051, 0, 0.0, 40, 
2019-12-06 17:07:32.8,121342544, 251.68733531819436, 1745829, 15.411031659651782, 95094, 0, 0.0, 40, 
2019-12-06 17:07:33.824,136736888, 251.68733531819436, 1746659, 15.411031659651782, 95142, 0, 0.0, 40, 
2019-12-06 17:07:34.849,154303360, 251.68733531819436, 1747463, 15.411031659651782, 95177, 0, 0.0, 40, 
2019-12-06 17:07:35.875,169860280, 295.9437644329112, 1748292, 17.664897124299795, 95223, 0, 0.0, 40, 
2019-12-06 17:07:36.905,186670528, 295.9437644329112, 1749189, 17.664897124299795, 95270, 0, 0.0, 40, 
2019-12-06 17:07:37.93,203990608, 295.9437644329112, 1750038, 17.664897124299795, 95322, 0, 0.0, 40, 
2019-12-06 17:07:38.955,221956144, 295.9437644329112, 1750906, 17.664897124299795, 95367, 0, 0.0, 40, 
2019-12-06 17:07:39.981,239363872, 295.9437644329112, 1751837, 17.664897124299795, 95417, 0, 0.0, 40, 
2019-12-06 17:07:41.008,260932984, 341.618891144327, 1752815, 19.96242909541302, 95461, 0, 0.0, 40, 
2019-12-06 17:07:42.036,279250184, 341.618891144327, 1753784, 19.96242909541302, 95503, 0, 0.0, 40, 
2019-12-06 17:07:43.068,296741928, 341.618891144327, 1754732, 19.96242909541302, 95559, 0, 0.0, 40, 
2019-12-06 17:07:44.094,314361408, 341.618891144327, 1755639, 19.96242909541302, 95613, 0, 0.0, 40, 
2019-12-06 17:07:45.119,332924152, 341.618891144327, 1756607, 19.96242909541302, 95670, 0, 0.0, 40, 
2019-12-06 17:07:46.143,352086960, 389.6706874996007, 1757563, 22.508020713869698, 95722, 0, 0.0, 40, 
2019-12-06 17:07:47.169,372908344, 389.6706874996007, 1758653, 22.508020713869698, 95778, 0, 0.0, 40, 
2019-12-06 17:07:48.196,108486456, 389.6706874996007, 1759756, 22.508020713869698, 95827, 0, 0.0, 40, 
2019-12-06 17:07:49.221,129806632, 389.6706874996007, 1760867, 22.508020713869698, 95881, 0, 0.0, 40, 
2019-12-06 17:07:50.245,152784360, 389.6706874996007, 1761998, 22.508020713869698, 95933, 0, 0.0, 40, 
2019-12-06 17:07:51.27,174569104, 443.36320677413823, 1763130, 24.57822907409768, 95980, 0, 0.0, 40, 
2019-12-06 17:07:52.293,196985552, 443.36320677413823, 1764290, 24.57822907409768, 96045, 0, 0.0, 40, 
2019-12-06 17:07:53.317,217515864, 443.36320677413823, 1765408, 24.57822907409768, 96133, 0, 0.0, 40, 
2019-12-06 17:07:54.345,240050576, 443.36320677413823, 1766553, 24.57822907409768, 96199, 0, 0.0, 40, 
2019-12-06 17:07:55.369,261577992, 443.36320677413823, 1767737, 24.57822907409768, 96251, 0, 0.0, 40, 
2019-12-06 17:07:56.392,284252488, 497.9598222891477, 1768978, 27.85814878142001, 96326, 0, 0.0, 40, 
2019-12-06 17:07:57.418,305071808, 497.9598222891477, 1770131, 27.85814878142001, 96390, 0, 0.0, 40, 
2019-12-06 17:07:58.445,329173640, 497.9598222891477, 1771376, 27.85814878142001, 96444, 0, 0.0, 40, 
2019-12-06 17:07:59.475,350732528, 497.9598222891477, 1772587, 27.85814878142001, 96505, 0, 0.0, 40, 
2019-12-06 17:08:00.5,372678576, 497.9598222891477, 1773809, 27.85814878142001, 96572, 0, 0.0, 40, 
2019-12-06 17:08:01.524,113871136, 552.4127883589686, 1775049, 30.63595383246253, 96651, 0, 0.0, 40, 
2019-12-06 17:08:02.55,136381800, 552.4127883589686, 1776272, 30.63595383246253, 96722, 0, 0.0, 40, 
2019-12-06 17:08:03.58,161133904, 552.4127883589686, 1777591, 30.63595383246253, 96791, 0, 0.0, 40, 
2019-12-06 17:08:04.612,183468456, 552.4127883589686, 1778812, 30.63595383246253, 96877, 0, 0.0, 40, 
2019-12-06 17:08:05.637,206561944, 552.4127883589686, 1780044, 30.63595383246253, 96944, 0, 0.0, 40, 
2019-12-06 17:08:06.66,229290072, 605.5662390126672, 1781323, 33.975222591235955, 97016, 0, 0.0, 40, 
2019-12-06 17:08:07.683,254556864, 605.5662390126672, 1782590, 33.975222591235955, 97091, 0, 0.0, 40, 
2019-12-06 17:08:08.712,279746936, 605.5662390126672, 1783976, 33.975222591235955, 97179, 0, 0.0, 40, 
2019-12-06 17:08:09.742,304396824, 605.5662390126672, 1785289, 33.975222591235955, 97246, 0, 0.0, 40, 
2019-12-06 17:08:10.765,328430776, 660.1306298491218, 1786636, 36.967542576320966, 97313, 0, 0.0, 40, 
2019-12-06 17:08:11.789,355465008, 660.1306298491218, 1788129, 36.967542576320966, 97396, 0, 0.0, 40, 
2019-12-06 17:08:12.815,381463984, 660.1306298491218, 1789587, 36.967542576320966, 97484, 0, 0.0, 40, 
2019-12-06 17:08:13.843,125363232, 660.1306298491218, 1791063, 36.967542576320966, 97546, 0, 0.0, 40, 
2019-12-06 17:08:14.871,144227192, 660.1306298491218, 1792135, 36.967542576320966, 97622, 0, 0.0, 40, 
2019-12-06 17:08:15.907,170740136, 713.6424541101994, 1793509, 40.08840555808723, 97708, 0, 0.0, 40, 
2019-12-06 17:08:16.939,196109600, 713.6424541101994, 1794918, 40.08840555808723, 97783, 0, 0.0, 40, 
2019-12-06 17:08:17.962,218691120, 713.6424541101994, 1796221, 40.08840555808723, 97851, 0, 0.0, 40, 
2019-12-06 17:08:18.992,245179680, 713.6424541101994, 1797804, 40.08840555808723, 97929, 0, 0.0, 40, 
2019-12-06 17:08:20.014,273707448, 713.6424541101994, 1799397, 40.08840555808723, 98017, 0, 0.0, 40, 
2019-12-06 17:08:21.045,300515904, 771.8467258168197, 1800951, 42.975729230358844, 98095, 0, 0.0, 40, 
2019-12-06 17:08:22.071,328943704, 771.8467258168197, 1802481, 42.975729230358844, 98176, 0, 0.0, 40, 
2019-12-06 17:08:23.094,355555552, 771.8467258168197, 1803955, 42.975729230358844, 98251, 0, 0.0, 40, 
2019-12-06 17:08:24.123,379764952, 771.8467258168197, 1805351, 42.975729230358844, 98328, 0, 0.0, 40, 
2019-12-06 17:08:25.152,114462848, 771.8467258168197, 1806577, 42.975729230358844, 98387, 0, 0.0, 40, 
2019-12-06 17:08:26.176,142450448, 822.3749197810515, 1808150, 45.18444397018358, 98475, 0, 0.0, 40, 
2019-12-06 17:08:27.198,167255104, 822.3749197810515, 1809591, 45.18444397018358, 98562, 0, 0.0, 40, 
2019-12-06 17:08:28.222,193422040, 822.3749197810515, 1811038, 45.18444397018358, 98644, 0, 0.0, 40, 
2019-12-06 17:08:29.247,220577768, 822.3749197810515, 1812558, 45.18444397018358, 98718, 0, 0.0, 40, 
2019-12-06 17:08:30.27,246611104, 822.3749197810515, 1814090, 45.18444397018358, 98779, 0, 0.0, 40, 
2019-12-06 17:08:31.295,273263880, 872.5890326974238, 1815539, 47.95215101547901, 98878, 0, 0.0, 40, 
2019-12-06 17:08:32.322,299716488, 872.5890326974238, 1817053, 47.95215101547901, 98969, 0, 0.0, 40, 
2019-12-06 17:08:33.348,326102192, 872.5890326974238, 1818566, 47.95215101547901, 99039, 0, 0.0, 40, 
2019-12-06 17:08:34.38,352150760, 872.5890326974238, 1820035, 47.95215101547901, 99110, 0, 0.0, 40, 
2019-12-06 17:08:35.408,378377808, 872.5890326974238, 1821547, 47.95215101547901, 99186, 0, 0.0, 40, 
2019-12-06 17:08:36.431,119614848, 918.5963534168086, 1822983, 50.24270655064713, 99255, 0, 0.0, 40, 
2019-12-06 17:08:37.461,146732328, 918.5963534168086, 1824457, 50.24270655064713, 99341, 0, 0.0, 40, 
2019-12-06 17:08:38.49,172613856, 918.5963534168086, 1825888, 50.24270655064713, 99415, 0, 0.0, 40, 
2019-12-06 17:08:39.56,197023416, 918.5963534168086, 1827345, 50.24270655064713, 99496, 0, 0.0, 40, 
2019-12-06 17:08:40.582,219782368, 918.5963534168086, 1828592, 50.24270655064713, 99562, 0, 0.0, 40, 
2019-12-06 17:08:41.611,244603672, 953.9210225982673, 1830006, 52.078270386916536, 99643, 0, 0.0, 40, 
2019-12-06 17:08:42.645,269629064, 953.9210225982673, 1831455, 52.078270386916536, 99716, 0, 0.0, 40, 
2019-12-06 17:08:43.67,297023136, 953.9210225982673, 1832946, 52.078270386916536, 99793, 0, 0.0, 40, 
2019-12-06 17:08:44.694,322174080, 953.9210225982673, 1834389, 52.078270386916536, 99872, 0, 0.0, 40, 
2019-12-06 17:08:45.717,347915424, 953.9210225982673, 1835875, 52.078270386916536, 99951, 0, 0.0, 40, 
2019-12-06 17:08:46.745,374783720, 991.4744801727237, 1837412, 53.974955164135544, 100018, 0, 0.0, 40, 
2019-12-06 17:08:47.77,116993760, 991.4744801727237, 1838883, 53.974955164135544, 100098, 0, 0.0, 40, 
2019-12-06 17:08:48.799,143844248, 991.4744801727237, 1840429, 53.974955164135544, 100178, 0, 0.0, 40, 
2019-12-06 17:08:49.824,169530944, 991.4744801727237, 1841867, 53.974955164135544, 100260, 0, 0.0, 40, 
2019-12-06 17:08:50.849,195560488, 1028.8877390203918, 1843369, 55.560078228987, 100324, 0, 0.0, 40, 
2019-12-06 17:08:51.876,223249256, 1028.8877390203918, 1844902, 55.560078228987, 100410, 0, 0.0, 40, 
2019-12-06 17:08:52.899,250966040, 1028.8877390203918, 1846438, 55.560078228987, 100494, 0, 0.0, 40, 
2019-12-06 17:08:53.922,276012824, 1028.8877390203918, 1847954, 55.560078228987, 100575, 0, 0.0, 40, 
2019-12-06 17:08:54.948,302589456, 1028.8877390203918, 1849399, 55.560078228987, 100660, 0, 0.0, 40, 
2019-12-06 17:08:55.973,328276664, 1064.0611813587543, 1850893, 57.37026642693467, 100724, 0, 0.0, 40, 
2019-12-06 17:08:56.999,356066768, 1064.0611813587543, 1852469, 57.37026642693467, 100806, 0, 0.0, 40, 
2019-12-06 17:08:58.04,100156368, 1064.0611813587543, 1853912, 57.37026642693467, 100877, 0, 0.0, 40, 
2019-12-06 17:08:59.069,127151944, 1064.0611813587543, 1855497, 57.37026642693467, 100951, 0, 0.0, 40, 
2019-12-06 17:09:00.098,154873352, 1064.0611813587543, 1857011, 57.37026642693467, 101016, 0, 0.0, 40, 
2019-12-06 17:09:01.123,179234544, 1096.870061803527, 1858484, 58.284137465399986, 101090, 0, 0.0, 40, 
2019-12-06 17:09:02.153,206268304, 1096.870061803527, 1859955, 58.284137465399986, 101186, 0, 0.0, 40, 
2019-12-06 17:09:03.179,232653064, 1096.870061803527, 1861453, 58.284137465399986, 101278, 0, 0.0, 40, 
2019-12-06 17:09:04.203,259217016, 1096.870061803527, 1862974, 58.284137465399986, 101368, 0, 0.0, 40, 
2019-12-06 17:09:05.23,284830248, 1096.870061803527, 1864387, 58.284137465399986, 101428, 0, 0.0, 40, 
2019-12-06 17:09:06.255,311216464, 1124.6890036800094, 1865912, 60.10039755155375, 101502, 0, 0.0, 40, 
2019-12-06 17:09:07.279,339388752, 1124.6890036800094, 1867424, 60.10039755155375, 101580, 0, 0.0, 40, 
2019-12-06 17:09:08.31,362675912, 1124.6890036800094, 1868876, 60.10039755155375, 101651, 0, 0.0, 40, 
2019-12-06 17:09:09.344,102949088, 1124.6890036800094, 1870283, 60.10039755155375, 101731, 0, 0.0, 40, 
2019-12-06 17:09:10.368,130231936, 1124.6890036800094, 1871753, 60.10039755155375, 101791, 0, 0.0, 40, 
2019-12-06 17:09:11.394,155799256, 1148.7005451840253, 1873163, 61.227739518813095, 101867, 0, 0.0, 40, 
2019-12-06 17:09:12.422,176117680, 1148.7005451840253, 1874262, 61.227739518813095, 101933, 0, 0.0, 40, 
2019-12-06 17:09:13.446,195383544, 1148.7005451840253, 1875297, 61.227739518813095, 101993, 0, 0.0, 40, 
2019-12-06 17:09:14.471,213959880, 1148.7005451840253, 1876221, 61.227739518813095, 102034, 0, 0.0, 40, 
2019-12-06 17:09:15.495,231203656, 1148.7005451840253, 1877214, 61.227739518813095, 102082, 0, 0.0, 40, 
2019-12-06 17:09:16.519,247835120, 1139.8334271759093, 1878127, 60.52191243808654, 102129, 0, 0.0, 40, 
2019-12-06 17:09:17.552,268436576, 1139.8334271759093, 1879212, 60.52191243808654, 102180, 0, 0.0, 40, 
2019-12-06 17:09:18.581,289711400, 1139.8334271759093, 1880348, 60.52191243808654, 102239, 0, 0.0, 40, 
2019-12-06 17:09:19.612,308063056, 1139.8334271759093, 1881275, 60.52191243808654, 102281, 0, 0.0, 40, 
2019-12-06 17:09:20.637,325185216, 1139.8334271759093, 1882215, 60.52191243808654, 102326, 0, 0.0, 40, 
2019-12-06 17:09:21.67,342686016, 1126.0144293344395, 1883135, 59.47274224791657, 102365, 0, 0.0, 40, 
2019-12-06 17:09:22.695,361064752, 1126.0144293344395, 1884131, 59.47274224791657, 102415, 0, 0.0, 40, 
2019-12-06 17:09:23.722,378376440, 1126.0144293344395, 1884997, 59.47274224791657, 102454, 0, 0.0, 40, 
2019-12-06 17:09:24.751,109929488, 1126.0144293344395, 1885855, 59.47274224791657, 102498, 0, 0.0, 40, 
2019-12-06 17:09:25.773,126885720, 1106.5041127981126, 1886728, 58.09169003052758, 102542, 0, 0.0, 40, 
2019-12-06 17:09:26.796,145296896, 1106.5041127981126, 1887699, 58.09169003052758, 102589, 0, 0.0, 40, 
2019-12-06 17:09:27.821,163920104, 1106.5041127981126, 1888672, 58.09169003052758, 102634, 0, 0.0, 40, 
2019-12-06 17:09:28.844,180115104, 1106.5041127981126, 1889547, 58.09169003052758, 102684, 0, 0.0, 40, 
2019-12-06 17:09:29.866,196185744, 1106.5041127981126, 1890380, 58.09169003052758, 102734, 0, 0.0, 40, 
2019-12-06 17:09:30.889,214884608, 1089.7850710559235, 1891313, 57.25282081260905, 102784, 0, 0.0, 40, 
2019-12-06 17:09:31.913,234260568, 1089.7850710559235, 1892304, 57.25282081260905, 102827, 0, 0.0, 40, 
2019-12-06 17:09:32.94,252504528, 1089.7850710559235, 1893281, 57.25282081260905, 102874, 0, 0.0, 40, 
2019-12-06 17:09:33.969,269681080, 1089.7850710559235, 1894215, 57.25282081260905, 102933, 0, 0.0, 40, 
2019-12-06 17:09:34.993,285835560, 1089.7850710559235, 1895134, 57.25282081260905, 102968, 0, 0.0, 40, 
2019-12-06 17:09:36.025,304360440, 1076.657557590521, 1896054, 56.4170594057621, 103024, 0, 0.0, 40, 
2019-12-06 17:09:37.051,320998488, 1076.657557590521, 1896916, 56.4170594057621, 103072, 0, 0.0, 40, 
2019-12-06 17:09:38.074,336839624, 1076.657557590521, 1897726, 56.4170594057621, 103113, 0, 0.0, 40, 
2019-12-06 17:09:39.095,354170576, 1076.657557590521, 1898664, 56.4170594057621, 103154, 0, 0.0, 40, 
2019-12-06 17:09:40.12,370366288, 1076.657557590521, 1899589, 56.4170594057621, 103207, 0, 0.0, 40, 
2019-12-06 17:09:41.144,100754928, 1059.5744425045018, 1900438, 55.66411290850396, 103265, 0, 0.0, 40, 
2019-12-06 17:09:42.17,119279992, 1059.5744425045018, 1901375, 55.66411290850396, 103314, 0, 0.0, 40, 
2019-12-06 17:09:43.196,139878968, 1059.5744425045018, 1902453, 55.66411290850396, 103385, 0, 0.0, 40, 
2019-12-06 17:09:44.219,155863392, 1059.5744425045018, 1903299, 55.66411290850396, 103425, 0, 0.0, 40, 
2019-12-06 17:09:45.242,172250504, 1059.5744425045018, 1904149, 55.66411290850396, 103468, 0, 0.0, 40, 
2019-12-06 17:09:46.265,188557088, 1045.5842585291464, 1904970, 55.08330650870584, 103508, 0, 0.0, 40, 
2019-12-06 17:09:47.288,203780544, 1045.5842585291464, 1905803, 55.08330650870584, 103553, 0, 0.0, 40, 
2019-12-06 17:09:48.319,221300760, 1045.5842585291464, 1906717, 55.08330650870584, 103595, 0, 0.0, 40, 
2019-12-06 17:09:49.345,238811840, 1045.5842585291464, 1907694, 55.08330650870584, 103640, 0, 0.0, 40, 
2019-12-06 17:09:50.375,261288264, 1045.5842585291464, 1908531, 55.08330650870584, 103696, 0, 0.0, 40, 
2019-12-06 17:09:51.4,285681720, 1030.6658049174948, 1909423, 54.277089834330305, 103750, 0, 0.0, 40, 
2019-12-06 17:09:52.428,302197648, 1030.6658049174948, 1910297, 54.277089834330305, 103799, 0, 0.0, 40, 
2019-12-06 17:09:53.46,319897552, 1030.6658049174948, 1911201, 54.277089834330305, 103863, 0, 0.0, 40, 
2019-12-06 17:09:54.493,338546048, 1030.6658049174948, 1912101, 54.277089834330305, 103932, 0, 0.0, 40, 
2019-12-06 17:09:55.516,355060336, 1030.6658049174948, 1913004, 54.277089834330305, 103991, 0, 0.0, 40, 
2019-12-06 17:09:56.546,372637544, 1017.8836409045622, 1913985, 54.67070399835369, 104052, 0, 0.0, 40, 
2019-12-06 17:09:57.576,110791152, 1017.8836409045622, 1914988, 54.67070399835369, 104101, 0, 0.0, 40, 
2019-12-06 17:09:58.598,128467056, 1017.8836409045622, 1915912, 54.67070399835369, 104138, 0, 0.0, 40, 
2019-12-06 17:09:59.623,146197216, 1017.8836409045622, 1916850, 54.67070399835369, 104191, 0, 0.0, 40, 
2019-12-06 17:10:00.647,163032328, 1017.8836409045622, 1917698, 54.67070399835369, 104230, 0, 0.0, 40, 
2019-12-06 17:10:01.671,179596304, 1009.721483639268, 1918587, 53.81752161384809, 104267, 0, 0.0, 40, 
2019-12-06 17:10:02.694,195912720, 1009.721483639268, 1919481, 53.81752161384809, 104320, 0, 0.0, 40, 
2019-12-06 17:10:03.717,214840200, 1009.721483639268, 1920448, 53.81752161384809, 104378, 0, 0.0, 40, 
2019-12-06 17:10:04.745,233659328, 1009.721483639268, 1921463, 53.81752161384809, 104422, 0, 0.0, 40, 
2019-12-06 17:10:05.767,251586696, 1003.0594656409371, 1922429, 53.22444933121322, 104465, 0, 0.0, 40, 
2019-12-06 17:10:06.792,269003640, 1003.0594656409371, 1923298, 53.22444933121322, 104510, 0, 0.0, 40, 
2019-12-06 17:10:07.815,286819304, 1003.0594656409371, 1924244, 53.22444933121322, 104565, 0, 0.0, 40, 
2019-12-06 17:10:08.839,304391200, 1003.0594656409371, 1925193, 53.22444933121322, 104615, 0, 0.0, 40, 
2019-12-06 17:10:09.864,322279984, 1003.0594656409371, 1926140, 53.22444933121322, 104671, 0, 0.0, 40, 
2019-12-06 17:10:10.891,340061992, 995.8427172303715, 1927114, 52.79073430962249, 104710, 0, 0.0, 40, 
2019-12-06 17:10:11.931,358640600, 995.8427172303715, 1928065, 52.79073430962249, 104770, 0, 0.0, 40, 
2019-12-06 17:10:12.956,375127992, 995.8427172303715, 1928919, 52.79073430962249, 104818, 0, 0.0, 40, 
2019-12-06 17:10:13.981,108939296, 995.8427172303715, 1929822, 52.79073430962249, 104866, 0, 0.0, 40, 
2019-12-06 17:10:15.009,123785008, 995.8427172303715, 1930714, 52.79073430962249, 104909, 0, 0.0, 40, 
2019-12-06 17:10:16.033,142787760, 986.9162584218442, 1931657, 52.39169722646711, 104957, 0, 0.0, 40, 
2019-12-06 17:10:17.055,162028560, 986.9162584218442, 1932663, 52.39169722646711, 105011, 0, 0.0, 40, 
2019-12-06 17:10:18.081,180802000, 986.9162584218442, 1933684, 52.39169722646711, 105060, 0, 0.0, 40, 
2019-12-06 17:10:19.105,201250624, 986.9162584218442, 1934805, 52.39169722646711, 105121, 0, 0.0, 40, 
2019-12-06 17:10:20.13,221243824, 986.9162584218442, 1935911, 52.39169722646711, 105172, 0, 0.0, 40, 
2019-12-06 17:10:21.164,241384864, 991.6403335656154, 1936998, 52.50429889910407, 105236, 0, 0.0, 40, 
2019-12-06 17:10:22.187,259353704, 991.6403335656154, 1937965, 52.50429889910407, 105288, 0, 0.0, 40, 
2019-12-06 17:10:23.212,278159752, 991.6403335656154, 1938928, 52.50429889910407, 105344, 0, 0.0, 40, 
2019-12-06 17:10:24.238,295691712, 991.6403335656154, 1939903, 52.50429889910407, 105396, 0, 0.0, 40, 
2019-12-06 17:10:25.263,313551000, 991.6403335656154, 1940834, 52.50429889910407, 105433, 0, 0.0, 40, 
2019-12-06 17:10:26.285,330787928, 985.672422003114, 1941720, 52.0482083414969, 105471, 0, 0.0, 40, 
2019-12-06 17:10:27.319,348854568, 985.672422003114, 1942651, 52.0482083414969, 105513, 0, 0.0, 40, 
2019-12-06 17:10:28.342,362896448, 985.672422003114, 1943368, 52.0482083414969, 105555, 0, 0.0, 40, 
2019-12-06 17:10:29.364,376275744, 985.672422003114, 1944043, 52.0482083414969, 105593, 0, 0.0, 40, 
2019-12-06 17:10:30.389,111652200, 985.672422003114, 1944858, 52.0482083414969, 105634, 0, 0.0, 40, 
2019-12-06 17:10:31.416,126135224, 969.3397009267691, 1945586, 51.06889567381051, 105666, 0, 0.0, 40, 
2019-12-06 17:10:32.445,141056448, 969.3397009267691, 1946396, 51.06889567381051, 105716, 0, 0.0, 40, 
2019-12-06 17:10:33.47,163451232, 969.3397009267691, 1947565, 51.06889567381051, 105780, 0, 0.0, 40, 
2019-12-06 17:10:34.499,185329424, 969.3397009267691, 1948729, 51.06889567381051, 105835, 0, 0.0, 40, 
2019-12-06 17:10:35.521,207481152, 969.3397009267691, 1949936, 51.06889567381051, 105904, 0, 0.0, 40, 
2019-12-06 17:10:36.543,231289560, 972.7346389941832, 1951151, 51.39920053843832, 105965, 0, 0.0, 40, 
2019-12-06 17:10:37.565,253391152, 972.7346389941832, 1952375, 51.39920053843832, 106024, 0, 0.0, 40, 
2019-12-06 17:10:38.587,275278312, 972.7346389941832, 1953582, 51.39920053843832, 106087, 0, 0.0, 40, 
2019-12-06 17:10:39.61,298347816, 972.7346389941832, 1954826, 51.39920053843832, 106141, 0, 0.0, 40, 
2019-12-06 17:10:40.635,322648816, 972.7346389941832, 1956058, 51.39920053843832, 106200, 0, 0.0, 40, 
2019-12-06 17:10:41.656,343073144, 990.4580226898057, 1957215, 51.84701573793126, 106249, 0, 0.0, 40, 
2019-12-06 17:10:42.677,366882336, 990.4580226898057, 1958471, 51.84701573793126, 106297, 0, 0.0, 40, 
2019-12-06 17:10:43.699,106173160, 990.4580226898057, 1959746, 51.84701573793126, 106359, 0, 0.0, 40, 
2019-12-06 17:10:44.737,129426168, 990.4580226898057, 1960996, 51.84701573793126, 106432, 0, 0.0, 40, 
2019-12-06 17:10:45.758,153428184, 1009.0350614918227, 1962286, 52.450919015900475, 106504, 0, 0.0, 40, 
2019-12-06 17:10:46.782,177528760, 1009.0350614918227, 1963576, 52.450919015900475, 106573, 0, 0.0, 40, 
2019-12-06 17:10:47.805,199796472, 1009.0350614918227, 1964764, 52.450919015900475, 106642, 0, 0.0, 40, 
2019-12-06 17:10:48.827,223735648, 1009.0350614918227, 1966057, 52.450919015900475, 106702, 0, 0.0, 40, 
2019-12-06 17:10:49.849,248076552, 1009.0350614918227, 1967375, 52.450919015900475, 106773, 0, 0.0, 40, 
2019-12-06 17:10:50.871,271134584, 1027.5979450527911, 1968654, 53.3263591952551, 106831, 0, 0.0, 40, 
2019-12-06 17:10:51.894,294311664, 1027.5979450527911, 1969944, 53.3263591952551, 106893, 0, 0.0, 40, 
2019-12-06 17:10:52.916,320352192, 1027.5979450527911, 1971284, 53.3263591952551, 106970, 0, 0.0, 40, 
2019-12-06 17:10:53.938,344747648, 1027.5979450527911, 1972598, 53.3263591952551, 107031, 0, 0.0, 40, 
2019-12-06 17:10:54.964,368195264, 1027.5979450527911, 1973887, 53.3263591952551, 107090, 0, 0.0, 40, 
2019-12-06 17:10:55.985,108509008, 1046.7554676121122, 1975112, 54.17977639383482, 107154, 0, 0.0, 40, 
2019-12-06 17:10:57.008,132413872, 1046.7554676121122, 1976419, 54.17977639383482, 107227, 0, 0.0, 40, 
2019-12-06 17:10:58.03,156864696, 1046.7554676121122, 1977777, 54.17977639383482, 107313, 0, 0.0, 40, 
2019-12-06 17:10:59.053,181538744, 1046.7554676121122, 1979167, 54.17977639383482, 107379, 0, 0.0, 40, 
2019-12-06 17:11:00.082,206329696, 1046.7554676121122, 1980541, 54.17977639383482, 107455, 0, 0.0, 40, 
2019-12-06 17:11:01.106,233508928, 1069.5783522900447, 1981935, 55.98838961348135, 107551, 0, 0.0, 40, 
2019-12-06 17:11:02.133,258359328, 1069.5783522900447, 1983310, 55.98838961348135, 107630, 0, 0.0, 40, 
2019-12-06 17:11:03.155,284310336, 1069.5783522900447, 1984748, 55.98838961348135, 107711, 0, 0.0, 40, 
2019-12-06 17:11:04.177,307784696, 1069.5783522900447, 1986076, 55.98838961348135, 107782, 0, 0.0, 40, 
2019-12-06 17:11:05.2,334199552, 1069.5783522900447, 1987552, 55.98838961348135, 107858, 0, 0.0, 40, 
2019-12-06 17:11:06.225,361965240, 1094.0624833858674, 1989064, 57.49248293370056, 107929, 0, 0.0, 40, 
2019-12-06 17:11:07.248,103284760, 1094.0624833858674, 1990527, 57.49248293370056, 108011, 0, 0.0, 40, 
2019-12-06 17:11:08.271,131840696, 1094.0624833858674, 1992020, 57.49248293370056, 108102, 0, 0.0, 40, 
2019-12-06 17:11:09.292,158057936, 1094.0624833858674, 1993496, 57.49248293370056, 108184, 0, 0.0, 40, 
2019-12-06 17:11:10.314,184830096, 1094.0624833858674, 1994963, 57.49248293370056, 108252, 0, 0.0, 40, 
2019-12-06 17:11:11.337,210397512, 1122.2338357748008, 1996403, 59.020235645716724, 108321, 0, 0.0, 40, 
2019-12-06 17:11:12.361,236570672, 1122.2338357748008, 1997867, 59.020235645716724, 108389, 0, 0.0, 40, 
2019-12-06 17:11:13.383,258911152, 1122.2338357748008, 1999114, 59.020235645716724, 108450, 0, 0.0, 40, 
2019-12-06 17:11:14.405,282606104, 1122.2338357748008, 2000346, 59.020235645716724, 108528, 0, 0.0, 40, 
2019-12-06 17:11:15.428,307810168, 1122.2338357748008, 2001647, 59.020235645716724, 108590, 0, 0.0, 40, 
2019-12-06 17:11:16.452,331799880, 1135.6156954066714, 2002948, 59.56231567333869, 108653, 0, 0.0, 40, 
2019-12-06 17:11:17.473,355378472, 1135.6156954066714, 2004236, 59.56231567333869, 108721, 0, 0.0, 40, 
2019-12-06 17:11:18.497,377083960, 1135.6156954066714, 2005457, 59.56231567333869, 108792, 0, 0.0, 40, 
2019-12-06 17:11:19.521,114785664, 1135.6156954066714, 2006579, 59.56231567333869, 108854, 0, 0.0, 40, 
2019-12-06 17:11:20.544,136358608, 1135.6156954066714, 2007767, 59.56231567333869, 108918, 0, 0.0, 40, 
2019-12-06 17:11:21.567,163166024, 1140.9714646910786, 2009228, 59.981097789663714, 109009, 0, 0.0, 40, 
2019-12-06 17:11:22.588,189250200, 1140.9714646910786, 2010802, 59.981097789663714, 109101, 0, 0.0, 40, 
2019-12-06 17:11:23.614,219429088, 1140.9714646910786, 2012385, 59.981097789663714, 109187, 0, 0.0, 40, 
2019-12-06 17:11:24.635,245915880, 1140.9714646910786, 2013903, 59.981097789663714, 109271, 0, 0.0, 40, 
2019-12-06 17:11:25.657,272295088, 1140.9714646910786, 2015495, 59.981097789663714, 109362, 0, 0.0, 40, 
2019-12-06 17:11:26.681,300343512, 1170.9251085282629, 2017061, 62.157401049038356, 109441, 0, 0.0, 40, 
2019-12-06 17:11:27.703,329186240, 1170.9251085282629, 2018654, 62.157401049038356, 109521, 0, 0.0, 40, 
2019-12-06 17:11:28.729,343289760, 1170.9251085282629, 2019525, 62.157401049038356, 109580, 0, 0.0, 40, 
2019-12-06 17:11:29.765,344077296, 1170.9251085282629, 2019525, 62.157401049038356, 109580, 0, 0.0, 40, 
2019-12-06 17:11:30.795,345280248, 1139.9083293959022, 2019525, 60.56169536568513, 109580, 0, 0.0, 40, 
2019-12-06 17:11:31.833,346291408, 1139.9083293959022, 2019525, 60.56169536568513, 109580, 0, 0.0, 40, 
