Timestamp, MemoryUsed, ReadLatency1, ReadCount, WriteLatency1, WriteCount, PendingTasks, WaitingOnCommit1, SRDelay, 
2019-12-06 17:05:57.732,160789768, 275.81555511427894, 1695652, 15.262239960873131, 92149, 0, 0.0, 1, 
2019-12-06 17:05:58.92,164984072, 275.81555511427894, 1695652, 15.262239960873131, 92215, 0, 0.0, 1, 
2019-12-06 17:05:59.989,166032648, 275.81555511427894, 1695652, 15.262239960873131, 92215, 0, 0.0, 1, 
2019-12-06 17:06:01.055,168129800, 275.81555511427894, 1695652, 15.262239960873131, 92215, 0, 0.0, 1, 
2019-12-06 17:06:02.128,169178376, 253.76256095077864, 1695652, 17.304126513857394, 92215, 0, 0.0, 1, 
2019-12-06 17:06:03.18,170226952, 253.76256095077864, 1695652, 17.304126513857394, 92215, 0, 0.0, 1, 
2019-12-06 17:06:04.244,171275528, 253.76256095077864, 1695652, 17.304126513857394, 92215, 0, 0.0, 1, 
2019-12-06 17:06:05.312,172324104, 253.76256095077864, 1695652, 17.304126513857394, 92215, 0, 0.0, 1, 
2019-12-06 17:06:06.361,172324104, 253.76256095077864, 1695652, 17.304126513857394, 92215, 0, 0.0, 1, 
2019-12-06 17:06:07.404,173372680, 233.4728268447971, 1695652, 15.920564949113679, 92215, 0, 0.0, 1, 
2019-12-06 17:06:08.458,175469832, 233.4728268447971, 1695652, 15.920564949113679, 92215, 0, 0.0, 1, 
2019-12-06 17:06:09.514,176518408, 233.4728268447971, 1695652, 15.920564949113679, 92215, 0, 0.0, 1, 
2019-12-06 17:06:10.551,176518408, 233.4728268447971, 1695652, 15.920564949113679, 92215, 0, 0.0, 1, 
2019-12-06 17:06:11.6,177566984, 214.8053703062747, 1695652, 14.647626859175418, 92215, 0, 0.0, 1, 
2019-12-06 17:06:12.632,179664136, 214.8053703062747, 1695652, 14.647626859175418, 92215, 0, 0.0, 1, 
2019-12-06 17:06:13.67,180712712, 214.8053703062747, 1695652, 14.647626859175418, 92215, 0, 0.0, 1, 
2019-12-06 17:06:14.706,180712712, 214.8053703062747, 1695652, 14.647626859175418, 92215, 0, 0.0, 1, 
2019-12-06 17:06:15.742,181761288, 214.8053703062747, 1695652, 14.647626859175418, 92215, 0, 0.0, 1, 
2019-12-06 17:06:16.775,182809864, 197.63048118267156, 1695652, 13.4764672793588, 92215, 0, 0.0, 1, 
2019-12-06 17:06:17.807,183858440, 197.63048118267156, 1695652, 13.4764672793588, 92215, 0, 0.0, 1, 
2019-12-06 17:06:18.85,184907016, 197.63048118267156, 1695652, 13.4764672793588, 92215, 0, 0.0, 1, 
2019-12-06 17:06:19.88,185955592, 197.63048118267156, 1695652, 13.4764672793588, 92215, 0, 0.0, 1, 
2019-12-06 17:06:20.92,187004168, 197.63048118267156, 1695652, 13.4764672793588, 92217, 0, 0.0, 1, 
2019-12-06 17:06:21.952,188052744, 181.82882037262254, 1695652, 12.430930683457166, 92217, 0, 0.0, 1, 
2019-12-06 17:06:22.981,189101320, 181.82882037262254, 1695652, 12.430930683457166, 92217, 0, 0.0, 1, 
2019-12-06 17:06:24.015,190149896, 181.82882037262254, 1695652, 12.430930683457166, 92217, 0, 0.0, 1, 
2019-12-06 17:06:25.049,191198472, 181.82882037262254, 1695652, 12.430930683457166, 92217, 0, 0.0, 1, 
2019-12-06 17:06:26.08,192247048, 181.82882037262254, 1695652, 12.430930683457166, 92217, 0, 0.0, 1, 
2019-12-06 17:06:27.111,193295624, 167.29059060246988, 1695652, 11.437008343959043, 92217, 0, 0.0, 1, 
2019-12-06 17:06:28.152,194344200, 167.29059060246988, 1695652, 11.437008343959043, 92217, 0, 0.0, 1, 
2019-12-06 17:06:29.427,195392776, 167.29059060246988, 1695652, 11.437008343959043, 92217, 0, 0.0, 1, 
2019-12-06 17:06:30.47,196441352, 167.29059060246988, 1695652, 11.437008343959043, 92217, 0, 0.0, 1, 
2019-12-06 17:06:31.503,197489928, 153.91477350384315, 1695652, 10.522555646928485, 92217, 0, 0.0, 1, 
2019-12-06 17:06:32.538,198538504, 153.91477350384315, 1695652, 10.522555646928485, 92217, 0, 0.0, 1, 
2019-12-06 17:06:33.568,199587080, 153.91477350384315, 1695652, 10.522555646928485, 92217, 0, 0.0, 1, 
2019-12-06 17:06:34.598,200635656, 153.91477350384315, 1695652, 10.522555646928485, 92217, 0, 0.0, 1, 
2019-12-06 17:06:35.628,201684232, 153.91477350384315, 1695652, 10.522555646928485, 92217, 0, 0.0, 1, 
2019-12-06 17:06:36.661,202732808, 141.60842769114825, 1695652, 9.681218550582797, 92217, 0, 0.0, 1, 
2019-12-06 17:06:37.693,203781384, 141.60842769114825, 1695652, 9.681218550582797, 92217, 0, 0.0, 1, 
2019-12-06 17:06:38.724,203781384, 141.60842769114825, 1695652, 9.681218550582797, 92217, 0, 0.0, 1, 
2019-12-06 17:06:39.758,204829960, 141.60842769114825, 1695652, 9.681218550582797, 92217, 0, 0.0, 1, 
2019-12-06 17:06:40.787,205878536, 141.60842769114825, 1695652, 9.681218550582797, 92217, 0, 0.0, 1, 
2019-12-06 17:06:41.82,206927112, 130.28604296168135, 1695652, 8.907151054269494, 92217, 0, 0.0, 1, 
2019-12-06 17:06:42.851,207975688, 130.28604296168135, 1695652, 8.907151054269494, 92217, 0, 0.0, 1, 
2019-12-06 17:06:43.889,210072840, 130.28604296168135, 1695652, 8.907151054269494, 92217, 0, 0.0, 1, 
2019-12-06 17:06:44.924,212169992, 130.28604296168135, 1695652, 8.907151054269494, 92263, 0, 0.0, 1, 
2019-12-06 17:06:45.956,217412872, 130.28604296168135, 1695652, 8.907151054269494, 92368, 0, 0.0, 1, 
2019-12-06 17:06:46.982,221607176, 119.86894613105096, 1695652, 11.633064748679436, 92454, 0, 0.0, 1, 
2019-12-06 17:06:48.02,221607176, 119.86894613105096, 1695652, 11.633064748679436, 92454, 0, 0.0, 1, 
2019-12-06 17:06:49.053,222655752, 119.86894613105096, 1695652, 11.633064748679436, 92454, 0, 0.0, 1, 
