Timestamp, MemoryUsed, ReadLatency1, ReadCount, WriteLatency1, WriteCount, PendingTasks, WaitingOnCommit1, SRDelay, 
2019-12-06 17:05:57.901,210712424, 283.8203886460708, 1737270, 15.352682871323358, 94994, 0, 0.0, 1, 
2019-12-06 17:05:58.973,212836728, 283.8203886460708, 1737270, 15.352682871323358, 95015, 0, 0.0, 1, 
2019-12-06 17:06:00.041,214196576, 283.8203886460708, 1737270, 15.352682871323358, 95015, 0, 0.0, 1, 
2019-12-06 17:06:01.115,215634144, 283.8203886460708, 1737270, 15.352682871323358, 95015, 0, 0.0, 1, 
2019-12-06 17:06:02.168,217348024, 261.1273633317412, 1737270, 17.8190981694616, 95015, 0, 0.0, 1, 
2019-12-06 17:06:03.233,218063232, 261.1273633317412, 1737270, 17.8190981694616, 95015, 0, 0.0, 1, 
2019-12-06 17:06:04.294,218914264, 261.1273633317412, 1737270, 17.8190981694616, 95015, 0, 0.0, 1, 
2019-12-06 17:06:05.348,219848976, 261.1273633317412, 1737270, 17.8190981694616, 95015, 0, 0.0, 1, 
2019-12-06 17:06:06.391,220798704, 240.24877214025048, 1737270, 16.394361744544742, 95015, 0, 0.0, 1, 
2019-12-06 17:06:07.448,221642304, 240.24877214025048, 1737270, 16.394361744544742, 95015, 0, 0.0, 1, 
2019-12-06 17:06:08.489,222575736, 240.24877214025048, 1737270, 16.394361744544742, 95015, 0, 0.0, 1, 
2019-12-06 17:06:09.541,223481936, 240.24877214025048, 1737270, 16.394361744544742, 95015, 0, 0.0, 1, 
2019-12-06 17:06:10.588,224207616, 240.24877214025048, 1737270, 16.394361744544742, 95015, 0, 0.0, 1, 
2019-12-06 17:06:11.623,225274864, 221.03954092919042, 1737270, 15.08354095448104, 95015, 0, 0.0, 1, 
2019-12-06 17:06:12.656,226210448, 221.03954092919042, 1737270, 15.08354095448104, 95015, 0, 0.0, 1, 
2019-12-06 17:06:13.697,226925072, 221.03954092919042, 1737270, 15.08354095448104, 95015, 0, 0.0, 1, 
2019-12-06 17:06:14.734,227766728, 221.03954092919042, 1737270, 15.08354095448104, 95015, 0, 0.0, 1, 
2019-12-06 17:06:15.763,228713472, 221.03954092919042, 1737270, 15.08354095448104, 95015, 0, 0.0, 1, 
2019-12-06 17:06:16.799,229778088, 203.36619504413136, 1737270, 13.877527608002932, 95015, 0, 0.0, 1, 
2019-12-06 17:06:17.835,230554088, 203.36619504413136, 1737270, 13.877527608002932, 95015, 0, 0.0, 1, 
2019-12-06 17:06:18.872,231389040, 203.36619504413136, 1737270, 13.877527608002932, 95015, 0, 0.0, 1, 
2019-12-06 17:06:19.909,232335472, 203.36619504413136, 1737270, 13.877527608002932, 95015, 0, 0.0, 1, 
2019-12-06 17:06:20.944,233072864, 203.36619504413136, 1737270, 13.877527608002932, 95016, 0, 0.0, 1, 
2019-12-06 17:06:21.973,234329424, 187.10593187477062, 1737270, 12.783932881681466, 95016, 0, 0.0, 1, 
2019-12-06 17:06:23.006,235281616, 187.10593187477062, 1737270, 12.783932881681466, 95016, 0, 0.0, 1, 
2019-12-06 17:06:24.041,236129984, 187.10593187477062, 1737270, 12.783932881681466, 95016, 0, 0.0, 1, 
2019-12-06 17:06:25.072,236888688, 187.10593187477062, 1737270, 12.783932881681466, 95016, 0, 0.0, 1, 
2019-12-06 17:06:26.101,237734640, 187.10593187477062, 1737270, 12.783932881681466, 95016, 0, 0.0, 1, 
2019-12-06 17:06:27.144,238901480, 172.1457675653974, 1737270, 11.761786044787183, 95016, 0, 0.0, 1, 
2019-12-06 17:06:28.418,239611432, 172.1457675653974, 1737270, 11.761786044787183, 95016, 0, 0.0, 1, 
2019-12-06 17:06:29.454,240482656, 172.1457675653974, 1737270, 11.761786044787183, 95016, 0, 0.0, 1, 
2019-12-06 17:06:30.495,241412480, 172.1457675653974, 1737270, 11.761786044787183, 95016, 0, 0.0, 1, 
2019-12-06 17:06:31.524,242493160, 158.3817519506216, 1737270, 10.821365556571568, 95016, 0, 0.0, 1, 
2019-12-06 17:06:32.56,243222736, 158.3817519506216, 1737270, 10.821365556571568, 95016, 0, 0.0, 1, 
2019-12-06 17:06:33.59,244104248, 158.3817519506216, 1737270, 10.821365556571568, 95016, 0, 0.0, 1, 
2019-12-06 17:06:34.62,245047872, 158.3817519506216, 1737270, 10.821365556571568, 95016, 0, 0.0, 1, 
2019-12-06 17:06:35.65,245766448, 158.3817519506216, 1737270, 10.821365556571568, 95016, 0, 0.0, 1, 
2019-12-06 17:06:36.685,246822464, 145.71824626137635, 1737270, 9.956136938985809, 95016, 0, 0.0, 1, 
2019-12-06 17:06:37.716,247777160, 145.71824626137635, 1737270, 9.956136938985809, 95016, 0, 0.0, 1, 
2019-12-06 17:06:38.75,248626328, 145.71824626137635, 1737270, 9.956136938985809, 95016, 0, 0.0, 1, 
2019-12-06 17:06:39.78,249335296, 145.71824626137635, 1737270, 9.956136938985809, 95016, 0, 0.0, 1, 
2019-12-06 17:06:40.808,250174168, 145.71824626137635, 1737270, 9.956136938985809, 95016, 0, 0.0, 1, 
2019-12-06 17:06:41.842,251339368, 134.06725858235959, 1737270, 9.16008818199858, 95016, 0, 0.0, 1, 
2019-12-06 17:06:42.881,252113304, 134.06725858235959, 1737270, 9.16008818199858, 95016, 0, 0.0, 1, 
2019-12-06 17:06:43.916,252944760, 134.06725858235959, 1737270, 9.16008818199858, 95016, 0, 0.0, 1, 
2019-12-06 17:06:44.947,255762000, 134.06725858235959, 1737270, 9.16008818199858, 95056, 0, 0.0, 1, 
2019-12-06 17:06:45.975,260437504, 134.06725858235959, 1737270, 9.16008818199858, 95185, 0, 0.0, 1, 
2019-12-06 17:06:47.012,264642512, 123.34783244336514, 1737270, 11.817804789076558, 95291, 0, 0.0, 1, 
2019-12-06 17:06:48.043,265493720, 123.34783244336514, 1737270, 11.817804789076558, 95291, 0, 0.0, 1, 
2019-12-06 17:06:49.075,266616448, 123.34783244336514, 1737270, 11.817804789076558, 95291, 0, 0.0, 1, 
