Timestamp, MemoryUsed, ReadLatency1, ReadCount, WriteLatency1, WriteCount, PendingTasks, WaitingOnCommit1, SRDelay, 
2019-12-06 17:05:57.797,297755104, 285.5789120208693, 1730515, 15.00484766162732, 94043, 0, 0.0, 1, 
2019-12-06 17:05:58.933,300141624, 285.5789120208693, 1730515, 15.00484766162732, 94082, 0, 0.0, 1, 
2019-12-06 17:06:00.011,301537320, 285.5789120208693, 1730515, 15.00484766162732, 94082, 0, 0.0, 1, 
2019-12-06 17:06:01.084,303913128, 262.74528294071973, 1730515, 17.690967732458965, 94082, 0, 0.0, 1, 
2019-12-06 17:06:02.148,304746216, 262.74528294071973, 1730515, 17.690967732458965, 94082, 0, 0.0, 1, 
2019-12-06 17:06:03.194,305597568, 262.74528294071973, 1730515, 17.690967732458965, 94082, 0, 0.0, 1, 
2019-12-06 17:06:04.263,306417960, 262.74528294071973, 1730515, 17.690967732458965, 94082, 0, 0.0, 1, 
2019-12-06 17:06:05.327,307334176, 262.74528294071973, 1730515, 17.690967732458965, 94082, 0, 0.0, 1, 
2019-12-06 17:06:06.37,308420272, 241.73733003981044, 1730515, 16.276476051636454, 94082, 0, 0.0, 1, 
2019-12-06 17:06:07.427,309246904, 241.73733003981044, 1730515, 16.276476051636454, 94082, 0, 0.0, 1, 
2019-12-06 17:06:08.47,310073800, 241.73733003981044, 1730515, 16.276476051636454, 94082, 0, 0.0, 1, 
2019-12-06 17:06:09.526,310934536, 241.73733003981044, 1730515, 16.276476051636454, 94082, 0, 0.0, 1, 
2019-12-06 17:06:10.562,311767072, 241.73733003981044, 1730515, 16.276476051636454, 94082, 0, 0.0, 1, 
2019-12-06 17:06:11.608,312844904, 222.40908031053294, 1730515, 14.975080881156062, 94082, 0, 0.0, 1, 
2019-12-06 17:06:12.642,313731200, 222.40908031053294, 1730515, 14.975080881156062, 94082, 0, 0.0, 1, 
2019-12-06 17:06:13.677,314586576, 222.40908031053294, 1730515, 14.975080881156062, 94082, 0, 0.0, 1, 
2019-12-06 17:06:14.713,315427280, 222.40908031053294, 1730515, 14.975080881156062, 94082, 0, 0.0, 1, 
2019-12-06 17:06:15.749,316485936, 204.62623210255043, 1730515, 14.975080881156062, 94082, 0, 0.0, 1, 
2019-12-06 17:06:16.783,317328080, 204.62623210255043, 1730515, 13.77773952333, 94082, 0, 0.0, 1, 
2019-12-06 17:06:17.818,318171408, 204.62623210255043, 1730515, 13.77773952333, 94082, 0, 0.0, 1, 
2019-12-06 17:06:18.857,318999696, 204.62623210255043, 1730515, 13.77773952333, 94082, 0, 0.0, 1, 
2019-12-06 17:06:19.889,319841688, 204.62623210255043, 1730515, 13.77773952333, 94082, 0, 0.0, 1, 
2019-12-06 17:06:20.928,320989392, 188.26522193259507, 1730515, 12.692123411731577, 94083, 0, 0.0, 1, 
2019-12-06 17:06:21.96,321808040, 188.26522193259507, 1730515, 12.692123411731577, 94083, 0, 0.0, 1, 
2019-12-06 17:06:22.988,322661184, 188.26522193259507, 1730515, 12.692123411731577, 94083, 0, 0.0, 1, 
2019-12-06 17:06:24.023,323513864, 188.26522193259507, 1730515, 12.692123411731577, 94083, 0, 0.0, 1, 
2019-12-06 17:06:25.057,324365392, 188.26522193259507, 1730515, 12.692123411731577, 94083, 0, 0.0, 1, 
2019-12-06 17:06:26.087,325689904, 173.21236590803406, 1730515, 11.677317254749708, 94083, 0, 0.0, 1, 
2019-12-06 17:06:27.119,326525536, 173.21236590803406, 1730515, 11.677317254749708, 94083, 0, 0.0, 1, 
2019-12-06 17:06:28.161,327365008, 173.21236590803406, 1730515, 11.677317254749708, 94083, 0, 0.0, 1, 
2019-12-06 17:06:29.438,328241016, 173.21236590803406, 1730515, 11.677317254749708, 94083, 0, 0.0, 1, 
2019-12-06 17:06:30.477,329328744, 173.21236590803406, 1730515, 11.677317254749708, 94083, 0, 0.0, 1, 
2019-12-06 17:06:31.511,330397504, 159.36306979841737, 1730515, 10.74365051808709, 94083, 0, 0.0, 1, 
2019-12-06 17:06:32.545,331231736, 159.36306979841737, 1730515, 10.74365051808709, 94084, 0, 0.0, 1, 
2019-12-06 17:06:33.575,332139136, 159.36306979841737, 1730515, 10.74365051808709, 94084, 0, 0.0, 1, 
2019-12-06 17:06:34.605,332964888, 159.36306979841737, 1730515, 10.74365051808709, 94084, 0, 0.0, 1, 
2019-12-06 17:06:35.635,333828648, 159.36306979841737, 1730515, 10.74365051808709, 94084, 0, 0.0, 1, 
2019-12-06 17:06:36.671,334904560, 146.6211022662169, 1730515, 9.900626768969598, 94084, 0, 0.0, 1, 
2019-12-06 17:06:37.701,335738792, 146.6211022662169, 1730515, 9.900626768969598, 94084, 0, 0.0, 1, 
2019-12-06 17:06:38.731,336572480, 146.6211022662169, 1730515, 9.900626768969598, 94084, 0, 0.0, 1, 
2019-12-06 17:06:39.765,337413808, 146.6211022662169, 1730515, 9.900626768969598, 94084, 0, 0.0, 1, 
2019-12-06 17:06:40.794,338551384, 134.89792620682766, 1730515, 9.109016360120043, 94084, 0, 0.0, 1, 
2019-12-06 17:06:41.827,339393096, 134.89792620682766, 1730515, 9.109016360120043, 94084, 0, 0.0, 1, 
2019-12-06 17:06:42.861,340225704, 134.89792620682766, 1730515, 9.109016360120043, 94084, 0, 0.0, 1, 
2019-12-06 17:06:43.902,341055200, 134.89792620682766, 1730515, 9.109016360120043, 94084, 0, 0.0, 1, 
2019-12-06 17:06:44.932,346290048, 134.89792620682766, 1730516, 9.109016360120043, 94113, 0, 0.0, 1, 
2019-12-06 17:06:45.963,351715000, 124.1440657858187, 1730517, 9.995802449383243, 94227, 0, 0.0, 1, 
2019-12-06 17:06:46.991,355655128, 124.1440657858187, 1730517, 9.995802449383243, 94329, 0, 0.0, 1, 
2019-12-06 17:06:48.028,356480112, 124.1440657858187, 1730517, 9.995802449383243, 94329, 0, 0.0, 1, 
2019-12-06 17:06:49.06,357317136, 124.1440657858187, 1730517, 9.995802449383243, 94329, 0, 0.0, 1, 
