Timestamp, MemoryUsed, ReadLatency1, ReadCount, WriteLatency1, WriteCount, PendingTasks, WaitingOnCommit1, SRDelay, 
2019-12-10 14:21:37.643,359656976, 71.932650516352, 1487171, 7.460443639972912, 81106, 0, 0.0, 10, 
2019-12-10 14:21:38.71,366620560, 71.932650516352, 1487548, 7.460443639972912, 81127, 0, 0.0, 10, 
2019-12-10 14:21:39.8,377984264, 71.932650516352, 1488135, 7.460443639972912, 81155, 0, 0.0, 10, 
2019-12-10 14:21:40.836,103329704, 71.932650516352, 1488740, 7.460443639972912, 81180, 0, 0.0, 10, 
2019-12-10 14:21:41.872,113409832, 71.932650516352, 1489213, 7.460443639972912, 81206, 0, 0.0, 10, 
2019-12-10 14:21:42.906,122404592, 101.79345106115217, 1489614, 8.73490019928777, 81225, 0, 0.0, 10, 
2019-12-10 14:21:43.941,133107248, 101.79345106115217, 1490114, 8.73490019928777, 81256, 0, 0.0, 10, 
2019-12-10 14:21:44.973,143680888, 101.79345106115217, 1490615, 8.73490019928777, 81278, 0, 0.0, 10, 
2019-12-10 14:21:46.001,154256976, 101.79345106115217, 1491149, 8.73490019928777, 81300, 0, 0.0, 10, 
2019-12-10 14:21:47.031,165243984, 101.79345106115217, 1491706, 8.73490019928777, 81332, 0, 0.0, 10, 
2019-12-10 14:21:48.059,177343632, 133.23251085314138, 1492297, 10.01939465789206, 81360, 0, 0.0, 10, 
2019-12-10 14:21:49.098,190669336, 133.23251085314138, 1492895, 10.01939465789206, 81395, 0, 0.0, 10, 
2019-12-10 14:21:50.125,202271432, 133.23251085314138, 1493446, 10.01939465789206, 81418, 0, 0.0, 10, 
2019-12-10 14:21:51.158,213118728, 133.23251085314138, 1494013, 10.01939465789206, 81445, 0, 0.0, 10, 
2019-12-10 14:21:52.185,223917664, 167.01914180649555, 1494562, 11.361097780894605, 81471, 0, 0.0, 10, 
2019-12-10 14:21:53.217,235596184, 167.01914180649555, 1495048, 11.361097780894605, 81498, 0, 0.0, 10, 
2019-12-10 14:21:54.255,243782176, 167.01914180649555, 1495495, 11.361097780894605, 81516, 0, 0.0, 10, 
2019-12-10 14:21:55.286,255442992, 167.01914180649555, 1495998, 11.361097780894605, 81536, 0, 0.0, 10, 
2019-12-10 14:21:56.314,265662216, 167.01914180649555, 1496468, 11.361097780894605, 81558, 0, 0.0, 10, 
2019-12-10 14:21:57.34,275962776, 191.08424250872585, 1496979, 12.275701903821108, 81587, 0, 0.0, 10, 
2019-12-10 14:21:58.371,286421704, 191.08424250872585, 1497464, 12.275701903821108, 81610, 0, 0.0, 10, 
2019-12-10 14:21:59.403,296574080, 191.08424250872585, 1497972, 12.275701903821108, 81632, 0, 0.0, 10, 
2019-12-10 14:22:00.442,306884360, 191.08424250872585, 1498443, 12.275701903821108, 81659, 0, 0.0, 10, 
2019-12-10 14:22:01.471,317910520, 191.08424250872585, 1498975, 12.275701903821108, 81682, 0, 0.0, 10, 
2019-12-10 14:22:02.501,328511376, 214.5364755973841, 1499471, 13.08519608456832, 81703, 0, 0.0, 10, 
2019-12-10 14:22:03.528,336842304, 214.5364755973841, 1499969, 13.08519608456832, 81725, 0, 0.0, 10, 
2019-12-10 14:22:04.56,348622992, 214.5364755973841, 1500464, 13.08519608456832, 81750, 0, 0.0, 10, 
2019-12-10 14:22:05.585,358890048, 214.5364755973841, 1500977, 13.08519608456832, 81768, 0, 0.0, 10, 
2019-12-10 14:22:06.612,369412128, 214.5364755973841, 1501480, 13.08519608456832, 81798, 0, 0.0, 10, 
2019-12-10 14:22:07.64,98431000, 236.46537623682016, 1501979, 13.909922269610407, 81825, 0, 0.0, 10, 
2019-12-10 14:22:08.666,107511848, 236.46537623682016, 1502463, 13.909922269610407, 81849, 0, 0.0, 10, 
2019-12-10 14:22:09.707,118738696, 236.46537623682016, 1502948, 13.909922269610407, 81883, 0, 0.0, 10, 
2019-12-10 14:22:10.74,130643160, 236.46537623682016, 1503480, 13.909922269610407, 81909, 0, 0.0, 10, 
2019-12-10 14:22:11.775,141309840, 236.46537623682016, 1504004, 13.909922269610407, 81937, 0, 0.0, 10, 
2019-12-10 14:22:12.806,151779456, 256.4650365012792, 1504491, 14.972538214165501, 81969, 0, 0.0, 10, 
2019-12-10 14:22:13.833,160875232, 256.4650365012792, 1504978, 14.972538214165501, 82001, 0, 0.0, 10, 
2019-12-10 14:22:14.866,171254600, 256.4650365012792, 1505471, 14.972538214165501, 82028, 0, 0.0, 10, 
2019-12-10 14:22:15.903,182266096, 256.4650365012792, 1505982, 14.972538214165501, 82043, 0, 0.0, 10, 
2019-12-10 14:22:16.929,192527232, 256.4650365012792, 1506431, 14.972538214165501, 82063, 0, 0.0, 10, 
2019-12-10 14:22:17.967,202939640, 273.55434062199964, 1506921, 15.710325322737447, 82090, 0, 0.0, 10, 
2019-12-10 14:22:19.004,213331464, 273.55434062199964, 1507451, 15.710325322737447, 82123, 0, 0.0, 10, 
2019-12-10 14:22:20.039,224696104, 273.55434062199964, 1507989, 15.710325322737447, 82157, 0, 0.0, 10, 
2019-12-10 14:22:21.068,235806768, 273.55434062199964, 1508507, 15.710325322737447, 82182, 0, 0.0, 10, 
2019-12-10 14:22:22.1,245724160, 273.55434062199964, 1509012, 15.710325322737447, 82205, 0, 0.0, 10, 
2019-12-10 14:22:23.129,255979144, 291.65993587221647, 1509512, 16.64498010435075, 82240, 0, 0.0, 10, 
2019-12-10 14:22:24.158,266972968, 291.65993587221647, 1510015, 16.64498010435075, 82262, 0, 0.0, 10, 
2019-12-10 14:22:25.186,279119536, 291.65993587221647, 1510547, 16.64498010435075, 82279, 0, 0.0, 10, 
2019-12-10 14:22:26.223,289315416, 291.65993587221647, 1511054, 16.64498010435075, 82308, 0, 0.0, 10, 
2019-12-10 14:22:27.267,299484504, 307.51833180201095, 1511546, 17.360983962113444, 82335, 0, 0.0, 10, 
2019-12-10 14:22:28.302,309854608, 307.51833180201095, 1512043, 17.360983962113444, 82368, 0, 0.0, 10, 
2019-12-10 14:22:29.329,318778512, 307.51833180201095, 1512504, 17.360983962113444, 82391, 0, 0.0, 10, 
2019-12-10 14:22:30.362,331462264, 307.51833180201095, 1513004, 17.360983962113444, 82423, 0, 0.0, 10, 
2019-12-10 14:22:31.401,341323120, 307.51833180201095, 1513500, 17.360983962113444, 82446, 0, 0.0, 10, 
2019-12-10 14:22:32.434,351072184, 320.47766646063695, 1513965, 17.93978372693038, 82464, 0, 0.0, 10, 
2019-12-10 14:22:33.465,360818880, 320.47766646063695, 1514460, 17.93978372693038, 82482, 0, 0.0, 10, 
2019-12-10 14:22:34.499,371053760, 320.47766646063695, 1514952, 17.93978372693038, 82509, 0, 0.0, 10, 
2019-12-10 14:22:35.527,101881272, 320.47766646063695, 1515436, 17.93978372693038, 82538, 0, 0.0, 10, 
2019-12-10 14:22:36.566,111282856, 320.47766646063695, 1515948, 17.93978372693038, 82563, 0, 0.0, 10, 
2019-12-10 14:22:37.599,121950184, 332.9765101452869, 1516427, 18.42433186651656, 82596, 0, 0.0, 10, 
2019-12-10 14:22:38.63,131113288, 332.9765101452869, 1516903, 18.42433186651656, 82627, 0, 0.0, 10, 
2019-12-10 14:22:39.657,141571928, 332.9765101452869, 1517401, 18.42433186651656, 82648, 0, 0.0, 10, 
2019-12-10 14:22:40.688,151293392, 332.9765101452869, 1517913, 18.42433186651656, 82677, 0, 0.0, 10, 
2019-12-10 14:22:41.719,161698160, 332.9765101452869, 1518383, 18.42433186651656, 82703, 0, 0.0, 10, 
2019-12-10 14:22:42.754,172029072, 343.9482946032276, 1518870, 19.23793336866697, 82739, 0, 0.0, 10, 
2019-12-10 14:22:43.786,182674864, 343.9482946032276, 1519370, 19.23793336866697, 82759, 0, 0.0, 10, 
2019-12-10 14:22:44.812,192763176, 343.9482946032276, 1519881, 19.23793336866697, 82780, 0, 0.0, 10, 
2019-12-10 14:22:45.842,202950824, 343.9482946032276, 1520399, 19.23793336866697, 82798, 0, 0.0, 10, 
2019-12-10 14:22:46.878,215607344, 343.9482946032276, 1520887, 19.23793336866697, 82819, 0, 0.0, 10, 
2019-12-10 14:22:47.906,224970376, 355.57797085138975, 1521403, 19.346838203489067, 82852, 0, 0.0, 10, 
2019-12-10 14:22:48.933,235694496, 355.57797085138975, 1521869, 19.346838203489067, 82880, 0, 0.0, 10, 
2019-12-10 14:22:49.97,245696208, 355.57797085138975, 1522365, 19.346838203489067, 82902, 0, 0.0, 10, 
2019-12-10 14:22:50.997,257740912, 355.57797085138975, 1522851, 19.346838203489067, 82927, 0, 0.0, 10, 
2019-12-10 14:22:52.023,268190904, 355.57797085138975, 1523365, 19.346838203489067, 82951, 0, 0.0, 10, 
2019-12-10 14:22:53.053,278979688, 365.606162610345, 1523849, 19.878795649494922, 82972, 0, 0.0, 10, 
2019-12-10 14:22:54.086,290827720, 365.606162610345, 1524367, 19.878795649494922, 82995, 0, 0.0, 10, 
2019-12-10 14:22:55.113,302024480, 365.606162610345, 1524826, 19.878795649494922, 83032, 0, 0.0, 10, 
2019-12-10 14:22:56.141,312990672, 365.606162610345, 1525312, 19.878795649494922, 83064, 0, 0.0, 10, 
2019-12-10 14:22:57.167,324152784, 374.2728553294088, 1525802, 20.49614906310617, 83092, 0, 0.0, 10, 
2019-12-10 14:22:58.193,335875248, 374.2728553294088, 1526361, 20.49614906310617, 83120, 0, 0.0, 10, 
2019-12-10 14:22:59.226,347611816, 374.2728553294088, 1526952, 20.49614906310617, 83151, 0, 0.0, 10, 
2019-12-10 14:23:00.257,360726856, 374.2728553294088, 1527602, 20.49614906310617, 83189, 0, 0.0, 10, 
2019-12-10 14:23:01.286,375091992, 374.2728553294088, 1528312, 20.49614906310617, 83221, 0, 0.0, 10, 
2019-12-10 14:23:02.31,104766512, 393.6002906815282, 1529002, 21.415946198782525, 83259, 0, 0.0, 10, 
2019-12-10 14:23:03.336,121855456, 393.6002906815282, 1529908, 21.415946198782525, 83308, 0, 0.0, 10, 
2019-12-10 14:23:04.369,138379656, 393.6002906815282, 1530810, 21.415946198782525, 83349, 0, 0.0, 10, 
2019-12-10 14:23:05.395,156125712, 393.6002906815282, 1531706, 21.415946198782525, 83389, 0, 0.0, 10, 
2019-12-10 14:23:06.422,174375888, 393.6002906815282, 1532665, 21.415946198782525, 83432, 0, 0.0, 10, 
2019-12-10 14:23:07.446,192157432, 432.0589040032119, 1533554, 23.06175626976037, 83476, 0, 0.0, 10, 
2019-12-10 14:23:08.471,210512072, 432.0589040032119, 1534459, 23.06175626976037, 83532, 0, 0.0, 10, 
2019-12-10 14:23:09.495,228004160, 432.0589040032119, 1535398, 23.06175626976037, 83579, 0, 0.0, 10, 
2019-12-10 14:23:10.519,245171440, 432.0589040032119, 1536302, 23.06175626976037, 83629, 0, 0.0, 10, 
2019-12-10 14:23:11.548,260762656, 432.0589040032119, 1537189, 23.06175626976037, 83675, 0, 0.0, 10, 
2019-12-10 14:23:12.574,278858520, 469.2655237306674, 1538169, 25.11967261362483, 83721, 0, 0.0, 10, 
2019-12-10 14:23:13.597,297798600, 469.2655237306674, 1539111, 25.11967261362483, 83774, 0, 0.0, 10, 
2019-12-10 14:23:14.621,315006016, 469.2655237306674, 1540054, 25.11967261362483, 83817, 0, 0.0, 10, 
2019-12-10 14:23:15.643,334039432, 469.2655237306674, 1541023, 25.11967261362483, 83877, 0, 0.0, 10, 
2019-12-10 14:23:16.672,350917160, 469.2655237306674, 1542019, 25.11967261362483, 83924, 0, 0.0, 10, 
2019-12-10 14:23:17.705,372776976, 507.2711700276459, 1543012, 27.02903816864586, 83979, 0, 0.0, 10, 
2019-12-10 14:23:18.729,108398488, 507.2711700276459, 1544006, 27.02903816864586, 84032, 0, 0.0, 10, 
2019-12-10 14:23:19.753,127220464, 507.2711700276459, 1544956, 27.02903816864586, 84073, 0, 0.0, 10, 
2019-12-10 14:23:20.778,146155160, 507.2711700276459, 1545975, 27.02903816864586, 84135, 0, 0.0, 10, 
2019-12-10 14:23:21.802,165286104, 507.2711700276459, 1547023, 27.02903816864586, 84190, 0, 0.0, 10, 
2019-12-10 14:23:22.829,184066008, 544.7166757740496, 1548050, 28.961641570844062, 84240, 0, 0.0, 10, 
2019-12-10 14:23:23.855,202794200, 544.7166757740496, 1549064, 28.961641570844062, 84288, 0, 0.0, 10, 
2019-12-10 14:23:24.881,222325632, 544.7166757740496, 1550065, 28.961641570844062, 84348, 0, 0.0, 10, 
2019-12-10 14:23:25.911,241121080, 544.7166757740496, 1551105, 28.961641570844062, 84409, 0, 0.0, 10, 
2019-12-10 14:23:26.936,260678952, 544.7166757740496, 1552169, 28.961641570844062, 84470, 0, 0.0, 10, 
2019-12-10 14:23:27.961,281354688, 581.9186763257497, 1553209, 30.995580409916315, 84532, 0, 0.0, 10, 
2019-12-10 14:23:28.985,300799776, 581.9186763257497, 1554241, 30.995580409916315, 84591, 0, 0.0, 10, 
2019-12-10 14:23:30.013,330805392, 581.9186763257497, 1555279, 30.995580409916315, 84643, 0, 0.0, 10, 
2019-12-10 14:23:31.035,360154192, 581.9186763257497, 1556381, 30.995580409916315, 84706, 0, 0.0, 10, 
2019-12-10 14:23:32.059,107822304, 581.9186763257497, 1557473, 30.995580409916315, 84767, 0, 0.0, 10, 
2019-12-10 14:23:33.089,136853520, 617.5373963318284, 1558593, 33.20270793705924, 84828, 0, 0.0, 10, 
2019-12-10 14:23:34.112,167725248, 617.5373963318284, 1559745, 33.20270793705924, 84902, 0, 0.0, 10, 
2019-12-10 14:23:35.142,198611176, 617.5373963318284, 1560906, 33.20270793705924, 84963, 0, 0.0, 10, 
2019-12-10 14:23:36.168,229093872, 617.5373963318284, 1562048, 33.20270793705924, 85011, 0, 0.0, 10, 
2019-12-10 14:23:37.191,259999080, 657.0244699008036, 1563154, 35.21737217370757, 85067, 0, 0.0, 10, 
2019-12-10 14:23:38.215,285718760, 657.0244699008036, 1564243, 35.21737217370757, 85129, 0, 0.0, 10, 
2019-12-10 14:23:39.239,311949440, 657.0244699008036, 1565365, 35.21737217370757, 85186, 0, 0.0, 10, 
2019-12-10 14:23:40.261,337030304, 657.0244699008036, 1566468, 35.21737217370757, 85246, 0, 0.0, 10, 
2019-12-10 14:23:41.285,362384792, 657.0244699008036, 1567578, 35.21737217370757, 85301, 0, 0.0, 10, 
2019-12-10 14:23:42.311,102618704, 690.8916993585796, 1568699, 36.959014932470375, 85360, 0, 0.0, 10, 
2019-12-10 14:23:43.338,131537272, 690.8916993585796, 1569946, 36.959014932470375, 85434, 0, 0.0, 10, 
2019-12-10 14:23:44.362,157132840, 690.8916993585796, 1571107, 36.959014932470375, 85485, 0, 0.0, 10, 
2019-12-10 14:23:45.388,183924088, 690.8916993585796, 1572314, 36.959014932470375, 85557, 0, 0.0, 10, 
2019-12-10 14:23:46.412,212622272, 690.8916993585796, 1573512, 36.959014932470375, 85630, 0, 0.0, 10, 
2019-12-10 14:23:47.437,234990856, 728.3675459044595, 1574460, 39.1530749566927, 85683, 0, 0.0, 10, 
2019-12-10 14:23:48.463,247037200, 728.3675459044595, 1574906, 39.1530749566927, 85708, 0, 0.0, 10, 
2019-12-10 14:23:49.504,259838472, 728.3675459044595, 1575381, 39.1530749566927, 85732, 0, 0.0, 10, 
2019-12-10 14:23:50.537,273058480, 728.3675459044595, 1575868, 39.1530749566927, 85763, 0, 0.0, 10, 
2019-12-10 14:23:51.568,285628024, 728.3675459044595, 1576359, 39.1530749566927, 85806, 0, 0.0, 10, 
2019-12-10 14:23:52.598,300046128, 707.8855198186986, 1576866, 38.40524437351452, 85824, 0, 0.0, 10, 
2019-12-10 14:23:53.628,311942344, 707.8855198186986, 1577385, 38.40524437351452, 85843, 0, 0.0, 10, 
2019-12-10 14:23:54.661,324786864, 707.8855198186986, 1577890, 38.40524437351452, 85868, 0, 0.0, 10, 
2019-12-10 14:23:55.697,338475712, 707.8855198186986, 1578390, 38.40524437351452, 85900, 0, 0.0, 10, 
2019-12-10 14:23:56.734,352273816, 707.8855198186986, 1578885, 38.40524437351452, 85924, 0, 0.0, 10, 
2019-12-10 14:23:57.763,364535952, 690.7202134109866, 1579399, 37.237473510148384, 85957, 0, 0.0, 10, 
2019-12-10 14:23:58.791,378469664, 690.7202134109866, 1579884, 37.237473510148384, 85988, 0, 0.0, 10, 
2019-12-10 14:23:59.83,106624520, 690.7202134109866, 1580373, 37.237473510148384, 86024, 0, 0.0, 10, 
2019-12-10 14:24:00.86,119571872, 690.7202134109866, 1580894, 37.237473510148384, 86043, 0, 0.0, 10, 
2019-12-10 14:24:01.885,132960456, 690.7202134109866, 1581407, 37.237473510148384, 86072, 0, 0.0, 10, 
2019-12-10 14:24:02.911,145264520, 674.0958310373152, 1581914, 36.53086814244662, 86096, 0, 0.0, 10, 
2019-12-10 14:24:03.94,158765528, 674.0958310373152, 1582399, 36.53086814244662, 86122, 0, 0.0, 10, 
2019-12-10 14:24:04.967,170641832, 674.0958310373152, 1582885, 36.53086814244662, 86157, 0, 0.0, 10, 
2019-12-10 14:24:05.994,184261376, 674.0958310373152, 1583363, 36.53086814244662, 86184, 0, 0.0, 10, 
2019-12-10 14:24:07.022,195756256, 674.0958310373152, 1583852, 36.53086814244662, 86197, 0, 0.0, 10, 
2019-12-10 14:24:08.05,208595496, 658.3529096096808, 1584331, 35.5129641278404, 86223, 0, 0.0, 10, 
2019-12-10 14:24:09.082,220541616, 658.3529096096808, 1584839, 35.5129641278404, 86245, 0, 0.0, 10, 
2019-12-10 14:24:10.109,233332632, 658.3529096096808, 1585317, 35.5129641278404, 86274, 0, 0.0, 10, 
2019-12-10 14:24:11.137,246413320, 658.3529096096808, 1585766, 35.5129641278404, 86306, 0, 0.0, 10, 
2019-12-10 14:24:12.164,258269056, 643.6128648070512, 1586282, 34.70437616116626, 86327, 0, 0.0, 10, 
2019-12-10 14:24:13.191,271350040, 643.6128648070512, 1586784, 34.70437616116626, 86352, 0, 0.0, 10, 
2019-12-10 14:24:14.219,284989432, 643.6128648070512, 1587293, 34.70437616116626, 86378, 0, 0.0, 10, 
2019-12-10 14:24:15.249,297310832, 643.6128648070512, 1587787, 34.70437616116626, 86411, 0, 0.0, 10, 
2019-12-10 14:24:16.28,309680000, 643.6128648070512, 1588265, 34.70437616116626, 86432, 0, 0.0, 10, 
2019-12-10 14:24:17.329,322082016, 630.7869603004162, 1588780, 33.80052814794989, 86448, 0, 0.0, 10, 
2019-12-10 14:24:18.355,337427712, 630.7869603004162, 1589301, 33.80052814794989, 86471, 0, 0.0, 10, 
2019-12-10 14:24:19.382,349640552, 630.7869603004162, 1589808, 33.80052814794989, 86500, 0, 0.0, 10, 
2019-12-10 14:24:20.415,362917136, 630.7869603004162, 1590318, 33.80052814794989, 86529, 0, 0.0, 10, 
2019-12-10 14:24:21.441,375829792, 630.7869603004162, 1590804, 33.80052814794989, 86559, 0, 0.0, 10, 
2019-12-10 14:24:22.479,104607576, 619.0665140818883, 1591264, 33.24079682197665, 86588, 0, 0.0, 10, 
2019-12-10 14:24:23.513,118861496, 619.0665140818883, 1591741, 33.24079682197665, 86615, 0, 0.0, 10, 
2019-12-10 14:24:24.547,130539768, 619.0665140818883, 1592265, 33.24079682197665, 86641, 0, 0.0, 10, 
2019-12-10 14:24:25.591,143419936, 619.0665140818883, 1592786, 33.24079682197665, 86668, 0, 0.0, 10, 
2019-12-10 14:24:26.617,158194912, 619.0665140818883, 1593298, 33.24079682197665, 86690, 0, 0.0, 10, 
2019-12-10 14:24:27.643,170795232, 608.2991741186424, 1593792, 32.46996126863576, 86702, 0, 0.0, 10, 
2019-12-10 14:24:28.669,181950792, 608.2991741186424, 1594268, 32.46996126863576, 86736, 0, 0.0, 10, 
2019-12-10 14:24:29.696,195982560, 608.2991741186424, 1594764, 32.46996126863576, 86767, 0, 0.0, 10, 
2019-12-10 14:24:30.722,209354344, 608.2991741186424, 1595294, 32.46996126863576, 86802, 0, 0.0, 10, 
2019-12-10 14:24:31.747,223405704, 608.2991741186424, 1595791, 32.46996126863576, 86827, 0, 0.0, 10, 
2019-12-10 14:24:32.776,235424192, 598.6486009982292, 1596312, 32.176527367114275, 86864, 0, 0.0, 10, 
2019-12-10 14:24:33.806,248154240, 598.6486009982292, 1596797, 32.176527367114275, 86883, 0, 0.0, 10, 
2019-12-10 14:24:34.831,260837968, 598.6486009982292, 1597295, 32.176527367114275, 86904, 0, 0.0, 10, 
2019-12-10 14:24:35.858,274016904, 598.6486009982292, 1597775, 32.176527367114275, 86926, 0, 0.0, 10, 
2019-12-10 14:24:36.884,286138512, 598.6486009982292, 1598261, 32.176527367114275, 86953, 0, 0.0, 10, 
2019-12-10 14:24:37.909,300083024, 589.3698671739676, 1598770, 31.50677721810316, 86981, 0, 0.0, 10, 
2019-12-10 14:24:38.935,313116064, 589.3698671739676, 1599263, 31.50677721810316, 87004, 0, 0.0, 10, 
2019-12-10 14:24:39.962,324821992, 589.3698671739676, 1599746, 31.50677721810316, 87021, 0, 0.0, 10, 
2019-12-10 14:24:40.987,338166360, 589.3698671739676, 1600216, 31.50677721810316, 87046, 0, 0.0, 10, 
2019-12-10 14:24:42.02,350355696, 589.3698671739676, 1600691, 31.50677721810316, 87069, 0, 0.0, 10, 
2019-12-10 14:24:43.046,362879840, 580.1134196757876, 1601184, 30.794630631863516, 87091, 0, 0.0, 10, 
2019-12-10 14:24:44.071,375789944, 580.1134196757876, 1601702, 30.794630631863516, 87115, 0, 0.0, 10, 
2019-12-10 14:24:45.102,104359216, 580.1134196757876, 1602196, 30.794630631863516, 87139, 0, 0.0, 10, 
2019-12-10 14:24:46.129,118837104, 580.1134196757876, 1602733, 30.794630631863516, 87164, 0, 0.0, 10, 
2019-12-10 14:24:47.156,131871720, 573.2601530314876, 1603231, 30.283344196463613, 87194, 0, 0.0, 10, 
2019-12-10 14:24:48.182,145929504, 573.2601530314876, 1603752, 30.283344196463613, 87220, 0, 0.0, 10, 
2019-12-10 14:24:49.207,156910888, 573.2601530314876, 1604212, 30.283344196463613, 87243, 0, 0.0, 10, 
2019-12-10 14:24:50.234,170006912, 573.2601530314876, 1604694, 30.283344196463613, 87266, 0, 0.0, 10, 
2019-12-10 14:24:51.261,181861816, 573.2601530314876, 1605192, 30.283344196463613, 87290, 0, 0.0, 10, 
2019-12-10 14:24:52.286,196356216, 565.8194740211702, 1605707, 29.84492020144646, 87323, 0, 0.0, 10, 
2019-12-10 14:24:53.312,208465008, 565.8194740211702, 1606181, 29.84492020144646, 87345, 0, 0.0, 10, 
2019-12-10 14:24:54.35,222692664, 565.8194740211702, 1606645, 29.84492020144646, 87376, 0, 0.0, 10, 
2019-12-10 14:24:55.387,233515784, 565.8194740211702, 1607163, 29.84492020144646, 87403, 0, 0.0, 10, 
2019-12-10 14:24:56.413,247089800, 565.8194740211702, 1607659, 29.84492020144646, 87421, 0, 0.0, 10, 
2019-12-10 14:24:57.447,259869928, 558.7498432176402, 1608162, 29.345603951146643, 87442, 0, 0.0, 10, 
2019-12-10 14:24:58.482,272814400, 558.7498432176402, 1608631, 29.345603951146643, 87463, 0, 0.0, 10, 
2019-12-10 14:24:59.509,284918384, 558.7498432176402, 1609118, 29.345603951146643, 87494, 0, 0.0, 10, 
2019-12-10 14:25:00.536,298296232, 558.7498432176402, 1609636, 29.345603951146643, 87519, 0, 0.0, 10, 
2019-12-10 14:25:01.578,311872808, 558.7498432176402, 1610155, 29.345603951146643, 87549, 0, 0.0, 10, 
2019-12-10 14:25:02.611,324390176, 552.2774511175093, 1610643, 28.902201940998776, 87571, 0, 0.0, 10, 
2019-12-10 14:25:03.636,336335448, 552.2774511175093, 1611149, 28.902201940998776, 87604, 0, 0.0, 10, 
2019-12-10 14:25:04.663,352151800, 552.2774511175093, 1611652, 28.902201940998776, 87634, 0, 0.0, 10, 
2019-12-10 14:25:05.689,364317256, 552.2774511175093, 1612140, 28.902201940998776, 87656, 0, 0.0, 10, 
2019-12-10 14:25:06.715,378395128, 552.2774511175093, 1612644, 28.902201940998776, 87670, 0, 0.0, 10, 
2019-12-10 14:25:07.74,109418520, 547.2500477067927, 1613127, 28.606190217645764, 87692, 0, 0.0, 10, 
2019-12-10 14:25:08.785,119846520, 547.2500477067927, 1613613, 28.606190217645764, 87719, 0, 0.0, 10, 
2019-12-10 14:25:09.811,133267848, 547.2500477067927, 1614119, 28.606190217645764, 87744, 0, 0.0, 10, 
2019-12-10 14:25:10.835,145909400, 547.2500477067927, 1614609, 28.606190217645764, 87771, 0, 0.0, 10, 
2019-12-10 14:25:11.86,158950088, 547.2500477067927, 1615102, 28.606190217645764, 87796, 0, 0.0, 10, 
2019-12-10 14:25:12.888,171977816, 541.7770840737453, 1615607, 28.317855167835887, 87820, 0, 0.0, 10, 
2019-12-10 14:25:13.915,184558200, 541.7770840737453, 1616123, 28.317855167835887, 87839, 0, 0.0, 10, 
2019-12-10 14:25:14.941,198131272, 541.7770840737453, 1616616, 28.317855167835887, 87870, 0, 0.0, 10, 
2019-12-10 14:25:15.967,210384192, 541.7770840737453, 1617095, 28.317855167835887, 87899, 0, 0.0, 10, 
2019-12-10 14:25:16.992,221944760, 541.7770840737453, 1617574, 28.317855167835887, 87932, 0, 0.0, 10, 
2019-12-10 14:25:18.018,234735040, 536.8056789199871, 1618024, 28.18050305230953, 87957, 0, 0.0, 10, 
2019-12-10 14:25:19.04,248294216, 536.8056789199871, 1618543, 28.18050305230953, 87988, 0, 0.0, 10, 
2019-12-10 14:25:20.066,260916744, 536.8056789199871, 1619031, 28.18050305230953, 88021, 0, 0.0, 10, 
2019-12-10 14:25:21.092,274584616, 536.8056789199871, 1619507, 28.18050305230953, 88043, 0, 0.0, 10, 
2019-12-10 14:25:22.125,285199704, 532.1038364388196, 1620023, 27.894221834840625, 88062, 0, 0.0, 10, 
2019-12-10 14:25:23.155,299675632, 532.1038364388196, 1620527, 27.894221834840625, 88086, 0, 0.0, 10, 
2019-12-10 14:25:24.186,313352872, 532.1038364388196, 1621039, 27.894221834840625, 88121, 0, 0.0, 10, 
2019-12-10 14:25:25.214,325894464, 532.1038364388196, 1621534, 27.894221834840625, 88151, 0, 0.0, 10, 
2019-12-10 14:25:26.239,337613312, 532.1038364388196, 1622008, 27.894221834840625, 88180, 0, 0.0, 10, 
2019-12-10 14:25:27.296,351756928, 527.9378436962958, 1622505, 27.838714921658838, 88200, 0, 0.0, 10, 
2019-12-10 14:25:28.33,364452352, 527.9378436962958, 1622992, 27.838714921658838, 88228, 0, 0.0, 10, 
2019-12-10 14:25:29.354,376318144, 527.9378436962958, 1623509, 27.838714921658838, 88253, 0, 0.0, 10, 
2019-12-10 14:25:30.379,105041632, 527.9378436962958, 1624015, 27.838714921658838, 88276, 0, 0.0, 10, 
2019-12-10 14:25:31.406,120780032, 527.9378436962958, 1624580, 27.838714921658838, 88306, 0, 0.0, 10, 
2019-12-10 14:25:32.441,137975568, 527.5430355130895, 1625239, 27.771654979138482, 88346, 0, 0.0, 10, 
2019-12-10 14:25:33.475,156301872, 527.5430355130895, 1625926, 27.771654979138482, 88391, 0, 0.0, 10, 
2019-12-10 14:25:34.504,172778784, 527.5430355130895, 1626583, 27.771654979138482, 88427, 0, 0.0, 10, 
2019-12-10 14:25:35.537,190554880, 527.5430355130895, 1627353, 27.771654979138482, 88470, 0, 0.0, 10, 
2019-12-10 14:25:36.56,212912392, 527.5430355130895, 1628225, 27.771654979138482, 88526, 0, 0.0, 10, 
2019-12-10 14:25:37.583,235924504, 544.0184407283452, 1629140, 29.069201804878773, 88579, 0, 0.0, 10, 
2019-12-10 14:25:38.606,255768952, 544.0184407283452, 1630031, 29.069201804878773, 88623, 0, 0.0, 10, 
2019-12-10 14:25:39.634,279348344, 544.0184407283452, 1630989, 29.069201804878773, 88664, 0, 0.0, 10, 
2019-12-10 14:25:40.659,299816512, 544.0184407283452, 1631967, 29.069201804878773, 88705, 0, 0.0, 10, 
2019-12-10 14:25:41.681,324380920, 544.0184407283452, 1632970, 29.069201804878773, 88754, 0, 0.0, 10, 
2019-12-10 14:25:42.704,347205112, 575.2636090519761, 1633936, 30.278993631695272, 88805, 0, 0.0, 10, 
2019-12-10 14:25:43.729,371902192, 575.2636090519761, 1634931, 30.278993631695272, 88850, 0, 0.0, 10, 
2019-12-10 14:25:44.753,111412256, 575.2636090519761, 1635865, 30.278993631695272, 88900, 0, 0.0, 10, 
2019-12-10 14:25:45.775,134567416, 575.2636090519761, 1636855, 30.278993631695272, 88959, 0, 0.0, 10, 
2019-12-10 14:25:46.797,158006344, 575.2636090519761, 1637802, 30.278993631695272, 89017, 0, 0.0, 10, 
2019-12-10 14:25:47.824,182354288, 604.5542496328064, 1638800, 32.063682761935674, 89074, 0, 0.0, 10, 
2019-12-10 14:25:48.846,204695944, 604.5542496328064, 1639754, 32.063682761935674, 89128, 0, 0.0, 10, 
2019-12-10 14:25:49.869,225706656, 604.5542496328064, 1640676, 32.063682761935674, 89183, 0, 0.0, 10, 
2019-12-10 14:25:50.892,249198336, 604.5542496328064, 1641676, 32.063682761935674, 89235, 0, 0.0, 10, 
2019-12-10 14:25:51.919,271601600, 604.5542496328064, 1642650, 32.063682761935674, 89284, 0, 0.0, 10, 
2019-12-10 14:25:52.943,296723360, 632.1585757001538, 1643653, 33.59373820854408, 89335, 0, 0.0, 10, 
2019-12-10 14:25:53.965,320203000, 632.1585757001538, 1644660, 33.59373820854408, 89377, 0, 0.0, 10, 
2019-12-10 14:25:54.993,343932456, 632.1585757001538, 1645716, 33.59373820854408, 89421, 0, 0.0, 10, 
2019-12-10 14:25:56.016,370212528, 632.1585757001538, 1646803, 33.59373820854408, 89471, 0, 0.0, 10, 
2019-12-10 14:25:57.043,111420416, 632.1585757001538, 1647838, 33.59373820854408, 89532, 0, 0.0, 10, 
2019-12-10 14:25:58.065,139555184, 662.8968148207848, 1648999, 34.82555488845383, 89595, 0, 0.0, 10, 
2019-12-10 14:25:59.089,164091176, 662.8968148207848, 1650016, 34.82555488845383, 89668, 0, 0.0, 10, 
2019-12-10 14:26:00.118,189270984, 662.8968148207848, 1651073, 34.82555488845383, 89740, 0, 0.0, 10, 
2019-12-10 14:26:01.151,213609312, 662.8968148207848, 1652155, 34.82555488845383, 89794, 0, 0.0, 10, 
2019-12-10 14:26:02.175,238332408, 694.0717522296802, 1653240, 37.09425025691564, 89859, 0, 0.0, 10, 
2019-12-10 14:26:03.207,267843216, 694.0717522296802, 1654362, 37.09425025691564, 89918, 0, 0.0, 10, 
2019-12-10 14:26:04.228,293409632, 694.0717522296802, 1655473, 37.09425025691564, 89975, 0, 0.0, 10, 
2019-12-10 14:26:05.249,318936360, 694.0717522296802, 1656587, 37.09425025691564, 90035, 0, 0.0, 10, 
2019-12-10 14:26:06.271,346335160, 694.0717522296802, 1657779, 37.09425025691564, 90102, 0, 0.0, 10, 
2019-12-10 14:26:07.293,386382584, 727.2795654011336, 1658943, 38.941684003052316, 90168, 0, 0.0, 10, 
2019-12-10 14:26:08.313,129714088, 727.2795654011336, 1660141, 38.941684003052316, 90239, 0, 0.0, 10, 
2019-12-10 14:26:09.335,153737704, 727.2795654011336, 1661210, 38.941684003052316, 90296, 0, 0.0, 10, 
2019-12-10 14:26:10.359,180710944, 727.2795654011336, 1662396, 38.941684003052316, 90341, 0, 0.0, 10, 
2019-12-10 14:26:11.38,207508616, 727.2795654011336, 1663577, 38.941684003052316, 90391, 0, 0.0, 10, 
2019-12-10 14:26:12.402,236166112, 760.7745939732242, 1664810, 40.48149393184173, 90466, 0, 0.0, 10, 
2019-12-10 14:26:13.423,265858768, 760.7745939732242, 1666102, 40.48149393184173, 90528, 0, 0.0, 10, 
2019-12-10 14:26:14.444,294966296, 760.7745939732242, 1667350, 40.48149393184173, 90599, 0, 0.0, 10, 
2019-12-10 14:26:15.467,324284504, 760.7745939732242, 1668663, 40.48149393184173, 90657, 0, 0.0, 10, 
2019-12-10 14:26:16.489,352465280, 760.7745939732242, 1669953, 40.48149393184173, 90724, 0, 0.0, 10, 
2019-12-10 14:26:17.515,371505920, 796.1169940608062, 1670656, 42.13805421252725, 90764, 0, 0.0, 10, 
2019-12-10 14:26:18.54,384257328, 796.1169940608062, 1671120, 42.13805421252725, 90791, 0, 0.0, 10, 
2019-12-10 14:26:19.568,113781872, 796.1169940608062, 1671623, 42.13805421252725, 90813, 0, 0.0, 10, 
2019-12-10 14:26:20.668,127491248, 796.1169940608062, 1672145, 42.13805421252725, 90836, 0, 0.0, 10, 
2019-12-10 14:26:21.692,141682152, 796.1169940608062, 1672678, 42.13805421252725, 90861, 0, 0.0, 10, 
2019-12-10 14:26:22.721,153632640, 770.6657724672402, 1673157, 40.671824353405434, 90885, 0, 0.0, 10, 
2019-12-10 14:26:23.748,166623296, 770.6657724672402, 1673627, 40.671824353405434, 90919, 0, 0.0, 10, 
2019-12-10 14:26:24.777,178891376, 770.6657724672402, 1674127, 40.671824353405434, 90945, 0, 0.0, 10, 
2019-12-10 14:26:25.802,193447896, 770.6657724672402, 1674601, 40.671824353405434, 90971, 0, 0.0, 10, 
2019-12-10 14:26:26.827,204056024, 770.6657724672402, 1675099, 40.671824353405434, 91000, 0, 0.0, 10, 
2019-12-10 14:26:27.859,216590160, 747.0096514384746, 1675586, 39.562694517069694, 91020, 0, 0.0, 10, 
2019-12-10 14:26:28.885,229955024, 747.0096514384746, 1676078, 39.562694517069694, 91049, 0, 0.0, 10, 
2019-12-10 14:26:29.934,244402592, 747.0096514384746, 1676597, 39.562694517069694, 91085, 0, 0.0, 10, 
2019-12-10 14:26:30.967,256364392, 747.0096514384746, 1677089, 39.562694517069694, 91108, 0, 0.0, 10, 
2019-12-10 14:26:31.995,268978968, 747.0096514384746, 1677607, 39.562694517069694, 91136, 0, 0.0, 10, 
2019-12-10 14:26:33.024,281876560, 726.3163742581306, 1678095, 38.526254688976124, 91160, 0, 0.0, 10, 
2019-12-10 14:26:34.067,295295864, 726.3163742581306, 1678606, 38.526254688976124, 91190, 0, 0.0, 10, 
2019-12-10 14:26:35.095,308261056, 726.3163742581306, 1679094, 38.526254688976124, 91214, 0, 0.0, 10, 
2019-12-10 14:26:36.123,319979152, 726.3163742581306, 1679573, 38.526254688976124, 91245, 0, 0.0, 10, 
2019-12-10 14:26:37.147,333297592, 706.861871124051, 1680112, 37.57268401403926, 91271, 0, 0.0, 10, 
2019-12-10 14:26:38.173,345776920, 706.861871124051, 1680598, 37.57268401403926, 91300, 0, 0.0, 10, 
2019-12-10 14:26:39.202,359045304, 706.861871124051, 1681071, 37.57268401403926, 91326, 0, 0.0, 10, 
2019-12-10 14:26:40.265,373327376, 706.861871124051, 1681582, 37.57268401403926, 91349, 0, 0.0, 10, 
2019-12-10 14:26:41.292,384555208, 706.861871124051, 1682039, 37.57268401403926, 91380, 0, 0.0, 10, 
2019-12-10 14:26:42.319,112996000, 687.4437080541097, 1682512, 36.64738328938688, 91404, 0, 0.0, 10, 
2019-12-10 14:26:43.346,126844864, 687.4437080541097, 1683007, 36.64738328938688, 91434, 0, 0.0, 10, 
2019-12-10 14:26:44.372,138697560, 687.4437080541097, 1683502, 36.64738328938688, 91458, 0, 0.0, 10, 
2019-12-10 14:26:45.402,150546472, 687.4437080541097, 1683972, 36.64738328938688, 91484, 0, 0.0, 10, 
2019-12-10 14:26:46.428,164342248, 687.4437080541097, 1684459, 36.64738328938688, 91517, 0, 0.0, 10, 
2019-12-10 14:26:47.455,178179600, 670.905398296402, 1684980, 35.8920122282628, 91539, 0, 0.0, 10, 
2019-12-10 14:26:48.482,191398512, 670.905398296402, 1685484, 35.8920122282628, 91572, 0, 0.0, 10, 
2019-12-10 14:26:49.509,203009792, 670.905398296402, 1685979, 35.8920122282628, 91600, 0, 0.0, 10, 
2019-12-10 14:26:50.534,217769144, 670.905398296402, 1686495, 35.8920122282628, 91630, 0, 0.0, 10, 
2019-12-10 14:26:51.56,229744824, 670.905398296402, 1686975, 35.8920122282628, 91661, 0, 0.0, 10, 
2019-12-10 14:26:52.588,241961336, 656.1531611715633, 1687477, 35.19703730250296, 91683, 0, 0.0, 10, 
2019-12-10 14:26:53.617,254295376, 656.1531611715633, 1687956, 35.19703730250296, 91709, 0, 0.0, 10, 
2019-12-10 14:26:54.646,267551680, 656.1531611715633, 1688450, 35.19703730250296, 91736, 0, 0.0, 10, 
2019-12-10 14:26:55.677,279717952, 656.1531611715633, 1688942, 35.19703730250296, 91768, 0, 0.0, 10, 
2019-12-10 14:26:56.706,293601664, 656.1531611715633, 1689462, 35.19703730250296, 91788, 0, 0.0, 10, 
2019-12-10 14:26:57.733,305961064, 642.5004922161975, 1689960, 34.39771833300885, 91817, 0, 0.0, 10, 
2019-12-10 14:26:58.76,319807552, 642.5004922161975, 1690462, 34.39771833300885, 91846, 0, 0.0, 10, 
2019-12-10 14:26:59.788,332720064, 642.5004922161975, 1690979, 34.39771833300885, 91867, 0, 0.0, 10, 
2019-12-10 14:27:00.817,346275432, 642.5004922161975, 1691464, 34.39771833300885, 91895, 0, 0.0, 10, 
2019-12-10 14:27:01.843,359296064, 642.5004922161975, 1691949, 34.39771833300885, 91921, 0, 0.0, 10, 
2019-12-10 14:27:02.871,371937616, 629.5076702380284, 1692449, 33.80622943328574, 91955, 0, 0.0, 10, 
2019-12-10 14:27:03.898,386276240, 629.5076702380284, 1692947, 33.80622943328574, 91976, 0, 0.0, 10, 
2019-12-10 14:27:04.923,112602096, 629.5076702380284, 1693429, 33.80622943328574, 91999, 0, 0.0, 10, 
2019-12-10 14:27:05.948,126710744, 629.5076702380284, 1693944, 33.80622943328574, 92032, 0, 0.0, 10, 
2019-12-10 14:27:06.976,137712168, 629.5076702380284, 1694402, 33.80622943328574, 92058, 0, 0.0, 10, 
2019-12-10 14:27:08.001,152667408, 617.5057235955182, 1694920, 33.16608667233544, 92081, 0, 0.0, 10, 
2019-12-10 14:27:09.028,166564712, 617.5057235955182, 1695422, 33.16608667233544, 92107, 0, 0.0, 10, 
2019-12-10 14:27:10.057,178385400, 617.5057235955182, 1695925, 33.16608667233544, 92134, 0, 0.0, 10, 
2019-12-10 14:27:11.086,191893104, 617.5057235955182, 1696429, 33.16608667233544, 92170, 0, 0.0, 10, 
2019-12-10 14:27:12.11,205942896, 607.8226445736992, 1696950, 33.16608667233544, 92195, 0, 0.0, 10, 
2019-12-10 14:27:13.135,217267624, 607.8226445736992, 1697464, 32.64109136885426, 92210, 0, 0.0, 10, 
2019-12-10 14:27:14.161,231311728, 607.8226445736992, 1697971, 32.64109136885426, 92232, 0, 0.0, 10, 
2019-12-10 14:27:15.187,242912624, 607.8226445736992, 1698455, 32.64109136885426, 92247, 0, 0.0, 10, 
2019-12-10 14:27:16.215,256488128, 607.8226445736992, 1698960, 32.64109136885426, 92273, 0, 0.0, 10, 
2019-12-10 14:27:17.247,269106232, 598.1941815349242, 1699465, 31.534418806288496, 92295, 0, 0.0, 10, 
2019-12-10 14:27:18.271,282063536, 598.1941815349242, 1699917, 31.534418806288496, 92329, 0, 0.0, 10, 
2019-12-10 14:27:19.297,295476912, 598.1941815349242, 1700418, 31.534418806288496, 92361, 0, 0.0, 10, 
2019-12-10 14:27:20.323,307715320, 598.1941815349242, 1700922, 31.534418806288496, 92385, 0, 0.0, 10, 
2019-12-10 14:27:21.348,319961064, 598.1941815349242, 1701420, 31.534418806288496, 92409, 0, 0.0, 10, 
2019-12-10 14:27:22.378,333851536, 589.1276833726705, 1701929, 31.251822281686568, 92435, 0, 0.0, 10, 
2019-12-10 14:27:23.407,347920216, 589.1276833726705, 1702444, 31.251822281686568, 92464, 0, 0.0, 10, 
2019-12-10 14:27:24.442,361244872, 589.1276833726705, 1702948, 31.251822281686568, 92493, 0, 0.0, 10, 
2019-12-10 14:27:25.467,374281328, 589.1276833726705, 1703465, 31.251822281686568, 92515, 0, 0.0, 10, 
2019-12-10 14:27:26.491,386403368, 589.1276833726705, 1703982, 31.251822281686568, 92546, 0, 0.0, 10, 
2019-12-10 14:27:27.515,116414448, 581.8255249880608, 1704499, 30.83190975689156, 92568, 0, 0.0, 10, 
2019-12-10 14:27:28.539,129327984, 581.8255249880608, 1704973, 30.83190975689156, 92595, 0, 0.0, 10, 
2019-12-10 14:27:29.563,140311160, 581.8255249880608, 1705456, 30.83190975689156, 92628, 0, 0.0, 10, 
2019-12-10 14:27:30.589,156069696, 581.8255249880608, 1705992, 30.83190975689156, 92652, 0, 0.0, 10, 
2019-12-10 14:27:31.616,167435600, 581.8255249880608, 1706461, 30.83190975689156, 92672, 0, 0.0, 10, 
2019-12-10 14:27:32.647,180789672, 574.0837834588173, 1706988, 30.397598232598604, 92700, 0, 0.0, 10, 
2019-12-10 14:27:33.677,193668120, 574.0837834588173, 1707485, 30.397598232598604, 92723, 0, 0.0, 10, 
2019-12-10 14:27:34.701,207239408, 574.0837834588173, 1707978, 30.397598232598604, 92752, 0, 0.0, 10, 
2019-12-10 14:27:35.727,219351064, 574.0837834588173, 1708446, 30.397598232598604, 92783, 0, 0.0, 10, 
2019-12-10 14:27:36.752,232414832, 574.0837834588173, 1708930, 30.397598232598604, 92814, 0, 0.0, 10, 
2019-12-10 14:27:37.775,244350232, 565.9855792638107, 1709414, 30.189905745353347, 92844, 0, 0.0, 10, 
2019-12-10 14:27:38.8,256247040, 565.9855792638107, 1709876, 30.189905745353347, 92867, 0, 0.0, 10, 
2019-12-10 14:27:39.829,269226752, 565.9855792638107, 1710375, 30.189905745353347, 92885, 0, 0.0, 10, 
2019-12-10 14:27:40.853,282416288, 565.9855792638107, 1710876, 30.189905745353347, 92912, 0, 0.0, 10, 
2019-12-10 14:27:41.881,293623768, 565.9855792638107, 1711350, 30.189905745353347, 92932, 0, 0.0, 10, 
2019-12-10 14:27:42.911,307029024, 558.5508628427413, 1711798, 29.567059271501222, 92952, 0, 0.0, 10, 
2019-12-10 14:27:43.934,319114456, 558.5508628427413, 1712302, 29.567059271501222, 92984, 0, 0.0, 10, 
2019-12-10 14:27:44.959,333559912, 558.5508628427413, 1712810, 29.567059271501222, 93009, 0, 0.0, 10, 
2019-12-10 14:27:45.987,346775616, 558.5508628427413, 1713320, 29.567059271501222, 93038, 0, 0.0, 10, 
2019-12-10 14:27:47.017,359997976, 558.5508628427413, 1713824, 29.567059271501222, 93062, 0, 0.0, 10, 
2019-12-10 14:27:48.045,372728904, 552.3982115593712, 1714328, 29.2178884910999, 93091, 0, 0.0, 10, 
2019-12-10 14:27:49.069,386780528, 552.3982115593712, 1714831, 29.2178884910999, 93118, 0, 0.0, 10, 
2019-12-10 14:27:50.092,113985992, 552.3982115593712, 1715299, 29.2178884910999, 93141, 0, 0.0, 10, 
2019-12-10 14:27:51.122,126857312, 552.3982115593712, 1715792, 29.2178884910999, 93164, 0, 0.0, 10, 
2019-12-10 14:27:52.147,141505800, 547.1372770377981, 1716309, 28.8966358648399, 93190, 0, 0.0, 10, 
2019-12-10 14:27:53.171,153819032, 547.1372770377981, 1716821, 28.8966358648399, 93214, 0, 0.0, 10, 
2019-12-10 14:27:54.199,166093280, 547.1372770377981, 1717319, 28.8966358648399, 93244, 0, 0.0, 10, 
2019-12-10 14:27:55.225,180401688, 547.1372770377981, 1717830, 28.8966358648399, 93274, 0, 0.0, 10, 
2019-12-10 14:27:56.251,194248952, 547.1372770377981, 1718320, 28.8966358648399, 93312, 0, 0.0, 10, 
2019-12-10 14:27:57.274,206115568, 542.5528414886802, 1718808, 28.936882638921233, 93340, 0, 0.0, 10, 
2019-12-10 14:27:58.302,218446216, 542.5528414886802, 1719294, 28.936882638921233, 93371, 0, 0.0, 10, 
2019-12-10 14:27:59.327,233299896, 542.5528414886802, 1719844, 28.936882638921233, 93397, 0, 0.0, 10, 
2019-12-10 14:28:00.351,248665688, 542.5528414886802, 1720471, 28.936882638921233, 93421, 0, 0.0, 10, 
2019-12-10 14:28:01.375,263460000, 542.5528414886802, 1721098, 28.936882638921233, 93448, 0, 0.0, 10, 
2019-12-10 14:28:02.398,280156488, 544.091759314175, 1721761, 28.89395587325093, 93485, 0, 0.0, 10, 
2019-12-10 14:28:03.421,297512536, 544.091759314175, 1722428, 28.89395587325093, 93522, 0, 0.0, 10, 
2019-12-10 14:28:04.445,320079104, 544.091759314175, 1723288, 28.89395587325093, 93561, 0, 0.0, 10, 
2019-12-10 14:28:05.468,342180440, 544.091759314175, 1724240, 28.89395587325093, 93601, 0, 0.0, 10, 
2019-12-10 14:28:06.494,364791720, 544.091759314175, 1725181, 28.89395587325093, 93653, 0, 0.0, 10, 
2019-12-10 14:28:07.522,386327912, 567.4314535727344, 1726119, 29.893883952076667, 93712, 0, 0.0, 10, 
2019-12-10 14:28:08.543,125805984, 567.4314535727344, 1726998, 29.893883952076667, 93741, 0, 0.0, 10, 
2019-12-10 14:28:09.564,148738696, 567.4314535727344, 1727949, 29.893883952076667, 93777, 0, 0.0, 10, 
2019-12-10 14:28:10.588,169902368, 567.4314535727344, 1728815, 29.893883952076667, 93816, 0, 0.0, 10, 
2019-12-10 14:28:11.61,191974416, 567.4314535727344, 1729792, 29.893883952076667, 93868, 0, 0.0, 10, 
2019-12-10 14:28:12.637,214258568, 593.9901841440533, 1730699, 30.829853313105453, 93915, 0, 0.0, 10, 
2019-12-10 14:28:13.659,235036024, 593.9901841440533, 1731597, 30.829853313105453, 93976, 0, 0.0, 10, 
2019-12-10 14:28:14.681,258486344, 593.9901841440533, 1732480, 30.829853313105453, 94019, 0, 0.0, 10, 
2019-12-10 14:28:15.703,279547200, 593.9901841440533, 1733431, 30.829853313105453, 94071, 0, 0.0, 10, 
2019-12-10 14:28:16.724,304579408, 593.9901841440533, 1734405, 30.829853313105453, 94122, 0, 0.0, 10, 
2019-12-10 14:28:17.746,325998848, 619.1290050171023, 1735368, 32.330631378949576, 94166, 0, 0.0, 10, 
2019-12-10 14:28:18.768,350216784, 619.1290050171023, 1736344, 32.330631378949576, 94221, 0, 0.0, 10, 
2019-12-10 14:28:19.79,372612960, 619.1290050171023, 1737371, 32.330631378949576, 94258, 0, 0.0, 10, 
2019-12-10 14:28:20.812,111775680, 619.1290050171023, 1738314, 32.330631378949576, 94305, 0, 0.0, 10, 
2019-12-10 14:28:21.836,133922264, 619.1290050171023, 1739267, 32.330631378949576, 94357, 0, 0.0, 10, 
2019-12-10 14:28:22.863,156601224, 645.9677759129173, 1740223, 33.39159151454495, 94411, 0, 0.0, 10, 
2019-12-10 14:28:23.886,178836592, 645.9677759129173, 1741210, 33.39159151454495, 94467, 0, 0.0, 10, 
2019-12-10 14:28:24.907,201908600, 645.9677759129173, 1742160, 33.39159151454495, 94502, 0, 0.0, 10, 
2019-12-10 14:28:25.93,225392136, 645.9677759129173, 1743193, 33.39159151454495, 94553, 0, 0.0, 10, 
2019-12-10 14:28:26.963,250487696, 645.9677759129173, 1744198, 33.39159151454495, 94600, 0, 0.0, 10, 
2019-12-10 14:28:27.986,274345016, 671.1403706833521, 1745150, 34.55961536633347, 94662, 0, 0.0, 10, 
2019-12-10 14:28:29.007,296610712, 671.1403706833521, 1746155, 34.55961536633347, 94718, 0, 0.0, 10, 
2019-12-10 14:28:30.03,322147072, 671.1403706833521, 1747200, 34.55961536633347, 94773, 0, 0.0, 10, 
2019-12-10 14:28:31.056,347287936, 671.1403706833521, 1748237, 34.55961536633347, 94835, 0, 0.0, 10, 
2019-12-10 14:28:32.078,369497616, 671.1403706833521, 1749241, 34.55961536633347, 94893, 0, 0.0, 10, 
2019-12-10 14:28:33.1,111627016, 696.1232632500693, 1750316, 36.385831689809685, 94947, 0, 0.0, 10, 
2019-12-10 14:28:34.125,136990960, 696.1232632500693, 1751449, 36.385831689809685, 94999, 0, 0.0, 10, 
2019-12-10 14:28:35.146,162560872, 696.1232632500693, 1752519, 36.385831689809685, 95057, 0, 0.0, 10, 
2019-12-10 14:28:36.168,187767480, 696.1232632500693, 1753662, 36.385831689809685, 95106, 0, 0.0, 10, 
2019-12-10 14:28:37.191,215782712, 727.855775056914, 1754811, 37.63427165712722, 95158, 0, 0.0, 10, 
2019-12-10 14:28:38.214,243431864, 727.855775056914, 1755996, 37.63427165712722, 95221, 0, 0.0, 10, 
2019-12-10 14:28:39.238,269371864, 727.855775056914, 1757137, 37.63427165712722, 95280, 0, 0.0, 10, 
2019-12-10 14:28:40.261,295897984, 727.855775056914, 1758269, 37.63427165712722, 95333, 0, 0.0, 10, 
2019-12-10 14:28:41.287,322278056, 727.855775056914, 1759430, 37.63427165712722, 95396, 0, 0.0, 10, 
2019-12-10 14:28:42.311,349611592, 758.8421004192636, 1760577, 39.406545441949014, 95467, 0, 0.0, 10, 
2019-12-10 14:28:43.332,375465856, 758.8421004192636, 1761734, 39.406545441949014, 95526, 0, 0.0, 10, 
2019-12-10 14:28:44.355,119525480, 758.8421004192636, 1762889, 39.406545441949014, 95590, 0, 0.0, 10, 
2019-12-10 14:28:45.382,145655576, 758.8421004192636, 1764095, 39.406545441949014, 95661, 0, 0.0, 10, 
2019-12-10 14:28:46.405,175012664, 758.8421004192636, 1765287, 39.406545441949014, 95727, 0, 0.0, 10, 
2019-12-10 14:28:47.427,201731032, 790.7570039355712, 1766456, 41.229009443757896, 95775, 0, 0.0, 10, 
2019-12-10 14:28:48.45,230122384, 790.7570039355712, 1767692, 41.229009443757896, 95839, 0, 0.0, 10, 
2019-12-10 14:28:49.475,249657072, 790.7570039355712, 1768504, 41.229009443757896, 95872, 0, 0.0, 10, 
2019-12-10 14:28:50.504,261794032, 790.7570039355712, 1768989, 41.229009443757896, 95898, 0, 0.0, 10, 
2019-12-10 14:28:51.532,276032016, 790.7570039355712, 1769462, 41.229009443757896, 95922, 0, 0.0, 10, 
2019-12-10 14:28:52.564,287478496, 785.88315100346, 1769940, 40.63501864495795, 95949, 0, 0.0, 10, 
2019-12-10 14:28:53.589,300927768, 785.88315100346, 1770444, 40.63501864495795, 95972, 0, 0.0, 10, 
2019-12-10 14:28:54.615,313685440, 785.88315100346, 1770957, 40.63501864495795, 95996, 0, 0.0, 10, 
2019-12-10 14:28:55.641,326476952, 785.88315100346, 1771468, 40.63501864495795, 96023, 0, 0.0, 10, 
2019-12-10 14:28:56.678,340220256, 785.88315100346, 1771976, 40.63501864495795, 96041, 0, 0.0, 10, 
2019-12-10 14:28:57.709,353448272, 762.2096493465839, 1772480, 39.17702705495513, 96063, 0, 0.0, 10, 
2019-12-10 14:28:58.737,366630432, 762.2096493465839, 1772986, 39.17702705495513, 96088, 0, 0.0, 10, 
2019-12-10 14:28:59.764,379974296, 762.2096493465839, 1773511, 39.17702705495513, 96106, 0, 0.0, 10, 
2019-12-10 14:29:00.79,108519736, 762.2096493465839, 1773981, 39.17702705495513, 96121, 0, 0.0, 10, 
2019-12-10 14:29:01.816,121842784, 762.2096493465839, 1774452, 39.17702705495513, 96145, 0, 0.0, 10, 
2019-12-10 14:29:02.841,132727352, 739.5014915821572, 1774929, 37.75565445062583, 96177, 0, 0.0, 10, 
2019-12-10 14:29:03.869,145735008, 739.5014915821572, 1775420, 37.75565445062583, 96208, 0, 0.0, 10, 
2019-12-10 14:29:04.897,159784672, 739.5014915821572, 1775914, 37.75565445062583, 96237, 0, 0.0, 10, 
2019-12-10 14:29:05.922,172744072, 739.5014915821572, 1776397, 37.75565445062583, 96263, 0, 0.0, 10, 
2019-12-10 14:29:06.95,186117712, 739.5014915821572, 1776892, 37.75565445062583, 96291, 0, 0.0, 10, 
2019-12-10 14:29:07.976,198668864, 718.5130311620301, 1777391, 37.00761762250027, 96320, 0, 0.0, 10, 
2019-12-10 14:29:08.999,210193376, 718.5130311620301, 1777865, 37.00761762250027, 96347, 0, 0.0, 10, 
2019-12-10 14:29:10.023,224098168, 718.5130311620301, 1778351, 37.00761762250027, 96384, 0, 0.0, 10, 
2019-12-10 14:29:11.063,236774880, 718.5130311620301, 1778876, 37.00761762250027, 96412, 0, 0.0, 10, 
2019-12-10 14:29:12.087,250314320, 718.5130311620301, 1779379, 37.00761762250027, 96438, 0, 0.0, 10, 
2019-12-10 14:29:13.112,263333208, 699.6504666588993, 1779860, 36.31939051684631, 96463, 0, 0.0, 10, 
2019-12-10 14:29:14.137,275058640, 699.6504666588993, 1780364, 36.31939051684631, 96489, 0, 0.0, 10, 
2019-12-10 14:29:15.165,288960536, 699.6504666588993, 1780862, 36.31939051684631, 96510, 0, 0.0, 10, 
2019-12-10 14:29:16.191,301395576, 699.6504666588993, 1781347, 36.31939051684631, 96535, 0, 0.0, 10, 
2019-12-10 14:29:17.222,314041208, 681.9282738495033, 1781836, 35.318395319587765, 96559, 0, 0.0, 10, 
2019-12-10 14:29:18.256,326594064, 681.9282738495033, 1782331, 35.318395319587765, 96586, 0, 0.0, 10, 
2019-12-10 14:29:19.282,339655144, 681.9282738495033, 1782827, 35.318395319587765, 96608, 0, 0.0, 10, 
2019-12-10 14:29:20.306,353031824, 681.9282738495033, 1783329, 35.318395319587765, 96630, 0, 0.0, 10, 
2019-12-10 14:29:21.329,364984592, 681.9282738495033, 1783808, 35.318395319587765, 96651, 0, 0.0, 10, 
2019-12-10 14:29:22.352,378506000, 665.8629360963466, 1784304, 34.39743527927926, 96679, 0, 0.0, 10, 
2019-12-10 14:29:23.39,109121512, 665.8629360963466, 1784764, 34.39743527927926, 96704, 0, 0.0, 10, 
2019-12-10 14:29:24.424,119982168, 665.8629360963466, 1785279, 34.39743527927926, 96728, 0, 0.0, 10, 
2019-12-10 14:29:25.449,133735456, 665.8629360963466, 1785767, 34.39743527927926, 96752, 0, 0.0, 10, 
2019-12-10 14:29:26.474,145741408, 665.8629360963466, 1786269, 34.39743527927926, 96783, 0, 0.0, 10, 
2019-12-10 14:29:27.497,159340456, 650.6983250176419, 1786742, 33.61407560639317, 96806, 0, 0.0, 10, 
2019-12-10 14:29:28.519,171430568, 650.6983250176419, 1787203, 33.61407560639317, 96832, 0, 0.0, 10, 
2019-12-10 14:29:29.547,184527696, 650.6983250176419, 1787691, 33.61407560639317, 96856, 0, 0.0, 10, 
2019-12-10 14:29:30.574,198027472, 650.6983250176419, 1788194, 33.61407560639317, 96882, 0, 0.0, 10, 
2019-12-10 14:29:31.601,209989584, 650.6983250176419, 1788697, 33.61407560639317, 96906, 0, 0.0, 10, 
2019-12-10 14:29:32.624,222799712, 636.298458016578, 1789195, 32.87735879763433, 96932, 0, 0.0, 10, 
2019-12-10 14:29:33.653,235591912, 636.298458016578, 1789698, 32.87735879763433, 96956, 0, 0.0, 10, 
2019-12-10 14:29:34.681,248133640, 636.298458016578, 1790180, 32.87735879763433, 96983, 0, 0.0, 10, 
2019-12-10 14:29:35.707,262150640, 636.298458016578, 1790718, 32.87735879763433, 97005, 0, 0.0, 10, 
2019-12-10 14:29:36.731,276322552, 636.298458016578, 1791244, 32.87735879763433, 97033, 0, 0.0, 10, 
2019-12-10 14:29:37.754,289815600, 625.4006350207419, 1791729, 32.231528846720494, 97062, 0, 0.0, 10, 
2019-12-10 14:29:38.78,301405832, 625.4006350207419, 1792197, 32.231528846720494, 97091, 0, 0.0, 10, 
2019-12-10 14:29:39.808,313577920, 625.4006350207419, 1792720, 32.231528846720494, 97123, 0, 0.0, 10, 
2019-12-10 14:29:40.834,326482880, 625.4006350207419, 1793206, 32.231528846720494, 97145, 0, 0.0, 10, 
2019-12-10 14:29:41.858,339221624, 625.4006350207419, 1793673, 32.231528846720494, 97167, 0, 0.0, 10, 
2019-12-10 14:29:42.886,351675552, 613.50319314413, 1794164, 31.653327724656023, 97190, 0, 0.0, 10, 
2019-12-10 14:29:43.911,365160000, 613.50319314413, 1794663, 31.653327724656023, 97210, 0, 0.0, 10, 
2019-12-10 14:29:44.935,378970448, 613.50319314413, 1795191, 31.653327724656023, 97232, 0, 0.0, 10, 
2019-12-10 14:29:45.961,110338464, 613.50319314413, 1795726, 31.653327724656023, 97260, 0, 0.0, 10, 
2019-12-10 14:29:46.988,122943832, 613.50319314413, 1796216, 31.653327724656023, 97292, 0, 0.0, 10, 
2019-12-10 14:29:48.013,136661656, 603.9962187338485, 1796727, 31.137348128842333, 97316, 0, 0.0, 10, 
2019-12-10 14:29:49.04,148656824, 603.9962187338485, 1797225, 31.137348128842333, 97353, 0, 0.0, 10, 
2019-12-10 14:29:50.066,162675888, 603.9962187338485, 1797718, 31.137348128842333, 97380, 0, 0.0, 10, 
2019-12-10 14:29:51.092,174206296, 603.9962187338485, 1798217, 31.137348128842333, 97404, 0, 0.0, 10, 
2019-12-10 14:29:52.117,187963152, 594.9775310373847, 1798730, 30.58266839828058, 97417, 0, 0.0, 10, 
2019-12-10 14:29:53.143,201850776, 594.9775310373847, 1799256, 30.58266839828058, 97440, 0, 0.0, 10, 
2019-12-10 14:29:54.168,213530144, 594.9775310373847, 1799721, 30.58266839828058, 97470, 0, 0.0, 10, 
2019-12-10 14:29:55.192,227219376, 594.9775310373847, 1800229, 30.58266839828058, 97500, 0, 0.0, 10, 
2019-12-10 14:29:56.22,237871872, 594.9775310373847, 1800634, 30.58266839828058, 97520, 0, 0.0, 10, 
2019-12-10 14:29:57.247,238964520, 577.8848234041926, 1800634, 29.7844983029347, 97520, 0, 0.0, 10, 
2019-12-10 14:29:58.275,239987904, 577.8848234041926, 1800634, 29.7844983029347, 97520, 0, 0.0, 10, 
2019-12-10 14:29:59.303,240800104, 577.8848234041926, 1800634, 29.7844983029347, 97520, 0, 0.0, 10, 
