Timestamp, MemoryUsed, ReadLatency1, ReadCount, WriteLatency1, WriteCount, PendingTasks, WaitingOnCommit1, SRDelay, 
2019-12-10 14:30:11.463,257129672, 489.1689421032889, 1800911, 25.212033498469733, 97536, 0, 0.0, 10, 
2019-12-10 14:30:12.54,267889000, 458.0846937634817, 1801322, 23.595968528567855, 97553, 0, 0.0, 10, 
2019-12-10 14:30:13.577,284644320, 458.0846937634817, 1801956, 23.595968528567855, 97588, 0, 0.0, 10, 
2019-12-10 14:30:14.621,300400336, 458.0846937634817, 1802652, 23.595968528567855, 97619, 0, 0.0, 10, 
2019-12-10 14:30:15.667,318053736, 458.0846937634817, 1803365, 23.595968528567855, 97659, 0, 0.0, 10, 
2019-12-10 14:30:16.696,335482952, 458.0846937634817, 1804092, 23.595968528567855, 97689, 0, 0.0, 10, 
2019-12-10 14:30:17.728,352265752, 473.1735365420291, 1804787, 24.235935550191535, 97716, 0, 0.0, 10, 
2019-12-10 14:30:18.759,370038328, 473.1735365420291, 1805524, 24.235935550191535, 97756, 0, 0.0, 10, 
2019-12-10 14:30:19.792,388092592, 473.1735365420291, 1806353, 24.235935550191535, 97795, 0, 0.0, 10, 
2019-12-10 14:30:20.825,124665120, 473.1735365420291, 1807186, 24.235935550191535, 97838, 0, 0.0, 10, 
2019-12-10 14:30:21.851,142707808, 473.1735365420291, 1807976, 24.235935550191535, 97887, 0, 0.0, 10, 
2019-12-10 14:30:22.885,164452120, 496.2188521471311, 1808818, 25.51235166817118, 97947, 0, 0.0, 10, 
2019-12-10 14:30:23.915,183046896, 496.2188521471311, 1809616, 25.51235166817118, 97996, 0, 0.0, 10, 
2019-12-10 14:30:24.945,203434144, 496.2188521471311, 1810541, 25.51235166817118, 98038, 0, 0.0, 10, 
2019-12-10 14:30:25.98,225577336, 496.2188521471311, 1811513, 25.51235166817118, 98082, 0, 0.0, 10, 
2019-12-10 14:30:27.008,249461528, 496.2188521471311, 1812510, 25.51235166817118, 98131, 0, 0.0, 10, 
2019-12-10 14:30:28.038,269771536, 527.1921385852719, 1813422, 27.230409168781797, 98188, 0, 0.0, 10, 
2019-12-10 14:30:29.063,294307048, 527.1921385852719, 1814439, 27.230409168781797, 98240, 0, 0.0, 10, 
2019-12-10 14:30:30.091,318732152, 527.1921385852719, 1815494, 27.230409168781797, 98290, 0, 0.0, 10, 
2019-12-10 14:30:31.12,345875000, 527.1921385852719, 1816723, 27.230409168781797, 98352, 0, 0.0, 10, 
2019-12-10 14:30:32.145,369607960, 566.8347463760698, 1817740, 29.27484077138054, 98403, 0, 0.0, 10, 
2019-12-10 14:30:33.183,111935504, 566.8347463760698, 1818919, 29.27484077138054, 98468, 0, 0.0, 10, 
2019-12-10 14:30:34.217,138915976, 566.8347463760698, 1820069, 29.27484077138054, 98519, 0, 0.0, 10, 
2019-12-10 14:30:35.24,164576832, 566.8347463760698, 1821215, 29.27484077138054, 98574, 0, 0.0, 10, 
2019-12-10 14:30:36.267,188782040, 566.8347463760698, 1822309, 29.27484077138054, 98633, 0, 0.0, 10, 
2019-12-10 14:30:37.298,215744688, 610.7595668118814, 1823520, 31.491622107000026, 98699, 0, 0.0, 10, 
2019-12-10 14:30:38.334,240388672, 610.7595668118814, 1824632, 31.491622107000026, 98762, 0, 0.0, 10, 
2019-12-10 14:30:39.366,241200736, 610.7595668118814, 1824662, 31.491622107000026, 98763, 0, 0.0, 10, 
2019-12-10 14:30:40.412,242152912, 610.7595668118814, 1824662, 31.491622107000026, 98763, 0, 0.0, 10, 
2019-12-10 14:30:41.453,242919320, 610.7595668118814, 1824662, 31.491622107000026, 98763, 0, 0.0, 10, 
