Timestamp, MemoryUsed, ReadLatency1, ReadCount, WriteLatency1, WriteCount, PendingTasks, WaitingOnCommit1, SRDelay, 
2019-12-10 14:30:11.443,192639408, 460.7708983241527, 1760835, 23.569954319502394, 95102, 0, 0.0, 10, 
2019-12-10 14:30:12.532,204173744, 460.7708983241527, 1761218, 23.569954319502394, 95114, 0, 0.0, 10, 
2019-12-10 14:30:13.569,218853808, 460.7708983241527, 1761821, 23.569954319502394, 95143, 0, 0.0, 10, 
2019-12-10 14:30:14.614,235631024, 446.317255330662, 1762482, 22.804783019915945, 95177, 0, 0.0, 10, 
2019-12-10 14:30:15.66,252408240, 446.317255330662, 1763170, 22.804783019915945, 95208, 0, 0.0, 10, 
2019-12-10 14:30:16.689,269185456, 446.317255330662, 1763854, 22.804783019915945, 95252, 0, 0.0, 10, 
2019-12-10 14:30:17.721,287011248, 446.317255330662, 1764590, 22.804783019915945, 95292, 0, 0.0, 10, 
2019-12-10 14:30:18.752,305885616, 446.317255330662, 1765297, 22.804783019915945, 95327, 0, 0.0, 10, 
2019-12-10 14:30:19.786,324759984, 464.9055492692805, 1766080, 23.731885381058575, 95370, 0, 0.0, 10, 
2019-12-10 14:30:20.819,345731504, 464.9055492692805, 1766910, 23.731885381058575, 95406, 0, 0.0, 10, 
2019-12-10 14:30:21.844,364605872, 464.9055492692805, 1767717, 23.731885381058575, 95451, 0, 0.0, 10, 
2019-12-10 14:30:22.874,384528816, 464.9055492692805, 1768535, 23.731885381058575, 95490, 0, 0.0, 10, 
2019-12-10 14:30:23.91,406548912, 492.0500268075516, 1769438, 25.320452115627734, 95549, 0, 0.0, 10, 
2019-12-10 14:30:24.935,427520432, 492.0500268075516, 1770323, 25.320452115627734, 95612, 0, 0.0, 10, 
2019-12-10 14:30:25.974,448491952, 492.0500268075516, 1771274, 25.320452115627734, 95659, 0, 0.0, 10, 
2019-12-10 14:30:27.001,469463472, 492.0500268075516, 1772208, 25.320452115627734, 95709, 0, 0.0, 10, 
2019-12-10 14:30:28.03,492532144, 492.0500268075516, 1773168, 25.320452115627734, 95763, 0, 0.0, 10, 
2019-12-10 14:30:29.057,516649392, 526.8586887552622, 1774214, 27.501604335370125, 95819, 0, 0.0, 10, 
2019-12-10 14:30:30.085,541815216, 526.8586887552622, 1775226, 27.501604335370125, 95870, 0, 0.0, 10, 
2019-12-10 14:30:31.111,566981040, 526.8586887552622, 1776432, 27.501604335370125, 95938, 0, 0.0, 10, 
2019-12-10 14:30:32.138,594244016, 526.8586887552622, 1777443, 27.501604335370125, 95989, 0, 0.0, 10, 
2019-12-10 14:30:33.176,618361264, 526.8586887552622, 1778523, 27.501604335370125, 96050, 0, 0.0, 10, 
2019-12-10 14:30:34.211,648769968, 569.8541100738305, 1779756, 29.780210242860765, 96107, 0, 0.0, 10, 
2019-12-10 14:30:35.234,672887216, 569.8541100738305, 1780796, 29.780210242860765, 96155, 0, 0.0, 10, 
2019-12-10 14:30:36.261,697004464, 569.8541100738305, 1781872, 29.780210242860765, 96206, 0, 0.0, 10, 
2019-12-10 14:30:37.286,725316016, 569.8541100738305, 1783143, 29.780210242860765, 96267, 0, 0.0, 10, 
2019-12-10 14:30:38.32,752578992, 569.8541100738305, 1784284, 29.780210242860765, 96329, 0, 0.0, 10, 
2019-12-10 14:30:39.358,753627568, 603.3191917073682, 1784304, 31.25297531529763, 96331, 0, 0.0, 10, 
2019-12-10 14:30:40.399,754676144, 603.3191917073682, 1784304, 31.25297531529763, 96331, 0, 0.0, 10, 
2019-12-10 14:30:41.445,755724720, 603.3191917073682, 1784304, 31.25297531529763, 96331, 0, 0.0, 10, 
