Timestamp, MemoryUsed, ReadLatency1, ReadCount, WriteLatency1, WriteCount, PendingTasks, WaitingOnCommit1, SRDelay, 
2019-12-10 14:30:11.512,263672840, 463.70891338898343, 1741998, 24.33808516518252, 95283, 0, 0.0, 10, 
2019-12-10 14:30:12.547,274017440, 463.70891338898343, 1742361, 24.33808516518252, 95301, 0, 0.0, 10, 
2019-12-10 14:30:13.59,289755432, 442.6399039685763, 1742927, 23.159692938557463, 95327, 0, 0.0, 10, 
2019-12-10 14:30:14.635,307146440, 442.6399039685763, 1743610, 23.159692938557463, 95381, 0, 0.0, 10, 
2019-12-10 14:30:15.674,323204816, 442.6399039685763, 1744271, 23.159692938557463, 95417, 0, 0.0, 10, 
2019-12-10 14:30:16.704,340369848, 442.6399039685763, 1744955, 23.159692938557463, 95461, 0, 0.0, 10, 
2019-12-10 14:30:17.737,356020832, 442.6399039685763, 1745644, 23.159692938557463, 95494, 0, 0.0, 10, 
2019-12-10 14:30:18.769,374074896, 458.8676972536575, 1746357, 24.426213962106367, 95535, 0, 0.0, 10, 
2019-12-10 14:30:19.8,107958360, 458.8676972536575, 1747124, 24.426213962106367, 95573, 0, 0.0, 10, 
2019-12-10 14:30:20.832,128561904, 458.8676972536575, 1747905, 24.426213962106367, 95618, 0, 0.0, 10, 
2019-12-10 14:30:21.857,148386944, 458.8676972536575, 1748705, 24.426213962106367, 95660, 0, 0.0, 10, 
2019-12-10 14:30:22.891,168102896, 458.8676972536575, 1749563, 24.426213962106367, 95693, 0, 0.0, 10, 
2019-12-10 14:30:23.922,188915136, 484.112258340173, 1750445, 25.623451789981416, 95738, 0, 0.0, 10, 
2019-12-10 14:30:24.952,209540736, 484.112258340173, 1751341, 25.623451789981416, 95789, 0, 0.0, 10, 
2019-12-10 14:30:25.986,231771536, 484.112258340173, 1752214, 25.623451789981416, 95825, 0, 0.0, 10, 
2019-12-10 14:30:27.014,255127848, 484.112258340173, 1753182, 25.623451789981416, 95871, 0, 0.0, 10, 
2019-12-10 14:30:28.044,276859072, 484.112258340173, 1754051, 25.623451789981416, 95935, 0, 0.0, 10, 
2019-12-10 14:30:29.069,299168848, 515.5258277095477, 1755008, 27.332626215317944, 95989, 0, 0.0, 10, 
2019-12-10 14:30:30.097,322071984, 515.5258277095477, 1756037, 27.332626215317944, 96031, 0, 0.0, 10, 
2019-12-10 14:30:31.126,350217144, 515.5258277095477, 1757221, 27.332626215317944, 96089, 0, 0.0, 10, 
2019-12-10 14:30:32.15,372308936, 515.5258277095477, 1758190, 27.332626215317944, 96152, 0, 0.0, 10, 
2019-12-10 14:30:33.197,112904232, 555.3336485959719, 1759251, 27.332626215317944, 96204, 0, 0.0, 10, 
2019-12-10 14:30:34.223,142073184, 555.3336485959719, 1760480, 29.30492052582948, 96257, 0, 0.0, 10, 
2019-12-10 14:30:35.245,164872928, 555.3336485959719, 1761478, 29.30492052582948, 96313, 0, 0.0, 10, 
2019-12-10 14:30:36.273,192080136, 555.3336485959719, 1762542, 29.30492052582948, 96366, 0, 0.0, 10, 
2019-12-10 14:30:37.306,218940776, 555.3336485959719, 1763758, 29.30492052582948, 96425, 0, 0.0, 10, 
2019-12-10 14:30:38.341,247002608, 599.2985345981192, 1764915, 31.391367880481116, 96484, 0, 0.0, 10, 
2019-12-10 14:30:39.375,247769704, 599.2985345981192, 1764933, 31.391367880481116, 96486, 0, 0.0, 10, 
2019-12-10 14:30:40.423,248945536, 599.2985345981192, 1764933, 31.391367880481116, 96486, 0, 0.0, 10, 
2019-12-10 14:30:41.461,249722696, 599.2985345981192, 1764933, 31.391367880481116, 96486, 0, 0.0, 10, 
