Timestamp, MemoryUsed, ReadLatency1, ReadCount, WriteLatency1, WriteCount, PendingTasks, WaitingOnCommit1, SRDelay, 
2019-12-04 14:32:07.714,364704744, 25.60020994044223, 746555, 2.9284896760331196, 42973, 0, 0.0, 6468852, 
2019-12-04 14:32:08.769,365367592, 25.60020994044223, 746555, 2.9284896760331196, 42973, 0, 0.0, 14, 
2019-12-04 14:32:09.809,366296512, 25.60020994044223, 746555, 2.9284896760331196, 42973, 0, 0.0, 14, 
2019-12-04 14:32:10.854,81068440, 23.553330169041953, 746555, 2.6943405697339085, 42973, 0, 0.0, 14, 
2019-12-04 14:32:11.892,81615688, 23.553330169041953, 746555, 2.6943405697339085, 42973, 0, 0.0, 14, 
2019-12-04 14:32:12.946,82525776, 23.553330169041953, 746555, 2.6943405697339085, 42973, 0, 0.0, 14, 
2019-12-04 14:32:13.99,83077920, 23.553330169041953, 746555, 2.6943405697339085, 42973, 0, 0.0, 14, 
2019-12-04 14:32:15.03,83958640, 23.553330169041953, 746555, 2.6943405697339085, 42973, 0, 0.0, 14, 
2019-12-04 14:32:16.081,84869184, 21.670109867947385, 746555, 2.478912992292871, 42973, 0, 0.0, 14, 
2019-12-04 14:32:17.115,85368528, 21.670109867947385, 746555, 2.478912992292871, 42973, 0, 0.0, 14, 
2019-12-04 14:32:18.157,86281312, 21.670109867947385, 746555, 2.478912992292871, 42973, 0, 0.0, 14, 
2019-12-04 14:32:19.204,86837296, 21.670109867947385, 746555, 2.478912992292871, 42973, 0, 0.0, 14, 
2019-12-04 14:32:20.238,87880128, 19.937463548408775, 746555, 2.2807100529111186, 42973, 0, 0.0, 14, 
2019-12-04 14:32:21.284,88430816, 19.937463548408775, 746555, 2.2807100529111186, 42973, 0, 0.0, 14, 
2019-12-04 14:32:22.327,89306824, 19.937463548408775, 746555, 2.2807100529111186, 42973, 0, 0.0, 14, 
2019-12-04 14:32:23.398,89842984, 19.937463548408775, 746555, 2.2807100529111186, 42973, 0, 0.0, 14, 
2019-12-04 14:32:24.44,90719040, 19.937463548408775, 746555, 2.2807100529111186, 42973, 0, 0.0, 14, 
2019-12-04 14:32:25.474,91449896, 18.343351979589222, 746555, 2.098354545569823, 42973, 0, 0.0, 14, 
2019-12-04 14:32:26.529,92348536, 18.343351979589222, 746555, 2.098354545569823, 42973, 0, 0.0, 14, 
2019-12-04 14:32:27.61,92890952, 18.343351979589222, 746555, 2.098354545569823, 42973, 0, 0.0, 14, 
2019-12-04 14:32:28.643,94159136, 18.343351979589222, 746555, 2.098354545569823, 42973, 0, 0.0, 14, 
2019-12-04 14:32:29.68,94846024, 18.343351979589222, 746555, 2.098354545569823, 42973, 0, 0.0, 14, 
2019-12-04 14:32:30.709,96998976, 16.876698534400806, 746556, 1.9305793795635675, 42973, 0, 0.0, 14, 
2019-12-04 14:32:31.74,97867856, 16.876698534400806, 746556, 1.9305793795635675, 42973, 0, 0.0, 14, 
2019-12-04 14:32:32.779,98402696, 16.876698534400806, 746556, 1.9305793795635675, 42973, 0, 0.0, 14, 
2019-12-04 14:32:33.83,99282672, 16.876698534400806, 746556, 1.9305793795635675, 42973, 0, 0.0, 14, 
2019-12-04 14:32:34.865,100198784, 16.876698534400806, 746556, 1.9305793795635675, 42973, 0, 0.0, 14, 
2019-12-04 14:32:35.907,101101688, 15.54330334103248, 746556, 1.7762187751660046, 42973, 0, 0.0, 14, 
2019-12-04 14:32:36.957,101608520, 15.54330334103248, 746556, 1.7762187751660046, 42973, 0, 0.0, 14, 
2019-12-04 14:32:37.994,102512560, 15.54330334103248, 746556, 1.7762187751660046, 42973, 0, 0.0, 14, 
2019-12-04 14:32:39.119,103033944, 15.54330334103248, 746556, 1.7762187751660046, 42973, 0, 0.0, 14, 
2019-12-04 14:32:40.156,104132144, 14.300529423806234, 746556, 1.6342001632512202, 42973, 0, 0.0, 14, 
2019-12-04 14:32:41.195,104818352, 14.300529423806234, 746556, 1.6342001632512202, 42973, 0, 0.0, 14, 
2019-12-04 14:32:42.229,105731136, 14.300529423806234, 746556, 1.6342001632512202, 42973, 0, 0.0, 14, 
2019-12-04 14:32:43.26,106245576, 14.300529423806234, 746556, 1.6342001632512202, 42973, 0, 0.0, 14, 
2019-12-04 14:32:44.295,107172592, 14.300529423806234, 746556, 1.6342001632512202, 42973, 0, 0.0, 14, 
2019-12-04 14:32:45.339,108068648, 13.15712222261522, 746556, 1.5035367325856135, 42973, 0, 0.0, 14, 
2019-12-04 14:32:46.39,114020816, 13.15712222261522, 746733, 1.5035367325856135, 42982, 0, 0.0, 12, 
2019-12-04 14:32:47.426,121673168, 13.15712222261522, 746994, 1.5035367325856135, 42994, 0, 0.0, -2, 
2019-12-04 14:32:48.453,132376528, 13.15712222261522, 747426, 1.5035367325856135, 43015, 0, 0.0, 34, 
2019-12-04 14:32:49.486,147390088, 13.15712222261522, 748144, 1.5035367325856135, 43042, 0, 0.0, -14, 
2019-12-04 14:32:50.516,161018392, 44.854944581341655, 748832, 2.918467812122409, 43084, 0, 0.0, 4, 
2019-12-04 14:32:51.548,176460392, 44.854944581341655, 749533, 2.918467812122409, 43117, 0, 0.0, -30, 
2019-12-04 14:32:52.585,190345312, 44.854944581341655, 750115, 2.918467812122409, 43146, 0, 0.0, 25, 
2019-12-04 14:32:53.621,201465144, 44.854944581341655, 750633, 2.918467812122409, 43179, 0, 0.0, 28, 
2019-12-04 14:32:54.652,212460560, 44.854944581341655, 751095, 2.918467812122409, 43206, 0, 0.0, -32, 
2019-12-04 14:32:55.676,225344560, 83.75693929654882, 751473, 5.019823102642444, 43231, 0, 0.0, 27, 
2019-12-04 14:32:56.704,236833328, 83.75693929654882, 751948, 5.019823102642444, 43259, 0, 0.0, -71, 
2019-12-04 14:32:57.747,248712464, 83.75693929654882, 752469, 5.019823102642444, 43288, 0, 0.0, 8, 
2019-12-04 14:32:58.786,256702496, 83.75693929654882, 752761, 5.019823102642444, 43300, 0, 0.0, -2, 
2019-12-04 14:32:59.812,265243784, 83.75693929654882, 753116, 5.019823102642444, 43306, 0, 0.0, -38, 
2019-12-04 14:33:00.84,276963144, 109.49008961258349, 753680, 6.201580798352819, 43334, 0, 0.0, -40, 
2019-12-04 14:33:01.869,293821144, 109.49008961258349, 754455, 6.201580798352819, 43380, 0, 0.0, -42, 
2019-12-04 14:33:02.895,308538040, 109.49008961258349, 755196, 6.201580798352819, 43425, 0, 0.0, -54, 
2019-12-04 14:33:03.965,323836176, 109.49008961258349, 755989, 6.201580798352819, 43475, 0, 0.0, -89, 
2019-12-04 14:33:05.036,340378096, 109.49008961258349, 756738, 6.201580798352819, 43516, 0, 0.0, -22, 
2019-12-04 14:33:06.084,355625592, 156.84857521846246, 757528, 9.127828829261933, 43567, 0, 0.0, -53, 
2019-12-04 14:33:07.116,87959056, 156.84857521846246, 758275, 9.127828829261933, 43606, 0, 0.0, -96, 
2019-12-04 14:33:08.15,103703960, 156.84857521846246, 759019, 9.127828829261933, 43651, 0, 0.0, -52, 
2019-12-04 14:33:09.18,118320416, 156.84857521846246, 759726, 9.127828829261933, 43692, 0, 0.0, 20, 
2019-12-04 14:33:10.205,134216896, 202.59527730753697, 760503, 11.772133634697514, 43743, 0, 0.0, -309, 
2019-12-04 14:33:11.231,151261144, 202.59527730753697, 761373, 11.772133634697514, 43802, 0, 0.0, -171, 
2019-12-04 14:33:12.265,169555864, 202.59527730753697, 762238, 11.772133634697514, 43857, 0, 0.0, -138, 
2019-12-04 14:33:13.297,185463672, 202.59527730753697, 763100, 11.772133634697514, 43910, 0, 0.0, -9, 
2019-12-04 14:33:14.33,204202072, 202.59527730753697, 764017, 11.772133634697514, 43961, 0, 0.0, -82, 
2019-12-04 14:33:15.354,222915728, 255.7661191846774, 764975, 15.10051405766758, 44015, 0, 0.0, 26, 
2019-12-04 14:33:16.377,241556688, 255.7661191846774, 765942, 15.10051405766758, 44079, 0, 0.0, -149, 
2019-12-04 14:33:17.404,259640272, 255.7661191846774, 766862, 15.10051405766758, 44118, 0, 0.0, -19, 
2019-12-04 14:33:18.448,277039944, 255.7661191846774, 767830, 15.10051405766758, 44151, 0, 0.0, -117, 
2019-12-04 14:33:19.471,296585712, 255.7661191846774, 768720, 15.10051405766758, 44206, 0, 0.0, -204, 
2019-12-04 14:33:20.495,316007456, 309.05123023611833, 769722, 17.5870916609139, 44258, 0, 0.0, 51, 
2019-12-04 14:33:21.52,336105064, 309.05123023611833, 770733, 17.5870916609139, 44305, 0, 0.0, 26, 
2019-12-04 14:33:22.545,354764192, 309.05123023611833, 771733, 17.5870916609139, 44367, 0, 0.0, -46, 
2019-12-04 14:33:23.57,92449016, 309.05123023611833, 772742, 17.5870916609139, 44430, 0, 0.0, -105, 
2019-12-04 14:33:24.594,112269480, 309.05123023611833, 773806, 17.5870916609139, 44489, 0, 0.0, -351, 
2019-12-04 14:33:25.625,133134776, 364.68023039351766, 774920, 20.72238270125222, 44547, 0, 0.0, 52, 
2019-12-04 14:33:26.649,154409352, 364.68023039351766, 776049, 20.72238270125222, 44608, 0, 0.0, -282, 
2019-12-04 14:33:27.674,175191512, 364.68023039351766, 777155, 20.72238270125222, 44671, 0, 0.0, 70, 
2019-12-04 14:33:28.704,197857592, 364.68023039351766, 778320, 20.72238270125222, 44732, 0, 0.0, -59, 
2019-12-04 14:33:29.734,220018608, 364.68023039351766, 779516, 20.72238270125222, 44792, 0, 0.0, -119, 
2019-12-04 14:33:30.758,243001640, 425.1362291827452, 780705, 23.78289199896834, 44859, 0, 0.0, -58, 
2019-12-04 14:33:31.786,262701768, 425.1362291827452, 781710, 23.78289199896834, 44907, 0, 0.0, -73, 
2019-12-04 14:33:32.808,281348912, 425.1362291827452, 782708, 23.78289199896834, 44973, 0, 0.0, 92, 
2019-12-04 14:33:33.834,300152992, 425.1362291827452, 783677, 23.78289199896834, 45027, 0, 0.0, -50, 
2019-12-04 14:33:34.857,320567688, 425.1362291827452, 784761, 23.78289199896834, 45080, 0, 0.0, -231, 
2019-12-04 14:33:35.88,340392664, 471.067816252685, 785802, 26.326847493992865, 45134, 0, 0.0, -88, 
2019-12-04 14:33:36.902,361995368, 471.067816252685, 786895, 26.326847493992865, 45204, 0, 0.0, -231, 
2019-12-04 14:33:37.925,101685320, 471.067816252685, 788044, 26.326847493992865, 45268, 0, 0.0, -288, 
2019-12-04 14:33:38.949,123112672, 471.067816252685, 789127, 26.326847493992865, 45337, 0, 0.0, -36, 
2019-12-04 14:33:39.986,145392720, 471.067816252685, 790284, 26.326847493992865, 45398, 0, 0.0, -62, 
2019-12-04 14:33:41.012,166821768, 520.0911589138029, 791439, 29.17911528462809, 45454, 0, 0.0, 124, 
2019-12-04 14:33:42.036,188677824, 520.0911589138029, 792613, 29.17911528462809, 45503, 0, 0.0, -226, 
2019-12-04 14:33:43.061,209700424, 520.0911589138029, 793724, 29.17911528462809, 45561, 0, 0.0, -413, 
2019-12-04 14:33:44.085,231790200, 520.0911589138029, 794927, 29.17911528462809, 45630, 0, 0.0, 64, 
2019-12-04 14:33:45.117,253402568, 520.0911589138029, 796044, 29.17911528462809, 45685, 0, 0.0, -39, 
2019-12-04 14:33:46.145,275279336, 568.1691592914129, 797165, 31.33958593927922, 45748, 0, 0.0, -67, 
2019-12-04 14:33:47.171,298658904, 568.1691592914129, 798488, 31.33958593927922, 45823, 0, 0.0, -158, 
2019-12-04 14:33:48.195,322045248, 568.1691592914129, 799764, 31.33958593927922, 45890, 0, 0.0, -208, 
2019-12-04 14:33:49.224,347880936, 568.1691592914129, 801147, 31.33958593927922, 45961, 0, 0.0, 146, 
2019-12-04 14:33:50.251,371362328, 621.9337607815643, 802411, 34.04691516639764, 46015, 0, 0.0, 10, 
2019-12-04 14:33:51.276,110866040, 621.9337607815643, 803745, 34.04691516639764, 46080, 0, 0.0, 29, 
2019-12-04 14:33:52.302,134727944, 621.9337607815643, 805038, 34.04691516639764, 46145, 0, 0.0, -227, 
2019-12-04 14:33:53.325,156891496, 621.9337607815643, 806219, 34.04691516639764, 46201, 0, 0.0, -469, 
2019-12-04 14:33:54.349,181708440, 621.9337607815643, 807532, 34.04691516639764, 46254, 0, 0.0, 188, 
2019-12-04 14:33:55.371,204779944, 672.2790935264268, 808776, 36.2339470759621, 46335, 0, 0.0, -154, 
2019-12-04 14:33:56.394,227201424, 672.2790935264268, 809990, 36.2339470759621, 46411, 0, 0.0, -206, 
2019-12-04 14:33:57.423,252069904, 672.2790935264268, 811349, 36.2339470759621, 46493, 0, 0.0, -335, 
2019-12-04 14:33:58.448,276789376, 672.2790935264268, 812684, 36.2339470759621, 46549, 0, 0.0, -176, 
2019-12-04 14:33:59.481,301053968, 672.2790935264268, 814051, 36.2339470759621, 46630, 0, 0.0, -178, 
2019-12-04 14:34:00.507,324886984, 720.5819342381852, 815378, 39.045669422679744, 46700, 0, 0.0, -7, 
2019-12-04 14:34:01.536,350978616, 720.5819342381852, 816738, 39.045669422679744, 46775, 0, 0.0, 20, 
2019-12-04 14:34:02.608,95443192, 720.5819342381852, 818179, 39.045669422679744, 46840, 0, 0.0, 53, 
2019-12-04 14:34:03.635,119591232, 720.5819342381852, 819545, 39.045669422679744, 46901, 0, 0.0, 46, 
2019-12-04 14:34:04.659,144962240, 720.5819342381852, 820878, 39.045669422679744, 46966, 0, 0.0, -108, 
2019-12-04 14:34:05.688,170127016, 769.0844367825988, 822267, 41.10487199981931, 47043, 0, 0.0, -42, 
2019-12-04 14:34:06.72,194973872, 769.0844367825988, 823673, 41.10487199981931, 47127, 0, 0.0, -69, 
2019-12-04 14:34:07.744,218493568, 769.0844367825988, 824935, 41.10487199981931, 47209, 0, 0.0, -154, 
2019-12-04 14:34:08.773,244686128, 769.0844367825988, 826362, 41.10487199981931, 47303, 0, 0.0, -330, 
2019-12-04 14:34:09.8,271087448, 769.0844367825988, 827750, 41.10487199981931, 47365, 0, 0.0, 36, 
2019-12-04 14:34:10.829,295892928, 813.7408755782793, 829143, 44.038852439325666, 47425, 0, 0.0, -127, 
2019-12-04 14:34:11.855,320117456, 813.7408755782793, 830520, 44.038852439325666, 47502, 0, 0.0, -56, 
2019-12-04 14:34:12.888,345316072, 813.7408755782793, 831834, 44.038852439325666, 47574, 0, 0.0, -142, 
2019-12-04 14:34:13.913,368837896, 813.7408755782793, 833129, 44.038852439325666, 47630, 0, 0.0, -277, 
2019-12-04 14:34:14.936,109454448, 813.7408755782793, 834439, 44.038852439325666, 47698, 0, 0.0, 86, 
2019-12-04 14:34:15.96,135367264, 853.0997420254748, 835839, 45.810759965025326, 47781, 0, 0.0, -19, 
2019-12-04 14:34:16.989,161363104, 853.0997420254748, 837270, 45.810759965025326, 47844, 0, 0.0, 73, 
2019-12-04 14:34:18.013,185985272, 853.0997420254748, 838615, 45.810759965025326, 47916, 0, 0.0, -65, 
2019-12-04 14:34:19.047,210578752, 853.0997420254748, 839970, 45.810759965025326, 47989, 0, 0.0, 34, 
2019-12-04 14:34:20.071,235258880, 853.0997420254748, 841348, 45.810759965025326, 48062, 0, 0.0, 24, 
2019-12-04 14:34:21.11,259672968, 892.4459062128889, 842691, 47.7288336946194, 48133, 0, 0.0, 97, 
2019-12-04 14:34:22.145,284957664, 892.4459062128889, 844041, 47.7288336946194, 48202, 0, 0.0, 61, 
2019-12-04 14:34:23.169,309377264, 892.4459062128889, 845373, 47.7288336946194, 48282, 0, 0.0, -110, 
2019-12-04 14:34:24.192,333860472, 892.4459062128889, 846727, 47.7288336946194, 48348, 0, 0.0, 150, 
2019-12-04 14:34:25.218,360673208, 927.0949864544166, 848166, 49.33363554563831, 48414, 0, 0.0, 135, 
2019-12-04 14:34:26.249,104033896, 927.0949864544166, 849508, 49.33363554563831, 48493, 0, 0.0, -269, 
2019-12-04 14:34:27.274,128665992, 927.0949864544166, 850907, 49.33363554563831, 48566, 0, 0.0, -7, 
2019-12-04 14:34:28.304,152750816, 927.0949864544166, 852230, 49.33363554563831, 48636, 0, 0.0, 16, 
2019-12-04 14:34:29.339,177601920, 927.0949864544166, 853558, 49.33363554563831, 48705, 0, 0.0, 80, 
2019-12-04 14:34:30.362,201276488, 956.5910027586311, 854817, 50.95404457892227, 48771, 0, 0.0, -171, 
2019-12-04 14:34:31.393,224313592, 956.5910027586311, 856094, 50.95404457892227, 48840, 0, 0.0, -187, 
2019-12-04 14:34:32.42,250392496, 956.5910027586311, 857505, 50.95404457892227, 48916, 0, 0.0, 85, 
2019-12-04 14:34:33.446,275484768, 956.5910027586311, 858901, 50.95404457892227, 48984, 0, 0.0, -196, 
2019-12-04 14:34:34.47,299375488, 956.5910027586311, 860171, 50.95404457892227, 49048, 0, 0.0, 65, 
2019-12-04 14:34:35.511,323330912, 984.0484701546219, 861475, 52.26899057159459, 49114, 0, 0.0, -94, 
2019-12-04 14:34:36.54,348017336, 984.0484701546219, 862823, 52.26899057159459, 49206, 0, 0.0, -371, 
2019-12-04 14:34:37.589,372843192, 984.0484701546219, 864188, 52.26899057159459, 49270, 0, 0.0, -21, 
2019-12-04 14:34:38.614,115417744, 984.0484701546219, 865623, 52.26899057159459, 49349, 0, 0.0, 74, 
2019-12-04 14:34:39.643,142303920, 984.0484701546219, 867098, 52.26899057159459, 49433, 0, 0.0, -246, 
2019-12-04 14:34:40.668,168353840, 1013.1164455358141, 868483, 54.34231960969529, 49518, 0, 0.0, -138, 
2019-12-04 14:34:41.696,193549712, 1013.1164455358141, 869899, 54.34231960969529, 49603, 0, 0.0, -260, 
2019-12-04 14:34:42.722,219384224, 1013.1164455358141, 871292, 54.34231960969529, 49667, 0, 0.0, 131, 
2019-12-04 14:34:43.747,245316368, 1013.1164455358141, 872703, 54.34231960969529, 49758, 0, 0.0, -380, 
2019-12-04 14:34:44.771,267800536, 1013.1164455358141, 874027, 54.34231960969529, 49828, 0, 0.0, -500, 
2019-12-04 14:34:45.793,292821680, 1039.3645493005645, 875308, 55.738158664516284, 49882, 0, 0.0, -54, 
2019-12-04 14:34:46.817,316340528, 1039.3645493005645, 876644, 55.738158664516284, 49954, 0, 0.0, 1, 
2019-12-04 14:34:47.847,342274648, 1039.3645493005645, 878005, 55.738158664516284, 50021, 0, 0.0, 103, 
2019-12-04 14:34:48.875,365833936, 1039.3645493005645, 879294, 55.738158664516284, 50098, 0, 0.0, -3, 
2019-12-04 14:34:49.897,103400672, 1039.3645493005645, 880452, 55.738158664516284, 50164, 0, 0.0, -237, 
2019-12-04 14:34:50.928,127719896, 1056.6377902220559, 881740, 56.63860578084657, 50219, 0, 0.0, 113, 
2019-12-04 14:34:51.964,149739552, 1056.6377902220559, 882987, 56.63860578084657, 50272, 0, 0.0, -99, 
2019-12-04 14:34:52.988,173984720, 1056.6377902220559, 884275, 56.63860578084657, 50333, 0, 0.0, 48, 
2019-12-04 14:34:54.017,201080840, 1056.6377902220559, 885723, 56.63860578084657, 50412, 0, 0.0, 30, 
2019-12-04 14:34:55.041,226350768, 1056.6377902220559, 887247, 56.63860578084657, 50483, 0, 0.0, 63, 
2019-12-04 14:34:56.066,253979104, 1077.6950698693663, 888679, 57.06727919404194, 50569, 0, 0.0, -379, 
2019-12-04 14:34:57.089,277389600, 1077.6950698693663, 889928, 57.06727919404194, 50645, 0, 0.0, -111, 
2019-12-04 14:34:58.113,301333168, 1077.6950698693663, 891231, 57.06727919404194, 50719, 0, 0.0, -54, 
2019-12-04 14:34:59.139,326522288, 1077.6950698693663, 892618, 57.06727919404194, 50805, 0, 0.0, -405, 
2019-12-04 14:35:00.163,353156208, 1097.9642049523138, 894053, 58.61303820289017, 50871, 0, 0.0, -166, 
2019-12-04 14:35:01.19,96845272, 1097.9642049523138, 895453, 58.61303820289017, 50947, 0, 0.0, -108, 
2019-12-04 14:35:02.214,121620888, 1097.9642049523138, 896922, 58.61303820289017, 51035, 0, 0.0, -264, 
2019-12-04 14:35:03.241,149992296, 1097.9642049523138, 898400, 58.61303820289017, 51104, 0, 0.0, 118, 
2019-12-04 14:35:04.286,177562360, 1097.9642049523138, 899861, 58.61303820289017, 51179, 0, 0.0, 58, 
2019-12-04 14:35:05.31,204262184, 1123.3609608800318, 901340, 59.731373920935376, 51244, 0, 0.0, -188, 
2019-12-04 14:35:06.332,229027688, 1123.3609608800318, 902795, 59.731373920935376, 51305, 0, 0.0, -224, 
2019-12-04 14:35:07.357,254549912, 1123.3609608800318, 904205, 59.731373920935376, 51384, 0, 0.0, -375, 
2019-12-04 14:35:08.381,278734176, 1123.3609608800318, 905532, 59.731373920935376, 51456, 0, 0.0, -221, 
2019-12-04 14:35:09.406,304672592, 1123.3609608800318, 906939, 59.731373920935376, 51531, 0, 0.0, -113, 
2019-12-04 14:35:10.432,329857048, 1141.6899024426805, 908264, 60.424478993446506, 51591, 0, 0.0, -40, 
2019-12-04 14:35:11.459,356263224, 1141.6899024426805, 909716, 60.424478993446506, 51667, 0, 0.0, 27, 
2019-12-04 14:35:12.482,98151768, 1141.6899024426805, 911063, 60.424478993446506, 51755, 0, 0.0, -293, 
2019-12-04 14:35:13.507,123680544, 1141.6899024426805, 912518, 60.424478993446506, 51828, 0, 0.0, 47, 
2019-12-04 14:35:14.529,148900800, 1141.6899024426805, 913876, 60.424478993446506, 51911, 0, 0.0, -41, 
2019-12-04 14:35:15.562,172121888, 1158.2335204119797, 915146, 61.669828892978764, 51974, 0, 0.0, 78, 
2019-12-04 14:35:16.584,196769504, 1158.2335204119797, 916535, 61.669828892978764, 52051, 0, 0.0, -335, 
2019-12-04 14:35:17.606,222987720, 1158.2335204119797, 917926, 61.669828892978764, 52126, 0, 0.0, 18, 
2019-12-04 14:35:18.63,247852480, 1158.2335204119797, 919230, 61.669828892978764, 52176, 0, 0.0, -124, 
2019-12-04 14:35:19.653,272748184, 1158.2335204119797, 920656, 61.669828892978764, 52244, 0, 0.0, 192, 
2019-12-04 14:35:20.681,298112992, 1172.8467212735777, 922052, 61.98406802444757, 52317, 0, 0.0, 67, 
2019-12-04 14:35:21.705,324717168, 1172.8467212735777, 923484, 61.98406802444757, 52390, 0, 0.0, 44, 
2019-12-04 14:35:22.743,348633976, 1172.8467212735777, 924845, 61.98406802444757, 52457, 0, 0.0, 23, 
2019-12-04 14:35:23.766,89895648, 1172.8467212735777, 926275, 61.98406802444757, 52539, 0, 0.0, -30, 
2019-12-04 14:35:24.793,114053824, 1172.8467212735777, 927691, 61.98406802444757, 52598, 0, 0.0, -207, 
2019-12-04 14:35:25.816,139485688, 1187.9545912818573, 929011, 62.36912868465822, 52667, 0, 0.0, -130, 
2019-12-04 14:35:26.841,162588624, 1187.9545912818573, 930219, 62.36912868465822, 52727, 0, 0.0, -102, 
2019-12-04 14:35:27.864,186963888, 1187.9545912818573, 931608, 62.36912868465822, 52801, 0, 0.0, 94, 
2019-12-04 14:35:28.897,213961080, 1187.9545912818573, 933078, 62.36912868465822, 52884, 0, 0.0, -257, 
2019-12-04 14:35:29.92,240172424, 1187.9545912818573, 934543, 62.36912868465822, 52965, 0, 0.0, -98, 
2019-12-04 14:35:30.943,266549120, 1199.7916485973576, 935973, 63.1711528724543, 53034, 0, 0.0, 19, 
2019-12-04 14:35:31.965,292485912, 1199.7916485973576, 937462, 63.1711528724543, 53108, 0, 0.0, 103, 
2019-12-04 14:35:32.987,320051616, 1199.7916485973576, 938897, 63.1711528724543, 53190, 0, 0.0, -233, 
2019-12-04 14:35:34.055,347250736, 1199.7916485973576, 940327, 63.1711528724543, 53264, 0, 0.0, 142, 
2019-12-04 14:35:35.095,87784680, 1199.7916485973576, 941649, 63.1711528724543, 53349, 0, 0.0, -109, 
2019-12-04 14:35:36.125,113607448, 1214.2802684078113, 943010, 64.05297080050092, 53416, 0, 0.0, -44, 
2019-12-04 14:35:37.15,140417120, 1214.2802684078113, 944510, 64.05297080050092, 53495, 0, 0.0, -153, 
2019-12-04 14:35:38.175,166737328, 1214.2802684078113, 945967, 64.05297080050092, 53576, 0, 0.0, 50, 
2019-12-04 14:35:39.199,192246152, 1214.2802684078113, 947352, 64.05297080050092, 53655, 0, 0.0, -134, 
2019-12-04 14:35:40.221,219207672, 1229.1615804962978, 948857, 64.70437128917887, 53713, 0, 0.0, -207, 
2019-12-04 14:35:41.248,245880408, 1229.1615804962978, 950306, 64.70437128917887, 53786, 0, 0.0, -50, 
2019-12-04 14:35:42.279,273243920, 1229.1615804962978, 951836, 64.70437128917887, 53854, 0, 0.0, 202, 
2019-12-04 14:35:43.306,298348488, 1229.1615804962978, 953254, 64.70437128917887, 53924, 0, 0.0, 32, 
2019-12-04 14:35:44.331,324153440, 1229.1615804962978, 954704, 64.70437128917887, 54009, 0, 0.0, -374, 
2019-12-04 14:35:45.353,349964248, 1243.3007998437417, 956047, 65.20774196802901, 54080, 0, 0.0, 8, 
2019-12-04 14:35:46.377,91670896, 1243.3007998437417, 957460, 65.20774196802901, 54174, 0, 0.0, -280, 
2019-12-04 14:35:47.404,117752304, 1243.3007998437417, 958890, 65.20774196802901, 54253, 0, 0.0, 26, 
2019-12-04 14:35:48.429,145643952, 1243.3007998437417, 960413, 65.20774196802901, 54337, 0, 0.0, -70, 
2019-12-04 14:35:49.453,171725720, 1243.3007998437417, 961876, 65.20774196802901, 54416, 0, 0.0, -104, 
2019-12-04 14:35:50.476,195917320, 1255.4299981924987, 963176, 66.40645673500347, 54487, 0, 0.0, -39, 
2019-12-04 14:35:51.501,222386712, 1255.4299981924987, 964655, 66.40645673500347, 54565, 0, 0.0, 52, 
2019-12-04 14:35:52.525,248680280, 1255.4299981924987, 966038, 66.40645673500347, 54641, 0, 0.0, -45, 
2019-12-04 14:35:53.548,274752816, 1255.4299981924987, 967539, 66.40645673500347, 54721, 0, 0.0, 154, 
2019-12-04 14:35:54.573,301278856, 1255.4299981924987, 968890, 66.40645673500347, 54787, 0, 0.0, 42, 
2019-12-04 14:35:55.596,328185064, 1267.8047242848381, 970403, 66.86968287812661, 54858, 0, 0.0, 20, 
2019-12-04 14:35:56.619,355587096, 1267.8047242848381, 971898, 66.86968287812661, 54933, 0, 0.0, -2, 
2019-12-04 14:35:57.65,98231408, 1267.8047242848381, 973343, 66.86968287812661, 55016, 0, 0.0, -309, 
2019-12-04 14:35:58.673,125329920, 1267.8047242848381, 974793, 66.86968287812661, 55095, 0, 0.0, -130, 
2019-12-04 14:35:59.694,150874688, 1267.8047242848381, 976227, 66.86968287812661, 55162, 0, 0.0, -198, 
2019-12-04 14:36:00.721,176893528, 1280.149488933111, 977666, 67.35983597211388, 55234, 0, 0.0, -153, 
2019-12-04 14:36:01.755,202736552, 1280.149488933111, 979054, 67.35983597211388, 55312, 0, 0.0, -116, 
2019-12-04 14:36:02.785,229332960, 1280.149488933111, 980500, 67.35983597211388, 55393, 0, 0.0, -175, 
2019-12-04 14:36:03.812,255110928, 1280.149488933111, 981927, 67.35983597211388, 55476, 0, 0.0, 142, 
2019-12-04 14:36:04.836,282272928, 1280.149488933111, 983381, 67.35983597211388, 55554, 0, 0.0, 37, 
2019-12-04 14:36:05.859,307888696, 1289.3644110097337, 984930, 68.09863869588457, 55636, 0, 0.0, 4, 
2019-12-04 14:36:06.883,336197056, 1289.3644110097337, 986475, 68.09863869588457, 55705, 0, 0.0, -64, 
2019-12-04 14:36:07.907,361520624, 1289.3644110097337, 987801, 68.09863869588457, 55771, 0, 0.0, -104, 
2019-12-04 14:36:08.935,102101208, 1289.3644110097337, 989065, 68.09863869588457, 55827, 0, 0.0, -121, 
2019-12-04 14:36:09.958,128658560, 1289.3644110097337, 990526, 68.09863869588457, 55903, 0, 0.0, 82, 
2019-12-04 14:36:10.981,155110184, 1297.250877265832, 991988, 68.12273421536321, 55992, 0, 0.0, -420, 
2019-12-04 14:36:12.005,181134688, 1297.250877265832, 993434, 68.12273421536321, 56071, 0, 0.0, -97, 
2019-12-04 14:36:13.03,205878560, 1297.250877265832, 994825, 68.12273421536321, 56162, 0, 0.0, -558, 
2019-12-04 14:36:14.06,232023504, 1297.250877265832, 996232, 68.12273421536321, 56241, 0, 0.0, -10, 
2019-12-04 14:36:15.084,269355904, 1297.250877265832, 997569, 68.12273421536321, 56320, 0, 0.0, -51, 
2019-12-04 14:36:16.107,297845944, 1303.0196026080232, 999039, 69.16833465622176, 56396, 0, 0.0, -124, 
2019-12-04 14:36:17.129,323972424, 1303.0196026080232, 1000493, 69.16833465622176, 56461, 0, 0.0, -11, 
2019-12-04 14:36:18.152,350581080, 1303.0196026080232, 1001956, 69.16833465622176, 56539, 0, 0.0, 104, 
2019-12-04 14:36:19.176,93230008, 1303.0196026080232, 1003407, 69.16833465622176, 56615, 0, 0.0, 133, 
2019-12-04 14:36:20.202,117727000, 1313.5241991877306, 1004863, 69.58663552124705, 56698, 0, 0.0, -735, 
2019-12-04 14:36:21.225,144849448, 1313.5241991877306, 1006361, 69.58663552124705, 56782, 0, 0.0, -11, 
2019-12-04 14:36:22.247,172520688, 1313.5241991877306, 1007761, 69.58663552124705, 56863, 0, 0.0, 44, 
2019-12-04 14:36:23.278,196010464, 1313.5241991877306, 1009141, 69.58663552124705, 56926, 0, 0.0, 132, 
2019-12-04 14:36:24.3,222632472, 1313.5241991877306, 1010573, 69.58663552124705, 56994, 0, 0.0, 28, 
2019-12-04 14:36:25.324,247347928, 1319.3190442668842, 1011970, 69.68365078841371, 57063, 0, 0.0, 7, 
2019-12-04 14:36:26.347,272942016, 1319.3190442668842, 1013388, 69.68365078841371, 57149, 0, 0.0, -113, 
2019-12-04 14:36:27.37,299404128, 1319.3190442668842, 1014838, 69.68365078841371, 57242, 0, 0.0, -22, 
2019-12-04 14:36:28.396,324959432, 1319.3190442668842, 1016255, 69.68365078841371, 57307, 0, 0.0, 43, 
2019-12-04 14:36:29.421,352920496, 1319.3190442668842, 1017706, 69.68365078841371, 57389, 0, 0.0, -175, 
2019-12-04 14:36:30.457,96032168, 1324.906416988788, 1019099, 70.50850052851443, 57475, 0, 0.0, -194, 
2019-12-04 14:36:31.486,123169504, 1324.906416988788, 1020532, 70.50850052851443, 57534, 0, 0.0, -270, 
2019-12-04 14:36:32.511,148798672, 1324.906416988788, 1021929, 70.50850052851443, 57607, 0, 0.0, 37, 
2019-12-04 14:36:33.535,171468792, 1324.906416988788, 1023241, 70.50850052851443, 57673, 0, 0.0, -223, 
2019-12-04 14:36:34.563,196772904, 1324.906416988788, 1024607, 70.50850052851443, 57739, 0, 0.0, -126, 
2019-12-04 14:36:35.585,221812328, 1325.713455326937, 1025958, 69.97211844179756, 57803, 0, 0.0, -9, 
2019-12-04 14:36:36.623,246791696, 1325.713455326937, 1027348, 69.97211844179756, 57886, 0, 0.0, -46, 
2019-12-04 14:36:37.649,272572856, 1325.713455326937, 1028733, 69.97211844179756, 57961, 0, 0.0, 125, 
2019-12-04 14:36:38.674,298619272, 1325.713455326937, 1030133, 69.97211844179756, 58030, 0, 0.0, -92, 
2019-12-04 14:36:39.702,323493472, 1325.713455326937, 1031518, 69.97211844179756, 58107, 0, 0.0, -8, 
2019-12-04 14:36:40.731,349494104, 1327.5753446375322, 1032932, 70.3421434208098, 58198, 0, 0.0, -189, 
2019-12-04 14:36:41.784,375407328, 1327.5753446375322, 1034352, 70.3421434208098, 58284, 0, 0.0, 83, 
2019-12-04 14:36:42.807,116179000, 1327.5753446375322, 1035779, 70.3421434208098, 58361, 0, 0.0, 93, 
2019-12-04 14:36:43.837,142011056, 1327.5753446375322, 1037123, 70.3421434208098, 58448, 0, 0.0, -46, 
2019-12-04 14:36:44.86,166081528, 1327.5753446375322, 1038450, 70.3421434208098, 58516, 0, 0.0, -21, 
2019-12-04 14:36:45.886,188362456, 1328.6167385812896, 1039750, 70.98641406043191, 58571, 0, 0.0, -74, 
2019-12-04 14:36:46.915,212274464, 1328.6167385812896, 1041034, 70.98641406043191, 58627, 0, 0.0, -64, 
2019-12-04 14:36:47.938,236515192, 1328.6167385812896, 1042334, 70.98641406043191, 58681, 0, 0.0, -37, 
2019-12-04 14:36:48.962,260708144, 1328.6167385812896, 1043632, 70.98641406043191, 58751, 0, 0.0, -11, 
2019-12-04 14:36:49.99,283154880, 1328.6167385812896, 1044895, 70.98641406043191, 58813, 0, 0.0, -126, 
2019-12-04 14:36:51.084,307759128, 1322.522784632979, 1046167, 69.9480777223641, 58873, 0, 0.0, -81, 
2019-12-04 14:36:52.105,331922632, 1322.522784632979, 1047286, 69.9480777223641, 58931, 0, 0.0, 12, 
2019-12-04 14:36:53.127,361926312, 1322.522784632979, 1048617, 69.9480777223641, 58989, 0, 0.0, -224, 
2019-12-04 14:36:54.152,108680640, 1322.522784632979, 1049982, 69.9480777223641, 59060, 0, 0.0, -156, 
2019-12-04 14:36:55.174,138807800, 1316.8201296373825, 1051377, 69.23262893013018, 59130, 0, 0.0, 75, 
2019-12-04 14:36:56.197,170890264, 1316.8201296373825, 1052785, 69.23262893013018, 59193, 0, 0.0, 42, 
2019-12-04 14:36:57.222,200043712, 1316.8201296373825, 1054075, 69.23262893013018, 59277, 0, 0.0, -154, 
2019-12-04 14:36:58.246,230836712, 1316.8201296373825, 1055444, 69.23262893013018, 59357, 0, 0.0, 150, 
2019-12-04 14:36:59.271,258392176, 1316.8201296373825, 1056756, 69.23262893013018, 59427, 0, 0.0, -233, 
2019-12-04 14:37:00.294,289507688, 1316.6746001067752, 1058104, 69.43790458688535, 59496, 0, 0.0, -262, 
2019-12-04 14:37:01.326,319959504, 1316.6746001067752, 1059436, 69.43790458688535, 59569, 0, 0.0, -38, 
2019-12-04 14:37:02.351,350582624, 1316.6746001067752, 1060815, 69.43790458688535, 59624, 0, 0.0, -150, 
2019-12-04 14:37:03.378,95398872, 1316.6746001067752, 1062147, 69.43790458688535, 59690, 0, 0.0, 150, 
2019-12-04 14:37:04.403,129859208, 1316.6746001067752, 1063370, 69.43790458688535, 59764, 0, 0.0, 56, 
2019-12-04 14:37:05.426,159158784, 1314.653754660228, 1064711, 69.09906044489585, 59839, 0, 0.0, 104, 
2019-12-04 14:37:06.448,188343912, 1314.653754660228, 1066077, 69.09906044489585, 59921, 0, 0.0, 34, 
2019-12-04 14:37:07.47,219875640, 1314.653754660228, 1067418, 69.09906044489585, 60012, 0, 0.0, -103, 
2019-12-04 14:37:08.493,252732368, 1314.653754660228, 1068733, 69.09906044489585, 60085, 0, 0.0, 50, 
2019-12-04 14:37:09.514,278362368, 1314.653754660228, 1069876, 69.09906044489585, 60159, 0, 0.0, -38, 
2019-12-04 14:37:10.536,305924168, 1309.5322992111799, 1071111, 69.85871362859562, 60232, 0, 0.0, 215, 
2019-12-04 14:37:11.558,335719400, 1309.5322992111799, 1072467, 69.85871362859562, 60301, 0, 0.0, -51, 
2019-12-04 14:37:12.579,365072432, 1309.5322992111799, 1073733, 69.85871362859562, 60364, 0, 0.0, -55, 
2019-12-04 14:37:13.6,108113344, 1309.5322992111799, 1075035, 69.85871362859562, 60420, 0, 0.0, -137, 
2019-12-04 14:37:14.663,136943168, 1309.5322992111799, 1076317, 69.85871362859562, 60495, 0, 0.0, 5, 
2019-12-04 14:37:15.687,167940128, 1306.8032312477028, 1077766, 69.48622345334691, 60568, 0, 0.0, 62, 
2019-12-04 14:37:16.708,200860816, 1306.8032312477028, 1079098, 69.48622345334691, 60633, 0, 0.0, -295, 
2019-12-04 14:37:17.731,230582840, 1306.8032312477028, 1080391, 69.48622345334691, 60698, 0, 0.0, -126, 
2019-12-04 14:37:18.753,259150872, 1306.8032312477028, 1081742, 69.48622345334691, 60762, 0, 0.0, -471, 
2019-12-04 14:37:19.819,291253288, 1306.8032312477028, 1083149, 69.48622345334691, 60829, 0, 0.0, 219, 
2019-12-04 14:37:20.841,323251848, 1308.1142444914803, 1084541, 68.99959589443782, 60895, 0, 0.0, -8, 
2019-12-04 14:37:21.873,352194120, 1308.1142444914803, 1085905, 68.99959589443782, 60953, 0, 0.0, -51, 
2019-12-04 14:37:22.896,101146712, 1308.1142444914803, 1087240, 68.99959589443782, 61040, 0, 0.0, -127, 
2019-12-04 14:37:23.919,131842808, 1308.1142444914803, 1088633, 68.99959589443782, 61102, 0, 0.0, 97, 
2019-12-04 14:37:24.943,162708240, 1308.1142444914803, 1089949, 68.99959589443782, 61172, 0, 0.0, -18, 
2019-12-04 14:37:25.965,193131056, 1309.0645770307367, 1091264, 68.85570815126736, 61237, 0, 0.0, -82, 
2019-12-04 14:37:26.988,221774976, 1309.0645770307367, 1092530, 68.85570815126736, 61314, 0, 0.0, -180, 
2019-12-04 14:37:28.01,249264976, 1309.0645770307367, 1093736, 68.85570815126736, 61382, 0, 0.0, -48, 
2019-12-04 14:37:29.032,279595936, 1309.0645770307367, 1095087, 68.85570815126736, 61448, 0, 0.0, -192, 
2019-12-04 14:37:30.056,308545088, 1309.0645770307367, 1096426, 68.85570815126736, 61511, 0, 0.0, 19, 
2019-12-04 14:37:31.077,339770024, 1305.3974479264657, 1097726, 68.62737833438497, 61575, 0, 0.0, -44, 
2019-12-04 14:37:32.102,368799840, 1305.3974479264657, 1099063, 68.62737833438497, 61647, 0, 0.0, -71, 
2019-12-04 14:37:33.124,112754976, 1305.3974479264657, 1100357, 68.62737833438497, 61707, 0, 0.0, 5, 
2019-12-04 14:37:34.148,144496096, 1305.3974479264657, 1101744, 68.62737833438497, 61792, 0, 0.0, -390, 
2019-12-04 14:37:35.171,174977488, 1303.606646866696, 1102976, 68.91302939096718, 61882, 0, 0.0, -125, 
2019-12-04 14:37:36.199,205479752, 1303.606646866696, 1104371, 68.91302939096718, 61936, 0, 0.0, -266, 
2019-12-04 14:37:37.232,233608416, 1303.606646866696, 1105566, 68.91302939096718, 62013, 0, 0.0, -57, 
2019-12-04 14:37:38.254,262620592, 1303.606646866696, 1106793, 68.91302939096718, 62078, 0, 0.0, -111, 
2019-12-04 14:37:39.277,290594736, 1303.606646866696, 1108058, 68.91302939096718, 62152, 0, 0.0, 89, 
2019-12-04 14:37:40.299,319893736, 1299.1925671001172, 1109379, 68.61615195251387, 62212, 0, 0.0, -68, 
2019-12-04 14:37:41.321,352248392, 1299.1925671001172, 1110662, 68.61615195251387, 62278, 0, 0.0, -145, 
2019-12-04 14:37:42.343,97134360, 1299.1925671001172, 1111926, 68.61615195251387, 62362, 0, 0.0, -178, 
2019-12-04 14:37:43.374,125049360, 1299.1925671001172, 1113245, 68.61615195251387, 62434, 0, 0.0, 131, 
2019-12-04 14:37:44.397,154981888, 1299.1925671001172, 1114578, 68.61615195251387, 62501, 0, 0.0, 49, 
2019-12-04 14:37:45.42,184512888, 1296.9703961286734, 1115860, 68.67882498199228, 62566, 0, 0.0, -53, 
2019-12-04 14:37:46.442,212336232, 1296.9703961286734, 1116989, 68.67882498199228, 62632, 0, 0.0, -50, 
2019-12-04 14:37:47.463,239938096, 1296.9703961286734, 1118268, 68.67882498199228, 62706, 0, 0.0, -384, 
2019-12-04 14:37:48.487,269821816, 1296.9703961286734, 1119633, 68.67882498199228, 62779, 0, 0.0, -45, 
2019-12-04 14:37:49.51,299379472, 1296.9703961286734, 1120968, 68.67882498199228, 62878, 0, 0.0, -930, 
2019-12-04 14:37:50.54,330237152, 1291.7916411915146, 1122184, 69.28018493323239, 62962, 0, 0.0, -131, 
2019-12-04 14:37:51.566,359681152, 1291.7916411915146, 1123447, 69.28018493323239, 63030, 0, 0.0, 77, 
2019-12-04 14:37:52.592,106838720, 1291.7916411915146, 1124802, 69.28018493323239, 63095, 0, 0.0, -68, 
2019-12-04 14:37:53.618,135239048, 1291.7916411915146, 1126050, 69.28018493323239, 63165, 0, 0.0, -51, 
2019-12-04 14:37:54.649,167259272, 1291.7916411915146, 1127342, 69.28018493323239, 63231, 0, 0.0, -220, 
2019-12-04 14:37:55.673,195184648, 1287.522681266146, 1128555, 69.08188029506826, 63303, 0, 0.0, -1, 
2019-12-04 14:37:56.697,222827704, 1287.522681266146, 1129852, 69.08188029506826, 63385, 0, 0.0, 22, 
2019-12-04 14:37:57.723,254379704, 1287.522681266146, 1131240, 69.08188029506826, 63468, 0, 0.0, -107, 
2019-12-04 14:37:58.745,287561120, 1287.522681266146, 1132564, 69.08188029506826, 63544, 0, 0.0, -199, 
2019-12-04 14:37:59.769,315838800, 1287.522681266146, 1133800, 69.08188029506826, 63614, 0, 0.0, 35, 
2019-12-04 14:38:00.793,345591344, 1286.5693963063231, 1135126, 69.58704925451809, 63686, 0, 0.0, -129, 
2019-12-04 14:38:01.815,94059648, 1286.5693963063231, 1136486, 69.58704925451809, 63749, 0, 0.0, -13, 
2019-12-04 14:38:02.836,122888048, 1286.5693963063231, 1137785, 69.58704925451809, 63823, 0, 0.0, -192, 
2019-12-04 14:38:03.86,151950040, 1286.5693963063231, 1139070, 69.58704925451809, 63881, 0, 0.0, -64, 
2019-12-04 14:38:04.883,177824992, 1286.5693963063231, 1140239, 69.58704925451809, 63952, 0, 0.0, -24, 
2019-12-04 14:38:05.906,207146352, 1284.4610157887798, 1141563, 69.4121824511386, 64026, 0, 0.0, 10, 
2019-12-04 14:38:06.932,233863504, 1284.4610157887798, 1142763, 69.4121824511386, 64097, 0, 0.0, -254, 
2019-12-04 14:38:07.956,252381656, 1284.4610157887798, 1143474, 69.4121824511386, 64132, 0, 0.0, 79, 
2019-12-04 14:38:08.984,264966784, 1284.4610157887798, 1143953, 69.4121824511386, 64158, 0, 0.0, -41, 
2019-12-04 14:38:10.009,278170928, 1284.4610157887798, 1144472, 69.4121824511386, 64186, 0, 0.0, 2, 
