Timestamp, MemoryUsed, ReadLatency1, ReadCount, WriteLatency1, WriteCount, PendingTasks, WaitingOnCommit1, SRDelay, 
2019-12-04 14:24:08.048,139089112, 2.813019915440171E-4, 483198, 2.1805886825876377, 28637, 0, 0.0, 2855215, 
2019-12-04 14:24:09.103,139853432, 2.813019915440171E-4, 483198, 2.1805886825876377, 28637, 0, 0.0, 14, 
2019-12-04 14:24:10.168,140665376, 2.5881032614417807E-4, 483198, 2.0062384380186704, 28637, 0, 0.0, 14, 
2019-12-04 14:24:11.223,141340872, 2.5881032614417807E-4, 483198, 2.0062384380186704, 28637, 0, 0.0, 14, 
2019-12-04 14:24:12.356,142033984, 2.5881032614417807E-4, 483198, 2.0062384380186704, 28637, 0, 0.0, 14, 
2019-12-04 14:24:13.405,142758856, 2.5881032614417807E-4, 483198, 2.0062384380186704, 28637, 0, 0.0, 14, 
2019-12-04 14:24:14.46,144046960, 2.5881032614417807E-4, 483198, 2.0062384380186704, 28637, 0, 0.0, 14, 
2019-12-04 14:24:15.511,144445872, 2.3811699501734453E-4, 483198, 1.8458284693137355, 28637, 0, 0.0, 14, 
2019-12-04 14:24:16.556,145137984, 2.3811699501734453E-4, 483198, 1.8458284693137355, 28637, 0, 0.0, 14, 
2019-12-04 14:24:17.602,145883088, 2.3811699501734453E-4, 483198, 1.8458284693137355, 28637, 0, 0.0, 14, 
2019-12-04 14:24:18.656,146561488, 2.3811699501734453E-4, 483198, 1.8458284693137355, 28637, 0, 0.0, 14, 
2019-12-04 14:24:19.696,147312688, 2.3811699501734453E-4, 483198, 1.8458284693137355, 28637, 0, 0.0, 14, 
2019-12-04 14:24:20.743,148036216, 2.1907821129402624E-4, 483198, 1.6982441735558955, 28637, 0, 0.0, 14, 
2019-12-04 14:24:21.779,148713024, 2.1907821129402624E-4, 483198, 1.6982441735558955, 28637, 0, 0.0, 14, 
2019-12-04 14:24:22.824,149407440, 2.1907821129402624E-4, 483198, 1.6982441735558955, 28637, 0, 0.0, 14, 
2019-12-04 14:24:23.884,150705280, 2.1907821129402624E-4, 483198, 1.6982441735558955, 28637, 0, 0.0, 14, 
2019-12-04 14:24:24.936,151456504, 2.1907821129402624E-4, 483198, 1.6982441735558955, 28637, 0, 0.0, 14, 
2019-12-04 14:24:25.989,152192544, 2.0156168466805156E-4, 483198, 1.5624600665568928, 28637, 0, 0.0, 14, 
2019-12-04 14:24:27.058,152887000, 2.0156168466805156E-4, 483198, 1.5624600665568928, 28637, 0, 0.0, 14, 
2019-12-04 14:24:28.094,153599432, 2.0156168466805156E-4, 483198, 1.5624600665568928, 28637, 0, 0.0, 14, 
2019-12-04 14:24:29.137,154131776, 2.0156168466805156E-4, 483198, 1.5624600665568928, 28637, 0, 0.0, 14, 
2019-12-04 14:24:30.176,154936360, 1.8544570218211775E-4, 483198, 1.43753265731703, 28637, 0, 0.0, 14, 
2019-12-04 14:24:31.212,155612024, 1.8544570218211775E-4, 483198, 1.43753265731703, 28637, 0, 0.0, 14, 
2019-12-04 14:24:32.244,156305112, 1.8544570218211775E-4, 483198, 1.43753265731703, 28637, 0, 0.0, 14, 
2019-12-04 14:24:33.285,156980808, 1.8544570218211775E-4, 483198, 1.43753265731703, 28637, 0, 0.0, 14, 
2019-12-04 14:24:34.346,158158936, 1.8544570218211775E-4, 483198, 1.43753265731703, 28637, 0, 0.0, 14, 
2019-12-04 14:24:35.399,158908784, 1.7061828250967037E-4, 483198, 1.3225938922117824, 28637, 0, 0.0, 14, 
2019-12-04 14:24:36.433,159642240, 1.7061828250967037E-4, 483198, 1.3225938922117824, 28637, 0, 0.0, 14, 
2019-12-04 14:24:37.478,160341024, 1.7061828250967037E-4, 483198, 1.3225938922117824, 28637, 0, 0.0, 14, 
2019-12-04 14:24:38.526,161014008, 1.7061828250967037E-4, 483198, 1.3225938922117824, 28637, 0, 0.0, 14, 
2019-12-04 14:24:39.639,161766632, 1.7061828250967037E-4, 483198, 1.3225938922117824, 28637, 0, 0.0, 14, 
2019-12-04 14:24:40.682,162537744, 1.5697639785667016E-4, 483198, 1.2168451233523077, 28637, 0, 0.0, 14, 
2019-12-04 14:24:41.731,162933880, 1.5697639785667016E-4, 483198, 1.2168451233523077, 28637, 0, 0.0, 14, 
2019-12-04 14:24:42.773,163639368, 1.5697639785667016E-4, 483198, 1.2168451233523077, 28637, 0, 0.0, 14, 
2019-12-04 14:24:43.802,167541160, 1.5697639785667016E-4, 483262, 1.2168451233523077, 28637, 0, 0.0, 5, 
2019-12-04 14:24:44.831,172757400, 1.5697639785667016E-4, 483418, 1.2168451233523077, 28645, 0, 0.0, 9, 
2019-12-04 14:24:45.863,177735896, 4.573603908460784, 483606, 1.2634716128764385, 28647, 0, 0.0, -94, 
2019-12-04 14:24:46.891,184356712, 4.573603908460784, 483853, 1.2634716128764385, 28658, 0, 0.0, 9, 
2019-12-04 14:24:47.93,193905296, 4.573603908460784, 484275, 1.2634716128764385, 28674, 0, 0.0, 35, 
2019-12-04 14:24:49.005,204474216, 4.573603908460784, 484727, 1.2634716128764385, 28699, 0, 0.0, 7, 
2019-12-04 14:24:50.033,213816256, 4.573603908460784, 485173, 1.2634716128764385, 28718, 0, 0.0, -43, 
2019-12-04 14:24:51.071,224631528, 31.9045335031086, 485663, 2.3138104298074147, 28743, 0, 0.0, -32, 
2019-12-04 14:24:52.104,233727872, 31.9045335031086, 486089, 2.3138104298074147, 28769, 0, 0.0, 7, 
2019-12-04 14:24:53.132,246120192, 31.9045335031086, 486705, 2.3138104298074147, 28802, 0, 0.0, 80, 
2019-12-04 14:24:54.16,259041360, 31.9045335031086, 487286, 2.3138104298074147, 28831, 0, 0.0, 0, 
2019-12-04 14:24:55.192,272743136, 72.52960395105463, 487956, 4.479502572353281, 28865, 0, 0.0, -56, 
2019-12-04 14:24:56.221,288066080, 72.52960395105463, 488682, 4.479502572353281, 28905, 0, 0.0, 65, 
2019-12-04 14:24:57.262,303675752, 72.52960395105463, 489453, 4.479502572353281, 28961, 0, 0.0, -134, 
2019-12-04 14:24:58.293,318641264, 72.52960395105463, 490244, 4.479502572353281, 29007, 0, 0.0, -5, 
2019-12-04 14:24:59.319,336166784, 72.52960395105463, 490999, 4.479502572353281, 29037, 0, 0.0, -79, 
2019-12-04 14:25:00.356,351287240, 126.12146582378337, 491784, 7.511458141728015, 29088, 0, 0.0, -90, 
2019-12-04 14:25:01.387,85491352, 126.12146582378337, 492622, 7.511458141728015, 29132, 0, 0.0, 27, 
2019-12-04 14:25:02.423,101299200, 126.12146582378337, 493460, 7.511458141728015, 29177, 0, 0.0, -27, 
2019-12-04 14:25:03.465,116675616, 126.12146582378337, 494265, 7.511458141728015, 29230, 0, 0.0, -209, 
2019-12-04 14:25:04.548,134813456, 126.12146582378337, 495157, 7.511458141728015, 29285, 0, 0.0, 19, 
2019-12-04 14:25:05.587,145600968, 176.59571055578553, 495629, 10.492885333625132, 29307, 0, 0.0, -44, 
2019-12-04 14:25:06.634,159307480, 176.59571055578553, 496192, 10.492885333625132, 29355, 0, 0.0, -326, 
2019-12-04 14:25:07.669,171017480, 176.59571055578553, 496791, 10.492885333625132, 29382, 0, 0.0, 36, 
2019-12-04 14:25:08.696,185119376, 176.59571055578553, 497425, 10.492885333625132, 29414, 0, 0.0, 30, 
2019-12-04 14:25:09.723,198282432, 176.59571055578553, 498049, 10.492885333625132, 29453, 0, 0.0, 18, 
2019-12-04 14:25:10.795,214514568, 209.15396788374815, 498852, 12.42038379837316, 29505, 0, 0.0, -12, 
2019-12-04 14:25:11.822,232218456, 209.15396788374815, 499779, 12.42038379837316, 29540, 0, 0.0, -59, 
2019-12-04 14:25:12.851,251325344, 209.15396788374815, 500702, 12.42038379837316, 29590, 0, 0.0, -47, 
2019-12-04 14:25:13.879,269666096, 209.15396788374815, 501624, 12.42038379837316, 29644, 0, 0.0, -290, 
2019-12-04 14:25:14.906,285676312, 209.15396788374815, 502435, 12.42038379837316, 29699, 0, 0.0, -105, 
2019-12-04 14:25:15.939,304319832, 261.08080554826637, 503362, 15.105261668296894, 29733, 0, 0.0, -196, 
2019-12-04 14:25:16.963,323262480, 261.08080554826637, 504348, 15.105261668296894, 29779, 0, 0.0, -52, 
2019-12-04 14:25:17.99,341203376, 261.08080554826637, 505327, 15.105261668296894, 29833, 0, 0.0, -114, 
2019-12-04 14:25:19.051,360695976, 261.08080554826637, 506315, 15.105261668296894, 29886, 0, 0.0, -12, 
2019-12-04 14:25:20.075,96709608, 261.08080554826637, 507328, 15.105261668296894, 29949, 0, 0.0, 115, 
2019-12-04 14:25:21.1,116190808, 316.0358140771567, 508315, 17.863308663816536, 30014, 0, 0.0, -31, 
2019-12-04 14:25:22.126,136187560, 316.0358140771567, 509290, 17.863308663816536, 30068, 0, 0.0, -83, 
2019-12-04 14:25:23.151,157960512, 316.0358140771567, 510359, 17.863308663816536, 30122, 0, 0.0, -80, 
2019-12-04 14:25:24.177,177954616, 316.0358140771567, 511373, 17.863308663816536, 30166, 0, 0.0, -23, 
2019-12-04 14:25:25.202,197872464, 369.71513055952545, 512371, 20.720656738812277, 30222, 0, 0.0, -172, 
2019-12-04 14:25:26.229,215654096, 369.71513055952545, 513342, 20.720656738812277, 30275, 0, 0.0, 151, 
2019-12-04 14:25:27.254,234065080, 369.71513055952545, 514324, 20.720656738812277, 30317, 0, 0.0, -331, 
2019-12-04 14:25:28.286,252583080, 369.71513055952545, 51