Timestamp, MemoryUsed, ReadLatency1, ReadCount, WriteLatency1, WriteCount, PendingTasks, WaitingOnCommit1, SRDelay, 
2019-12-04 14:24:53.975,197176560, 29.472838758077728, 486188, 2.69896253963499, 28385, 0, 0.0, 2940932, 
2019-12-04 14:24:55.071,211935032, 67.07812225090427, 486876, 4.546019512448405, 28420, 0, 0.0, 44, 
2019-12-04 14:24:56.119,227005648, 67.07812225090427, 487649, 4.546019512448405, 28456, 0, 0.0, 43, 
2019-12-04 14:24:57.17,245310392, 67.07812225090427, 488486, 4.546019512448405, 28495, 0, 0.0, -264, 
2019-12-04 14:24:58.212,260253272, 67.07812225090427, 489251, 4.546019512448405, 28531, 0, 0.0, 22, 
2019-12-04 14:24:59.248,276513008, 67.07812225090427, 490061, 4.546019512448405, 28568, 0, 0.0, -117, 
2019-12-04 14:25:00.291,292507080, 121.80946968536801, 490882, 6.9330119979753535, 28618, 0, 0.0, -109, 
2019-12-04 14:25:01.334,309077744, 121.80946968536801, 491676, 6.9330119979753535, 28673, 0, 0.0, 30, 
2019-12-04 14:25:02.371,325215936, 121.80946968536801, 492505, 6.9330119979753535, 28721, 0, 0.0, -28, 
2019-12-04 14:25:03.413,342743720, 121.80946968536801, 493348, 6.9330119979753535, 28766, 0, 0.0, -185, 
2019-12-04 14:25:04.461,359335664, 175.3629636124104, 494175, 10.15258259479125, 28811, 0, 0.0, 33, 
2019-12-04 14:25:05.507,87137752, 175.3629636124104, 494620, 10.15258259479125, 28840, 0, 0.0, -55, 
2019-12-04 14:25:06.54,99489952, 175.3629636124104, 495163, 10.15258259479125, 28863, 0, 0.0, -293, 
2019-12-04 14:25:07.574,111647928, 175.3629636124104, 495705, 10.15258259479125, 28889, 0, 0.0, 23, 
2019-12-04 14:25:08.609,124766912, 175.3629636124104, 496328, 10.15258259479125, 28927, 0, 0.0, 34, 
2019-12-04 14:25:09.64,139507480, 204.69363359242433, 496989, 11.627556652001926, 28957, 0, 0.0, 11, 
2019-12-04 14:25:10.68,154904192, 204.69363359242433, 497797, 11.627556652001926, 29002, 0, 0.0, 30, 
2019-12-04 14:25:11.737,173150256, 204.69363359242433, 498684, 11.627556652001926, 29044, 0, 0.0, 0, 
2019-12-04 14:25:12.764,191229928, 204.69363359242433, 499618, 11.627556652001926, 29098, 0, 0.0, -54, 
2019-12-04 14:25:13.795,209133512, 204.69363359242433, 500521, 11.627556652001926, 29148, 0, 0.0, -217, 
2019-12-04 14:25:14.833,225519480, 254.5304589838115, 501280, 14.3598343634374, 29193, 0, 0.0, -65, 
2019-12-04 14:25:15.871,243071128, 254.5304589838115, 502172, 14.3598343634374, 29238, 0, 0.0, -157, 
2019-12-04 14:25:16.904,261605136, 254.5304589838115, 503164, 14.3598343634374, 29276, 0, 0.0, -42, 
2019-12-04 14:25:17.932,280818304, 254.5304589838115, 504125, 14.3598343634374, 29327, 0, 0.0, -66, 
2019-12-04 14:25:18.959,299480632, 254.5304589838115, 505127, 14.3598343634374, 29393, 0, 0.0, -30, 
2019-12-04 14:25:19.99,319720952, 307.1467943503734, 506160, 16.969597913504607, 29443, 0, 0.0, 116, 
2019-12-04 14:25:21.016,337487240, 307.1467943503734, 507112, 16.969597913504607, 29498, 0, 0.0, -170, 
2019-12-04 14:25:22.041,357844496, 307.1467943503734, 508140, 16.969597913504607, 29548, 0, 0.0, -195, 
2019-12-04 14:25:23.068,95081568, 307.1467943503734, 509170, 16.969597913504607, 29608, 0, 0.0, -124, 
2019-12-04 14:25:24.1,113856952, 307.1467943503734, 510155, 16.969597913504607, 29663, 0, 0.0, -48, 
2019-12-04 14:25:25.128,132836240, 361.05710409614454, 511142, 20.042323208360823, 29734, 0, 0.0, -200, 
2019-12-04 14:25:26.156,153336552, 361.05710409614454, 512106, 20.042323208360823, 29781, 0, 0.0, 60, 
2019-12-04 14:25:27.187,171976032, 361.05710409614454, 513092, 20.042323208360823, 29818, 0, 0.0, -207, 
2019-12-04 14:25:28.212,189740984, 361.05710409614454, 514052, 20.042323208360823, 29863, 0, 0.0, -1, 
2019-12-04 14:25:29.241,210065344, 361.05710409614454, 515084, 20.042323208360823, 29914, 0, 0.0, 35, 
2019-12-04 14:25:30.4,230568456, 408.3542626100026, 516123, 22.19774003646984, 29971, 0, 0.0, 5, 
2019-12-04 14:25:31.426,250661144, 408.3542626100026, 517161, 22.19774003646984, 30012, 0, 0.0, -28, 
2019-12-04 14:25:32.452,270442192, 408.3542626100026, 518176, 22.19774003646984, 30061, 0, 0.0, -60, 
2019-12-04 14:25:33.476,290289424, 408.3542626100026, 519239, 22.19774003646984, 30102, 0, 0.0, -143, 
2019-12-04 14:25:34.505,309489480, 454.81211467015635, 520257, 24.004916962554102, 30153, 0, 0.0, 8, 
2019-12-04 14:25:35.533,330138296, 454.81211467015635, 521367, 24.004916962554102, 30214, 0, 0.0, -13, 
2019-12-04 14:25:36.559,353745528, 454.81211467015635, 522587, 24.004916962554102, 30277, 0, 0.0, 35, 
2019-12-04 14:25:37.588,92843496, 454.81211467015635, 523743, 24.004916962554102, 30336, 0, 0.0, -22, 
2019-12-04 14:25:38.614,114751336, 454.81211467015635, 524891, 24.004916962554102, 30414, 0, 0.0, -58, 
2019-12-04 14:25:39.638,136410312, 508.31742376466923, 526049, 27.13878277046537, 30479, 0, 0.0, 34, 
2019-12-04 14:25:40.665,157054064, 508.31742376466923, 527187, 27.13878277046537, 30531, 0, 0.0, 78, 
2019-12-04 14:25:41.691,180133904, 508.31742376466923, 528410, 27.13878277046537, 30593, 0, 0.0, -100, 
2019-12-04 14:25:42.716,201593720, 508.31742376466923, 529584, 27.13878277046537, 30644, 0, 0.0, -135, 
2019-12-04 14:25:43.745,223142680, 508.31742376466923, 530761, 27.13878277046537, 30693, 0, 0.0, -277, 
2019-12-04 14:25:44.77,244632264, 558.8559561501704, 531881, 29.334460469044124, 30758, 0, 0.0, 110, 
2019-12-04 14:25:45.795,267328576, 558.8559561501704, 533064, 29.334460469044124, 30811, 0, 0.0, -88, 
2019-12-04 14:25:46.821,288313320, 558.8559561501704, 534251, 29.334460469044124, 30863, 0, 0.0, -342, 
2019-12-04 14:25:47.846,315490856, 558.8559561501704, 535683, 29.334460469044124, 30926, 0, 0.0, -168, 
2019-12-04 14:25:48.88,339241000, 558.8559561501704, 537023, 29.334460469044124, 30996, 0, 0.0, -18, 
2019-12-04 14:25:49.908,83153776, 614.6764718492349, 538482, 31.594448228059704, 31058, 0, 0.0, -165, 
2019-12-04 14:25:50.952,108787648, 614.6764718492349, 539996, 31.594448228059704, 31142, 0, 0.0, 87, 
2019-12-04 14:25:51.981,135010992, 614.6764718492349, 541463, 31.594448228059704, 31222, 0, 0.0, -9, 
2019-12-04 14:25:53.014,166476512, 614.6764718492349, 542961, 31.594448228059704, 31299, 0, 0.0, 65, 
2019-12-04 14:25:54.047,201621976, 614.6764718492349, 544420, 31.594448228059704, 31365, 0, 0.0, -156, 
2019-12-04 14:25:55.072,229390096, 680.2339375017199, 545983, 34.95302670880346, 31441, 0, 0.0, 26, 
2019-12-04 14:25:56.103,256577016, 680.2339375017199, 547504, 34.95302670880346, 31521, 0, 0.0, 1, 
2019-12-04 14:25:57.139,284500216, 680.2339375017199, 549032, 34.95302670880346, 31622, 0, 0.0, -424, 
2019-12-04 14:25:58.173,311606912, 680.2339375017199, 550526, 34.95302670880346, 31707, 0, 0.0, -159, 
2019-12-04 14:25:59.2,338124072, 680.2339375017199, 551990, 34.95302670880346, 31785, 0, 0.0, -72, 
2019-12-04 14:26:00.232,84379312, 742.7724828858472, 553554, 38.73068611529381, 31867, 0, 0.0, -310, 
2019-12-04 14:26:01.263,112882672, 742.7724828858472, 555154, 38.73068611529381, 31960, 0, 0.0, 209, 
2019-12-04 14:26:02.287,139406720, 742.7724828858472, 556654, 38.73068611529381, 32030, 0, 0.0, -54, 
2019-12-04 14:26:03.319,167427840, 742.7724828858472, 558217, 38.73068611529381, 32110, 0, 0.0, 72, 
2019-12-04 14:26:04.348,197446184, 742.7724828858472, 559786, 38.73068611529381, 32189, 0, 0.0, 96, 
2019-12-04 14:26:05.38,222915376, 804.4684127048312, 561304, 41.83850485990206, 32257, 0, 0.0, -33, 
2019-12-04 14:26:06.416,253434304, 804.4684127048312, 562993, 41.83850485990206, 32348, 0, 0.0, -375, 
2019-12-04 14:26:07.446,283073056, 804.4684127048312, 564544, 41.83850485990206, 32450, 0, 0.0, -156, 
2019-12-04 14:26:08.477,312001112, 804.4684127048312, 566223, 41.83850485990206, 32531, 0, 0.0, -115, 
2019-12-04 14:26:09.512,340112800, 865.9967612282423, 567847, 45.193560766857395, 32615, 0, 0.0, -49, 
2019-12-04 14:26:10.586,85589288, 865.9967612282423, 569529, 45.193560766857395, 32731, 0, 0.0, -748, 
2019-12-04 14:26:11.624,118695312, 865.9967612282423, 571395, 45.193560766857395, 32823, 0, 0.0, 28, 
2019-12-04 14:26:12.658,149069648, 865.9967612282423, 573076, 45.193560766857395, 32918, 0, 0.0, 167, 
2019-12-04 14:26:13.687,174340000, 865.9967612282423, 574628, 45.193560766857395, 32998, 0, 0.0, -49, 
2019-12-04 14:26:14.739,203566904, 925.0841977750642, 576237, 48.82405919534137, 