Timestamp, MemoryUsed, ReadLatency1, ReadCount, WriteLatency1, WriteCount, PendingTasks, WaitingOnCommit1, SRDelay, 
2019-12-04 14:24:54.054,257005192, 31.9045335031086, 487224, 2.3138104298074147, 28828, 0, 0.0, 2940932, 
2019-12-04 14:24:55.099,270902264, 31.9045335031086, 487895, 2.3138104298074147, 28864, 0, 0.0, 44, 
2019-12-04 14:24:56.147,286320040, 72.52960395105463, 488640, 4.479502572353281, 28900, 0, 0.0, 43, 
2019-12-04 14:24:57.19,301720392, 72.52960395105463, 489416, 4.479502572353281, 28960, 0, 0.0, -264, 
2019-12-04 14:24:58.232,318036416, 72.52960395105463, 490204, 4.479502572353281, 29004, 0, 0.0, 22, 
2019-12-04 14:24:59.269,335243752, 72.52960395105463, 490974, 4.479502572353281, 29035, 0, 0.0, -117, 
2019-12-04 14:25:00.313,350952136, 126.12146582378337, 491766, 7.511458141728015, 29087, 0, 0.0, -109, 
2019-12-04 14:25:01.351,84240992, 126.12146582378337, 492608, 7.511458141728015, 29132, 0, 0.0, 30, 
2019-12-04 14:25:02.385,100112520, 126.12146582378337, 493433, 7.511458141728015, 29177, 0, 0.0, -28, 
2019-12-04 14:25:03.441,116188248, 126.12146582378337, 494253, 7.511458141728015, 29230, 0, 0.0, -185, 
2019-12-04 14:25:04.492,133688408, 126.12146582378337, 495147, 7.511458141728015, 29284, 0, 0.0, 33, 
2019-12-04 14:25:05.521,145011344, 176.59571055578553, 495604, 10.492885333625132, 29306, 0, 0.0, -55, 
2019-12-04 14:25:06.556,156965456, 176.59571055578553, 496157, 10.492885333625132, 29354, 0, 0.0, -293, 
2019-12-04 14:25:07.594,169764408, 176.59571055578553, 496751, 10.492885333625132, 29380, 0, 0.0, 23, 
2019-12-04 14:25:08.623,183743976, 176.59571055578553, 497386, 10.492885333625132, 29412, 0, 0.0, 34, 
2019-12-04 14:25:09.66,196610088, 176.59571055578553, 498017, 10.492885333625132, 29450, 0, 0.0, 11, 
2019-12-04 14:25:10.723,213159072, 209.15396788374815, 498811, 12.42038379837316, 29500, 0, 0.0, 30, 
2019-12-04 14:25:11.75,230568056, 209.15396788374815, 499723, 12.42038379837316, 29539, 0, 0.0, 0, 
2019-12-04 14:25:12.778,250194576, 209.15396788374815, 500644, 12.42038379837316, 29587, 0, 0.0, -54, 
2019-12-04 14:25:13.813,268855120, 209.15396788374815, 501595, 12.42038379837316, 29641, 0, 0.0, -217, 
2019-12-04 14:25:14.852,284130032, 209.15396788374815, 502397, 12.42038379837316, 29695, 0, 0.0, -65, 
2019-12-04 14:25:15.884,302663752, 261.08080554826637, 503312, 15.105261668296894, 29731, 0, 0.0, -157, 
2019-12-04 14:25:16.918,321245200, 261.08080554826637, 504306, 15.105261668296894, 29775, 0, 0.0, -42, 
2019-12-04 14:25:17.945,340076872, 261.08080554826637, 505294, 15.105261668296894, 29833, 0, 0.0, -66, 
2019-12-04 14:25:18.972,359520720, 261.08080554826637, 506281, 15.105261668296894, 29886, 0, 0.0, -30, 
2019-12-04 14:25:20.002,95300880, 261.08080554826637, 507274, 15.105261668296894, 29945, 0, 0.0, 116, 
2019-12-04 14:25:21.027,114751280, 316.0358140771567, 508247, 17.863308663816536, 30012, 0, 0.0, -170, 
2019-12-04 14:25:22.055,134272712, 316.0358140771567, 509228, 17.863308663816536, 30063, 0, 0.0, -195, 
2019-12-04 14:25:23.084,157054008, 316.0358140771567, 510300, 17.863308663816536, 30120, 0, 0.0, -124, 
2019-12-04 14:25:24.112,176055784, 316.0358140771567, 511315, 17.863308663816536, 30166, 0, 0.0, -48, 
2019-12-04 14:25:25.143,195832128, 369.71513055952545, 512313, 20.720656738812277, 30221, 0, 0.0, -200, 
2019-12-04 14:25:26.173,214504688, 369.71513055952545, 513302, 20.720656738812277, 30274, 0, 0.0, 60, 
2019-12-04 14:25:27.199,233612072, 369.71513055952545, 514277, 20.720656738812277, 30316, 0, 0.0, -207, 
2019-12-04 14:25:28.228,251366720, 369.71513055952545, 515242, 20.720656738812277, 30362, 0, 0.0, -1, 
2019-12-04 14:25:29.252,272327704, 369.71513055952545, 516274, 20.720656738812277, 30412, 0, 0.0, 35, 
2019-12-04 14:25:30.413,292807600, 417.1675607042783, 517356, 22.725890309972677, 30461, 0, 0.0, 5, 
2019-12-04 14:25:31.438,312333208, 417.1675607042783, 518361, 22.725890309972677, 30509, 0, 0.0, -28, 
2019-12-04 14:25:32.464,332154360, 417.1675607042783, 519353, 22.725890309972677, 30563, 0, 0.0, -60, 
2019-12-04 14:25:33.488,351835200, 417.1675607042783, 520408, 22.725890309972677, 30623, 0, 0.0, -143, 
2019-12-04 14:25:34.52,90009552, 417.1675607042783, 521472, 22.725890309972677, 30677, 0, 0.0, 8, 
2019-12-04 14:25:35.545,110417312, 462.9527225904062, 522545, 25.03453665229594, 30728, 0, 0.0, -13, 
2019-12-04 14:25:36.575,133330656, 462.9527225904062, 523735, 25.03453665229594, 30789, 0, 0.0, 35, 
2019-12-04 14:25:37.602,154377744, 462.9527225904062, 524883, 25.03453665229594, 30859, 0, 0.0, -22, 
2019-12-04 14:25:38.626,177606352, 462.9527225904062, 526047, 25.03453665229594, 30925, 0, 0.0, -58, 
2019-12-04 14:25:39.65,198667760, 462.9527225904062, 527154, 25.03453665229594, 30986, 0, 0.0, 34, 
2019-12-04 14:25:40.677,218880504, 516.0310202524203, 528346, 27.99013191275991, 31050, 0, 0.0, 78, 
2019-12-04 14:25:41.704,243096736, 516.0310202524203, 529536, 27.99013191275991, 31126, 0, 0.0, -100, 
2019-12-04 14:25:42.732,265745720, 516.0310202524203, 530746, 27.99013191275991, 31198, 0, 0.0, -135, 
2019-12-04 14:25:43.757,287646368, 516.0310202524203, 531968, 27.99013191275991, 31268, 0, 0.0, -277, 
2019-12-04 14:25:44.782,310587960, 516.0310202524203, 533145, 27.99013191275991, 31334, 0, 0.0, 110, 
2019-12-04 14:25:45.807,332806528, 568.1595816716608, 534320, 31.25310880457529, 31406, 0, 0.0, -88, 
2019-12-04 14:25:46.833,353625592, 568.1595816716608, 535447, 31.25310880457529, 31482, 0, 0.0, -342, 
2019-12-04 14:25:47.863,94980848, 568.1595816716608, 536840, 31.25310880457529, 31568, 0, 0.0, -168, 
2019-12-04 14:25:48.891,120335880, 568.1595816716608, 538189, 31.25310880457529, 31631, 0, 0.0, -18, 
2019-12-04 14:25:49.933,147521440, 568.1595816716608, 539634, 31.25310880457529, 31707, 0, 0.0, -165, 
2019-12-04 14:25:50.965,174281000, 624.7393855510537, 541112, 34.54303257628902, 31781, 0, 0.0, 87, 
2019-12-04 14:25:51.994,200386952, 624.7393855510537, 542612, 34.54303257628902, 31854, 0, 0.0, -9, 
2019-12-04 14:25:53.026,227109672, 624.7393855510537, 544053, 34.54303257628902, 31938, 0, 0.0, 65, 
2019-12-04 14:25:54.059,254954064, 624.7393855510537, 545576, 34.54303257628902, 32025, 0, 0.0, -156, 
2019-12-04 14:25:55.086,281413656, 624.7393855510537, 547034, 34.54303257628902, 32095, 0, 0.0, 26, 
2019-12-04 14:25:56.119,308055776, 688.996540418677, 548502, 37.74581085482596, 32189, 0, 0.0, 1, 
2019-12-04 14:25:57.153,336311168, 688.996540418677, 550006, 37.74581085482596, 32271, 0, 0.0, -424, 
2019-12-04 14:25:58.185,362218280, 688.996540418677, 551454, 37.74581085482596, 32344, 0, 0.0, -159, 
2019-12-04 14:25:59.219,103874304, 688.996540418677, 552930, 37.74581085482596, 32439, 0, 0.0, -72, 
2019-12-04 14:26:00.248,129253568, 749.4272484546842, 554420, 41.23620710181059, 32509, 0, 0.0, -310, 
2019-12-04 14:26:01.275,157134592, 749.4272484546842, 555917, 41.23620710181059, 32598, 0, 0.0, 209, 
2019-12-04 14:26:02.304,184379512, 749.4272484546842, 557417, 41.23620710181059, 32676, 0, 0.0, -54, 
2019-12-04 14:26:03.331,213163328, 749.4272484546842, 558940, 41.23620710181059, 32756, 0, 0.0, 72, 
2019-12-04 14:26:04.365,241325688, 749.4272484546842, 560537, 41.23620710181059, 32843, 0, 0.0, 96, 
2019-12-04 14:26:05.403,269479448, 807.6167448213181, 562076, 44.43153555661782, 32925, 0, 0.0, -33, 
2019-12-04 14:26:06.431,299057416, 807.6167448213181, 563735, 44.43153555661782, 33029, 0, 0.0, -375, 
2019-12-04 14:26:07.462,328636352, 807.6167448213181, 565399, 44.43153555661782, 33110, 0, 0.0, -156, 
2019-12-04 14:26:08.492,357561680, 807.6167448213181, 567092, 44.43153555661782, 33207, 0, 0.0, -115, 
2019-12-04 14:26:09.524,105031008, 807.6167448213181, 568786, 44.43153555661782, 33301, 0, 0.0, -49, 
2019-12-04 14:26:10.61,134569776, 872.3154656612793, 570435, 47.851113166593414, 33371, 0, 0.0, -748, 
2019-12-04 14:26:11.635,166066240, 872.3154656612793, 572219, 47.851113166593414, 33461, 0, 0.0, 28, 
2019-12-04 14:26:12.67,196530576, 872.3154656612793, 573802, 47.851113166593414, 33538, 0, 0.0, 167, 
2019-12-04 14:26:13.723,229911504, 872.3154656612793, 575307, 47.851113166593414, 33631, 0, 0.0, -49, 
2019-12-04 14:26:14.755,269292720, 872.3154656612793, 576949, 47.851113166593414