Timestamp, MemoryUsed, ReadLatency1, ReadCount, WriteLatency1, WriteCount, PendingTasks, WaitingOnCommit1, SRDelay, 
2019-12-04 14:32:46.853,306469424, 12.928415635412248, 729853, 1.4686225602014233, 41641, 0, 0.0, 6493691, 
2019-12-04 14:32:47.982,316955184, 12.928415635412248, 730271, 1.4686225602014233, 41660, 0, 0.0, 74, 
2019-12-04 14:32:49.153,332683824, 12.928415635412248, 730905, 1.4686225602014233, 41699, 0, 0.0, -57, 
2019-12-04 14:32:50.202,346315312, 40.45485168977317, 731532, 2.9663008081996063, 41734, 0, 0.0, 103, 
2019-12-04 14:32:51.237,360995376, 40.45485168977317, 732268, 2.9663008081996063, 41774, 0, 0.0, 8, 
2019-12-04 14:32:52.27,375675440, 40.45485168977317, 732915, 2.9663008081996063, 41808, 0, 0.0, 2, 
2019-12-04 14:32:53.314,387209776, 40.45485168977317, 733444, 2.9663008081996063, 41833, 0, 0.0, 30, 
2019-12-04 14:32:54.36,398744112, 40.45485168977317, 733944, 2.9663008081996063, 41853, 0, 0.0, -12, 
2019-12-04 14:32:55.396,410278448, 82.2672371396727, 734378, 5.0478404664441205, 41875, 0, 0.0, 9, 
2019-12-04 14:32:56.432,421812784, 82.2672371396727, 734855, 5.0478404664441205, 41900, 0, 0.0, -73, 
2019-12-04 14:32:57.458,433347120, 82.2672371396727, 735331, 5.0478404664441205, 41926, 0, 0.0, -14, 
2019-12-04 14:32:58.492,443832880, 82.2672371396727, 735722, 5.0478404664441205, 41943, 0, 0.0, 27, 
2019-12-04 14:32:59.549,450124336, 82.2672371396727, 735999, 5.0478404664441205, 41953, 0, 0.0, -9, 
2019-12-04 14:33:00.589,462707248, 107.35192384412989, 736520, 6.163393549134648, 41983, 0, 0.0, -2, 
2019-12-04 14:33:01.621,476338736, 107.35192384412989, 737253, 6.163393549134648, 42022, 0, 0.0, -14, 
2019-12-04 14:33:02.652,493115952, 107.35192384412989, 738007, 6.163393549134648, 42054, 0, 0.0, -173, 
2019-12-04 14:33:03.682,507796016, 107.35192384412989, 738762, 6.163393549134648, 42091, 0, 0.0, -14, 
2019-12-04 14:33:04.712,523524656, 107.35192384412989, 739491, 6.163393549134648, 42127, 0, 0.0, -61, 
2019-12-04 14:33:05.744,538204720, 154.40163423342102, 740193, 8.485032415091554, 42169, 0, 0.0, 14, 
2019-12-04 14:33:06.78,554981936, 154.40163423342102, 740970, 8.485032415091554, 42226, 0, 0.0, -224, 
2019-12-04 14:33:07.808,568613424, 154.40163423342102, 741652, 8.485032415091554, 42262, 0, 0.0, 81, 
2019-12-04 14:33:08.895,584342064, 154.40163423342102, 742436, 8.485032415091554, 42298, 0, 0.0, -45, 
2019-12-04 14:33:09.939,601119280, 154.40163423342102, 743275, 8.485032415091554, 42348, 0, 0.0, -248, 
2019-12-04 14:33:10.969,616847920, 200.21605398472894, 744096, 11.164741267022166, 42390, 0, 0.0, -267, 
2019-12-04 14:33:11.995,634673712, 200.21605398472894, 744933, 11.164741267022166, 42424, 0, 0.0, -216, 
2019-12-04 14:33:13.027,653548080, 200.21605398472894, 745846, 11.164741267022166, 42471, 0, 0.0, -118, 
2019-12-04 14:33:14.055,672422448, 200.21605398472894, 746724, 11.164741267022166, 42515, 0, 0.0, -211, 
2019-12-04 14:33:15.083,690248240, 251.72215847477236, 747604, 13.630192429073679, 42566, 0, 0.0, 10, 
2019-12-04 14:33:16.108,709122608, 251.72215847477236, 748614, 13.630192429073679, 42611, 0, 0.0, -73, 
2019-12-04 14:33:17.143,729045552, 251.72215847477236, 749559, 13.630192429073679, 42660, 0, 0.0, 118, 
2019-12-04 14:33:18.18,746871344, 251.72215847477236, 750419, 13.630192429073679, 42715, 0, 0.0, -126, 
2019-12-04 14:33:19.206,119960256, 251.72215847477236, 751312, 13.630192429073679, 42758, 0, 0.0, -40, 
2019-12-04 14:33:20.238,138834624, 303.8114506499469, 752266, 16.23433045881739, 42805, 0, 0.0, -27, 
2019-12-04 14:33:21.267,158757568, 303.8114506499469, 753269, 16.23433045881739, 42856, 0, 0.0, -12, 
2019-12-04 14:33:22.296,177631936, 303.8114506499469, 754294, 16.23433045881739, 42925, 0, 0.0, -106, 
2019-12-04 14:33:23.321,199652032, 303.8114506499469, 755286, 16.23433045881739, 42968, 0, 0.0, -178, 
2019-12-04 14:33:24.346,220623552, 303.8114506499469, 756329, 16.23433045881739, 43019, 0, 0.0, -81, 
2019-12-04 14:33:25.375,240546496, 358.1803331585877, 757365, 19.06201326900856, 43075, 0, 0.0, 81, 
2019-12-04 14:33:26.401,261518016, 358.1803331585877, 758476, 19.06201326900856, 43142, 0, 0.0, -121, 
2019-12-04 14:33:27.425,283538112, 358.1803331585877, 759529, 19.06201326900856, 43214, 0, 0.0, -69, 
2019-12-04 14:33:28.458,303461056, 358.1803331585877, 760632, 19.06201326900856, 43281, 0, 0.0, 22, 
2019-12-04 14:33:29.485,326529728, 358.1803331585877, 761823, 19.06201326900856, 43346, 0, 0.0, -190, 
2019-12-04 14:33:30.509,348549824, 416.62943853836987, 762990, 22.95888752787325, 43424, 0, 0.0, -105, 
2019-12-04 14:33:31.536,369521344, 416.62943853836987, 764053, 22.95888752787325, 43469, 0, 0.0, -127, 
2019-12-04 14:33:32.565,408318656, 416.62943853836987, 765122, 22.95888752787325, 43531, 0, 0.0, 66, 
2019-12-04 14:33:33.589,440824512, 416.62943853836987, 766143, 22.95888752787325, 43582, 0, 0.0, 10, 
2019-12-04 14:33:34.612,486961856, 416.62943853836987, 767194, 22.95888752787325, 43633, 0, 0.0, -191, 
2019-12-04 14:33:35.638,514224832, 466.53536115117845, 768281, 25.296877792471943, 43696, 0, 0.0, -6, 
2019-12-04 14:33:36.667,541487808, 466.53536115117845, 769395, 25.296877792471943, 43741, 0, 0.0, 53, 
2019-12-04 14:33:37.694,565605056, 466.53536115117845, 770457, 25.296877792471943, 43778, 0, 0.0, -406, 
2019-12-04 14:33:38.717,591819456, 466.53536115117845, 771561, 25.296877792471943, 43826, 0, 0.0, -251, 
2019-12-04 14:33:39.753,618033856, 466.53536115117845, 772663, 25.296877792471943, 43880, 0, 0.0, -55, 
2019-12-04 14:33:40.78,644248256, 513.8902270446883, 773718, 27.160092569539266, 43929, 0, 0.0, 66, 
2019-12-04 14:33:41.815,669414080, 513.8902270446883, 774846, 27.160092569539266, 43986, 0, 0.0, -210, 
2019-12-04 14:33:42.851,695628480, 513.8902270446883, 775915, 27.160092569539266, 44063, 0, 0.0, -415, 
2019-12-04 14:33:43.889,722891456, 513.8902270446883, 777038, 27.160092569539266, 44134, 0, 0.0, -109, 
2019-12-04 14:33:44.919,749105856, 513.8902270446883, 778149, 27.160092569539266, 44179, 0, 0.0, -53, 
2019-12-04 14:33:45.948,132169224, 557.5387625009035, 779242, 29.625915420919235, 44238, 0, 0.0, -167, 
2019-12-04 14:33:46.978,163626504, 557.5387625009035, 780524, 29.625915420919235, 44297, 0, 0.0, -74, 
2019-12-04 14:33:48.014,191938056, 557.5387625009035, 781795, 29.625915420919235, 44374, 0, 0.0, 23, 
2019-12-04 14:33:49.04,221298184, 557.5387625009035, 783035, 29.625915420919235, 44447, 0, 0.0, 144, 
2019-12-04 14:33:50.071,252755464, 610.538220764675, 784388, 32.27836877257597, 44503, 0, 0.0, -38, 
2019-12-04 14:33:51.101,282115592, 610.538220764675, 785661, 32.27836877257597, 44573, 0, 0.0, 10, 
2019-12-04 14:33:52.133,313572872, 610.538220764675, 786982, 32.27836877257597, 44631, 0, 0.0, -224, 
2019-12-04 14:33:53.165,341884424, 610.538220764675, 788167, 32.27836877257597, 44680, 0, 0.0, -606, 
2019-12-04 14:33:54.188,370195976, 610.538220764675, 789350, 32.27836877257597, 44744, 0, 0.0, 60, 
2019-12-04 14:33:55.213,402701832, 658.3566004112638, 790602, 34.286983502830935, 44798, 0, 0.0, -165, 
2019-12-04 14:33:56.237,431013384, 658.3566004112638, 791814, 34.286983502830935, 44860, 0, 0.0, -342, 
2019-12-04 14:33:57.265,461422088, 658.3566004112638, 793094, 34.286983502830935, 44921, 0, 0.0, -187, 
2019-12-04 14:33:58.29,492879368, 658.3566004112638, 794462, 34.286983502830935, 44989, 0, 0.0, -1, 
2019-12-04 14:33:59.318,524336648, 658.3566004112638, 795819, 34.286983502830935, 45051, 0, 0.0, -78, 
2019-12-04 14:34:00.344,554745352, 706.6052706634523, 797132, 36.4068472568045, 45111, 0, 0.0, -93, 
2019-12-04 14:34:01.371,586202632, 706.6052706634523, 798467, 36.4068472568045, 45189, 0, 0.0, 18, 
2019-12-04 14:34:02.399,617659912, 706.6052706634523, 799783, 36.4068472568045, 45243, 0, 0.0, -83, 
2019-12-04 14:34:03.423,649117192, 706.6052706634523, 801105, 36.4068472568045, 45309, 0, 0.0, 107, 
2019-12-04 14:34:04.451,677428744, 706.6052706634523, 802365, 36.4068472568045, 45385, 0, 0.0, -170, 
2019-12-04 14:34:05.479,708886024, 752.9950798765373, 803718, 38.932896278091896, 45464, 0, 0.0, 38, 
2019-12-04 14:34:06.516,741391880, 752.9950798765373, 805111, 38.932896278091896, 45541, 0, 0.0, -160, 
2019-12-04 14:34:07.544,137794120, 752.9950798765373, 806340, 38.932896278091896, 45598, 0, 0.0, -183, 
2019-12-04 14:34:08.579,171348552, 752.9950798765373, 807791, 38.932896278091896, 45668, 0, 0.0, -88, 
2019-12-04 14:34:09.613,203854408, 752.9950798765373, 809112, 38.932896278091896, 45750, 0, 0.0, -117, 
2019-12-04 14:34:10.644,234263112, 796.4273472412403, 810493, 41.38490250780032, 45823, 0, 0.0, -114, 
2019-12-04 14:34:11.671,267817544, 796.4273472412403, 811900, 41.38490250780032, 45914, 0, 0.0, -106, 
2019-12-04 14:34:12.702,300323400, 796.4273472412403, 813314, 41.38490250780032, 45990, 0, 0.0, -22, 
2019-12-04 14:34:13.729,330732104, 796.4273472412403, 814554, 41.38490250780032, 46043, 0, 0.0, -114, 
2019-12-04 14:34:14.753,361140808, 796.4273472412403, 815904, 41.38490250780032, 46099, 0, 0.0, -40, 
2019-12-04 14:34:15.782,393646664, 838.9455409766846, 817291, 43.59288379285745, 46164, 0, 0.0, -160, 
2019-12-04 14:34:16.809,424055368, 838.9455409766846, 818617, 43.59288379285745, 46233, 0, 0.0, 94, 
2019-12-04 14:34:17.842,456561224, 838.9455409766846, 819939, 43.59288379285745, 46310, 0, 0.0, -172, 
2019-12-04 14:34:18.867,485921352, 838.9455409766846, 821223, 43.59288379285745, 46379, 0, 0.0, 76, 
2019-12-04 14:34:19.894,520524360, 838.9455409766846, 822571, 43.59288379285745, 46437, 0, 0.0, -55, 
2019-12-04 14:34:20.924,550933064, 875.5055889112459, 823888, 45.35247565152004, 46511, 0, 0.0, 0, 
2019-12-04 14:34:21.949,581341768, 875.5055889112459, 825173, 45.35247565152004, 46575, 0, 0.0, 88, 
2019-12-04 14:34:22.972,612799048, 875.5055889112459, 826497, 45.35247565152004, 46643, 0, 0.0, -116, 
2019-12-04 14:34:24.0,643207752, 875.5055889112459, 827801, 45.35247565152004, 46728, 0, 0.0, 107, 
2019-12-04 14:34:25.025,674665032, 908.1350164363488, 829144, 47.30719177166663, 46799, 0, 0.0, 334, 
2019-12-04 14:34:26.058,705073736, 908.1350164363488, 830379, 47.30719177166663, 46855, 0, 0.0, -105, 
2019-12-04 14:34:27.094,735482440, 908.1350164363488, 831714, 47.30719177166663, 46925, 0, 0.0, -119, 
2019-12-04 14:34:28.119,130488832, 908.1350164363488, 832963, 47.30719177166663, 46999, 0, 0.0, 57, 
2019-12-04 14:34:29.15,159848960, 908.1350164363488, 834193, 47.30719177166663, 47067, 0, 0.0, 121, 
2019-12-04 14:34:30.174,189209088, 932.9904081684263, 835436, 48.72183061041415, 47133, 0, 0.0, -62, 
2019-12-04 14:34:31.205,218569216, 932.9904081684263, 836677, 48.72183061041415, 47204, 0, 0.0, -200, 
2019-12-04 14:34:32.23,253172224, 932.9904081684263, 838153, 48.72183061041415, 47269, 0, 0.0, -196, 
2019-12-04 14:34:33.258,285678080, 932.9904081684263, 839529, 48.72183061041415, 47342, 0, 0.0, -135, 
2019-12-04 14:34:34.286,318183936, 932.9904081684263, 840878, 48.72183061041415, 47396, 0, 0.0, 111, 
2019-12-04 14:34:35.309,347544064, 963.3583064127175, 842185, 49.895432236128435, 47460, 0, 0.0, -239, 
2019-12-04 14:34:36.346,379001344, 963.3583064127175, 843477, 49.895432236128435, 47524, 0, 0.0, -229, 
2019-12-04 14:34:37.371,411507200, 963.3583064127175, 844847, 49.895432236128435, 47597, 0, 0.0, 52, 
2019-12-04 14:34:38.404,441915904, 963.3583064127175, 846219, 49.895432236128435, 47673, 0, 0.0, -127, 
2019-12-04 14:34:39.431,474421760, 963.3583064127175, 847576, 49.895432236128435, 47741, 0, 0.0, -189, 
2019-12-04 14:34:40.456,506927616, 991.026272586149, 848958, 51.374975783720146, 47819, 0, 0.0, -208, 
2019-12-04 14:34:41.485,539433472, 991.026272586149, 850342, 51.374975783720146, 47897, 0, 0.0, -64, 
2019-12-04 14:34:42.509,570890752, 991.026272586149, 851678, 51.374975783720146, 47965, 0, 0.0, 110, 
2019-12-04 14:34:43.537,602348032, 991.026272586149, 853018, 51.374975783720146, 48043, 0, 0.0, -243, 
2019-12-04 14:34:44.563,634853888, 991.026272586149, 854449, 51.374975783720146, 48118, 0, 0.0, -258, 
2019-12-04 14:34:45.604,665262592, 1017.4095151184677, 855676, 53.07203501943959, 48182, 0, 0.0, 68, 
2019-12-04 14:34:46.628,694622720, 1017.4095151184677, 856940, 53.07203501943959, 48244, 0, 0.0, 26, 
2019-12-04 14:34:47.652,723982848, 1017.4095151184677, 858216, 53.07203501943959, 48319, 0, 0.0, 37, 
2019-12-04 14:34:48.675,758585856, 1017.4095151184677, 859548, 53.07203501943959, 48381, 0, 0.0, 26, 
2019-12-04 14:34:49.702,150308960, 1017.4095151184677, 860719, 53.07203501943959, 48446, 0, 0.0, -340, 
2019-12-04 14:34:50.726,180717664, 1034.5352407179996, 861972, 54.02574244174123, 48523, 0, 0.0, -156, 
2019-12-04 14:34:51.749,210077792, 1034.5352407179996, 863207, 54.02574244174123, 48585, 0, 0.0, -90, 
2019-12-04 14:34:52.781,240486496, 1034.5352407179996, 864517, 54.02574244174123, 48654, 0, 0.0, 25, 
2019-12-04 14:34:53.808,271943776, 1034.5352407179996, 865835, 54.02574244174123, 48713, 0, 0.0, -152, 
2019-12-04 14:34:54.831,303401056, 1034.5352407179996, 867249, 54.02574244174123, 48783, 0, 0.0, 95, 
2019-12-04 14:34:55.858,338004064, 1054.2094925854867, 868693, 54.87121339467211, 48852, 0, 0.0, -601, 
2019-12-04 14:34:56.884,366315616, 1054.2094925854867, 869910, 54.87121339467211, 48922, 0, 0.0, -44, 
2019-12-04 14:34:57.911,399870048, 1054.2094925854867, 871273, 54.87121339467211, 48980, 0, 0.0, -117, 
2019-12-04 14:34:58.946,432375904, 1054.2094925854867, 872705, 54.87121339467211, 49070, 0, 0.0, -256, 
2019-12-04 14:34:59.973,466978912, 1054.2094925854867, 874184, 54.87121339467211, 49121, 0, 0.0, -325, 
2019-12-04 14:35:01.005,500533344, 1077.331888889457, 875600, 55.76102204216645, 49203, 0, 0.0, -139, 
2019-12-04 14:35:02.031,533039200, 1077.331888889457, 877015, 55.76102204216645, 49277, 0, 0.0, -31, 
2019-12-04 14:35:03.058,566593632, 1077.331888889457, 878440, 55.76102204216645, 49350, 0, 0.0, 0, 
2019-12-04 14:35:04.082,600148064, 1077.331888889457, 879863, 55.76102204216645, 49415, 0, 0.0, -76, 
2019-12-04 14:35:05.106,631605344, 1100.7803123838532, 881216, 57.09140126475482, 49490, 0, 0.0, 72, 
2019-12-04 14:35:06.178,667256928, 1100.7803123838532, 882674, 57.09140126475482, 49567, 0, 0.0, -123, 
2019-12-04 14:35:07.228,701859936, 1100.7803123838532, 884131, 57.09140126475482, 49657, 0, 0.0, -294, 
2019-12-04 14:35:08.256,733317216, 1100.7803123838532, 885464, 57.09140126475482, 49729, 0, 0.0, -319, 
2019-12-04 14:35:09.287,764774496, 1100.7803123838532, 886813, 57.09140126475482, 49801, 0, 0.0, -20, 
2019-12-04 14:35:10.313,157670224, 1118.5640087051652, 888088, 58.3793737061327, 49874, 0, 0.0, -3, 
2019-12-04 14:35:11.338,192273232, 1118.5640087051652, 889575, 58.3793737061327, 49951, 0, 0.0, -61, 
2019-12-04 14:35:12.365,223730512, 1118.5640087051652, 890905, 58.3793737061327, 50028, 0, 0.0, -260, 
2019-12-04 14:35:13.391,256236368, 1118.5640087051652, 892270, 58.3793737061327, 50115, 0, 0.0, -39, 
2019-12-04 14:35:14.415,289790800, 1118.5640087051652, 893679, 58.3793737061327, 50182, 0, 0.0, -221, 
2019-12-04 14:35:15.447,317053776, 1135.2616126356093, 894850, 59.67630337653784, 50253, 0, 0.0, 102, 
2019-12-04 14:35:16.476,348511056, 1135.2616126356093, 896141, 59.67630337653784, 50343, 0, 0.0, -286, 
2019-12-04 14:35:17.504,381016912, 1135.2616126356093, 897498, 59.67630337653784, 50421, 0, 0.0, 78, 
2019-12-04 14:35:18.529,410377040, 1135.2616126356093, 898778, 59.67630337653784, 50489, 0, 0.0, -119, 
2019-12-04 14:35:19.552,441834320, 1135.2616126356093, 900083, 59.67630337653784, 50556, 0, 0.0, 177, 
2019-12-04 14:35:20.578,474340176, 1146.5783972497507, 901521, 60.62966951984912, 50622, 0, 0.0, 23, 
2019-12-04 14:35:21.603,507894608, 1146.5783972497507, 902929, 60.62966951984912, 50693, 0, 0.0, -26, 
2019-12-04 14:35:22.63,543546192, 1146.5783972497507, 904400, 60.62966951984912, 50766, 0, 0.0, -78, 
2019-12-04 14:35:23.653,576052048, 1146.5783972497507, 905839, 60.62966951984912, 50840, 0, 0.0, -97, 
2019-12-04 14:35:24.677,607509328, 1146.5783972497507, 907170, 60.62966951984912, 50916, 0, 0.0, -3, 
2019-12-04 14:35:25.704,638966608, 1164.7780157406585, 908509, 61.41086201265455, 50990, 0, 0.0, -318, 
2019-12-04 14:35:26.727,668326736, 1164.7780157406585, 909717, 61.41086201265455, 51060, 0, 0.0, -38, 
2019-12-04 14:35:27.753,699784016, 1164.7780157406585, 911028, 61.41086201265455, 51131, 0, 0.0, 33, 
2019-12-04 14:35:28.779,732289872, 1164.7780157406585, 912467, 61.41086201265455, 51225, 0, 0.0, -467, 
2019-12-04 14:35:29.803,767941456, 1164.7780157406585, 913899, 61.41086201265455, 51300, 0, 0.0, -173, 
2019-12-04 14:35:30.838,160986512, 1176.48527120325, 915267, 62.54536284633806, 51369, 0, 0.0, 58, 
2019-12-04 14:35:31.87,194540944, 1176.48527120325, 916731, 62.54536284633806, 51438, 0, 0.0, 208, 
2019-12-04 14:35:32.895,228095376, 1176.48527120325, 918124, 62.54536284633806, 51538, 0, 0.0, -243, 
2019-12-04 14:35:33.918,261649808, 1176.48527120325, 919617, 62.54536284633806, 51607, 0, 0.0, 80, 
2019-12-04 14:35:34.943,292058512, 1176.48527120325, 920915, 62.54536284633806, 51672, 0, 0.0, -180, 
2019-12-04 14:35:35.967,323515792, 1192.2456947293765, 922277, 63.34928724564886, 51748, 0, 0.0, -23, 
2019-12-04 14:35:36.994,356021648, 1192.2456947293765, 923670, 63.34928724564886, 51805, 0, 0.0, 40, 
2019-12-04 14:35:38.02,389576080, 1192.2456947293765, 925068, 63.34928724564886, 51885, 0, 0.0, 64, 
2019-12-04 14:35:39.045,423130512, 1192.2456947293765, 926461, 63.34928724564886, 51953, 0, 0.0, -62, 
2019-12-04 14:35:40.071,455636368, 1205.2428193618127, 927871, 63.70514658923974, 52018, 0, 0.0, -429, 
2019-12-04 14:35:41.097,489190800, 1205.2428193618127, 929341, 63.70514658923974, 52090, 0, 0.0, 51, 
2019-12-04 14:35:42.13,534279568, 1205.2428193618127, 930731, 63.70514658923974, 52164, 0, 0.0, -10, 
2019-12-04 14:35:43.157,567834000, 1205.2428193618127, 932135, 63.70514658923974, 52245, 0, 0.0, -44, 
2019-12-04 14:35:44.185,601388432, 1205.2428193618127, 933549, 63.70514658923974, 52323, 0, 0.0, -270, 
2019-12-04 14:35:45.211,631797136, 1217.552555861758, 934881, 64.43233091755756, 52390, 0, 0.0, -52, 
2019-12-04 14:35:46.243,667448720, 1217.552555861758, 936327, 64.43233091755756, 52464, 0, 0.0, -390, 
2019-12-04 14:35:47.292,702051728, 1217.552555861758, 937767, 64.43233091755756, 52548, 0, 0.0, -31, 
2019-12-04 14:35:48.317,734557584, 1217.552555861758, 939206, 64.43233091755756, 52601, 0, 0.0, -172, 
2019-12-04 14:35:49.347,768112016, 1217.552555861758, 940672, 64.43233091755756, 52681, 0, 0.0, -167, 
2019-12-04 14:35:50.373,152601600, 1229.3897759204638, 941904, 64.66961263623071, 52748, 0, 0.0, 53, 
2019-12-04 14:35:51.402,186156032, 1229.3897759204638, 943373, 64.66961263623071, 52817, 0, 0.0, 60, 
2019-12-04 14:35:52.427,218661888, 1229.3897759204638, 944725, 64.66961263623071, 52874, 0, 0.0, -223, 
2019-12-04 14:35:53.453,254313472, 1229.3897759204638, 946135, 64.66961263623071, 52955, 0, 0.0, 195, 
2019-12-04 14:35:54.478,285770752, 1229.3897759204638, 947428, 64.66961263623071, 53008, 0, 0.0, 3, 
2019-12-04 14:35:55.502,318276608, 1239.1131925738023, 948831, 64.74400230252236, 53076, 0, 0.0, -44, 
2019-12-04 14:35:56.529,352879616, 1239.1131925738023, 950299, 64.74400230252236, 53165, 0, 0.0, 77, 
2019-12-04 14:35:57.556,384336896, 1239.1131925738023, 951716, 64.74400230252236, 53248, 0, 0.0, -370, 
2019-12-04 14:35:58.582,417891328, 1239.1131925738023, 953132, 64.74400230252236, 53308, 0, 0.0, -74, 
2019-12-04 14:35:59.615,450397184, 1239.1131925738023, 954503, 64.74400230252236, 53384, 0, 0.0, -108, 
2019-12-04 14:36:00.639,482903040, 1250.4098619667182, 955919, 65.35614208002075, 53439, 0, 0.0, -282, 
2019-12-04 14:36:01.666,515408896, 1250.4098619667182, 957357, 65.35614208002075, 53503, 0, 0.0, -55, 
2019-12-04 14:36:02.69,550011904, 1250.4098619667182, 958788, 65.35614208002075, 53585, 0, 0.0, -151, 
2019-12-04 14:36:03.717,581469184, 1250.4098619667182, 960169, 65.35614208002075, 53656, 0, 0.0, 74, 
2019-12-04 14:36:04.755,613975040, 1250.4098619667182, 961576, 65.35614208002075, 53729, 0, 0.0, 64, 
2019-12-04 14:36:05.782,649626624, 1259.827841404062, 963047, 65.63149775594613, 53812, 0, 0.0, 107, 
2019-12-04 14:36:06.808,683181056, 1259.827841404062, 964523, 65.63149775594613, 53875, 0, 0.0, -42, 
2019-12-04 14:36:07.831,714638336, 1259.827841404062, 965853, 65.63149775594613, 53948, 0, 0.0, -146, 
2019-12-04 14:36:08.857,746095616, 1259.827841404062, 967135, 65.63149775594613, 54009, 0, 0.0, -124, 
2019-12-04 14:36:09.881,138775040, 1259.827841404062, 968487, 65.63149775594613, 54065, 0, 0.0, 31, 
2019-12-04 14:36:10.904,171280896, 1267.0695913628858, 969934, 65.58100598320918, 54124, 0, 0.0, -432, 
2019-12-04 14:36:11.931,203786752, 1267.0695913628858, 971368, 65.58100598320918, 54193, 0, 0.0, -101, 
2019-12-04 14:36:12.958,237341184, 1267.0695913628858, 972746, 65.58100598320918, 54246, 0, 0.0, -596, 
2019-12-04 14:36:13.983,268798464, 1267.0695913628858, 974123, 65.58100598320918, 54319, 0, 0.0, -56, 
2019-12-04 14:36:15.013,298158592, 1273.6363762621993, 975400, 65.21472896823512, 54379, 0, 0.0, -79, 
2019-12-04 14:36:16.036,331713024, 1273.6363762621993, 976806, 65.21472896823512, 54469, 0, 0.0, -86, 
2019-12-04 14:36:17.061,366316032, 1273.6363762621993, 978235, 65.21472896823512, 54540, 0, 0.0, -12, 
2019-12-04 14:36:18.088,398821888, 1273.6363762621993, 979644, 65.21472896823512, 54617, 0, 0.0, 14, 
2019-12-04 14:36:19.117,432376320, 1273.6363762621993, 981035, 65.21472896823512, 54691, 0, 0.0, 121, 
2019-12-04 14:36:20.14,465930752, 1281.6769996651515, 982440, 66.30094726599917, 54787, 0, 0.0, -623, 
2019-12-04 14:36:21.166,497388032, 1281.6769996651515, 983831, 66.30094726599917, 54862, 0, 0.0, 84, 
2019-12-04 14:36:22.191,527796736, 1281.6769996651515, 985178, 66.30094726599917, 54932, 0, 0.0, -3, 
2019-12-04 14:36:23.22,558205440, 1281.6769996651515, 986432, 66.30094726599917, 55000, 0, 0.0, 126, 
2019-12-04 14:36:24.245,590711296, 1281.6769996651515, 987748, 66.30094726599917, 55074, 0, 0.0, 98, 
2019-12-04 14:36:25.269,623217152, 1283.2059903509678, 989092, 66.77260948047869, 55154, 0, 0.0, -5, 
2019-12-04 14:36:26.294,655723008, 1283.2059903509678, 990492, 66.77260948047869, 55220, 0, 0.0, -121, 
2019-12-04 14:36:27.321,690326016, 1283.2059903509678, 992000, 66.77260948047869, 55295, 0, 0.0, -56, 
2019-12-04 14:36:28.345,722831872, 1283.2059903509678, 993412, 66.77260948047869, 55360, 0, 0.0, 49, 
2019-12-04 14:36:29.368,755337728, 1283.2059903509678, 994807, 66.77260948047869, 55419, 0, 0.0, -173, 
2019-12-04 14:36:30.393,146338128, 1290.2895762527914, 996168, 66.88673732501957, 55511, 0, 0.0, -244, 
2019-12-04 14:36:31.419,178843984, 1290.2895762527914, 997443, 66.88673732501957, 55602, 0, 0.0, -83, 
2019-12-04 14:36:32.444,212398416, 1290.2895762527914, 998902, 66.88673732501957, 55672, 0, 0.0, -21, 
2019-12-04 14:36:33.47,242807120, 1290.2895762527914, 1000217, 66.88673732501957, 55728, 0, 0.0, -164, 
2019-12-04 14:36:34.497,273215824, 1290.2895762527914, 1001532, 66.88673732501957, 55801, 0, 0.0, -148, 
2019-12-04 14:36:35.522,305721680, 1292.85698398, 1002880, 67.3595357036482, 55873, 0, 0.0, -3, 
2019-12-04 14:36:36.548,336130384, 1292.85698398, 1004235, 67.3595357036482, 55939, 0, 0.0, -17, 
2019-12-04 14:36:37.611,370733392, 1292.85698398, 1005639, 67.3595357036482, 56010, 0, 0.0, 108, 
2019-12-04 14:36:38.639,404287824, 1292.85698398, 1006991, 67.3595357036482, 56086, 0, 0.0, -72, 
2019-12-04 14:36:39.664,437842256, 1292.85698398, 1008437, 67.3595357036482, 56169, 0, 0.0, 26, 
2019-12-04 14:36:40.692,472445264, 1296.0666423244236, 1009881, 67.76254897700302, 56260, 0, 0.0, -164, 
2019-12-04 14:36:41.722,501805392, 1296.0666423244236, 1011167, 67.76254897700302, 56329, 0, 0.0, 107, 
2019-12-04 14:36:42.746,532214096, 1296.0666423244236, 1012504, 67.76254897700302, 56397, 0, 0.0, 73, 
2019-12-04 14:36:43.773,563671376, 1296.0666423244236, 1013858, 67.76254897700302, 56463, 0, 0.0, -76, 
2019-12-04 14:36:44.797,595128656, 1296.0666423244236, 1015205, 67.76254897700302, 56530, 0, 0.0, -60, 
2019-12-04 14:36:45.821,624488784, 1297.0527631569603, 1016458, 67.92545456621082, 56599, 0, 0.0, -125, 
2019-12-04 14:36:46.846,658043216, 1297.0527631569603, 1017738, 67.92545456621082, 56663, 0, 0.0, -57, 
2019-12-04 14:36:47.869,686354768, 1297.0527631569603, 1018946, 67.92545456621082, 56741, 0, 0.0, -52, 
2019-12-04 14:36:48.895,715714896, 1297.0527631569603, 1020201, 67.92545456621082, 56807, 0, 0.0, -42, 
2019-12-04 14:36:49.919,746123600, 1297.0527631569603, 1021448, 67.92545456621082, 56886, 0, 0.0, -120, 
2019-12-04 14:36:50.943,774435152, 1290.6520976182055, 1022657, 67.94740600708028, 56951, 0, 0.0, -116, 
2019-12-04 14:36:51.965,162069024, 1290.6520976182055, 1023707, 67.94740600708028, 57005, 0, 0.0, 23, 
2019-12-04 14:36:52.988,195623456, 1290.6520976182055, 1024875, 67.94740600708028, 57080, 0, 0.0, -63, 
2019-12-04 14:36:54.013,232323616, 1290.6520976182055, 1026110, 67.94740600708028, 57150, 0, 0.0, -128, 
2019-12-04 14:36:55.038,269023776, 1280.9413240586453, 1027423, 67.72773555153326, 57217, 0, 0.0, 27, 
2019-12-04 14:36:56.065,306772512, 1280.9413240586453, 1028785, 67.72773555153326, 57288, 0, 0.0, 1, 
2019-12-04 14:36:57.09,343472672, 1280.9413240586453, 1030153, 67.72773555153326, 57356, 0, 0.0, -173, 
2019-12-04 14:36:58.113,381221408, 1280.9413240586453, 1031536, 67.72773555153326, 57424, 0, 0.0, 118, 
2019-12-04 14:36:59.137,418970144, 1280.9413240586453, 1032860, 67.72773555153326, 57496, 0, 0.0, -202, 
2019-12-04 14:37:00.165,454621728, 1283.5685587280418, 1034166, 67.65355791244123, 57560, 0, 0.0, -78, 
2019-12-04 14:37:01.194,490273312, 1283.5685587280418, 1035472, 67.65355791244123, 57616, 0, 0.0, -102, 
2019-12-04 14:37:02.218,528022048, 1283.5685587280418, 1036756, 67.65355791244123, 57689, 0, 0.0, -134, 
2019-12-04 14:37:03.241,564722208, 1283.5685587280418, 1038017, 67.65355791244123, 57764, 0, 0.0, 62, 
2019-12-04 14:37:04.267,597228064, 1283.5685587280418, 1039267, 67.65355791244123, 57833, 0, 0.0, 83, 
2019-12-04 14:37:05.291,631831072, 1280.276902516074, 1040473, 67.63328454112661, 57903, 0, 0.0, 178, 
2019-12-04 14:37:06.313,668531232, 1280.276902516074, 1041765, 67.63328454112661, 57968, 0, 0.0, 68, 
2019-12-04 14:37:07.339,704182816, 1280.276902516074, 1043035, 67.63328454112661, 58044, 0, 0.0, -277, 
2019-12-04 14:37:08.361,740882976, 1280.276902516074, 1044301, 67.63328454112661, 58116, 0, 0.0, 27, 
2019-12-04 14:37:09.423,131864832, 1280.276902516074, 1045538, 67.63328454112661, 58181, 0, 0.0, -12, 
2019-12-04 14:37:10.47,171710720, 1275.0736406812907, 1046854, 67.64661437323119, 58247, 0, 0.0, 131, 
2019-12-04 14:37:11.499,208410880, 1275.0736406812907, 1048203, 67.64661437323119, 58317, 0, 0.0, -56, 
2019-12-04 14:37:12.526,246159616, 1275.0736406812907, 1049536, 67.64661437323119, 58373, 0, 0.0, -5, 
2019-12-04 14:37:13.549,280762624, 1275.0736406812907, 1050828, 67.64661437323119, 58445, 0, 0.0, -102, 
2019-12-04 14:37:14.577,315365632, 1275.0736406812907, 1052097, 67.64661437323119, 58513, 0, 0.0, -52, 
2019-12-04 14:37:15.61,354162944, 1275.0197793462885, 1053448, 67.21112713273114, 58573, 0, 0.0, 101, 
2019-12-04 14:37:16.635,394008832, 1275.0197793462885, 1054770, 67.21112713273114, 58632, 0, 0.0, -229, 
2019-12-04 14:37:17.662,430708992, 1275.0197793462885, 1056085, 67.21112713273114, 58691, 0, 0.0, -116, 
2019-12-04 14:37:18.687,469506304, 1275.0197793462885, 1057416, 67.21112713273114, 58732, 0, 0.0, -422, 
2019-12-04 14:37:19.711,505157888, 1275.0197793462885, 1058676, 67.21112713273114, 58800, 0, 0.0, 51, 
2019-12-04 14:37:20.734,540809472, 1275.9137004332295, 1059983, 66.41068160261335, 58877, 0, 0.0, 43, 
2019-12-04 14:37:21.759,577509632, 1275.9137004332295, 1061299, 66.41068160261335, 58945, 0, 0.0, -68, 
2019-12-04 14:37:22.783,616306944, 1275.9137004332295, 1062587, 66.41068160261335, 59013, 0, 0.0, -167, 
2019-12-04 14:37:23.807,653007104, 1275.9137004332295, 1063885, 66.41068160261335, 59082, 0, 0.0, -51, 
2019-12-04 14:37:24.831,688658688, 1275.9137004332295, 1065239, 66.41068160261335, 59148, 0, 0.0, 36, 
2019-12-04 14:37:25.862,725358848, 1276.62420971687, 1066528, 66.42581866589784, 59207, 0, 0.0, -18, 
2019-12-04 14:37:26.889,765204736, 1276.62420971687, 1067866, 66.42581866589784, 59259, 0, 0.0, -139, 
2019-12-04 14:37:27.911,155686376, 1276.62420971687, 1068995, 66.42581866589784, 59310, 0, 0.0, -180, 
2019-12-04 14:37:28.933,196580840, 1276.62420971687, 1070325, 66.42581866589784, 59370, 0, 0.0, -235, 
2019-12-04 14:37:29.956,231183848, 1276.62420971687, 1071599, 66.42581866589784, 59424, 0, 0.0, 34, 
2019-12-04 14:37:30.979,266835432, 1273.7278818243674, 1072877, 65.44829617783023, 59494, 0, 0.0, -71, 
2019-12-04 14:37:32.002,302487016, 1273.7278818243674, 1074154, 65.44829617783023, 59562, 0, 0.0, -114, 
2019-12-04 14:37:33.026,339187176, 1273.7278818243674, 1075390, 65.44829617783023, 59642, 0, 0.0, -124, 
2019-12-04 14:37:34.053,373790184, 1273.7278818243674, 1076666, 65.44829617783023, 59688, 0, 0.0, -423, 
2019-12-04 14:37:35.076,411538920, 1270.1196556165614, 1077906, 65.47641686280892, 59763, 0, 0.0, -44, 
2019-12-04 14:37:36.102,448239080, 1270.1196556165614, 1079270, 65.47641686280892, 59832, 0, 0.0, -166, 
2019-12-04 14:37:37.126,482842088, 1270.1196556165614, 1080534, 65.47641686280892, 59901, 0, 0.0, -56, 
2019-12-04 14:37:38.151,518493672, 1270.1196556165614, 1081806, 65.47641686280892, 59969, 0, 0.0, -123, 
2019-12-04 14:37:39.175,555193832, 1270.1196556165614, 1083106, 65.47641686280892, 60038, 0, 0.0, 23, 
2019-12-04 14:37:40.205,588748264, 1269.2145859255447, 1084345, 65.72616478099701, 60115, 0, 0.0, -24, 
2019-12-04 14:37:41.229,624399848, 1269.2145859255447, 1085596, 65.72616478099701, 60186, 0, 0.0, -244, 
2019-12-04 14:37:42.254,662148584, 1269.2145859255447, 1086827, 65.72616478099701, 60250, 0, 0.0, -299, 
2019-12-04 14:37:43.287,696751592, 1269.2145859255447, 1088057, 65.72616478099701, 60315, 0, 0.0, 184, 
2019-12-04 14:37:44.312,730306024, 1269.2145859255447, 1089254, 65.72616478099701, 60373, 0, 0.0, -18, 
2019-12-04 14:37:45.336,764909032, 1264.3681112258666, 1090503, 65.66810385085682, 60445, 0, 0.0, -32, 
2019-12-04 14:37:46.36,153491968, 1264.3681112258666, 1091661, 65.66810385085682, 60500, 0, 0.0, -35, 
2019-12-04 14:37:47.384,189143552, 1264.3681112258666, 1092930, 65.66810385085682, 60543, 0, 0.0, -513, 
2019-12-04 14:37:48.409,223746560, 1264.3681112258666, 1094179, 65.66810385085682, 60620, 0, 0.0, 87, 
2019-12-04 14:37:49.432,260446720, 1264.3681112258666, 1095478, 65.66810385085682, 60686, 0, 0.0, -1124, 
2019-12-04 14:37:50.458,294001152, 1259.7012547258216, 1096676, 65.34283622611285, 60765, 0, 0.0, -59, 
2019-12-04 14:37:51.48,330701312, 1259.7012547258216, 1098023, 65.34283622611285, 60830, 0, 0.0, 43, 
2019-12-04 14:37:52.504,367401472, 1259.7012547258216, 1099286, 65.34283622611285, 60903, 0, 0.0, -10, 
2019-12-04 14:37:53.529,400955904, 1259.7012547258216, 1100535, 65.34283622611285, 60970, 0, 0.0, -30, 
2019-12-04 14:37:54.556,437656064, 1259.7012547258216, 1101810, 65.34283622611285, 61038, 0, 0.0, -158, 
2019-12-04 14:37:55.582,471210496, 1257.1505712301594, 1103030, 65.31542455496773, 61103, 0, 0.0, -101, 
2019-12-04 14:37:56.604,505813504, 1257.1505712301594, 1104317, 65.31542455496773, 61183, 0, 0.0, -39, 
2019-12-04 14:37:57.628,541465088, 1257.1505712301594, 1105603, 65.31542455496773, 61245, 0, 0.0, 5, 
2019-12-04 14:37:58.653,579213824, 1257.1505712301594, 1106902, 65.31542455496773, 61300, 0, 0.0, -93, 
2019-12-04 14:37:59.676,613816832, 1257.1505712301594, 1108185, 65.31542455496773, 61367, 0, 0.0, 3, 
2019-12-04 14:38:00.697,651565568, 1257.154523336386, 1109477, 65.41813353662808, 61424, 0, 0.0, -238, 
2019-12-04 14:38:01.72,687217152, 1257.154523336386, 1110770, 65.41813353662808, 61498, 0, 0.0, 66, 
2019-12-04 14:38:02.743,722868736, 1257.154523336386, 1111988, 65.41813353662808, 61567, 0, 0.0, -78, 
2019-12-04 14:38:03.765,756423168, 1257.154523336386, 1113203, 65.41813353662808, 61627, 0, 0.0, -8, 
2019-12-04 14:38:04.788,146296992, 1257.154523336386, 1114355, 65.41813353662808, 61690, 0, 0.0, -98, 
2019-12-04 14:38:05.811,181948576, 1253.032451244519, 1115637, 65.19280802005424, 61767, 0, 0.0, 38, 
2019-12-04 14:38:06.836,217600160, 1253.032451244519, 1116829, 65.19280802005424, 61830, 0, 0.0, -150, 
2019-12-04 14:38:07.86,238571680, 1253.032451244519, 1117508, 65.19280802005424, 61862, 0, 0.0, 92, 
2019-12-04 14:38:08.884,254300320, 1253.032451244519, 1118013, 65.19280802005424, 61880, 0, 0.0, -38, 
2019-12-04 14:38:09.914,270028960, 1253.032451244519, 1118488, 65.19280802005424, 61901, 0, 0.0, -6, 
2019-12-04 14:38:10.94,284709024, 1215.2268558230116, 1118936, 63.16251119060559, 61929, 0, 0.0, 46, 
2019-12-04 14:38:11.964,299389088, 1215.2268558230116, 1119412, 63.16251119060559, 61947, 0, 0.0, -68, 
2019-12-04 14:38:12.988,316166304, 1215.2268558230116, 1119946, 63.16251119060559, 61973, 0, 0.0, 9, 
2019-12-04 14:38:14.014,331894944, 1215.2268558230116, 1120423, 63.16251119060559, 62000, 0, 0.0, -18, 
2019-12-04 14:38:15.041,348672160, 1156.489335536663, 1120944, 60.143187503293994, 62030, 0, 0.0, 48, 
2019-12-04 14:38:16.074,363352224, 1156.489335536663, 1121445, 60.143187503293994, 62053, 0, 0.0, 3, 
2019-12-04 14:38:17.099,378032288, 1156.489335536663, 1121912, 60.143187503293994, 62084, 0, 0.0, -61, 
2019-12-04 14:38:18.123,392712352, 1156.489335536663, 1122394, 60.143187503293994, 62110, 0, 0.0, 46, 
2019-12-04 14:38:19.148,407392416, 1156.489335536663, 1122847, 60.143187503293994, 62135, 0, 0.0, 43, 
2019-12-04 14:38:20.174,423121056, 1101.08896311673, 1123338, 57.429240077121484, 62164, 0, 0.0, 18, 
2019-12-04 14:38:21.2,437801120, 1101.08896311673, 1123816, 57.429240077121484, 62193, 0, 0.0, -136, 
2019-12-04 14:38:22.225,453529760, 1101.08896311673, 1124281, 57.429240077121484, 62219, 0, 0.0, -64, 
2019-12-04 14:38:23.247,467161248, 1101.08896311673, 1124737, 57.429240077121484, 62242, 0, 0.0, 36, 
2019-12-04 14:38:24.273,483938464, 1101.08896311673, 1125213, 57.429240077121484, 62268, 0, 0.0, 4, 
2019-12-04 14:38:25.303,497569952, 1049.766355327755, 1125668, 54.788367852406616, 62292, 0, 0.0, 42, 
2019-12-04 14:38:26.327,514347168, 1049.766355327755, 1126148, 54.788367852406616, 62319, 0, 0.0, -7, 
2019-12-04 14:38:27.35,531124384, 1049.766355327755, 1126624, 54.788367852406616, 62342, 0, 0.0, -77, 
2019-12-04 14:38:28.374,547901600, 1049.766355327755, 1127112, 54.788367852406616, 62368, 0, 0.0, -16, 
2019-12-04 14:38:29.398,562581664, 1049.766355327755, 1127599, 54.788367852406616, 62394, 0, 0.0, -9, 
2019-12-04 14:38:30.422,579358880, 1003.458770360523, 1128104, 52.598514868420025, 62433, 0, 0.0, -112, 
2019-12-04 14:38:31.446,595087520, 1003.458770360523, 1128556, 52.598514868420025, 62452, 0, 0.0, 6, 
2019-12-04 14:38:32.471,608719008, 1003.458770360523, 1129050, 52.598514868420025, 62472, 0, 0.0, -3, 
2019-12-04 14:38:33.523,624447648, 1003.458770360523, 1129553, 52.598514868420025, 62499, 0, 0.0, -77, 
2019-12-04 14:38:34.547,640176288, 1003.458770360523, 1130032, 52.598514868420025, 62528, 0, 0.0, -33, 
2019-12-04 14:38:35.595,655904928, 960.4859397637432, 1130507, 50.34388610553177, 62563, 0, 0.0, -31, 
2019-12-04 14:38:36.62,670584992, 960.4859397637432, 1131017, 50.34388610553177, 62580, 0, 0.0, -36, 
2019-12-04 14:38:37.643,687362208, 960.4859397637432, 1131559, 50.34388610553177, 62602, 0, 0.0, 50, 
2019-12-04 14:38:38.674,703090848, 960.4859397637432, 1132045, 50.34388610553177, 62624, 0, 0.0, 10, 
2019-12-04 14:38:39.698,718819488, 960.4859397637432, 1132525, 50.34388610553177, 62657, 0, 0.0, 18, 
2019-12-04 14:38:40.723,733499552, 922.5961120509999, 1133008, 48.253536388099675, 62680, 0, 0.0, -7, 
2019-12-04 14:38:41.748,749228192, 922.5961120509999, 1133488, 48.253536388099675, 62708, 0, 0.0, 36, 
2019-12-04 14:38:42.773,762859680, 922.5961120509999, 1133964, 48.253536388099675, 62739, 0, 0.0, -60, 
2019-12-04 14:38:43.803,138944976, 922.5961120509999, 1134439, 48.253536388099675, 62763, 0, 0.0, -34, 
2019-12-04 14:38:44.828,153625040, 922.5961120509999, 1134910, 48.253536388099675, 62791, 0, 0.0, -23, 
2019-12-04 14:38:45.853,168305104, 885.9767648144682, 1135393, 46.55419744499219, 62821, 0, 0.0, -1, 
2019-12-04 14:38:46.881,184033744, 885.9767648144682, 1135892, 46.55419744499219, 62845, 0, 0.0, -12, 
2019-12-04 14:38:47.905,201859536, 885.9767648144682, 1136391, 46.55419744499219, 62868, 0, 0.0, -48, 
2019-12-04 14:38:48.935,216539600, 885.9767648144682, 1136898, 46.55419744499219, 62890, 0, 0.0, -98, 
2019-12-04 14:38:49.96,232268240, 885.9767648144682, 1137397, 46.55419744499219, 62910, 0, 0.0, -44, 
2019-12-04 14:38:50.99,247996880, 854.0923351515027, 1137873, 44.686898917415476, 62937, 0, 0.0, -3, 
2019-12-04 14:38:52.016,262676944, 854.0923351515027, 1138352, 44.686898917415476, 62962, 0, 0.0, 19, 
2019-12-04 14:38:53.048,277357008, 854.0923351515027, 1138852, 44.686898917415476, 62982, 0, 0.0, -41, 
2019-12-04 14:38:54.074,292037072, 854.0923351515027, 1139330, 44.686898917415476, 63001, 0, 0.0, -17, 
2019-12-04 14:38:55.105,309862864, 823.9257056385948, 1139865, 42.82498128300574, 63024, 0, 0.0, 64, 
2019-12-04 14:38:56.133,323494352, 823.9257056385948, 1140371, 42.82498128300574, 63045, 0, 0.0, -34, 
2019-12-04 14:38:57.157,338174416, 823.9257056385948, 1140823, 42.82498128300574, 63071, 0, 0.0, 59, 
2019-12-04 14:38:58.183,353903056, 823.9257056385948, 1141305, 42.82498128300574, 63103, 0, 0.0, 43, 
2019-12-04 14:38:59.209,368583120, 823.9257056385948, 1141800, 42.82498128300574, 63127, 0, 0.0, -8, 
2019-12-04 14:39:00.236,385360336, 796.1390844129035, 1142299, 41.527703406894744, 63157, 0, 0.0, 11, 
2019-12-04 14:39:01.267,400040400, 796.1390844129035, 1142788, 41.527703406894744, 63180, 0, 0.0, 42, 
2019-12-04 14:39:02.298,415769040, 796.1390844129035, 1143261, 41.527703406894744, 63208, 0, 0.0, 7, 
2019-12-04 14:39:03.324,430449104, 796.1390844129035, 1143701, 41.527703406894744, 63228, 0, 0.0, -15, 
2019-12-04 14:39:04.354,445129168, 796.1390844129035, 1144215, 41.527703406894744, 63245, 0, 0.0, -27, 
2019-12-04 14:39:05.378,460857808, 769.7266295478564, 1144706, 39.99833668419979, 63274, 0, 0.0, -34, 
2019-12-04 14:39:06.403,476586448, 769.7266295478564, 1145230, 39.99833668419979, 63300, 0, 0.0, -29, 
2019-12-04 14:39:07.432,492315088, 769.7266295478564, 1145700, 39.99833668419979, 63335, 0, 0.0, -62, 
2019-12-04 14:39:08.457,506995152, 769.7266295478564, 1146158, 39.99833668419979, 63362, 0, 0.0, -2, 
2019-12-04 14:39:09.482,524820944, 769.7266295478564, 1146639, 39.99833668419979, 63382, 0, 0.0, -83, 
2019-12-04 14:39:10.51,540549584, 746.1775804751052, 1147139, 38.847109246250504, 63406, 0, 0.0, -1, 
2019-12-04 14:39:11.533,555229648, 746.1775804751052, 1147608, 38.847109246250504, 63435, 0, 0.0, 14, 
2019-12-04 14:39:12.559,569909712, 746.1775804751052, 1148070, 38.847109246250504, 63453, 0, 0.0, -73, 
2019-12-04 14:39:13.583,584589776, 746.1775804751052, 1148560, 38.847109246250504, 63481, 0, 0.0, 26, 
2019-12-04 14:39:14.608,600318416, 746.1775804751052, 1149031, 38.847109246250504, 63498, 0, 0.0, -52, 
2019-12-04 14:39:15.633,616047056, 723.7438357863299, 1149526, 37.56405323295935, 63521, 0, 0.0, 10, 
2019-12-04 14:39:16.657,630727120, 723.7438357863299, 1150039, 37.56405323295935, 63545, 0, 0.0, -117, 
2019-12-04 14:39:17.683,647504336, 723.7438357863299, 1150561, 37.56405323295935, 63574, 0, 0.0, 24, 
2019-12-04 14:39:18.709,662184400, 723.7438357863299, 1151026, 37.56405323295935, 63602, 0, 0.0, 30, 
2019-12-04 14:39:19.735,678961616, 723.7438357863299, 1151546, 37.56405323295935, 63623, 0, 0.0, 18, 
2019-12-04 14:39:20.759,692593104, 705.1186750375432, 1152033, 36.54349588501561, 63651, 0, 0.0, -111, 
2019-12-04 14:39:21.788,708321744, 705.1186750375432, 1152499, 36.54349588501561, 63678, 0, 0.0, -112, 
2019-12-04 14:39:22.813,724050384, 705.1186750375432, 1152994, 36.54349588501561, 63706, 0, 0.0, -100, 
2019-12-04 14:39:23.842,739779024, 705.1186750375432, 1153477, 36.54349588501561, 63734, 0, 0.0, 15, 
2019-12-04 14:39:24.864,754459088, 705.1186750375432, 1153962, 36.54349588501561, 63762, 0, 0.0, -51, 
2019-12-04 14:39:25.888,770187728, 686.4795349140799, 1154460, 35.74845785089827, 63786, 0, 0.0, -117, 
2019-12-04 14:39:26.912,146478568, 686.4795349140799, 1154932, 35.74845785089827, 63811, 0, 0.0, 39, 
2019-12-04 14:39:27.937,161158632, 686.4795349140799, 1155419, 35.74845785089827, 63837, 0, 0.0, 19, 
2019-12-04 14:39:28.966,176887272, 686.4795349140799, 1155876, 35.74845785089827, 63865, 0, 0.0, 21, 
2019-12-04 14:39:29.989,192615912, 686.4795349140799, 1156334, 35.74845785089827, 63888, 0, 0.0, 8, 
2019-12-04 14:39:31.015,206247400, 668.4192044767684, 1156775, 34.85707637744938, 63911, 0, 0.0, 27, 
2019-12-04 14:39:32.04,223024616, 668.4192044767684, 1157250, 34.85707637744938, 63939, 0, 0.0, 41, 
2019-12-04 14:39:33.067,236656104, 668.4192044767684, 1157732, 34.85707637744938, 63963, 0, 0.0, -65, 
2019-12-04 14:39:34.092,252384744, 668.4192044767684, 1158239, 34.85707637744938, 63989, 0, 0.0, -53, 
2019-12-04 14:39:35.118,267064808, 652.3306051950065, 1158728, 33.988992480276266, 64010, 0, 0.0, 1, 
2019-12-04 14:39:36.142,283842024, 652.3306051950065, 1159200, 33.988992480276266, 64040, 0, 0.0, -97, 
2019-12-04 14:39:37.172,298522088, 652.3306051950065, 1159705, 33.988992480276266, 64066, 0, 0.0, -23, 
2019-12-04 14:39:38.196,314250728, 652.3306051950065, 1160155, 33.988992480276266, 64088, 0, 0.0, 34, 
2019-12-04 14:39:39.22,328930792, 652.3306051950065, 1160654, 33.988992480276266, 64124, 0, 0.0, -30, 
2019-12-04 14:39:40.245,344659432, 637.7682460427242, 1161151, 33.44617461243866, 64145, 0, 0.0, -12, 
2019-12-04 14:39:41.274,359339496, 637.7682460427242, 1161638, 33.44617461243866, 64171, 0, 0.0, -6, 
2019-12-04 14:39:42.297,374019560, 637.7682460427242, 1162112, 33.44617461243866, 64198, 0, 0.0, 1, 
2019-12-04 14:39:43.321,389748200, 637.7682460427242, 1162603, 33.44617461243866, 64226, 0, 0.0, 36, 
2019-12-04 14:39:44.345,404428264, 637.7682460427242, 1163079, 33.44617461243866, 64250, 0, 0.0, 27, 
2019-12-04 14:39:45.375,419108328, 624.4981577774337, 1163547, 32.67490907471337, 64275, 0, 0.0, -20, 
2019-12-04 14:39:46.401,433788392, 624.4981577774337, 1163990, 32.67490907471337, 64295, 0, 0.0, -12, 
2019-12-04 14:39:47.43,449517032, 624.4981577774337, 1164488, 32.67490907471337, 64318, 0, 0.0, -15, 
2019-12-04 14:39:48.456,464197096, 624.4981577774337, 1164941, 32.67490907471337, 64345, 0, 0.0, 36, 
2019-12-04 14:39:49.481,478877160, 624.4981577774337, 1165411, 32.67490907471337, 64364, 0, 0.0, -13, 
2019-12-04 14:39:50.507,494605800, 611.0417800555325, 1165927, 31.837381587940047, 64388, 0, 0.0, 38, 
2019-12-04 14:39:51.539,510334440, 611.0417800555325, 1166410, 31.837381587940047, 64408, 0, 0.0, -49, 
2019-12-04 14:39:52.562,525014504, 611.0417800555325, 1166874, 31.837381587940047, 64435, 0, 0.0, -20, 
2019-12-04 14:39:53.589,538645992, 611.0417800555325, 1167327, 31.837381587940047, 64463, 0, 0.0, 70, 
2019-12-04 14:39:54.619,551228904, 611.0417800555325, 1167803, 31.837381587940047, 64497, 0, 0.0, -135, 
2019-12-04 14:39:55.644,564860392, 599.3329418084686, 1168299, 31.450605911414968, 64532, 0, 0.0, -18, 
2019-12-04 14:39:56.669,578491880, 599.3329418084686, 1168787, 31.450605911414968, 64554, 0, 0.0, -14, 
2019-12-04 14:39:57.694,591074792, 599.3329418084686, 1169276, 31.450605911414968, 64584, 0, 0.0, -29, 
2019-12-04 14:39:58.718,605754856, 599.3329418084686, 1169775, 31.450605911414968, 64612, 0, 0.0, -45, 
2019-12-04 14:39:59.746,618337768, 599.3329418084686, 1170286, 31.450605911414968, 64632, 0, 0.0, -28, 
2019-12-04 14:40:00.769,631969256, 590.1753934019468, 1170744, 30.99880840806878, 64656, 0, 0.0, 27, 
2019-12-04 14:40:01.795,644552168, 590.1753934019468, 1171216, 30.99880840806878, 64686, 0, 0.0, -61, 
2019-12-04 14:40:02.821,657135080, 590.1753934019468, 1171692, 30.99880840806878, 64715, 0, 0.0, -128, 
2019-12-04 14:40:03.851,669717992, 590.1753934019468, 1172166, 30.99880840806878, 64746, 0, 0.0, 11, 
2019-12-04 14:40:04.877,682300904, 590.1753934019468, 1172660, 30.99880840806878, 64771, 0, 0.0, -10, 
2019-12-04 14:40:05.904,696980968, 579.8790814411551, 1173163, 30.695072458090593, 64791, 0, 0.0, -47, 
2019-12-04 14:40:06.931,709563880, 579.8790814411551, 1173642, 30.695072458090593, 64814, 0, 0.0, 10, 
2019-12-04 14:40:07.956,724243944, 579.8790814411551, 1174136, 30.695072458090593, 64840, 0, 0.0, 14, 
2019-12-04 14:40:08.982,736826856, 579.8790814411551, 1174626, 30.695072458090593, 64870, 0, 0.0, -10, 
2019-12-04 14:40:10.006,751506920, 579.8790814411551, 1175133, 30.695072458090593, 64900, 0, 0.0, 1, 
2019-12-04 14:40:11.064,763041256, 572.1170666572799, 1175586, 30.255710723049674, 64923, 0, 0.0, 141, 
2019-12-04 14:40:12.09,135938416, 572.1170666572799, 1176071, 30.255710723049674, 64947, 0, 0.0, -35, 
2019-12-04 14:40:13.115,148521328, 572.1170666572799, 1176535, 30.255710723049674, 64968, 0, 0.0, -8, 
2019-12-04 14:40:14.141,162152816, 572.1170666572799, 1177025, 30.255710723049674, 64995, 0, 0.0, 17, 
2019-12-04 14:40:15.166,175784304, 562.9927697919126, 1177511, 29.62760277368554, 65014, 0, 0.0, -21, 
2019-12-04 14:40:16.19,188367216, 562.9927697919126, 1178018, 29.62760277368554, 65038, 0, 0.0, -1, 
2019-12-04 14:40:17.22,203047280, 562.9927697919126, 1178495, 29.62760277368554, 65066, 0, 0.0, 25, 
2019-12-04 14:40:18.244,214581616, 562.9927697919126, 1178977, 29.62760277368554, 65093, 0, 0.0, -80, 
2019-12-04 14:40:19.269,229261680, 562.9927697919126, 1179463, 29.62760277368554, 65120, 0, 0.0, -13, 
2019-12-04 14:40:20.296,241844592, 556.5009543553335, 1179948, 29.273591202126678, 65146, 0, 0.0, -16, 
2019-12-04 14:40:21.323,255476080, 556.5009543553335, 1180429, 29.273591202126678, 65163, 0, 0.0, -138, 
2019-12-04 14:40:22.35,269107568, 556.5009543553335, 1180922, 29.273591202126678, 65197, 0, 0.0, -3, 
2019-12-04 14:40:23.373,282739056, 556.5009543553335, 1181413, 29.273591202126678, 65222, 0, 0.0, -4, 
2019-12-04 14:40:24.398,295321968, 556.5009543553335, 1181893, 29.273591202126678, 65251, 0, 0.0, -103, 
2019-12-04 14:40:25.424,308953456, 549.5687287976565, 1182384, 28.979867067148074, 65274, 0, 0.0, 4, 
2019-12-04 14:40:26.451,321536368, 549.5687287976565, 1182854, 28.979867067148074, 65310, 0, 0.0, -147, 
2019-12-04 14:40:27.48,335167856, 549.5687287976565, 1183327, 28.979867067148074, 65339, 0, 0.0, -47, 
2019-12-04 14:40:28.505,348799344, 549.5687287976565, 1183841, 28.979867067148074, 65356, 0, 0.0, -28, 
2019-12-04 14:40:29.53,362430832, 549.5687287976565, 1184330, 28.979867067148074, 65382, 0, 0.0, 10, 
2019-12-04 14:40:30.554,375013744, 543.4466312655513, 1184798, 28.72561893439331, 65405, 0, 0.0, 16, 
2019-12-04 14:40:31.58,387596656, 543.4466312655513, 1185263, 28.72561893439331, 65430, 0, 0.0, 72, 
2019-12-04 14:40:32.609,401228144, 543.4466312655513, 1185767, 28.72561893439331, 65454, 0, 0.0, -59, 
2019-12-04 14:40:33.635,413811056, 543.4466312655513, 1186229, 28.72561893439331, 65470, 0, 0.0, 3, 
2019-12-04 14:40:34.659,429539680, 543.4466312655513, 1186727, 28.72561893439331, 65492, 0, 0.0, 9, 
2019-12-04 14:40:35.683,441074016, 537.462225049691, 1187182, 28.059939198920702, 65512, 0, 0.0, 14, 
2019-12-04 14:40:36.711,455754080, 537.462225049691, 1187677, 28.059939198920702, 65542, 0, 0.0, 40, 
2019-12-04 14:40:37.742,468336992, 537.462225049691, 1188139, 28.059939198920702, 65567, 0, 0.0, -33, 
2019-12-04 14:40:38.767,480919904, 537.462225049691, 1188624, 28.059939198920702, 65591, 0, 0.0, 8, 
2019-12-04 14:40:39.792,494551392, 537.462225049691, 1189097, 28.059939198920702, 65625, 0, 0.0, 14, 
2019-12-04 14:40:40.817,508182880, 531.4605809066175, 1189584, 27.959200022739537, 65656, 0, 0.0, 18, 
2019-12-04 14:40:41.842,521814368, 531.4605809066175, 1190043, 27.959200022739537, 65673, 0, 0.0, -88, 
2019-12-04 14:40:42.885,548028768, 531.4605809066175, 1190533, 27.959200022739537, 65707, 0, 0.0, -122, 
2019-12-04 14:40:43.909,561660256, 531.4605809066175, 1191006, 27.959200022739537, 65743, 0, 0.0, -77, 
2019-12-04 14:40:44.934,574243168, 531.4605809066175, 1191474, 27.959200022739537, 65764, 0, 0.0, -203, 
2019-12-04 14:40:45.958,587874656, 525.9707839683382, 1191972, 27.866515506359697, 65783, 0, 0.0, -124, 
2019-12-04 14:40:46.982,599408992, 525.9707839683382, 1192418, 27.866515506359697, 65815, 0, 0.0, -47, 
2019-12-04 14:40:48.009,614089056, 525.9707839683382, 1192881, 27.866515506359697, 65846, 0, 0.0, 11, 
2019-12-04 14:40:49.033,625623392, 525.9707839683382, 1193351, 27.866515506359697, 65863, 0, 0.0, -10, 
2019-12-04 14:40:50.059,638206304, 520.3602378602303, 1193819, 27.54137487862977, 65885, 0, 0.0, -9, 
2019-12-04 14:40:51.083,650789216, 520.3602378602303, 1194298, 27.54137487862977, 65911, 0, 0.0, -43, 
2019-12-04 14:40:52.108,665469280, 520.3602378602303, 1194770, 27.54137487862977, 65937, 0, 0.0, -120, 
2019-12-04 14:40:53.133,678052192, 520.3602378602303, 1195233, 27.54137487862977, 65962, 0, 0.0, 9, 
2019-12-04 14:40:54.157,690635104, 520.3602378602303, 1195710, 27.54137487862977, 65986, 0, 0.0, -14, 
2019-12-04 14:40:55.183,704266592, 516.1257710407453, 1196208, 27.32218664548846, 66011, 0, 0.0, 31, 
2019-12-04 14:40:56.212,717898056, 516.1257710407453, 1196666, 27.32218664548846, 66028, 0, 0.0, -58, 
2019-12-04 14:40:57.236,731529544, 516.1257710407453, 1197160, 27.32218664548846, 66051, 0, 0.0, -7, 
2019-12-04 14:40:58.266,745161032, 516.1257710407453, 1197649, 27.32218664548846, 66069, 0, 0.0, -6, 
2019-12-04 14:40:59.298,757743944, 516.1257710407453, 1198135, 27.32218664548846, 66089, 0, 0.0, 23, 
2019-12-04 14:41:00.325,771375432, 512.3258201969898, 1198615, 26.62479910653613, 66107, 0, 0.0, -144, 
2019-12-04 14:41:01.351,144412264, 512.3258201969898, 1199109, 26.62479910653613, 66131, 0, 0.0, 19, 
2019-12-04 14:41:02.375,159092328, 512.3258201969898, 1199617, 26.62479910653613, 66158, 0, 0.0, -8, 
2019-12-04 14:41:03.4,170626664, 512.3258201969898, 1200084, 26.62479910653613, 66179, 0, 0.0, -27, 
2019-12-04 14:41:04.425,184258152, 512.3258201969898, 1200575, 26.62479910653613, 66205, 0, 0.0, 49, 
2019-12-04 14:41:05.452,196841064, 509.5013235644402, 1200993, 26.30299393797366, 66219, 0, 0.0, -155, 
2019-12-04 14:41:06.484,197889640, 509.5013235644402, 1200993, 26.30299393797366, 66219, 0, 0.0, 14, 
2019-12-04 14:41:07.511,198938216, 509.5013235644402, 1200993, 26.30299393797366, 66219, 0, 0.0, 14, 
2019-12-04 14:41:08.54,199986792, 509.5013235644402, 1200993, 26.30299393797366, 66219, 0, 0.0, 14, 
