Timestamp, MemoryUsed, ReadLatency1, ReadCount, WriteLatency1, WriteCount, PendingTasks, WaitingOnCommit1, SRDelay, 
2019-12-04 14:24:08.019,90202168, 0.002489669777691822, 465664, 2.1490070030313753, 27546, 0, 0.0, 2855215, 
2019-12-04 14:24:09.087,90695992, 0.002489669777691822, 465664, 2.1490070030313753, 27546, 0, 0.0, 14, 
2019-12-04 14:24:10.149,91535752, 0.0022906067732367894, 465664, 1.9771818901383178, 27546, 0, 0.0, 14, 
2019-12-04 14:24:11.21,92047656, 0.0022906067732367894, 465664, 1.9771818901383178, 27546, 0, 0.0, 14, 
2019-12-04 14:24:12.346,92968256, 0.0022906067732367894, 465664, 1.9771818901383178, 27546, 0, 0.0, 14, 
2019-12-04 14:24:13.393,93508816, 0.0022906067732367894, 465664, 1.9771818901383178, 27546, 0, 0.0, 14, 
2019-12-04 14:24:14.44,94349928, 0.0022906067732367894, 465664, 1.9771818901383178, 27546, 0, 0.0, 14, 
2019-12-04 14:24:15.502,94837072, 0.0021074599678286053, 465664, 1.8190951547280076, 27546, 0, 0.0, 14, 
2019-12-04 14:24:16.545,95713664, 0.0021074599678286053, 465664, 1.8190951547280076, 27546, 0, 0.0, 14, 
2019-12-04 14:24:17.588,96282856, 0.0021074599678286053, 465664, 1.8190951547280076, 27546, 0, 0.0, 14, 
2019-12-04 14:24:18.646,97121304, 0.0021074599678286053, 465664, 1.8190951547280076, 27546, 0, 0.0, 14, 
2019-12-04 14:24:19.688,98292416, 0.001938956772455602, 465664, 1.673648336786768, 27546, 0, 0.0, 14, 
2019-12-04 14:24:20.735,99189672, 0.001938956772455602, 465664, 1.673648336786768, 27546, 0, 0.0, 14, 
2019-12-04 14:24:21.767,99979984, 0.001938956772455602, 465664, 1.673648336786768, 27546, 0, 0.0, 14, 
2019-12-04 14:24:22.805,100840648, 0.001938956772455602, 465664, 1.673648336786768, 27546, 0, 0.0, 14, 
2019-12-04 14:24:23.866,101540384, 0.001938956772455602, 465664, 1.673648336786768, 27546, 0, 0.0, 14, 
2019-12-04 14:24:24.92,102382928, 0.0017839263487054763, 465664, 1.5398308043143225, 27546, 0, 0.0, 14, 
2019-12-04 14:24:25.967,102935528, 0.0017839263487054763, 465664, 1.5398308043143225, 27546, 0, 0.0, 14, 
2019-12-04 14:24:27.029,103799952, 0.0017839263487054763, 465664, 1.5398308043143225, 27546, 0, 0.0, 14, 
2019-12-04 14:24:28.084,104285616, 0.0017839263487054763, 465664, 1.5398308043143225, 27546, 0, 0.0, 14, 
2019-12-04 14:24:29.128,105730024, 0.0017839263487054763, 465664, 1.5398308043143225, 27546, 0, 0.0, 14, 
2019-12-04 14:24:30.167,106214400, 0.0016412914732365559, 465664, 1.4167127309835708, 27546, 0, 0.0, 14, 
2019-12-04 14:24:31.204,107449048, 0.0016412914732365559, 465664, 1.4167127309835708, 27546, 0, 0.0, 14, 
2019-12-04 14:24:32.236,107933648, 0.0016412914732365559, 465664, 1.4167127309835708, 27546, 0, 0.0, 14, 
2019-12-04 14:24:33.276,108854736, 0.0016412914732365559, 465664, 1.4167127309835708, 27546, 0, 0.0, 14, 
2019-12-04 14:24:34.336,109425232, 0.0016412914732365559, 465664, 1.4167127309835708, 27546, 0, 0.0, 14, 
2019-12-04 14:24:35.377,110263712, 0.0015100610527300268, 465664, 1.3034386352756895, 27546, 0, 0.0, 14, 
2019-12-04 14:24:36.425,110761504, 0.0015100610527300268, 465664, 1.3034386352756895, 27546, 0, 0.0, 14, 
2019-12-04 14:24:37.468,111660104, 0.0015100610527300268, 465664, 1.3034386352756895, 27546, 0, 0.0, 14, 
2019-12-04 14:24:38.517,112169368, 0.0015100610527300268, 465664, 1.3034386352756895, 27546, 0, 0.0, 14, 
2019-12-04 14:24:39.63,113528824, 0.0013893232373135373, 465664, 1.1992214361974658, 27546, 0, 0.0, 14, 
2019-12-04 14:24:40.668,114455032, 0.0013893232373135373, 465664, 1.1992214361974658, 27546, 0, 0.0, 14, 
2019-12-04 14:24:41.72,114939384, 0.0013893232373135373, 465664, 1.1992214361974658, 27546, 0, 0.0, 14, 
2019-12-04 14:24:42.764,115971984, 0.0013893232373135373, 465664, 1.1992214361974658, 27546, 0, 0.0, 14, 
2019-12-04 14:24:43.794,119067872, 0.0013893232373135373, 465733, 1.1992214361974658, 27549, 0, 0.0, 5, 
2019-12-04 14:24:44.824,124552120, 2.7037770246134776, 465881, 1.295230389166858, 27563, 0, 0.0, 9, 
2019-12-04 14:24:45.856,130581344, 2.7037770246134776, 466073, 1.295230389166858, 27568, 0, 0.0, -94, 
2019-12-04 14:24:46.884,137403296, 2.7037770246134776, 466356, 1.295230389166858, 27580, 0, 0.0, 9, 
2019-12-04 14:24:47.922,146209184, 2.7037770246134776, 466733, 1.295230389166858, 27606, 0, 0.0, 35, 
2019-12-04 14:24:48.997,156643504, 2.7037770246134776, 467210, 1.295230389166858, 27629, 0, 0.0, 7, 
2019-12-04 14:24:50.026,166247792, 27.753559927032562, 467621, 2.438976616993689, 27640, 0, 0.0, -43, 
2019-12-04 14:24:51.057,177508560, 27.753559927032562, 468121, 2.438976616993689, 27674, 0, 0.0, -32, 
2019-12-04 14:24:52.096,186133816, 27.753559927032562, 468536, 2.438976616993689, 27695, 0, 0.0, 7, 
2019-12-04 14:24:53.126,198067864, 27.753559927032562, 469118, 2.438976616993689, 27723, 0, 0.0, 80, 
2019-12-04 14:24:54.154,212413016, 27.753559927032562, 469665, 2.438976616993689, 27747, 0, 0.0, 0, 
2019-12-04 14:24:55.186,226128968, 64.80869133102291, 470337, 4.178891979846942, 27777, 0, 0.0, -56, 
2019-12-04 14:24:56.215,240020408, 64.80869133102291, 471024, 4.178891979846942, 27816, 0, 0.0, 65, 
2019-12-04 14:24:57.252,255743152, 64.80869133102291, 471830, 4.178891979846942, 27849, 0, 0.0, -134, 
2019-12-04 14:24:58.286,270947680, 64.80869133102291, 472572, 4.178891979846942, 27886, 0, 0.0, -5, 
2019-12-04 14:24:59.313,286149600, 64.80869133102291, 473340, 4.178891979846942, 27931, 0, 0.0, -79, 
2019-12-04 14:25:00.341,301029864, 117.29084264787551, 474075, 6.73915841581595, 27966, 0, 0.0, -90, 
2019-12-04 14:25:01.38,316367456, 117.29084264787551, 474834, 6.73915841581595, 28010, 0, 0.0, 27, 
2019-12-04 14:25:02.414,332170128, 117.29084264787551, 475637, 6.73915841581595, 28052, 0, 0.0, -27, 
2019-12-04 14:25:03.458,348452384, 117.29084264787551, 476446, 6.73915841581595, 28081, 0, 0.0, -209, 
2019-12-04 14:25:04.534,82412528, 168.64704731291073, 477273, 9.270619538007649, 28130, 0, 0.0, 19, 
2019-12-04 14:25:05.581,93306496, 168.64704731291073, 477783, 9.270619538007649, 28149, 0, 0.0, -44, 
2019-12-04 14:25:06.621,105052528, 168.64704731291073, 478317, 9.270619538007649, 28170, 0, 0.0, -326, 
2019-12-04 14:25:07.662,116989352, 168.64704731291073, 478841, 9.270619538007649, 28199, 0, 0.0, 36, 
2019-12-04 14:25:08.69,130747168, 168.64704731291073, 479467, 9.270619538007649, 28231, 0, 0.0, 30, 
2019-12-04 14:25:09.717,145500640, 198.56266566317404, 480114, 10.608226945735009, 28267, 0, 0.0, 18, 
2019-12-04 14:25:10.786,159802328, 198.56266566317404, 480859, 10.608226945735009, 28315, 0, 0.0, -12, 
2019-12-04 14:25:11.816,178496800, 198.56266566317404, 481727, 10.608226945735009, 28365, 0, 0.0, -59, 
2019-12-04 14:25:12.845,195838768, 198.56266566317404, 482607, 10.608226945735009, 28412, 0, 0.0, -47, 
2019-12-04 14:25:13.87,212624656, 198.56266566317404, 483471, 10.608226945735009, 28441, 0, 0.0, -290, 
2019-12-04 14:25:14.901,228257520, 246.82684208166984, 484222, 13.070201184889797, 28476, 0, 0.0, -105, 
2019-12-04 14:25:15.927,246626248, 246.82684208166984, 485127, 13.070201184889797, 28523, 0, 0.0, -196, 
2019-12-04 14:25:16.957,264240328, 246.82684208166984, 486100, 13.070201184889797, 28573, 0, 0.0, -52, 
2019-12-04 14:25:17.983,283053024, 246.82684208166984, 487005, 13.070201184889797, 28628, 0, 0.0, -114, 
2019-12-04 14:25:19.012,301653792, 246.82684208166984, 487975, 13.070201184889797, 28678, 0, 0.0, -12, 
2019-12-04 14:25:20.069,319342744, 297.80437713966086, 488882, 15.703122525290551, 28725, 0, 0.0, 115, 
2019-12-04 14:25:21.094,339958624, 297.80437713966086, 489871, 15.703122525290551, 28787, 0, 0.0, -31, 
2019-12-04 14:25:22.12,359607544, 297.80437713966086, 490883, 15.703122525290551, 28846, 0, 0.0, -83, 
2019-12-04 14:25:23.146,95735704, 297.80437713966086, 491839, 15.703122525290551, 28883, 0, 0.0, -80, 
2019-12-04 14:25:24.171,113264208, 297.80437713966086, 492738, 15.703122525290551, 28933, 0, 0.0, -23, 
2019-12-04 14:25:25.196,132935416, 348.27199264886815, 493705, 18.47733167431559, 28982, 0, 0.0, -172, 
2019-12-04 14:25:26.221,150859456, 348.27199264886815, 494649, 18.47733167431559, 29029, 0, 0.0, 151, 
2019-12-04 14:25:27.248,168848120, 348.27199264886815, 495623, 18.47733167431559, 29073, 0, 0.0, -331, 
2019-12-04 14:25:28.28,187290368, 348.27199264886815, 496554, 18.477331674315