Timestamp, MemoryUsed, ReadLatency1, ReadCount, WriteLatency1, WriteCount, PendingTasks, WaitingOnCommit1, SRDelay, 
2019-12-04 14:32:07.653,292232536, 25.89238313785412, 745339, 3.0176400656969835, 42315, 0, 0.0, 6468852, 
2019-12-04 14:32:08.743,293229392, 25.89238313785412, 745339, 3.0176400656969835, 42315, 0, 0.0, 14, 
2019-12-04 14:32:09.789,294181696, 23.822142487425157, 745339, 2.7763628878061737, 42315, 0, 0.0, 14, 
2019-12-04 14:32:10.835,294928200, 23.822142487425157, 745339, 2.7763628878061737, 42315, 0, 0.0, 14, 
2019-12-04 14:32:11.874,295646728, 23.822142487425157, 745339, 2.7763628878061737, 42315, 0, 0.0, 14, 
2019-12-04 14:32:12.914,296348192, 23.822142487425157, 745339, 2.7763628878061737, 42315, 0, 0.0, 14, 
2019-12-04 14:32:13.964,297285864, 23.822142487425157, 745339, 2.7763628878061737, 42315, 0, 0.0, 14, 
2019-12-04 14:32:15.012,298356696, 21.91742914005941, 745339, 2.554377167910209, 42315, 0, 0.0, 14, 
2019-12-04 14:32:16.057,299143272, 21.91742914005941, 745339, 2.554377167910209, 42315, 0, 0.0, 14, 
2019-12-04 14:32:17.099,299844800, 21.91742914005941, 745339, 2.554377167910209, 42315, 0, 0.0, 14, 
2019-12-04 14:32:18.134,300547320, 21.91742914005941, 745339, 2.554377167910209, 42315, 0, 0.0, 14, 
2019-12-04 14:32:19.188,301466952, 21.91742914005941, 745339, 2.554377167910209, 42315, 0, 0.0, 14, 
2019-12-04 14:32:20.223,302167224, 20.165008263345634, 745339, 2.350140446192457, 42315, 0, 0.0, 14, 
2019-12-04 14:32:21.267,302888584, 20.165008263345634, 745339, 2.350140446192457, 42315, 0, 0.0, 14, 
2019-12-04 14:32:22.307,303896464, 20.165008263345634, 745339, 2.350140446192457, 42315, 0, 0.0, 14, 
2019-12-04 14:32:23.354,304605664, 20.165008263345634, 745339, 2.350140446192457, 42315, 0, 0.0, 14, 
2019-12-04 14:32:24.417,305543232, 18.5527032236453, 745339, 2.1622335911138353, 42315, 0, 0.0, 14, 
2019-12-04 14:32:25.458,306243896, 18.5527032236453, 745339, 2.1622335911138353, 42315, 0, 0.0, 14, 
2019-12-04 14:32:26.495,306965272, 18.5527032236453, 745339, 2.1622335911138353, 42315, 0, 0.0, 14, 
2019-12-04 14:32:27.549,307946928, 18.5527032236453, 745339, 2.1622335911138353, 42315, 0, 0.0, 14, 
2019-12-04 14:32:28.628,308651104, 18.5527032236453, 745339, 2.1622335911138353, 42315, 0, 0.0, 14, 
2019-12-04 14:32:29.662,309582392, 17.069310977190298, 745339, 1.9893509386281885, 42315, 0, 0.0, 14, 
2019-12-04 14:32:30.693,310781264, 17.069310977190298, 745339, 1.9893509386281885, 42315, 0, 0.0, 14, 
2019-12-04 14:32:31.725,311480968, 17.069310977190298, 745339, 1.9893509386281885, 42315, 0, 0.0, 14, 
2019-12-04 14:32:32.761,312598592, 17.069310977190298, 745339, 1.9893509386281885, 42315, 0, 0.0, 14, 
2019-12-04 14:32:33.798,313590504, 17.069310977190298, 745339, 1.9893509386281885, 42315, 0, 0.0, 14, 
2019-12-04 14:32:34.847,314521368, 15.704524226134932, 745339, 1.8302912198224663, 42315, 0, 0.0, 14, 
2019-12-04 14:32:35.888,315229320, 15.704524226134932, 745339, 1.8302912198224663, 42315, 0, 0.0, 14, 
2019-12-04 14:32:36.929,315945424, 15.704524226134932, 745339, 1.8302912198224663, 42315, 0, 0.0, 14, 
2019-12-04 14:32:37.975,316685128, 15.704524226134932, 745339, 1.8302912198224663, 42315, 0, 0.0, 14, 
2019-12-04 14:32:39.096,317871928, 15.704524226134932, 745339, 1.8302912198224663, 42315, 0, 0.0, 14, 
2019-12-04 14:32:40.136,318581960, 14.448859798666339, 745339, 1.6839492139427512, 42315, 0, 0.0, 14, 
2019-12-04 14:32:41.173,319295248, 14.448859798666339, 745339, 1.6839492139427512, 42315, 0, 0.0, 14, 
2019-12-04 14:32:42.211,319989672, 14.448859798666339, 745339, 1.6839492139427512, 42315, 0, 0.0, 14, 
2019-12-04 14:32:43.245,320820744, 14.448859798666339, 745340, 1.6839492139427512, 42315, 0, 0.0, 14, 
2019-12-04 14:32:44.282,321774424, 14.448859798666339, 745340, 1.6839492139427512, 42315, 0, 0.0, 14, 
2019-12-04 14:32:45.315,322750368, 13.30958387259927, 745340, 1.5493080688074676, 42315, 0, 0.0, 14, 
2019-12-04 14:32:46.365,329604288, 13.30958387259927, 745517, 1.5493080688074676, 42323, 0, 0.0, 12, 
2019-12-04 14:32:47.405,335549808, 13.30958387259927, 745784, 1.5493080688074676, 42335, 0, 0.0, -2, 
2019-12-04 14:32:48.439,346926144, 13.30958387259927, 746227, 1.5493080688074676, 42354, 0, 0.0, 34, 
2019-12-04 14:32:49.472,360652872, 36.24807503130262, 746897, 2.592783781658334, 42390, 0, 0.0, -14, 
2019-12-04 14:32:50.499,93338368, 36.24807503130262, 747556, 2.592783781658334, 42430, 0, 0.0, 4, 
2019-12-04 14:32:51.531,107701992, 36.24807503130262, 748242, 2.592783781658334, 42459, 0, 0.0, -30, 
2019-12-04 14:32:52.569,119969312, 36.24807503130262, 748797, 2.592783781658334, 42481, 0, 0.0, 25, 
2019-12-04 14:32:53.608,130713912, 36.24807503130262, 749285, 2.592783781658334, 42506, 0, 0.0, 28, 
2019-12-04 14:32:54.636,143661704, 78.39681577145386, 749788, 4.576259275812786, 42533, 0, 0.0, -32, 
2019-12-04 14:32:55.664,153459264, 78.39681577145386, 750180, 4.576259275812786, 42552, 0, 0.0, 27, 
2019-12-04 14:32:56.69,164479944, 78.39681577145386, 750656, 4.576259275812786, 42588, 0, 0.0, -71, 
2019-12-04 14:32:57.73,175197456, 78.39681577145386, 751127, 4.576259275812786, 42622, 0, 0.0, 8, 
2019-12-04 14:32:58.765,183863456, 78.39681577145386, 751430, 4.576259275812786, 42643, 0, 0.0, -2, 
2019-12-04 14:32:59.8,192046320, 102.49568379903319, 751733, 6.193260303799969, 42658, 0, 0.0, -38, 
2019-12-04 14:33:00.825,204126456, 102.49568379903319, 752309, 6.193260303799969, 42686, 0, 0.0, -40, 
2019-12-04 14:33:01.858,220236800, 102.49568379903319, 753074, 6.193260303799969, 42720, 0, 0.0, -42, 
2019-12-04 14:33:02.882,235492320, 102.49568379903319, 753836, 6.193260303799969, 42756, 0, 0.0, -54, 
2019-12-04 14:33:03.91,251783616, 102.49568379903319, 754597, 6.193260303799969, 42794, 0, 0.0, -89, 
2019-12-04 14:33:05.024,267161368, 148.15866370860155, 755386, 8.240662165644185, 42829, 0, 0.0, -22, 
2019-12-04 14:33:06.071,282449576, 148.15866370860155, 756157, 8.240662165644185, 42870, 0, 0.0, -53, 
2019-12-04 14:33:07.104,298173800, 148.15866370860155, 756916, 8.240662165644185, 42906, 0, 0.0, -96, 
2019-12-04 14:33:08.138,314241832, 148.15866370860155, 757719, 8.240662165644185, 42939, 0, 0.0, -52, 
2019-12-04 14:33:09.167,330651464, 148.15866370860155, 758489, 8.240662165644185, 42982, 0, 0.0, 20, 
2019-12-04 14:33:10.193,346989360, 196.07135553008686, 759315, 10.58810520828556, 43042, 0, 0.0, -309, 
2019-12-04 14:33:11.217,363186896, 196.07135553008686, 760120, 10.58810520828556, 43079, 0, 0.0, -171, 
2019-12-04 14:33:12.248,99856760, 196.07135553008686, 761061, 10.58810520828556, 43118, 0, 0.0, -138, 
2019-12-04 14:33:13.279,117200176, 196.07135553008686, 761963, 10.58810520828556, 43162, 0, 0.0, -9, 
2019-12-04 14:33:14.311,135443120, 196.07135553008686, 762865, 10.58810520828556, 43221, 0, 0.0, -82, 
2019-12-04 14:33:15.343,153890352, 248.3566030893319, 763827, 13.355519517145364, 43279, 0, 0.0, 26, 
2019-12-04 14:33:16.367,173564648, 248.3566030893319, 764839, 13.355519517145364, 43341, 0, 0.0, -149, 
2019-12-04 14:33:17.391,191154864, 248.3566030893319, 765680, 13.355519517145364, 43383, 0, 0.0, -19, 
2019-12-04 14:33:18.429,207441672, 248.3566030893319, 766586, 13.355519517145364, 43433, 0, 0.0, -117, 
2019-12-04 14:33:19.46,225346024, 300.12331888370375, 767464, 16.381397107201156, 43480, 0, 0.0, -204, 
2019-12-04 14:33:20.483,244127600, 300.12331888370375, 768382, 16.381397107201156, 43530, 0, 0.0, 51, 
2019-12-04 14:33:21.508,262934480, 300.12331888370375, 769402, 16.381397107201156, 43579, 0, 0.0, 26, 
2019-12-04 14:33:22.534,284505776, 300.12331888370375, 770435, 16.381397107201156, 43641, 0, 0.0, -46, 
2019-12-04 14:33:23.558,303552040, 300.12331888370375, 771415, 16.381397107201156, 43696, 0, 0.0, -105, 
2019-12-04 14:33:24.583,323447896, 353.69969216559747, 772440, 19.389214522321918, 43758, 0, 0.0, -351, 
2019-12-04 14:33:25.613,342770568, 353.69969216559747, 773508, 19.389214522321918, 43814, 0, 0.0, 52, 
2019-12-04 14:33:26.638,363668568, 353.69969216559747, 774600, 19.389214522321918, 43874, 0, 0.0, -282, 
2019-12-04 14:33:27.663,103109728, 353.69969216559747, 775723, 19.389214522321918, 43934, 0, 0.0, 70, 
2019-12-04 14:33:28.69,123958928, 353.69969216559747, 776856, 19.389214522321918, 43994, 0, 0.0, -59, 
2019-12-04 14:33:29.717,146569456, 412.155245243179, 778026, 22.66825588170092, 44072, 0, 0.0, -119, 
2019-12-04 14:33:30.747,168714704, 412.155245243179, 779221, 22.66825588170092, 44130, 0, 0.0, -58, 
2019-12-04 14:33:31.772,187792536, 412.155245243179, 780194, 22.66825588170092, 44184, 0, 0.0, -73, 
2019-12-04 14:33:32.797,209240320, 412.155245243179, 781282, 22.66825588170092, 44242, 0, 0.0, 92, 
2019-12-04 14:33:33.823,228484712, 412.155245243179, 782270, 22.66825588170092, 44295, 0, 0.0, -50, 
2019-12-04 14:33:34.846,248087208, 462.59480688778166, 783325, 25.54119951606889, 44372, 0, 0.0, -231, 
2019-12-04 14:33:35.869,269428680, 462.59480688778166, 784431, 25.54119951606889, 44421, 0, 0.0, -88, 
2019-12-04 14:33:36.891,290452696, 462.59480688778166, 785513, 25.54119951606889, 44481, 0, 0.0, -231, 
2019-12-04 14:33:37.914,310325896, 462.59480688778166, 786579, 25.54119951606889, 44536, 0, 0.0, -288, 
2019-12-04 14:33:38.939,332582040, 462.59480688778166, 787784, 25.54119951606889, 44609, 0, 0.0, -36, 
2019-12-04 14:33:39.965,354163320, 511.639978172482, 788893, 28.12047079211747, 44672, 0, 0.0, -62, 
2019-12-04 14:33:41.001,93528424, 511.639978172482, 789977, 28.12047079211747, 44728, 0, 0.0, 124, 
2019-12-04 14:33:42.024,115190104, 511.639978172482, 791099, 28.12047079211747, 44802, 0, 0.0, -226, 
2019-12-04 14:33:43.05,136305048, 511.639978172482, 792160, 28.12047079211747, 44882, 0, 0.0, -413, 
2019-12-04 14:33:44.075,156918096, 511.639978172482, 793299, 28.12047079211747, 44946, 0, 0.0, 64, 
2019-12-04 14:33:45.107,179294488, 557.5152965799934, 794481, 31.05320402105455, 44993, 0, 0.0, -39, 
2019-12-04 14:33:46.13,200263544, 557.5152965799934, 795604, 31.05320402105455, 45059, 0, 0.0, -67, 
2019-12-04 14:33:47.157,222579112, 557.5152965799934, 796845, 31.05320402105455, 45137, 0, 0.0, -158, 
2019-12-04 14:33:48.184,247639808, 557.5152965799934, 798145, 31.05320402105455, 45199, 0, 0.0, -208, 
2019-12-04 14:33:49.207,271837688, 557.5152965799934, 799407, 31.05320402105455, 45274, 0, 0.0, 146, 
2019-12-04 14:33:50.237,296794624, 608.2299013336061, 800775, 33.847395550380746, 45343, 0, 0.0, 10, 
2019-12-04 14:33:51.264,319645928, 608.2299013336061, 802068, 33.847395550380746, 45409, 0, 0.0, 29, 
2019-12-04 14:33:52.288,344181616, 608.2299013336061, 803357, 33.847395550380746, 45491, 0, 0.0, -227, 
2019-12-04 14:33:53.313,367004008, 608.2299013336061, 804523, 33.847395550380746, 45571, 0, 0.0, -469, 
2019-12-04 14:33:54.336,106912024, 608.2299013336061, 805777, 33.847395550380746, 45635, 0, 0.0, 188, 
2019-12-04 14:33:55.361,128256472, 658.4556092848334, 806987, 36.73799820182458, 45702, 0, 0.0, -154, 
2019-12-04 14:33:56.383,152571920, 658.4556092848334, 808228, 36.73799820182458, 45761, 0, 0.0, -206, 
2019-12-04 14:33:57.407,177157320, 658.4556092848334, 809555, 36.73799820182458, 45815, 0, 0.0, -335, 
2019-12-04 14:33:58.437,200733752, 658.4556092848334, 810857, 36.73799820182458, 45882, 0, 0.0, -176, 
2019-12-04 14:33:59.461,225239400, 706.6483898733565, 812244, 38.869774162751725, 45963, 0, 0.0, -178, 
2019-12-04 14:34:00.495,249825112, 706.6483898733565, 813587, 38.869774162751725, 46035, 0, 0.0, -7, 
2019-12-04 14:34:01.523,275551032, 706.6483898733565, 814982, 38.869774162751725, 46109, 0, 0.0, 20, 
2019-12-04 14:34:02.597,301345144, 706.6483898733565, 816429, 38.869774162751725, 46183, 0, 0.0, 53, 
2019-12-04 14:34:03.624,326464824, 706.6483898733565, 817754, 38.869774162751725, 46245, 0, 0.0, 46, 
2019-12-04 14:34:04.647,352804224, 756.488832752786, 819143, 41.326827358142005, 46316, 0, 0.0, -108, 
2019-12-04 14:34:05.672,93045672, 756.488832752786, 820486, 41.326827358142005, 46399, 0, 0.0, -42, 
2019-12-04 14:34:06.706,118939200, 756.488832752786, 821906, 41.326827358142005, 46483, 0, 0.0, -69, 
2019-12-04 14:34:07.732,141506256, 756.488832752786, 823104, 41.326827358142005, 46551, 0, 0.0, -154, 
2019-12-04 14:34:08.761,166240304, 756.488832752786, 824479, 41.326827358142005, 46606, 0, 0.0, -330, 
2019-12-04 14:34:09.785,191587536, 799.9935596367592, 825845, 43.49147872456315, 46669, 0, 0.0, 36, 
2019-12-04 14:34:10.816,217027280, 799.9935596367592, 827285, 43.49147872456315, 46746, 0, 0.0, -127, 
2019-12-04 14:34:11.841,243487144, 799.9935596367592, 828702, 43.49147872456315, 46814, 0, 0.0, -56, 
2019-12-04 14:34:12.875,270137864, 799.9935596367592, 830086, 43.49147872456315, 46886, 0, 0.0, -142, 
2019-12-04 14:34:13.899,292344120, 799.9935596367592, 831333, 43.49147872456315, 46953, 0, 0.0, -277, 
2019-12-04 14:34:14.925,315566920, 842.7223394018617, 832628, 45.451071889710384, 47022, 0, 0.0, 86, 
2019-12-04 14:34:15.948,341823352, 842.7223394018617, 834048, 45.451071889710384, 47091, 0, 0.0, -19, 
2019-12-04 14:34:16.974,365980752, 842.7223394018617, 835396, 45.451071889710384, 47152, 0, 0.0, 73, 
2019-12-04 14:34:18.002,107110952, 842.7223394018617, 836740, 45.451071889710384, 47220, 0, 0.0, -65, 
2019-12-04 14:34:19.025,131124704, 842.7223394018617, 838036, 45.451071889710384, 47296, 0, 0.0, 34, 
2019-12-04 14:34:20.06,156227352, 879.6200558904765, 839345, 47.23799351917577, 47375, 0, 0.0, 24, 
2019-12-04 14:34:21.083,182253992, 879.6200558904765, 840745, 47.23799351917577, 47444, 0, 0.0, 97, 
2019-12-04 14:34:22.133,206697136, 879.6200558904765, 842129, 47.23799351917577, 47512, 0, 0.0, 61, 
2019-12-04 14:34:23.157,230486792, 879.6200558904765, 843464, 47.23799351917577, 47586, 0, 0.0, -110, 
2019-12-04 14:34:24.18,255789840, 879.6200558904765, 844800, 47.23799351917577, 47655, 0, 0.0, 150, 
2019-12-04 14:34:25.206,280110928, 914.5110697657766, 846130, 48.993978603264665, 47716, 0, 0.0, 135, 
2019-12-04 14:34:26.238,303576600, 914.5110697657766, 847434, 48.993978603264665, 47799, 0, 0.0, -269, 
2019-12-04 14:34:27.263,329147488, 914.5110697657766, 848798, 48.993978603264665, 47877, 0, 0.0, -7, 
2019-12-04 14:34:28.291,352739752, 914.5110697657766, 850083, 48.993978603264665, 47944, 0, 0.0, 16, 
2019-12-04 14:34:29.317,93026976, 914.5110697657766, 851329, 48.993978603264665, 48006, 0, 0.0, 80, 
2019-12-04 14:34:30.351,117515400, 942.6625462851893, 852623, 50.57758063790478, 48079, 0, 0.0, -171, 
2019-12-04 14:34:31.38,140929160, 942.6625462851893, 853913, 50.57758063790478, 48151, 0, 0.0, -187, 
2019-12-04 14:34:32.405,171539176, 942.6625462851893, 855381, 50.57758063790478, 48229, 0, 0.0, 85, 
2019-12-04 14:34:33.433,196612952, 942.6625462851893, 856784, 50.57758063790478, 48284, 0, 0.0, -196, 
2019-12-04 14:34:34.458,218300232, 970.9458314644896, 857990, 51.69875138631422, 48340, 0, 0.0, 65, 
2019-12-04 14:34:35.487,243424544, 970.9458314644896, 859291, 51.69875138631422, 48412, 0, 0.0, -94, 
2019-12-04 14:34:36.528,267076224, 970.9458314644896, 860566, 51.69875138631422, 48475, 0, 0.0, -371, 
2019-12-04 14:34:37.553,291730504, 970.9458314644896, 861949, 51.69875138631422, 48554, 0, 0.0, -21, 
2019-12-04 14:34:38.602,317679928, 970.9458314644896, 863334, 51.69875138631422, 48638, 0, 0.0, 74, 
2019-12-04 14:34:39.626,344266984, 997.8632125772248, 864773, 53.17802954930988, 48704, 0, 0.0, -246, 
2019-12-04 14:34:40.654,369196304, 997.8632125772248, 866148, 53.17802954930988, 48771, 0, 0.0, -138, 
2019-12-04 14:34:41.685,111966792, 997.8632125772248, 867601, 53.17802954930988, 48833, 0, 0.0, -260, 
2019-12-04 14:34:42.71,137669000, 997.8632125772248, 868959, 53.17802954930988, 48891, 0, 0.0, 131, 
2019-12-04 14:34:43.735,161630952, 997.8632125772248, 870333, 53.17802954930988, 48955, 0, 0.0, -380, 
2019-12-04 14:34:44.759,187287744, 1026.5462224096088, 871670, 54.219208819374465, 49049, 0, 0.0, -500, 
2019-12-04 14:34:45.782,210654680, 1026.5462224096088, 873007, 54.219208819374465, 49108, 0, 0.0, -54, 
2019-12-04 14:34:46.806,234477408, 1026.5462224096088, 874274, 54.219208819374465, 49176, 0, 0.0, 1, 
2019-12-04 14:34:47.835,258017632, 1026.5462224096088, 875586, 54.219208819374465, 49255, 0, 0.0, 103, 
2019-12-04 14:34:48.862,282787400, 1026.5462224096088, 876849, 54.219208819374465, 49325, 0, 0.0, -3, 
2019-12-04 14:34:49.887,304232880, 1043.5650707952084, 878004, 55.22511334264763, 49375, 0, 0.0, -237, 
2019-12-04 14:34:50.914,330233160, 1043.5650707952084, 879337, 55.22511334264763, 49437, 0, 0.0, 113, 
2019-12-04 14:34:51.941,353448584, 1043.5650707952084, 880562, 55.22511334264763, 49503, 0, 0.0, -99, 
2019-12-04 14:34:52.976,94539016, 1043.5650707952084, 881754, 55.22511334264763, 49576, 0, 0.0, 48, 
2019-12-04 14:34:54.006,119866792, 1043.5650707952084, 883174, 55.22511334264763, 49654, 0, 0.0, 30, 
2019-12-04 14:34:55.029,147083136, 1061.174083478847, 884649, 55.974687893119984, 49726, 0, 0.0, 63, 
2019-12-04 14:34:56.055,172937464, 1061.174083478847, 886050, 55.974687893119984, 49802, 0, 0.0, -379, 
2019-12-04 14:34:57.078,195435008, 1061.174083478847, 887318, 55.974687893119984, 49872, 0, 0.0, -111, 
2019-12-04 14:34:58.101,220696704, 1061.174083478847, 888682, 55.974687893119984, 49950, 0, 0.0, -54, 
2019-12-04 14:34:59.127,246081856, 1061.174083478847, 890086, 55.974687893119984, 50016, 0, 0.0, -405, 
2019-12-04 14:35:00.151,272849688, 1083.8515596605905, 891563, 57.256001103373364, 50083, 0, 0.0, -166, 
2019-12-04 14:35:01.176,297817152, 1083.8515596605905, 892948, 57.256001103373364, 50152, 0, 0.0, -108, 
2019-12-04 14:35:02.202,325528576, 1083.8515596605905, 894434, 57.256001103373364, 50230, 0, 0.0, -264, 
2019-12-04 14:35:03.231,350439336, 1083.8515596605905, 895880, 57.256001103373364, 50306, 0, 0.0, 118, 
2019-12-04 14:35:04.253,91313504, 1083.8515596605905, 897262, 57.256001103373364, 50381, 0, 0.0, 58, 
2019-12-04 14:35:05.298,117100144, 1109.2733133256218, 898714, 58.40288393170949, 50467, 0, 0.0, -188, 
2019-12-04 14:35:06.321,143303488, 1109.2733133256218, 900114, 58.40288393170949, 50552, 0, 0.0, -224, 
2019-12-04 14:35:07.345,168303096, 1109.2733133256218, 901474, 58.40288393170949, 50617, 0, 0.0, -375, 
2019-12-04 14:35:08.369,191700552, 1109.2733133256218, 902804, 58.40288393170949, 50691, 0, 0.0, -221, 
2019-12-04 14:35:09.394,217251784, 1128.0570140778652, 904185, 59.42608483800615, 50748, 0, 0.0, -113, 
2019-12-04 14:35:10.419,242895344, 1128.0570140778652, 905558, 59.42608483800615, 50815, 0, 0.0, -40, 
2019-12-04 14:35:11.444,269191328, 1128.0570140778652, 906970, 59.42608483800615, 50877, 0, 0.0, 27, 
2019-12-04 14:35:12.471,294041104, 1128.0570140778652, 908337, 59.42608483800615, 50936, 0, 0.0, -293, 
2019-12-04 14:35:13.495,320989344, 1128.0570140778652, 909832, 59.42608483800615, 51002, 0, 0.0, 47, 
2019-12-04 14:35:14.519,345387736, 1147.3857160265247, 911198, 59.663865965626094, 51073, 0, 0.0, -41, 
2019-12-04 14:35:15.542,368437720, 1147.3857160265247, 912440, 59.663865965626094, 51137, 0, 0.0, 78, 
2019-12-04 14:35:16.573,108261104, 1147.3857160265247, 913772, 59.663865965626094, 51201, 0, 0.0, -335, 
2019-12-04 14:35:17.595,132443712, 1147.3857160265247, 915103, 59.663865965626094, 51269, 0, 0.0, 18, 
2019-12-04 14:35:18.619,155246112, 1147.3857160265247, 916388, 59.663865965626094, 51337, 0, 0.0, -124, 
2019-12-04 14:35:19.643,181950280, 1157.9409953789145, 917764, 60.0265552176643, 51397, 0, 0.0, 192, 
2019-12-04 14:35:20.67,209904320, 1157.9409953789145, 919244, 60.0265552176643, 51469, 0, 0.0, 67, 
2019-12-04 14:35:21.693,233640584, 1157.9409953789145, 920631, 60.0265552176643, 51542, 0, 0.0, 44, 
2019-12-04 14:35:22.732,260152480, 1157.9409953789145, 922055, 60.0265552176643, 51619, 0, 0.0, 23, 
2019-12-04 14:35:23.755,286223776, 1157.9409953789145, 923499, 60.0265552176643, 51686, 0, 0.0, -30, 
2019-12-04 14:35:24.778,311626512, 1176.5913556363748, 924950, 60.80799671632394, 51762, 0, 0.0, -207, 
2019-12-04 14:35:25.805,336910976, 1176.5913556363748, 926287, 60.80799671632394, 51840, 0, 0.0, -130, 
2019-12-04 14:35:26.829,360561264, 1176.5913556363748, 927579, 60.80799671632394, 51900, 0, 0.0, -102, 
2019-12-04 14:35:27.854,103635144, 1176.5913556363748, 928904, 60.80799671632394, 51970, 0, 0.0, 94, 
2019-12-04 14:35:28.885,129288456, 1176.5913556363748, 930323, 60.80799671632394, 52037, 0, 0.0, -257, 
2019-12-04 14:35:29.909,155873576, 1189.8966562072092, 931843, 61.55893983667358, 52122, 0, 0.0, -98, 
2019-12-04 14:35:30.932,180011056, 1189.8966562072092, 933149, 61.55893983667358, 52182, 0, 0.0, 19, 
2019-12-04 14:35:31.954,206704456, 1189.8966562072092, 934595, 61.55893983667358, 52272, 0, 0.0, 103, 
2019-12-04 14:35:32.976,233526576, 1189.8966562072092, 936134, 61.55893983667358, 52345, 0, 0.0, -233, 
2019-12-04 14:35:34.005,259875856, 1189.8966562072092, 937539, 61.55893983667358, 52422, 0, 0.0, 142, 
2019-12-04 14:35:35.068,286199048, 1205.6081960874571, 938925, 62.42574314807107, 52493, 0, 0.0, -109, 
2019-12-04 14:35:36.108,311635920, 1205.6081960874571, 940378, 62.42574314807107, 52581, 0, 0.0, -44, 
2019-12-04 14:35:37.138,338513168, 1205.6081960874571, 941885, 62.42574314807107, 52651, 0, 0.0, -153, 
2019-12-04 14:35:38.163,365815024, 1205.6081960874571, 943343, 62.42574314807107, 52735, 0, 0.0, 50, 
2019-12-04 14:35:39.187,106187728, 1205.6081960874571, 944813, 62.42574314807107, 52800, 0, 0.0, -134, 
2019-12-04 14:35:40.21,132979976, 1222.3342492240324, 946274, 63.28720516160108, 52861, 0, 0.0, -207, 
2019-12-04 14:35:41.233,158462832, 1222.3342492240324, 947705, 63.28720516160108, 52932, 0, 0.0, -50, 
2019-12-04 14:35:42.262,186188208, 1222.3342492240324, 949147, 63.28720516160108, 53004, 0, 0.0, 202, 
2019-12-04 14:35:43.293,210931432, 1222.3342492240324, 950557, 63.28720516160108, 53079, 0, 0.0, 32, 
2019-12-04 14:35:44.319,237245600, 1222.3342492240324, 952003, 63.28720516160108, 53158, 0, 0.0, -374, 
2019-12-04 14:35:45.342,260347488, 1236.36371603983, 953309, 63.87190395360093, 53223, 0, 0.0, 8, 
2019-12-04 14:35:46.365,287198888, 1236.36371603983, 954738, 63.87190395360093, 53310, 0, 0.0, -280, 
2019-12-04 14:35:47.388,312681896, 1236.36371603983, 956150, 63.87190395360093, 53387, 0, 0.0, 26, 
2019-12-04 14:35:48.418,338279920, 1236.36371603983, 957511, 63.87190395360093, 53456, 0, 0.0, -70, 
2019-12-04 14:35:49.441,366361856, 1247.0646744677015, 958999, 64.76165738705187, 53540, 0, 0.0, -104, 
2019-12-04 14:35:50.465,107498792, 1247.0646744677015, 960292, 64.76165738705187, 53615, 0, 0.0, -39, 
2019-12-04 14:35:51.489,132893224, 1247.0646744677015, 961715, 64.76165738705187, 53691, 0, 0.0, 52, 
2019-12-04 14:35:52.513,158385312, 1247.0646744677015, 963148, 64.76165738705187, 53764, 0, 0.0, -45, 
2019-12-04 14:35:53.536,184445432, 1247.0646744677015, 964556, 64.76165738705187, 53830, 0, 0.0, 154, 
2019-12-04 14:35:54.561,222948608, 1256.6861558614073, 966041, 65.32441219070952, 53912, 0, 0.0, 42, 
2019-12-04 14:35:55.584,251382672, 1256.6861558614073, 967479, 65.32441219070952, 53996, 0, 0.0, 20, 
2019-12-04 14:35:56.607,280826656, 1256.6861558614073, 969033, 65.32441219070952, 54068, 0, 0.0, -2, 
2019-12-04 14:35:57.632,304627040, 1256.6861558614073, 970497, 65.32441219070952, 54122, 0, 0.0, -309, 
2019-12-04 14:35:58.662,333375088, 1256.6861558614073, 972026, 65.32441219070952, 54204, 0, 0.0, -130, 
2019-12-04 14:35:59.684,359179016, 1272.8942599322486, 973450, 66.05005612658431, 54295, 0, 0.0, -198, 
2019-12-04 14:36:00.71,100706624, 1272.8942599322486, 974858, 66.05005612658431, 54370, 0, 0.0, -153, 
2019-12-04 14:36:01.744,125739440, 1272.8942599322486, 976248, 66.05005612658431, 54442, 0, 0.0, -116, 
2019-12-04 14:36:02.769,152130704, 1272.8942599322486, 977725, 66.05005612658431, 54521, 0, 0.0, -175, 
2019-12-04 14:36:03.802,180893280, 1272.8942599322486, 979240, 66.05005612658431, 54596, 0, 0.0, 142, 
2019-12-04 14:36:04.826,208440616, 1283.1210382516354, 980714, 66.79763636216624, 54676, 0, 0.0, 37, 
2019-12-04 14:36:05.847,235483056, 1283.1210382516354, 982220, 66.79763636216624, 54751, 0, 0.0, 4, 
2019-12-04 14:36:06.871,262277240, 1283.1210382516354, 983675, 66.79763636216624, 54830, 0, 0.0, -64, 
2019-12-04 14:36:07.894,285650920, 1283.1210382516354, 984995, 66.79763636216624, 54899, 0, 0.0, -104, 
2019-12-04 14:36:08.919,309716944, 1283.1210382516354, 986302, 66.79763636216624, 54973, 0, 0.0, -121, 
2019-12-04 14:36:09.948,334581744, 1289.523798514102, 987644, 67.18161215799209, 55047, 0, 0.0, 82, 
2019-12-04 14:36:10.97,360641768, 1289.523798514102, 989040, 67.18161215799209, 55132, 0, 0.0, -420, 
2019-12-04 14:36:11.994,103468584, 1289.523798514102, 990484, 67.18161215799209, 55211, 0, 0.0, -97, 
2019-12-04 14:36:13.017,128810056, 1289.523798514102, 991861, 67.18161215799209, 55277, 0, 0.0, -558, 
2019-12-04 14:36:14.042,152438456, 1289.523798514102, 993177, 67.18161215799209, 55345, 0, 0.0, -10, 
2019-12-04 14:36:15.072,175659752, 1293.9114573268262, 994474, 67.64682476381346, 55411, 0, 0.0, -51, 
2019-12-04 14:36:16.095,201686840, 1293.9114573268262, 995881, 67.64682476381346, 55482, 0, 0.0, -124, 
2019-12-04 14:36:17.118,227293784, 1293.9114573268262, 997301, 67.64682476381346, 55550, 0, 0.0, -11, 
2019-12-04 14:36:18.141,255629160, 1293.9114573268262, 998803, 67.64682476381346, 55633, 0, 0.0, 104, 
2019-12-04 14:36:19.165,282448096, 1293.9114573268262, 1000298, 67.64682476381346, 55711, 0, 0.0, 133, 
2019-12-04 14:36:20.19,308662560, 1302.2179265695663, 1001710, 67.9948854380439, 55769, 0, 0.0, -735, 
2019-12-04 14:36:21.213,334509224, 1302.2179265695663, 1003183, 67.9948854380439, 55858, 0, 0.0, -11, 
2019-12-04 14:36:22.236,360382488, 1302.2179265695663, 1004605, 67.9948854380439, 55936, 0, 0.0, 44, 
2019-12-04 14:36:23.266,99751448, 1302.2179265695663, 1005928, 67.9948854380439, 56003, 0, 0.0, 132, 
2019-12-04 14:36:24.289,126683536, 1302.2179265695663, 1007349, 67.9948854380439, 56086, 0, 0.0, 28, 
2019-12-04 14:36:25.313,153517400, 1308.229153260078, 1008784, 68.3950723026924, 56168, 0, 0.0, 7, 
2019-12-04 14:36:26.337,179228160, 1308.229153260078, 1010198, 68.3950723026924, 56242, 0, 0.0, -113, 
2019-12-04 14:36:27.359,205425424, 1308.229153260078, 1011644, 68.3950723026924, 56324, 0, 0.0, -22, 
2019-12-04 14:36:28.383,230237952, 1308.229153260078, 1013040, 68.3950723026924, 56393, 0, 0.0, 43, 
2019-12-04 14:36:29.409,256958344, 1314.5593046554604, 1014453, 68.98713763135817, 56473, 0, 0.0, -175, 
2019-12-04 14:36:30.441,281410152, 1314.5593046554604, 1015815, 68.98713763135817, 56540, 0, 0.0, -194, 
2019-12-04 14:36:31.474,307487056, 1314.5593046554604, 1017283, 68.98713763135817, 56603, 0, 0.0, -270, 
2019-12-04 14:36:32.499,335411416, 1314.5593046554604, 1018738, 68.98713763135817, 56680, 0, 0.0, 37, 
2019-12-04 14:36:33.523,360509192, 1314.5593046554604, 1020137, 68.98713763135817, 56764, 0, 0.0, -223, 
2019-12-04 14:36:34.552,102427792, 1318.9761067880163, 1021510, 69.24402392275834, 56847, 0, 0.0, -126, 
2019-12-04 14:36:35.575,128920848, 1318.9761067880163, 1022960, 69.24402392275834, 56923, 0, 0.0, -9, 
2019-12-04 14:36:36.606,154721912, 1318.9761067880163, 1024407, 69.24402392275834, 56997, 0, 0.0, -46, 
2019-12-04 14:36:37.639,182403944, 1318.9761067880163, 1025942, 69.24402392275834, 57085, 0, 0.0, 125, 
2019-12-04 14:36:38.663,206911296, 1318.9761067880163, 1027340, 69.24402392275834, 57150, 0, 0.0, -92, 
2019-12-04 14:36:39.688,234575272, 1325.6463130036811, 1028718, 69.59230853987485, 57224, 0, 0.0, -8, 
2019-12-04 14:36:40.721,260030840, 1325.6463130036811, 1030126, 69.59230853987485, 57323, 0, 0.0, -189, 
2019-12-04 14:36:41.746,285363672, 1325.6463130036811, 1031526, 69.59230853987485, 57399, 0, 0.0, 83, 
2019-12-04 14:36:42.796,312125416, 1325.6463130036811, 1033037, 69.59230853987485, 57469, 0, 0.0, 93, 
2019-12-04 14:36:43.823,337900696, 1325.6463130036811, 1034470, 69.59230853987485, 57544, 0, 0.0, -46, 
2019-12-04 14:36:44.849,363122608, 1331.575314454866, 1035828, 69.97671032485077, 57611, 0, 0.0, -21, 
2019-12-04 14:36:45.875,101219176, 1331.575314454866, 1037014, 69.97671032485077, 57677, 0, 0.0, -74, 
2019-12-04 14:36:46.904,124885288, 1331.575314454866, 1038253, 69.97671032485077, 57748, 0, 0.0, -64, 
2019-12-04 14:36:47.927,149315864, 1331.575314454866, 1039590, 69.97671032485077, 57813, 0, 0.0, -37, 
2019-12-04 14:36:48.951,174245104, 1331.575314454866, 1040863, 69.97671032485077, 57892, 0, 0.0, -11, 
2019-12-04 14:36:49.974,196908728, 1323.2938895576751, 1042122, 69.96258134738628, 57958, 0, 0.0, -126, 
2019-12-04 14:36:51.072,220031008, 1323.2938895576751, 1043365, 69.96258134738628, 58019, 0, 0.0, -81, 
2019-12-04 14:36:52.095,241617016, 1323.2938895576751, 1044472, 69.96258134738628, 58077, 0, 0.0, 12, 
2019-12-04 14:36:53.116,269226008, 1323.2938895576751, 1045761, 69.96258134738628, 58134, 0, 0.0, -224, 
2019-12-04 14:36:54.142,297957808, 1323.2938895576751, 1047071, 69.96258134738628, 58218, 0, 0.0, -156, 
2019-12-04 14:36:55.164,326334080, 1312.9081475820174, 1048417, 69.4218751971392, 58294, 0, 0.0, 75, 
2019-12-04 14:36:56.186,354391536, 1312.9081475820174, 1049787, 69.4218751971392, 58354, 0, 0.0, 42, 
2019-12-04 14:36:57.209,102692280, 1312.9081475820174, 1051166, 69.4218751971392, 58438, 0, 0.0, -154, 
2019-12-04 14:36:58.234,129770272, 1312.9081475820174, 1052434, 69.4218751971392, 58506, 0, 0.0, 150, 
2019-12-04 14:36:59.259,156287736, 1312.9081475820174, 1053784, 69.4218751971392, 58564, 0, 0.0, -233, 
2019-12-04 14:37:00.282,184004624, 1312.4357581836407, 1055061, 69.24422386513135, 58646, 0, 0.0, -262, 
2019-12-04 14:37:01.305,212032720, 1312.4357581836407, 1056387, 69.24422386513135, 58715, 0, 0.0, -38, 
2019-12-04 14:37:02.339,241227752, 1312.4357581836407, 1057710, 69.24422386513135, 58793, 0, 0.0, -150, 
2019-12-04 14:37:03.363,267470824, 1312.4357581836407, 1058982, 69.24422386513135, 58867, 0, 0.0, 150, 
2019-12-04 14:37:04.391,293455216, 1307.0918660143748, 1060156, 69.38460797377464, 58929, 0, 0.0, 56, 
2019-12-04 14:37:05.415,321320832, 1307.0918660143748, 1061479, 69.38460797377464, 58999, 0, 0.0, 104, 
2019-12-04 14:37:06.438,349644760, 1307.0918660143748, 1062851, 69.38460797377464, 59082, 0, 0.0, 34, 
2019-12-04 14:37:07.459,93582808, 1307.0918660143748, 1064203, 69.38460797377464, 59159, 0, 0.0, -103, 
2019-12-04 14:37:08.481,120545304, 1307.0918660143748, 1065554, 69.38460797377464, 59231, 0, 0.0, 50, 
2019-12-04 14:37:09.505,146052048, 1307.3243875695318, 1066781, 69.561740940057, 59298, 0, 0.0, -38, 
2019-12-04 14:37:10.526,177825160, 1307.3243875695318, 1068086, 69.561740940057, 59367, 0, 0.0, 215, 
2019-12-04 14:37:11.547,205506264, 1307.3243875695318, 1069442, 69.561740940057, 59437, 0, 0.0, -51, 
2019-12-04 14:37:12.568,234788824, 1307.3243875695318, 1070680, 69.561740940057, 59509, 0, 0.0, -55, 
2019-12-04 14:37:13.59,262150912, 1307.3243875695318, 1071979, 69.561740940057, 59588, 0, 0.0, -137, 
2019-12-04 14:37:14.612,294134736, 1303.5565295761753, 1073275, 69.50083549729395, 59651, 0, 0.0, 5, 
2019-12-04 14:37:15.675,322759568, 1303.5565295761753, 1074648, 69.50083549729395, 59720, 0, 0.0, 62, 
2019-12-04 14:37:16.698,350156496, 1303.5565295761753, 1075953, 69.50083549729395, 59805, 0, 0.0, -295, 
2019-12-04 14:37:17.72,97299464, 1303.5565295761753, 1077268, 69.50083549729395, 59876, 0, 0.0, -126, 
2019-12-04 14:37:18.742,124806568, 1303.5565295761753, 1078595, 69.50083549729395, 59948, 0, 0.0, -471, 
2019-12-04 14:37:19.808,155032776, 1302.0888225085382, 1080002, 69.66867542389716, 60020, 0, 0.0, 219, 
2019-12-04 14:37:20.831,183082784, 1302.0888225085382, 1081340, 69.66867542389716, 60087, 0, 0.0, -8, 
2019-12-04 14:37:21.855,209963248, 1302.0888225085382, 1082631, 69.66867542389716, 60162, 0, 0.0, -51, 
2019-12-04 14:37:22.885,239189824, 1302.0888225085382, 1084009, 69.66867542389716, 60228, 0, 0.0, -127, 
2019-12-04 14:37:23.908,267516960, 1302.0888225085382, 1085352, 69.66867542389716, 60298, 0, 0.0, 97, 
2019-12-04 14:37:24.932,295780288, 1302.4175341114308, 1086655, 69.55124662065994, 60377, 0, 0.0, -18, 
2019-12-04 14:37:25.955,322375656, 1302.4175341114308, 1087979, 69.55124662065994, 60444, 0, 0.0, -82, 
2019-12-04 14:37:26.977,354008336, 1302.4175341114308, 1089263, 69.55124662065994, 60507, 0, 0.0, -180, 
2019-12-04 14:37:27.999,94305376, 1302.4175341114308, 1090401, 69.55124662065994, 60565, 0, 0.0, -48, 
2019-12-04 14:37:29.022,122072304, 1302.4175341114308, 1091743, 69.55124662065994, 60646, 0, 0.0, -192, 
2019-12-04 14:37:30.044,150953832, 1298.6742107659397, 1093110, 69.37924243782838, 60719, 0, 0.0, 19, 
2019-12-04 14:37:31.067,178845904, 1298.6742107659397, 1094460, 69.37924243782838, 60789, 0, 0.0, -44, 
2019-12-04 14:37:32.09,206984624, 1298.6742107659397, 1095777, 69.37924243782838, 60855, 0, 0.0, -71, 
2019-12-04 14:37:33.113,235717144, 1298.6742107659397, 1097093, 69.37924243782838, 60925, 0, 0.0, 5, 
2019-12-04 14:37:34.137,263275488, 1298.6742107659397, 1098402, 69.37924243782838, 60995, 0, 0.0, -390, 
2019-12-04 14:37:35.16,291398560, 1298.3164726250773, 1099702, 69.36491100378855, 61063, 0, 0.0, -125, 
2019-12-04 14:37:36.183,318075408, 1298.3164726250773, 1101041, 69.36491100378855, 61145, 0, 0.0, -266, 
2019-12-04 14:37:37.214,348813368, 1298.3164726250773, 1102266, 69.36491100378855, 61217, 0, 0.0, -57, 
2019-12-04 14:37:38.244,90975952, 1298.3164726250773, 1103535, 69.36491100378855, 61292, 0, 0.0, -111, 
2019-12-04 14:37:39.266,115453448, 1298.3164726250773, 1104793, 69.36491100378855, 61359, 0, 0.0, 89, 
2019-12-04 14:37:40.288,146100088, 1294.245416251329, 1106123, 69.44767215039138, 61439, 0, 0.0, -68, 
2019-12-04 14:37:41.31,173683648, 1294.245416251329, 1107480, 69.44767215039138, 61529, 0, 0.0, -145, 
2019-12-04 14:37:42.332,201204432, 1294.245416251329, 1108824, 69.44767215039138, 61590, 0, 0.0, -178, 
2019-12-04 14:37:43.355,227705832, 1294.245416251329, 1110109, 69.44767215039138, 61665, 0, 0.0, 131, 
2019-12-04 14:37:44.386,255815576, 1293.9539448610342, 1111398, 69.44767215039138, 61738, 0, 0.0, 49, 
2019-12-04 14:37:45.408,288153968, 1293.9539448610342, 1112728, 69.87562065670261, 61819, 0, 0.0, -53, 
2019-12-04 14:37:46.431,312434424, 1293.9539448610342, 1113917, 69.87562065670261, 61887, 0, 0.0, -50, 
2019-12-04 14:37:47.453,342353744, 1293.9539448610342, 1115218, 69.87562065670261, 61958, 0, 0.0, -384, 
2019-12-04 14:37:48.475,371522192, 1293.9539448610342, 1116548, 69.87562065670261, 62049, 0, 0.0, -45, 
2019-12-04 14:37:49.499,118186736, 1291.894773124066, 1117878, 70.20538782138668, 62117, 0, 0.0, -930, 
2019-12-04 14:37:50.523,144852960, 1291.894773124066, 1119161, 70.20538782138668, 62179, 0, 0.0, -131, 
2019-12-04 14:37:51.554,172889208, 1291.894773124066, 1120501, 70.20538782138668, 62241, 0, 0.0, 77, 
2019-12-04 14:37:52.58,199315664, 1291.894773124066, 1121806, 70.20538782138668, 62313, 0, 0.0, -68, 
2019-12-04 14:37:53.606,230321440, 1291.894773124066, 1123076, 70.20538782138668, 62373, 0, 0.0, -51, 
2019-12-04 14:37:54.633,257342968, 1289.0727588784061, 1124346, 69.78918799104632, 62454, 0, 0.0, -220, 
2019-12-04 14:37:55.662,285266504, 1289.0727588784061, 1125601, 69.78918799104632, 62517, 0, 0.0, -1, 
2019-12-04 14:37:56.686,310842256, 1289.0727588784061, 1126878, 69.78918799104632, 62591, 0, 0.0, 22, 
2019-12-04 14:37:57.708,338214320, 1289.0727588784061, 1128171, 69.78918799104632, 62659, 0, 0.0, -107, 
2019-12-04 14:37:58.734,365644936, 1289.0727588784061, 1129493, 69.78918799104632, 62728, 0, 0.0, -199, 
2019-12-04 14:37:59.757,108643752, 1286.5083626678306, 1130772, 69.51820348129094, 62791, 0, 0.0, 35, 
2019-12-04 14:38:00.781,136591832, 1286.5083626678306, 1132094, 69.51820348129094, 62873, 0, 0.0, -129, 
2019-12-04 14:38:01.805,164663480, 1286.5083626678306, 1133482, 69.51820348129094, 62947, 0, 0.0, -13, 
2019-12-04 14:38:02.826,190995256, 1286.5083626678306, 1134737, 69.51820348129094, 62995, 0, 0.0, -192, 
2019-12-04 14:38:03.848,218227424, 1286.5083626678306, 1135933, 69.51820348129094, 63071, 0, 0.0, -64, 
2019-12-04 14:38:04.872,244584024, 1283.5093595744286, 1137163, 69.3808235161584, 63131, 0, 0.0, -24, 
2019-12-04 14:38:05.895,272562752, 1283.5093595744286, 1138481, 69.3808235161584, 63210, 0, 0.0, 10, 
2019-12-04 14:38:06.92,301883896, 1283.5093595744286, 1139746, 69.3808235161584, 63272, 0, 0.0, -254, 
2019-12-04 14:38:07.944,319491512, 1283.5093595744286, 1140459, 69.3808235161584, 63303, 0, 0.0, 79, 
2019-12-04 14:38:08.967,331474616, 1283.5093595744286, 1140929, 69.3808235161584, 63333, 0, 0.0, -41, 
2019-12-04 14:38:09.998,343139400, 1253.8370934931181, 1141410, 67.63932502206855, 63361, 0, 0.0, 2, 
