Timestamp, MemoryUsed, ReadLatency1, ReadCount, WriteLatency1, WriteCount, PendingTasks, WaitingOnCommit1, SRDelay, 
2019-12-04 14:32:07.623,264526384, 25.18111522999595, 729622, 2.8604861539651814, 41624, 0, 0.0, 6468852, 
2019-12-04 14:32:08.73,264526384, 25.18111522999595, 729622, 2.8604861539651814, 41624, 0, 0.0, 14, 
2019-12-04 14:32:09.78,265574960, 25.18111522999595, 729622, 2.8604861539651814, 41624, 0, 0.0, 14, 
2019-12-04 14:32:10.824,266623536, 23.16774442149516, 729622, 2.6317743090801797, 41624, 0, 0.0, 14, 
2019-12-04 14:32:11.866,267672112, 23.16774442149516, 729622, 2.6317743090801797, 41624, 0, 0.0, 14, 
2019-12-04 14:32:12.904,268720688, 23.16774442149516, 729622, 2.6317743090801797, 41624, 0, 0.0, 14, 
2019-12-04 14:32:13.954,268720688, 23.16774442149516, 729622, 2.6317743090801797, 41624, 0, 0.0, 14, 
2019-12-04 14:32:15.004,270817840, 23.16774442149516, 729622, 2.6317743090801797, 41624, 0, 0.0, 14, 
2019-12-04 14:32:16.043,270817840, 21.315353854556285, 729622, 2.4213492536341654, 41624, 0, 0.0, 14, 
2019-12-04 14:32:17.089,272914992, 21.315353854556285, 729622, 2.4213492536341654, 41624, 0, 0.0, 14, 
2019-12-04 14:32:18.125,272914992, 21.315353854556285, 729622, 2.4213492536341654, 41624, 0, 0.0, 14, 
2019-12-04 14:32:19.178,273963568, 21.315353854556285, 729622, 2.4213492536341654, 41624, 0, 0.0, 14, 
2019-12-04 14:32:20.211,275012144, 19.611072259732126, 729622, 2.2277488566729944, 41624, 0, 0.0, 14, 
2019-12-04 14:32:21.258,276060720, 19.611072259732126, 729622, 2.2277488566729944, 41624, 0, 0.0, 14, 
2019-12-04 14:32:22.293,277109296, 19.611072259732126, 729622, 2.2277488566729944, 41624, 0, 0.0, 14, 
2019-12-04 14:32:23.339,277109296, 19.611072259732126, 729622, 2.2277488566729944, 41624, 0, 0.0, 14, 
2019-12-04 14:32:24.408,278157872, 19.611072259732126, 729622, 2.2277488566729944, 41624, 0, 0.0, 14, 
2019-12-04 14:32:25.449,279206448, 18.043057497458605, 729622, 2.0496278927788496, 41624, 0, 0.0, 14, 
2019-12-04 14:32:26.483,280255024, 18.043057497458605, 729622, 2.0496278927788496, 41624, 0, 0.0, 14, 
2019-12-04 14:32:27.539,281303600, 18.043057497458605, 729622, 2.0496278927788496, 41624, 0, 0.0, 14, 
2019-12-04 14:32:28.62,282352176, 18.043057497458605, 729622, 2.0496278927788496, 41624, 0, 0.0, 14, 
2019-12-04 14:32:29.653,283400752, 18.043057497458605, 729622, 2.0496278927788496, 41624, 0, 0.0, 14, 
2019-12-04 14:32:30.686,284449328, 16.600414273372525, 729622, 1.88574869481965, 41624, 0, 0.0, 14, 
2019-12-04 14:32:31.717,284449328, 16.600414273372525, 729622, 1.88574869481965, 41624, 0, 0.0, 14, 
2019-12-04 14:32:32.753,286546480, 16.600414273372525, 729622, 1.88574869481965, 41624, 0, 0.0, 14, 
2019-12-04 14:32:33.789,286546480, 16.600414273372525, 729622, 1.88574869481965, 41624, 0, 0.0, 14, 
2019-12-04 14:32:34.839,287595056, 16.600414273372525, 729622, 1.88574869481965, 41624, 0, 0.0, 14, 
2019-12-04 14:32:35.874,288643632, 15.273118432749287, 729622, 1.7349725540633552, 41624, 0, 0.0, 14, 
2019-12-04 14:32:36.917,290740784, 15.273118432749287, 729622, 1.7349725540633552, 41624, 0, 0.0, 14, 
2019-12-04 14:32:37.967,290740784, 15.273118432749287, 729622, 1.7349725540633552, 41624, 0, 0.0, 14, 
2019-12-04 14:32:39.007,291789360, 15.273118432749287, 729622, 1.7349725540633552, 41624, 0, 0.0, 14, 
2019-12-04 14:32:40.127,292837936, 14.051947308023145, 729622, 1.5962518079011616, 41624, 0, 0.0, 14, 
2019-12-04 14:32:41.165,292837936, 14.051947308023145, 729622, 1.5962518079011616, 41624, 0, 0.0, 14, 
2019-12-04 14:32:42.204,294935088, 14.051947308023145, 729622, 1.5962518079011616, 41624, 0, 0.0, 14, 
2019-12-04 14:32:43.237,294935088, 14.051947308023145, 729622, 1.5962518079011616, 41624, 0, 0.0, 14, 
2019-12-04 14:32:44.274,295983664, 14.051947308023145, 729622, 1.5962518079011616, 41624, 0, 0.0, 14, 
2019-12-04 14:32:45.304,298080816, 12.928415635412248, 729622, 1.4686225602014233, 41624, 0, 0.0, 14, 
2019-12-04 14:32:46.351,304372272, 12.928415635412248, 729780, 1.4686225602014233, 41636, 0, 0.0, 12, 
2019-12-04 14:32:47.398,312760880, 12.928415635412248, 730051, 1.4686225602014233, 41653, 0, 0.0, -2, 
2019-12-04 14:32:48.433,322198064, 12.928415635412248, 730454, 1.4686225602014233, 41672, 0, 0.0, 34, 
2019-12-04 14:32:49.46,336878128, 12.928415635412248, 731085, 1.4686225602014233, 41708, 0, 0.0, -14, 
2019-12-04 14:32:50.494,350509616, 40.45485168977317, 731724, 2.9663008081996063, 41749, 0, 0.0, 4, 
2019-12-04 14:32:51.524,365189680, 40.45485168977317, 732464, 2.9663008081996063, 41786, 0, 0.0, -30, 
2019-12-04 14:32:52.56,378821168, 40.45485168977317, 733066, 2.9663008081996063, 41813, 0, 0.0, 25, 
2019-12-04 14:32:53.595,390355504, 40.45485168977317, 733569, 2.9663008081996063, 41840, 0, 0.0, 28, 
2019-12-04 14:32:54.629,401889840, 40.45485168977317, 734060, 2.9663008081996063, 41856, 0, 0.0, -32, 
2019-12-04 14:32:55.659,412375600, 82.2672371396727, 734495, 5.0478404664441205, 41880, 0, 0.0, 27, 
2019-12-04 14:32:56.684,422861360, 82.2672371396727, 734967, 5.0478404664441205, 41904, 0, 0.0, -71, 
2019-12-04 14:32:57.723,436492848, 82.2672371396727, 735475, 5.0478404664441205, 41932, 0, 0.0, 8, 
2019-12-04 14:32:58.755,444881456, 82.2672371396727, 735786, 5.0478404664441205, 41945, 0, 0.0, -2, 
2019-12-04 14:32:59.794,452221488, 82.2672371396727, 736108, 5.0478404664441205, 41960, 0, 0.0, -38, 
2019-12-04 14:33:00.819,464804400, 107.35192384412989, 736657, 6.163393549134648, 41993, 0, 0.0, -40, 
2019-12-04 14:33:01.852,479484464, 107.35192384412989, 737406, 6.163393549134648, 42030, 0, 0.0, -42, 
2019-12-04 14:33:02.875,497310256, 107.35192384412989, 738165, 6.163393549134648, 42062, 0, 0.0, -54, 
2019-12-04 14:33:03.903,513038896, 107.35192384412989, 738944, 6.163393549134648, 42094, 0, 0.0, -89, 
2019-12-04 14:33:05.018,527718960, 107.35192384412989, 739662, 6.163393549134648, 42139, 0, 0.0, -22, 
2019-12-04 14:33:06.064,543447600, 154.40163423342102, 740427, 8.485032415091554, 42192, 0, 0.0, -53, 
2019-12-04 14:33:07.096,559176240, 154.40163423342102, 741167, 8.485032415091554, 42242, 0, 0.0, -96, 
2019-12-04 14:33:08.131,573856304, 154.40163423342102, 741920, 8.485032415091554, 42274, 0, 0.0, -52, 
2019-12-04 14:33:09.161,589584944, 154.40163423342102, 742672, 8.485032415091554, 42313, 0, 0.0, 20, 
2019-12-04 14:33:10.188,605313584, 200.21605398472894, 743462, 11.164741267022166, 42357, 0, 0.0, -309, 
2019-12-04 14:33:11.211,622090800, 200.21605398472894, 744282, 11.164741267022166, 42396, 0, 0.0, -171, 
2019-12-04 14:33:12.242,640965168, 200.21605398472894, 745156, 11.164741267022166, 42436, 0, 0.0, -138, 
2019-12-04 14:33:13.273,658790960, 200.21605398472894, 746034, 11.164741267022166, 42482, 0, 0.0, -9, 
2019-12-04 14:33:14.305,676616752, 200.21605398472894, 746931, 11.164741267022166, 42527, 0, 0.0, -82, 
2019-12-04 14:33:15.337,694442544, 251.72215847477236, 747848, 13.630192429073679, 42579, 0, 0.0, 26, 
2019-12-04 14:33:16.361,714365488, 251.72215847477236, 748837, 13.630192429073679, 42619, 0, 0.0, -149, 
2019-12-04 14:33:17.384,733239856, 251.72215847477236, 749737, 13.630192429073679, 42674, 0, 0.0, -19, 
2019-12-04 14:33:18.413,751065648, 251.72215847477236, 750622, 13.630192429073679, 42725, 0, 0.0, -117, 
2019-12-04 14:33:19.455,124154560, 251.72215847477236, 751526, 13.630192429073679, 42762, 0, 0.0, -204, 
2019-12-04 14:33:20.477,144077504, 303.8114506499469, 752513, 16.23433045881739, 42815, 0, 0.0, 51, 
2019-12-04 14:33:21.503,162951872, 303.8114506499469, 753483, 16.23433045881739, 42867, 0, 0.0, 26, 
2019-12-04 14:33:22.528,186020544, 303.8114506499469, 754517, 16.23433045881739, 42938, 0, 0.0, -46, 
2019-12-04 14:33:23.552,204894912, 303.8114506499469, 755518, 16.23433045881739, 42983, 0, 0.0, -105, 
2019-12-04 14:33:24.577,224817856, 303.8114506499469, 756556, 16.23433045881739, 43027, 0, 0.0, -351, 
2019-12-04 14:33:25.602,245789376, 358.1803331585877, 757593, 19.06201326900856, 43088, 0, 0.0, 52, 
2019-12-04 14:33:26.633,266760896, 358.1803331585877, 758703, 19.06201326900856, 43163, 0, 0.0, -282, 
2019-12-04 14:33:27.657,287732416, 358.1803331585877, 759754, 19.06201326900856, 43227, 0, 0.0, 70, 
2019-12-04 14:33:28.684,309752512, 358.1803331585877, 760887, 19.06201326900856, 43295, 0, 0.0, -59, 
2019-12-04 14:33:29.712,331772608, 358.1803331585877, 762061, 19.06201326900856, 43361, 0, 0.0, -119, 
2019-12-04 14:33:30.741,353792704, 416.62943853836987, 763247, 22.95888752787325, 43433, 0, 0.0, -58, 
2019-12-04 14:33:31.766,373715648, 416.62943853836987, 764265, 22.95888752787325, 43479, 0, 0.0, -73, 
2019-12-04 14:33:32.791,414610112, 416.62943853836987, 765356, 22.95888752787325, 43542, 0, 0.0, 92, 
2019-12-04 14:33:33.817,451310272, 416.62943853836987, 766360, 22.95888752787325, 43585, 0, 0.0, -50, 
2019-12-04 14:33:34.84,494301888, 416.62943853836987, 767439, 22.95888752787325, 43643, 0, 0.0, -231, 
2019-12-04 14:33:35.863,520516288, 466.53536115117845, 768503, 25.296877792471943, 43710, 0, 0.0, -88, 
2019-12-04 14:33:36.886,545682112, 466.53536115117845, 769607, 25.296877792471943, 43754, 0, 0.0, -231, 
2019-12-04 14:33:37.909,570847936, 466.53536115117845, 770664, 25.296877792471943, 43786, 0, 0.0, -288, 
2019-12-04 14:33:38.933,597062336, 466.53536115117845, 771748, 25.296877792471943, 43837, 0, 0.0, -36, 
2019-12-04 14:33:39.957,624325312, 466.53536115117845, 772878, 25.296877792471943, 43892, 0, 0.0, -62, 
2019-12-04 14:33:40.994,648442560, 513.8902270446883, 773935, 27.160092569539266, 43947, 0, 0.0, 124, 
2019-12-04 14:33:42.018,675705536, 513.8902270446883, 775041, 27.160092569539266, 44000, 0, 0.0, -226, 
2019-12-04 14:33:43.044,700871360, 513.8902270446883, 776107, 27.160092569539266, 44074, 0, 0.0, -413, 
2019-12-04 14:33:44.068,729182912, 513.8902270446883, 777235, 27.160092569539266, 44140, 0, 0.0, 64, 
2019-12-04 14:33:45.092,754348736, 557.5387625009035, 778336, 29.625915420919235, 44184, 0, 0.0, -39, 
2019-12-04 14:33:46.124,137412104, 557.5387625009035, 779449, 29.625915420919235, 44250, 0, 0.0, -67, 
2019-12-04 14:33:47.151,167820808, 557.5387625009035, 780719, 29.625915420919235, 44304, 0, 0.0, -158, 
2019-12-04 14:33:48.178,197180936, 557.5387625009035, 781957, 29.625915420919235, 44391, 0, 0.0, -208, 
2019-12-04 14:33:49.202,227589640, 557.5387625009035, 783239, 29.625915420919235, 44456, 0, 0.0, 146, 
2019-12-04 14:33:50.232,259046920, 610.538220764675, 784561, 32.27836877257597, 44512, 0, 0.0, 10, 
2019-12-04 14:33:51.258,288407048, 610.538220764675, 785844, 32.27836877257597, 44580, 0, 0.0, 29, 
2019-12-04 14:33:52.283,318815752, 610.538220764675, 787165, 32.27836877257597, 44638, 0, 0.0, -227, 
2019-12-04 14:33:53.308,346078728, 610.538220764675, 788329, 32.27836877257597, 44684, 0, 0.0, -469, 
2019-12-04 14:33:54.331,374390280, 610.538220764675, 789514, 32.27836877257597, 44750, 0, 0.0, 188, 
2019-12-04 14:33:55.355,407944712, 658.3566004112638, 790785, 34.286983502830935, 44808, 0, 0.0, -154, 
2019-12-04 14:33:56.378,435207688, 658.3566004112638, 791973, 34.286983502830935, 44867, 0, 0.0, -206, 
2019-12-04 14:33:57.401,465616392, 658.3566004112638, 793278, 34.286983502830935, 44925, 0, 0.0, -335, 
2019-12-04 14:33:58.431,499170824, 658.3566004112638, 794661, 34.286983502830935, 44997, 0, 0.0, -176, 
2019-12-04 14:33:59.454,528530952, 658.3566004112638, 795992, 34.286983502830935, 45057, 0, 0.0, -178, 
2019-12-04 14:34:00.488,561036808, 706.6052706634523, 797298, 36.4068472568045, 45124, 0, 0.0, -7, 
2019-12-04 14:34:01.513,591445512, 706.6052706634523, 798641, 36.4068472568045, 45195, 0, 0.0, 20, 
2019-12-04 14:34:02.591,622902792, 706.6052706634523, 799964, 36.4068472568045, 45254, 0, 0.0, 53, 
2019-12-04 14:34:03.618,653311496, 706.6052706634523, 801320, 36.4068472568045, 45323, 0, 0.0, 46, 
2019-12-04 14:34:04.641,683720200, 706.6052706634523, 802634, 36.4068472568045, 45403, 0, 0.0, -108, 
2019-12-04 14:34:05.665,716226056, 752.9950798765373, 803978, 38.932896278091896, 45474, 0, 0.0, -42, 
2019-12-04 14:34:06.698,747683336, 752.9950798765373, 805327, 38.932896278091896, 45554, 0, 0.0, -69, 
2019-12-04 14:34:07.725,143037000, 752.9950798765373, 806568, 38.932896278091896, 45609, 0, 0.0, -154, 
2019-12-04 14:34:08.751,177640008, 752.9950798765373, 808025, 38.932896278091896, 45687, 0, 0.0, -330, 
2019-12-04 14:34:09.78,208048712, 752.9950798765373, 809310, 38.932896278091896, 45763, 0, 0.0, 36, 
2019-12-04 14:34:10.809,240554568, 796.4273472412403, 810719, 41.38490250780032, 45840, 0, 0.0, -127, 
2019-12-04 14:34:11.836,272011848, 796.4273472412403, 812102, 41.38490250780032, 45927, 0, 0.0, -56, 
2019-12-04 14:34:12.87,305566280, 796.4273472412403, 813477, 41.38490250780032, 45997, 0, 0.0, -142, 
2019-12-04 14:34:13.894,334926408, 796.4273472412403, 814753, 41.38490250780032, 46046, 0, 0.0, -277, 
2019-12-04 14:34:14.92,366383688, 796.4273472412403, 816123, 41.38490250780032, 46113, 0, 0.0, 86, 
2019-12-04 14:34:15.941,397840968, 838.9455409766846, 817491, 43.59288379285745, 46175, 0, 0.0, -19, 
2019-12-04 14:34:16.968,429298248, 838.9455409766846, 818792, 43.59288379285745, 46240, 0, 0.0, 73, 
2019-12-04 14:34:17.995,459706952, 838.9455409766846, 820125, 43.59288379285745, 46318, 0, 0.0, -65, 
2019-12-04 14:34:19.02,491164232, 838.9455409766846, 821442, 43.59288379285745, 46387, 0, 0.0, 34, 
2019-12-04 14:34:20.054,524718664, 875.5055889112459, 822763, 45.35247565152004, 46453, 0, 0.0, 24, 
2019-12-04 14:34:21.077,555127368, 875.5055889112459, 824067, 45.35247565152004, 46522, 0, 0.0, 97, 
2019-12-04 14:34:22.128,586584648, 875.5055889112459, 825379, 45.35247565152004, 46587, 0, 0.0, 61, 
2019-12-04 14:34:23.152,618041928, 875.5055889112459, 826716, 45.35247565152004, 46660, 0, 0.0, -110, 
2019-12-04 14:34:24.174,648450632, 875.5055889112459, 828021, 45.35247565152004, 46734, 0, 0.0, 150, 
2019-12-04 14:34:25.2,679907912, 908.1350164363488, 829341, 47.30719177166663, 46807, 0, 0.0, 135, 
2019-12-04 14:34:26.23,709268040, 908.1350164363488, 830587, 47.30719177166663, 46864, 0, 0.0, -269, 
2019-12-04 14:34:27.255,740725320, 908.1350164363488, 831917, 47.30719177166663, 46930, 0, 0.0, -7, 
2019-12-04 14:34:28.28,135731712, 908.1350164363488, 833159, 47.30719177166663, 47011, 0, 0.0, 16, 
2019-12-04 14:34:29.311,165091840, 908.1350164363488, 834372, 47.30719177166663, 47075, 0, 0.0, 80, 
2019-12-04 14:34:30.345,195500544, 932.9904081684263, 835630, 48.72183061041415, 47145, 0, 0.0, -171, 
2019-12-04 14:34:31.369,224860672, 932.9904081684263, 836929, 48.72183061041415, 47216, 0, 0.0, -187, 
2019-12-04 14:34:32.399,259463680, 932.9904081684263, 838381, 48.72183061041415, 47283, 0, 0.0, 85, 
2019-12-04 14:34:33.428,293018112, 932.9904081684263, 839776, 48.72183061041415, 47352, 0, 0.0, -196, 
2019-12-04 14:34:34.453,322378240, 932.9904081684263, 841080, 48.72183061041415, 47407, 0, 0.0, 65, 
2019-12-04 14:34:35.481,353835520, 963.3583064127175, 842392, 49.895432236128435, 47471, 0, 0.0, -94, 
2019-12-04 14:34:36.522,384244224, 963.3583064127175, 843711, 49.895432236128435, 47535, 0, 0.0, -371, 
2019-12-04 14:34:37.547,416750080, 963.3583064127175, 845088, 49.895432236128435, 47605, 0, 0.0, -21, 
2019-12-04 14:34:38.596,450304512, 963.3583064127175, 846480, 49.895432236128435, 47684, 0, 0.0, 74, 
2019-12-04 14:34:39.62,481761792, 963.3583064127175, 847824, 49.895432236128435, 47755, 0, 0.0, -246, 
2019-12-04 14:34:40.649,513219072, 991.026272586149, 849207, 51.374975783720146, 47832, 0, 0.0, -138, 
2019-12-04 14:34:41.675,546773504, 991.026272586149, 850607, 51.374975783720146, 47912, 0, 0.0, -260, 
2019-12-04 14:34:42.704,577182208, 991.026272586149, 851876, 51.374975783720146, 47982, 0, 0.0, 131, 
2019-12-04 14:34:43.73,607590912, 991.026272586149, 853251, 51.374975783720146, 48058, 0, 0.0, -380, 
2019-12-04 14:34:44.753,640096768, 991.026272586149, 854625, 51.374975783720146, 48126, 0, 0.0, -500, 
2019-12-04 14:34:45.776,670505472, 1017.4095151184677, 855873, 53.07203501943959, 48194, 0, 0.0, -54, 
2019-12-04 14:34:46.8,699865600, 1017.4095151184677, 857155, 53.07203501943959, 48256, 0, 0.0, 1, 
2019-12-04 14:34:47.823,731322880, 1017.4095151184677, 858453, 53.07203501943959, 48328, 0, 0.0, 103, 
2019-12-04 14:34:48.854,763828736, 1017.4095151184677, 859776, 53.07203501943959, 48395, 0, 0.0, -3, 
2019-12-04 14:34:49.882,156600416, 1017.4095151184677, 860939, 53.07203501943959, 48463, 0, 0.0, -237, 
2019-12-04 14:34:50.904,185960544, 1034.5352407179996, 862194, 54.02574244174123, 48534, 0, 0.0, 113, 
2019-12-04 14:34:51.935,215320672, 1034.5352407179996, 863441, 54.02574244174123, 48594, 0, 0.0, -99, 
2019-12-04 14:34:52.971,245729376, 1034.5352407179996, 864719, 54.02574244174123, 48661, 0, 0.0, 48, 
2019-12-04 14:34:53.999,277186656, 1034.5352407179996, 866071, 54.02574244174123, 48729, 0, 0.0, 30, 
2019-12-04 14:34:55.023,311789664, 1054.2094925854867, 867523, 54.87121339467211, 48793, 0, 0.0, 63, 
2019-12-04 14:34:56.049,343246944, 1054.2094925854867, 868913, 54.87121339467211, 48866, 0, 0.0, -379, 
2019-12-04 14:34:57.073,373655648, 1054.2094925854867, 870139, 54.87121339467211, 48937, 0, 0.0, -111, 
2019-12-04 14:34:58.095,406161504, 1054.2094925854867, 871518, 54.87121339467211, 48995, 0, 0.0, -54, 
2019-12-04 14:34:59.121,439715936, 1054.2094925854867, 872932, 54.87121339467211, 49079, 0, 0.0, -405, 
2019-12-04 14:35:00.146,473270368, 1077.331888889457, 874421, 55.76102204216645, 49138, 0, 0.0, -166, 
2019-12-04 14:35:01.169,505776224, 1077.331888889457, 875828, 55.76102204216645, 49221, 0, 0.0, -108, 
2019-12-04 14:35:02.197,539330656, 1077.331888889457, 877247, 55.76102204216645, 49290, 0, 0.0, -264, 
2019-12-04 14:35:03.22,571836512, 1077.331888889457, 878653, 55.76102204216645, 49359, 0, 0.0, 118, 
2019-12-04 14:35:04.248,603293792, 1077.331888889457, 880028, 55.76102204216645, 49427, 0, 0.0, 58, 
2019-12-04 14:35:05.292,637896800, 1100.7803123838532, 881463, 57.09140126475482, 49499, 0, 0.0, -188, 
2019-12-04 14:35:06.316,673548384, 1100.7803123838532, 882863, 57.09140126475482, 49583, 0, 0.0, -224, 
2019-12-04 14:35:07.339,705005664, 1100.7803123838532, 884271, 57.09140126475482, 49665, 0, 0.0, -375, 
2019-12-04 14:35:08.364,736462944, 1100.7803123838532, 885594, 57.09140126475482, 49735, 0, 0.0, -221, 
2019-12-04 14:35:09.387,767920224, 1100.7803123838532, 886939, 57.09140126475482, 49808, 0, 0.0, -113, 
2019-12-04 14:35:10.414,161864528, 1118.5640087051652, 888214, 58.3793737061327, 49882, 0, 0.0, -40, 
2019-12-04 14:35:11.439,195418960, 1118.5640087051652, 889700, 58.3793737061327, 49960, 0, 0.0, 27, 
2019-12-04 14:35:12.465,226876240, 1118.5640087051652, 891029, 58.3793737061327, 50035, 0, 0.0, -293, 
2019-12-04 14:35:13.49,259382096, 1118.5640087051652, 892420, 58.3793737061327, 50119, 0, 0.0, 47, 
2019-12-04 14:35:14.513,292936528, 1118.5640087051652, 893768, 58.3793737061327, 50191, 0, 0.0, -41, 
2019-12-04 14:35:15.536,320199504, 1135.2616126356093, 894947, 59.67630337653784, 50257, 0, 0.0, 78, 
2019-12-04 14:35:16.568,351656784, 1135.2616126356093, 896263, 59.67630337653784, 50350, 0, 0.0, -335, 
2019-12-04 14:35:17.59,384162640, 1135.2616126356093, 897592, 59.67630337653784, 50425, 0, 0.0, 18, 
2019-12-04 14:35:18.613,413522768, 1135.2616126356093, 898858, 59.67630337653784, 50494, 0, 0.0, -124, 
2019-12-04 14:35:19.636,443931472, 1135.2616126356093, 900183, 59.67630337653784, 50560, 0, 0.0, 192, 
2019-12-04 14:35:20.659,477485904, 1146.5783972497507, 901615, 60.62966951984912, 50626, 0, 0.0, 67, 
2019-12-04 14:35:21.687,509991760, 1146.5783972497507, 903057, 60.62966951984912, 50697, 0, 0.0, 44, 
2019-12-04 14:35:22.726,546691920, 1146.5783972497507, 904518, 60.62966951984912, 50769, 0, 0.0, 23, 
2019-12-04 14:35:23.75,580246352, 1146.5783972497507, 905922, 60.62966951984912, 50843, 0, 0.0, -30, 
2019-12-04 14:35:24.772,610655056, 1146.5783972497507, 907276, 60.62966951984912, 50922, 0, 0.0, -207, 
2019-12-04 14:35:25.8,643160912, 1164.7780157406585, 908592, 61.41086201265455, 50994, 0, 0.0, -130, 
2019-12-04 14:35:26.823,671472464, 1164.7780157406585, 909836, 61.41086201265455, 51070, 0, 0.0, -102, 
2019-12-04 14:35:27.848,702929744, 1164.7780157406585, 911161, 61.41086201265455, 51138, 0, 0.0, 94, 
2019-12-04 14:35:28.878,736484176, 1164.7780157406585, 912577, 61.41086201265455, 51232, 0, 0.0, -257, 
2019-12-04 14:35:29.903,771087184, 1164.7780157406585, 913985, 61.41086201265455, 51306, 0, 0.0, -98, 
2019-12-04 14:35:30.927,164132240, 1176.48527120325, 915361, 62.54536284633806, 51375, 0, 0.0, 19, 
2019-12-04 14:35:31.949,197686672, 1176.48527120325, 916835, 62.54536284633806, 51446, 0, 0.0, 103, 
2019-12-04 14:35:32.97,230192528, 1176.48527120325, 918213, 62.54536284633806, 51544, 0, 0.0, -233, 
2019-12-04 14:35:33.999,264795536, 1176.48527120325, 919736, 62.54536284633806, 51609, 0, 0.0, 142, 
2019-12-04 14:35:35.062,296252816, 1192.2456947293765, 921074, 63.34928724564886, 51681, 0, 0.0, -109, 
2019-12-04 14:35:36.101,327710096, 1192.2456947293765, 922437, 63.34928724564886, 51758, 0, 0.0, -44, 
2019-12-04 14:35:37.132,362313104, 1192.2456947293765, 923857, 63.34928724564886, 51814, 0, 0.0, -153, 
2019-12-04 14:35:38.158,394818960, 1192.2456947293765, 925252, 63.34928724564886, 51894, 0, 0.0, 50, 
2019-12-04 14:35:39.181,427324816, 1192.2456947293765, 926625, 63.34928724564886, 51962, 0, 0.0, -134, 
2019-12-04 14:35:40.204,460879248, 1205.2428193618127, 928076, 63.70514658923974, 52025, 0, 0.0, -207, 
2019-12-04 14:35:41.227,494433680, 1205.2428193618127, 929505, 63.70514658923974, 52102, 0, 0.0, -50, 
2019-12-04 14:35:42.255,539522448, 1205.2428193618127, 930888, 63.70514658923974, 52174, 0, 0.0, 202, 
2019-12-04 14:35:43.288,572028304, 1205.2428193618127, 932279, 63.70514658923974, 52255, 0, 0.0, 32, 
2019-12-04 14:35:44.313,606631312, 1205.2428193618127, 933708, 63.70514658923974, 52332, 0, 0.0, -374, 
2019-12-04 14:35:45.337,639137168, 1217.552555861758, 935068, 64.43233091755756, 52396, 0, 0.0, 8, 
2019-12-04 14:35:46.36,671643024, 1217.552555861758, 936449, 64.43233091755756, 52470, 0, 0.0, -280, 
2019-12-04 14:35:47.383,705197456, 1217.552555861758, 937878, 64.43233091755756, 52552, 0, 0.0, 26, 
2019-12-04 14:35:48.411,737703312, 1217.552555861758, 939307, 64.43233091755756, 52609, 0, 0.0, -70, 
2019-12-04 14:35:49.435,772306320, 1217.552555861758, 940793, 64.43233091755756, 52688, 0, 0.0, -104, 
2019-12-04 14:35:50.459,156795904, 1229.3897759204638, 942026, 64.66961263623071, 52751, 0, 0.0, -39, 
2019-12-04 14:35:51.483,189301760, 1229.3897759204638, 943470, 64.66961263623071, 52821, 0, 0.0, 52, 
2019-12-04 14:35:52.506,221807616, 1229.3897759204638, 944810, 64.66961263623071, 52882, 0, 0.0, -45, 
2019-12-04 14:35:53.531,257459200, 1229.3897759204638, 946232, 64.66961263623071, 52957, 0, 0.0, 154, 
2019-12-04 14:35:54.555,287867904, 1229.3897759204638, 947540, 64.66961263623071, 53013, 0, 0.0, 42, 
2019-12-04 14:35:55.578,321422336, 1239.1131925738023, 948943, 64.74400230252236, 53082, 0, 0.0, 20, 
2019-12-04 14:35:56.602,353928192, 1239.1131925738023, 950388, 64.74400230252236, 53176, 0, 0.0, -2, 
2019-12-04 14:35:57.626,386434048, 1239.1131925738023, 951795, 64.74400230252236, 53252, 0, 0.0, -309, 
2019-12-04 14:35:58.656,418939904, 1239.1131925738023, 953222, 64.74400230252236, 53312, 0, 0.0, -130, 
2019-12-04 14:35:59.679,452494336, 1239.1131925738023, 954584, 64.74400230252236, 53387, 0, 0.0, -198, 
2019-12-04 14:36:00.7,485000192, 1250.4098619667182, 956008, 65.35614208002075, 53444, 0, 0.0, -153, 
2019-12-04 14:36:01.739,517506048, 1250.4098619667182, 957444, 65.35614208002075, 53506, 0, 0.0, -116, 
2019-12-04 14:36:02.762,552109056, 1250.4098619667182, 958881, 65.35614208002075, 53588, 0, 0.0, -175, 
2019-12-04 14:36:03.792,584614912, 1250.4098619667182, 960235, 65.35614208002075, 53661, 0, 0.0, 142, 
2019-12-04 14:36:04.819,617120768, 1250.4098619667182, 961641, 65.35614208002075, 53732, 0, 0.0, 37, 
2019-12-04 14:36:05.842,651723776, 1259.827841404062, 963115, 65.63149775594613, 53815, 0, 0.0, 4, 
2019-12-04 14:36:06.866,684229632, 1259.827841404062, 964599, 65.63149775594613, 53875, 0, 0.0, -64, 
2019-12-04 14:36:07.889,716735488, 1259.827841404062, 965915, 65.63149775594613, 53951, 0, 0.0, -104, 
2019-12-04 14:36:08.914,747144192, 1259.827841404062, 967196, 65.63149775594613, 54012, 0, 0.0, -121, 
2019-12-04 14:36:09.941,139823616, 1259.827841404062, 968561, 65.63149775594613, 54070, 0, 0.0, 82, 
2019-12-04 14:36:10.965,174426624, 1267.0695913628858, 970004, 65.58100598320918, 54126, 0, 0.0, -420, 
2019-12-04 14:36:11.988,206932480, 1267.0695913628858, 971419, 65.58100598320918, 54195, 0, 0.0, -97, 
2019-12-04 14:36:13.011,238389760, 1267.0695913628858, 972795, 65.58100598320918, 54248, 0, 0.0, -558, 
2019-12-04 14:36:14.037,269847040, 1267.0695913628858, 974181, 65.58100598320918, 54321, 0, 0.0, -10, 
2019-12-04 14:36:15.067,302352896, 1273.6363762621993, 975470, 65.21472896823512, 54385, 0, 0.0, -51, 
2019-12-04 14:36:16.09,332761600, 1273.6363762621993, 976875, 65.21472896823512, 54471, 0, 0.0, -124, 
2019-12-04 14:36:17.113,368413184, 1273.6363762621993, 978307, 65.21472896823512, 54543, 0, 0.0, -11, 
2019-12-04 14:36:18.135,399870464, 1273.6363762621993, 979682, 65.21472896823512, 54620, 0, 0.0, 104, 
2019-12-04 14:36:19.159,433424896, 1273.6363762621993, 981083, 65.21472896823512, 54693, 0, 0.0, 133, 
2019-12-04 14:36:20.186,465930752, 1281.6769996651515, 982491, 66.30094726599917, 54792, 0, 0.0, -735, 
2019-12-04 14:36:21.208,498436608, 1281.6769996651515, 983882, 66.30094726599917, 54863, 0, 0.0, -11, 
2019-12-04 14:36:22.231,529893888, 1281.6769996651515, 985198, 66.30094726599917, 54932, 0, 0.0, 44, 
2019-12-04 14:36:23.253,560302592, 1281.6769996651515, 986472, 66.30094726599917, 55001, 0, 0.0, 132, 
2019-12-04 14:36:24.284,593857024, 1281.6769996651515, 987803, 66.30094726599917, 55078, 0, 0.0, 28, 
2019-12-04 14:36:25.307,624265728, 1283.2059903509678, 989138, 66.77260948047869, 55155, 0, 0.0, 7, 
2019-12-04 14:36:26.33,656771584, 1283.2059903509678, 990541, 66.77260948047869, 55222, 0, 0.0, -113, 
2019-12-04 14:36:27.354,692423168, 1283.2059903509678, 992040, 66.77260948047869, 55298, 0, 0.0, -22, 
2019-12-04 14:36:28.377,725977600, 1283.2059903509678, 993458, 66.77260948047869, 55361, 0, 0.0, 43, 
2019-12-04 14:36:29.403,757434880, 1283.2059903509678, 994848, 66.77260948047869, 55421, 0, 0.0, -175, 
2019-12-04 14:36:30.435,148435280, 1290.2895762527914, 996210, 66.88673732501957, 55511, 0, 0.0, -194, 
2019-12-04 14:36:31.465,179892560, 1290.2895762527914, 997507, 66.88673732501957, 55604, 0, 0.0, -270, 
2019-12-04 14:36:32.493,214495568, 1290.2895762527914, 998969, 66.88673732501957, 55675, 0, 0.0, 37, 
2019-12-04 14:36:33.517,243855696, 1290.2895762527914, 1000266, 66.88673732501957, 55731, 0, 0.0, -223, 
2019-12-04 14:36:34.542,274264400, 1290.2895762527914, 1001588, 66.88673732501957, 55802, 0, 0.0, -126, 
2019-12-04 14:36:35.569,307818832, 1292.85698398, 1002949, 67.3595357036482, 55875, 0, 0.0, -9, 
2019-12-04 14:36:36.6,338227536, 1292.85698398, 1004275, 67.3595357036482, 55939, 0, 0.0, -46, 
2019-12-04 14:36:37.633,370733392, 1292.85698398, 1005656, 67.3595357036482, 56014, 0, 0.0, 125, 
2019-12-04 14:36:38.656,405336400, 1292.85698398, 1007011, 67.3595357036482, 56087, 0, 0.0, -92, 
2019-12-04 14:36:39.68,437842256, 1292.85698398, 1008449, 67.3595357036482, 56171, 0, 0.0, -8, 
2019-12-04 14:36:40.715,472445264, 1296.0666423244236, 1009899, 67.76254897700302, 56260, 0, 0.0, -189, 
2019-12-04 14:36:41.738,501805392, 1296.0666423244236, 1011185, 67.76254897700302, 56329, 0, 0.0, 83, 
2019-12-04 14:36:42.791,535359824, 1296.0666423244236, 1012556, 67.76254897700302, 56400, 0, 0.0, 93, 
2019-12-04 14:36:43.817,566817104, 1296.0666423244236, 1013909, 67.76254897700302, 56468, 0, 0.0, -46, 
2019-12-04 14:36:44.844,598274384, 1296.0666423244236, 1015252, 67.76254897700302, 56534, 0, 0.0, -21, 
2019-12-04 14:36:45.866,626585936, 1297.0527631569603, 1016519, 67.92545456621082, 56602, 0, 0.0, -74, 
2019-12-04 14:36:46.899,658043216, 1297.0527631569603, 1017788, 67.92545456621082, 56667, 0, 0.0, -64, 
2019-12-04 14:36:47.922,688451920, 1297.0527631569603, 1019006, 67.92545456621082, 56744, 0, 0.0, -37, 
2019-12-04 14:36:48.945,717812048, 1297.0527631569603, 1020254, 67.92545456621082, 56810, 0, 0.0, -11, 
2019-12-04 14:36:49.968,747172176, 1297.0527631569603, 1021502, 67.92545456621082, 56890, 0, 0.0, -126, 
2019-12-04 14:36:51.059,136903200, 1290.6520976182055, 1022687, 67.94740600708028, 56951, 0, 0.0, -81, 
2019-12-04 14:36:52.09,165214752, 1290.6520976182055, 1023804, 67.94740600708028, 57008, 0, 0.0, 12, 
2019-12-04 14:36:53.111,198769184, 1290.6520976182055, 1025013, 67.94740600708028, 57086, 0, 0.0, -224, 
2019-12-04 14:36:54.136,237566496, 1290.6520976182055, 1026266, 67.94740600708028, 57154, 0, 0.0, -156, 
2019-12-04 14:36:55.158,273218080, 1280.9413240586453, 1027563, 67.72773555153326, 57224, 0, 0.0, 75, 
2019-12-04 14:36:56.181,310966816, 1280.9413240586453, 1028952, 67.72773555153326, 57290, 0, 0.0, 42, 
2019-12-04 14:36:57.203,347666976, 1280.9413240586453, 1030301, 67.72773555153326, 57366, 0, 0.0, -154, 
2019-12-04 14:36:58.228,385415712, 1280.9413240586453, 1031673, 67.72773555153326, 57432, 0, 0.0, 150, 
2019-12-04 14:36:59.253,422115872, 1280.9413240586453, 1032984, 67.72773555153326, 57512, 0, 0.0, -233, 
2019-12-04 14:37:00.276,457767456, 1283.5685587280418, 1034297, 67.65355791244123, 57565, 0, 0.0, -262, 
2019-12-04 14:37:01.299,495516192, 1283.5685587280418, 1035617, 67.65355791244123, 57623, 0, 0.0, -38, 
2019-12-04 14:37:02.333,533264928, 1283.5685587280418, 1036929, 67.65355791244123, 57694, 0, 0.0, -150, 
2019-12-04 14:37:03.357,567867936, 1283.5685587280418, 1038125, 67.65355791244123, 57770, 0, 0.0, 150, 
2019-12-04 14:37:04.385,601422368, 1283.5685587280418, 1039406, 67.65355791244123, 57841, 0, 0.0, 56, 
2019-12-04 14:37:05.41,638122528, 1280.276902516074, 1040627, 67.63328454112661, 57910, 0, 0.0, 104, 
2019-12-04 14:37:06.433,673774112, 1280.276902516074, 1041902, 67.63328454112661, 57976, 0, 0.0, 34, 
2019-12-04 14:37:07.454,709425696, 1280.276902516074, 1043152, 67.63328454112661, 58052, 0, 0.0, -103, 
2019-12-04 14:37:08.476,745077280, 1280.276902516074, 1044436, 67.63328454112661, 58125, 0, 0.0, 50, 
2019-12-04 14:37:09.5,137107712, 1280.276902516074, 1045608, 67.63328454112661, 58183, 0, 0.0, -38, 
2019-12-04 14:37:10.521,172759296, 1275.0736406812907, 1046899, 67.64661437323119, 58248, 0, 0.0, 215, 
2019-12-04 14:37:11.542,210508032, 1275.0736406812907, 1048258, 67.64661437323119, 58321, 0, 0.0, -51, 
2019-12-04 14:37:12.564,247208192, 1275.0736406812907, 1049587, 67.64661437323119, 58374, 0, 0.0, -55, 
2019-12-04 14:37:13.584,282859776, 1275.0736406812907, 1050875, 67.64661437323119, 58448, 0, 0.0, -137, 
2019-12-04 14:37:14.605,316414208, 1275.0736406812907, 1052119, 67.64661437323119, 58514, 0, 0.0, 5, 
2019-12-04 14:37:15.67,355211520, 1275.0197793462885, 1053519, 67.21112713273114, 58574, 0, 0.0, 62, 
2019-12-04 14:37:16.692,396105984, 1275.0197793462885, 1054848, 67.21112713273114, 58637, 0, 0.0, -295, 
2019-12-04 14:37:17.714,432806144, 1275.0197793462885, 1056153, 67.21112713273114, 58692, 0, 0.0, -126, 
2019-12-04 14:37:18.737,471603456, 1275.0197793462885, 1057485, 67.21112713273114, 58733, 0, 0.0, -471, 
2019-12-04 14:37:19.802,507255040, 1275.0197793462885, 1058740, 67.21112713273114, 58808, 0, 0.0, 219, 
2019-12-04 14:37:20.825,543955200, 1275.9137004332295, 1060075, 66.41068160261335, 58882, 0, 0.0, -8, 
2019-12-04 14:37:21.849,580655360, 1275.9137004332295, 1061395, 66.41068160261335, 58949, 0, 0.0, -51, 
2019-12-04 14:37:22.88,620501248, 1275.9137004332295, 1062704, 66.41068160261335, 59018, 0, 0.0, -127, 
2019-12-04 14:37:23.903,656152832, 1275.9137004332295, 1064022, 66.41068160261335, 59088, 0, 0.0, 97, 
2019-12-04 14:37:24.926,693901568, 1275.9137004332295, 1065360, 66.41068160261335, 59154, 0, 0.0, -18, 
2019-12-04 14:37:25.95,727456000, 1276.62420971687, 1066628, 66.42581866589784, 59209, 0, 0.0, -82, 
2019-12-04 14:37:26.972,767301888, 1276.62420971687, 1067946, 66.42581866589784, 59262, 0, 0.0, -180, 
2019-12-04 14:37:27.994,159880680, 1276.62420971687, 1069109, 66.42581866589784, 59315, 0, 0.0, -48, 
2019-12-04 14:37:29.017,199726568, 1276.62420971687, 1070433, 66.42581866589784, 59373, 0, 0.0, -192, 
2019-12-04 14:37:30.038,234329576, 1273.7278818243674, 1071703, 65.44829617783023, 59428, 0, 0.0, 19, 
2019-12-04 14:37:31.061,271029736, 1273.7278818243674, 1072984, 65.44829617783023, 59500, 0, 0.0, -44, 
2019-12-04 14:37:32.085,306681320, 1273.7278818243674, 1074270, 65.44829617783023, 59570, 0, 0.0, -71, 
2019-12-04 14:37:33.108,342332904, 1273.7278818243674, 1075502, 65.44829617783023, 59645, 0, 0.0, 5, 
2019-12-04 14:37:34.13,377984488, 1273.7278818243674, 1076773, 65.44829617783023, 59693, 0, 0.0, -390, 
2019-12-04 14:37:35.155,413636072, 1270.1196556165614, 1077986, 65.47641686280892, 59764, 0, 0.0, -125, 
2019-12-04 14:37:36.178,450336232, 1270.1196556165614, 1079361, 65.47641686280892, 59836, 0, 0.0, -266, 
2019-12-04 14:37:37.208,485987816, 1270.1196556165614, 1080632, 65.47641686280892, 59905, 0, 0.0, -57, 
2019-12-04 14:37:38.239,520590824, 1270.1196556165614, 1081894, 65.47641686280892, 59973, 0, 0.0, -111, 
2019-12-04 14:37:39.261,557290984, 1270.1196556165614, 1083188, 65.47641686280892, 60045, 0, 0.0, 89, 
2019-12-04 14:37:40.282,592942568, 1269.2145859255447, 1084431, 65.72616478099701, 60122, 0, 0.0, -68, 
2019-12-04 14:37:41.304,627545576, 1269.2145859255447, 1085689, 65.72616478099701, 60191, 0, 0.0, -145, 
2019-12-04 14:37:42.327,666342888, 1269.2145859255447, 1086892, 65.72616478099701, 60252, 0, 0.0, -178, 
2019-12-04 14:37:43.348,699897320, 1269.2145859255447, 1088128, 65.72616478099701, 60318, 0, 0.0, 131, 
2019-12-04 14:37:44.38,732403176, 1269.2145859255447, 1089325, 65.72616478099701, 60376, 0, 0.0, 49, 
2019-12-04 14:37:45.403,768054760, 1264.3681112258666, 1090587, 65.66810385085682, 60448, 0, 0.0, -53, 
2019-12-04 14:37:46.426,156637696, 1264.3681112258666, 1091742, 65.66810385085682, 60502, 0, 0.0, -50, 
2019-12-04 14:37:47.449,191240704, 1264.3681112258666, 1093005, 65.66810385085682, 60547, 0, 0.0, -384, 
2019-12-04 14:37:48.469,226892288, 1264.3681112258666, 1094242, 65.66810385085682, 60625, 0, 0.0, -45, 
2019-12-04 14:37:49.493,262543872, 1264.3681112258666, 1095541, 65.66810385085682, 60693, 0, 0.0, -930, 
2019-12-04 14:37:50.517,297146880, 1259.7012547258216, 1096730, 65.34283622611285, 60772, 0, 0.0, -131, 
2019-12-04 14:37:51.547,333847040, 1259.7012547258216, 1098098, 65.34283622611285, 60832, 0, 0.0, 77, 
2019-12-04 14:37:52.574,369498624, 1259.7012547258216, 1099374, 65.34283622611285, 60909, 0, 0.0, -68, 
2019-12-04 14:37:53.6,404101632, 1259.7012547258216, 1100603, 65.34283622611285, 60976, 0, 0.0, -51, 
2019-12-04 14:37:54.624,439753216, 1259.7012547258216, 1101900, 65.34283622611285, 61042, 0, 0.0, -220, 
2019-12-04 14:37:55.657,473307648, 1257.1505712301594, 1103118, 65.31542455496773, 61109, 0, 0.0, -1, 
2019-12-04 14:37:56.681,510007808, 1257.1505712301594, 1104389, 65.31542455496773, 61189, 0, 0.0, 22, 
2019-12-04 14:37:57.702,546707968, 1257.1505712301594, 1105704, 65.31542455496773, 61253, 0, 0.0, -107, 
2019-12-04 14:37:58.729,582359552, 1257.1505712301594, 1106986, 65.31542455496773, 61305, 0, 0.0, -199, 
2019-12-04 14:37:59.752,618011136, 1257.1505712301594, 1108279, 65.31542455496773, 61369, 0, 0.0, 35, 
2019-12-04 14:38:00.776,655759872, 1257.154523336386, 1109581, 65.41813353662808, 61428, 0, 0.0, -129, 
2019-12-04 14:38:01.8,691411456, 1257.154523336386, 1110852, 65.41813353662808, 61505, 0, 0.0, -13, 
2019-12-04 14:38:02.821,724965888, 1257.154523336386, 1112058, 65.41813353662808, 61568, 0, 0.0, -192, 
2019-12-04 14:38:03.842,760617472, 1257.154523336386, 1113297, 65.41813353662808, 61628, 0, 0.0, -64, 
2019-12-04 14:38:04.867,149442720, 1257.154523336386, 1114459, 65.41813353662808, 61692, 0, 0.0, -24, 
2019-12-04 14:38:05.89,186142880, 1253.032451244519, 1115738, 65.19280802005424, 61773, 0, 0.0, 10, 
2019-12-04 14:38:06.914,219697312, 1253.032451244519, 1116915, 65.19280802005424, 61830, 0, 0.0, -254, 
2019-12-04 14:38:07.939,239620256, 1253.032451244519, 1117545, 65.19280802005424, 61862, 0, 0.0, 79, 
2019-12-04 14:38:08.962,254300320, 1253.032451244519, 1118059, 65.19280802005424, 61880, 0, 0.0, -41, 
2019-12-04 14:38:09.993,271077536, 1253.032451244519, 1118523, 65.19280802005424, 61902, 0, 0.0, 2, 
