Timestamp, MemoryUsed, ReadLatency1, ReadCount, WriteLatency1, WriteCount, PendingTasks, WaitingOnCommit1, SRDelay, 
2019-12-04 14:24:07.963,406423968, 0.012155355389366372, 471339, 2.0036795464786734, 27759, 0, 0.0, 2855215, 
2019-12-04 14:24:09.061,406423968, 0.012155355389366372, 471339, 2.0036795464786734, 27759, 0, 0.0, 14, 
2019-12-04 14:24:10.116,407472544, 0.011183466833820974, 471339, 1.8434741754447188, 27759, 0, 0.0, 14, 
2019-12-04 14:24:11.18,408521120, 0.011183466833820974, 471339, 1.8434741754447188, 27759, 0, 0.0, 14, 
2019-12-04 14:24:12.232,409569696, 0.011183466833820974, 471339, 1.8434741754447188, 27759, 0, 0.0, 14, 
2019-12-04 14:24:13.368,410618272, 0.011183466833820974, 471339, 1.8434741754447188, 27759, 0, 0.0, 14, 
2019-12-04 14:24:14.417,411666848, 0.011183466833820974, 471339, 1.8434741754447188, 27759, 0, 0.0, 14, 
2019-12-04 14:24:15.477,411666848, 0.01028928619664927, 471339, 1.696078118631311, 27759, 0, 0.0, 14, 
2019-12-04 14:24:16.524,412715424, 0.01028928619664927, 471339, 1.696078118631311, 27759, 0, 0.0, 14, 
2019-12-04 14:24:17.566,413764000, 0.01028928619664927, 471339, 1.696078118631311, 27759, 0, 0.0, 14, 
2019-12-04 14:24:18.613,414812576, 0.01028928619664927, 471339, 1.696078118631311, 27759, 0, 0.0, 14, 
2019-12-04 14:24:19.665,415861152, 0.01028928619664927, 471339, 1.696078118631311, 27759, 0, 0.0, 14, 
2019-12-04 14:24:20.707,416909728, 0.009466600295749753, 471339, 1.5604671998217483, 27759, 0, 0.0, 14, 
2019-12-04 14:24:21.751,416909728, 0.009466600295749753, 471339, 1.5604671998217483, 27759, 0, 0.0, 14, 
2019-12-04 14:24:22.789,417958304, 0.009466600295749753, 471339, 1.5604671998217483, 27759, 0, 0.0, 14, 
2019-12-04 14:24:23.843,419006880, 0.009466600295749753, 471339, 1.5604671998217483, 27759, 0, 0.0, 14, 
2019-12-04 14:24:24.895,420055456, 0.009466600295749753, 471339, 1.5604671998217483, 27759, 0, 0.0, 14, 
2019-12-04 14:24:25.947,421104032, 0.00870969272763286, 471339, 1.4356991314082597, 27759, 0, 0.0, 14, 
2019-12-04 14:24:26.997,421104032, 0.00870969272763286, 471339, 1.4356991314082597, 27759, 0, 0.0, 14, 
2019-12-04 14:24:28.067,422152608, 0.00870969272763286, 471339, 1.4356991314082597, 27759, 0, 0.0, 14, 
2019-12-04 14:24:29.104,423201184, 0.00870969272763286, 471339, 1.4356991314082597, 27759, 0, 0.0, 14, 
2019-12-04 14:24:30.147,424249760, 0.008013304147196249, 471339, 1.3209069669403402, 27759, 0, 0.0, 14, 
2019-12-04 14:24:31.19,424249760, 0.008013304147196249, 471339, 1.3209069669403402, 27759, 0, 0.0, 14, 
2019-12-04 14:24:32.219,425298336, 0.008013304147196249, 471339, 1.3209069669403402, 27759, 0, 0.0, 14, 
2019-12-04 14:24:33.26,426346912, 0.008013304147196249, 471339, 1.3209069669403402, 27759, 0, 0.0, 14, 
2019-12-04 14:24:34.304,427395488, 0.008013304147196249, 471339, 1.3209069669403402, 27759, 0, 0.0, 14, 
2019-12-04 14:24:35.357,428444064, 0.007372595723353902, 471339, 1.21529307717842, 27759, 0, 0.0, 14, 
2019-12-04 14:24:36.409,429492640, 0.007372595723353902, 471339, 1.21529307717842, 27759, 0, 0.0, 14, 
2019-12-04 14:24:37.444,430541216, 0.007372595723353902, 471339, 1.21529307717842, 27759, 0, 0.0, 14, 
2019-12-04 14:24:38.488,430541216, 0.007372595723353902, 471339, 1.21529307717842, 27759, 0, 0.0, 14, 
2019-12-04 14:24:39.535,431589792, 0.007372595723353902, 471339, 1.21529307717842, 27759, 0, 0.0, 14, 
2019-12-04 14:24:40.65,432638368, 0.006783115516591793, 471339, 1.1181236077956886, 27759, 0, 0.0, 14, 
2019-12-04 14:24:41.693,434735520, 0.006783115516591793, 471339, 1.1181236077956886, 27759, 0, 0.0, 14, 
2019-12-04 14:24:42.746,434735520, 0.006783115516591793, 471339, 1.1181236077956886, 27759, 0, 0.0, 14, 
2019-12-04 14:24:43.781,437881248, 0.006783115516591793, 471395, 1.1181236077956886, 27762, 0, 0.0, 5, 
2019-12-04 14:24:44.809,442075552, 0.006783115516591793, 471504, 1.1181236077956886, 27775, 0, 0.0, 9, 
2019-12-04 14:24:45.84,447318432, 3.0605441287046755, 471673, 1.3165634875520476, 27786, 0, 0.0, -94, 
2019-12-04 14:24:46.87,455707040, 3.0605441287046755, 471931, 1.3165634875520476, 27803, 0, 0.0, 9, 
2019-12-04 14:24:47.898,465144224, 3.0605441287046755, 472383, 1.3165634875520476, 27820, 0, 0.0, 35, 
2019-12-04 14:24:48.94,476678560, 3.0605441287046755, 472849, 1.3165634875520476, 27845, 0, 0.0, 7, 
2019-12-04 14:24:50.013,488212896, 30.52844242081785, 473264, 2.66648853697348, 27868, 0, 0.0, -43, 
2019-12-04 14:24:51.04,498698656, 30.52844242081785, 473726, 2.66648853697348, 27891, 0, 0.0, -32, 
2019-12-04 14:24:52.078,510232992, 30.52844242081785, 474189, 2.66648853697348, 27914, 0, 0.0, 7, 
2019-12-04 14:24:53.113,520718752, 30.52844242081785, 474711, 2.66648853697348, 27942, 0, 0.0, 80, 
2019-12-04 14:24:54.14,533301664, 30.52844242081785, 475272, 2.66648853697348, 27973, 0, 0.0, 0, 
2019-12-04 14:24:55.168,545884576, 68.78491589028081, 475902, 4.468168636456618, 27997, 0, 0.0, -56, 
2019-12-04 14:24:56.199,560564640, 68.78491589028081, 476656, 4.468168636456618, 28035, 0, 0.0, 65, 
2019-12-04 14:24:57.237,577341856, 68.78491589028081, 477382, 4.468168636456618, 28070, 0, 0.0, -134, 
2019-12-04 14:24:58.27,592021920, 68.78491589028081, 478116, 4.468168636456618, 28107, 0, 0.0, -5, 
2019-12-04 14:24:59.301,607750560, 68.78491589028081, 478861, 4.468168636456618, 28136, 0, 0.0, -79, 
2019-12-04 14:25:00.328,623479200, 120.38945674733796, 479621, 6.989314670938193, 28185, 0, 0.0, -90, 
2019-12-04 14:25:01.366,639207840, 120.38945674733796, 480411, 6.989314670938193, 28234, 0, 0.0, 27, 
2019-12-04 14:25:02.395,658082208, 120.38945674733796, 481238, 6.989314670938193, 28271, 0, 0.0, -27, 
2019-12-04 14:25:03.441,675908000, 120.38945674733796, 482097, 6.989314670938193, 28307, 0, 0.0, -209, 
2019-12-04 14:25:04.475,691636640, 120.38945674733796, 482917, 6.989314670938193, 28362, 0, 0.0, 19, 
2019-12-04 14:25:05.558,703170976, 170.82628299109913, 483413, 9.580729988688134, 28392, 0, 0.0, -44, 
2019-12-04 14:25:06.596,715753888, 170.82628299109913, 483941, 9.580729988688134, 28421, 0, 0.0, -326, 
2019-12-04 14:25:07.642,728336800, 170.82628299109913, 484464, 9.580729988688134, 28456, 0, 0.0, 36, 
2019-12-04 14:25:08.677,740919712, 170.82628299109913, 485042, 9.580729988688134, 28491, 0, 0.0, 30, 
2019-12-04 14:25:09.704,754551200, 170.82628299109913, 485652, 9.580729988688134, 28523, 0, 0.0, 18, 
2019-12-04 14:25:10.73,771328416, 201.1753217258694, 486452, 11.405258080174104, 28564, 0, 0.0, -12, 
2019-12-04 14:25:11.803,790202784, 201.1753217258694, 487374, 11.405258080174104, 28612, 0, 0.0, -59, 
2019-12-04 14:25:12.832,808028576, 201.1753217258694, 488277, 11.405258080174104, 28651, 0, 0.0, -47, 
2019-12-04 14:25:13.858,825854368, 201.1753217258694, 489160, 11.405258080174104, 28706, 0, 0.0, -290, 
2019-12-04 14:25:14.887,113406656, 201.1753217258694, 489929, 11.405258080174104, 28750, 0, 0.0, -105, 
2019-12-04 14:25:15.913,132281024, 251.24548245084117, 490778, 14.075354218676459, 28810, 0, 0.0, -196, 
2019-12-04 14:25:16.946,150106816, 251.24548245084117, 491699, 14.075354218676459, 28866, 0, 0.0, -52, 
2019-12-04 14:25:17.97,166884032, 251.24548245084117, 492615, 14.075354218676459, 28902, 0, 0.0, -114, 
2019-12-04 14:25:18.997,184709824, 251.24548245084117, 493507, 14.075354218676459, 28952, 0, 0.0, -12, 
2019-12-04 14:25:20.058,204632768, 301.45395348764504, 494465, 16.899756950133987, 29005, 0, 0.0, 115, 
2019-12-04 14:25:21.083,223507136, 301.45395348764504, 495421, 16.899756950133987, 29057, 0, 0.0, -31, 
2019-12-04 14:25:22.107,243430080, 301.45395348764504, 496378, 16.899756950133987, 29127, 0, 0.0, -83, 
2019-12-04 14:25:23.134,263353024, 301.45395348764504, 497359, 16.899756950133987, 29178, 0, 0.0, -80, 
2019-12-04 14:25:24.157,280130240, 301.45395348764504, 498272, 16.899756950133987, 29244, 0, 0.0, -23, 
2019-12-04 14:25:25.184,299004608, 351.98156955922525, 499233, 20.042030888395892, 29291, 0, 0.0, -172, 
2019-12-04 14:25:26.209,322073280, 351.98156955922525, 500292, 20.042030888395892, 29338, 0, 0.0, 151, 
2019-12-04 14:25:27.236,340947648, 351.98156955922525, 501297, 20.042030888395892, 29402, 0, 0.0, -331, 
2019-12-04 14:25:28.269,359822016, 351.98156955922525, 502251, 20.042030888395892, 29452, 0, 0.0, 2, 
2019-12-04