Timestamp, MemoryUsed, ReadLatency1, ReadCount, WriteLatency1, WriteCount, PendingTasks, WaitingOnCommit1, SRDelay, 
2019-12-04 14:32:46.939,332199192, 13.30958387259927, 745639, 1.5493080688074676, 42329, 0, 0.0, 6493691, 
2019-12-04 14:32:47.991,342956448, 13.30958387259927, 746014, 1.5493080688074676, 42348, 0, 0.0, 74, 
2019-12-04 14:32:49.161,356727176, 13.30958387259927, 746711, 1.5493080688074676, 42382, 0, 0.0, -57, 
2019-12-04 14:32:50.213,89172976, 36.24807503130262, 747378, 2.592783781658334, 42420, 0, 0.0, 103, 
2019-12-04 14:32:51.244,102934712, 36.24807503130262, 748058, 2.592783781658334, 42450, 0, 0.0, 8, 
2019-12-04 14:32:52.284,116415200, 36.24807503130262, 748652, 2.592783781658334, 42476, 0, 0.0, 2, 
2019-12-04 14:32:53.33,127442856, 36.24807503130262, 749154, 2.592783781658334, 42501, 0, 0.0, 30, 
2019-12-04 14:32:54.369,139715104, 36.24807503130262, 749653, 2.592783781658334, 42524, 0, 0.0, -12, 
2019-12-04 14:32:55.402,150584840, 78.39681577145386, 750084, 4.576259275812786, 42551, 0, 0.0, 9, 
2019-12-04 14:32:56.438,162833480, 78.39681577145386, 750533, 4.576259275812786, 42581, 0, 0.0, -73, 
2019-12-04 14:32:57.466,172694736, 78.39681577145386, 751010, 4.576259275812786, 42615, 0, 0.0, -14, 
2019-12-04 14:32:58.514,182324248, 78.39681577145386, 751361, 4.576259275812786, 42639, 0, 0.0, 27, 
2019-12-04 14:32:59.558,188916128, 102.49568379903319, 751618, 6.193260303799969, 42653, 0, 0.0, -9, 
2019-12-04 14:33:00.598,200584320, 102.49568379903319, 752162, 6.193260303799969, 42678, 0, 0.0, -2, 
2019-12-04 14:33:01.63,216078824, 102.49568379903319, 752901, 6.193260303799969, 42713, 0, 0.0, -14, 
2019-12-04 14:33:02.658,232121496, 102.49568379903319, 753698, 6.193260303799969, 42750, 0, 0.0, -173, 
2019-12-04 14:33:03.691,247905416, 102.49568379903319, 754447, 6.193260303799969, 42786, 0, 0.0, -14, 
2019-12-04 14:33:04.724,262474008, 148.15866370860155, 755169, 8.240662165644185, 42820, 0, 0.0, -61, 
2019-12-04 14:33:05.753,277880688, 148.15866370860155, 755932, 8.240662165644185, 42858, 0, 0.0, 14, 
2019-12-04 14:33:06.788,292518288, 148.15866370860155, 756684, 8.240662165644185, 42896, 0, 0.0, -224, 
2019-12-04 14:33:07.815,308867464, 148.15866370860155, 757488, 8.240662165644185, 42934, 0, 0.0, 81, 
2019-12-04 14:33:08.901,325634640, 148.15866370860155, 758315, 8.240662165644185, 42973, 0, 0.0, -45, 
2019-12-04 14:33:09.947,342776136, 196.07135553008686, 759119, 10.58810520828556, 43032, 0, 0.0, -248, 
2019-12-04 14:33:10.974,358958936, 196.07135553008686, 759928, 10.58810520828556, 43073, 0, 0.0, -267, 
2019-12-04 14:33:12.008,94860264, 196.07135553008686, 760828, 10.58810520828556, 43110, 0, 0.0, -216, 
2019-12-04 14:33:13.034,113019480, 196.07135553008686, 761761, 10.58810520828556, 43146, 0, 0.0, -118, 
2019-12-04 14:33:14.062,130615872, 196.07135553008686, 762641, 10.58810520828556, 43207, 0, 0.0, -211, 
2019-12-04 14:33:15.088,148979944, 248.3566030893319, 763589, 13.355519517145364, 43259, 0, 0.0, 10, 
2019-12-04 14:33:16.114,168939368, 248.3566030893319, 764588, 13.355519517145364, 43327, 0, 0.0, -73, 
2019-12-04 14:33:17.15,186580016, 248.3566030893319, 765531, 13.355519517145364, 43372, 0, 0.0, 118, 
2019-12-04 14:33:18.186,204083072, 248.3566030893319, 766373, 13.355519517145364, 43424, 0, 0.0, -126, 
2019-12-04 14:33:19.212,222278152, 248.3566030893319, 767236, 13.355519517145364, 43471, 0, 0.0, -40, 
2019-12-04 14:33:20.245,239956568, 300.12331888370375, 768161, 16.381397107201156, 43512, 0, 0.0, -27, 
2019-12-04 14:33:21.273,258867624, 300.12331888370375, 769172, 16.381397107201156, 43571, 0, 0.0, -12, 
2019-12-04 14:33:22.301,279511384, 300.12331888370375, 770202, 16.381397107201156, 43623, 0, 0.0, -106, 
2019-12-04 14:33:23.326,298721312, 300.12331888370375, 771213, 16.381397107201156, 43687, 0, 0.0, -178, 
2019-12-04 14:33:24.352,318887776, 300.12331888370375, 772223, 16.381397107201156, 43747, 0, 0.0, -81, 
2019-12-04 14:33:25.381,339028504, 353.69969216559747, 773271, 19.389214522321918, 43806, 0, 0.0, 81, 
2019-12-04 14:33:26.406,359047712, 353.69969216559747, 774362, 19.389214522321918, 43863, 0, 0.0, -121, 
2019-12-04 14:33:27.437,99165632, 353.69969216559747, 775479, 19.389214522321918, 43922, 0, 0.0, -69, 
2019-12-04 14:33:28.465,118274600, 353.69969216559747, 776582, 19.389214522321918, 43984, 0, 0.0, 22, 
2019-12-04 14:33:29.49,141645224, 412.155245243179, 777791, 22.66825588170092, 44059, 0, 0.0, -190, 
2019-12-04 14:33:30.514,164362136, 412.155245243179, 778984, 22.66825588170092, 44119, 0, 0.0, -105, 
2019-12-04 14:33:31.542,184442824, 412.155245243179, 779994, 22.66825588170092, 44169, 0, 0.0, -127, 
2019-12-04 14:33:32.571,204107392, 412.155245243179, 781034, 22.66825588170092, 44229, 0, 0.0, 66, 
2019-12-04 14:33:33.596,224614856, 412.155245243179, 782089, 22.66825588170092, 44287, 0, 0.0, 10, 
2019-12-04 14:33:34.618,244332712, 462.59480688778166, 783099, 25.54119951606889, 44359, 0, 0.0, -191, 
2019-12-04 14:33:35.644,265216704, 462.59480688778166, 784210, 25.54119951606889, 44413, 0, 0.0, -6, 
2019-12-04 14:33:36.675,284798472, 462.59480688778166, 785285, 25.54119951606889, 44468, 0, 0.0, 53, 
2019-12-04 14:33:37.699,305404736, 462.59480688778166, 786361, 25.54119951606889, 44524, 0, 0.0, -406, 
2019-12-04 14:33:38.725,327860008, 462.59480688778166, 787557, 25.54119951606889, 44594, 0, 0.0, -251, 
2019-12-04 14:33:39.759,350018408, 511.639978172482, 788675, 28.12047079211747, 44659, 0, 0.0, -55, 
2019-12-04 14:33:40.785,90865976, 511.639978172482, 789758, 28.12047079211747, 44716, 0, 0.0, 66, 
2019-12-04 14:33:41.822,110225192, 511.639978172482, 790906, 28.12047079211747, 44790, 0, 0.0, -210, 
2019-12-04 14:33:42.858,132185760, 511.639978172482, 791990, 28.12047079211747, 44870, 0, 0.0, -415, 
2019-12-04 14:33:43.897,153870200, 511.639978172482, 793094, 28.12047079211747, 44932, 0, 0.0, -109, 
2019-12-04 14:33:44.925,174901168, 557.5152965799934, 794300, 31.05320402105455, 44977, 0, 0.0, -53, 
2019-12-04 14:33:45.957,196711720, 557.5152965799934, 795409, 31.05320402105455, 45049, 0, 0.0, -167, 
2019-12-04 14:33:46.987,219923824, 557.5152965799934, 796660, 31.05320402105455, 45122, 0, 0.0, -74, 
2019-12-04 14:33:48.019,243307488, 557.5152965799934, 797965, 31.05320402105455, 45191, 0, 0.0, 23, 
2019-12-04 14:33:49.047,267536800, 557.5152965799934, 799230, 31.05320402105455, 45262, 0, 0.0, 144, 
2019-12-04 14:33:50.077,292757056, 608.2299013336061, 800582, 33.847395550380746, 45335, 0, 0.0, -38, 
2019-12-04 14:33:51.107,316123208, 608.2299013336061, 801864, 33.847395550380746, 45395, 0, 0.0, 10, 
2019-12-04 14:33:52.139,340773872, 608.2299013336061, 803175, 33.847395550380746, 45475, 0, 0.0, -224, 
2019-12-04 14:33:53.171,362926816, 608.2299013336061, 804357, 33.847395550380746, 45559, 0, 0.0, -606, 
2019-12-04 14:33:54.194,103067008, 608.2299013336061, 805599, 33.847395550380746, 45624, 0, 0.0, 60, 
2019-12-04 14:33:55.218,125142168, 658.4556092848334, 806831, 36.73799820182458, 45699, 0, 0.0, -165, 
2019-12-04 14:33:56.244,146864328, 658.4556092848334, 808043, 36.73799820182458, 45752, 0, 0.0, -342, 
2019-12-04 14:33:57.271,173116624, 658.4556092848334, 809378, 36.73799820182458, 45803, 0, 0.0, -187, 
2019-12-04 14:33:58.296,196463616, 658.4556092848334, 810687, 36.73799820182458, 45874, 0, 0.0, -1, 
2019-12-04 14:33:59.325,223087800, 658.4556092848334, 812064, 36.73799820182458, 45948, 0, 0.0, -78, 
2019-12-04 14:34:00.35,246387864, 706.6483898733565, 813408, 38.869774162751725, 46026, 0, 0.0, -93, 
2019-12-04 14:34:01.377,271806888, 706.6483898733565, 814780, 38.869774162751725, 46102, 0, 0.0, 18, 
2019-12-04 14:34:02.404,297670360, 706.6483898733565, 816167, 38.869774162751725, 46172, 0, 0.0, -83, 
2019-12-04 14:34:03.429,322573560, 706.6483898733565, 817514, 38.869774162751725, 46235, 0, 0.0, 107, 
2019-12-04 14:34:04.457,347917504, 756.488832752786, 818870, 41.326827358142005, 46302, 0, 0.0, -170, 
2019-12-04 14:34:05.496,372575120, 756.488832752786, 820263, 41.326827358142005, 46378, 0, 0.0, 38, 
2019-12-04 14:34:06.522,114657040, 756.488832752786, 821672, 41.326827358142005, 46471, 0, 0.0, -160, 
2019-12-04 14:34:07.551,136648608, 756.488832752786, 822874, 41.326827358142005, 46539, 0, 0.0, -183, 
2019-12-04 14:34:08.585,161711656, 756.488832752786, 824259, 41.326827358142005, 46600, 0, 0.0, -88, 
2019-12-04 14:34:09.618,187503120, 799.9935596367592, 825639, 43.49147872456315, 46656, 0, 0.0, -117, 
2019-12-04 14:34:10.649,212341672, 799.9935596367592, 827058, 43.49147872456315, 46727, 0, 0.0, -114, 
2019-12-04 14:34:11.68,239295232, 799.9935596367592, 828462, 43.49147872456315, 46802, 0, 0.0, -106, 
2019-12-04 14:34:12.708,265644304, 799.9935596367592, 829901, 43.49147872456315, 46878, 0, 0.0, -22, 
2019-12-04 14:34:13.735,288073192, 799.9935596367592, 831134, 43.49147872456315, 46936, 0, 0.0, -114, 
2019-12-04 14:34:14.763,312199784, 842.7223394018617, 832434, 45.451071889710384, 47008, 0, 0.0, -40, 
2019-12-04 14:34:15.788,337566472, 842.7223394018617, 833837, 45.451071889710384, 47070, 0, 0.0, -160, 
2019-12-04 14:34:16.816,361893704, 842.7223394018617, 835189, 45.451071889710384, 47143, 0, 0.0, 94, 
2019-12-04 14:34:17.848,102261952, 842.7223394018617, 836516, 45.451071889710384, 47207, 0, 0.0, -172, 
2019-12-04 14:34:18.874,127525520, 842.7223394018617, 837858, 45.451071889710384, 47288, 0, 0.0, 76, 
2019-12-04 14:34:19.9,152672584, 879.6200558904765, 839146, 47.23799351917577, 47364, 0, 0.0, -55, 
2019-12-04 14:34:20.93,176328936, 879.6200558904765, 840524, 47.23799351917577, 47437, 0, 0.0, 0, 
2019-12-04 14:34:21.954,201272200, 879.6200558904765, 841913, 47.23799351917577, 47501, 0, 0.0, 88, 
2019-12-04 14:34:22.978,226528704, 879.6200558904765, 843248, 47.23799351917577, 47568, 0, 0.0, -116, 
2019-12-04 14:34:24.006,251436968, 879.6200558904765, 844616, 47.23799351917577, 47644, 0, 0.0, 107, 
2019-12-04 14:34:25.031,275825008, 914.5110697657766, 845895, 48.993978603264665, 47705, 0, 0.0, 334, 
2019-12-04 14:34:26.064,300431472, 914.5110697657766, 847237, 48.993978603264665, 47777, 0, 0.0, -105, 
2019-12-04 14:34:27.1,325946760, 914.5110697657766, 848602, 48.993978603264665, 47866, 0, 0.0, -119, 
2019-12-04 14:34:28.13,349707864, 914.5110697657766, 849883, 48.993978603264665, 47936, 0, 0.0, 57, 
2019-12-04 14:34:29.155,91478024, 914.5110697657766, 851133, 48.993978603264665, 47999, 0, 0.0, 121, 
2019-12-04 14:34:30.18,114165928, 942.6625462851893, 852426, 50.57758063790478, 48067, 0, 0.0, -62, 
2019-12-04 14:34:31.211,137354928, 942.6625462851893, 853676, 50.57758063790478, 48129, 0, 0.0, -200, 
2019-12-04 14:34:32.237,166829800, 942.6625462851893, 855139, 50.57758063790478, 48221, 0, 0.0, -196, 
2019-12-04 14:34:33.265,192016960, 942.6625462851893, 856556, 50.57758063790478, 48279, 0, 0.0, -135, 
2019-12-04 14:34:34.291,214431272, 942.6625462851893, 857768, 50.57758063790478, 48323, 0, 0.0, 111, 
2019-12-04 14:34:35.316,239791744, 970.9458314644896, 859087, 51.69875138631422, 48400, 0, 0.0, -239, 
2019-12-04 14:34:36.352,263353896, 970.9458314644896, 860371, 51.69875138631422, 48467, 0, 0.0, -229, 
2019-12-04 14:34:37.385,287287800, 970.9458314644896, 861726, 51.69875138631422, 48541, 0, 0.0, 52, 
2019-12-04 14:34:38.411,312537712, 970.9458314644896, 863063, 51.69875138631422, 48612, 0, 0.0, -127, 
2019-12-04 14:34:39.437,337824056, 997.8632125772248, 864495, 53.17802954930988, 48688, 0, 0.0, -189, 
2019-12-04 14:34:40.462,363990568, 997.8632125772248, 865894, 53.17802954930988, 48759, 0, 0.0, -208, 
2019-12-04 14:34:41.49,106570416, 997.8632125772248, 867357, 53.17802954930988, 48821, 0, 0.0, -64, 
2019-12-04 14:34:42.518,131708000, 997.8632125772248, 868699, 53.17802954930988, 48886, 0, 0.0, 110, 
2019-12-04 14:34:43.543,157371888, 997.8632125772248, 870081, 53.17802954930988, 48944, 0, 0.0, -243, 
2019-12-04 14:34:44.573,182273448, 1026.5462224096088, 871451, 54.219208819374465, 49034, 0, 0.0, -258, 
2019-12-04 14:34:45.61,206302264, 1026.5462224096088, 872798, 54.219208819374465, 49095, 0, 0.0, 68, 
2019-12-04 14:34:46.634,230473448, 1026.5462224096088, 874056, 54.219208819374465, 49164, 0, 0.0, 26, 
2019-12-04 14:34:47.657,255544336, 1026.5462224096088, 875391, 54.219208819374465, 49246, 0, 0.0, 37, 
2019-12-04 14:34:48.682,278255152, 1026.5462224096088, 876644, 54.219208819374465, 49311, 0, 0.0, 26, 
2019-12-04 14:34:49.707,299293936, 1043.5650707952084, 877793, 55.22511334264763, 49370, 0, 0.0, -340, 
2019-12-04 14:34:50.732,325799824, 1043.5650707952084, 879123, 55.22511334264763, 49427, 0, 0.0, -156, 
2019-12-04 14:34:51.76,348226512, 1043.5650707952084, 880363, 55.22511334264763, 49488, 0, 0.0, -90, 
2019-12-04 14:34:52.789,371868784, 1043.5650707952084, 881546, 55.22511334264763, 49563, 0, 0.0, 25, 
2019-12-04 14:34:53.814,115690080, 1043.5650707952084, 882935, 55.22511334264763, 49645, 0, 0.0, -152, 
2019-12-04 14:34:54.837,142134920, 1061.174083478847, 884378, 55.974687893119984, 49712, 0, 0.0, 95, 
2019-12-04 14:34:55.865,167939744, 1061.174083478847, 885826, 55.974687893119984, 49793, 0, 0.0, -601, 
2019-12-04 14:34:56.89,191708184, 1061.174083478847, 887075, 55.974687893119984, 49854, 0, 0.0, -44, 
2019-12-04 14:34:57.918,216031176, 1061.174083478847, 888432, 55.974687893119984, 49939, 0, 0.0, -117, 
2019-12-04 14:34:58.954,241794408, 1061.174083478847, 889871, 55.974687893119984, 50007, 0, 0.0, -256, 
2019-12-04 14:34:59.979,267827392, 1083.8515596605905, 891307, 57.256001103373364, 50074, 0, 0.0, -325, 
2019-12-04 14:35:01.012,294208072, 1083.8515596605905, 892735, 57.256001103373364, 50139, 0, 0.0, -139, 
2019-12-04 14:35:02.038,319844056, 1083.8515596605905, 894193, 57.256001103373364, 50217, 0, 0.0, -31, 
2019-12-04 14:35:03.063,346837256, 1083.8515596605905, 895651, 57.256001103373364, 50297, 0, 0.0, 0, 
2019-12-04 14:35:04.089,372524160, 1083.8515596605905, 897072, 57.256001103373364, 50369, 0, 0.0, -76, 
2019-12-04 14:35:05.113,111783960, 1109.2733133256218, 898458, 58.40288393170949, 50449, 0, 0.0, 72, 
2019-12-04 14:35:06.188,140328784, 1109.2733133256218, 899963, 58.40288393170949, 50542, 0, 0.0, -123, 
2019-12-04 14:35:07.234,165282704, 1109.2733133256218, 901326, 58.40288393170949, 50607, 0, 0.0, -294, 
2019-12-04 14:35:08.261,189459224, 1109.2733133256218, 902667, 58.40288393170949, 50686, 0, 0.0, -319, 
2019-12-04 14:35:09.292,214453568, 1109.2733133256218, 904067, 58.40288393170949, 50745, 0, 0.0, -20, 
2019-12-04 14:35:10.319,239176008, 1128.0570140778652, 905411, 59.42608483800615, 50812, 0, 0.0, -3, 
2019-12-04 14:35:11.343,264599256, 1128.0570140778652, 906857, 59.42608483800615, 50870, 0, 0.0, -61, 
2019-12-04 14:35:12.372,291495680, 1128.0570140778652, 908227, 59.42608483800615, 50930, 0, 0.0, -260, 
2019-12-04 14:35:13.396,318149720, 1128.0570140778652, 909691, 59.42608483800615, 50999, 0, 0.0, -39, 
2019-12-04 14:35:14.42,343117232, 1147.3857160265247, 911076, 59.663865965626094, 51062, 0, 0.0, -221, 
2019-12-04 14:35:15.454,365744768, 1147.3857160265247, 912355, 59.663865965626094, 51131, 0, 0.0, 102, 
2019-12-04 14:35:16.485,105288520, 1147.3857160265247, 913675, 59.663865965626094, 51194, 0, 0.0, -286, 
2019-12-04 14:35:17.509,130755440, 1147.3857160265247, 915009, 59.663865965626094, 51264, 0, 0.0, 78, 
2019-12-04 14:35:18.534,153793280, 1147.3857160265247, 916293, 59.663865965626094, 51332, 0, 0.0, -119, 
2019-12-04 14:35:19.558,178403960, 1157.9409953789145, 917657, 60.0265552176643, 51390, 0, 0.0, 177, 
2019-12-04 14:35:20.584,206835464, 1157.9409953789145, 919139, 60.0265552176643, 51467, 0, 0.0, 23, 
2019-12-04 14:35:21.61,231496672, 1157.9409953789145, 920515, 60.0265552176643, 51536, 0, 0.0, -26, 
2019-12-04 14:35:22.635,257375472, 1157.9409953789145, 921939, 60.0265552176643, 51615, 0, 0.0, -78, 
2019-12-04 14:35:23.66,284283304, 1157.9409953789145, 923378, 60.0265552176643, 51682, 0, 0.0, -97, 
2019-12-04 14:35:24.683,310355688, 1176.5913556363748, 924812, 60.80799671632394, 51752, 0, 0.0, -3, 
2019-12-04 14:35:25.709,333396880, 1176.5913556363748, 926164, 60.80799671632394, 51831, 0, 0.0, -318, 
2019-12-04 14:35:26.732,358017664, 1176.5913556363748, 927444, 60.80799671632394, 51894, 0, 0.0, -38, 
2019-12-04 14:35:27.758,100851632, 1176.5913556363748, 928798, 60.80799671632394, 51965, 0, 0.0, 33, 
2019-12-04 14:35:28.786,124540624, 1176.5913556363748, 930197, 60.80799671632394, 52026, 0, 0.0, -467, 
2019-12-04 14:35:29.817,153684216, 1189.8966562072092, 931736, 61.55893983667358, 52115, 0, 0.0, -173, 
2019-12-04 14:35:30.844,178007640, 1189.8966562072092, 933069, 61.55893983667358, 52178, 0, 0.0, 58, 
2019-12-04 14:35:31.876,203977256, 1189.8966562072092, 934480, 61.55893983667358, 52266, 0, 0.0, 208, 
2019-12-04 14:35:32.9,231707184, 1189.8966562072092, 936026, 61.55893983667358, 52343, 0, 0.0, -243, 
2019-12-04 14:35:33.925,257148456, 1189.8966562072092, 937429, 61.55893983667358, 52414, 0, 0.0, 80, 
2019-12-04 14:35:34.948,282393712, 1205.6081960874571, 938776, 62.42574314807107, 52484, 0, 0.0, -180, 
2019-12-04 14:35:35.973,308854840, 1205.6081960874571, 940177, 62.42574314807107, 52568, 0, 0.0, -23, 
2019-12-04 14:35:36.999,335278624, 1205.6081960874571, 941681, 62.42574314807107, 52641, 0, 0.0, 40, 
2019-12-04 14:35:38.026,362890696, 1205.6081960874571, 943169, 62.42574314807107, 52725, 0, 0.0, 64, 
2019-12-04 14:35:39.052,103761920, 1205.6081960874571, 944627, 62.42574314807107, 52795, 0, 0.0, -62, 
2019-12-04 14:35:40.078,128999720, 1222.3342492240324, 946104, 63.28720516160108, 52854, 0, 0.0, -429, 
2019-12-04 14:35:41.104,156014688, 1222.3342492240324, 947540, 63.28720516160108, 52924, 0, 0.0, 51, 
2019-12-04 14:35:42.135,182734376, 1222.3342492240324, 948971, 63.28720516160108, 52994, 0, 0.0, -10, 
2019-12-04 14:35:43.163,206548528, 1222.3342492240324, 950382, 63.28720516160108, 53066, 0, 0.0, -44, 
2019-12-04 14:35:44.193,233093664, 1222.3342492240324, 951812, 63.28720516160108, 53142, 0, 0.0, -270, 
2019-12-04 14:35:45.218,257245280, 1236.36371603983, 953126, 63.87190395360093, 53215, 0, 0.0, -52, 
2019-12-04 14:35:46.249,283803560, 1236.36371603983, 954611, 63.87190395360093, 53301, 0, 0.0, -390, 
2019-12-04 14:35:47.298,310803280, 1236.36371603983, 956047, 63.87190395360093, 53383, 0, 0.0, -31, 
2019-12-04 14:35:48.323,334794184, 1236.36371603983, 957407, 63.87190395360093, 53449, 0, 0.0, -172, 
2019-12-04 14:35:49.354,362602888, 1236.36371603983, 958895, 63.87190395360093, 53535, 0, 0.0, -167, 
2019-12-04 14:35:50.379,104214392, 1247.0646744677015, 960176, 64.76165738705187, 53607, 0, 0.0, 53, 
2019-12-04 14:35:51.408,130292848, 1247.0646744677015, 961603, 64.76165738705187, 53680, 0, 0.0, 60, 
2019-12-04 14:35:52.433,156459080, 1247.0646744677015, 963029, 64.76165738705187, 53759, 0, 0.0, -223, 
2019-12-04 14:35:53.459,182061048, 1247.0646744677015, 964462, 64.76165738705187, 53825, 0, 0.0, 195, 
2019-12-04 14:35:54.483,219746880, 1256.6861558614073, 965928, 65.32441219070952, 53905, 0, 0.0, 3, 
2019-12-04 14:35:55.509,248036648, 1256.6861558614073, 967374, 65.32441219070952, 53992, 0, 0.0, -44, 
2019-12-04 14:35:56.535,277329936, 1256.6861558614073, 968920, 65.32441219070952, 54062, 0, 0.0, 77, 
2019-12-04 14:35:57.563,303958560, 1256.6861558614073, 970409, 65.32441219070952, 54118, 0, 0.0, -370, 
2019-12-04 14:35:58.587,331723856, 1256.6861558614073, 971940, 65.32441219070952, 54198, 0, 0.0, -74, 
2019-12-04 14:35:59.621,357555312, 1272.8942599322486, 973380, 66.05005612658431, 54285, 0, 0.0, -108, 
2019-12-04 14:36:00.646,98054352, 1272.8942599322486, 974785, 66.05005612658431, 54366, 0, 0.0, -282, 
2019-12-04 14:36:01.671,124759512, 1272.8942599322486, 976175, 66.05005612658431, 54436, 0, 0.0, -55, 
2019-12-04 14:36:02.697,150572368, 1272.8942599322486, 977629, 66.05005612658431, 54518, 0, 0.0, -151, 
2019-12-04 14:36:03.723,179665824, 1272.8942599322486, 979158, 66.05005612658431, 54594, 0, 0.0, 74, 
2019-12-04 14:36:04.761,206838256, 1283.1210382516354, 980646, 66.79763636216624, 54674, 0, 0.0, 64, 
2019-12-04 14:36:05.788,233708328, 1283.1210382516354, 982158, 66.79763636216624, 54746, 0, 0.0, 107, 
2019-12-04 14:36:06.814,259102736, 1283.1210382516354, 983615, 66.79763636216624, 54826, 0, 0.0, -42, 
2019-12-04 14:36:07.837,283086072, 1283.1210382516354, 984919, 66.79763636216624, 54894, 0, 0.0, -146, 
2019-12-04 14:36:08.862,307041632, 1283.1210382516354, 986218, 66.79763636216624, 54970, 0, 0.0, -124, 
2019-12-04 14:36:09.886,330653072, 1289.523798514102, 987565, 67.18161215799209, 55042, 0, 0.0, 31, 
2019-12-04 14:36:10.909,359224696, 1289.523798514102, 988971, 67.18161215799209, 55129, 0, 0.0, -432, 
2019-12-04 14:36:11.937,101712736, 1289.523798514102, 990414, 67.18161215799209, 55210, 0, 0.0, -101, 
2019-12-04 14:36:12.964,125475208, 1289.523798514102, 991785, 67.18161215799209, 55276, 0, 0.0, -596, 
2019-12-04 14:36:13.99,151822760, 1289.523798514102, 993130, 67.18161215799209, 55344, 0, 0.0, -56, 
2019-12-04 14:36:15.018,174837416, 1293.9114573268262, 994405, 67.64682476381346, 55405, 0, 0.0, -79, 
2019-12-04 14:36:16.042,200311752, 1293.9114573268262, 995817, 67.64682476381346, 55479, 0, 0.0, -86, 
2019-12-04 14:36:17.067,225196168, 1293.9114573268262, 997235, 67.64682476381346, 55547, 0, 0.0, -12, 
2019-12-04 14:36:18.099,253944904, 1293.9114573268262, 998741, 67.64682476381346, 55631, 0, 0.0, 14, 
2019-12-04 14:36:19.122,281982264, 1293.9114573268262, 1000252, 67.64682476381346, 55711, 0, 0.0, 121, 
2019-12-04 14:36:20.146,305782936, 1302.2179265695663, 1001663, 67.9948854380439, 55769, 0, 0.0, -623, 
2019-12-04 14:36:21.172,332818544, 1302.2179265695663, 1003130, 67.9948854380439, 55855, 0, 0.0, 84, 
2019-12-04 14:36:22.199,359764136, 1302.2179265695663, 1004573, 67.9948854380439, 55936, 0, 0.0, -3, 
2019-12-04 14:36:23.225,99209984, 1302.2179265695663, 1005899, 67.9948854380439, 56001, 0, 0.0, 126, 
2019-12-04 14:36:24.251,125792448, 1302.2179265695663, 1007302, 67.9948854380439, 56082, 0, 0.0, 98, 
2019-12-04 14:36:25.275,152273296, 1308.229153260078, 1008731, 68.3950723026924, 56167, 0, 0.0, -5, 
2019-12-04 14:36:26.301,176801304, 1308.229153260078, 1010159, 68.3950723026924, 56240, 0, 0.0, -121, 
2019-12-04 14:36:27.326,204371840, 1308.229153260078, 1011607, 68.3950723026924, 56320, 0, 0.0, -56, 
2019-12-04 14:36:28.35,229535184, 1308.229153260078, 1013006, 68.3950723026924, 56392, 0, 0.0, 49, 
2019-12-04 14:36:29.373,255076944, 1308.229153260078, 1014413, 68.3950723026924, 56471, 0, 0.0, -173, 
2019-12-04 14:36:30.399,280779752, 1314.5593046554604, 1015761, 68.98713763135817, 56537, 0, 0.0, -244, 
2019-12-04 14:36:31.426,306121152, 1314.5593046554604, 1017240, 68.98713763135817, 56600, 0, 0.0, -83, 
2019-12-04 14:36:32.45,333643584, 1314.5593046554604, 1018672, 68.98713763135817, 56678, 0, 0.0, -21, 
2019-12-04 14:36:33.478,358351296, 1314.5593046554604, 1020067, 68.98713763135817, 56759, 0, 0.0, -164, 
2019-12-04 14:36:34.503,101298560, 1318.9761067880163, 1021452, 69.24402392275834, 56844, 0, 0.0, -148, 
2019-12-04 14:36:35.529,127901280, 1318.9761067880163, 1022898, 69.24402392275834, 56919, 0, 0.0, -3, 
2019-12-04 14:36:36.554,153954936, 1318.9761067880163, 1024374, 69.24402392275834, 56995, 0, 0.0, -17, 
2019-12-04 14:36:37.618,181701984, 1318.9761067880163, 1025929, 69.24402392275834, 57084, 0, 0.0, 108, 
2019-12-04 14:36:38.644,205948600, 1318.9761067880163, 1027319, 69.24402392275834, 57148, 0, 0.0, -72, 
2019-12-04 14:36:39.67,233213512, 1325.6463130036811, 1028697, 69.59230853987485, 57223, 0, 0.0, 26, 
2019-12-04 14:36:40.697,258720192, 1325.6463130036811, 1030113, 69.59230853987485, 57322, 0, 0.0, -164, 
2019-12-04 14:36:41.728,284893640, 1325.6463130036811, 1031504, 69.59230853987485, 57396, 0, 0.0, 107, 
2019-12-04 14:36:42.753,310549128, 1325.6463130036811, 1032984, 69.59230853987485, 57468, 0, 0.0, 73, 
2019-12-04 14:36:43.779,336153376, 1325.6463130036811, 1034420, 69.59230853987485, 57542, 0, 0.0, -76, 
2019-12-04 14:36:44.803,361558168, 1331.575314454866, 1035771, 69.97671032485077, 57608, 0, 0.0, -60, 
2019-12-04 14:36:45.827,100173024, 1331.575314454866, 1036973, 69.97671032485077, 57676, 0, 0.0, -125, 
2019-12-04 14:36:46.852,123670368, 1331.575314454866, 1038197, 69.97671032485077, 57747, 0, 0.0, -57, 
2019-12-04 14:36:47.876,148846640, 1331.575314454866, 1039543, 69.97671032485077, 57807, 0, 0.0, -52, 
2019-12-04 14:36:48.901,172040080, 1331.575314454866, 1040800, 69.97671032485077, 57889, 0, 0.0, -42, 
2019-12-04 14:36:49.925,195693560, 1323.2938895576751, 1042049, 69.96258134738628, 57956, 0, 0.0, -120, 
2019-12-04 14:36:50.949,217879048, 1323.2938895576751, 1043321, 69.96258134738628, 58016, 0, 0.0, -116, 
2019-12-04 14:36:51.971,239004448, 1323.2938895576751, 1044348, 69.96258134738628, 58071, 0, 0.0, 23, 
2019-12-04 14:36:52.993,265815312, 1323.2938895576751, 1045627, 69.96258134738628, 58128, 0, 0.0, -63, 
2019-12-04 14:36:54.021,293757040, 1323.2938895576751, 1046942, 69.96258134738628, 58206, 0, 0.0, -128, 
2019-12-04 14:36:55.044,321774576, 1312.9081475820174, 1048251, 69.4218751971392, 58288, 0, 0.0, 27, 
2019-12-04 14:36:56.073,351110352, 1312.9081475820174, 1049631, 69.4218751971392, 58347, 0, 0.0, 1, 
2019-12-04 14:36:57.096,99503392, 1312.9081475820174, 1051010, 69.4218751971392, 58425, 0, 0.0, -173, 
2019-12-04 14:36:58.119,126185680, 1312.9081475820174, 1052297, 69.4218751971392, 58500, 0, 0.0, 118, 
2019-12-04 14:36:59.142,153558336, 1312.9081475820174, 1053621, 69.4218751971392, 58554, 0, 0.0, -202, 
2019-12-04 14:37:00.171,180416816, 1312.4357581836407, 1054955, 69.24422386513135, 58635, 0, 0.0, -78, 
2019-12-04 14:37:01.199,208323136, 1312.4357581836407, 1056266, 69.24422386513135, 58709, 0, 0.0, -102, 
2019-12-04 14:37:02.223,237002176, 1312.4357581836407, 1057556, 69.24422386513135, 58786, 0, 0.0, -134, 
2019-12-04 14:37:03.246,264704384, 1312.4357581836407, 1058859, 69.24422386513135, 58857, 0, 0.0, 62, 
2019-12-04 14:37:04.273,289597632, 1312.4357581836407, 1060020, 69.24422386513135, 58924, 0, 0.0, 83, 
2019-12-04 14:37:05.296,316929552, 1307.0918660143748, 1061327, 69.38460797377464, 58993, 0, 0.0, 178, 
2019-12-04 14:37:06.322,346861224, 1307.0918660143748, 1062709, 69.38460797377464, 59071, 0, 0.0, 68, 
2019-12-04 14:37:07.345,373502560, 1307.0918660143748, 1064049, 69.38460797377464, 59149, 0, 0.0, -277, 
2019-12-04 14:37:08.367,116591616, 1307.0918660143748, 1065414, 69.38460797377464, 59226, 0, 0.0, 27, 
2019-12-04 14:37:09.431,143470984, 1307.3243875695318, 1066700, 69.561740940057, 59287, 0, 0.0, -12, 
2019-12-04 14:37:10.478,176815792, 1307.3243875695318, 1068029, 69.561740940057, 59367, 0, 0.0, 131, 
2019-12-04 14:37:11.505,204468904, 1307.3243875695318, 1069396, 69.561740940057, 59435, 0, 0.0, -56, 
2019-12-04 14:37:12.531,233635040, 1307.3243875695318, 1070636, 69.561740940057, 59505, 0, 0.0, -5, 
2019-12-04 14:37:13.554,261069464, 1307.3243875695318, 1071936, 69.561740940057, 59588, 0, 0.0, -102, 
2019-12-04 14:37:14.583,293665696, 1303.5565295761753, 1073260, 69.50083549729395, 59648, 0, 0.0, -52, 
2019-12-04 14:37:15.617,320792960, 1303.5565295761753, 1074566, 69.50083549729395, 59717, 0, 0.0, 101, 
2019-12-04 14:37:16.641,348426088, 1303.5565295761753, 1075876, 69.50083549729395, 59799, 0, 0.0, -229, 
2019-12-04 14:37:17.667,95554888, 1303.5565295761753, 1077208, 69.50083549729395, 59874, 0, 0.0, -116, 
2019-12-04 14:37:18.692,121936544, 1303.5565295761753, 1078523, 69.50083549729395, 59944, 0, 0.0, -422, 
2019-12-04 14:37:19.716,151907416, 1302.0888225085382, 1079884, 69.66867542389716, 60015, 0, 0.0, 51, 
2019-12-04 14:37:20.739,180801872, 1302.0888225085382, 1081222, 69.66867542389716, 60083, 0, 0.0, 43, 
2019-12-04 14:37:21.764,207615800, 1302.0888225085382, 1082515, 69.66867542389716, 60155, 0, 0.0, -68, 
2019-12-04 14:37:22.788,236600560, 1302.0888225085382, 1083908, 69.66867542389716, 60222, 0, 0.0, -167, 
2019-12-04 14:37:23.813,263571160, 1302.0888225085382, 1085219, 69.66867542389716, 60290, 0, 0.0, -51, 
2019-12-04 14:37:24.837,292619240, 1302.4175341114308, 1086535, 69.55124662065994, 60368, 0, 0.0, 36, 
2019-12-04 14:37:25.869,320884640, 1302.4175341114308, 1087874, 69.55124662065994, 60436, 0, 0.0, -18, 
2019-12-04 14:37:26.894,351801992, 1302.4175341114308, 1089163, 69.55124662065994, 60505, 0, 0.0, -139, 
2019-12-04 14:37:27.916,93391568, 1302.4175341114308, 1090295, 69.55124662065994, 60557, 0, 0.0, -180, 
2019-12-04 14:37:28.938,119576424, 1302.4175341114308, 1091634, 69.55124662065994, 60643, 0, 0.0, -235, 
2019-12-04 14:37:29.962,148522216, 1298.6742107659397, 1093001, 69.37924243782838, 60715, 0, 0.0, 34, 
2019-12-04 14:37:30.984,175251168, 1298.6742107659397, 1094330, 69.37924243782838, 60782, 0, 0.0, -71, 
2019-12-04 14:37:32.008,203655456, 1298.6742107659397, 1095672, 69.37924243782838, 60854, 0, 0.0, -114, 
2019-12-04 14:37:33.033,232604248, 1298.6742107659397, 1096969, 69.37924243782838, 60920, 0, 0.0, -124, 
2019-12-04 14:37:34.058,260410928, 1298.6742107659397, 1098296, 69.37924243782838, 60989, 0, 0.0, -423, 
2019-12-04 14:37:35.082,286978600, 1298.3164726250773, 1099605, 69.36491100378855, 61060, 0, 0.0, -44, 
2019-12-04 14:37:36.108,316205136, 1298.3164726250773, 1100958, 69.36491100378855, 61139, 0, 0.0, -166, 
2019-12-04 14:37:37.132,344876928, 1298.3164726250773, 1102180, 69.36491100378855, 61209, 0, 0.0, -56, 
2019-12-04 14:37:38.157,372864048, 1298.3164726250773, 1103440, 69.36491100378855, 61289, 0, 0.0, -123, 
2019-12-04 14:37:39.183,114117760, 1298.3164726250773, 1104709, 69.36491100378855, 61357, 0, 0.0, 23, 
2019-12-04 14:37:40.21,143956488, 1294.245416251329, 1106043, 69.44767215039138, 61432, 0, 0.0, -24, 
2019-12-04 14:37:41.234,171073184, 1294.245416251329, 1107380, 69.44767215039138, 61523, 0, 0.0, -244, 
2019-12-04 14:37:42.261,200054552, 1294.245416251329, 1108749, 69.44767215039138, 61585, 0, 0.0, -299, 
2019-12-04 14:37:43.293,226506160, 1294.245416251329, 1110046, 69.44767215039138, 61661, 0, 0.0, 184, 
2019-12-04 14:37:44.318,252831608, 1294.245416251329, 1111310, 69.44767215039138, 61737, 0, 0.0, -18, 
2019-12-04 14:37:45.342,285894336, 1293.9539448610342, 1112641, 69.87562065670261, 61816, 0, 0.0, -32, 
2019-12-04 14:37:46.365,311739512, 1293.9539448610342, 1113842, 69.87562065670261, 61886, 0, 0.0, -35, 
2019-12-04 14:37:47.389,341272960, 1293.9539448610342, 1115153, 69.87562065670261, 61958, 0, 0.0, -513, 
2019-12-04 14:37:48.415,369446968, 1293.9539448610342, 1116477, 69.87562065670261, 62045, 0, 0.0, 87, 
2019-12-04 14:37:49.438,116220344, 1291.894773124066, 1117805, 70.20538782138668, 62112, 0, 0.0, -1124, 
2019-12-04 14:37:50.463,142927976, 1291.894773124066, 1119094, 70.20538782138668, 62175, 0, 0.0, -59, 
2019-12-04 14:37:51.486,170209360, 1291.894773124066, 1120403, 70.20538782138668, 62240, 0, 0.0, 43, 
2019-12-04 14:37:52.51,198260328, 1291.894773124066, 1121735, 70.20538782138668, 62304, 0, 0.0, -10, 
2019-12-04 14:37:53.534,228565160, 1291.894773124066, 1123002, 70.20538782138668, 62372, 0, 0.0, -30, 
2019-12-04 14:37:54.563,255075536, 1289.0727588784061, 1124273, 69.78918799104632, 62450, 0, 0.0, -158, 
2019-12-04 14:37:55.587,282187752, 1289.0727588784061, 1125515, 69.78918799104632, 62507, 0, 0.0, -101, 
2019-12-04 14:37:56.611,309518376, 1289.0727588784061, 1126816, 69.78918799104632, 62585, 0, 0.0, -39, 
2019-12-04 14:37:57.635,335741648, 1289.0727588784061, 1128070, 69.78918799104632, 62656, 0, 0.0, 5, 
2019-12-04 14:37:58.659,364125960, 1289.0727588784061, 1129402, 69.78918799104632, 62722, 0, 0.0, -93, 
2019-12-04 14:37:59.681,106094480, 1286.5083626678306, 1130683, 69.51820348129094, 62787, 0, 0.0, 3, 
2019-12-04 14:38:00.703,134014840, 1286.5083626678306, 1132001, 69.51820348129094, 62870, 0, 0.0, -238, 
2019-12-04 14:38:01.726,162960672, 1286.5083626678306, 1133401, 69.51820348129094, 62940, 0, 0.0, 66, 
2019-12-04 14:38:02.748,189632624, 1286.5083626678306, 1134663, 69.51820348129094, 62995, 0, 0.0, -78, 
2019-12-04 14:38:03.77,215931864, 1286.5083626678306, 1135838, 69.51820348129094, 63061, 0, 0.0, -8, 
2019-12-04 14:38:04.793,241318688, 1283.5093595744286, 1137062, 69.3808235161584, 63129, 0, 0.0, -98, 
2019-12-04 14:38:05.817,269357984, 1283.5093595744286, 1138382, 69.3808235161584, 63204, 0, 0.0, 38, 
2019-12-04 14:38:06.841,300472552, 1283.5093595744286, 1139653, 69.3808235161584, 63268, 0, 0.0, -150, 
2019-12-04 14:38:07.865,317008160, 1283.5093595744286, 1140430, 69.3808235161584, 63301, 0, 0.0, 92, 
2019-12-04 14:38:08.895,329420232, 1283.5093595744286, 1140893, 69.3808235161584, 63330, 0, 0.0, -38, 
2019-12-04 14:38:09.919,342083336, 1253.8370934931181, 1141375, 67.63932502206855, 63358, 0, 0.0, -6, 
2019-12-04 14:38:10.946,355241504, 1253.8370934931181, 1141910, 67.63932502206855, 63383, 0, 0.0, 46, 
2019-12-04 14:38:11.97,366621752, 1253.8370934931181, 1142419, 67.63932502206855, 63411, 0, 0.0, -68, 
2019-12-04 14:38:12.994,93042600, 1253.8370934931181, 1142898, 67.63932502206855, 63432, 0, 0.0, 9, 
2019-12-04 14:38:14.019,106061416, 1253.8370934931181, 1143383, 67.63932502206855, 63465, 0, 0.0, -18, 
2019-12-04 14:38:15.047,116875792, 1192.332291394038, 1143835, 64.34201064963746, 63495, 0, 0.0, 48, 
2019-12-04 14:38:16.08,129370384, 1192.332291394038, 1144329, 64.34201064963746, 63516, 0, 0.0, 3, 
2019-12-04 14:38:17.106,141365712, 1192.332291394038, 1144838, 64.34201064963746, 63535, 0, 0.0, -61, 
2019-12-04 14:38:18.129,154211976, 1192.332291394038, 1145314, 64.34201064963746, 63564, 0, 0.0, 46, 
2019-12-04 14:38:19.154,165844960, 1192.332291394038, 1145783, 64.34201064963746, 63594, 0, 0.0, 43, 
2019-12-04 14:38:20.179,177790136, 1134.6257635547079, 1146285, 61.26036162678284, 63620, 0, 0.0, 18, 
2019-12-04 14:38:21.206,190166496, 1134.6257635547079, 1146786, 61.26036162678284, 63638, 0, 0.0, -136, 
2019-12-04 14:38:22.231,202106728, 1134.6257635547079, 1147258, 61.26036162678284, 63674, 0, 0.0, -64, 
2019-12-04 14:38:23.254,213073776, 1134.6257635547079, 1147765, 61.26036162678284, 63701, 0, 0.0, 36, 
2019-12-04 14:38:24.279,225037816, 1134.6257635547079, 1148252, 61.26036162678284, 63721, 0, 0.0, 4, 
2019-12-04 14:38:25.308,238413232, 1082.3807241334098, 1148764, 58.329160953012725, 63742, 0, 0.0, 42, 
2019-12-04 14:38:26.332,250056520, 1082.3807241334098, 1149230, 58.329160953012725, 63765, 0, 0.0, -7, 
2019-12-04 14:38:27.356,263158768, 1082.3807241334098, 1149739, 58.329160953012725, 63800, 0, 0.0, -77, 
2019-12-04 14:38:28.379,274716984, 1082.3807241334098, 1150225, 58.329160953012725, 63821, 0, 0.0, -16, 
2019-12-04 14:38:29.403,285010264, 1034.4249052412747, 1150719, 55.52038832543388, 63843, 0, 0.0, -9, 
2019-12-04 14:38:30.428,298115920, 1034.4249052412747, 1151244, 55.52038832543388, 63862, 0, 0.0, -112, 
2019-12-04 14:38:31.451,311367720, 1034.4249052412747, 1151740, 55.52038832543388, 63888, 0, 0.0, 6, 
2019-12-04 14:38:32.477,322799416, 1034.4249052412747, 1152203, 55.52038832543388, 63914, 0, 0.0, -3, 
2019-12-04 14:38:33.528,335533176, 1034.4249052412747, 1152724, 55.52038832543388, 63927, 0, 0.0, -77, 
2019-12-04 14:38:34.552,347968536, 991.0390133060005, 1153238, 52.680334884280065, 63947, 0, 0.0, -33, 
2019-12-04 14:38:35.601,359627848, 991.0390133060005, 1153745, 52.680334884280065, 63974, 0, 0.0, -31, 
2019-12-04 14:38:36.625,370573360, 991.0390133060005, 1154215, 52.680334884280065, 64003, 0, 0.0, -36, 
2019-12-04 14:38:37.654,100616176, 991.0390133060005, 1154682, 52.680334884280065, 64028, 0, 0.0, 50, 
2019-12-04 14:38:38.68,111748752, 991.0390133060005, 1155152, 52.680334884280065, 64048, 0, 0.0, 10, 
2019-12-04 14:38:39.704,124197168, 948.3076291521924, 1155608, 50.51511085657349, 64084, 0, 0.0, 18, 
2019-12-04 14:38:40.729,135299480, 948.3076291521924, 1156095, 50.51511085657349, 64114, 0, 0.0, -7, 
2019-12-04 14:38:41.754,147656936, 948.3076291521924, 1156582, 50.51511085657349, 64141, 0, 0.0, 36, 
2019-12-04 14:38:42.783,159006312, 948.3076291521924, 1157072, 50.51511085657349, 64173, 0, 0.0, -60, 
2019-12-04 14:38:43.81,170815400, 948.3076291521924, 1157534, 50.51511085657349, 64200, 0, 0.0, -34, 
2019-12-04 14:38:44.834,183332704, 910.2241738468097, 1158017, 48.714901988350476, 64225, 0, 0.0, -23, 
2019-12-04 14:38:45.859,195551368, 910.2241738468097, 1158523, 48.714901988350476, 64247, 0, 0.0, -1, 
2019-12-04 14:38:46.887,207113160, 910.2241738468097, 1159007, 48.714901988350476, 64266, 0, 0.0, -12, 
2019-12-04 14:38:47.911,218396544, 910.2241738468097, 1159472, 48.714901988350476, 64301, 0, 0.0, -48, 
2019-12-04 14:38:48.941,230334272, 910.2241738468097, 1159952, 48.714901988350476, 64331, 0, 0.0, -98, 
2019-12-04 14:38:49.969,241855672, 875.1377301520844, 1160444, 46.97867428860504, 64357, 0, 0.0, -44, 
2019-12-04 14:38:50.997,253926752, 875.1377301520844, 1160948, 46.97867428860504, 64378, 0, 0.0, -3, 
2019-12-04 14:38:52.022,267277368, 875.1377301520844, 1161445, 46.97867428860504, 64406, 0, 0.0, 19, 
2019-12-04 14:38:53.053,278515600, 875.1377301520844, 1161919, 46.97867428860504, 64427, 0, 0.0, -41, 
2019-12-04 14:38:54.081,289799992, 875.1377301520844, 1162423, 46.97867428860504, 64454, 0, 0.0, -17, 
2019-12-04 14:38:55.111,302563160, 843.5122794015857, 1162903, 45.09342758359511, 64478, 0, 0.0, 64, 
2019-12-04 14:38:56.139,314412480, 843.5122794015857, 1163422, 45.09342758359511, 64509, 0, 0.0, -34, 
2019-12-04 14:38:57.164,327263224, 843.5122794015857, 1163978, 45.09342758359511, 64541, 0, 0.0, 59, 
2019-12-04 14:38:58.191,338348368, 843.5122794015857, 1164450, 45.09342758359511, 64565, 0, 0.0, 43, 
2019-12-04 14:38:59.216,352805536, 843.5122794015857, 1164930, 45.09342758359511, 64590, 0, 0.0, -8, 
2019-12-04 14:39:00.248,365850456, 815.1190692297167, 1165428, 43.61477475563854, 64618, 0, 0.0, 11, 
2019-12-04 14:39:01.273,93124960, 815.1190692297167, 1165909, 43.61477475563854, 64637, 0, 0.0, 42, 
2019-12-04 14:39:02.304,105412632, 815.1190692297167, 1166369, 43.61477475563854, 64672, 0, 0.0, 7, 
2019-12-04 14:39:03.335,117273024, 815.1190692297167, 1166865, 43.61477475563854, 64692, 0, 0.0, -15, 
2019-12-04 14:39:04.359,129810608, 815.1190692297167, 1167357, 43.61477475563854, 64721, 0, 0.0, -27, 
2019-12-04 14:39:05.385,141896560, 787.7487476659095, 1167864, 42.1424106605823, 64749, 0, 0.0, -34, 
2019-12-04 14:39:06.409,153192560, 787.7487476659095, 1168340, 42.1424106605823, 64780, 0, 0.0, -29, 
2019-12-04 14:39:07.438,164765296, 787.7487476659095, 1168841, 42.1424106605823, 64804, 0, 0.0, -62, 
2019-12-04 14:39:08.463,177831512, 787.7487476659095, 1169353, 42.1424106605823, 64832, 0, 0.0, -2, 
2019-12-04 14:39:09.492,191379584, 763.5422943260423, 1169842, 41.01164593766295, 64863, 0, 0.0, -83, 
2019-12-04 14:39:10.516,202522352, 763.5422943260423, 1170324, 41.01164593766295, 64893, 0, 0.0, -1, 
2019-12-04 14:39:11.54,213957704, 763.5422943260423, 1170836, 41.01164593766295, 64917, 0, 0.0, 14, 
2019-12-04 14:39:12.564,226378912, 763.5422943260423, 1171352, 41.01164593766295, 64949, 0, 0.0, -73, 
2019-12-04 14:39:13.591,239268296, 763.5422943260423, 1171826, 41.01164593766295, 64977, 0, 0.0, 26, 
2019-12-04 14:39:14.614,250307624, 741.3672288351571, 1172327, 39.8753454676363, 65007, 0, 0.0, -52, 
2019-12-04 14:39:15.638,263564840, 741.3672288351571, 1172813, 39.8753454676363, 65033, 0, 0.0, 10, 
2019-12-04 14:39:16.663,275228192, 741.3672288351571, 1173316, 39.8753454676363, 65045, 0, 0.0, -117, 
2019-12-04 14:39:17.688,286093608, 741.3672288351571, 1173804, 39.8753454676363, 65071, 0, 0.0, 24, 
2019-12-04 14:39:18.716,299971832, 741.3672288351571, 1174324, 39.8753454676363, 65100, 0, 0.0, 30, 
2019-12-04 14:39:19.741,311138664, 720.7413080471908, 1174807, 38.54205845951318, 65119, 0, 0.0, 18, 
2019-12-04 14:39:20.765,323111712, 720.7413080471908, 1175287, 38.54205845951318, 65159, 0, 0.0, -111, 
2019-12-04 14:39:21.794,334690472, 720.7413080471908, 1175788, 38.54205845951318, 65181, 0, 0.0, -112, 
2019-12-04 14:39:22.819,346941120, 720.7413080471908, 1176273, 38.54205845951318, 65216, 0, 0.0, -100, 
2019-12-04 14:39:23.847,360098656, 720.7413080471908, 1176775, 38.54205845951318, 65247, 0, 0.0, 15, 
2019-12-04 14:39:24.87,370543448, 701.1568823808184, 1177253, 37.84308205803813, 65272, 0, 0.0, -51, 
2019-12-04 14:39:25.894,98894960, 701.1568823808184, 1177757, 37.84308205803813, 65299, 0, 0.0, -117, 
2019-12-04 14:39:26.918,111166544, 701.1568823808184, 1178264, 37.84308205803813, 65323, 0, 0.0, 39, 
2019-12-04 14:39:27.943,123214856, 701.1568823808184, 1178764, 37.84308205803813, 65351, 0, 0.0, 19, 
2019-12-04 14:39:28.971,133803640, 701.1568823808184, 1179263, 37.84308205803813, 65375, 0, 0.0, 21, 
2019-12-04 14:39:29.997,148421848, 684.0978079571975, 1179769, 36.84818814827232, 65403, 0, 0.0, 8, 
2019-12-04 14:39:31.021,160548624, 684.0978079571975, 1180276, 36.84818814827232, 65422, 0, 0.0, 27, 
2019-12-04 14:39:32.049,171889512, 684.0978079571975, 1180741, 36.84818814827232, 65453, 0, 0.0, 41, 
2019-12-04 14:39:33.073,184547880, 684.0978079571975, 1181218, 36.84818814827232, 65488, 0, 0.0, -65, 
2019-12-04 14:39:34.098,195627592, 684.0978079571975, 1181698, 36.84818814827232, 65522, 0, 0.0, -53, 
2019-12-04 14:39:35.123,209007384, 667.3153058539579, 1182212, 36.172708319555596, 65550, 0, 0.0, 1, 
2019-12-04 14:39:36.153,220856328, 667.3153058539579, 1182700, 36.172708319555596, 65571, 0, 0.0, -97, 
2019-12-04 14:39:37.177,231992176, 667.3153058539579, 1183169, 36.172708319555596, 65602, 0, 0.0, -23, 
2019-12-04 14:39:38.202,244510416, 667.3153058539579, 1183678, 36.172708319555596, 65620, 0, 0.0, 34, 
2019-12-04 14:39:39.226,256954624, 667.3153058539579, 1184170, 36.172708319555596, 65644, 0, 0.0, -30, 
2019-12-04 14:39:40.25,269205976, 652.6102499157777, 1184677, 35.167450066170744, 65673, 0, 0.0, -12, 
2019-12-04 14:39:41.28,281903800, 652.6102499157777, 1185166, 35.167450066170744, 65697, 0, 0.0, -6, 
2019-12-04 14:39:42.302,294762400, 652.6102499157777, 1185670, 35.167450066170744, 65717, 0, 0.0, 1, 
2019-12-04 14:39:43.327,305737576, 652.6102499157777, 1186123, 35.167450066170744, 65746, 0, 0.0, 36, 
2019-12-04 14:39:44.351,317538344, 652.6102499157777, 1186590, 35.167450066170744, 65773, 0, 0.0, 27, 
2019-12-04 14:39:45.381,329599368, 638.0575138402985, 1187090, 34.35450564440294, 65792, 0, 0.0, -20, 
2019-12-04 14:39:46.407,342446208, 638.0575138402985, 1187597, 34.35450564440294, 65817, 0, 0.0, -12, 
2019-12-04 14:39:47.436,353866336, 638.0575138402985, 1188084, 34.35450564440294, 65847, 0, 0.0, -15, 
2019-12-04 14:39:48.462,366310104, 638.0575138402985, 1188583, 34.35450564440294, 65874, 0, 0.0, 36, 
2019-12-04 14:39:49.487,94869136, 625.8996663111877, 1189096, 33.6065606697514, 65902, 0, 0.0, -13, 
2019-12-04 14:39:50.519,105998280, 625.8996663111877, 1189555, 33.6065606697514, 65928, 0, 0.0, 38, 
2019-12-04 14:39:51.545,118083584, 625.8996663111877, 1190064, 33.6065606697514, 65947, 0, 0.0, -49, 
2019-12-04 14:39:52.568,130798232, 625.8996663111877, 1190595, 33.6065606697514, 65962, 0, 0.0, -20, 
2019-12-04 14:39:53.595,141112320, 625.8996663111877, 1191120, 33.6065606697514, 65991, 0, 0.0, 70, 
2019-12-04 14:39:54.625,151481552, 614.8738177688557, 1191621, 32.58260461481635, 66007, 0, 0.0, -135, 
2019-12-04 14:39:55.65,163369016, 614.8738177688557, 1192122, 32.58260461481635, 66032, 0, 0.0, -18, 
2019-12-04 14:39:56.675,173364736, 614.8738177688557, 1192618, 32.58260461481635, 66054, 0, 0.0, -14, 
2019-12-04 14:39:57.699,184114728, 614.8738177688557, 1193082, 32.58260461481635, 66088, 0, 0.0, -29, 
2019-12-04 14:39:58.725,195262448, 614.8738177688557, 1193577, 32.58260461481635, 66121, 0, 0.0, -45, 
2019-12-04 14:39:59.751,206800112, 604.5376539960446, 1194078, 32.1522353120198, 66147, 0, 0.0, -28, 
2019-12-04 14:40:00.776,217791568, 604.5376539960446, 1194551, 32.1522353120198, 66168, 0, 0.0, 27, 
2019-12-04 14:40:01.801,228786232, 604.5376539960446, 1195049, 32.1522353120198, 66189, 0, 0.0, -61, 
2019-12-04 14:40:02.827,238825720, 604.5376539960446, 1195532, 32.1522353120198, 66207, 0, 0.0, -128, 
2019-12-04 14:40:03.857,249799048, 604.5376539960446, 1196018, 32.1522353120198, 66230, 0, 0.0, 11, 
2019-12-04 14:40:04.883,259455624, 594.0204838725052, 1196493, 31.276542926529864, 66252, 0, 0.0, -10, 
2019-12-04 14:40:05.911,271493160, 594.0204838725052, 1196996, 31.276542926529864, 66286, 0, 0.0, -47, 
2019-12-04 14:40:06.937,281419080, 594.0204838725052, 1197473, 31.276542926529864, 66306, 0, 0.0, 10, 
2019-12-04 14:40:07.962,292209912, 594.0204838725052, 1197954, 31.276542926529864, 66330, 0, 0.0, 14, 
2019-12-04 14:40:08.987,302381120, 594.0204838725052, 1198403, 31.276542926529864, 66365, 0, 0.0, -10, 
2019-12-04 14:40:10.013,312331376, 583.3847532181884, 1198863, 30.886636082253933, 66386, 0, 0.0, 1, 
2019-12-04 14:40:11.07,323731416, 583.3847532181884, 1199441, 30.886636082253933, 66409, 0, 0.0, 141, 
2019-12-04 14:40:12.095,334566920, 583.3847532181884, 1199914, 30.886636082253933, 66438, 0, 0.0, -35, 
2019-12-04 14:40:13.122,344885088, 583.3847532181884, 1200389, 30.886636082253933, 66465, 0, 0.0, -8, 
2019-12-04 14:40:14.147,356852592, 583.3847532181884, 1200878, 30.886636082253933, 66496, 0, 0.0, 17, 
2019-12-04 14:40:15.173,366746176, 575.21451145867, 1201370, 30.447948882581443, 66522, 0, 0.0, -21, 
2019-12-04 14:40:16.199,92545920, 575.21451145867, 1201850, 30.447948882581443, 66547, 0, 0.0, -1, 
2019-12-04 14:40:17.226,103854824, 575.21451145867, 1202360, 30.447948882581443, 66575, 0, 0.0, 25, 
2019-12-04 14:40:18.25,115073320, 575.21451145867, 1202858, 30.447948882581443, 66598, 0, 0.0, -80, 
2019-12-04 14:40:19.276,125075728, 575.21451145867, 1203352, 30.447948882581443, 66623, 0, 0.0, -13, 
2019-12-04 14:40:20.302,136720776, 568.0333396202108, 1203838, 29.996363823530984, 66652, 0, 0.0, -16, 
2019-12-04 14:40:21.329,147973016, 568.0333396202108, 1204325, 29.996363823530984, 66676, 0, 0.0, -138, 
2019-12-04 14:40:22.355,159207704, 568.0333396202108, 1204814, 29.996363823530984, 66712, 0, 0.0, -3, 
2019-12-04 14:40:23.378,168850176, 568.0333396202108, 1205308, 29.996363823530984, 66733, 0, 0.0, -4, 
2019-12-04 14:40:24.404,180460704, 560.9945824187413, 1205816, 29.788770034185315, 66764, 0, 0.0, -103, 
2019-12-04 14:40:25.43,191575544, 560.9945824187413, 1206307, 29.788770034185315, 66785, 0, 0.0, 4, 
2019-12-04 14:40:26.458,201977792, 560.9945824187413, 1206799, 29.788770034185315, 66801, 0, 0.0, -147, 
2019-12-04 14:40:27.487,212605016, 560.9945824187413, 1207312, 29.788770034185315, 66822, 0, 0.0, -47, 
2019-12-04 14:40:28.51,224153192, 560.9945824187413, 1207801, 29.788770034185315, 66846, 0, 0.0, -28, 
2019-12-04 14:40:29.536,235619376, 554.8864088623025, 1208293, 29.00610319604309, 66868, 0, 0.0, 10, 
2019-12-04 14:40:30.56,244745128, 554.8864088623025, 1208803, 29.00610319604309, 66891, 0, 0.0, 16, 
2019-12-04 14:40:31.585,256493336, 554.8864088623025, 1209297, 29.00610319604309, 66916, 0, 0.0, 72, 
2019-12-04 14:40:32.614,266238240, 554.8864088623025, 1209798, 29.00610319604309, 66932, 0, 0.0, -59, 
2019-12-04 14:40:33.642,277918440, 554.8864088623025, 1210314, 29.00610319604309, 66948, 0, 0.0, 3, 
2019-12-04 14:40:34.666,288500040, 549.8582892298573, 1210819, 28.349979411391285, 66973, 0, 0.0, 9, 
2019-12-04 14:40:35.692,299918552, 549.8582892298573, 1211319, 28.349979411391285, 66998, 0, 0.0, 14, 
2019-12-04 14:40:36.717,310284632, 549.8582892298573, 1211780, 28.349979411391285, 67030, 0, 0.0, 40, 
2019-12-04 14:40:37.747,320176760, 549.8582892298573, 1212266, 28.349979411391285, 67065, 0, 0.0, -33, 
2019-12-04 14:40:38.772,330837864, 549.8582892298573, 1212756, 28.349979411391285, 67094, 0, 0.0, 8, 
2019-12-04 14:40:39.798,342921144, 544.27272882149, 1213279, 28.337987719759944, 67118, 0, 0.0, 14, 
2019-12-04 14:40:40.822,354013720, 544.27272882149, 1213802, 28.337987719759944, 67142, 0, 0.0, 18, 
2019-12-04 14:40:41.848,364540488, 544.27272882149, 1214291, 28.337987719759944, 67161, 0, 0.0, -88, 
2019-12-04 14:40:42.89,95036856, 544.27272882149, 1214794, 28.337987719759944, 67183, 0, 0.0, -122, 
2019-12-04 14:40:43.915,106022928, 544.27272882149, 1215275, 28.337987719759944, 67206, 0, 0.0, -77, 
2019-12-04 14:40:44.94,116666856, 539.2616941017901, 1215760, 27.767265733257837, 67222, 0, 0.0, -203, 
2019-12-04 14:40:45.964,127118144, 539.2616941017901, 1216230, 27.767265733257837, 67246, 0, 0.0, -124, 
2019-12-04 14:40:46.988,138333352, 539.2616941017901, 1216737, 27.767265733257837, 67265, 0, 0.0, -47, 
2019-12-04 14:40:48.014,148407056, 539.2616941017901, 1217226, 27.767265733257837, 67293, 0, 0.0, 11, 
2019-12-04 14:40:49.04,160188088, 539.2616941017901, 1217749, 27.767265733257837, 67321, 0, 0.0, -10, 
2019-12-04 14:40:50.065,171628616, 534.9071774696027, 1218241, 27.290149508492824, 67340, 0, 0.0, -9, 
2019-12-04 14:40:51.089,181491368, 534.9071774696027, 1218751, 27.290149508492824, 67358, 0, 0.0, -43, 
2019-12-04 14:40:52.114,192991736, 534.9071774696027, 1219256, 27.290149508492824, 67397, 0, 0.0, -120, 
2019-12-04 14:40:53.138,203755680, 534.9071774696027, 1219743, 27.290149508492824, 67426, 0, 0.0, 9, 
2019-12-04 14:40:54.164,214062656, 534.9071774696027, 1220244, 27.290149508492824, 67446, 0, 0.0, -14, 
2019-12-04 14:40:55.188,237495448, 530.7888909442294, 1220723, 27.091048146880777, 67466, 0, 0.0, 31, 
2019-12-04 14:40:56.218,248018888, 530.7888909442294, 1221243, 27.091048146880777, 67494, 0, 0.0, -58, 
2019-12-04 14:40:57.242,259187408, 530.7888909442294, 1221717, 27.091048146880777, 67515, 0, 0.0, -7, 
2019-12-04 14:40:58.272,270436136, 530.7888909442294, 1222229, 27.091048146880777, 67539, 0, 0.0, -6, 
2019-12-04 14:40:59.304,279978840, 530.7888909442294, 1222678, 27.091048146880777, 67568, 0, 0.0, 23, 
2019-12-04 14:41:00.332,291557304, 526.4401953311216, 1223204, 26.859892699962117, 67586, 0, 0.0, -144, 
2019-12-04 14:41:01.356,302745640, 526.4401953311216, 1223708, 26.859892699962117, 67607, 0, 0.0, 19, 
2019-12-04 14:41:02.381,313048056, 526.4401953311216, 1224166, 26.859892699962117, 67632, 0, 0.0, -8, 
2019-12-04 14:41:03.405,324184376, 526.4401953311216, 1224612, 26.859892699962117, 67663, 0, 0.0, -27, 
2019-12-04 14:41:04.432,335324920, 522.7430334457673, 1225140, 26.551272719668646, 67685, 0, 0.0, 49, 
2019-12-04 14:41:05.462,343555624, 522.7430334457673, 1225553, 26.551272719668646, 67715, 0, 0.0, -155, 
2019-12-04 14:41:06.491,344410600, 522.7430334457673, 1225553, 26.551272719668646, 67715, 0, 0.0, 14, 
2019-12-04 14:41:07.518,345270376, 522.7430334457673, 1225553, 26.551272719668646, 67715, 0, 0.0, 14, 
2019-12-04 14:41:08.547,346107192, 522.7430334457673, 1225553, 26.551272719668646, 67715, 0, 0.0, 14, 
