Timestamp, MemoryUsed, ReadLatency1, ReadCount, WriteLatency1, WriteCount, PendingTasks, WaitingOnCommit1, SRDelay, 
2019-12-04 14:24:07.994,355295744, 0.001427588531177255, 482046, 2.0995321203985324, 28160, 0, 0.0, 2855215, 
2019-12-04 14:24:09.077,74173384, 0.001427588531177255, 482046, 2.0995321203985324, 28160, 0, 0.0, 14, 
2019-12-04 14:24:10.13,74929040, 0.03329567900276919, 482046, 1.9316628007075298, 28160, 0, 0.0, 14, 
2019-12-04 14:24:11.197,75776120, 0.03329567900276919, 482046, 1.9316628007075298, 28160, 0, 0.0, 14, 
2019-12-04 14:24:12.286,76268992, 0.03329567900276919, 482046, 1.9316628007075298, 28160, 0, 0.0, 14, 
2019-12-04 14:24:13.381,77754624, 0.03329567900276919, 482046, 1.9316628007075298, 28160, 0, 0.0, 14, 
2019-12-04 14:24:14.431,78361104, 0.030633503497788633, 482046, 1.7772155707381985, 28160, 0, 0.0, 14, 
2019-12-04 14:24:15.489,79268320, 0.030633503497788633, 482046, 1.7772155707381985, 28160, 0, 0.0, 14, 
2019-12-04 14:24:16.537,79777856, 0.030633503497788633, 482046, 1.7772155707381985, 28160, 0, 0.0, 14, 
2019-12-04 14:24:17.579,80634384, 0.030633503497788633, 482046, 1.7772155707381985, 28160, 0, 0.0, 14, 
2019-12-04 14:24:18.635,81129896, 0.030633503497788633, 482046, 1.7772155707381985, 28160, 0, 0.0, 14, 
2019-12-04 14:24:19.68,82016864, 0.02818418379366827, 482046, 1.6351172594499446, 28160, 0, 0.0, 14, 
2019-12-04 14:24:20.722,82616064, 0.02818418379366827, 482046, 1.6351172594499446, 28160, 0, 0.0, 14, 
2019-12-04 14:24:21.759,83523024, 0.02818418379366827, 482046, 1.6351172594499446, 28160, 0, 0.0, 14, 
2019-12-04 14:24:22.797,84013216, 0.02818418379366827, 482046, 1.6351172594499446, 28160, 0, 0.0, 14, 
2019-12-04 14:24:23.857,85365688, 0.02818418379366827, 482046, 1.6351172594499446, 28160, 0, 0.0, 14, 
2019-12-04 14:24:24.904,86130968, 0.025930700880250786, 482046, 1.5043805018209275, 28160, 0, 0.0, 14, 
2019-12-04 14:24:25.956,86995120, 0.025930700880250786, 482046, 1.5043805018209275, 28160, 0, 0.0, 14, 
2019-12-04 14:24:27.021,87594648, 0.025930700880250786, 482046, 1.5043805018209275, 28160, 0, 0.0, 14, 
2019-12-04 14:24:28.076,88498128, 0.025930700880250786, 482046, 1.5043805018209275, 28160, 0, 0.0, 14, 
2019-12-04 14:24:29.113,88990952, 0.025930700880250786, 482046, 1.5043805018209275, 28160, 0, 0.0, 14, 
2019-12-04 14:24:30.158,89838128, 0.02385739651229841, 482046, 1.384096878177603, 28160, 0, 0.0, 14, 
2019-12-04 14:24:31.197,92357936, 0.02385739651229841, 482046, 1.384096878177603, 28160, 0, 0.0, 14, 
2019-12-04 14:24:32.228,93610288, 0.02385739651229841, 482046, 1.384096878177603, 28160, 0, 0.0, 14, 
2019-12-04 14:24:33.267,94661968, 0.02385739651229841, 482046, 1.384096878177603, 28160, 0, 0.0, 14, 
2019-12-04 14:24:34.313,95285448, 0.02385739651229841, 482046, 1.384096878177603, 28160, 0, 0.0, 14, 
2019-12-04 14:24:35.367,96135160, 0.021949864408737252, 482046, 1.2734306020731865, 28160, 0, 0.0, 14, 
2019-12-04 14:24:36.417,96639752, 0.021949864408737252, 482046, 1.2734306020731865, 28160, 0, 0.0, 14, 
2019-12-04 14:24:37.458,97509736, 0.021949864408737252, 482046, 1.2734306020731865, 28160, 0, 0.0, 14, 
2019-12-04 14:24:38.496,98088784, 0.021949864408737252, 482046, 1.2734306020731865, 28160, 0, 0.0, 14, 
2019-12-04 14:24:39.615,98992096, 0.020194850151129682, 482046, 1.1716127128554916, 28160, 0, 0.0, 14, 
2019-12-04 14:24:40.659,99935488, 0.020194850151129682, 482046, 1.1716127128554916, 28160, 0, 0.0, 14, 
2019-12-04 14:24:41.708,100789728, 0.020194850151129682, 482046, 1.1716127128554916, 28160, 0, 0.0, 14, 
2019-12-04 14:24:42.754,101280032, 0.020194850151129682, 482046, 1.1716127128554916, 28160, 0, 0.0, 14, 
2019-12-04 14:24:43.787,104328136, 0.020194850151129682, 482118, 1.1716127128554916, 28161, 0, 0.0, 5, 
2019-12-04 14:24:44.817,110061576, 2.4172477202061238, 482255, 1.1259090837938102, 28168, 0, 0.0, 9, 
2019-12-04 14:24:45.85,116448760, 2.4172477202061238, 482449, 1.1259090837938102, 28186, 0, 0.0, -94, 
2019-12-04 14:24:46.877,123048184, 2.4172477202061238, 482738, 1.1259090837938102, 28203, 0, 0.0, 9, 
2019-12-04 14:24:47.906,133811880, 2.4172477202061238, 483215, 1.1259090837938102, 28228, 0, 0.0, 35, 
2019-12-04 14:24:48.99,144604480, 2.4172477202061238, 483733, 1.1259090837938102, 28261, 0, 0.0, 7, 
2019-12-04 14:24:50.019,154857264, 29.472838758077728, 484173, 2.69896253963499, 28282, 0, 0.0, -43, 
2019-12-04 14:24:51.048,164079464, 29.472838758077728, 484629, 2.69896253963499, 28304, 0, 0.0, -32, 
2019-12-04 14:24:52.085,174056168, 29.472838758077728, 485072, 2.69896253963499, 28322, 0, 0.0, 7, 
2019-12-04 14:24:53.119,186284152, 29.472838758077728, 485683, 2.69896253963499, 28355, 0, 0.0, 80, 
2019-12-04 14:24:54.147,199198288, 29.472838758077728, 486271, 2.69896253963499, 28386, 0, 0.0, 0, 
2019-12-04 14:24:55.175,212291904, 67.07812225090427, 486921, 4.546019512448405, 28424, 0, 0.0, -56, 
2019-12-04 14:24:56.205,228107008, 67.07812225090427, 487689, 4.546019512448405, 28460, 0, 0.0, 65, 
2019-12-04 14:24:57.244,246527104, 67.07812225090427, 488526, 4.546019512448405, 28498, 0, 0.0, -134, 
2019-12-04 14:24:58.279,261682512, 67.07812225090427, 489285, 4.546019512448405, 28535, 0, 0.0, -5, 
2019-12-04 14:24:59.307,277052392, 67.07812225090427, 490098, 4.546019512448405, 28568, 0, 0.0, -79, 
2019-12-04 14:25:00.334,293524008, 121.80946968536801, 490897, 6.9330119979753535, 28621, 0, 0.0, -90, 
2019-12-04 14:25:01.373,310326016, 121.80946968536801, 491687, 6.9330119979753535, 28674, 0, 0.0, 27, 
2019-12-04 14:25:02.408,325952656, 121.80946968536801, 492520, 6.9330119979753535, 28722, 0, 0.0, -27, 
2019-12-04 14:25:03.447,343602184, 121.80946968536801, 493366, 6.9330119979753535, 28767, 0, 0.0, -209, 
2019-12-04 14:25:04.524,359693840, 175.3629636124104, 494179, 10.15258259479125, 28811, 0, 0.0, 19, 
2019-12-04 14:25:05.568,88100872, 175.3629636124104, 494654, 10.15258259479125, 28841, 0, 0.0, -44, 
2019-12-04 14:25:06.614,100450472, 175.3629636124104, 495191, 10.15258259479125, 28863, 0, 0.0, -326, 
2019-12-04 14:25:07.653,112734448, 175.3629636124104, 495735, 10.15258259479125, 28889, 0, 0.0, 36, 
2019-12-04 14:25:08.685,126904592, 175.3629636124104, 496369, 10.15258259479125, 28927, 0, 0.0, 30, 
2019-12-04 14:25:09.71,140507208, 204.69363359242433, 497027, 11.627556652001926, 28962, 0, 0.0, 18, 
2019-12-04 14:25:10.736,157019592, 204.69363359242433, 497827, 11.627556652001926, 29003, 0, 0.0, -12, 
2019-12-04 14:25:11.809,174638696, 204.69363359242433, 498748, 11.627556652001926, 29046, 0, 0.0, -59, 
2019-12-04 14:25:12.839,192501008, 204.69363359242433, 499679, 11.627556652001926, 29099, 0, 0.0, -47, 
2019-12-04 14:25:13.864,209614264, 204.69363359242433, 500548, 11.627556652001926, 29149, 0, 0.0, -290, 
2019-12-04 14:25:14.893,226323864, 254.5304589838115, 501333, 14.3598343634374, 29196, 0, 0.0, -105, 
2019-12-04 14:25:15.921,244867904, 254.5304589838115, 502224, 14.3598343634374, 29241, 0, 0.0, -196, 
2019-12-04 14:25:16.952,262629048, 254.5304589838115, 503207, 14.3598343634374, 29281, 0, 0.0, -52, 
2019-12-04 14:25:17.976,282461008, 254.5304589838115, 504161, 14.3598343634374, 29327, 0, 0.0, -114, 
2019-12-04 14:25:19.004,300503160, 254.5304589838115, 505167, 14.3598343634374, 29394, 0, 0.0, -12, 
2019-12-04 14:25:20.063,321249288, 307.1467943503734, 506226, 16.969597913504607, 29446, 0, 0.0, 115, 
2019-12-04 14:25:21.089,339774728, 307.1467943503734, 507170, 16.969597913504607, 29502, 0, 0.0, -31, 
2019-12-04 14:25:22.113,360137536, 307.1467943503734, 508210, 16.969597913504607, 29552, 0, 0.0, -83, 
2019-12-04 14:25:23.139,96788912, 307.1467943503734, 509230, 16.969597913504607, 29611, 0, 0.0, -80, 
2019-12-04 14:25:24.165,114865704, 307.1467943503734, 510226, 16.969597913504607, 29667, 0, 0.0, -23, 
2019-12-04 14:25:25.19,134999888, 361.05710409614454, 511204, 20.042323208360823, 29735, 0, 0.0, -172, 
2019-12-04 14:25:26.215,154470448, 361.05710409614454, 512131, 20.042323208360823, 29784, 0, 0.0, 151, 
2019-12-04 14:25:27.242,173217072, 361.05710409614454, 513146, 20.042323208360823, 29819, 0, 0.0, -331, 
2019-12-04 14:25:28.275,191345392, 361.05710409614454, 514092, 20.042323208360823, 29864, 0, 0.0, 2, 
2019-12-04 14:25:29.3,212137632, 361.0571040