Timestamp, MemoryUsed, ReadLatency1, ReadCount, WriteLatency1, WriteCount, PendingTasks, WaitingOnCommit1, SRDelay, 
2019-12-04 14:32:07.678,182119544, 24.97177153444572, 720167, 3.0043502100422796, 41387, 0, 0.0, 6468852, 
2019-12-04 14:32:08.761,182807904, 24.97177153444572, 720167, 3.0043502100422796, 41387, 0, 0.0, 14, 
2019-12-04 14:32:09.8,183529968, 23.00712115781458, 720167, 2.7641356303398337, 41387, 0, 0.0, 14, 
2019-12-04 14:32:10.843,184730064, 23.00712115781458, 720167, 2.7641356303398337, 41387, 0, 0.0, 14, 
2019-12-04 14:32:11.884,185405872, 23.00712115781458, 720167, 2.7641356303398337, 41387, 0, 0.0, 14, 
2019-12-04 14:32:12.934,186083536, 23.00712115781458, 720167, 2.7641356303398337, 41387, 0, 0.0, 14, 
2019-12-04 14:32:13.972,186774456, 23.00712115781458, 720167, 2.7641356303398337, 41387, 0, 0.0, 14, 
2019-12-04 14:32:15.022,188037960, 21.167573317947433, 720167, 2.5431275479720674, 41387, 0, 0.0, 14, 
2019-12-04 14:32:16.065,188735248, 21.167573317947433, 720167, 2.5431275479720674, 41387, 0, 0.0, 14, 
2019-12-04 14:32:17.107,189423264, 21.167573317947433, 720167, 2.5431275479720674, 41387, 0, 0.0, 14, 
2019-12-04 14:32:18.142,190102392, 21.167573317947433, 720167, 2.5431275479720674, 41387, 0, 0.0, 14, 
2019-12-04 14:32:19.196,190861864, 21.167573317947433, 720167, 2.5431275479720674, 41387, 0, 0.0, 14, 
2019-12-04 14:32:20.23,192018360, 19.47510760243423, 720167, 2.339790296201667, 41387, 0, 0.0, 14, 
2019-12-04 14:32:21.275,192713992, 19.47510760243423, 720167, 2.339790296201667, 41387, 0, 0.0, 14, 
2019-12-04 14:32:22.317,193615472, 19.47510760243423, 720167, 2.339790296201667, 41387, 0, 0.0, 14, 
2019-12-04 14:32:23.368,194305744, 19.47510760243423, 720167, 2.339790296201667, 41387, 0, 0.0, 14, 
2019-12-04 14:32:24.432,195024528, 19.47510760243423, 720167, 2.339790296201667, 41387, 0, 0.0, 14, 
2019-12-04 14:32:25.465,196290144, 17.917963973924685, 720167, 2.152710993424234, 41387, 0, 0.0, 14, 
2019-12-04 14:32:26.522,197029760, 17.917963973924685, 720167, 2.152710993424234, 41387, 0, 0.0, 14, 
2019-12-04 14:32:27.556,197721608, 17.917963973924685, 720167, 2.152710993424234, 41387, 0, 0.0, 14, 
2019-12-04 14:32:28.636,198422000, 17.917963973924685, 720167, 2.152710993424234, 41387, 0, 0.0, 14, 
2019-12-04 14:32:29.671,199419552, 16.48532267573884, 720167, 1.980589725811108, 41387, 0, 0.0, 14, 
2019-12-04 14:32:30.701,200340768, 16.48532267573884, 720167, 1.980589725811108, 41387, 0, 0.0, 14, 
2019-12-04 14:32:31.732,201029864, 16.48532267573884, 720167, 1.980589725811108, 41387, 0, 0.0, 14, 
2019-12-04 14:32:32.77,201703472, 16.48532267573884, 720167, 1.980589725811108, 41387, 0, 0.0, 14, 
2019-12-04 14:32:33.821,202469048, 16.48532267573884, 720167, 1.980589725811108, 41387, 0, 0.0, 14, 
2019-12-04 14:32:34.855,203653136, 15.16722905117565, 720167, 1.8222305149047329, 41387, 0, 0.0, 14, 
2019-12-04 14:32:35.898,204333800, 15.16722905117565, 720167, 1.8222305149047329, 41387, 0, 0.0, 14, 
2019-12-04 14:32:36.948,205077072, 15.16722905117565, 720167, 1.8222305149047329, 41387, 0, 0.0, 14, 
2019-12-04 14:32:37.984,205763696, 15.16722905117565, 720167, 1.8222305149047329, 41387, 0, 0.0, 14, 
2019-12-04 14:32:39.111,206476024, 15.16722905117565, 720167, 1.8222305149047329, 41387, 0, 0.0, 14, 
2019-12-04 14:32:40.143,207642000, 13.954524373937765, 720167, 1.6765330074052154, 41387, 0, 0.0, 14, 
2019-12-04 14:32:41.181,208360872, 13.954524373937765, 720167, 1.6765330074052154, 41387, 0, 0.0, 14, 
2019-12-04 14:32:42.219,209036880, 13.954524373937765, 720167, 1.6765330074052154, 41387, 0, 0.0, 14, 
2019-12-04 14:32:43.252,210073608, 13.954524373937765, 720170, 1.6765330074052154, 41387, 0, 0.0, 14, 
2019-12-04 14:32:44.288,211794408, 13.954524373937765, 720171, 1.6765330074052154, 41387, 0, 0.0, 14, 
2019-12-04 14:32:45.325,215906168, 12.902746677346737, 720172, 1.5424848294048705, 41387, 0, 0.0, 14, 
2019-12-04 14:32:46.374,221148968, 12.902746677346737, 720352, 1.5424848294048705, 41398, 0, 0.0, 12, 
2019-12-04 14:32:47.418,228980272, 12.902746677346737, 720589, 1.5424848294048705, 41417, 0, 0.0, -2, 
2019-12-04 14:32:48.447,237501560, 12.902746677346737, 720955, 1.5424848294048705, 41444, 0, 0.0, 34, 
2019-12-04 14:32:49.478,251230664, 12.902746677346737, 721639, 1.5424848294048705, 41486, 0, 0.0, -14, 
2019-12-04 14:32:50.51,267450568, 35.72984668847985, 722339, 3.0342573764320853, 41518, 0, 0.0, 4, 
2019-12-04 14:32:51.542,280297672, 35.72984668847985, 723031, 3.0342573764320853, 41543, 0, 0.0, -30, 
2019-12-04 14:32:52.578,293043640, 35.72984668847985, 723568, 3.0342573764320853, 41569, 0, 0.0, 25, 
2019-12-04 14:32:53.615,302618072, 35.72984668847985, 724015, 3.0342573764320853, 41601, 0, 0.0, 28, 
2019-12-04 14:32:54.643,314735136, 77.72812927424755, 724534, 4.870496771371759, 41622, 0, 0.0, -32, 
2019-12-04 14:32:55.671,325243992, 77.72812927424755, 724933, 4.870496771371759, 41646, 0, 0.0, 27, 
2019-12-04 14:32:56.697,334631944, 77.72812927424755, 725383, 4.870496771371759, 41667, 0, 0.0, -71, 
2019-12-04 14:32:57.741,346728664, 77.72812927424755, 725875, 4.870496771371759, 41692, 0, 0.0, 8, 
2019-12-04 14:32:58.773,353792976, 77.72812927424755, 726136, 4.870496771371759, 41707, 0, 0.0, -2, 
2019-12-04 14:32:59.806,362252408, 100.98495996598889, 726446, 6.128158409606678, 41726, 0, 0.0, -38, 
2019-12-04 14:33:00.834,86424984, 100.98495996598889, 727054, 6.128158409606678, 41767, 0, 0.0, -40, 
2019-12-04 14:33:01.863,102423368, 100.98495996598889, 727836, 6.128158409606678, 41808, 0, 0.0, -42, 
2019-12-04 14:33:02.889,118514528, 100.98495996598889, 728580, 6.128158409606678, 41845, 0, 0.0, -54, 
2019-12-04 14:33:03.959,132483040, 100.98495996598889, 729302, 6.128158409606678, 41880, 0, 0.0, -89, 
2019-12-04 14:33:05.031,152049536, 146.97661520592547, 730018, 8.468605638844297, 41911, 0, 0.0, -22, 
2019-12-04 14:33:06.077,169676008, 146.97661520592547, 730742, 8.468605638844297, 41950, 0, 0.0, -53, 
2019-12-04 14:33:07.11,190369560, 146.97661520592547, 731469, 8.468605638844297, 41984, 0, 0.0, -96, 
2019-12-04 14:33:08.143,208697160, 146.97661520592547, 732237, 8.468605638844297, 42025, 0, 0.0, -52, 
2019-12-04 14:33:09.173,227707056, 146.97661520592547, 733010, 8.468605638844297, 42074, 0, 0.0, 20, 
2019-12-04 14:33:10.199,246221024, 192.3772663242947, 733775, 10.76584109350626, 42104, 0, 0.0, -309, 
2019-12-04 14:33:11.225,266911848, 192.3772663242947, 734598, 10.76584109350626, 42149, 0, 0.0, -171, 
2019-12-04 14:33:12.259,287477808, 192.3772663242947, 735473, 10.76584109350626, 42206, 0, 0.0, -138, 
2019-12-04 14:33:13.285,308550672, 192.3772663242947, 736353, 10.76584109350626, 42254, 0, 0.0, -9, 
2019-12-04 14:33:14.317,330704392, 192.3772663242947, 737232, 10.76584109350626, 42298, 0, 0.0, -82, 
2019-12-04 14:33:15.349,355506008, 243.31079188976443, 738203, 13.58300889391841, 42356, 0, 0.0, 26, 
2019-12-04 14:33:16.372,95408912, 243.31079188976443, 739105, 13.58300889391841, 42409, 0, 0.0, -149, 
2019-12-04 14:33:17.397,116961824, 243.31079188976443, 739942, 13.58300889391841, 42457, 0, 0.0, -19, 
2019-12-04 14:33:18.435,139188264, 243.31079188976443, 740868, 13.58300889391841, 42495, 0, 0.0, -117, 
2019-12-04 14:33:19.466,160496192, 243.31079188976443, 741735, 13.58300889391841, 42528, 0, 0.0, -204, 
2019-12-04 14:33:20.489,184566872, 293.8658456477799, 742701, 15.951052754723289, 42574, 0, 0.0, 51, 
2019-12-04 14:33:21.515,206300096, 293.8658456477799, 743613, 15.951052754723289, 42636, 0, 0.0, 26, 
2019-12-04 14:33:22.539,230466264, 293.8658456477799, 744559, 15.951052754723289, 42687, 0, 0.0, -46, 
2019-12-04 14:33:23.564,253262832, 293.8658456477799, 745531, 15.951052754723289, 42737, 0, 0.0, -105, 
2019-12-04 14:33:24.589,278651512, 345.38396013333164, 746555, 19.137198658124603, 42813, 0, 0.0, -351, 
2019-12-04 14:33:25.619,303792832, 345.38396013333164, 747628, 19.137198658124603, 42871, 0, 0.0, 52, 
2019-12-04 14:33:26.644,329645144, 345.38396013333164, 748687, 19.137198658124603, 42916, 0, 0.0, -282, 
2019-12-04 14:33:27.668,356684624, 345.38396013333164, 749816, 19.137198658124603, 42979, 0, 0.0, 70, 
2019-12-04 14:33:28.698,98180936, 345.38396013333164, 750924, 19.137198658124603, 43031, 0, 0.0, -59, 
2019-12-04 14:33:29.723,127520728, 403.88074886744744, 752122, 21.988638815372408, 43093, 0, 0.0, -119, 
2019-12-04 14:33:30.752,154117392, 403.88074886744744, 753298, 21.988638815372408, 43158, 0, 0.0, -58, 
2019-12-04 14:33:31.78,179733016, 403.88074886744744, 754310, 21.988638815372408, 43219, 0, 0.0, -73, 
2019-12-04 14:33:32.802,204917040, 403.88074886744744, 755329, 21.988638815372408, 43277, 0, 0.0, 92, 
2019-12-04 14:33:33.829,229782152, 403.88074886744744, 756317, 21.988638815372408, 43332, 0, 0.0, -50, 
2019-12-04 14:33:34.851,255400384, 454.4382047328986, 757398, 24.756010459365225, 43389, 0, 0.0, -231, 
2019-12-04 14:33:35.874,280442672, 454.4382047328986, 758438, 24.756010459365225, 43441, 0, 0.0, -88, 
2019-12-04 14:33:36.897,304820464, 454.4382047328986, 759441, 24.756010459365225, 43487, 0, 0.0, -231, 
2019-12-04 14:33:37.92,329536680, 454.4382047328986, 760448, 24.756010459365225, 43529, 0, 0.0, -288, 
2019-12-04 14:33:38.944,356059944, 454.4382047328986, 761595, 24.756010459365225, 43590, 0, 0.0, -36, 
2019-12-04 14:33:39.978,99159848, 500.66546951244106, 762688, 26.83837288847446, 43638, 0, 0.0, -62, 
2019-12-04 14:33:41.006,124161392, 500.66546951244106, 763721, 26.83837288847446, 43689, 0, 0.0, 124, 
2019-12-04 14:33:42.03,150783376, 500.66546951244106, 764851, 26.83837288847446, 43745, 0, 0.0, -226, 
2019-12-04 14:33:43.056,175687696, 500.66546951244106, 765888, 26.83837288847446, 43793, 0, 0.0, -413, 
2019-12-04 14:33:44.08,201866776, 500.66546951244106, 766969, 26.83837288847446, 43849, 0, 0.0, 64, 
2019-12-04 14:33:45.112,229719728, 544.6677890472704, 768121, 28.818203278906903, 43907, 0, 0.0, -39, 
2019-12-04 14:33:46.136,256543000, 544.6677890472704, 769247, 28.818203278906903, 43960, 0, 0.0, -67, 
2019-12-04 14:33:47.163,284600216, 544.6677890472704, 770461, 28.818203278906903, 44024, 0, 0.0, -158, 
2019-12-04 14:33:48.189,314919392, 544.6677890472704, 771707, 28.818203278906903, 44095, 0, 0.0, -208, 
2019-12-04 14:33:49.215,343753120, 544.6677890472704, 772941, 28.818203278906903, 44159, 0, 0.0, 146, 
2019-12-04 14:33:50.243,90888864, 594.3147874495044, 774199, 31.359335439873753, 44224, 0, 0.0, 10, 
2019-12-04 14:33:51.269,120948712, 594.3147874495044, 775539, 31.359335439873753, 44286, 0, 0.0, 29, 
2019-12-04 14:33:52.296,150567584, 594.3147874495044, 776795, 31.359335439873753, 44346, 0, 0.0, -227, 
2019-12-04 14:33:53.319,178186096, 594.3147874495044, 777988, 31.359335439873753, 44414, 0, 0.0, -469, 
2019-12-04 14:33:54.342,205901792, 594.3147874495044, 779134, 31.359335439873753, 44476, 0, 0.0, 188, 
2019-12-04 14:33:55.366,235090680, 643.0465343937506, 780353, 33.665307657257976, 44542, 0, 0.0, -154, 
2019-12-04 14:33:56.389,263875128, 643.0465343937506, 781579, 33.665307657257976, 44594, 0, 0.0, -206, 
2019-12-04 14:33:57.413,293464808, 643.0465343937506, 782891, 33.665307657257976, 44665, 0, 0.0, -335, 
2019-12-04 14:33:58.442,324378008, 643.0465343937506, 784206, 33.665307657257976, 44746, 0, 0.0, -176, 
2019-12-04 14:33:59.469,355877624, 643.0465343937506, 785540, 33.665307657257976, 44817, 0, 0.0, -178, 
2019-12-04 14:34:00.5,104475856, 691.8956763705419, 786855, 36.37857584789573, 44881, 0, 0.0, -7, 
2019-12-04 14:34:01.53,135340960, 691.8956763705419, 788218, 36.37857584789573, 44951, 0, 0.0, 20, 
2019-12-04 14:34:02.603,168332560, 691.8956763705419, 789615, 36.37857584789573, 45022, 0, 0.0, 53, 
2019-12-04 14:34:03.629,198836696, 691.8956763705419, 790889, 36.37857584789573, 45090, 0, 0.0, 46, 
2019-12-04 14:34:04.653,227811608, 738.6300617180267, 792139, 38.47512516523003, 45144, 0, 0.0, -108, 
2019-12-04 14:34:05.679,259650528, 738.6300617180267, 793509, 38.47512516523003, 45214, 0, 0.0, -42, 
2019-12-04 14:34:06.713,291878408, 738.6300617180267, 794849, 38.47512516523003, 45280, 0, 0.0, -69, 
2019-12-04 14:34:07.739,319071688, 738.6300617180267, 796006, 38.47512516523003, 45349, 0, 0.0, -154, 
2019-12-04 14:34:08.766,350029304, 738.6300617180267, 797302, 38.47512516523003, 45426, 0, 0.0, -330, 
2019-12-04 14:34:09.795,98008072, 779.7408201133666, 798597, 40.9157594010107, 45494, 0, 0.0, 36, 
2019-12-04 14:34:10.822,131886224, 779.7408201133666, 799980, 40.9157594010107, 45571, 0, 0.0, -127, 
2019-12-04 14:34:11.847,162590296, 779.7408201133666, 801304, 40.9157594010107, 45645, 0, 0.0, -56, 
2019-12-04 14:34:12.882,192686064, 779.7408201133666, 802618, 40.9157594010107, 45697, 0, 0.0, -142, 
2019-12-04 14:34:13.907,222505072, 779.7408201133666, 803911, 40.9157594010107, 45772, 0, 0.0, -277, 
2019-12-04 14:34:14.931,252783040, 820.810740522224, 805178, 42.85742007338525, 45836, 0, 0.0, 86, 
2019-12-04 14:34:15.954,283534632, 820.810740522224, 806472, 42.85742007338525, 45907, 0, 0.0, -19, 
2019-12-04 14:34:16.984,314956184, 820.810740522224, 807826, 42.85742007338525, 45980, 0, 0.0, 73, 
2019-12-04 14:34:18.007,344927360, 820.810740522224, 809092, 42.85742007338525, 46067, 0, 0.0, -65, 
2019-12-04 14:34:19.034,94351480, 820.810740522224, 810360, 42.85742007338525, 46133, 0, 0.0, 34, 
2019-12-04 14:34:20.065,124021440, 855.3347035205406, 811646, 45.13955875940705, 46207, 0, 0.0, 24, 
2019-12-04 14:34:21.089,155359192, 855.3347035205406, 812955, 45.13955875940705, 46275, 0, 0.0, 97, 
2019-12-04 14:34:22.14,185062400, 855.3347035205406, 814255, 45.13955875940705, 46340, 0, 0.0, 61, 
2019-12-04 14:34:23.163,214003976, 855.3347035205406, 815511, 45.13955875940705, 46398, 0, 0.0, -110, 
2019-12-04 14:34:24.186,243134280, 855.3347035205406, 816730, 45.13955875940705, 46471, 0, 0.0, 150, 
2019-12-04 14:34:25.212,274239824, 885.8030023650063, 818028, 46.935396486482354, 46539, 0, 0.0, 135, 
2019-12-04 14:34:26.244,304219208, 885.8030023650063, 819303, 46.935396486482354, 46601, 0, 0.0, -269, 
2019-12-04 14:34:27.268,335688392, 885.8030023650063, 820656, 46.935396486482354, 46675, 0, 0.0, -7, 
2019-12-04 14:34:28.298,364360112, 885.8030023650063, 821890, 46.935396486482354, 46748, 0, 0.0, 16, 
2019-12-04 14:34:29.333,110337472, 885.8030023650063, 823155, 46.935396486482354, 46819, 0, 0.0, 80, 
2019-12-04 14:34:30.356,139660104, 914.6347463938207, 824414, 48.635620308081, 46871, 0, 0.0, -171, 
2019-12-04 14:34:31.386,171377416, 914.6347463938207, 825710, 48.635620308081, 46923, 0, 0.0, -187, 
2019-12-04 14:34:32.411,201637672, 914.6347463938207, 827059, 48.635620308081, 46994, 0, 0.0, 85, 
2019-12-04 14:34:33.439,233020472, 914.6347463938207, 828379, 48.635620308081, 47041, 0, 0.0, -196, 
2019-12-04 14:34:34.464,260614800, 914.6347463938207, 829587, 48.635620308081, 47097, 0, 0.0, 65, 
2019-12-04 14:34:35.503,290757144, 941.8488494857417, 830860, 48.88863013868346, 47152, 0, 0.0, -94, 
2019-12-04 14:34:36.534,321037752, 941.8488494857417, 832176, 48.88863013868346, 47219, 0, 0.0, -371, 
2019-12-04 14:34:37.559,351768032, 941.8488494857417, 833447, 48.88863013868346, 47302, 0, 0.0, -21, 
2019-12-04 14:34:38.608,99484424, 941.8488494857417, 834785, 48.88863013868346, 47387, 0, 0.0, 74, 
2019-12-04 14:34:39.636,132786920, 968.8699315518028, 836184, 50.28876196658745, 47439, 0, 0.0, -246, 
2019-12-04 14:34:40.662,164395928, 968.8699315518028, 837557, 50.28876196658745, 47508, 0, 0.0, -138, 
2019-12-04 14:34:41.691,196736704, 968.8699315518028, 838954, 50.28876196658745, 47572, 0, 0.0, -260, 
2019-12-04 14:34:42.715,228460128, 968.8699315518028, 840380, 50.28876196658745, 47643, 0, 0.0, 131, 
2019-12-04 14:34:43.741,260976936, 968.8699315518028, 841733, 50.28876196658745, 47704, 0, 0.0, -380, 
2019-12-04 14:34:44.765,291156216, 998.4319156037188, 843023, 51.35306979555737, 47760, 0, 0.0, -500, 
2019-12-04 14:34:45.787,322489344, 998.4319156037188, 844311, 51.35306979555737, 47829, 0, 0.0, -54, 
2019-12-04 14:34:46.812,352862480, 998.4319156037188, 845606, 51.35306979555737, 47901, 0, 0.0, 1, 
2019-12-04 14:34:47.841,98288320, 998.4319156037188, 846835, 51.35306979555737, 47975, 0, 0.0, 103, 
2019-12-04 14:34:48.869,129262576, 998.4319156037188, 848123, 51.35306979555737, 48043, 0, 0.0, -3, 
2019-12-04 14:34:49.892,157340920, 1015.7957169154521, 849295, 52.3322802690474, 48091, 0, 0.0, -237, 
2019-12-04 14:34:50.92,185352520, 1015.7957169154521, 850471, 52.3322802690474, 48155, 0, 0.0, 113, 
2019-12-04 14:34:51.951,213784384, 1015.7957169154521, 851727, 52.3322802690474, 48224, 0, 0.0, -99, 
2019-12-04 14:34:52.983,242852416, 1015.7957169154521, 852954, 52.3322802690474, 48294, 0, 0.0, 48, 
2019-12-04 14:34:54.012,276818960, 1015.7957169154521, 854364, 52.3322802690474, 48368, 0, 0.0, 30, 
2019-12-04 14:34:55.035,308735400, 1034.4576929975, 855781, 53.56901085448528, 48437, 0, 0.0, 63, 
2019-12-04 14:34:56.06,340432240, 1034.4576929975, 857139, 53.56901085448528, 48490, 0, 0.0, -379, 
2019-12-04 14:34:57.084,369347816, 1034.4576929975, 858361, 53.56901085448528, 48547, 0, 0.0, -111, 
2019-12-04 14:34:58.106,117439272, 1034.4576929975, 859605, 53.56901085448528, 48629, 0, 0.0, -54, 
2019-12-04 14:34:59.132,149893872, 1034.4576929975, 860992, 53.56901085448528, 48687, 0, 0.0, -405, 
2019-12-04 14:35:00.158,181946824, 1054.8257632725617, 862342, 54.33906222931355, 48775, 0, 0.0, -166, 
2019-12-04 14:35:01.184,213975928, 1054.8257632725617, 863714, 54.33906222931355, 48841, 0, 0.0, -108, 
2019-12-04 14:35:02.209,245930328, 1054.8257632725617, 865132, 54.33906222931355, 48901, 0, 0.0, -264, 
2019-12-04 14:35:03.236,276957120, 1054.8257632725617, 866483, 54.33906222931355, 48974, 0, 0.0, 118, 
2019-12-04 14:35:04.259,310450112, 1054.8257632725617, 867831, 54.33906222931355, 49055, 0, 0.0, 58, 
2019-12-04 14:35:05.304,342384968, 1076.6195959270694, 869276, 55.68718837866733, 49138, 0, 0.0, -188, 
2019-12-04 14:35:06.327,90958976, 1076.6195959270694, 870667, 55.68718837866733, 49217, 0, 0.0, -224, 
2019-12-04 14:35:07.35,123381312, 1076.6195959270694, 872047, 55.68718837866733, 49270, 0, 0.0, -375, 
2019-12-04 14:35:08.375,153780600, 1076.6195959270694, 873390, 55.68718837866733, 49322, 0, 0.0, -221, 
2019-12-04 14:35:09.4,187014056, 1076.6195959270694, 874773, 55.68718837866733, 49391, 0, 0.0, -113, 
2019-12-04 14:35:10.426,217385464, 1098.3659483440738, 876064, 56.255897395482336, 49448, 0, 0.0, -40, 
2019-12-04 14:35:11.451,248560856, 1098.3659483440738, 877425, 56.255897395482336, 49520, 0, 0.0, 27, 
2019-12-04 14:35:12.476,280308944, 1098.3659483440738, 878764, 56.255897395482336, 49592, 0, 0.0, -293, 
2019-12-04 14:35:13.502,312523536, 1098.3659483440738, 880125, 56.255897395482336, 49671, 0, 0.0, 47, 
2019-12-04 14:35:14.524,343261520, 1114.8395215505154, 881419, 57.29085069632465, 49738, 0, 0.0, -41, 
2019-12-04 14:35:15.552,89582736, 1114.8395215505154, 882614, 57.29085069632465, 49798, 0, 0.0, 78, 
2019-12-04 14:35:16.579,121203232, 1114.8395215505154, 884001, 57.29085069632465, 49890, 0, 0.0, -335, 
2019-12-04 14:35:17.601,152105536, 1114.8395215505154, 885340, 57.29085069632465, 49967, 0, 0.0, 18, 
2019-12-04 14:35:18.625,179723864, 1114.8395215505154, 886559, 57.29085069632465, 50024, 0, 0.0, -124, 
2019-12-04 14:35:19.648,209084280, 1125.4064899678128, 887802, 58.32300928553747, 50100, 0, 0.0, 192, 
2019-12-04 14:35:20.676,242171840, 1125.4064899678128, 889185, 58.32300928553747, 50172, 0, 0.0, 67, 
2019-12-04 14:35:21.699,274889520, 1125.4064899678128, 890552, 58.32300928553747, 50251, 0, 0.0, 44, 
2019-12-04 14:35:22.738,307170616, 1125.4064899678128, 891887, 58.32300928553747, 50310, 0, 0.0, 23, 
2019-12-04 14:35:23.761,338372656, 1125.4064899678128, 893259, 58.32300928553747, 50386, 0, 0.0, -30, 
2019-12-04 14:35:24.783,369377696, 1140.9973102059193, 894606, 59.176694328109605, 50441, 0, 0.0, -207, 
2019-12-04 14:35:25.81,116555320, 1140.9973102059193, 895966, 59.176694328109605, 50499, 0, 0.0, -130, 
2019-12-04 14:35:26.835,145669824, 1140.9973102059193, 897216, 59.176694328109605, 50573, 0, 0.0, -102, 
2019-12-04 14:35:27.859,175157648, 1140.9973102059193, 898495, 59.176694328109605, 50645, 0, 0.0, 94, 
2019-12-04 14:35:28.891,208496296, 1140.9973102059193, 899921, 59.176694328109605, 50734, 0, 0.0, -257, 
2019-12-04 14:35:29.915,242670032, 1155.1976372318118, 901339, 59.91414913215828, 50796, 0, 0.0, -98, 
2019-12-04 14:35:30.938,273950272, 1155.1976372318118, 902676, 59.91414913215828, 50874, 0, 0.0, 19, 
2019-12-04 14:35:31.959,304674944, 1155.1976372318118, 904002, 59.91414913215828, 50948, 0, 0.0, 103, 
2019-12-04 14:35:32.981,337747480, 1155.1976372318118, 905415, 59.91414913215828, 51012, 0, 0.0, -233, 
2019-12-04 14:35:34.048,370557192, 1155.1976372318118, 906784, 59.91414913215828, 51088, 0, 0.0, 142, 
2019-12-04 14:35:35.074,118817064, 1167.9267553393372, 908144, 60.56065807151655, 51153, 0, 0.0, -109, 
2019-12-04 14:35:36.113,150172936, 1167.9267553393372, 909497, 60.56065807151655, 51229, 0, 0.0, -44, 
2019-12-04 14:35:37.143,182375800, 1167.9267553393372, 910898, 60.56065807151655, 51310, 0, 0.0, -153, 
2019-12-04 14:35:38.169,217054688, 1167.9267553393372, 912312, 60.56065807151655, 51396, 0, 0.0, 50, 
2019-12-04 14:35:39.193,249986264, 1167.9267553393372, 913710, 60.56065807151655, 51483, 0, 0.0, -134, 
2019-12-04 14:35:40.216,283027368, 1182.6444393672602, 915141, 61.9870130980361, 51564, 0, 0.0, -207, 
2019-12-04 14:35:41.238,315474472, 1182.6444393672602, 916536, 61.9870130980361, 51649, 0, 0.0, -50, 
2019-12-04 14:35:42.273,347300640, 1182.6444393672602, 917927, 61.9870130980361, 51723, 0, 0.0, 202, 
2019-12-04 14:35:43.299,98137424, 1182.6444393672602, 919417, 61.9870130980361, 51805, 0, 0.0, 32, 
2019-12-04 14:35:44.326,131756192, 1182.6444393672602, 920870, 61.9870130980361, 51860, 0, 0.0, -374, 
2019-12-04 14:35:45.348,164825720, 1199.959265982926, 922213, 62.83558067831395, 51928, 0, 0.0, 8, 
2019-12-04 14:35:46.37,196530672, 1199.959265982926, 923582, 62.83558067831395, 51995, 0, 0.0, -280, 
2019-12-04 14:35:47.399,231540008, 1199.959265982926, 925053, 62.83558067831395, 52079, 0, 0.0, 26, 
2019-12-04 14:35:48.423,263519776, 1199.959265982926, 926487, 62.83558067831395, 52148, 0, 0.0, -70, 
2019-12-04 14:35:49.446,296726976, 1199.959265982926, 927879, 62.83558067831395, 52210, 0, 0.0, -104, 
2019-12-04 14:35:50.471,327230152, 1212.9633010763775, 929175, 63.34445155072381, 52289, 0, 0.0, -39, 
2019-12-04 14:35:51.494,357771768, 1212.9633010763775, 930540, 63.34445155072381, 52356, 0, 0.0, 52, 
2019-12-04 14:35:52.519,109067408, 1212.9633010763775, 931928, 63.34445155072381, 52420, 0, 0.0, -45, 
2019-12-04 14:35:53.542,141102320, 1212.9633010763775, 933254, 63.34445155072381, 52488, 0, 0.0, 154, 
2019-12-04 14:35:54.566,171459792, 1220.5620159705124, 934582, 63.65272418391069, 52555, 0, 0.0, 42, 
2019-12-04 14:35:55.59,203774632, 1220.5620159705124, 935998, 63.65272418391069, 52630, 0, 0.0, 20, 
2019-12-04 14:35:56.614,237728728, 1220.5620159705124, 937390, 63.65272418391069, 52704, 0, 0.0, -2, 
2019-12-04 14:35:57.637,269262792, 1220.5620159705124, 938808, 63.65272418391069, 52775, 0, 0.0, -309, 
2019-12-04 14:35:58.668,302641096, 1220.5620159705124, 940238, 63.65272418391069, 52856, 0, 0.0, -130, 
2019-12-04 14:35:59.689,333603544, 1233.453893367578, 941618, 64.35211774218487, 52925, 0, 0.0, -198, 
2019-12-04 14:36:00.715,368054368, 1233.453893367578, 943018, 64.35211774218487, 53000, 0, 0.0, -153, 
2019-12-04 14:36:01.75,120206624, 1233.453893367578, 944452, 64.35211774218487, 53081, 0, 0.0, -116, 
2019-12-04 14:36:02.779,153714872, 1233.453893367578, 945913, 64.35211774218487, 53181, 0, 0.0, -175, 
2019-12-04 14:36:03.807,186623616, 1233.453893367578, 947317, 64.35211774218487, 53267, 0, 0.0, 142, 
2019-12-04 14:36:04.83,220865480, 1244.8672418827584, 948714, 65.8271289669578, 53341, 0, 0.0, 37, 
2019-12-04 14:36:05.854,268011144, 1244.8672418827584, 950096, 65.8271289669578, 53441, 0, 0.0, 4, 
2019-12-04 14:36:06.878,301392672, 1244.8672418827584, 951558, 65.8271289669578, 53513, 0, 0.0, -64, 
2019-12-04 14:36:07.901,330956064, 1244.8672418827584, 952788, 65.8271289669578, 53566, 0, 0.0, -104, 
2019-12-04 14:36:08.93,361312464, 1244.8672418827584, 954082, 65.8271289669578, 53634, 0, 0.0, -121, 
2019-12-04 14:36:09.953,108286320, 1250.170916387274, 955359, 66.17676443015516, 53713, 0, 0.0, 82, 
2019-12-04 14:36:10.975,142570224, 1250.170916387274, 956749, 66.17676443015516, 53787, 0, 0.0, -420, 
2019-12-04 14:36:12.0,174310944, 1250.170916387274, 958189, 66.17676443015516, 53852, 0, 0.0, -97, 
2019-12-04 14:36:13.023,205578040, 1250.170916387274, 959566, 66.17676443015516, 53925, 0, 0.0, -558, 
2019-12-04 14:36:14.048,237378296, 1250.170916387274, 960917, 66.17676443015516, 53989, 0, 0.0, -10, 
2019-12-04 14:36:15.078,268859688, 1255.8980616970948, 962174, 66.40249788278142, 54054, 0, 0.0, -51, 
2019-12-04 14:36:16.102,300645344, 1255.8980616970948, 963600, 66.40249788278142, 54145, 0, 0.0, -124, 
2019-12-04 14:36:17.123,333316456, 1255.8980616970948, 965037, 66.40249788278142, 54214, 0, 0.0, -11, 
2019-12-04 14:36:18.147,365538888, 1255.8980616970948, 966380, 66.40249788278142, 54277, 0, 0.0, 104, 
2019-12-04 14:36:19.17,113771744, 1255.8980616970948, 967745, 66.40249788278142, 54347, 0, 0.0, 133, 
2019-12-04 14:36:20.196,146531664, 1263.3900550244707, 969102, 66.5622093338428, 54409, 0, 0.0, -735, 
2019-12-04 14:36:21.219,177892160, 1263.3900550244707, 970497, 66.5622093338428, 54499, 0, 0.0, -11, 
2019-12-04 14:36:22.241,211526064, 1263.3900550244707, 971871, 66.5622093338428, 54580, 0, 0.0, 44, 
2019-12-04 14:36:23.272,240874216, 1263.3900550244707, 973130, 66.5622093338428, 54646, 0, 0.0, 132, 
2019-12-04 14:36:24.294,272173728, 1263.3900550244707, 974493, 66.5622093338428, 54718, 0, 0.0, 28, 
2019-12-04 14:36:25.318,304405768, 1267.6764695566787, 975866, 67.17289335749409, 54801, 0, 0.0, 7, 
2019-12-04 14:36:26.342,337433584, 1267.6764695566787, 977245, 67.17289335749409, 54877, 0, 0.0, -113, 
2019-12-04 14:36:27.364,369473288, 1267.6764695566787, 978634, 67.17289335749409, 54968, 0, 0.0, -22, 
2019-12-04 14:36:28.391,118493264, 1267.6764695566787, 980118, 67.17289335749409, 55037, 0, 0.0, 43, 
2019-12-04 14:36:29.415,152906336, 1267.6764695566787, 981568, 67.17289335749409, 55110, 0, 0.0, -175, 
2019-12-04 14:36:30.447,184077688, 1276.4974520134342, 982892, 67.87866983622504, 55184, 0, 0.0, -194, 
2019-12-04 14:36:31.48,216547416, 1276.4974520134342, 984289, 67.87866983622504, 55261, 0, 0.0, -270, 
2019-12-04 14:36:32.505,249448992, 1276.4974520134342, 985662, 67.87866983622504, 55326, 0, 0.0, 37, 
2019-12-04 14:36:33.529,280841096, 1276.4974520134342, 987017, 67.87866983622504, 55388, 0, 0.0, -223, 
2019-12-04 14:36:34.558,311600880, 1280.551403917485, 988387, 67.79242415804798, 55452, 0, 0.0, -126, 
2019-12-04 14:36:35.58,344021480, 1280.551403917485, 989783, 67.79242415804798, 55514, 0, 0.0, -9, 
2019-12-04 14:36:36.612,92287480, 1280.551403917485, 991052, 67.79242415804798, 55569, 0, 0.0, -46, 
2019-12-04 14:36:37.644,124206184, 1280.551403917485, 992426, 67.79242415804798, 55636, 0, 0.0, 125, 
2019-12-04 14:36:38.668,156090608, 1280.551403917485, 993778, 67.79242415804798, 55719, 0, 0.0, -92, 
2019-12-04 14:36:39.696,187942112, 1283.1778326458673, 995145, 67.61712760111043, 55790, 0, 0.0, -8, 
2019-12-04 14:36:40.726,220994472, 1283.1778326458673, 996544, 67.61712760111043, 55864, 0, 0.0, -189, 
2019-12-04 14:36:41.751,252970392, 1283.1778326458673, 997952, 67.61712760111043, 55945, 0, 0.0, 83, 
2019-12-04 14:36:42.802,286579176, 1283.1778326458673, 999419, 67.61712760111043, 56008, 0, 0.0, 93, 
2019-12-04 14:36:43.828,318032408, 1283.1778326458673, 1000778, 67.61712760111043, 56082, 0, 0.0, -46, 
2019-12-04 14:36:44.855,350169344, 1289.4641140597785, 1002097, 67.69571373910833, 56141, 0, 0.0, -21, 
2019-12-04 14:36:45.88,94968008, 1289.4641140597785, 1003365, 67.69571373910833, 56190, 0, 0.0, -74, 
2019-12-04 14:36:46.91,125253032, 1289.4641140597785, 1004639, 67.69571373910833, 56256, 0, 0.0, -64, 
2019-12-04 14:36:47.932,153729136, 1289.4641140597785, 1005867, 67.69571373910833, 56321, 0, 0.0, -37, 
2019-12-04 14:36:48.956,183922912, 1289.4641140597785, 1007088, 67.69571373910833, 56388, 0, 0.0, -11, 
2019-12-04 14:36:49.984,212365088, 1283.3503810602786, 1008300, 67.00044285688207, 56450, 0, 0.0, -126, 
2019-12-04 14:36:51.078,242124264, 1283.3503810602786, 1009539, 67.00044285688207, 56527, 0, 0.0, -81, 
2019-12-04 14:36:52.1,264217992, 1283.3503810602786, 1010637, 67.00044285688207, 56585, 0, 0.0, 12, 
2019-12-04 14:36:53.122,281310768, 1283.3503810602786, 1011924, 67.00044285688207, 56634, 0, 0.0, -224, 
2019-12-04 14:36:54.147,298963048, 1283.3503810602786, 1013204, 67.00044285688207, 56691, 0, 0.0, -156, 
2019-12-04 14:36:55.169,318407472, 1275.8705055809542, 1014529, 66.34477164796128, 56764, 0, 0.0, 75, 
2019-12-04 14:36:56.192,334889760, 1275.8705055809542, 1015836, 66.34477164796128, 56820, 0, 0.0, 42, 
2019-12-04 14:36:57.215,352547024, 1275.8705055809542, 1017129, 66.34477164796128, 56881, 0, 0.0, -154, 
2019-12-04 14:36:58.239,371197376, 1275.8705055809542, 1018367, 66.34477164796128, 56951, 0, 0.0, 150, 
2019-12-04 14:36:59.265,104880192, 1275.8705055809542, 1019646, 66.34477164796128, 57034, 0, 0.0, -233, 
2019-12-04 14:37:00.288,123712672, 1273.3222806511696, 1020936, 66.38116969732586, 57103, 0, 0.0, -262, 
2019-12-04 14:37:01.31,141918904, 1273.3222806511696, 1022188, 66.38116969732586, 57176, 0, 0.0, -38, 
2019-12-04 14:37:02.344,161022976, 1273.3222806511696, 1023482, 66.38116969732586, 57249, 0, 0.0, -150, 
2019-12-04 14:37:03.369,178313616, 1273.3222806511696, 1024702, 66.38116969732586, 57321, 0, 0.0, 150, 
2019-12-04 14:37:04.397,196185776, 1273.3222806511696, 1025896, 66.38116969732586, 57387, 0, 0.0, 56, 
2019-12-04 14:37:05.421,214069800, 1269.0428753713315, 1027193, 66.63853315838504, 57452, 0, 0.0, 104, 
2019-12-04 14:37:06.443,232151976, 1269.0428753713315, 1028460, 66.63853315838504, 57528, 0, 0.0, 34, 
2019-12-04 14:37:07.465,249879344, 1269.0428753713315, 1029710, 66.63853315838504, 57592, 0, 0.0, -103, 
2019-12-04 14:37:08.487,267039576, 1269.0428753713315, 1031032, 66.63853315838504, 57664, 0, 0.0, 50, 
2019-12-04 14:37:09.51,285570328, 1269.0428753713315, 1032226, 66.63853315838504, 57725, 0, 0.0, -38, 
2019-12-04 14:37:10.531,303209744, 1266.464877396983, 1033369, 66.60346998300192, 57787, 0, 0.0, 215, 
2019-12-04 14:37:11.553,320693728, 1266.464877396983, 1034692, 66.60346998300192, 57869, 0, 0.0, -51, 
2019-12-04 14:37:12.574,337523392, 1266.464877396983, 1035939, 66.60346998300192, 57934, 0, 0.0, -55, 
2019-12-04 14:37:13.595,355422832, 1266.464877396983, 1037141, 66.60346998300192, 58012, 0, 0.0, -137, 
2019-12-04 14:37:14.656,374182912, 1261.74231054986, 1038361, 66.90702376288834, 58084, 0, 0.0, 5, 
2019-12-04 14:37:15.682,107999232, 1261.74231054986, 1039666, 66.90702376288834, 58143, 0, 0.0, 62, 
2019-12-04 14:37:16.703,126119520, 1261.74231054986, 1040960, 66.90702376288834, 58201, 0, 0.0, -295, 
2019-12-04 14:37:17.725,145271552, 1261.74231054986, 1042283, 66.90702376288834, 58273, 0, 0.0, -126, 
2019-12-04 14:37:18.747,163509816, 1261.74231054986, 1043573, 66.90702376288834, 58346, 0, 0.0, -471, 
2019-12-04 14:37:19.813,183027384, 1261.8428698460605, 1044950, 66.70657321038841, 58413, 0, 0.0, 219, 
2019-12-04 14:37:20.836,201145080, 1261.8428698460605, 1046253, 66.70657321038841, 58473, 0, 0.0, -8, 
2019-12-04 14:37:21.861,218928632, 1261.8428698460605, 1047542, 66.70657321038841, 58543, 0, 0.0, -51, 
2019-12-04 14:37:22.891,237945232, 1261.8428698460605, 1048846, 66.70657321038841, 58615, 0, 0.0, -127, 
2019-12-04 14:37:23.914,254130760, 1261.8428698460605, 1050102, 66.70657321038841, 58690, 0, 0.0, 97, 
2019-12-04 14:37:24.937,273945912, 1260.9439396062724, 1051364, 66.68206096989285, 58757, 0, 0.0, -18, 
2019-12-04 14:37:25.96,292471496, 1260.9439396062724, 1052638, 66.68206096989285, 58830, 0, 0.0, -82, 
2019-12-04 14:37:26.983,310072168, 1260.9439396062724, 1053897, 66.68206096989285, 58894, 0, 0.0, -180, 
2019-12-04 14:37:28.005,327274936, 1260.9439396062724, 1055070, 66.68206096989285, 58957, 0, 0.0, -48, 
2019-12-04 14:37:29.027,344645832, 1260.9439396062724, 1056408, 66.68206096989285, 59024, 0, 0.0, -192, 
2019-12-04 14:37:30.049,363425920, 1259.6051681136416, 1057661, 66.51558856626762, 59089, 0, 0.0, 19, 
2019-12-04 14:37:31.072,97955584, 1259.6051681136416, 1058936, 66.51558856626762, 59146, 0, 0.0, -44, 
2019-12-04 14:37:32.097,116622136, 1259.6051681136416, 1060237, 66.51558856626762, 59203, 0, 0.0, -71, 
2019-12-04 14:37:33.119,132269312, 1259.6051681136416, 1061432, 66.51558856626762, 59261, 0, 0.0, 5, 
2019-12-04 14:37:34.142,150613600, 1259.6051681136416, 1062678, 66.51558856626762, 59319, 0, 0.0, -390, 
2019-12-04 14:37:35.166,169423256, 1257.0621672793027, 1063973, 65.9466575171948, 59403, 0, 0.0, -125, 
2019-12-04 14:37:36.189,187726560, 1257.0621672793027, 1065248, 65.9466575171948, 59486, 0, 0.0, -266, 
2019-12-04 14:37:37.226,205624848, 1257.0621672793027, 1066541, 65.9466575171948, 59543, 0, 0.0, -57, 
2019-12-04 14:37:38.249,222267792, 1257.0621672793027, 1067784, 65.9466575171948, 59599, 0, 0.0, -111, 
2019-12-04 14:37:39.271,239584504, 1257.0621672793027, 1068973, 65.9466575171948, 59668, 0, 0.0, 89, 
2019-12-04 14:37:40.293,258591272, 1254.3706889896405, 1070314, 66.1268248344481, 59742, 0, 0.0, -68, 
2019-12-04 14:37:41.316,276641320, 1254.3706889896405, 1071580, 66.1268248344481, 59820, 0, 0.0, -145, 
2019-12-04 14:37:42.337,294586432, 1254.3706889896405, 1072768, 66.1268248344481, 59872, 0, 0.0, -178, 
2019-12-04 14:37:43.368,310917808, 1254.3706889896405, 1073947, 66.1268248344481, 59936, 0, 0.0, 131, 
2019-12-04 14:37:44.391,328041752, 1254.3706889896405, 1075187, 66.1268248344481, 59994, 0, 0.0, 49, 
2019-12-04 14:37:45.415,346546672, 1250.519173353765, 1076455, 65.87681772445823, 60061, 0, 0.0, -53, 
2019-12-04 14:37:46.437,362327568, 1250.519173353765, 1077586, 65.87681772445823, 60119, 0, 0.0, -50, 
2019-12-04 14:37:47.458,94084424, 1250.519173353765, 1078822, 65.87681772445823, 60174, 0, 0.0, -384, 
2019-12-04 14:37:48.48,114395160, 1250.519173353765, 1080122, 65.87681772445823, 60243, 0, 0.0, -45, 
2019-12-04 14:37:49.504,129759232, 1250.519173353765, 1081361, 65.87681772445823, 60290, 0, 0.0, -930, 
2019-12-04 14:37:50.529,148303072, 1246.9756079051201, 1082524, 65.1350843329221, 60353, 0, 0.0, -131, 
2019-12-04 14:37:51.56,166219080, 1246.9756079051201, 1083814, 65.1350843329221, 60418, 0, 0.0, 77, 
2019-12-04 14:37:52.585,182082152, 1246.9756079051201, 1085025, 65.1350843329221, 60471, 0, 0.0, -68, 
2019-12-04 14:37:53.612,200229800, 1246.9756079051201, 1086261, 65.1350843329221, 60545, 0, 0.0, -51, 
2019-12-04 14:37:54.644,218352848, 1243.82730812574, 1087534, 64.83644347867448, 60601, 0, 0.0, -220, 
2019-12-04 14:37:55.668,235399024, 1243.82730812574, 1088773, 64.83644347867448, 60670, 0, 0.0, -1, 
2019-12-04 14:37:56.691,253286440, 1243.82730812574, 1089959, 64.83644347867448, 60736, 0, 0.0, 22, 
2019-12-04 14:37:57.717,270613720, 1243.82730812574, 1091227, 64.83644347867448, 60795, 0, 0.0, -107, 
2019-12-04 14:37:58.74,289875176, 1243.82730812574, 1092510, 64.83644347867448, 60859, 0, 0.0, -199, 
2019-12-04 14:37:59.762,306250256, 1240.4669901029927, 1093737, 64.64163621411448, 60927, 0, 0.0, 35, 
2019-12-04 14:38:00.788,323697112, 1240.4669901029927, 1094988, 64.64163621411448, 60999, 0, 0.0, -129, 
2019-12-04 14:38:01.81,342866592, 1240.4669901029927, 1096246, 64.64163621411448, 61055, 0, 0.0, -13, 
2019-12-04 14:38:02.832,360858208, 1240.4669901029927, 1097551, 64.64163621411448, 61125, 0, 0.0, -192, 
2019-12-04 14:38:03.854,94288432, 1240.4669901029927, 1098741, 64.64163621411448, 61196, 0, 0.0, -64, 
2019-12-04 14:38:04.878,109181984, 1237.775126201639, 1099915, 64.5263693467234, 61253, 0, 0.0, -24, 
2019-12-04 14:38:05.901,128769824, 1237.775126201639, 1101238, 64.5263693467234, 61326, 0, 0.0, 10, 
2019-12-04 14:38:06.926,147617448, 1237.775126201639, 1102434, 64.5263693467234, 61411, 0, 0.0, -254, 
2019-12-04 14:38:07.951,158495680, 1237.775126201639, 1103090, 64.5263693467234, 61443, 0, 0.0, 79, 
2019-12-04 14:38:08.973,166444008, 1237.775126201639, 1103570, 64.5263693467234, 61473, 0, 0.0, -41, 
2019-12-04 14:38:10.004,175935136, 1208.9931042673036, 1104066, 63.52481615303683, 61494, 0, 0.0, 2, 
