Timestamp, MemoryUsed, ReadLatency1, ReadCount, WriteLatency1, WriteCount, PendingTasks, WaitingOnCommit1, SRDelay, 
2019-12-04 14:30:32.13,106772280, 121.64164443951788, 720165, 6.567759835319869, 41128, 0, 0.0, 1, 
2019-12-04 14:30:33.216,107655376, 121.64164443951788, 720165, 6.567759835319869, 41128, 0, 0.0, 1, 
2019-12-04 14:30:34.257,108347104, 121.64164443951788, 720165, 6.567759835319869, 41128, 0, 0.0, 1, 
2019-12-04 14:30:35.301,109535800, 111.9157155529045, 720165, 6.042630753112849, 41128, 0, 0.0, 1, 
2019-12-04 14:30:36.347,110236128, 111.9157155529045, 720165, 6.042630753112849, 41128, 0, 0.0, 1, 
2019-12-04 14:30:37.393,110967528, 111.9157155529045, 720165, 6.042630753112849, 41128, 0, 0.0, 1, 
2019-12-04 14:30:38.441,111648864, 111.9157155529045, 720165, 6.042630753112849, 41128, 0, 0.0, 1, 
2019-12-04 14:30:39.478,112358528, 111.9157155529045, 720165, 6.042630753112849, 41128, 0, 0.0, 1, 
2019-12-04 14:30:40.515,113516504, 102.96742900369388, 720165, 5.559488674068858, 41128, 0, 0.0, 1, 
2019-12-04 14:30:41.56,114199648, 102.96742900369388, 720165, 5.559488674068858, 41128, 0, 0.0, 1, 
2019-12-04 14:30:42.591,115054480, 102.96742900369388, 720165, 5.559488674068858, 41128, 0, 0.0, 1, 
2019-12-04 14:30:43.634,115796808, 102.96742900369388, 720165, 5.559488674068858, 41128, 0, 0.0, 1, 
2019-12-04 14:30:44.67,116723344, 94.73460794358994, 720165, 5.114976502772035, 41128, 0, 0.0, 1, 
2019-12-04 14:30:45.712,117613504, 94.73460794358994, 720165, 5.114976502772035, 41128, 0, 0.0, 1, 
2019-12-04 14:30:46.746,118307032, 94.73460794358994, 720165, 5.114976502772035, 41128, 0, 0.0, 1, 
2019-12-04 14:30:47.8,119354176, 94.73460794358994, 720165, 5.114976502772035, 41128, 0, 0.0, 1, 
2019-12-04 14:30:48.842,120028400, 94.73460794358994, 720165, 5.114976502772035, 41128, 0, 0.0, 1, 
2019-12-04 14:30:49.883,120985304, 87.16004691059864, 720165, 4.7060055623356405, 41128, 0, 0.0, 1, 
2019-12-04 14:30:50.924,121682408, 87.16004691059864, 720165, 4.7060055623356405, 41128, 0, 0.0, 1, 
2019-12-04 14:30:51.962,122610120, 87.16004691059864, 720165, 4.7060055623356405, 41128, 0, 0.0, 1, 
2019-12-04 14:30:53.016,123306184, 87.16004691059864, 720165, 4.7060055623356405, 41128, 0, 0.0, 1, 
2019-12-04 14:30:54.057,123982680, 87.16004691059864, 720165, 4.7060055623356405, 41128, 0, 0.0, 1, 
2019-12-04 14:30:55.103,124906568, 80.19111433892608, 720165, 4.329734132841434, 41128, 0, 0.0, 1, 
2019-12-04 14:30:56.138,125685904, 80.19111433892608, 720165, 4.329734132841434, 41128, 0, 0.0, 1, 
2019-12-04 14:30:57.182,126652240, 80.19111433892608, 720165, 4.329734132841434, 41128, 0, 0.0, 1, 
2019-12-04 14:30:58.229,127531496, 80.19111433892608, 720165, 4.329734132841434, 41128, 0, 0.0, 1, 
2019-12-04 14:30:59.283,128207224, 80.19111433892608, 720165, 4.329734132841434, 41128, 0, 0.0, 1, 
2019-12-04 14:31:00.32,129108432, 73.77938685043038, 720165, 3.9835477057506976, 41128, 0, 0.0, 1, 
2019-12-04 14:31:01.361,129825384, 73.77938685043038, 720165, 3.9835477057506976, 41128, 0, 0.0, 1, 
2019-12-04 14:31:02.407,130771640, 73.77938685043038, 720165, 3.9835477057506976, 41128, 0, 0.0, 1, 
2019-12-04 14:31:03.527,131498992, 73.77938685043038, 720165, 3.9835477057506976, 41128, 0, 0.0, 1, 
2019-12-04 14:31:04.567,132191296, 67.88031278651462, 720165, 3.665040817085385, 41128, 0, 0.0, 1, 
2019-12-04 14:31:05.62,147742856, 67.88031278651462, 720165, 3.665040817085385, 41128, 0, 0.0, 1, 
2019-12-04 14:31:06.667,148472120, 67.88031278651462, 720165, 3.665040817085385, 41128, 0, 0.0, 1, 
2019-12-04 14:31:07.697,152254272, 67.88031278651462, 720165, 3.665040817085385, 41206, 0, 0.0, 1, 
2019-12-04 14:31:08.729,159436176, 67.88031278651462, 720165, 3.665040817085385, 41387, 0, 0.0, 1, 
2019-12-04 14:31:09.76,160167120, 62.452902642524215, 720165, 7.513699655348953, 41387, 0, 0.0, 1, 
2019-12-04 14:31:10.811,161088808, 62.452902642524215, 720165, 7.513699655348953, 41387, 0, 0.0, 1, 
2019-12-04 14:31:11.851,162023552, 62.452902642524215, 720165, 7.513699655348953, 41387, 0, 0.0, 1, 
