Timestamp, MemoryUsed, ReadLatency1, ReadCount, WriteLatency1, WriteCount, PendingTasks, WaitingOnCommit1, SRDelay, 
2019-12-08 10:17:06.732,266752560, 3.3492796695216946, 2027276, 2.752382869026063, 111118, 0, 0.0, 23266893, 
2019-12-08 10:17:07.771,276958864, 3.3492796695216946, 2027631, 2.752382869026063, 111140, 0, 0.0, 11633450, 
2019-12-08 10:17:08.81,291820072, 3.3492796695216946, 2028244, 2.752382869026063, 111171, 0, 0.0, 5816681, 
2019-12-08 10:17:09.852,310606784, 3.3492796695216946, 2028967, 2.752382869026063, 111220, 0, 0.0, 2908320, 
2019-12-08 10:17:10.89,326845080, 3.3492796695216946, 2029618, 2.752382869026063, 111245, 0, 0.0, 1454132, 
2019-12-08 10:17:11.931,343367864, 45.82574199213875, 2030298, 4.787061993021944, 111286, 0, 0.0, 727040, 
2019-12-08 10:17:12.975,363076680, 45.82574199213875, 2031075, 4.787061993021944, 111325, 0, 0.0, 363514, 
2019-12-08 10:17:14.014,381943992, 45.82574199213875, 2031898, 4.787061993021944, 111367, 0, 0.0, 181813, 
2019-12-08 10:17:15.045,118364368, 45.82574199213875, 2032674, 4.787061993021944, 111407, 0, 0.0, 90912, 
2019-12-08 10:17:16.086,137190280, 45.82574199213875, 2033489, 4.787061993021944, 111436, 0, 0.0, 45347, 
2019-12-08 10:17:17.14,156325384, 101.72862906726586, 2034313, 7.37865742495333, 111469, 0, 0.0, 22656, 
2019-12-08 10:17:18.184,176715672, 101.72862906726586, 2035160, 7.37865742495333, 111514, 0, 0.0, 11313, 
2019-12-08 10:17:19.215,197977104, 101.72862906726586, 2036034, 7.37865742495333, 111551, 0, 0.0, 5688, 
2019-12-08 10:17:20.252,218335032, 101.72862906726586, 2036937, 7.37865742495333, 111595, 0, 0.0, 2788, 
2019-12-08 10:17:21.284,240496320, 161.26926443897693, 2037844, 10.162818253934054, 111654, 0, 0.0, 1401, 
2019-12-08 10:17:22.326,258721936, 161.26926443897693, 2038630, 10.162818253934054, 111692, 0, 0.0, 580, 
2019-12-08 10:17:23.362,280478144, 161.26926443897693, 2039553, 10.162818253934054, 111759, 0, 0.0, 141, 
2019-12-08 10:17:24.389,300095560, 161.26926443897693, 2040421, 10.162818253934054, 111808, 0, 0.0, 56, 
2019-12-08 10:17:25.422,322152560, 161.26926443897693, 2041334, 10.162818253934054, 111849, 0, 0.0, 51, 
2019-12-08 10:17:26.455,341080152, 214.57811068538038, 2042147, 13.172121152143305, 111903, 0, 0.0, 2, 
2019-12-08 10:17:27.486,363968392, 214.57811068538038, 2043100, 13.172121152143305, 111970, 0, 0.0, 1, 
2019-12-08 10:17:28.517,382853080, 214.57811068538038, 2043941, 13.172121152143305, 112009, 0, 0.0, 1, 
2019-12-08 10:17:29.541,119572080, 214.57811068538038, 2044753, 13.172121152143305, 112042, 0, 0.0, 1, 
2019-12-08 10:17:30.911,142459520, 214.57811068538038, 2045696, 13.172121152143305, 112075, 0, 0.0, 508, 
2019-12-08 10:17:31.936,159321944, 260.042606700111, 2046340, 15.285177675529013, 112112, 0, 0.0, 751, 
2019-12-08 10:17:32.962,178053608, 260.042606700111, 2047074, 15.285177675529013, 112144, 0, 0.0, 379, 
2019-12-08 10:17:33.985,195968744, 260.042606700111, 2047827, 15.285177675529013, 112197, 0, 0.0, 138, 
2019-12-08 10:17:35.017,218139248, 260.042606700111, 2048769, 15.285177675529013, 112256, 0, 0.0, 1, 
2019-12-08 10:17:36.045,240931784, 260.042606700111, 2049738, 15.285177675529013, 112304, 0, 0.0, 1, 
2019-12-08 10:17:37.069,265114640, 303.8068874883713, 2050734, 17.597079220371203, 112343, 0, 0.0, 1, 
2019-12-08 10:17:38.094,287626424, 303.8068874883713, 2051759, 17.597079220371203, 112401, 0, 0.0, 35, 
2019-12-08 10:17:39.126,312021824, 303.8068874883713, 2052804, 17.597079220371203, 112457, 0, 0.0, 83, 
2019-12-08 10:17:40.152,334656840, 303.8068874883713, 2053801, 17.597079220371203, 112508, 0, 0.0, 18, 
2019-12-08 10:17:41.18,355303824, 303.8068874883713, 2054659, 17.597079220371203, 112560, 0, 0.0, 1, 
2019-12-08 10:17:42.21,373242560, 355.93737845688804, 2055385, 20.219855953174356, 112596, 0, 0.0, 1, 
2019-12-08 10:17:43.232,391425240, 355.93737845688804, 2056117, 20.219855953174356, 112641, 0, 0.0, 1, 
2019-12-08 10:17:44.255,127619288, 355.93737845688804, 2056814, 20.219855953174356, 112683, 0, 0.0, 19, 
2019-12-08 10:17:45.281,146524248, 355.93737845688804, 2057652, 20.219855953174356, 112727, 0, 0.0, 8, 
2019-12-08 10:17:46.305,165452776, 387.09308145944004, 2058465, 22.025264588192503, 112779, 0, 0.0, 1, 
2019-12-08 10:17:47.329,184505456, 387.09308145944004, 2059266, 22.025264588192503, 112831, 0, 0.0, 2, 
2019-12-08 10:17:48.354,203367032, 387.09308145944004, 2060142, 22.025264588192503, 112873, 0, 0.0, 34, 
2019-12-08 10:17:49.378,224221616, 387.09308145944004, 2061037, 22.025264588192503, 112907, 0, 0.0, 1, 
2019-12-08 10:17:50.405,249347536, 387.09308145944004, 2062010, 22.025264588192503, 112944, 0, 0.0, 46, 
2019-12-08 10:17:51.43,269665808, 425.72017792797436, 2062933, 23.590374016519686, 112990, 0, 0.0, 1, 
2019-12-08 10:17:52.453,292229512, 425.72017792797436, 2063948, 23.590374016519686, 113031, 0, 0.0, 5, 
2019-12-08 10:17:53.476,313468552, 425.72017792797436, 2064913, 23.590374016519686, 113099, 0, 0.0, 1, 
2019-12-08 10:17:54.501,337700608, 425.72017792797436, 2065987, 23.590374016519686, 113151, 0, 0.0, 59, 
2019-12-08 10:17:55.528,362386360, 425.72017792797436, 2066983, 23.590374016519686, 113198, 0, 0.0, 1, 
2019-12-08 10:17:56.558,386748632, 469.97398109260115, 2067962, 25.845891175116705, 113253, 0, 0.0, 1, 
2019-12-08 10:17:57.58,126500648, 469.97398109260115, 2068945, 25.845891175116705, 113316, 0, 0.0, 1, 
2019-12-08 10:17:58.602,148379600, 469.97398109260115, 2069939, 25.845891175116705, 113366, 0, 0.0, 1, 
2019-12-08 10:17:59.627,172645512, 469.97398109260115, 2070962, 25.845891175116705, 113433, 0, 0.0, 7, 
2019-12-08 10:18:00.651,195684224, 469.97398109260115, 2071977, 25.845891175116705, 113494, 0, 0.0, 1, 
2019-12-08 10:18:01.673,219641856, 510.7853922227663, 2073066, 28.480756236579232, 113556, 0, 0.0, 1, 
2019-12-08 10:18:02.704,244448120, 510.7853922227663, 2074246, 28.480756236579232, 113620, 0, 0.0, 59, 
2019-12-08 10:18:03.73,268661848, 510.7853922227663, 2075291, 28.480756236579232, 113670, 0, 0.0, 73, 
2019-12-08 10:18:04.758,294832400, 510.7853922227663, 2076427, 28.480756236579232, 113721, 0, 0.0, 1, 
2019-12-08 10:18:05.792,317949304, 510.7853922227663, 2077523, 28.480756236579232, 113777, 0, 0.0, 11, 
2019-12-08 10:18:06.819,343154136, 557.1767908282127, 2078599, 30.473188958678122, 113832, 0, 0.0, 1, 
2019-12-08 10:18:07.846,368598448, 557.1767908282127, 2079767, 30.473188958678122, 113880, 0, 0.0, 1, 
2019-12-08 10:18:08.876,393771088, 557.1767908282127, 2080895, 30.473188958678122, 113939, 0, 0.0, 1, 
2019-12-08 10:18:09.901,135568976, 557.1767908282127, 2082021, 30.473188958678122, 113990, 0, 0.0, 1, 
2019-12-08 10:18:10.933,157461488, 557.1767908282127, 2083041, 30.473188958678122, 114052, 0, 0.0, 1, 
2019-12-08 10:18:11.966,171277208, 596.069043255426, 2083583, 32.24235108787337, 114082, 0, 0.0, 20, 
2019-12-08 10:18:13.004,183679376, 596.069043255426, 2084076, 32.24235108787337, 114110, 0, 0.0, 12, 
2019-12-08 10:18:14.034,196827120, 596.069043255426, 2084584, 32.24235108787337, 114130, 0, 0.0, 1, 
2019-12-08 10:18:15.067,209545088, 596.069043255426, 2085071, 32.24235108787337, 114149, 0, 0.0, 1, 
2019-12-08 10:18:16.103,221562816, 596.069043255426, 2085547, 32.24235108787337, 114176, 0, 0.0, 10, 
2019-12-08 10:18:17.136,234596728, 586.6127726707085, 2086076, 31.455400145218732, 114203, 0, 0.0, 1, 
2019-12-08 10:18:18.169,249412824, 586.6127726707085, 2086592, 31.455400145218732, 114227, 0, 0.0, 10, 
2019-12-08 10:18:19.198,261535992, 586.6127726707085, 2087088, 31.455400145218732, 114253, 0, 0.0, 10, 
2019-12-08 10:18:20.232,274785640, 586.6127726707085, 2087571, 31.455400145218732, 114274, 0, 0.0, 1, 
2019-12-08 10:18:21.261,288119096, 578.7441218238706, 2088084, 30.82731702828687, 114297, 0, 0.0, 1, 
2019-12-08 10:18:22.288,299651216, 578.7441218238706, 2088570, 30.82731702828687, 114324, 0, 0.0, 1, 
2019-12-08 10:18:23.316,312348224, 578.7441218238706, 2089050, 30.82731702828687, 114348, 0, 0.0, 1, 
2019-12-08 10:18:24.348,324146824, 578.7441218238706, 2089533, 30.82731702828687, 114377, 0, 0.0, 5, 
2019-12-08 10:18:25.377,337923016, 578.7441218238706, 2090021, 30.82731702828687, 114404, 0, 0.0, 1, 
2019-12-08 10:18:26.407,350655856, 570.529155420047, 2090521, 30.42535495244622, 114433, 0, 0.0, 1, 
2019-12-08 10:18:27.486,364394480, 570.529155420047, 2091050, 30.42535495244622, 114456, 0, 0.0, 1, 
2019-12-08 10:18:28.528,375788920, 570.529155420047, 2091528, 30.42535495244622, 114487, 0, 0.0, 24, 
2019-12-08 10:18:29.554,389850704, 570.529155420047, 2092029, 30.42535495244622, 114507, 0, 0.0, 1, 
2019-12-08 10:18:30.581,119657232, 570.529155420047, 2092543, 30.42535495244622, 114534, 0, 0.0, 1, 
2019-12-08 10:18:31.607,132152784, 563.8185506687706, 2093048, 29.991567521379682, 114561, 0, 0.0, 1, 
2019-12-08 10:18:32.643,145034152, 563.8185506687706, 2093546, 29.991567521379682, 114581, 0, 0.0, 8, 
2019-12-08 10:18:33.669,158189632, 563.8185506687706, 2094024, 29.991567521379682, 114611, 0, 0.0, 13, 
2019-12-08 10:18:34.704,171266784, 563.8185506687706, 2094532, 29.991567521379682, 114633, 0, 0.0, 1, 
2019-12-08 10:18:35.731,184067224, 563.8185506687706, 2095011, 29.991567521379682, 114654, 0, 0.0, 2, 
2019-12-08 10:18:36.758,196396880, 556.6530469899774, 2095511, 29.46453488169743, 114682, 0, 0.0, 1, 
2019-12-08 10:18:37.79,208739480, 556.6530469899774, 2095982, 29.46453488169743, 114704, 0, 0.0, 1, 
2019-12-08 10:18:38.824,221986464, 556.6530469899774, 2096485, 29.46453488169743, 114734, 0, 0.0, 1, 
2019-12-08 10:18:39.856,234976224, 556.6530469899774, 2096996, 29.46453488169743, 114756, 0, 0.0, 39, 
2019-12-08 10:18:40.883,247490472, 556.6530469899774, 2097488, 29.46453488169743, 114786, 0, 0.0, 24, 
2019-12-08 10:18:41.913,261317904, 550.7640745035599, 2097981, 29.155543733045914, 114811, 0, 0.0, 1, 
2019-12-08 10:18:42.94,273274760, 550.7640745035599, 2098498, 29.155543733045914, 114842, 0, 0.0, 2, 
2019-12-08 10:18:43.967,285367648, 550.7640745035599, 2098988, 29.155543733045914, 114874, 0, 0.0, 1, 
2019-12-08 10:18:45.004,298935912, 550.7640745035599, 2099507, 29.155543733045914, 114905, 0, 0.0, 23, 
2019-12-08 10:18:46.043,312359376, 550.7640745035599, 2100042, 29.155543733045914, 114923, 0, 0.0, 3, 
2019-12-08 10:18:47.073,324116160, 546.4013719864184, 2100535, 28.919231503781592, 114949, 0, 0.0, 47, 
2019-12-08 10:18:48.106,337869656, 546.4013719864184, 2101052, 28.919231503781592, 114977, 0, 0.0, 1, 
2019-12-08 10:18:49.135,350673896, 546.4013719864184, 2101550, 28.919231503781592, 115005, 0, 0.0, 1, 
2019-12-08 10:18:50.163,362353576, 546.4013719864184, 2102057, 28.919231503781592, 115034, 0, 0.0, 1, 
2019-12-08 10:18:51.188,373687072, 546.4013719864184, 2102542, 28.919231503781592, 115060, 0, 0.0, 1, 
2019-12-08 10:18:52.214,385340488, 541.3480692930144, 2103048, 28.781769342509026, 115091, 0, 0.0, 1, 
2019-12-08 10:18:53.253,396259752, 541.3480692930144, 2103571, 28.781769342509026, 115114, 0, 0.0, 1, 
2019-12-08 10:18:54.278,123090136, 541.3480692930144, 2104067, 28.781769342509026, 115142, 0, 0.0, 1, 
2019-12-08 10:18:55.31,133451360, 541.3480692930144, 2104574, 28.781769342509026, 115171, 0, 0.0, 1, 
2019-12-08 10:18:56.351,143821984, 537.3224599404081, 2105065, 28.559351346362515, 115194, 0, 0.0, 1, 
2019-12-08 10:18:57.376,153387048, 537.3224599404081, 2105556, 28.559351346362515, 115221, 0, 0.0, 5, 
2019-12-08 10:18:58.41,167518128, 537.3224599404081, 2106070, 28.559351346362515, 115237, 0, 0.0, 1, 
2019-12-08 10:18:59.436,178508464, 537.3224599404081, 2106581, 28.559351346362515, 115261, 0, 0.0, 1, 
2019-12-08 10:19:00.474,189609832, 537.3224599404081, 2107084, 28.559351346362515, 115280, 0, 0.0, 13, 
2019-12-08 10:19:01.505,199504912, 532.8511469205046, 2107572, 27.92295675029322, 115301, 0, 0.0, 1, 
2019-12-08 10:19:02.533,210646760, 532.8511469205046, 2108081, 27.92295675029322, 115327, 0, 0.0, 2, 
2019-12-08 10:19:03.56,220761680, 532.8511469205046, 2108544, 27.92295675029322, 115353, 0, 0.0, 1, 
2019-12-08 10:19:04.589,231563232, 532.8511469205046, 2109034, 27.92295675029322, 115377, 0, 0.0, 1, 
2019-12-08 10:19:05.618,242800216, 532.8511469205046, 2109545, 27.92295675029322, 115399, 0, 0.0, 6, 
2019-12-08 10:19:06.643,273608008, 528.6733758821864, 2110054, 27.545329978643135, 115420, 0, 0.0, 3, 
2019-12-08 10:19:07.672,283690016, 528.6733758821864, 2110558, 27.545329978643135, 115452, 0, 0.0, 1, 
2019-12-08 10:19:08.699,294346448, 528.6733758821864, 2111036, 27.545329978643135, 115479, 0, 0.0, 1, 
2019-12-08 10:19:09.725,304715736, 528.6733758821864, 2111523, 27.545329978643135, 115499, 0, 0.0, 1, 
2019-12-08 10:19:10.751,315522384, 528.6733758821864, 2111993, 27.545329978643135, 115528, 0, 0.0, 11, 
2019-12-08 10:19:11.777,325358328, 524.7496853874109, 2112484, 27.437763332684003, 115559, 0, 0.0, 3, 
2019-12-08 10:19:12.806,336799240, 524.7496853874109, 2112973, 27.437763332684003, 115590, 0, 0.0, 1, 
2019-12-08 10:19:13.833,347213128, 524.7496853874109, 2113486, 27.437763332684003, 115612, 0, 0.0, 21, 
2019-12-08 10:19:14.859,358504528, 524.7496853874109, 2114002, 27.437763332684003, 115640, 0, 0.0, 14, 
2019-12-08 10:19:15.887,368086064, 524.7496853874109, 2114473, 27.437763332684003, 115676, 0, 0.0, 1, 
2019-12-08 10:19:16.913,379305776, 521.2836359166258, 2114964, 27.53069064575852, 115697, 0, 0.0, 1, 
2019-12-08 10:19:17.948,389763256, 521.2836359166258, 2115473, 27.53069064575852, 115726, 0, 0.0, 1, 
2019-12-08 10:19:18.976,116538032, 521.2836359166258, 2116011, 27.53069064575852, 115748, 0, 0.0, 1, 
2019-12-08 10:19:20.003,128616432, 521.2836359166258, 2116533, 27.53069064575852, 115770, 0, 0.0, 1, 
2019-12-08 10:19:21.032,139445296, 521.2836359166258, 2117032, 27.53069064575852, 115799, 0, 0.0, 2, 
2019-12-08 10:19:22.06,149287104, 519.3420235919837, 2117505, 27.168436623043444, 115832, 0, 0.0, 1, 
2019-12-08 10:19:23.089,160628616, 519.3420235919837, 2118008, 27.168436623043444, 115855, 0, 0.0, 1, 
2019-12-08 10:19:24.12,171621120, 519.3420235919837, 2118520, 27.168436623043444, 115875, 0, 0.0, 10, 
2019-12-08 10:19:25.15,181398576, 519.3420235919837, 2118993, 27.168436623043444, 115897, 0, 0.0, 14, 
2019-12-08 10:19:26.176,192899552, 519.3420235919837, 2119471, 27.168436623043444, 115923, 0, 0.0, 4, 
2019-12-08 10:19:27.207,203287696, 515.9405511928335, 2119962, 26.97906688643466, 115945, 0, 0.0, 1, 
2019-12-08 10:19:28.239,212898456, 515.9405511928335, 2120446, 26.97906688643466, 115985, 0, 0.0, 1, 
2019-12-08 10:19:29.265,225045304, 515.9405511928335, 2120940, 26.97906688643466, 116014, 0, 0.0, 1, 
2019-12-08 10:19:30.293,235203216, 515.9405511928335, 2121460, 26.97906688643466, 116038, 0, 0.0, 16, 
2019-12-08 10:19:31.319,246290888, 513.4666813105191, 2121971, 27.092678425302353, 116071, 0, 0.0, 9, 
2019-12-08 10:19:32.347,256812512, 513.4666813105191, 2122451, 27.092678425302353, 116097, 0, 0.0, 1, 
2019-12-08 10:19:33.375,267635864, 513.4666813105191, 2122951, 27.092678425302353, 116127, 0, 0.0, 1, 
2019-12-08 10:19:34.402,278440048, 513.4666813105191, 2123450, 27.092678425302353, 116150, 0, 0.0, 1, 
2019-12-08 10:19:35.427,290084112, 513.4666813105191, 2124002, 27.092678425302353, 116172, 0, 0.0, 45, 
2019-12-08 10:19:36.458,300295352, 511.6383624208519, 2124496, 27.101259384630204, 116209, 0, 0.0, 1, 
2019-12-08 10:19:37.484,311273824, 511.6383624208519, 2124985, 27.101259384630204, 116232, 0, 0.0, 1, 
2019-12-08 10:19:38.51,321361176, 511.6383624208519, 2125489, 27.101259384630204, 116255, 0, 0.0, 1, 
2019-12-08 10:19:39.537,332949456, 511.6383624208519, 2126000, 27.101259384630204, 116280, 0, 0.0, 1, 
2019-12-08 10:19:40.568,344200864, 511.6383624208519, 2126486, 27.101259384630204, 116298, 0, 0.0, 1, 
2019-12-08 10:19:41.596,355282352, 509.220636452842, 2126951, 26.597438501959626, 116315, 0, 0.0, 1, 
2019-12-08 10:19:42.624,365791560, 509.220636452842, 2127445, 26.597438501959626, 116340, 0, 0.0, 1, 
2019-12-08 10:19:43.652,375792768, 509.220636452842, 2127937, 26.597438501959626, 116371, 0, 0.0, 26, 
2019-12-08 10:19:44.68,385628624, 509.220636452842, 2128394, 26.597438501959626, 116397, 0, 0.0, 34, 
2019-12-08 10:19:45.706,396512192, 509.220636452842, 2128907, 26.597438501959626, 116424, 0, 0.0, 69, 
2019-12-08 10:19:46.738,122328656, 506.1966653261634, 2129388, 26.5656610738866, 116446, 0, 0.0, 1, 
2019-12-08 10:19:47.766,133914344, 506.1966653261634, 2129870, 26.5656610738866, 116476, 0, 0.0, 1, 
2019-12-08 10:19:48.805,144499840, 506.1966653261634, 2130381, 26.5656610738866, 116515, 0, 0.0, 1, 
2019-12-08 10:19:49.834,155256936, 506.1966653261634, 2130857, 26.5656610738866, 116536, 0, 0.0, 10, 
2019-12-08 10:19:50.881,164768176, 506.1966653261634, 2131337, 26.5656610738866, 116557, 0, 0.0, 1, 
2019-12-08 10:19:51.909,177204192, 503.8942110932865, 2131838, 26.48845107745432, 116586, 0, 0.0, 1, 
2019-12-08 10:19:52.934,187185016, 503.8942110932865, 2132346, 26.48845107745432, 116611, 0, 0.0, 1, 
2019-12-08 10:19:53.965,198804224, 503.8942110932865, 2132838, 26.48845107745432, 116640, 0, 0.0, 9, 
2019-12-08 10:19:54.993,209039256, 503.8942110932865, 2133346, 26.48845107745432, 116663, 0, 0.0, 2, 
2019-12-08 10:19:56.019,220410640, 503.8942110932865, 2133809, 26.48845107745432, 116680, 0, 0.0, 1, 
2019-12-08 10:19:57.046,230187976, 501.7758509363885, 2134280, 26.225521046593627, 116700, 0, 0.0, 1, 
2019-12-08 10:19:58.071,239853880, 501.7758509363885, 2134794, 26.225521046593627, 116721, 0, 0.0, 1, 
2019-12-08 10:19:59.104,251007440, 501.7758509363885, 2135259, 26.225521046593627, 116748, 0, 0.0, 15, 
2019-12-08 10:20:00.132,261907664, 501.7758509363885, 2135759, 26.225521046593627, 116779, 0, 0.0, 1, 
2019-12-08 10:20:01.156,273321768, 501.7758509363885, 2136259, 26.225521046593627, 116806, 0, 0.0, 8, 
2019-12-08 10:20:02.186,284500816, 499.6509632180457, 2136778, 26.143524911003283, 116830, 0, 0.0, 14, 
2019-12-08 10:20:03.214,295332192, 499.6509632180457, 2137234, 26.143524911003283, 116858, 0, 0.0, 21, 
2019-12-08 10:20:04.245,305908376, 499.6509632180457, 2137703, 26.143524911003283, 116886, 0, 0.0, 21, 
2019-12-08 10:20:05.271,315776232, 499.6509632180457, 2138167, 26.143524911003283, 116906, 0, 0.0, 19, 
2019-12-08 10:20:06.297,326222920, 497.47209650203206, 2138676, 25.924164770764982, 116926, 0, 0.0, 6, 
2019-12-08 10:20:07.328,338567960, 497.47209650203206, 2139213, 25.924164770764982, 116950, 0, 0.0, 1, 
2019-12-08 10:20:08.36,349265592, 497.47209650203206, 2139726, 25.924164770764982, 116979, 0, 0.0, 1, 
2019-12-08 10:20:09.387,361427648, 497.47209650203206, 2140253, 25.924164770764982, 117012, 0, 0.0, 6, 
2019-12-08 10:20:10.413,371820448, 497.47209650203206, 2140743, 25.924164770764982, 117039, 0, 0.0, 1, 
2019-12-08 10:20:11.439,382385808, 497.70619874012095, 2141281, 26.106130508725677, 117073, 0, 0.0, 1, 
2019-12-08 10:20:12.472,394174240, 497.70619874012095, 2141763, 26.106130508725677, 117105, 0, 0.0, 1, 
2019-12-08 10:20:13.5,120360912, 497.70619874012095, 2142249, 26.106130508725677, 117128, 0, 0.0, 1, 
2019-12-08 10:20:14.527,132339992, 497.70619874012095, 2142751, 26.106130508725677, 117158, 0, 0.0, 12, 
2019-12-08 10:20:15.557,142761240, 497.70619874012095, 2143252, 26.106130508725677, 117181, 0, 0.0, 10, 
2019-12-08 10:20:16.584,152085200, 496.5783293624995, 2143737, 26.145618132997235, 117211, 0, 0.0, 5, 
2019-12-08 10:20:17.611,162232704, 496.5783293624995, 2144245, 26.145618132997235, 117239, 0, 0.0, 23, 
2019-12-08 10:20:18.637,173633712, 496.5783293624995, 2144768, 26.145618132997235, 117261, 0, 0.0, 33, 
2019-12-08 10:20:19.668,183792896, 496.5783293624995, 2145229, 26.145618132997235, 117287, 0, 0.0, 27, 
2019-12-08 10:20:20.702,194090088, 496.5783293624995, 2145701, 26.145618132997235, 117311, 0, 0.0, 6, 
2019-12-08 10:20:21.731,207193768, 495.3647371533719, 2146242, 26.006046213339772, 117340, 0, 0.0, 41, 
2019-12-08 10:20:22.758,217206112, 495.3647371533719, 2146714, 26.006046213339772, 117374, 0, 0.0, 11, 
2019-12-08 10:20:23.793,227701888, 495.3647371533719, 2147197, 26.006046213339772, 117394, 0, 0.0, 9, 
2019-12-08 10:20:24.823,238913688, 495.3647371533719, 2147685, 26.006046213339772, 117423, 0, 0.0, 1, 
2019-12-08 10:20:25.849,250376944, 495.3647371533719, 2148198, 26.006046213339772, 117447, 0, 0.0, 25, 
2019-12-08 10:20:26.905,261187928, 494.4560629416901, 2148728, 26.037545018961186, 117467, 0, 0.0, 1, 
2019-12-08 10:20:27.93,271313944, 494.4560629416901, 2149212, 26.037545018961186, 117485, 0, 0.0, 1, 
2019-12-08 10:20:28.957,282483176, 494.4560629416901, 2149711, 26.037545018961186, 117519, 0, 0.0, 1, 
2019-12-08 10:20:29.984,293338256, 494.4560629416901, 2150230, 26.037545018961186, 117545, 0, 0.0, 15, 
2019-12-08 10:20:31.009,304847040, 494.4560629416901, 2150734, 26.037545018961186, 117566, 0, 0.0, 27, 
2019-12-08 10:20:32.035,314135184, 493.82792683047836, 2151247, 25.874631914251037, 117594, 0, 0.0, 1, 
2019-12-08 10:20:33.063,324722168, 493.82792683047836, 2151714, 25.874631914251037, 117614, 0, 0.0, 1, 
2019-12-08 10:20:34.089,335848816, 493.82792683047836, 2152184, 25.874631914251037, 117639, 0, 0.0, 14, 
2019-12-08 10:20:35.117,346465736, 493.82792683047836, 2152682, 25.874631914251037, 117661, 0, 0.0, 20, 
2019-12-08 10:20:36.143,356740104, 493.82792683047836, 2153161, 25.874631914251037, 117691, 0, 0.0, 9, 
2019-12-08 10:20:37.175,367388320, 492.2105910999122, 2153682, 25.77271797341495, 117721, 0, 0.0, 1, 
2019-12-08 10:20:38.201,378136192, 492.2105910999122, 2154146, 25.77271797341495, 117742, 0, 0.0, 5, 
2019-12-08 10:20:39.225,387284896, 492.2105910999122, 2154603, 25.77271797341495, 117769, 0, 0.0, 1, 
2019-12-08 10:20:40.253,116022984, 492.2105910999122, 2155109, 25.77271797341495, 117792, 0, 0.0, 4, 
2019-12-08 10:20:41.28,125864096, 490.7385615114986, 2155599, 25.678952621375842, 117819, 0, 0.0, 1, 
2019-12-08 10:20:42.306,136157328, 490.7385615114986, 2156081, 25.678952621375842, 117855, 0, 0.0, 1, 
2019-12-08 10:20:43.333,147580240, 490.7385615114986, 2156556, 25.678952621375842, 117897, 0, 0.0, 1, 
2019-12-08 10:20:44.359,173128960, 490.7385615114986, 2157056, 25.678952621375842, 117918, 0, 0.0, 1, 
2019-12-08 10:20:45.386,183301256, 490.7385615114986, 2157525, 25.678952621375842, 117951, 0, 0.0, 1, 
2019-12-08 10:20:46.412,193487112, 489.08039768610087, 2158004, 26.120391196392976, 117980, 0, 0.0, 2, 
2019-12-08 10:20:47.439,204743952, 489.08039768610087, 2158489, 26.120391196392976, 118012, 0, 0.0, 5, 
2019-12-08 10:20:48.467,216208992, 489.08039768610087, 2158992, 26.120391196392976, 118036, 0, 0.0, 10, 
2019-12-08 10:20:49.497,226528400, 489.08039768610087, 2159537, 26.120391196392976, 118062, 0, 0.0, 68, 
2019-12-08 10:20:50.524,237438608, 489.08039768610087, 2160021, 26.120391196392976, 118093, 0, 0.0, 1, 
2019-12-08 10:20:51.549,247784432, 488.7701382176377, 2160513, 26.17472971610844, 118115, 0, 0.0, 35, 
2019-12-08 10:20:52.575,258880056, 488.7701382176377, 2160998, 26.17472971610844, 118141, 0, 0.0, 1, 
2019-12-08 10:20:53.601,269469312, 488.7701382176377, 2161496, 26.17472971610844, 118165, 0, 0.0, 10, 
2019-12-08 10:20:54.629,279867696, 488.7701382176377, 2161996, 26.17472971610844, 118184, 0, 0.0, 3, 
2019-12-08 10:20:55.662,291780848, 488.7701382176377, 2162514, 26.17472971610844, 118217, 0, 0.0, 1, 
2019-12-08 10:20:56.702,303253824, 489.10833929248355, 2163026, 26.064812396930527, 118246, 0, 0.0, 1, 
2019-12-08 10:20:57.729,314196936, 489.10833929248355, 2163520, 26.064812396930527, 118281, 0, 0.0, 1, 
2019-12-08 10:20:58.755,324634368, 489.10833929248355, 2164033, 26.064812396930527, 118305, 0, 0.0, 15, 
2019-12-08 10:20:59.787,334534000, 489.10833929248355, 2164497, 26.064812396930527, 118331, 0, 0.0, 6, 
2019-12-08 10:21:00.813,345342824, 489.10833929248355, 2165021, 26.064812396930527, 118351, 0, 0.0, 10, 
2019-12-08 10:21:01.843,355415328, 488.58796121456203, 2165523, 26.043639166720535, 118376, 0, 0.0, 12, 
2019-12-08 10:21:02.868,367086304, 488.58796121456203, 2166008, 26.043639166720535, 118408, 0, 0.0, 1, 
2019-12-08 10:21:03.895,378826744, 488.58796121456203, 2166493, 26.043639166720535, 118435, 0, 0.0, 4, 
2019-12-08 10:21:04.919,389417248, 488.58796121456203, 2166968, 26.043639166720535, 118454, 0, 0.0, 1, 
2019-12-08 10:21:05.953,120197216, 488.58796121456203, 2167489, 26.043639166720535, 118480, 0, 0.0, 9, 
2019-12-08 10:21:06.983,131377864, 488.1091902704748, 2168036, 25.91222103500722, 118498, 0, 0.0, 1, 
2019-12-08 10:21:08.013,142556232, 488.1091902704748, 2168503, 25.91222103500722, 118533, 0, 0.0, 1, 
2019-12-08 10:21:09.038,153712240, 488.1091902704748, 2169008, 25.91222103500722, 118560, 0, 0.0, 7, 
2019-12-08 10:21:10.07,164520696, 488.1091902704748, 2169523, 25.91222103500722, 118576, 0, 0.0, 1, 
2019-12-08 10:21:11.096,175122072, 488.1091902704748, 2170016, 25.91222103500722, 118598, 0, 0.0, 1, 
2019-12-08 10:21:12.122,184794976, 488.0684776643339, 2170522, 25.711354931572693, 118632, 0, 0.0, 3, 
2019-12-08 10:21:13.154,195525360, 488.0684776643339, 2171015, 25.711354931572693, 118666, 0, 0.0, 1, 
2019-12-08 10:21:14.181,207397392, 488.0684776643339, 2171488, 25.711354931572693, 118692, 0, 0.0, 1, 
2019-12-08 10:21:15.207,217629080, 488.0684776643339, 2171998, 25.711354931572693, 118717, 0, 0.0, 1, 
2019-12-08 10:21:16.234,228818104, 488.0684776643339, 2172527, 25.711354931572693, 118737, 0, 0.0, 1, 
2019-12-08 10:21:17.261,239947952, 488.22291366333866, 2173031, 25.83038041942797, 118769, 0, 0.0, 3, 
2019-12-08 10:21:18.286,251433560, 488.22291366333866, 2173556, 25.83038041942797, 118796, 0, 0.0, 12, 
2019-12-08 10:21:19.313,262247680, 488.22291366333866, 2174036, 25.83038041942797, 118814, 0, 0.0, 1, 
2019-12-08 10:21:20.337,273217344, 488.22291366333866, 2174552, 25.83038041942797, 118847, 0, 0.0, 1, 
2019-12-08 10:21:21.404,283692824, 488.54090392945614, 2175077, 25.85993356935707, 118870, 0, 0.0, 1, 
2019-12-08 10:21:22.43,296472400, 488.54090392945614, 2175599, 25.85993356935707, 118900, 0, 0.0, 1, 
2019-12-08 10:21:23.457,307727200, 488.54090392945614, 2176098, 25.85993356935707, 118929, 0, 0.0, 1, 
2019-12-08 10:21:24.482,318563488, 488.54090392945614, 2176611, 25.85993356935707, 118964, 0, 0.0, 1, 
2019-12-08 10:21:25.508,328562944, 488.54090392945614, 2177084, 25.85993356935707, 118988, 0, 0.0, 1, 
2019-12-08 10:21:26.538,338794888, 488.6575668098885, 2177581, 26.03104383355126, 119015, 0, 0.0, 10, 
2019-12-08 10:21:27.563,349828752, 488.6575668098885, 2178088, 26.03104383355126, 119040, 0, 0.0, 7, 
2019-12-08 10:21:28.595,359544160, 488.6575668098885, 2178569, 26.03104383355126, 119064, 0, 0.0, 1, 
2019-12-08 10:21:29.626,371513616, 488.6575668098885, 2179046, 26.03104383355126, 119098, 0, 0.0, 1, 
2019-12-08 10:21:30.659,382180344, 488.6575668098885, 2179515, 26.03104383355126, 119127, 0, 0.0, 1, 
2019-12-08 10:21:31.695,392913408, 487.21376348523376, 2180021, 26.06054393981579, 119145, 0, 0.0, 1, 
2019-12-08 10:21:32.728,118476600, 487.21376348523376, 2180491, 26.06054393981579, 119171, 0, 0.0, 27, 
2019-12-08 10:21:33.754,129995536, 487.21376348523376, 2181002, 26.06054393981579, 119197, 0, 0.0, 20, 
2019-12-08 10:21:34.779,140347184, 487.21376348523376, 2181488, 26.06054393981579, 119226, 0, 0.0, 1, 
2019-12-08 10:21:35.809,150782144, 487.21376348523376, 2182002, 26.06054393981579, 119255, 0, 0.0, 1, 
2019-12-08 10:21:36.846,160389416, 486.8928406762325, 2182482, 26.007729762444765, 119286, 0, 0.0, 1, 
2019-12-08 10:21:37.89,171860128, 486.8928406762325, 2182991, 26.007729762444765, 119311, 0, 0.0, 16, 
2019-12-08 10:21:38.916,182183192, 486.8928406762325, 2183451, 26.007729762444765, 119343, 0, 0.0, 9, 
2019-12-08 10:21:39.944,192760576, 486.8928406762325, 2183952, 26.007729762444765, 119362, 0, 0.0, 1, 
2019-12-08 10:21:40.973,203251536, 486.8928406762325, 2184439, 26.007729762444765, 119389, 0, 0.0, 7, 
2019-12-08 10:21:42.001,213388528, 485.7820304675028, 2184904, 25.99112060768958, 119415, 0, 0.0, 1, 
2019-12-08 10:21:43.029,223898632, 485.7820304675028, 2185373, 25.99112060768958, 119443, 0, 0.0, 20, 
2019-12-08 10:21:44.057,235610032, 485.7820304675028, 2185887, 25.99112060768958, 119472, 0, 0.0, 1, 
2019-12-08 10:21:45.083,246677328, 485.7820304675028, 2186391, 25.99112060768958, 119500, 0, 0.0, 5, 
2019-12-08 10:21:46.112,257582576, 485.7820304675028, 2186896, 25.99112060768958, 119534, 0, 0.0, 1, 
2019-12-08 10:21:47.138,268167648, 485.0958491978046, 2187377, 26.167732852514984, 119548, 0, 0.0, 1, 
2019-12-08 10:21:48.164,278833928, 485.0958491978046, 2187835, 26.167732852514984, 119577, 0, 0.0, 1, 
2019-12-08 10:21:49.194,289725328, 485.0958491978046, 2188342, 26.167732852514984, 119609, 0, 0.0, 1, 
2019-12-08 10:21:50.265,300716600, 485.0958491978046, 2188862, 26.167732852514984, 119639, 0, 0.0, 4, 
2019-12-08 10:21:51.293,311866120, 484.8803009971231, 2189403, 26.17031279118039, 119668, 0, 0.0, 14, 
2019-12-08 10:21:52.321,323856400, 484.8803009971231, 2189931, 26.17031279118039, 119689, 0, 0.0, 25, 
2019-12-08 10:21:53.347,333940472, 484.8803009971231, 2190396, 26.17031279118039, 119706, 0, 0.0, 4, 
2019-12-08 10:21:54.375,343394848, 484.8803009971231, 2190866, 26.17031279118039, 119729, 0, 0.0, 1, 
2019-12-08 10:21:55.401,354661504, 484.8803009971231, 2191366, 26.17031279118039, 119754, 0, 0.0, 1, 
2019-12-08 10:21:56.428,365217208, 484.1222979814079, 2191846, 25.756917405412064, 119776, 0, 0.0, 1, 
2019-12-08 10:21:57.454,375231656, 484.1222979814079, 2192330, 25.756917405412064, 119801, 0, 0.0, 1, 
2019-12-08 10:21:58.481,386538368, 484.1222979814079, 2192830, 25.756917405412064, 119824, 0, 0.0, 7, 
2019-12-08 10:21:59.51,397116240, 484.1222979814079, 2193333, 25.756917405412064, 119847, 0, 0.0, 1, 
2019-12-08 10:22:00.536,124642560, 484.1222979814079, 2193817, 25.756917405412064, 119868, 0, 0.0, 1, 
2019-12-08 10:22:01.565,135390416, 483.85666170152865, 2194326, 25.440539757998923, 119888, 0, 0.0, 1, 
2019-12-08 10:22:02.598,146085632, 483.85666170152865, 2194822, 25.440539757998923, 119907, 0, 0.0, 3, 
2019-12-08 10:22:03.624,157471080, 483.85666170152865, 2195336, 25.440539757998923, 119928, 0, 0.0, 1, 
2019-12-08 10:22:04.649,169565848, 483.85666170152865, 2195834, 25.440539757998923, 119949, 0, 0.0, 1, 
2019-12-08 10:22:05.675,177914840, 483.85666170152865, 2196319, 25.440539757998923, 119975, 0, 0.0, 1, 
2019-12-08 10:22:06.701,188733560, 484.26790032594226, 2196805, 25.13346715350876, 120003, 0, 0.0, 1, 
2019-12-08 10:22:07.727,200313008, 484.26790032594226, 2197304, 25.13346715350876, 120033, 0, 0.0, 11, 
2019-12-08 10:22:08.75,211153472, 484.26790032594226, 2197781, 25.13346715350876, 120068, 0, 0.0, 7, 
2019-12-08 10:22:09.776,222137912, 484.26790032594226, 2198274, 25.13346715350876, 120098, 0, 0.0, 1, 
2019-12-08 10:22:10.802,231630784, 484.26790032594226, 2198752, 25.13346715350876, 120140, 0, 0.0, 1, 
2019-12-08 10:22:11.828,243431152, 483.22304870581587, 2199236, 25.74644927501349, 120168, 0, 0.0, 1, 
2019-12-08 10:22:12.853,252825984, 483.22304870581587, 2199715, 25.74644927501349, 120193, 0, 0.0, 1, 
2019-12-08 10:22:13.879,264866976, 483.22304870581587, 2200223, 25.74644927501349, 120219, 0, 0.0, 12, 
2019-12-08 10:22:14.905,275869000, 483.22304870581587, 2200722, 25.74644927501349, 120243, 0, 0.0, 1, 
2019-12-08 10:22:15.932,285980216, 483.22304870581587, 2201226, 25.74644927501349, 120273, 0, 0.0, 1, 
2019-12-08 10:22:16.957,295707440, 483.15724136475376, 2201720, 25.654784252131996, 120291, 0, 0.0, 1, 
2019-12-08 10:22:17.982,306332456, 483.15724136475376, 2202210, 25.654784252131996, 120321, 0, 0.0, 5, 
2019-12-08 10:22:19.007,317169904, 483.15724136475376, 2202690, 25.654784252131996, 120343, 0, 0.0, 5, 
2019-12-08 10:22:20.039,328746896, 483.15724136475376, 2203162, 25.654784252131996, 120375, 0, 0.0, 1, 
2019-12-08 10:22:21.064,338841128, 483.15724136475376, 2203649, 25.654784252131996, 120399, 0, 0.0, 1, 
2019-12-08 10:22:22.092,348937752, 482.2331753661647, 2204127, 25.666395062257823, 120422, 0, 0.0, 1, 
2019-12-08 10:22:23.116,361644728, 482.2331753661647, 2204658, 25.666395062257823, 120450, 0, 0.0, 39, 
2019-12-08 10:22:24.141,372459376, 482.2331753661647, 2205151, 25.666395062257823, 120478, 0, 0.0, 8, 
2019-12-08 10:22:25.168,383196016, 482.2331753661647, 2205656, 25.666395062257823, 120501, 0, 0.0, 1, 
2019-12-08 10:22:26.201,394516920, 482.2331753661647, 2206160, 25.666395062257823, 120535, 0, 0.0, 1, 
2019-12-08 10:22:27.226,120488120, 482.9021497274568, 2206655, 25.677077523263414, 120562, 0, 0.0, 1, 
2019-12-08 10:22:28.252,131883416, 482.9021497274568, 2207151, 25.677077523263414, 120583, 0, 0.0, 1, 
2019-12-08 10:22:29.282,142580304, 482.9021497274568, 2207647, 25.677077523263414, 120614, 0, 0.0, 2, 
2019-12-08 10:22:30.313,153389784, 482.9021497274568, 2208100, 25.677077523263414, 120642, 0, 0.0, 8, 
2019-12-08 10:22:31.339,162698008, 482.3502843056819, 2208599, 25.766861447216776, 120671, 0, 0.0, 1, 
2019-12-08 10:22:32.371,172750608, 482.3502843056819, 2209063, 25.766861447216776, 120701, 0, 0.0, 1, 
2019-12-08 10:22:33.398,183648144, 482.3502843056819, 2209560, 25.766861447216776, 120733, 0, 0.0, 1, 
2019-12-08 10:22:34.424,195036304, 482.3502843056819, 2210060, 25.766861447216776, 120757, 0, 0.0, 1, 
2019-12-08 10:22:35.46,205474232, 482.3502843056819, 2210505, 25.766861447216776, 120781, 0, 0.0, 1, 
2019-12-08 10:22:36.498,217328128, 480.4832986554494, 2210994, 26.041360049863197, 120821, 0, 0.0, 1, 
2019-12-08 10:22:37.525,226926536, 480.4832986554494, 2211483, 26.041360049863197, 120854, 0, 0.0, 1, 
2019-12-08 10:22:38.56,236004096, 480.4832986554494, 2211962, 26.041360049863197, 120885, 0, 0.0, 12, 
2019-12-08 10:22:39.587,247998728, 480.4832986554494, 2212498, 26.041360049863197, 120913, 0, 0.0, 17, 
2019-12-08 10:22:40.613,259966000, 480.4832986554494, 2212981, 26.041360049863197, 120941, 0, 0.0, 19, 
2019-12-08 10:22:41.637,270807792, 480.8284430383233, 2213466, 26.277919838977454, 120968, 0, 0.0, 1, 
2019-12-08 10:22:42.666,280703640, 480.8284430383233, 2213946, 26.277919838977454, 120999, 0, 0.0, 1, 
2019-12-08 10:22:43.692,291691488, 480.8284430383233, 2214438, 26.277919838977454, 121026, 0, 0.0, 1, 
2019-12-08 10:22:44.72,302283648, 480.8284430383233, 2214935, 26.277919838977454, 121058, 0, 0.0, 1, 
2019-12-08 10:22:45.746,313412472, 480.8284430383233, 2215414, 26.277919838977454, 121075, 0, 0.0, 1, 
2019-12-08 10:22:46.771,325108136, 480.2025152926532, 2215929, 26.207725244343482, 121097, 0, 0.0, 9, 
2019-12-08 10:22:47.797,334923336, 480.2025152926532, 2216415, 26.207725244343482, 121130, 0, 0.0, 1, 
2019-12-08 10:22:48.824,346487760, 480.2025152926532, 2216924, 26.207725244343482, 121151, 0, 0.0, 14, 
2019-12-08 10:22:49.856,357136792, 480.2025152926532, 2217392, 26.207725244343482, 121180, 0, 0.0, 1, 
2019-12-08 10:22:50.881,367724672, 480.2025152926532, 2217890, 26.207725244343482, 121205, 0, 0.0, 1, 
2019-12-08 10:22:51.912,378735352, 480.63407434195835, 2218419, 26.23908980205814, 121243, 0, 0.0, 1, 
2019-12-08 10:22:52.941,389050168, 480.63407434195835, 2218951, 26.23908980205814, 121267, 0, 0.0, 19, 
2019-12-08 10:22:53.97,398812416, 480.63407434195835, 2219417, 26.23908980205814, 121294, 0, 0.0, 1, 
2019-12-08 10:22:54.996,124602840, 480.63407434195835, 2219917, 26.23908980205814, 121314, 0, 0.0, 1, 
2019-12-08 10:22:56.023,136690344, 480.63407434195835, 2220447, 26.23908980205814, 121345, 0, 0.0, 55, 
2019-12-08 10:22:57.052,147702448, 481.95861262515416, 2220957, 26.219973236978422, 121372, 0, 0.0, 1, 
2019-12-08 10:22:58.078,158426560, 481.95861262515416, 2221448, 26.219973236978422, 121393, 0, 0.0, 3, 
2019-12-08 10:22:59.104,169133536, 481.95861262515416, 2221956, 26.219973236978422, 121422, 0, 0.0, 3, 
2019-12-08 10:23:00.13,179757728, 481.95861262515416, 2222436, 26.219973236978422, 121438, 0, 0.0, 1, 
2019-12-08 10:23:01.158,190198272, 481.95861262515416, 2222945, 26.219973236978422, 121468, 0, 0.0, 1, 
2019-12-08 10:23:02.183,200149824, 482.16980629890065, 2223417, 26.042473977308575, 121494, 0, 0.0, 6, 
2019-12-08 10:23:03.209,212658488, 482.16980629890065, 2223898, 26.042473977308575, 121528, 0, 0.0, 1, 
2019-12-08 10:23:04.235,223833488, 482.16980629890065, 2224419, 26.042473977308575, 121547, 0, 0.0, 1, 
2019-12-08 10:23:05.307,234296280, 482.16980629890065, 2224930, 26.042473977308575, 121571, 0, 0.0, 20, 
2019-12-08 10:23:06.337,246507400, 482.07627375150173, 2225429, 25.959122360219173, 121596, 0, 0.0, 24, 
2019-12-08 10:23:07.404,256293632, 482.07627375150173, 2225935, 25.959122360219173, 121625, 0, 0.0, 23, 
2019-12-08 10:23:08.434,266723424, 482.07627375150173, 2226444, 25.959122360219173, 121655, 0, 0.0, 1, 
2019-12-08 10:23:09.467,278578800, 482.07627375150173, 2226926, 25.959122360219173, 121684, 0, 0.0, 4, 
2019-12-08 10:23:10.495,289150696, 482.07627375150173, 2227419, 25.959122360219173, 121711, 0, 0.0, 41, 
2019-12-08 10:23:11.524,299086120, 481.5264772585314, 2227895, 25.914417404614014, 121730, 0, 0.0, 15, 
2019-12-08 10:23:12.55,310044712, 481.5264772585314, 2228418, 25.914417404614014, 121752, 0, 0.0, 23, 
2019-12-08 10:23:13.576,320790464, 481.5264772585314, 2228925, 25.914417404614014, 121777, 0, 0.0, 29, 
2019-12-08 10:23:14.605,331098568, 481.5264772585314, 2229411, 25.914417404614014, 121796, 0, 0.0, 27, 
2019-12-08 10:23:15.634,341502128, 481.5264772585314, 2229905, 25.914417404614014, 121821, 0, 0.0, 21, 
2019-12-08 10:23:16.672,352910560, 482.0120893245876, 2230411, 25.617428986717073, 121845, 0, 0.0, 18, 
2019-12-08 10:23:17.699,365153728, 482.0120893245876, 2230913, 25.617428986717073, 121870, 0, 0.0, 9, 
2019-12-08 10:23:18.726,374222440, 482.0120893245876, 2231390, 25.617428986717073, 121892, 0, 0.0, 11, 
2019-12-08 10:23:19.75,385382968, 482.0120893245876, 2231894, 25.617428986717073, 121914, 0, 0.0, 1, 
2019-12-08 10:23:20.782,395353368, 482.0120893245876, 2232371, 25.617428986717073, 121939, 0, 0.0, 1, 
2019-12-08 10:23:21.809,124432208, 481.8032381935997, 2232849, 25.45612427114034, 121962, 0, 0.0, 2, 
2019-12-08 10:23:22.834,135208864, 481.8032381935997, 2233331, 25.45612427114034, 121984, 0, 0.0, 4, 
2019-12-08 10:23:23.861,143594280, 481.8032381935997, 2233793, 25.45612427114034, 122012, 0, 0.0, 1, 
2019-12-08 10:23:24.886,155076040, 481.8032381935997, 2234264, 25.45612427114034, 122032, 0, 0.0, 1, 
2019-12-08 10:23:25.913,166025816, 481.8032381935997, 2234746, 25.45612427114034, 122047, 0, 0.0, 1, 
2019-12-08 10:23:26.939,177321144, 480.34778762818866, 2235242, 25.227761183149916, 122079, 0, 0.0, 1, 
2019-12-08 10:23:27.964,188003568, 480.34778762818866, 2235754, 25.227761183149916, 122108, 0, 0.0, 1, 
2019-12-08 10:23:28.993,199849360, 480.34778762818866, 2236243, 25.227761183149916, 122134, 0, 0.0, 1, 
2019-12-08 10:23:30.019,208870352, 480.34778762818866, 2236739, 25.227761183149916, 122159, 0, 0.0, 1, 
2019-12-08 10:23:31.044,219837616, 480.34778762818866, 2237230, 25.227761183149916, 122180, 0, 0.0, 1, 
2019-12-08 10:23:32.069,230127304, 480.38394453308877, 2237701, 25.209550404426448, 122211, 0, 0.0, 1, 
2019-12-08 10:23:33.094,240903240, 480.38394453308877, 2238203, 25.209550404426448, 122239, 0, 0.0, 1, 
2019-12-08 10:23:34.121,251814440, 480.38394453308877, 2238708, 25.209550404426448, 122263, 0, 0.0, 1, 
2019-12-08 10:23:35.145,262389768, 480.38394453308877, 2239203, 25.209550404426448, 122285, 0, 0.0, 15, 
2019-12-08 10:23:36.173,273363344, 480.38394453308877, 2239700, 25.209550404426448, 122307, 0, 0.0, 1, 
2019-12-08 10:23:37.198,285104896, 480.5931127793078, 2240237, 25.144822327953463, 122326, 0, 0.0, 20, 
2019-12-08 10:23:38.225,294307368, 480.5931127793078, 2240693, 25.144822327953463, 122350, 0, 0.0, 1, 
2019-12-08 10:23:39.253,304781176, 480.5931127793078, 2241172, 25.144822327953463, 122376, 0, 0.0, 1, 
2019-12-08 10:23:40.281,316341768, 480.5931127793078, 2241688, 25.144822327953463, 122404, 0, 0.0, 1, 
2019-12-08 10:23:41.309,327138056, 480.38577892910604, 2242150, 25.069278505650658, 122435, 0, 0.0, 34, 
2019-12-08 10:23:42.334,337463352, 480.38577892910604, 2242678, 25.069278505650658, 122472, 0, 0.0, 1, 
2019-12-08 10:23:43.361,349000768, 480.38577892910604, 2243187, 25.069278505650658, 122501, 0, 0.0, 7, 
2019-12-08 10:23:44.388,360034512, 480.38577892910604, 2243661, 25.069278505650658, 122535, 0, 0.0, 1, 
2019-12-08 10:23:45.413,372440032, 480.38577892910604, 2244149, 25.069278505650658, 122564, 0, 0.0, 7, 
2019-12-08 10:23:46.439,383050208, 481.0745340173418, 2244653, 25.607437282698356, 122596, 0, 0.0, 1, 
2019-12-08 10:23:47.465,392907432, 481.0745340173418, 2245128, 25.607437282698356, 122628, 0, 0.0, 1, 
2019-12-08 10:23:48.491,119507688, 481.0745340173418, 2245632, 25.607437282698356, 122656, 0, 0.0, 1, 
2019-12-08 10:23:49.516,130584568, 481.0745340173418, 2246099, 25.607437282698356, 122683, 0, 0.0, 1, 
2019-12-08 10:23:50.541,140850432, 481.0745340173418, 2246561, 25.607437282698356, 122714, 0, 0.0, 1, 
2019-12-08 10:23:51.567,150981864, 480.04514311361055, 2247066, 25.670807098703186, 122731, 0, 0.0, 1, 
2019-12-08 10:23:52.594,162137136, 480.04514311361055, 2247577, 25.670807098703186, 122764, 0, 0.0, 1, 
2019-12-08 10:23:53.622,172807464, 480.04514311361055, 2248047, 25.670807098703186, 122789, 0, 0.0, 4, 
2019-12-08 10:23:54.65,182424240, 480.04514311361055, 2248528, 25.670807098703186, 122818, 0, 0.0, 14, 
2019-12-08 10:23:55.675,194463608, 480.04514311361055, 2249070, 25.670807098703186, 122839, 0, 0.0, 12, 
2019-12-08 10:23:56.703,204568552, 480.8730717573914, 2249601, 25.633163441529703, 122856, 0, 0.0, 8, 
2019-12-08 10:23:57.735,215729344, 480.8730717573914, 2250085, 25.633163441529703, 122881, 0, 0.0, 12, 
2019-12-08 10:23:58.76,226826112, 480.8730717573914, 2250599, 25.633163441529703, 122906, 0, 0.0, 1, 
2019-12-08 10:23:59.791,238481544, 480.8730717573914, 2251067, 25.633163441529703, 122934, 0, 0.0, 11, 
2019-12-08 10:24:00.819,249460728, 480.8730717573914, 2251542, 25.633163441529703, 122968, 0, 0.0, 1, 
2019-12-08 10:24:01.846,259242688, 480.77128255981034, 2252044, 25.66249407329756, 122998, 0, 0.0, 1, 
2019-12-08 10:24:02.875,269282704, 480.77128255981034, 2252527, 25.66249407329756, 123031, 0, 0.0, 4, 
2019-12-08 10:24:03.939,281145536, 480.77128255981034, 2253041, 25.66249407329756, 123057, 0, 0.0, 1, 
2019-12-08 10:24:04.965,292073160, 480.77128255981034, 2253529, 25.66249407329756, 123080, 0, 0.0, 2, 
2019-12-08 10:24:05.991,302861704, 480.77128255981034, 2254023, 25.66249407329756, 123113, 0, 0.0, 1, 
2019-12-08 10:24:07.017,314166288, 480.48573857221663, 2254507, 25.81740849382621, 123136, 0, 0.0, 1, 
2019-12-08 10:24:08.044,324506800, 480.48573857221663, 2254988, 25.81740849382621, 123162, 0, 0.0, 1, 
2019-12-08 10:24:09.071,334758712, 480.48573857221663, 2255455, 25.81740849382621, 123192, 0, 0.0, 1, 
2019-12-08 10:24:10.098,346354936, 480.48573857221663, 2255989, 25.81740849382621, 123214, 0, 0.0, 1, 
2019-12-08 10:24:11.13,356382704, 480.48573857221663, 2256469, 25.81740849382621, 123243, 0, 0.0, 1, 
2019-12-08 10:24:12.156,368183368, 480.20703430422594, 2256972, 25.832007704586047, 123265, 0, 0.0, 1, 
2019-12-08 10:24:13.227,379328344, 480.20703430422594, 2257499, 25.832007704586047, 123291, 0, 0.0, 1, 
2019-12-08 10:24:14.254,390644480, 480.20703430422594, 2257982, 25.832007704586047, 123317, 0, 0.0, 1, 
2019-12-08 10:24:15.308,400147848, 480.20703430422594, 2258478, 25.832007704586047, 123342, 0, 0.0, 5, 
2019-12-08 10:24:16.34,127471400, 480.7021965016121, 2259009, 25.669537339088144, 123369, 0, 0.0, 3, 
2019-12-08 10:24:17.367,138925664, 480.7021965016121, 2259514, 25.669537339088144, 123393, 0, 0.0, 9, 
2019-12-08 10:24:18.393,149756872, 480.7021965016121, 2260004, 25.669537339088144, 123420, 0, 0.0, 1, 
2019-12-08 10:24:19.419,162109232, 480.7021965016121, 2260528, 25.669537339088144, 123449, 0, 0.0, 1, 
2019-12-08 10:24:20.445,169753056, 480.7021965016121, 2260980, 25.669537339088144, 123479, 0, 0.0, 18, 
2019-12-08 10:24:21.472,180931128, 480.6620430863546, 2261477, 25.727941908732774, 123501, 0, 0.0, 1, 
2019-12-08 10:24:22.497,192258176, 480.6620430863546, 2261987, 25.727941908732774, 123522, 0, 0.0, 16, 
2019-12-08 10:24:23.523,202779656, 480.6620430863546, 2262462, 25.727941908732774, 123549, 0, 0.0, 5, 
2019-12-08 10:24:24.554,213827544, 480.6620430863546, 2262940, 25.727941908732774, 123581, 0, 0.0, 1, 
2019-12-08 10:24:25.579,225803856, 480.6620430863546, 2263441, 25.727941908732774, 123603, 0, 0.0, 1, 
2019-12-08 10:24:26.606,236640200, 480.52915345847384, 2263938, 25.653747770230062, 123633, 0, 0.0, 1, 
2019-12-08 10:24:27.63,247482664, 480.52915345847384, 2264445, 25.653747770230062, 123651, 0, 0.0, 1, 
2019-12-08 10:24:28.654,258312184, 480.52915345847384, 2264962, 25.653747770230062, 123681, 0, 0.0, 1, 
2019-12-08 10:24:29.68,269576176, 480.52915345847384, 2265450, 25.653747770230062, 123701, 0, 0.0, 1, 
2019-12-08 10:24:30.705,279200256, 480.52915345847384, 2265958, 25.653747770230062, 123725, 0, 0.0, 10, 
2019-12-08 10:24:31.73,289393376, 481.25441830350917, 2266458, 25.489539165057597, 123752, 0, 0.0, 17, 
2019-12-08 10:24:32.756,300806368, 481.25441830350917, 2266945, 25.489539165057597, 123776, 0, 0.0, 18, 
2019-12-08 10:24:33.782,312492376, 481.25441830350917, 2267442, 25.489539165057597, 123799, 0, 0.0, 15, 
2019-12-08 10:24:34.809,322767464, 481.25441830350917, 2267969, 25.489539165057597, 123829, 0, 0.0, 16, 
2019-12-08 10:24:35.835,334414984, 481.25441830350917, 2268479, 25.489539165057597, 123856, 0, 0.0, 31, 
2019-12-08 10:24:36.861,345428968, 482.2734987489419, 2268981, 25.418415540405274, 123874, 0, 0.0, 1, 
2019-12-08 10:24:37.887,357190904, 482.2734987489419, 2269510, 25.418415540405274, 123906, 0, 0.0, 3, 
2019-12-08 10:24:38.912,367194080, 482.2734987489419, 2269987, 25.418415540405274, 123934, 0, 0.0, 1, 
2019-12-08 10:24:39.94,375659920, 482.2734987489419, 2270458, 25.418415540405274, 123964, 0, 0.0, 1, 
2019-12-08 10:24:40.967,387603664, 482.2734987489419, 2270961, 25.418415540405274, 123992, 0, 0.0, 1, 
2019-12-08 10:24:41.993,398316008, 482.23563987929793, 2271446, 25.576854285833605, 124022, 0, 0.0, 1, 
2019-12-08 10:24:43.018,125389776, 482.23563987929793, 2271921, 25.576854285833605, 124049, 0, 0.0, 29, 
2019-12-08 10:24:44.054,136941496, 482.23563987929793, 2272424, 25.576854285833605, 124068, 0, 0.0, 31, 
2019-12-08 10:24:45.083,147527064, 482.23563987929793, 2272931, 25.576854285833605, 124095, 0, 0.0, 54, 
2019-12-08 10:24:46.109,157835800, 482.23563987929793, 2273431, 25.576854285833605, 124117, 0, 0.0, 1, 
2019-12-08 10:24:47.138,170146648, 482.1688258035896, 2273950, 25.45077597836552, 124139, 0, 0.0, 1, 
2019-12-08 10:24:48.173,181765864, 482.1688258035896, 2274458, 25.45077597836552, 124175, 0, 0.0, 1, 
2019-12-08 10:24:49.203,191066008, 482.1688258035896, 2274926, 25.45077597836552, 124210, 0, 0.0, 1, 
2019-12-08 10:24:50.228,201714408, 482.1688258035896, 2275423, 25.45077597836552, 124240, 0, 0.0, 1, 
2019-12-08 10:24:51.255,212861448, 482.3152384083793, 2275921, 25.60662732603389, 124257, 0, 0.0, 1, 
2019-12-08 10:24:52.281,224565248, 482.3152384083793, 2276419, 25.60662732603389, 124289, 0, 0.0, 1, 
2019-12-08 10:24:53.307,235761840, 482.3152384083793, 2276914, 25.60662732603389, 124314, 0, 0.0, 1, 
2019-12-08 10:24:54.333,245918104, 482.3152384083793, 2277422, 25.60662732603389, 124342, 0, 0.0, 1, 
2019-12-08 10:24:55.36,255439080, 482.3152384083793, 2277915, 25.60662732603389, 124369, 0, 0.0, 13, 
2019-12-08 10:24:56.385,266061160, 482.2740422198318, 2278388, 25.59010631722727, 124387, 0, 0.0, 1, 
2019-12-08 10:24:57.411,277156952, 482.2740422198318, 2278878, 25.59010631722727, 124412, 0, 0.0, 2, 
2019-12-08 10:24:58.438,288028776, 482.2740422198318, 2279365, 25.59010631722727, 124437, 0, 0.0, 1, 
2019-12-08 10:24:59.465,299383304, 482.2740422198318, 2279852, 25.59010631722727, 124474, 0, 0.0, 1, 
2019-12-08 10:25:00.493,308986888, 482.2740422198318, 2280334, 25.59010631722727, 124505, 0, 0.0, 1, 
2019-12-08 10:25:01.52,320529464, 481.5325307453928, 2280837, 25.750808543166194, 124527, 0, 0.0, 1, 
2019-12-08 10:25:02.547,330987800, 481.5325307453928, 2281319, 25.750808543166194, 124566, 0, 0.0, 1, 
2019-12-08 10:25:03.582,341583368, 481.5325307453928, 2281820, 25.750808543166194, 124595, 0, 0.0, 8, 
2019-12-08 10:25:04.611,351866952, 481.5325307453928, 2282283, 25.750808543166194, 124628, 0, 0.0, 4, 
2019-12-08 10:25:05.639,363294752, 481.5325307453928, 2282782, 25.750808543166194, 124661, 0, 0.0, 1, 
2019-12-08 10:25:06.665,375647768, 481.47396082084293, 2283306, 26.202492952968367, 124685, 0, 0.0, 20, 
2019-12-08 10:25:07.691,385994048, 481.47396082084293, 2283793, 26.202492952968367, 124711, 0, 0.0, 3, 
2019-12-08 10:25:08.718,394881824, 481.47396082084293, 2284280, 26.202492952968367, 124732, 0, 0.0, 1, 
2019-12-08 10:25:09.744,124497064, 481.47396082084293, 2284791, 26.202492952968367, 124752, 0, 0.0, 1, 
2019-12-08 10:25:10.773,134597536, 481.47396082084293, 2285296, 26.202492952968367, 124776, 0, 0.0, 4, 
2019-12-08 10:25:11.8,145454840, 481.6279584108593, 2285778, 25.946435754268315, 124817, 0, 0.0, 1, 
2019-12-08 10:25:12.827,155530488, 481.6279584108593, 2286316, 25.946435754268315, 124850, 0, 0.0, 10, 
2019-12-08 10:25:13.853,166540896, 481.6279584108593, 2286806, 25.946435754268315, 124876, 0, 0.0, 19, 
2019-12-08 10:25:14.878,177138448, 481.6279584108593, 2287317, 25.946435754268315, 124900, 0, 0.0, 14, 
2019-12-08 10:25:15.917,188216608, 481.6279584108593, 2287806, 25.946435754268315, 124922, 0, 0.0, 1, 
2019-12-08 10:25:16.942,198755248, 482.4092877163857, 2288290, 26.030674100261407, 124940, 0, 0.0, 1, 
2019-12-08 10:25:17.969,210671312, 482.4092877163857, 2288784, 26.030674100261407, 124964, 0, 0.0, 1, 
2019-12-08 10:25:18.995,220893016, 482.4092877163857, 2289283, 26.030674100261407, 124995, 0, 0.0, 1, 
2019-12-08 10:25:20.018,230226664, 482.4092877163857, 2289764, 26.030674100261407, 125020, 0, 0.0, 7, 
2019-12-08 10:25:21.045,241107272, 482.4092877163857, 2290265, 26.030674100261407, 125041, 0, 0.0, 1, 
2019-12-08 10:25:22.072,251583240, 482.1686783554733, 2290752, 25.820337012655525, 125064, 0, 0.0, 6, 
2019-12-08 10:25:23.096,261577528, 482.1686783554733, 2291169, 25.820337012655525, 125091, 0, 0.0, 59, 
2019-12-08 10:25:24.125,272370928, 482.1686783554733, 2291653, 25.820337012655525, 125112, 0, 0.0, 37, 
2019-12-08 10:25:25.151,281027008, 482.1686783554733, 2292067, 25.820337012655525, 125136, 0, 0.0, 1, 
2019-12-08 10:25:26.181,281917968, 482.1686783554733, 2292067, 25.820337012655525, 125136, 0, 0.0, 7, 
2019-12-08 10:25:27.21,282784856, 470.84947180740835, 2292067, 25.195057389012685, 125136, 0, 0.0, 10, 
2019-12-08 10:25:28.242,283643048, 470.84947180740835, 2292067, 25.195057389012685, 125136, 0, 0.0, 12, 
