Timestamp, MemoryUsed, ReadLatency1, ReadCount, WriteLatency1, WriteCount, PendingTasks, WaitingOnCommit1, SRDelay, 
2019-12-08 10:17:06.695,500408216, 3.5820102246063166, 1977602, 2.6710485805748503, 107958, 0, 0.0, 23266404, 
2019-12-08 10:17:07.806,511942552, 3.5820102246063166, 1977985, 2.6710485805748503, 107977, 0, 0.0, 11633206, 
2019-12-08 10:17:08.937,529768344, 3.5820102246063166, 1978660, 2.6710485805748503, 108014, 0, 0.0, 5816529, 
2019-12-08 10:17:10.001,547594136, 3.5820102246063166, 1979414, 2.6710485805748503, 108046, 0, 0.0, 2908259, 
2019-12-08 10:17:11.031,564371352, 3.5820102246063166, 1980101, 2.6710485805748503, 108080, 0, 0.0, 1454109, 
2019-12-08 10:17:12.072,580099992, 47.479064976130125, 1980778, 4.584301898621474, 108109, 0, 0.0, 727030, 
2019-12-08 10:17:13.103,596877208, 47.479064976130125, 1981529, 4.584301898621474, 108152, 0, 0.0, 363475, 
2019-12-08 10:17:14.134,615751576, 47.479064976130125, 1982245, 4.584301898621474, 108194, 0, 0.0, 181763, 
2019-12-08 10:17:15.166,632528792, 47.479064976130125, 1983005, 4.584301898621474, 108243, 0, 0.0, 90900, 
2019-12-08 10:17:16.199,651403160, 47.479064976130125, 1983752, 4.584301898621474, 108295, 0, 0.0, 45338, 
2019-12-08 10:17:17.23,668180376, 100.53126974166238, 1984515, 7.51193147407317, 108333, 0, 0.0, 22697, 
2019-12-08 10:17:18.297,689151896, 100.53126974166238, 1985390, 7.51193147407317, 108387, 0, 0.0, 11340, 
2019-12-08 10:17:19.331,708026264, 100.53126974166238, 1986232, 7.51193147407317, 108435, 0, 0.0, 5694, 
2019-12-08 10:17:20.36,728997784, 100.53126974166238, 1987103, 7.51193147407317, 108492, 0, 0.0, 2824, 
2019-12-08 10:17:21.386,747872152, 100.53126974166238, 1987886, 7.51193147407317, 108537, 0, 0.0, 1433, 
2019-12-08 10:17:22.418,765697944, 156.55364822039655, 1988664, 10.781160927739991, 108568, 0, 0.0, 527, 
2019-12-08 10:17:23.451,786669464, 156.55364822039655, 1989561, 10.781160927739991, 108620, 0, 0.0, 177, 
2019-12-08 10:17:24.548,806592408, 156.55364822039655, 1990418, 10.781160927739991, 108669, 0, 0.0, 103, 
2019-12-08 10:17:25.581,188647832, 156.55364822039655, 1991286, 10.781160927739991, 108722, 0, 0.0, 85, 
2019-12-08 10:17:26.606,207522200, 208.5924492633041, 1992094, 13.629086055986471, 108778, 0, 0.0, 1, 
2019-12-08 10:17:27.634,229542296, 208.5924492633041, 1993060, 13.629086055986471, 108829, 0, 0.0, 1, 
2019-12-08 10:17:28.659,251562392, 208.5924492633041, 1993938, 13.629086055986471, 108881, 0, 0.0, 1, 
2019-12-08 10:17:29.69,268339608, 208.5924492633041, 1994691, 13.629086055986471, 108917, 0, 0.0, 1, 
2019-12-08 10:17:30.722,284068248, 208.5924492633041, 1995362, 13.629086055986471, 108949, 0, 0.0, 21, 
2019-12-08 10:17:31.763,299796888, 252.8084916968608, 1995975, 15.737587917139813, 108984, 0, 0.0, 10, 
2019-12-08 10:17:32.788,315525528, 252.8084916968608, 1996614, 15.737587917139813, 109013, 0, 0.0, 2, 
2019-12-08 10:17:33.815,333351320, 252.8084916968608, 1997382, 15.737587917139813, 109043, 0, 0.0, 1, 
2019-12-08 10:17:34.852,355371416, 252.8084916968608, 1998297, 15.737587917139813, 109075, 0, 0.0, 1, 
2019-12-08 10:17:35.877,377391512, 252.8084916968608, 1999259, 15.737587917139813, 109113, 0, 0.0, 1, 
2019-12-08 10:17:36.903,399411608, 296.6394646384725, 2000263, 17.101823063060607, 109157, 0, 0.0, 1, 
2019-12-08 10:17:37.934,422480280, 296.6394646384725, 2001265, 17.101823063060607, 109206, 0, 0.0, 1, 
2019-12-08 10:17:38.966,444500376, 296.6394646384725, 2002293, 17.101823063060607, 109251, 0, 0.0, 79, 
2019-12-08 10:17:39.998,465471896, 296.6394646384725, 2003231, 17.101823063060607, 109302, 0, 0.0, 56, 
2019-12-08 10:17:41.03,487491992, 296.6394646384725, 2004202, 17.101823063060607, 109354, 0, 0.0, 18, 
2019-12-08 10:17:42.056,508463512, 347.77590162328676, 2004887, 19.428384833273117, 109395, 0, 0.0, 11, 
2019-12-08 10:17:43.084,526289304, 347.77590162328676, 2005613, 19.428384833273117, 109448, 0, 0.0, 1, 
2019-12-08 10:17:44.122,544115096, 347.77590162328676, 2006387, 19.428384833273117, 109492, 0, 0.0, 14, 
