Timestamp, MemoryUsed, ReadLatency1, ReadCount, WriteLatency1, WriteCount, PendingTasks, WaitingOnCommit1, SRDelay, 
2019-12-08 10:17:06.771,260118760, 2.238756390378948, 1955936, 2.6136719529027617, 107080, 0, 0.0, 23266404, 
2019-12-08 10:17:07.823,268771016, 2.238756390378948, 1956277, 2.6136719529027617, 107104, 0, 0.0, 11633206, 
2019-12-08 10:17:08.961,280087016, 2.238756390378948, 1956950, 2.6136719529027617, 107138, 0, 0.0, 5816529, 
2019-12-08 10:17:10.014,291152256, 2.238756390378948, 1957581, 2.6136719529027617, 107171, 0, 0.0, 2908259, 
2019-12-08 10:17:11.047,302325416, 40.59834746135002, 1958253, 4.467548384504961, 107204, 0, 0.0, 1454109, 
2019-12-08 10:17:12.087,313192064, 40.59834746135002, 1958970, 4.467548384504961, 107239, 0, 0.0, 727030, 
2019-12-08 10:17:13.118,324691504, 40.59834746135002, 1959661, 4.467548384504961, 107286, 0, 0.0, 363475, 
2019-12-08 10:17:14.148,335896944, 40.59834746135002, 1960389, 4.467548384504961, 107319, 0, 0.0, 181763, 
2019-12-08 10:17:15.183,347933280, 40.59834746135002, 1961142, 4.467548384504961, 107361, 0, 0.0, 90900, 
2019-12-08 10:17:16.212,360336424, 94.32863296013987, 1961940, 7.2605930018547085, 107408, 0, 0.0, 45338, 
2019-12-08 10:17:17.244,371211128, 94.32863296013987, 1962690, 7.2605930018547085, 107448, 0, 0.0, 22697, 
2019-12-08 10:17:18.316,384400008, 94.32863296013987, 1963532, 7.2605930018547085, 107494, 0, 0.0, 11340, 
2019-12-08 10:17:19.344,114712016, 94.32863296013987, 1964303, 7.2605930018547085, 107537, 0, 0.0, 5694, 
2019-12-08 10:17:20.371,129546936, 94.32863296013987, 1965217, 7.2605930018547085, 107586, 0, 0.0, 2824, 
2019-12-08 10:17:21.398,142022432, 150.35122226428416, 1966036, 10.118158209192275, 107632, 0, 0.0, 1433, 
2019-12-08 10:17:22.435,154685304, 150.35122226428416, 1966817, 10.118158209192275, 107676, 0, 0.0, 527, 
2019-12-08 10:17:23.464,168457544, 150.35122226428416, 1967676, 10.118158209192275, 107715, 0, 0.0, 177, 
2019-12-08 10:17:24.565,181395024, 150.35122226428416, 1968596, 10.118158209192275, 107765, 0, 0.0, 103, 
2019-12-08 10:17:25.595,194738200, 150.35122226428416, 1969455, 10.118158209192275, 107816, 0, 0.0, 85, 
2019-12-08 10:17:26.62,207871368, 202.5341373296, 1970296, 12.715262883494017, 107856, 0, 0.0, 1, 
2019-12-08 10:17:27.646,221256472, 202.5341373296, 1971176, 12.715262883494017, 107905, 0, 0.0, 1, 
2019-12-08 10:17:28.674,233459200, 202.5341373296, 1972016, 12.715262883494017, 107941, 0, 0.0, 1, 
2019-12-08 10:17:29.703,246396968, 202.5341373296, 1972772, 12.715262883494017, 107985, 0, 0.0, 1, 
2019-12-08 10:17:30.739,257605184, 202.5341373296, 1973427, 12.715262883494017, 108012, 0, 0.0, 21, 
2019-12-08 10:17:31.775,267178328, 246.5949309572088, 1974004, 14.752909957662064, 108047, 0, 0.0, 10, 
2019-12-08 10:17:32.801,278434416, 246.5949309572088, 1974667, 14.752909957662064, 108088, 0, 0.0, 2, 
2019-12-08 10:17:33.838,289983376, 246.5949309572088, 1975433, 14.752909957662064, 108128, 0, 0.0, 1, 
2019-12-08 10:17:34.864,305331016, 246.5949309572088, 1976300, 14.752909957662064, 108180, 0, 0.0, 1, 
2019-12-08 10:17:35.89,318439088, 246.5949309572088, 1977306, 14.752909957662064, 108231, 0, 0.0, 1, 
2019-12-08 10:17:36.915,333764144, 288.2362051165408, 1978313, 17.01142257701541, 108274, 0, 0.0, 1, 
2019-12-08 10:17:37.954,348840888, 288.2362051165408, 1979307, 17.01142257701541, 108332, 0, 0.0, 1, 
2019-12-08 10:17:38.981,362053104, 288.2362051165408, 1980183, 17.01142257701541, 108377, 0, 0.0, 79, 
2019-12-08 10:17:40.01,376325352, 288.2362051165408, 1981119, 17.01142257701541, 108430, 0, 0.0, 56, 
2019-12-08 10:17:41.042,389298440, 339.16501819637546, 1982025, 19.537105775897086, 108477, 0, 0.0, 18, 
2019-12-08 10:17:42.068,119413744, 339.16501819637546, 1982739, 19.537105775897086, 108512, 0, 0.0, 11, 
2019-12-08 10:17:43.102,131054200, 339.16501819637546, 1983475, 19.537105775897086, 108548, 0, 0.0, 1, 
2019-12-08 10:17:44.14,144493720, 339.16501819637546, 1984256, 19.537105775897086, 108590, 0, 0.0, 14, 
