Timestamp, MemoryUsed, ReadLatency1, ReadCount, WriteLatency1, WriteCount, PendingTasks, WaitingOnCommit1, SRDelay, 
2019-12-08 10:17:06.645,216527576, 1.6062479084409422, 2019806, 2.676594995150518, 110109, 0, 0.0, 23266893, 
2019-12-08 10:17:07.752,225978088, 1.6062479084409422, 2020173, 2.676594995150518, 110123, 0, 0.0, 11633450, 
2019-12-08 10:17:08.789,241271664, 1.6062479084409422, 2020770, 2.676594995150518, 110141, 0, 0.0, 5816681, 
2019-12-08 10:17:09.831,257812968, 1.6062479084409422, 2021479, 2.676594995150518, 110177, 0, 0.0, 2908320, 
2019-12-08 10:17:10.874,274117800, 40.91191412148887, 2022167, 4.301564739038599, 110216, 0, 0.0, 1454132, 
2019-12-08 10:17:11.906,290472584, 40.91191412148887, 2022841, 4.301564739038599, 110246, 0, 0.0, 727040, 
2019-12-08 10:17:12.951,307029576, 40.91191412148887, 2023575, 4.301564739038599, 110273, 0, 0.0, 363514, 
2019-12-08 10:17:13.998,323296224, 40.91191412148887, 2024274, 4.301564739038599, 110308, 0, 0.0, 181813, 
2019-12-08 10:17:15.03,341432952, 40.91191412148887, 2025083, 4.301564739038599, 110356, 0, 0.0, 90912, 
2019-12-08 10:17:16.065,360296784, 94.53717262904392, 2025908, 6.6281471636995075, 110394, 0, 0.0, 45347, 
2019-12-08 10:17:17.121,379632280, 94.53717262904392, 2026741, 6.6281471636995075, 110437, 0, 0.0, 22656, 
2019-12-08 10:17:18.17,116029576, 94.53717262904392, 2027540, 6.6281471636995075, 110477, 0, 0.0, 11313, 
2019-12-08 10:17:19.201,135605216, 94.53717262904392, 2028383, 6.6281471636995075, 110527, 0, 0.0, 5688, 
2019-12-08 10:17:20.235,154867888, 94.53717262904392, 2029271, 6.6281471636995075, 110563, 0, 0.0, 2788, 
2019-12-08 10:17:21.268,174361384, 152.07823526100498, 2030164, 9.360377660426533, 110612, 0, 0.0, 1401, 
2019-12-08 10:17:22.301,193532616, 152.07823526100498, 2030995, 9.360377660426533, 110672, 0, 0.0, 580, 
2019-12-08 10:17:23.345,213926568, 152.07823526100498, 2031845, 9.360377660426533, 110730, 0, 0.0, 141, 
2019-12-08 10:17:24.375,232676880, 152.07823526100498, 2032720, 9.360377660426533, 110770, 0, 0.0, 56, 
2019-12-08 10:17:25.403,252977424, 152.07823526100498, 2033622, 9.360377660426533, 110820, 0, 0.0, 51, 
2019-12-08 10:17:26.442,271421416, 206.0579911571956, 2034405, 12.593751336756226, 110871, 0, 0.0, 2, 
2019-12-08 10:17:27.473,292077128, 206.0579911571956, 2035414, 12.593751336756226, 110935, 0, 0.0, 1, 
2019-12-08 10:17:28.502,311892376, 206.0579911571956, 2036281, 12.593751336756226, 110988, 0, 0.0, 1, 
2019-12-08 10:17:29.53,332004512, 206.0579911571956, 2037089, 12.593751336756226, 111028, 0, 0.0, 1, 
2019-12-08 10:17:30.558,345720192, 206.0579911571956, 2037721, 12.593751336756226, 111069, 0, 0.0, 508, 
2019-12-08 10:17:31.925,366741568, 253.85080337486625, 2038612, 15.424678674405621, 111107, 0, 0.0, 751, 
2019-12-08 10:17:32.95,384246480, 253.85080337486625, 2039334, 15.424678674405621, 111152, 0, 0.0, 379, 
2019-12-08 10:17:33.974,119173808, 253.85080337486625, 2040147, 15.424678674405621, 111193, 0, 0.0, 138, 
2019-12-08 10:17:35.004,140908400, 253.85080337486625, 2041102, 15.424678674405621, 111246, 0, 0.0, 1, 
2019-12-08 10:17:36.032,164308760, 296.68694400289854, 2042108, 17.48555957911081, 111298, 0, 0.0, 1, 
2019-12-08 10:17:37.057,184146112, 296.68694400289854, 2043067, 17.48555957911081, 111360, 0, 0.0, 1, 
2019-12-08 10:17:38.081,207278912, 296.68694400289854, 2044105, 17.48555957911081, 111421, 0, 0.0, 35, 
2019-12-08 10:17:39.107,228576912, 296.68694400289854, 2045123, 17.48555957911081, 111467, 0, 0.0, 83, 
2019-12-08 10:17:40.141,252208000, 296.68694400289854, 2046153, 17.48555957911081, 111533, 0, 0.0, 18, 
2019-12-08 10:17:41.166,271778808, 351.8813284841675, 2047050, 20.469057505742246, 111564, 0, 0.0, 1, 
2019-12-08 10:17:42.195,287277632, 351.8813284841675, 2047766, 20.469057505742246, 111605, 0, 0.0, 1, 
2019-12-08 10:17:43.221,305391616, 351.8813284841675, 2048527, 20.469057505742246, 111651, 0, 0.0, 1, 
2019-12-08 10:17:44.245,322274368, 351.8813284841675, 2049242, 20.469057505742246, 111691, 0, 0.0, 19, 
2019-12-08 10:17:45.27,340832872, 351.8813284841675, 2050030, 20.469057505742246, 111732, 0, 0.0, 8, 
2019-12-08 10:17:46.294,359117840, 382.30592160968814, 2050858, 21.918727626192698, 111769, 0, 0.0, 1, 
2019-12-08 10:17:47.317,378010696, 382.30592160968814, 2051696, 21.918727626192698, 111817, 0, 0.0, 2, 
2019-12-08 10:17:48.343,114172312, 382.30592160968814, 2052565, 21.918727626192698, 111851, 0, 0.0, 34, 
2019-12-08 10:17:49.367,133405424, 382.30592160968814, 2053466, 21.918727626192698, 111886, 0, 0.0, 1, 
2019-12-08 10:17:50.391,151973880, 382.30592160968814, 2054317, 21.918727626192698, 111925, 0, 0.0, 46, 
2019-12-08 10:17:51.419,171317304, 418.8051728656331, 2055217, 23.188524055271618, 111983, 0, 0.0, 1, 
2019-12-08 10:17:52.442,191612776, 418.8051728656331, 2056190, 23.188524055271618, 112041, 0, 0.0, 5, 
2019-12-08 10:17:53.465,211601872, 418.8051728656331, 2057118, 23.188524055271618, 112097, 0, 0.0, 1, 
2019-12-08 10:17:54.489,232252144, 418.8051728656331, 2058053, 23.188524055271618, 112143, 0, 0.0, 59, 
2019-12-08 10:17:55.513,253588072, 418.8051728656331, 2059056, 23.188524055271618, 112201, 0, 0.0, 1, 
2019-12-08 10:17:56.542,275312744, 460.0298590832543, 2060058, 25.78000258715998, 112254, 0, 0.0, 1, 
2019-12-08 10:17:57.57,296599792, 460.0298590832543, 2061038, 25.78000258715998, 112310, 0, 0.0, 1, 
2019-12-08 10:17:58.592,318619800, 460.0298590832543, 2062087, 25.78000258715998, 112370, 0, 0.0, 1, 
2019-12-08 10:17:59.616,341265496, 460.0298590832543, 2063148, 25.78000258715998, 112432, 0, 0.0, 7, 
2019-12-08 10:18:00.64,361187656, 460.0298590832543, 2064139, 25.78000258715998, 112480, 0, 0.0, 1, 
2019-12-08 10:18:01.662,386709864, 502.29199410971376, 2065239, 28.10031346775913, 112549, 0, 0.0, 1, 
2019-12-08 10:18:02.692,125835808, 502.29199410971376, 2066364, 28.10031346775913, 112608, 0, 0.0, 59, 
2019-12-08 10:18:03.717,148404688, 502.29199410971376, 2067433, 28.10031346775913, 112660, 0, 0.0, 73, 
2019-12-08 10:18:04.745,171251424, 502.29199410971376, 2068529, 28.10031346775913, 112717, 0, 0.0, 1, 
2019-12-08 10:18:05.778,193140424, 548.019233498848, 2069625, 30.3150581190287, 112767, 0, 0.0, 11, 
2019-12-08 10:18:06.807,216928888, 548.019233498848, 2070730, 30.3150581190287, 112836, 0, 0.0, 1, 
2019-12-08 10:18:07.83,241223768, 548.019233498848, 2071880, 30.3150581190287, 112902, 0, 0.0, 1, 
2019-12-08 10:18:08.86,265119432, 548.019233498848, 2072984, 30.3150581190287, 112966, 0, 0.0, 1, 
2019-12-08 10:18:09.889,290817832, 548.019233498848, 2074134, 30.3150581190287, 113026, 0, 0.0, 1, 
2019-12-08 10:18:10.917,312052160, 590.9378539001682, 2075144, 32.68853502381627, 113071, 0, 0.0, 1, 
2019-12-08 10:18:11.947,324799280, 590.9378539001682, 2075659, 32.68853502381627, 113098, 0, 0.0, 20, 
2019-12-08 10:18:12.984,335632864, 590.9378539001682, 2076139, 32.68853502381627, 113128, 0, 0.0, 12, 
2019-12-08 10:18:14.02,348298776, 590.9378539001682, 2076641, 32.68853502381627, 113149, 0, 0.0, 1, 
2019-12-08 10:18:15.051,360750624, 590.9378539001682, 2077149, 32.68853502381627, 113170, 0, 0.0, 1, 
2019-12-08 10:18:16.084,372631912, 583.1871310470032, 2077663, 31.993838119973418, 113192, 0, 0.0, 10, 
2019-12-08 10:18:17.122,384516344, 583.1871310470032, 2078155, 31.993838119973418, 113222, 0, 0.0, 1, 
2019-12-08 10:18:18.15,395925672, 583.1871310470032, 2078642, 31.993838119973418, 113247, 0, 0.0, 10, 
2019-12-08 10:18:19.184,123459072, 583.1871310470032, 2079134, 31.993838119973418, 113273, 0, 0.0, 10, 
2019-12-08 10:18:20.219,134359864, 583.1871310470032, 2079631, 31.993838119973418, 113297, 0, 0.0, 1, 
2019-12-08 10:18:21.248,145725072, 574.5689478887142, 2080120, 31.338694996658383, 113323, 0, 0.0, 1, 
2019-12-08 10:18:22.276,159051000, 574.5689478887142, 2080592, 31.338694996658383, 113353, 0, 0.0, 1, 
2019-12-08 10:18:23.303,171702392, 574.5689478887142, 2081084, 31.338694996658383, 113370, 0, 0.0, 1, 
2019-12-08 10:18:24.335,183297360, 574.5689478887142, 2081578, 31.338694996658383, 113394, 0, 0.0, 5, 
2019-12-08 10:18:25.364,194787304, 574.5689478887142, 2082062, 31.338694996658383, 113431, 0, 0.0, 1, 
2019-12-08 10:18:26.392,207250928, 566.2080764486763, 2082522, 30.959809864307466, 113451, 0, 0.0, 1, 
2019-12-08 10:18:27.473,219719952, 566.2080764486763, 2083016, 30.959809864307466, 113473, 0, 0.0, 1, 
2019-12-08 10:18:28.502,231577688, 566.2080764486763, 2083557, 30.959809864307466, 113503, 0, 0.0, 24, 
2019-12-08 10:18:29.542,244390016, 566.2080764486763, 2084064, 30.959809864307466, 113530, 0, 0.0, 1, 
2019-12-08 10:18:30.568,255496344, 566.2080764486763, 2084557, 30.959809864307466, 113557, 0, 0.0, 1, 
2019-12-08 10:18:31.595,267358120, 559.7949927447664, 2085035, 30.451307543760556, 113576, 0, 0.0, 1, 
2019-12-08 10:18:32.627,278759352, 559.7949927447664, 2085531, 30.451307543760556, 113604, 0, 0.0, 8, 
2019-12-08 10:18:33.657,292390976, 559.7949927447664, 2086050, 30.451307543760556, 113634, 0, 0.0, 13, 
2019-12-08 10:18:34.688,304217944, 559.7949927447664, 2086533, 30.451307543760556, 113668, 0, 0.0, 1, 
2019-12-08 10:18:35.718,316410472, 559.7949927447664, 2087050, 30.451307543760556, 113694, 0, 0.0, 2, 
2019-12-08 10:18:36.745,329235176, 553.5748485609511, 2087535, 30.17535622880495, 113720, 0, 0.0, 1, 
2019-12-08 10:18:37.776,341640112, 553.5748485609511, 2088045, 30.17535622880495, 113747, 0, 0.0, 1, 
2019-12-08 10:18:38.808,352032488, 553.5748485609511, 2088520, 30.17535622880495, 113760, 0, 0.0, 1, 
2019-12-08 10:18:39.842,365285944, 553.5748485609511, 2089048, 30.17535622880495, 113788, 0, 0.0, 39, 
2019-12-08 10:18:40.869,377078504, 548.1558708708513, 2089567, 29.569664187139452, 113811, 0, 0.0, 24, 
2019-12-08 10:18:41.9,390145240, 548.1558708708513, 2090089, 29.569664187139452, 113843, 0, 0.0, 1, 
2019-12-08 10:18:42.928,117586744, 548.1558708708513, 2090565, 29.569664187139452, 113874, 0, 0.0, 2, 
2019-12-08 10:18:43.954,129432552, 548.1558708708513, 2091040, 29.569664187139452, 113900, 0, 0.0, 1, 
2019-12-08 10:18:44.982,142311192, 548.1558708708513, 2091536, 29.569664187139452, 113928, 0, 0.0, 23, 
2019-12-08 10:18:46.023,153094112, 542.6424638506277, 2091999, 29.396187416998924, 113957, 0, 0.0, 3, 
2019-12-08 10:18:47.059,166260016, 542.6424638506277, 2092553, 29.396187416998924, 113988, 0, 0.0, 47, 
2019-12-08 10:18:48.088,177888592, 542.6424638506277, 2093019, 29.396187416998924, 114015, 0, 0.0, 1, 
2019-12-08 10:18:49.12,189041360, 542.6424638506277, 2093511, 29.396187416998924, 114041, 0, 0.0, 1, 
2019-12-08 10:18:50.15,217359416, 542.6424638506277, 2094011, 29.396187416998924, 114073, 0, 0.0, 1, 
2019-12-08 10:18:51.177,235511792, 537.5858756331668, 2094494, 29.220589966489058, 114095, 0, 0.0, 1, 
2019-12-08 10:18:52.202,245554920, 537.5858756331668, 2094959, 29.220589966489058, 114124, 0, 0.0, 1, 
2019-12-08 10:18:53.237,255845680, 537.5858756331668, 2095429, 29.220589966489058, 114157, 0, 0.0, 1, 
2019-12-08 10:18:54.266,266090320, 537.5858756331668, 2095913, 29.220589966489058, 114178, 0, 0.0, 1, 
2019-12-08 10:18:55.292,277198312, 537.5858756331668, 2096396, 29.220589966489058, 114208, 0, 0.0, 1, 
2019-12-08 10:18:56.325,287989384, 531.8302028084962, 2096901, 29.12299698122085, 114239, 0, 0.0, 1, 
2019-12-08 10:18:57.365,299003248, 531.8302028084962, 2097432, 29.12299698122085, 114260, 0, 0.0, 5, 
2019-12-08 10:18:58.395,309138640, 531.8302028084962, 2097891, 29.12299698122085, 114290, 0, 0.0, 1, 
2019-12-08 10:18:59.424,320394704, 531.8302028084962, 2098364, 29.12299698122085, 114311, 0, 0.0, 1, 
2019-12-08 10:19:00.461,329284152, 531.8302028084962, 2098818, 29.12299698122085, 114336, 0, 0.0, 13, 
2019-12-08 10:19:01.489,340270912, 527.0784261542449, 2099334, 28.761358109957534, 114374, 0, 0.0, 1, 
2019-12-08 10:19:02.521,350885216, 527.0784261542449, 2099817, 28.761358109957534, 114395, 0, 0.0, 2, 
2019-12-08 10:19:03.547,362610568, 527.0784261542449, 2100334, 28.761358109957534, 114428, 0, 0.0, 1, 
2019-12-08 10:19:04.574,374275528, 527.0784261542449, 2100831, 28.761358109957534, 114459, 0, 0.0, 1, 
2019-12-08 10:19:05.605,385258720, 527.0784261542449, 2101338, 28.761358109957534, 114486, 0, 0.0, 6, 
2019-12-08 10:19:06.631,395174184, 523.8739321303468, 2101826, 28.732465510747435, 114510, 0, 0.0, 3, 
2019-12-08 10:19:07.657,121499016, 523.8739321303468, 2102320, 28.732465510747435, 114532, 0, 0.0, 1, 
2019-12-08 10:19:08.687,132165992, 523.8739321303468, 2102832, 28.732465510747435, 114551, 0, 0.0, 1, 
2019-12-08 10:19:09.713,143369248, 523.8739321303468, 2103310, 28.732465510747435, 114581, 0, 0.0, 1, 
2019-12-08 10:19:10.739,153854672, 523.8739321303468, 2103836, 28.732465510747435, 114608, 0, 0.0, 11, 
2019-12-08 10:19:11.764,165714016, 520.7817352482791, 2104316, 28.354078460589086, 114629, 0, 0.0, 3, 
2019-12-08 10:19:12.792,175896456, 520.7817352482791, 2104797, 28.354078460589086, 114650, 0, 0.0, 1, 
2019-12-08 10:19:13.82,186096808, 520.7817352482791, 2105296, 28.354078460589086, 114669, 0, 0.0, 21, 
2019-12-08 10:19:14.846,195591720, 520.7817352482791, 2105780, 28.354078460589086, 114697, 0, 0.0, 14, 
2019-12-08 10:19:15.875,206827376, 516.6574874120677, 2106239, 27.957972217300426, 114727, 0, 0.0, 1, 
2019-12-08 10:19:16.901,218166736, 516.6574874120677, 2106726, 27.957972217300426, 114753, 0, 0.0, 1, 
2019-12-08 10:19:17.928,228679920, 516.6574874120677, 2107221, 27.957972217300426, 114776, 0, 0.0, 1, 
2019-12-08 10:19:18.963,239347656, 516.6574874120677, 2107723, 27.957972217300426, 114800, 0, 0.0, 1, 
2019-12-08 10:19:19.99,249777736, 516.6574874120677, 2108206, 27.957972217300426, 114823, 0, 0.0, 1, 
2019-12-08 10:19:21.02,259990576, 513.7904810161141, 2108700, 27.561554646414617, 114848, 0, 0.0, 2, 
2019-12-08 10:19:22.047,271127824, 513.7904810161141, 2109216, 27.561554646414617, 114860, 0, 0.0, 1, 
2019-12-08 10:19:23.074,281994272, 513.7904810161141, 2109696, 27.561554646414617, 114888, 0, 0.0, 1, 
2019-12-08 10:19:24.108,292394432, 513.7904810161141, 2110202, 27.561554646414617, 114910, 0, 0.0, 10, 
2019-12-08 10:19:25.136,304974896, 513.7904810161141, 2110729, 27.561554646414617, 114937, 0, 0.0, 14, 
2019-12-08 10:19:26.164,315353120, 511.8403258289983, 2111235, 27.132868406163666, 114956, 0, 0.0, 4, 
2019-12-08 10:19:27.195,324522424, 511.8403258289983, 2111716, 27.132868406163666, 114972, 0, 0.0, 1, 
2019-12-08 10:19:28.223,336128504, 511.8403258289983, 2112237, 27.132868406163666, 114998, 0, 0.0, 1, 
2019-12-08 10:19:29.254,346962120, 511.8403258289983, 2112719, 27.132868406163666, 115029, 0, 0.0, 1, 
2019-12-08 10:19:30.281,357468864, 511.8403258289983, 2113233, 27.132868406163666, 115054, 0, 0.0, 16, 
2019-12-08 10:19:31.306,367795416, 509.71028298287524, 2113717, 26.738458025192333, 115085, 0, 0.0, 9, 
2019-12-08 10:19:32.334,378907408, 509.71028298287524, 2114225, 26.738458025192333, 115112, 0, 0.0, 1, 
2019-12-08 10:19:33.362,389759840, 509.71028298287524, 2114720, 26.738458025192333, 115145, 0, 0.0, 1, 
2019-12-08 10:19:34.389,115412464, 509.71028298287524, 2115211, 26.738458025192333, 115163, 0, 0.0, 1, 
2019-12-08 10:19:35.416,127083600, 509.71028298287524, 2115699, 26.738458025192333, 115185, 0, 0.0, 45, 
2019-12-08 10:19:36.444,136160432, 507.2868065642285, 2116179, 26.66342306444227, 115204, 0, 0.0, 1, 
2019-12-08 10:19:37.473,147014976, 507.2868065642285, 2116631, 26.66342306444227, 115231, 0, 0.0, 1, 
2019-12-08 10:19:38.498,156403232, 507.2868065642285, 2117110, 26.66342306444227, 115249, 0, 0.0, 1, 
2019-12-08 10:19:39.524,167351248, 507.2868065642285, 2117614, 26.66342306444227, 115270, 0, 0.0, 1, 
2019-12-08 10:19:40.554,178786192, 507.2868065642285, 2118131, 26.66342306444227, 115299, 0, 0.0, 1, 
2019-12-08 10:19:41.583,189943032, 504.72128716271, 2118648, 26.30654746056781, 115328, 0, 0.0, 1, 
2019-12-08 10:19:42.611,199872624, 504.72128716271, 2119156, 26.30654746056781, 115361, 0, 0.0, 1, 
2019-12-08 10:19:43.638,211424352, 504.72128716271, 2119684, 26.30654746056781, 115387, 0, 0.0, 26, 
2019-12-08 10:19:44.666,222096944, 504.72128716271, 2120206, 26.30654746056781, 115414, 0, 0.0, 34, 
2019-12-08 10:19:45.693,233782568, 504.72128716271, 2120722, 26.30654746056781, 115442, 0, 0.0, 69, 
2019-12-08 10:19:46.721,244554032, 504.5356872888021, 2121207, 26.457939566729706, 115469, 0, 0.0, 1, 
2019-12-08 10:19:47.752,255161896, 504.5356872888021, 2121709, 26.457939566729706, 115492, 0, 0.0, 1, 
2019-12-08 10:19:48.793,266648504, 504.5356872888021, 2122202, 26.457939566729706, 115516, 0, 0.0, 1, 
2019-12-08 10:19:49.822,278547152, 504.5356872888021, 2122732, 26.457939566729706, 115534, 0, 0.0, 10, 
2019-12-08 10:19:50.856,289739672, 502.9896910930816, 2123231, 26.213440218643676, 115563, 0, 0.0, 1, 
2019-12-08 10:19:51.896,299339024, 502.9896910930816, 2123727, 26.213440218643676, 115581, 0, 0.0, 1, 
2019-12-08 10:19:52.922,310325280, 502.9896910930816, 2124245, 26.213440218643676, 115599, 0, 0.0, 1, 
2019-12-08 10:19:53.95,321426456, 502.9896910930816, 2124729, 26.213440218643676, 115632, 0, 0.0, 9, 
2019-12-08 10:19:54.98,331206520, 502.9896910930816, 2125185, 26.213440218643676, 115664, 0, 0.0, 2, 
2019-12-08 10:19:56.006,343540928, 501.0875724159466, 2125694, 26.1164188956497, 115694, 0, 0.0, 1, 
2019-12-08 10:19:57.034,354387712, 501.0875724159466, 2126190, 26.1164188956497, 115733, 0, 0.0, 1, 
2019-12-08 10:19:58.06,364886088, 501.0875724159466, 2126701, 26.1164188956497, 115764, 0, 0.0, 1, 
2019-12-08 10:19:59.085,375159032, 501.0875724159466, 2127190, 26.1164188956497, 115792, 0, 0.0, 15, 
2019-12-08 10:20:00.118,385504576, 501.0875724159466, 2127663, 26.1164188956497, 115821, 0, 0.0, 1, 
2019-12-08 10:20:01.145,112742784, 499.54542327305023, 2128169, 26.474906247404935, 115848, 0, 0.0, 8, 
2019-12-08 10:20:02.17,122533472, 499.54542327305023, 2128642, 26.474906247404935, 115876, 0, 0.0, 14, 
2019-12-08 10:20:03.201,133227752, 499.54542327305023, 2129162, 26.474906247404935, 115899, 0, 0.0, 21, 
2019-12-08 10:20:04.233,145106648, 499.54542327305023, 2129703, 26.474906247404935, 115918, 0, 0.0, 21, 
2019-12-08 10:20:05.26,155341528, 499.54542327305023, 2130229, 26.474906247404935, 115937, 0, 0.0, 19, 
2019-12-08 10:20:06.284,166464864, 499.6457336896459, 2130762, 26.181076967211315, 115963, 0, 0.0, 6, 
2019-12-08 10:20:07.314,177196944, 499.6457336896459, 2131270, 26.181076967211315, 115976, 0, 0.0, 1, 
2019-12-08 10:20:08.343,188777520, 499.6457336896459, 2131750, 26.181076967211315, 115996, 0, 0.0, 1, 
2019-12-08 10:20:09.373,199346360, 499.6457336896459, 2132252, 26.181076967211315, 116027, 0, 0.0, 6, 
2019-12-08 10:20:10.402,209336680, 499.6457336896459, 2132750, 26.181076967211315, 116055, 0, 0.0, 1, 
2019-12-08 10:20:11.427,220816088, 498.2508498402693, 2133231, 26.054661032781837, 116092, 0, 0.0, 1, 
2019-12-08 10:20:12.454,229832304, 498.2508498402693, 2133714, 26.054661032781837, 116122, 0, 0.0, 1, 
2019-12-08 10:20:13.485,241912744, 498.2508498402693, 2134226, 26.054661032781837, 116156, 0, 0.0, 1, 
2019-12-08 10:20:14.514,253706008, 498.2508498402693, 2134733, 26.054661032781837, 116186, 0, 0.0, 12, 
2019-12-08 10:20:15.546,264049240, 498.2508498402693, 2135221, 26.054661032781837, 116213, 0, 0.0, 10, 
2019-12-08 10:20:16.571,274791024, 497.27132597000235, 2135709, 26.33813068524324, 116241, 0, 0.0, 5, 
2019-12-08 10:20:17.599,283732488, 497.27132597000235, 2136184, 26.33813068524324, 116265, 0, 0.0, 23, 
2019-12-08 10:20:18.624,295495880, 497.27132597000235, 2136702, 26.33813068524324, 116286, 0, 0.0, 33, 
2019-12-08 10:20:19.655,306742128, 497.27132597000235, 2137197, 26.33813068524324, 116315, 0, 0.0, 27, 
2019-12-08 10:20:20.689,317305488, 497.27132597000235, 2137716, 26.33813068524324, 116346, 0, 0.0, 6, 
2019-12-08 10:20:21.718,329103024, 496.22620045049996, 2138215, 26.23113966300215, 116375, 0, 0.0, 41, 
2019-12-08 10:20:22.744,338235736, 496.22620045049996, 2138697, 26.23113966300215, 116406, 0, 0.0, 11, 
2019-12-08 10:20:23.774,348508928, 496.22620045049996, 2139194, 26.23113966300215, 116426, 0, 0.0, 9, 
2019-12-08 10:20:24.81,373391824, 496.22620045049996, 2139692, 26.23113966300215, 116447, 0, 0.0, 1, 
2019-12-08 10:20:25.837,383515808, 495.26463855369514, 2140221, 26.132703170573752, 116474, 0, 0.0, 25, 
2019-12-08 10:20:26.892,393425920, 495.26463855369514, 2140702, 26.132703170573752, 116499, 0, 0.0, 1, 
2019-12-08 10:20:27.918,122630728, 495.26463855369514, 2141155, 26.132703170573752, 116534, 0, 0.0, 1, 
2019-12-08 10:20:28.944,132789376, 495.26463855369514, 2141633, 26.132703170573752, 116558, 0, 0.0, 1, 
2019-12-08 10:20:29.972,144114144, 495.26463855369514, 2142087, 26.132703170573752, 116584, 0, 0.0, 15, 
2019-12-08 10:20:30.997,154478448, 492.95674948162144, 2142614, 26.20204839626066, 116611, 0, 0.0, 27, 
2019-12-08 10:20:32.023,165702944, 492.95674948162144, 2143095, 26.20204839626066, 116636, 0, 0.0, 1, 
2019-12-08 10:20:33.05,177563424, 492.95674948162144, 2143620, 26.20204839626066, 116670, 0, 0.0, 1, 
2019-12-08 10:20:34.078,188692352, 492.95674948162144, 2144131, 26.20204839626066, 116698, 0, 0.0, 14, 
2019-12-08 10:20:35.105,199337608, 492.95674948162144, 2144644, 26.20204839626066, 116726, 0, 0.0, 20, 
2019-12-08 10:20:36.131,209602528, 492.6403852606533, 2145129, 26.217875732612708, 116751, 0, 0.0, 9, 
2019-12-08 10:20:37.163,220165824, 492.6403852606533, 2145615, 26.217875732612708, 116768, 0, 0.0, 1, 
2019-12-08 10:20:38.188,230221008, 492.6403852606533, 2146104, 26.217875732612708, 116793, 0, 0.0, 5, 
2019-12-08 10:20:39.213,240819008, 492.6403852606533, 2146614, 26.217875732612708, 116811, 0, 0.0, 1, 
2019-12-08 10:20:40.24,251521520, 492.6403852606533, 2147099, 26.217875732612708, 116839, 0, 0.0, 4, 
2019-12-08 10:20:41.267,262184368, 491.4698046870856, 2147568, 26.0245530630581, 116873, 0, 0.0, 1, 
2019-12-08 10:20:42.293,273133904, 491.4698046870856, 2148073, 26.0245530630581, 116900, 0, 0.0, 1, 
2019-12-08 10:20:43.319,284483624, 491.4698046870856, 2148567, 26.0245530630581, 116922, 0, 0.0, 1, 
2019-12-08 10:20:44.346,295434336, 491.4698046870856, 2149067, 26.0245530630581, 116949, 0, 0.0, 1, 
2019-12-08 10:20:45.372,306329760, 491.4698046870856, 2149574, 26.0245530630581, 116969, 0, 0.0, 1, 
2019-12-08 10:20:46.4,315713848, 490.6486764416872, 2150046, 25.894660971935565, 117003, 0, 0.0, 2, 
2019-12-08 10:20:47.426,326094904, 490.6486764416872, 2150554, 25.894660971935565, 117035, 0, 0.0, 5, 
2019-12-08 10:20:48.455,337495784, 490.6486764416872, 2151067, 25.894660971935565, 117056, 0, 0.0, 10, 
2019-12-08 10:20:49.484,349055816, 490.6486764416872, 2151589, 25.894660971935565, 117085, 0, 0.0, 68, 
2019-12-08 10:20:50.511,359678664, 490.6486764416872, 2152060, 25.894660971935565, 117117, 0, 0.0, 1, 
2019-12-08 10:20:51.538,371328784, 490.4688822004828, 2152604, 26.142950171698864, 117144, 0, 0.0, 35, 
2019-12-08 10:20:52.563,381229616, 490.4688822004828, 2153056, 26.142950171698864, 117184, 0, 0.0, 1, 
2019-12-08 10:20:53.59,392138328, 490.4688822004828, 2153563, 26.142950171698864, 117208, 0, 0.0, 10, 
2019-12-08 10:20:54.616,120733920, 490.4688822004828, 2154063, 26.142950171698864, 117229, 0, 0.0, 3, 
2019-12-08 10:20:55.644,130749296, 490.4688822004828, 2154541, 26.142950171698864, 117259, 0, 0.0, 1, 
2019-12-08 10:20:56.678,141486944, 489.6958010642631, 2155035, 26.227467209486655, 117290, 0, 0.0, 1, 
2019-12-08 10:20:57.717,150859416, 489.6958010642631, 2155501, 26.227467209486655, 117314, 0, 0.0, 1, 
2019-12-08 10:20:58.743,161337224, 489.6958010642631, 2155991, 26.227467209486655, 117338, 0, 0.0, 15, 
2019-12-08 10:20:59.774,173546984, 489.6958010642631, 2156508, 26.227467209486655, 117357, 0, 0.0, 6, 
2019-12-08 10:21:00.8,183624944, 488.92056761453233, 2157007, 26.033377647784025, 117382, 0, 0.0, 10, 
2019-12-08 10:21:01.827,193987888, 488.92056761453233, 2157498, 26.033377647784025, 117408, 0, 0.0, 12, 
2019-12-08 10:21:02.855,204779352, 488.92056761453233, 2157970, 26.033377647784025, 117436, 0, 0.0, 1, 
2019-12-08 10:21:03.883,214281936, 488.92056761453233, 2158455, 26.033377647784025, 117456, 0, 0.0, 4, 
2019-12-08 10:21:04.907,225197912, 488.92056761453233, 2158937, 26.033377647784025, 117489, 0, 0.0, 1, 
2019-12-08 10:21:05.935,235996584, 487.10393133095835, 2159417, 26.07868226963956, 117521, 0, 0.0, 9, 
2019-12-08 10:21:06.97,246597312, 487.10393133095835, 2159887, 26.07868226963956, 117556, 0, 0.0, 1, 
2019-12-08 10:21:07.998,257537272, 487.10393133095835, 2160368, 26.07868226963956, 117580, 0, 0.0, 1, 
2019-12-08 10:21:09.027,268507392, 487.10393133095835, 2160833, 26.07868226963956, 117606, 0, 0.0, 7, 
2019-12-08 10:21:10.057,278888896, 487.10393133095835, 2161322, 26.07868226963956, 117628, 0, 0.0, 1, 
2019-12-08 10:21:11.085,289905096, 485.4805186160656, 2161816, 26.26428458760186, 117663, 0, 0.0, 1, 
2019-12-08 10:21:12.11,300612384, 485.4805186160656, 2162330, 26.26428458760186, 117688, 0, 0.0, 3, 
2019-12-08 10:21:13.137,310786888, 485.4805186160656, 2162788, 26.26428458760186, 117715, 0, 0.0, 1, 
2019-12-08 10:21:14.169,321655272, 485.4805186160656, 2163281, 26.26428458760186, 117735, 0, 0.0, 1, 
2019-12-08 10:21:15.195,332519552, 485.4805186160656, 2163765, 26.26428458760186, 117765, 0, 0.0, 1, 
2019-12-08 10:21:16.223,343051152, 484.6905159663523, 2164260, 26.147206856250893, 117785, 0, 0.0, 1, 
2019-12-08 10:21:17.249,353813248, 484.6905159663523, 2164769, 26.147206856250893, 117810, 0, 0.0, 3, 
2019-12-08 10:21:18.274,363494152, 484.6905159663523, 2165229, 26.147206856250893, 117842, 0, 0.0, 12, 
2019-12-08 10:21:19.301,375030304, 484.6905159663523, 2165748, 26.147206856250893, 117872, 0, 0.0, 1, 
2019-12-08 10:21:20.325,385729944, 484.6905159663523, 2166251, 26.147206856250893, 117900, 0, 0.0, 1, 
2019-12-08 10:21:21.393,395894400, 484.89116323124085, 2166740, 26.151427962962913, 117926, 0, 0.0, 1, 
2019-12-08 10:21:22.418,122395240, 484.89116323124085, 2167251, 26.151427962962913, 117962, 0, 0.0, 1, 
2019-12-08 10:21:23.445,132867368, 484.89116323124085, 2167738, 26.151427962962913, 117996, 0, 0.0, 1, 
2019-12-08 10:21:24.471,143736984, 484.89116323124085, 2168201, 26.151427962962913, 118014, 0, 0.0, 1, 
2019-12-08 10:21:25.495,153984216, 484.89116323124085, 2168672, 26.151427962962913, 118046, 0, 0.0, 1, 
2019-12-08 10:21:26.525,164626944, 483.39670033382816, 2169147, 26.331213856432345, 118071, 0, 0.0, 10, 
2019-12-08 10:21:27.551,175847800, 483.39670033382816, 2169621, 26.331213856432345, 118095, 0, 0.0, 7, 
2019-12-08 10:21:28.579,187401552, 483.39670033382816, 2170138, 26.331213856432345, 118124, 0, 0.0, 1, 
2019-12-08 10:21:29.61,198566536, 483.39670033382816, 2170650, 26.331213856432345, 118145, 0, 0.0, 1, 
2019-12-08 10:21:30.643,209764424, 483.39670033382816, 2171171, 26.331213856432345, 118177, 0, 0.0, 1, 
2019-12-08 10:21:31.673,220639168, 483.6048486825322, 2171664, 26.256758107436013, 118207, 0, 0.0, 1, 
2019-12-08 10:21:32.717,231556272, 483.6048486825322, 2172173, 26.256758107436013, 118238, 0, 0.0, 27, 
2019-12-08 10:21:33.742,241740408, 483.6048486825322, 2172649, 26.256758107436013, 118261, 0, 0.0, 20, 
2019-12-08 10:21:34.766,252031232, 483.6048486825322, 2173130, 26.256758107436013, 118278, 0, 0.0, 1, 
2019-12-08 10:21:35.793,263005208, 483.3326120130218, 2173642, 26.092308808990083, 118301, 0, 0.0, 1, 
2019-12-08 10:21:36.828,273452928, 483.3326120130218, 2174151, 26.092308808990083, 118328, 0, 0.0, 1, 
2019-12-08 10:21:37.866,284744200, 483.3326120130218, 2174668, 26.092308808990083, 118354, 0, 0.0, 16, 
2019-12-08 10:21:38.904,295847528, 483.3326120130218, 2175178, 26.092308808990083, 118376, 0, 0.0, 9, 
2019-12-08 10:21:39.932,307019512, 483.3326120130218, 2175687, 26.092308808990083, 118406, 0, 0.0, 1, 
2019-12-08 10:21:40.961,317783072, 483.62584016630205, 2176181, 26.08492820413241, 118437, 0, 0.0, 7, 
2019-12-08 10:21:41.989,328242896, 483.62584016630205, 2176680, 26.08492820413241, 118462, 0, 0.0, 1, 
2019-12-08 10:21:43.017,339616792, 483.62584016630205, 2177205, 26.08492820413241, 118486, 0, 0.0, 20, 
2019-12-08 10:21:44.043,350449560, 483.62584016630205, 2177693, 26.08492820413241, 118524, 0, 0.0, 1, 
2019-12-08 10:21:45.07,360781040, 483.62584016630205, 2178176, 26.08492820413241, 118548, 0, 0.0, 5, 
2019-12-08 10:21:46.1,371274352, 483.44787181286375, 2178637, 26.12611107107893, 118570, 0, 0.0, 1, 
2019-12-08 10:21:47.126,381347216, 483.44787181286375, 2179153, 26.12611107107893, 118589, 0, 0.0, 1, 
2019-12-08 10:21:48.151,391448240, 483.44787181286375, 2179628, 26.12611107107893, 118607, 0, 0.0, 1, 
2019-12-08 10:21:49.182,120729320, 483.44787181286375, 2180126, 26.12611107107893, 118626, 0, 0.0, 1, 
2019-12-08 10:21:50.209,132023760, 483.44787181286375, 2180602, 26.12611107107893, 118650, 0, 0.0, 4, 
2019-12-08 10:21:51.28,142944144, 483.1402129696349, 2181126, 25.588320923122627, 118671, 0, 0.0, 14, 
2019-12-08 10:21:52.308,153122424, 483.1402129696349, 2181637, 25.588320923122627, 118696, 0, 0.0, 25, 
2019-12-08 10:21:53.335,164126608, 483.1402129696349, 2182126, 25.588320923122627, 118723, 0, 0.0, 4, 
2019-12-08 10:21:54.362,175806176, 483.1402129696349, 2182634, 25.588320923122627, 118752, 0, 0.0, 1, 
2019-12-08 10:21:55.39,184757248, 483.1402129696349, 2183113, 25.588320923122627, 118770, 0, 0.0, 1, 
2019-12-08 10:21:56.416,196250560, 483.2889133303125, 2183629, 25.509299145180268, 118795, 0, 0.0, 1, 
2019-12-08 10:21:57.442,207463464, 483.2889133303125, 2184118, 25.509299145180268, 118821, 0, 0.0, 1, 
2019-12-08 10:21:58.469,216724912, 483.2889133303125, 2184599, 25.509299145180268, 118844, 0, 0.0, 7, 
2019-12-08 10:21:59.498,227696472, 483.2889133303125, 2185088, 25.509299145180268, 118876, 0, 0.0, 1, 
2019-12-08 10:22:00.524,238506616, 483.2889133303125, 2185589, 25.509299145180268, 118899, 0, 0.0, 1, 
2019-12-08 10:22:01.553,249127832, 483.36175979831074, 2186076, 25.436595599750326, 118930, 0, 0.0, 1, 
2019-12-08 10:22:02.579,260854152, 483.36175979831074, 2186614, 25.436595599750326, 118957, 0, 0.0, 3, 
2019-12-08 10:22:03.612,270560728, 483.36175979831074, 2187096, 25.436595599750326, 118980, 0, 0.0, 1, 
2019-12-08 10:22:04.637,281652776, 483.36175979831074, 2187600, 25.436595599750326, 118997, 0, 0.0, 1, 
2019-12-08 10:22:05.663,292411160, 483.36175979831074, 2188074, 25.436595599750326, 119031, 0, 0.0, 1, 
2019-12-08 10:22:06.689,303566264, 483.2528794965026, 2188578, 25.38569622592789, 119050, 0, 0.0, 1, 
2019-12-08 10:22:07.715,314055248, 483.2528794965026, 2189075, 25.38569622592789, 119074, 0, 0.0, 11, 
2019-12-08 10:22:08.74,324666928, 483.2528794965026, 2189589, 25.38569622592789, 119101, 0, 0.0, 7, 
2019-12-08 10:22:09.764,335235184, 483.2528794965026, 2190064, 25.38569622592789, 119137, 0, 0.0, 1, 
2019-12-08 10:22:10.79,347355936, 483.0887403146643, 2190550, 25.482786595001652, 119164, 0, 0.0, 1, 
2019-12-08 10:22:11.815,357520432, 483.0887403146643, 2191027, 25.482786595001652, 119183, 0, 0.0, 1, 
2019-12-08 10:22:12.842,367265680, 483.0887403146643, 2191499, 25.482786595001652, 119208, 0, 0.0, 1, 
2019-12-08 10:22:13.866,379556904, 483.0887403146643, 2192017, 25.482786595001652, 119228, 0, 0.0, 12, 
2019-12-08 10:22:14.894,390385432, 483.0887403146643, 2192477, 25.482786595001652, 119260, 0, 0.0, 1, 
2019-12-08 10:22:15.92,115130160, 481.9462757185957, 2192940, 25.444185110189178, 119293, 0, 0.0, 1, 
2019-12-08 10:22:16.944,126341064, 481.9462757185957, 2193398, 25.444185110189178, 119321, 0, 0.0, 1, 
2019-12-08 10:22:17.971,136635536, 481.9462757185957, 2193909, 25.444185110189178, 119346, 0, 0.0, 5, 
2019-12-08 10:22:18.996,147434792, 481.9462757185957, 2194404, 25.444185110189178, 119367, 0, 0.0, 5, 
2019-12-08 10:22:20.021,158458056, 481.9462757185957, 2194929, 25.444185110189178, 119393, 0, 0.0, 1, 
2019-12-08 10:22:21.053,168948744, 481.79066010422264, 2195423, 25.328714444320386, 119416, 0, 0.0, 1, 
2019-12-08 10:22:22.079,180326040, 481.79066010422264, 2195899, 25.328714444320386, 119444, 0, 0.0, 1, 
2019-12-08 10:22:23.105,189385112, 481.79066010422264, 2196327, 25.328714444320386, 119464, 0, 0.0, 39, 
2019-12-08 10:22:24.129,199904720, 481.79066010422264, 2196800, 25.328714444320386, 119501, 0, 0.0, 8, 
2019-12-08 10:22:25.157,210684920, 481.79066010422264, 2197301, 25.328714444320386, 119528, 0, 0.0, 1, 
2019-12-08 10:22:26.189,222331736, 480.3841885785329, 2197814, 25.382387473875628, 119548, 0, 0.0, 1, 
2019-12-08 10:22:27.214,232901912, 480.3841885785329, 2198330, 25.382387473875628, 119573, 0, 0.0, 1, 
2019-12-08 10:22:28.24,242262680, 480.3841885785329, 2198801, 25.382387473875628, 119602, 0, 0.0, 1, 
2019-12-08 10:22:29.271,254353560, 480.3841885785329, 2199297, 25.382387473875628, 119628, 0, 0.0, 2, 
2019-12-08 10:22:30.295,264863528, 480.3841885785329, 2199791, 25.382387473875628, 119650, 0, 0.0, 8, 
2019-12-08 10:22:31.326,276868896, 480.7372573656229, 2200291, 25.27185787419281, 119670, 0, 0.0, 1, 
2019-12-08 10:22:32.356,287541984, 480.7372573656229, 2200807, 25.27185787419281, 119691, 0, 0.0, 1, 
2019-12-08 10:22:33.386,296232632, 480.7372573656229, 2201279, 25.27185787419281, 119709, 0, 0.0, 1, 
2019-12-08 10:22:34.411,307849832, 480.7372573656229, 2201740, 25.27185787419281, 119742, 0, 0.0, 1, 
2019-12-08 10:22:35.438,319618608, 480.7372573656229, 2202291, 25.27185787419281, 119757, 0, 0.0, 1, 
2019-12-08 10:22:36.479,328972744, 481.0940785653132, 2202757, 24.89831674309312, 119783, 0, 0.0, 1, 
2019-12-08 10:22:37.513,340955712, 481.0940785653132, 2203252, 24.89831674309312, 119803, 0, 0.0, 1, 
2019-12-08 10:22:38.549,351992976, 481.0940785653132, 2203750, 24.89831674309312, 119833, 0, 0.0, 12, 
2019-12-08 10:22:39.575,363216832, 481.0940785653132, 2204257, 24.89831674309312, 119858, 0, 0.0, 17, 
2019-12-08 10:22:40.6,374016152, 481.0940785653132, 2204744, 24.89831674309312, 119886, 0, 0.0, 19, 
2019-12-08 10:22:41.626,382485568, 480.5428584780322, 2205243, 24.906446887421506, 119908, 0, 0.0, 1, 
2019-12-08 10:22:42.65,394328840, 480.5428584780322, 2205754, 24.906446887421506, 119931, 0, 0.0, 1, 
2019-12-08 10:22:43.679,120531520, 480.5428584780322, 2206247, 24.906446887421506, 119954, 0, 0.0, 1, 
2019-12-08 10:22:44.708,131971072, 480.5428584780322, 2206744, 24.906446887421506, 119974, 0, 0.0, 1, 
2019-12-08 10:22:45.734,142698696, 480.5428584780322, 2207235, 24.906446887421506, 120003, 0, 0.0, 1, 
2019-12-08 10:22:46.76,154127776, 480.94720518872344, 2207736, 24.785998044707885, 120034, 0, 0.0, 9, 
2019-12-08 10:22:47.786,164029144, 480.94720518872344, 2208222, 24.785998044707885, 120059, 0, 0.0, 1, 
2019-12-08 10:22:48.812,175159304, 480.94720518872344, 2208692, 24.785998044707885, 120087, 0, 0.0, 14, 
2019-12-08 10:22:49.838,185629920, 480.94720518872344, 2209191, 24.785998044707885, 120119, 0, 0.0, 1, 
2019-12-08 10:22:50.869,196852552, 481.12732871657903, 2209715, 24.979010984129225, 120143, 0, 0.0, 1, 
2019-12-08 10:22:51.9,207712752, 481.12732871657903, 2210210, 24.979010984129225, 120171, 0, 0.0, 1, 
2019-12-08 10:22:52.929,218958424, 481.12732871657903, 2210687, 24.979010984129225, 120193, 0, 0.0, 19, 
2019-12-08 10:22:53.957,229632744, 481.12732871657903, 2211177, 24.979010984129225, 120226, 0, 0.0, 1, 
2019-12-08 10:22:54.983,240003960, 481.12732871657903, 2211684, 24.979010984129225, 120252, 0, 0.0, 1, 
2019-12-08 10:22:56.011,251108376, 481.24507701110355, 2212205, 25.012671407327797, 120278, 0, 0.0, 55, 
2019-12-08 10:22:57.038,261272720, 481.24507701110355, 2212677, 25.012671407327797, 120314, 0, 0.0, 1, 
2019-12-08 10:22:58.066,271826160, 481.24507701110355, 2213164, 25.012671407327797, 120332, 0, 0.0, 3, 
2019-12-08 10:22:59.093,282606888, 481.24507701110355, 2213630, 25.012671407327797, 120359, 0, 0.0, 3, 
2019-12-08 10:23:00.118,293759904, 481.24507701110355, 2214134, 25.012671407327797, 120385, 0, 0.0, 1, 
2019-12-08 10:23:01.145,304251040, 480.537863701032, 2214629, 25.171569428278783, 120414, 0, 0.0, 1, 
2019-12-08 10:23:02.171,314697392, 480.537863701032, 2215131, 25.171569428278783, 120436, 0, 0.0, 6, 
2019-12-08 10:23:03.197,324681896, 480.537863701032, 2215622, 25.171569428278783, 120463, 0, 0.0, 1, 
2019-12-08 10:23:04.223,336594736, 480.537863701032, 2216115, 25.171569428278783, 120490, 0, 0.0, 1, 
2019-12-08 10:23:05.295,347083584, 480.537863701032, 2216621, 25.171569428278783, 120519, 0, 0.0, 20, 
2019-12-08 10:23:06.323,358146240, 481.0865298257094, 2217171, 25.189833728357314, 120543, 0, 0.0, 24, 
2019-12-08 10:23:07.392,370175720, 481.0865298257094, 2217689, 25.189833728357314, 120567, 0, 0.0, 23, 
2019-12-08 10:23:08.419,380508120, 481.0865298257094, 2218205, 25.189833728357314, 120593, 0, 0.0, 1, 
2019-12-08 10:23:09.456,392727032, 481.0865298257094, 2218727, 25.189833728357314, 120618, 0, 0.0, 4, 
2019-12-08 10:23:10.482,119662344, 481.0865298257094, 2219205, 25.189833728357314, 120645, 0, 0.0, 41, 
2019-12-08 10:23:11.512,129947032, 482.19898947803233, 2219710, 25.110690993186868, 120672, 0, 0.0, 15, 
2019-12-08 10:23:12.538,140251376, 482.19898947803233, 2220215, 25.110690993186868, 120693, 0, 0.0, 23, 
2019-12-08 10:23:13.564,150930720, 482.19898947803233, 2220666, 25.110690993186868, 120714, 0, 0.0, 29, 
2019-12-08 10:23:14.591,162311872, 482.19898947803233, 2221206, 25.110690993186868, 120742, 0, 0.0, 27, 
2019-12-08 10:23:15.622,174115224, 482.19898947803233, 2221706, 25.110690993186868, 120765, 0, 0.0, 21, 
2019-12-08 10:23:16.659,184354352, 482.5668659676129, 2222214, 25.005893927586538, 120791, 0, 0.0, 18, 
2019-12-08 10:23:17.687,195478648, 482.5668659676129, 2222719, 25.005893927586538, 120816, 0, 0.0, 9, 
2019-12-08 10:23:18.714,205295848, 482.5668659676129, 2223225, 25.005893927586538, 120842, 0, 0.0, 11, 
2019-12-08 10:23:19.739,216665272, 482.5668659676129, 2223693, 25.005893927586538, 120869, 0, 0.0, 1, 
2019-12-08 10:23:20.77,227110592, 481.89788830145443, 2224157, 25.11736049467517, 120902, 0, 0.0, 1, 
2019-12-08 10:23:21.798,237152136, 481.89788830145443, 2224646, 25.11736049467517, 120930, 0, 0.0, 2, 
2019-12-08 10:23:22.823,248545448, 481.89788830145443, 2225158, 25.11736049467517, 120952, 0, 0.0, 4, 
2019-12-08 10:23:23.848,258609824, 481.89788830145443, 2225669, 25.11736049467517, 120988, 0, 0.0, 1, 
2019-12-08 10:23:24.874,269506144, 481.89788830145443, 2226154, 25.11736049467517, 121011, 0, 0.0, 1, 
2019-12-08 10:23:25.901,280619104, 482.17790169234513, 2226645, 25.283879155439514, 121043, 0, 0.0, 1, 
2019-12-08 10:23:26.928,291744080, 482.17790169234513, 2227149, 25.283879155439514, 121069, 0, 0.0, 1, 
2019-12-08 10:23:27.953,302954400, 482.17790169234513, 2227669, 25.283879155439514, 121091, 0, 0.0, 1, 
2019-12-08 10:23:28.981,314162152, 482.17790169234513, 2228163, 25.283879155439514, 121126, 0, 0.0, 1, 
2019-12-08 10:23:30.007,324494288, 482.17790169234513, 2228696, 25.283879155439514, 121143, 0, 0.0, 1, 
2019-12-08 10:23:31.033,334501328, 483.18710895113986, 2229172, 25.325145899688355, 121168, 0, 0.0, 1, 
2019-12-08 10:23:32.057,346187032, 483.18710895113986, 2229685, 25.325145899688355, 121203, 0, 0.0, 1, 
2019-12-08 10:23:33.082,356679208, 483.18710895113986, 2230187, 25.325145899688355, 121233, 0, 0.0, 1, 
2019-12-08 10:23:34.109,367525416, 483.18710895113986, 2230680, 25.325145899688355, 121251, 0, 0.0, 1, 
2019-12-08 10:23:35.134,379155384, 483.18710895113986, 2231199, 25.325145899688355, 121275, 0, 0.0, 15, 
2019-12-08 10:23:36.161,391179152, 483.8597665796112, 2231707, 25.18721084942895, 121298, 0, 0.0, 1, 
2019-12-08 10:23:37.187,117446272, 483.8597665796112, 2232187, 25.18721084942895, 121322, 0, 0.0, 20, 
2019-12-08 10:23:38.213,127835536, 483.8597665796112, 2232696, 25.18721084942895, 121361, 0, 0.0, 1, 
2019-12-08 10:23:39.241,138379048, 483.8597665796112, 2233202, 25.18721084942895, 121385, 0, 0.0, 1, 
2019-12-08 10:23:40.268,148920832, 483.8597665796112, 2233713, 25.18721084942895, 121401, 0, 0.0, 1, 
2019-12-08 10:23:41.297,160846528, 484.46265035656984, 2234263, 25.3001712329682, 121427, 0, 0.0, 34, 
2019-12-08 10:23:42.322,172343736, 484.46265035656984, 2234739, 25.3001712329682, 121455, 0, 0.0, 1, 
2019-12-08 10:23:43.348,181660680, 484.46265035656984, 2235221, 25.3001712329682, 121482, 0, 0.0, 7, 
2019-12-08 10:23:44.375,194314272, 484.46265035656984, 2235718, 25.3001712329682, 121504, 0, 0.0, 1, 
2019-12-08 10:23:45.401,203151248, 484.46265035656984, 2236203, 25.3001712329682, 121528, 0, 0.0, 7, 
2019-12-08 10:23:46.427,214663688, 483.86596977889366, 2236679, 25.212206398028247, 121557, 0, 0.0, 1, 
2019-12-08 10:23:47.453,223934264, 483.86596977889366, 2237154, 25.212206398028247, 121578, 0, 0.0, 1, 
2019-12-08 10:23:48.478,235524736, 483.86596977889366, 2237659, 25.212206398028247, 121608, 0, 0.0, 1, 
2019-12-08 10:23:49.504,245597312, 483.86596977889366, 2238146, 25.212206398028247, 121636, 0, 0.0, 1, 
2019-12-08 10:23:50.53,256983736, 483.86596977889366, 2238650, 25.212206398028247, 121653, 0, 0.0, 1, 
2019-12-08 10:23:51.555,267927408, 483.5568639021968, 2239168, 25.163257077106223, 121680, 0, 0.0, 1, 
2019-12-08 10:23:52.582,278245896, 483.5568639021968, 2239652, 25.163257077106223, 121711, 0, 0.0, 1, 
2019-12-08 10:23:53.61,290233104, 483.5568639021968, 2240167, 25.163257077106223, 121733, 0, 0.0, 4, 
2019-12-08 10:23:54.636,301180472, 483.5568639021968, 2240671, 25.163257077106223, 121761, 0, 0.0, 14, 
2019-12-08 10:23:55.662,311932760, 483.5568639021968, 2241143, 25.163257077106223, 121787, 0, 0.0, 12, 
2019-12-08 10:23:56.691,321295344, 483.78418851318526, 2241608, 25.18218599608856, 121810, 0, 0.0, 8, 
2019-12-08 10:23:57.723,331779584, 483.78418851318526, 2242061, 25.18218599608856, 121829, 0, 0.0, 12, 
2019-12-08 10:23:58.749,342654888, 483.78418851318526, 2242564, 25.18218599608856, 121858, 0, 0.0, 1, 
2019-12-08 10:23:59.773,354503536, 483.78418851318526, 2243075, 25.18218599608856, 121883, 0, 0.0, 11, 
2019-12-08 10:24:00.806,364538232, 482.6500834176055, 2243561, 24.99171692030947, 121906, 0, 0.0, 1, 
2019-12-08 10:24:01.834,375459848, 482.6500834176055, 2244044, 24.99171692030947, 121926, 0, 0.0, 1, 
2019-12-08 10:24:02.86,385635680, 482.6500834176055, 2244564, 24.99171692030947, 121962, 0, 0.0, 4, 
2019-12-08 10:24:03.925,396174024, 482.6500834176055, 2245056, 24.99171692030947, 121984, 0, 0.0, 1, 
2019-12-08 10:24:04.953,124448384, 482.6500834176055, 2245581, 24.99171692030947, 122012, 0, 0.0, 2, 
2019-12-08 10:24:05.979,133676208, 482.66207008570757, 2246045, 25.008370315868937, 122036, 0, 0.0, 1, 
2019-12-08 10:24:07.005,145519736, 482.66207008570757, 2246577, 25.008370315868937, 122067, 0, 0.0, 1, 
2019-12-08 10:24:08.032,155750752, 482.66207008570757, 2247076, 25.008370315868937, 122090, 0, 0.0, 1, 
2019-12-08 10:24:09.057,166240416, 482.66207008570757, 2247563, 25.008370315868937, 122116, 0, 0.0, 1, 
2019-12-08 10:24:10.086,177881672, 482.66207008570757, 2248072, 25.008370315868937, 122144, 0, 0.0, 1, 
2019-12-08 10:24:11.118,189122856, 483.37670750400696, 2248577, 25.13562999895698, 122171, 0, 0.0, 1, 
2019-12-08 10:24:12.144,199877392, 483.37670750400696, 2249060, 25.13562999895698, 122203, 0, 0.0, 1, 
2019-12-08 10:24:13.214,209799064, 483.37670750400696, 2249560, 25.13562999895698, 122221, 0, 0.0, 1, 
2019-12-08 10:24:14.242,220084792, 483.37670750400696, 2250078, 25.13562999895698, 122239, 0, 0.0, 1, 
2019-12-08 10:24:15.269,231489888, 483.37670750400696, 2250559, 25.13562999895698, 122266, 0, 0.0, 5, 
2019-12-08 10:24:16.327,242569488, 482.7229340691193, 2251070, 24.948883335181062, 122293, 0, 0.0, 3, 
2019-12-08 10:24:17.354,254073128, 482.7229340691193, 2251550, 24.948883335181062, 122322, 0, 0.0, 9, 
2019-12-08 10:24:18.381,264635824, 482.7229340691193, 2252065, 24.948883335181062, 122358, 0, 0.0, 1, 
2019-12-08 10:24:19.407,274955824, 482.7229340691193, 2252536, 24.948883335181062, 122378, 0, 0.0, 1, 
2019-12-08 10:24:20.433,285915616, 482.7229340691193, 2253045, 24.948883335181062, 122404, 0, 0.0, 18, 
2019-12-08 10:24:21.461,296886736, 482.9049982085505, 2253525, 25.096890451706074, 122429, 0, 0.0, 1, 
2019-12-08 10:24:22.485,309452736, 482.9049982085505, 2254051, 25.096890451706074, 122455, 0, 0.0, 16, 
2019-12-08 10:24:23.512,320292504, 482.9049982085505, 2254564, 25.096890451706074, 122491, 0, 0.0, 5, 
2019-12-08 10:24:24.542,330332112, 482.9049982085505, 2255033, 25.096890451706074, 122515, 0, 0.0, 1, 
2019-12-08 10:24:25.567,340594552, 482.9049982085505, 2255508, 25.096890451706074, 122550, 0, 0.0, 1, 
2019-12-08 10:24:26.594,350928632, 482.64074514213684, 2256011, 25.42495697747993, 122570, 0, 0.0, 1, 
2019-12-08 10:24:27.619,362199112, 482.64074514213684, 2256489, 25.42495697747993, 122595, 0, 0.0, 1, 
2019-12-08 10:24:28.643,372822312, 482.64074514213684, 2256979, 25.42495697747993, 122617, 0, 0.0, 1, 
2019-12-08 10:24:29.668,383706400, 482.64074514213684, 2257470, 25.42495697747993, 122644, 0, 0.0, 1, 
2019-12-08 10:24:30.692,392717088, 482.64074514213684, 2257956, 25.42495697747993, 122669, 0, 0.0, 10, 
2019-12-08 10:24:31.719,121988888, 482.17374494529633, 2258455, 25.231068122846814, 122691, 0, 0.0, 17, 
2019-12-08 10:24:32.744,132717192, 482.17374494529633, 2258961, 25.231068122846814, 122717, 0, 0.0, 18, 
2019-12-08 10:24:33.769,143232816, 482.17374494529633, 2259458, 25.231068122846814, 122740, 0, 0.0, 15, 
2019-12-08 10:24:34.797,153739448, 482.17374494529633, 2259927, 25.231068122846814, 122766, 0, 0.0, 16, 
2019-12-08 10:24:35.824,165399272, 482.2238175347866, 2260431, 25.10065511630515, 122790, 0, 0.0, 31, 
2019-12-08 10:24:36.848,175056832, 482.2238175347866, 2260896, 25.10065511630515, 122816, 0, 0.0, 1, 
2019-12-08 10:24:37.875,187034024, 482.2238175347866, 2261378, 25.10065511630515, 122838, 0, 0.0, 3, 
2019-12-08 10:24:38.9,196828336, 482.2238175347866, 2261852, 25.10065511630515, 122866, 0, 0.0, 1, 
2019-12-08 10:24:39.927,207929408, 482.2238175347866, 2262360, 25.10065511630515, 122885, 0, 0.0, 1, 
2019-12-08 10:24:40.953,218237560, 480.84667712147495, 2262823, 24.932696006819064, 122908, 0, 0.0, 1, 
2019-12-08 10:24:41.981,228589384, 480.84667712147495, 2263294, 24.932696006819064, 122942, 0, 0.0, 1, 
2019-12-08 10:24:43.006,240163912, 480.84667712147495, 2263822, 24.932696006819064, 122976, 0, 0.0, 29, 
2019-12-08 10:24:44.034,251601272, 480.84667712147495, 2264353, 24.932696006819064, 123000, 0, 0.0, 31, 
2019-12-08 10:24:45.07,261892200, 480.84667712147495, 2264887, 24.932696006819064, 123021, 0, 0.0, 54, 
2019-12-08 10:24:46.098,272748472, 482.266154444502, 2265393, 25.12997074188125, 123049, 0, 0.0, 1, 
2019-12-08 10:24:47.124,283829608, 482.266154444502, 2265867, 25.12997074188125, 123079, 0, 0.0, 1, 
2019-12-08 10:24:48.16,294509752, 482.266154444502, 2266356, 25.12997074188125, 123100, 0, 0.0, 1, 
2019-12-08 10:24:49.188,304109608, 482.266154444502, 2266819, 25.12997074188125, 123122, 0, 0.0, 1, 
2019-12-08 10:24:50.216,314716256, 482.266154444502, 2267329, 25.12997074188125, 123144, 0, 0.0, 1, 
2019-12-08 10:24:51.244,325727448, 481.55725587590507, 2267814, 24.97565880146586, 123163, 0, 0.0, 1, 
2019-12-08 10:24:52.269,336382064, 481.55725587590507, 2268332, 24.97565880146586, 123185, 0, 0.0, 1, 
2019-12-08 10:24:53.295,346951824, 481.55725587590507, 2268823, 24.97565880146586, 123214, 0, 0.0, 1, 
2019-12-08 10:24:54.322,357374120, 481.55725587590507, 2269302, 24.97565880146586, 123238, 0, 0.0, 1, 
2019-12-08 10:24:55.348,368971256, 481.55725587590507, 2269807, 24.97565880146586, 123267, 0, 0.0, 13, 
2019-12-08 10:24:56.374,379879920, 481.5606735073682, 2270303, 24.961613899169144, 123298, 0, 0.0, 1, 
2019-12-08 10:24:57.399,390424712, 481.5606735073682, 2270784, 24.961613899169144, 123320, 0, 0.0, 2, 
2019-12-08 10:24:58.426,114466296, 481.5606735073682, 2271266, 24.961613899169144, 123338, 0, 0.0, 1, 
2019-12-08 10:24:59.453,127446040, 481.5606735073682, 2271728, 24.961613899169144, 123367, 0, 0.0, 1, 
2019-12-08 10:25:00.48,138899520, 481.5606735073682, 2272240, 24.961613899169144, 123394, 0, 0.0, 1, 
2019-12-08 10:25:01.507,149093984, 480.81223537762276, 2272734, 24.90071861403463, 123425, 0, 0.0, 1, 
2019-12-08 10:25:02.536,159302472, 480.81223537762276, 2273245, 24.90071861403463, 123449, 0, 0.0, 1, 
2019-12-08 10:25:03.56,170390624, 480.81223537762276, 2273758, 24.90071861403463, 123469, 0, 0.0, 8, 
2019-12-08 10:25:04.599,181815208, 480.81223537762276, 2274311, 24.90071861403463, 123497, 0, 0.0, 4, 
2019-12-08 10:25:05.628,194431248, 480.81223537762276, 2274816, 24.90071861403463, 123532, 0, 0.0, 1, 
2019-12-08 10:25:06.653,203818568, 482.57027996899757, 2275294, 25.02059453488485, 123556, 0, 0.0, 20, 
2019-12-08 10:25:07.678,214412928, 482.57027996899757, 2275795, 25.02059453488485, 123585, 0, 0.0, 3, 
2019-12-08 10:25:08.706,224381184, 482.57027996899757, 2276289, 25.02059453488485, 123607, 0, 0.0, 1, 
2019-12-08 10:25:09.732,235348792, 482.57027996899757, 2276768, 25.02059453488485, 123629, 0, 0.0, 1, 
2019-12-08 10:25:10.76,246016840, 482.15688720754605, 2277259, 25.0189478867927, 123658, 0, 0.0, 4, 
2019-12-08 10:25:11.788,256583352, 482.15688720754605, 2277746, 25.0189478867927, 123685, 0, 0.0, 1, 
2019-12-08 10:25:12.814,266908656, 482.15688720754605, 2278226, 25.0189478867927, 123706, 0, 0.0, 10, 
2019-12-08 10:25:13.841,278056968, 482.15688720754605, 2278721, 25.0189478867927, 123733, 0, 0.0, 19, 
2019-12-08 10:25:14.866,288292792, 482.15688720754605, 2279217, 25.0189478867927, 123768, 0, 0.0, 14, 
2019-12-08 10:25:15.895,297705064, 481.3287962282486, 2279675, 25.177344068154003, 123796, 0, 0.0, 1, 
2019-12-08 10:25:16.929,309563632, 481.3287962282486, 2280198, 25.177344068154003, 123830, 0, 0.0, 1, 
2019-12-08 10:25:17.957,320258384, 481.3287962282486, 2280693, 25.177344068154003, 123855, 0, 0.0, 1, 
2019-12-08 10:25:18.984,330688976, 481.3287962282486, 2281185, 25.177344068154003, 123876, 0, 0.0, 1, 
2019-12-08 10:25:20.007,342068352, 481.3287962282486, 2281688, 25.177344068154003, 123905, 0, 0.0, 7, 
2019-12-08 10:25:21.033,352772336, 481.73426729435295, 2282168, 25.291093355965817, 123933, 0, 0.0, 1, 
2019-12-08 10:25:22.06,363347760, 481.73426729435295, 2282677, 25.291093355965817, 123962, 0, 0.0, 6, 
2019-12-08 10:25:23.085,373898200, 481.73426729435295, 2283151, 25.291093355965817, 123985, 0, 0.0, 59, 
2019-12-08 10:25:24.11,384433544, 481.73426729435295, 2283641, 25.291093355965817, 124011, 0, 0.0, 37, 
2019-12-08 10:25:25.138,124889312, 481.73426729435295, 2284063, 25.291093355965817, 124031, 0, 0.0, 1, 
2019-12-08 10:25:26.167,125860176, 475.5349695665464, 2284063, 24.947996474809347, 124031, 0, 0.0, 7, 
2019-12-08 10:25:27.196,126447360, 475.5349695665464, 2284063, 24.947996474809347, 124031, 0, 0.0, 10, 
2019-12-08 10:25:28.226,127321328, 475.5349695665464, 2284063, 24.947996474809347, 124031, 0, 0.0, 12, 
