Timestamp, MemoryUsed, ReadLatency1, ReadCount, WriteLatency1, WriteCount, PendingTasks, WaitingOnCommit1, SRDelay, 
2019-12-08 10:17:06.599,499359640, 3.5820102246063166, 1977578, 2.6710485805748503, 107957, 0, 0.0, 23266893, 
2019-12-08 10:17:07.744,511942552, 3.5820102246063166, 1977972, 2.6710485805748503, 107976, 0, 0.0, 11633450, 
2019-12-08 10:17:08.782,527671192, 3.5820102246063166, 1978589, 2.6710485805748503, 108007, 0, 0.0, 5816681, 
2019-12-08 10:17:09.82,544448408, 3.5820102246063166, 1979313, 2.6710485805748503, 108045, 0, 0.0, 2908320, 
2019-12-08 10:17:10.861,561225624, 3.5820102246063166, 1979985, 2.6710485805748503, 108076, 0, 0.0, 1454132, 
2019-12-08 10:17:11.898,578002840, 47.479064976130125, 1980674, 4.584301898621474, 108105, 0, 0.0, 727040, 
2019-12-08 10:17:12.943,594780056, 47.479064976130125, 1981426, 4.584301898621474, 108146, 0, 0.0, 363514, 
2019-12-08 10:17:13.984,612605848, 47.479064976130125, 1982152, 4.584301898621474, 108190, 0, 0.0, 181813, 
2019-12-08 10:17:15.023,630431640, 47.479064976130125, 1982907, 4.584301898621474, 108237, 0, 0.0, 90912, 
2019-12-08 10:17:16.055,648257432, 47.479064976130125, 1983663, 4.584301898621474, 108291, 0, 0.0, 45347, 
2019-12-08 10:17:17.107,666083224, 100.53126974166238, 1984453, 7.51193147407317, 108329, 0, 0.0, 22656, 
2019-12-08 10:17:18.154,686006168, 100.53126974166238, 1985287, 7.51193147407317, 108382, 0, 0.0, 11313, 
2019-12-08 10:17:19.193,704880536, 100.53126974166238, 1986131, 7.51193147407317, 108429, 0, 0.0, 5688, 
2019-12-08 10:17:20.226,725852056, 100.53126974166238, 1986992, 7.51193147407317, 108484, 0, 0.0, 2788, 
2019-12-08 10:17:21.261,745775000, 100.53126974166238, 1987826, 7.51193147407317, 108533, 0, 0.0, 1401, 
2019-12-08 10:17:22.295,763600792, 156.55364822039655, 1988590, 10.781160927739991, 108567, 0, 0.0, 580, 
2019-12-08 10:17:23.334,784572312, 156.55364822039655, 1989472, 10.781160927739991, 108615, 0, 0.0, 141, 
2019-12-08 10:17:24.37,804495256, 156.55364822039655, 1990328, 10.781160927739991, 108664, 0, 0.0, 56, 
2019-12-08 10:17:25.397,185502104, 156.55364822039655, 1991165, 10.781160927739991, 108712, 0, 0.0, 51, 
2019-12-08 10:17:26.429,205425048, 208.5924492633041, 1991956, 13.629086055986471, 108771, 0, 0.0, 2, 
2019-12-08 10:17:27.462,227445144, 208.5924492633041, 1992944, 13.629086055986471, 108826, 0, 0.0, 1, 
2019-12-08 10:17:28.494,245270936, 208.5924492633041, 1993790, 13.629086055986471, 108873, 0, 0.0, 1, 
2019-12-08 10:17:29.524,265193880, 208.5924492633041, 1994595, 13.629086055986471, 108912, 0, 0.0, 1, 
2019-12-08 10:17:30.551,280922520, 208.5924492633041, 1995220, 13.629086055986471, 108941, 0, 0.0, 508, 
2019-12-08 10:17:31.919,302942616, 252.8084916968608, 1996086, 15.737587917139813, 108988, 0, 0.0, 751, 
2019-12-08 10:17:32.942,318671256, 252.8084916968608, 1996714, 15.737587917139813, 109018, 0, 0.0, 379, 
2019-12-08 10:17:33.968,335448472, 252.8084916968608, 1997458, 15.737587917139813, 109051, 0, 0.0, 138, 
2019-12-08 10:17:34.993,358517144, 252.8084916968608, 1998411, 15.737587917139813, 109080, 0, 0.0, 1, 
2019-12-08 10:17:36.025,381585816, 252.8084916968608, 1999405, 15.737587917139813, 109119, 0, 0.0, 1, 
2019-12-08 10:17:37.052,402557336, 296.6394646384725, 2000379, 17.101823063060607, 109162, 0, 0.0, 1, 
2019-12-08 10:17:38.076,424577432, 296.6394646384725, 2001369, 17.101823063060607, 109216, 0, 0.0, 35, 
2019-12-08 10:17:39.101,446597528, 296.6394646384725, 2002381, 17.101823063060607, 109255, 0, 0.0, 83, 
2019-12-08 10:17:40.135,468617624, 296.6394646384725, 2003357, 17.101823063060607, 109308, 0, 0.0, 18, 
2019-12-08 10:17:41.161,489589144, 296.6394646384725, 2004263, 17.101823063060607, 109355, 0, 0.0, 1, 
2019-12-08 10:17:42.19,511609240, 347.77590162328676, 2004975, 19.428384833273117, 109405, 0, 0.0, 1, 
2019-12-08 10:17:43.216,528386456, 347.77590162328676, 2005686, 19.428384833273117, 109454, 0, 0.0, 1, 
2019-12-08 10:17:44.239,545163672, 347.77590162328676, 2006423, 19.428384833273117, 109494, 0, 0.0, 19, 
2019-12-08 10:17:45.265,564038040, 347.77590162328676, 2007212, 19.428384833273117, 109528, 0, 0.0, 8, 
2019-12-08 10:17:46.288,583960984, 347.77590162328676, 2008050, 19.428384833273117, 109581, 0, 0.0, 1, 
2019-12-08 10:17:47.312,601786776, 379.2483468250017, 2008861, 21.536942761098985, 109624, 0, 0.0, 2, 
2019-12-08 10:17:48.337,619612568, 379.2483468250017, 2009650, 21.536942761098985, 109664, 0, 0.0, 34, 
2019-12-08 10:17:49.361,638486936, 379.2483468250017, 2010546, 21.536942761098985, 109713, 0, 0.0, 1, 
2019-12-08 10:17:50.385,661555608, 379.2483468250017, 2011416, 21.536942761098985, 109760, 0, 0.0, 46, 
2019-12-08 10:17:51.413,681478552, 415.73621038948477, 2012320, 23.0931228957383, 109799, 0, 0.0, 1, 
2019-12-08 10:17:52.436,703498648, 415.73621038948477, 2013288, 23.0931228957383, 109857, 0, 0.0, 5, 
2019-12-08 10:17:53.46,724470168, 415.73621038948477, 2014286, 23.0931228957383, 109912, 0, 0.0, 1, 
2019-12-08 10:17:54.483,746490264, 415.73621038948477, 2015280, 23.0931228957383, 109951, 0, 0.0, 59, 
2019-12-08 10:17:55.508,768510360, 415.73621038948477, 2016289, 23.0931228957383, 109995, 0, 0.0, 1, 
2019-12-08 10:17:56.534,790530456, 460.75630528882505, 2017318, 25.08456683436505, 110042, 0, 0.0, 1, 
2019-12-08 10:17:57.564,176030968, 460.75630528882505, 2018325, 25.08456683436505, 110089, 0, 0.0, 1, 
2019-12-08 10:17:58.586,197002488, 460.75630528882505, 2019326, 25.08456683436505, 110136, 0, 0.0, 1, 
2019-12-08 10:17:59.61,220071160, 460.75630528882505, 2020334, 25.08456683436505, 110191, 0, 0.0, 7, 
2019-12-08 10:18:00.634,242091256, 460.75630528882505, 2021327, 25.08456683436505, 110243, 0, 0.0, 1, 
2019-12-08 10:18:01.657,265159928, 502.4966144885279, 2022394, 27.06070376081323, 110304, 0, 0.0, 1, 
2019-12-08 10:18:02.686,290325752, 502.4966144885279, 2023566, 27.06070376081323, 110363, 0, 0.0, 59, 
2019-12-08 10:18:03.71,315491576, 502.4966144885279, 2024534, 27.06070376081323, 110415, 0, 0.0, 73, 
2019-12-08 10:18:04.737,337511672, 502.4966144885279, 2025575, 27.06070376081323, 110479, 0, 0.0, 1, 
2019-12-08 10:18:05.77,360580344, 502.4966144885279, 2026616, 27.06070376081323, 110541, 0, 0.0, 11, 
2019-12-08 10:18:06.801,382600440, 544.7853942816304, 2027652, 29.454517717203508, 110598, 0, 0.0, 1, 
2019-12-08 10:18:07.825,406717688, 544.7853942816304, 2028733, 29.454517717203508, 110668, 0, 0.0, 1, 
2019-12-08 10:18:08.853,430834936, 544.7853942816304, 2029848, 29.454517717203508, 110733, 0, 0.0, 1, 
2019-12-08 10:18:09.882,454952184, 544.7853942816304, 2030919, 29.454517717203508, 110790, 0, 0.0, 1, 
2019-12-08 10:18:10.911,475923704, 544.7853942816304, 2031938, 29.454517717203508, 110844, 0, 0.0, 1, 
2019-12-08 10:18:11.941,489555192, 580.2708508778986, 2032499, 31.67292399451624, 110868, 0, 0.0, 20, 
2019-12-08 10:18:12.978,502138104, 580.2708508778986, 2032995, 31.67292399451624, 110903, 0, 0.0, 12, 
2019-12-08 10:18:14.013,514721016, 580.2708508778986, 2033480, 31.67292399451624, 110933, 0, 0.0, 1, 
2019-12-08 10:18:15.043,526255352, 580.2708508778986, 2033967, 31.67292399451624, 110957, 0, 0.0, 1, 
2019-12-08 10:18:16.078,539886840, 580.2708508778986, 2034437, 31.67292399451624, 110983, 0, 0.0, 10, 
2019-12-08 10:18:17.114,550372600, 572.1097162466732, 2034939, 31.21934203577134, 110999, 0, 0.0, 1, 
2019-12-08 10:18:18.144,564004088, 572.1097162466732, 2035431, 31.21934203577134, 111021, 0, 0.0, 10, 
2019-12-08 10:18:19.177,576587000, 572.1097162466732, 2035904, 31.21934203577134, 111051, 0, 0.0, 10, 
2019-12-08 10:18:20.208,590218488, 572.1097162466732, 2036402, 31.21934203577134, 111086, 0, 0.0, 1, 
2019-12-08 10:18:21.241,600704248, 572.1097162466732, 2036884, 31.21934203577134, 111118, 0, 0.0, 1, 
2019-12-08 10:18:22.27,613287160, 563.7535807072471, 2037352, 30.91396430757041, 111154, 0, 0.0, 1, 
2019-12-08 10:18:23.296,625870072, 563.7535807072471, 2037852, 30.91396430757041, 111184, 0, 0.0, 1, 
2019-12-08 10:18:24.327,637404408, 563.7535807072471, 2038360, 30.91396430757041, 111208, 0, 0.0, 5, 
2019-12-08 10:18:25.357,652084472, 563.7535807072471, 2038823, 30.91396430757041, 111233, 0, 0.0, 1, 
2019-12-08 10:18:26.386,663618808, 563.7535807072471, 2039319, 30.91396430757041, 111257, 0, 0.0, 1, 
2019-12-08 10:18:27.466,675153144, 556.6252539739074, 2039816, 30.537056531942145, 111284, 0, 0.0, 1, 
2019-12-08 10:18:28.494,687736056, 556.6252539739074, 2040304, 30.537056531942145, 111319, 0, 0.0, 24, 
2019-12-08 10:18:29.535,699270392, 556.6252539739074, 2040771, 30.537056531942145, 111341, 0, 0.0, 1, 
2019-12-08 10:18:30.562,712901880, 556.6252539739074, 2041248, 30.537056531942145, 111377, 0, 0.0, 1, 
2019-12-08 10:18:31.589,724436216, 548.8355607625367, 2041704, 30.494115862553564, 111414, 0, 0.0, 1, 
2019-12-08 10:18:32.619,737019128, 548.8355607625367, 2042224, 30.494115862553564, 111438, 0, 0.0, 8, 
2019-12-08 10:18:33.65,749602040, 548.8355607625367, 2042690, 30.494115862553564, 111462, 0, 0.0, 13, 
2019-12-08 10:18:34.678,761136376, 548.8355607625367, 2043152, 30.494115862553564, 111486, 0, 0.0, 1, 
2019-12-08 10:18:35.712,775816440, 548.8355607625367, 2043651, 30.494115862553564, 111514, 0, 0.0, 2, 
2019-12-08 10:18:36.739,787350776, 542.6921285244839, 2044156, 29.974875027298097, 111534, 0, 0.0, 1, 
2019-12-08 10:18:37.768,799933688, 542.6921285244839, 2044635, 29.974875027298097, 111559, 0, 0.0, 1, 
2019-12-08 10:18:38.801,811468024, 542.6921285244839, 2045125, 29.974875027298097, 111587, 0, 0.0, 1, 
2019-12-08 10:18:39.832,209763912, 542.6921285244839, 2045637, 29.974875027298097, 111608, 0, 0.0, 39, 
2019-12-08 10:18:40.862,223395400, 542.6921285244839, 2046091, 29.974875027298097, 111634, 0, 0.0, 24, 
2019-12-08 10:18:41.893,234929736, 537.1678269438028, 2046580, 29.49715039697384, 111659, 0, 0.0, 1, 
2019-12-08 10:18:42.922,246464072, 537.1678269438028, 2047038, 29.49715039697384, 111689, 0, 0.0, 2, 
2019-12-08 10:18:43.947,260095560, 537.1678269438028, 2047548, 29.49715039697384, 111710, 0, 0.0, 1, 
2019-12-08 10:18:44.976,271629896, 537.1678269438028, 2048039, 29.49715039697384, 111737, 0, 0.0, 23, 
2019-12-08 10:18:46.012,284212808, 537.1678269438028, 2048532, 29.49715039697384, 111768, 0, 0.0, 3, 
2019-12-08 10:18:47.052,295747144, 531.9732863102502, 2048992, 29.15356922155796, 111794, 0, 0.0, 47, 
2019-12-08 10:18:48.08,307281480, 531.9732863102502, 2049465, 29.15356922155796, 111832, 0, 0.0, 1, 
2019-12-08 10:18:49.115,320912968, 531.9732863102502, 2049984, 29.15356922155796, 111861, 0, 0.0, 1, 
2019-12-08 10:18:50.144,331398728, 531.9732863102502, 2050453, 29.15356922155796, 111885, 0, 0.0, 1, 
2019-12-08 10:18:51.17,341884488, 531.9732863102502, 2050944, 29.15356922155796, 111922, 0, 0.0, 1, 
2019-12-08 10:18:52.196,354467400, 527.1620959796369, 2051436, 29.28521055822059, 111958, 0, 0.0, 1, 
2019-12-08 10:18:53.223,363904584, 527.1620959796369, 2051923, 29.28521055822059, 111981, 0, 0.0, 1, 
2019-12-08 10:18:54.261,374390344, 527.1620959796369, 2052405, 29.28521055822059, 112025, 0, 0.0, 1, 
2019-12-08 10:18:55.286,385924680, 527.1620959796369, 2052886, 29.28521055822059, 112043, 0, 0.0, 1, 
2019-12-08 10:18:56.319,400604744, 527.1620959796369, 2053409, 29.28521055822059, 112059, 0, 0.0, 1, 
2019-12-08 10:18:57.359,411090504, 523.0234272955718, 2053884, 29.102495210342813, 112087, 0, 0.0, 5, 
2019-12-08 10:18:58.383,423673416, 523.0234272955718, 2054374, 29.102495210342813, 112117, 0, 0.0, 1, 
2019-12-08 10:18:59.419,433110600, 523.0234272955718, 2054850, 29.102495210342813, 112151, 0, 0.0, 1, 
2019-12-08 10:19:00.452,443596360, 523.0234272955718, 2055351, 29.102495210342813, 112170, 0, 0.0, 13, 
2019-12-08 10:19:01.482,456179272, 519.3116149912413, 2055863, 29.078309028728025, 112209, 0, 0.0, 1, 
2019-12-08 10:19:02.515,467713608, 519.3116149912413, 2056348, 29.078309028728025, 112236, 0, 0.0, 2, 
2019-12-08 10:19:03.541,477150792, 519.3116149912413, 2056806, 29.078309028728025, 112253, 0, 0.0, 1, 
2019-12-08 10:19:04.566,488685128, 519.3116149912413, 2057297, 29.078309028728025, 112296, 0, 0.0, 1, 
2019-12-08 10:19:05.6,497073736, 519.3116149912413, 2057765, 29.078309028728025, 112321, 0, 0.0, 6, 
2019-12-08 10:19:06.625,508608072, 515.001080256338, 2058257, 28.848172145458374, 112343, 0, 0.0, 3, 
2019-12-08 10:19:07.651,520142408, 515.001080256338, 2058732, 28.848172145458374, 112369, 0, 0.0, 1, 
2019-12-08 10:19:08.68,530628168, 515.001080256338, 2059207, 28.848172145458374, 112406, 0, 0.0, 1, 
2019-12-08 10:19:09.706,541113928, 515.001080256338, 2059693, 28.848172145458374, 112427, 0, 0.0, 1, 
2019-12-08 10:19:10.732,552648264, 515.001080256338, 2060198, 28.848172145458374, 112453, 0, 0.0, 11, 
2019-12-08 10:19:11.758,562085448, 511.2430813713883, 2060656, 28.63643599140593, 112475, 0, 0.0, 3, 
2019-12-08 10:19:12.785,573619784, 511.2430813713883, 2061152, 28.63643599140593, 112491, 0, 0.0, 1, 
2019-12-08 10:19:13.814,583056968, 511.2430813713883, 2061591, 28.63643599140593, 112518, 0, 0.0, 21, 
2019-12-08 10:19:14.841,594591304, 511.2430813713883, 2062059, 28.63643599140593, 112539, 0, 0.0, 14, 
2019-12-08 10:19:15.867,606125640, 511.2430813713883, 2062565, 28.63643599140593, 112561, 0, 0.0, 1, 
2019-12-08 10:19:16.894,616611400, 507.35379532610557, 2063040, 27.993878047419095, 112583, 0, 0.0, 1, 
2019-12-08 10:19:17.923,626048584, 507.35379532610557, 2063508, 27.993878047419095, 112612, 0, 0.0, 1, 
2019-12-08 10:19:18.956,635485768, 507.35379532610557, 2063957, 27.993878047419095, 112643, 0, 0.0, 1, 
2019-12-08 10:19:19.983,648068680, 507.35379532610557, 2064461, 27.993878047419095, 112663, 0, 0.0, 1, 
2019-12-08 10:19:21.012,658554440, 507.35379532610557, 2064952, 27.993878047419095, 112686, 0, 0.0, 2, 
2019-12-08 10:19:22.041,670088776, 504.23922181839725, 2065439, 27.78648300975755, 112720, 0, 0.0, 1, 
2019-12-08 10:19:23.067,681623112, 504.23922181839725, 2065941, 27.78648300975755, 112742, 0, 0.0, 1, 
2019-12-08 10:19:24.101,691060296, 504.23922181839725, 2066426, 27.78648300975755, 112764, 0, 0.0, 10, 
2019-12-08 10:19:25.128,703643208, 504.23922181839725, 2066910, 27.78648300975755, 112786, 0, 0.0, 14, 
2019-12-08 10:19:26.159,714128968, 504.23922181839725, 2067427, 27.78648300975755, 112815, 0, 0.0, 4, 
2019-12-08 10:19:27.184,724614728, 502.02931165871735, 2067914, 27.53170589543867, 112839, 0, 0.0, 1, 
2019-12-08 10:19:28.216,736149064, 502.02931165871735, 2068435, 27.53170589543867, 112867, 0, 0.0, 1, 
2019-12-08 10:19:29.246,746634824, 502.02931165871735, 2068931, 27.53170589543867, 112892, 0, 0.0, 1, 
2019-12-08 10:19:30.275,757120584, 502.02931165871735, 2069394, 27.53170589543867, 112911, 0, 0.0, 16, 
2019-12-08 10:19:31.3,769703496, 502.02931165871735, 2069875, 27.53170589543867, 112942, 0, 0.0, 9, 
2019-12-08 10:19:32.327,779140680, 500.0440695106936, 2070342, 27.297299634434207, 112971, 0, 0.0, 1, 
2019-12-08 10:19:33.355,791723592, 500.0440695106936, 2070860, 27.297299634434207, 112994, 0, 0.0, 1, 
2019-12-08 10:19:34.383,802209352, 500.0440695106936, 2071349, 27.297299634434207, 113026, 0, 0.0, 1, 
2019-12-08 10:19:35.41,811646536, 500.0440695106936, 2071820, 27.297299634434207, 113047, 0, 0.0, 45, 
2019-12-08 10:19:36.436,824229448, 497.9776918046056, 2072307, 27.20956439983599, 113076, 0, 0.0, 1, 
2019-12-08 10:19:37.465,837860936, 497.9776918046056, 2072813, 27.20956439983599, 113111, 0, 0.0, 1, 
2019-12-08 10:19:38.493,179148240, 497.9776918046056, 2073297, 27.20956439983599, 113128, 0, 0.0, 1, 
2019-12-08 10:19:39.518,190682576, 497.9776918046056, 2073759, 27.20956439983599, 113161, 0, 0.0, 1, 
2019-12-08 10:19:40.546,200119760, 497.9776918046056, 2074238, 27.20956439983599, 113186, 0, 0.0, 1, 
2019-12-08 10:19:41.577,211654096, 496.02855918638244, 2074749, 27.096861853129436, 113209, 0, 0.0, 1, 
2019-12-08 10:19:42.603,223188432, 496.02855918638244, 2075215, 27.096861853129436, 113233, 0, 0.0, 1, 
2019-12-08 10:19:43.631,233674192, 496.02855918638244, 2075680, 27.096861853129436, 113259, 0, 0.0, 26, 
2019-12-08 10:19:44.66,244159952, 496.02855918638244, 2076181, 27.096861853129436, 113282, 0, 0.0, 34, 
2019-12-08 10:19:45.687,253597136, 496.02855918638244, 2076603, 27.096861853129436, 113310, 0, 0.0, 69, 
2019-12-08 10:19:46.715,266180048, 492.6041766660526, 2077070, 26.89722380207276, 113330, 0, 0.0, 1, 
2019-12-08 10:19:47.746,275617232, 492.6041766660526, 2077534, 26.89722380207276, 113356, 0, 0.0, 1, 
2019-12-08 10:19:48.776,286102992, 492.6041766660526, 2078001, 26.89722380207276, 113376, 0, 0.0, 1, 
2019-12-08 10:19:49.814,296588752, 492.6041766660526, 2078492, 26.89722380207276, 113398, 0, 0.0, 10, 
2019-12-08 10:19:50.85,308123088, 492.6041766660526, 2078998, 26.89722380207276, 113414, 0, 0.0, 1, 
2019-12-08 10:19:51.89,318608848, 490.30112185959797, 2079481, 26.409716703842008, 113440, 0, 0.0, 1, 
2019-12-08 10:19:52.917,329094608, 490.30112185959797, 2079947, 26.409716703842008, 113468, 0, 0.0, 1, 
2019-12-08 10:19:53.943,341677520, 490.30112185959797, 2080441, 26.409716703842008, 113495, 0, 0.0, 9, 
2019-12-08 10:19:54.972,351114704, 490.30112185959797, 2080926, 26.409716703842008, 113523, 0, 0.0, 2, 
2019-12-08 10:19:56.001,361600464, 490.30112185959797, 2081409, 26.409716703842008, 113548, 0, 0.0, 1, 
2019-12-08 10:19:57.026,373134800, 489.0777117044857, 2081909, 26.26501974543123, 113573, 0, 0.0, 1, 
2019-12-08 10:19:58.054,384669136, 489.0777117044857, 2082390, 26.26501974543123, 113595, 0, 0.0, 1, 
2019-12-08 10:19:59.079,394106320, 489.0777117044857, 2082862, 26.26501974543123, 113625, 0, 0.0, 15, 
2019-12-08 10:20:00.112,406689232, 489.0777117044857, 2083365, 26.26501974543123, 113643, 0, 0.0, 1, 
2019-12-08 10:20:01.139,418223568, 489.0777117044857, 2083848, 26.26501974543123, 113674, 0, 0.0, 8, 
2019-12-08 10:20:02.163,427660752, 487.2964842244343, 2084317, 26.131892117031537, 113696, 0, 0.0, 14, 
2019-12-08 10:20:03.194,438146512, 487.2964842244343, 2084808, 26.131892117031537, 113719, 0, 0.0, 21, 
2019-12-08 10:20:04.226,448632272, 487.2964842244343, 2085271, 26.131892117031537, 113738, 0, 0.0, 21, 
2019-12-08 10:20:05.253,460166608, 487.2964842244343, 2085766, 26.131892117031537, 113756, 0, 0.0, 19, 
2019-12-08 10:20:06.278,470652368, 487.2964842244343, 2086225, 26.131892117031537, 113793, 0, 0.0, 6, 
2019-12-08 10:20:07.307,480089552, 485.52974689363583, 2086702, 25.945444317793015, 113822, 0, 0.0, 1, 
2019-12-08 10:20:08.338,492672464, 485.52974689363583, 2087176, 25.945444317793015, 113849, 0, 0.0, 1, 
2019-12-08 10:20:09.368,502109648, 485.52974689363583, 2087613, 25.945444317793015, 113878, 0, 0.0, 6, 
2019-12-08 10:20:10.395,512595408, 485.52974689363583, 2088086, 25.945444317793015, 113901, 0, 0.0, 1, 
2019-12-08 10:20:11.421,524129744, 482.8808385875728, 2088551, 25.933815232225033, 113926, 0, 0.0, 1, 
2019-12-08 10:20:12.447,549295568, 482.8808385875728, 2089030, 25.933815232225033, 113949, 0, 0.0, 1, 
2019-12-08 10:20:13.478,560829904, 482.8808385875728, 2089551, 25.933815232225033, 113973, 0, 0.0, 1, 
2019-12-08 10:20:14.508,571315664, 482.8808385875728, 2090026, 25.933815232225033, 114002, 0, 0.0, 12, 
2019-12-08 10:20:15.538,581801424, 482.8808385875728, 2090500, 25.933815232225033, 114026, 0, 0.0, 10, 
2019-12-08 10:20:16.564,593335760, 482.1867570567951, 2090993, 25.795187020407887, 114050, 0, 0.0, 5, 
2019-12-08 10:20:17.592,604870096, 482.1867570567951, 2091504, 25.795187020407887, 114075, 0, 0.0, 23, 
2019-12-08 10:20:18.618,614307280, 482.1867570567951, 2091973, 25.795187020407887, 114093, 0, 0.0, 33, 
2019-12-08 10:20:19.644,627938768, 482.1867570567951, 2092463, 25.795187020407887, 114120, 0, 0.0, 27, 
2019-12-08 10:20:20.683,638424528, 482.1867570567951, 2092961, 25.795187020407887, 114141, 0, 0.0, 6, 
2019-12-08 10:20:21.712,648910288, 481.67610015769867, 2093424, 25.507731737674114, 114168, 0, 0.0, 41, 
2019-12-08 10:20:22.738,659396048, 481.67610015769867, 2093944, 25.507731737674114, 114195, 0, 0.0, 11, 
2019-12-08 10:20:23.768,670930384, 481.67610015769867, 2094460, 25.507731737674114, 114217, 0, 0.0, 9, 
2019-12-08 10:20:24.803,680367568, 481.67610015769867, 2094922, 25.507731737674114, 114247, 0, 0.0, 1, 
2019-12-08 10:20:25.831,691901904, 481.67610015769867, 2095378, 25.507731737674114, 114277, 0, 0.0, 25, 
2019-12-08 10:20:26.857,702387664, 480.9024419054846, 2095884, 25.611055803044326, 114305, 0, 0.0, 1, 
2019-12-08 10:20:27.912,714970576, 480.9024419054846, 2096418, 25.611055803044326, 114330, 0, 0.0, 1, 
2019-12-08 10:20:28.937,725456336, 480.9024419054846, 2096898, 25.611055803044326, 114352, 0, 0.0, 1, 
2019-12-08 10:20:29.965,736990672, 480.9024419054846, 2097390, 25.611055803044326, 114384, 0, 0.0, 15, 
2019-12-08 10:20:30.991,746427856, 480.9024419054846, 2097830, 25.611055803044326, 114402, 0, 0.0, 27, 
2019-12-08 10:20:32.016,756913616, 480.20663306877725, 2098292, 25.450260659098824, 114420, 0, 0.0, 1, 
2019-12-08 10:20:33.043,767399376, 480.20663306877725, 2098771, 25.450260659098824, 114447, 0, 0.0, 1, 
2019-12-08 10:20:34.071,777885136, 480.20663306877725, 2099242, 25.450260659098824, 114472, 0, 0.0, 14, 
2019-12-08 10:20:35.099,787322320, 480.20663306877725, 2099688, 25.450260659098824, 114501, 0, 0.0, 20, 
2019-12-08 10:20:36.124,798856656, 480.20663306877725, 2100176, 25.450260659098824, 114529, 0, 0.0, 9, 
2019-12-08 10:20:37.155,810390992, 478.57500877631855, 2100657, 25.430250921605325, 114557, 0, 0.0, 1, 
2019-12-08 10:20:38.182,178540008, 478.57500877631855, 2101168, 25.430250921605325, 114585, 0, 0.0, 5, 
2019-12-08 10:20:39.208,189025768, 478.57500877631855, 2101660, 25.430250921605325, 114615, 0, 0.0, 1, 
2019-12-08 10:20:40.234,202657256, 478.57500877631855, 2102137, 25.430250921605325, 114643, 0, 0.0, 4, 
2019-12-08 10:20:41.26,214191592, 478.57500877631855, 2102629, 25.430250921605325, 114670, 0, 0.0, 1, 
2019-12-08 10:20:42.287,223628776, 478.6089891983855, 2103107, 25.603734479275857, 114693, 0, 0.0, 1, 
2019-12-08 10:20:43.313,235163112, 478.6089891983855, 2103593, 25.603734479275857, 114714, 0, 0.0, 1, 
2019-12-08 10:20:44.339,244600296, 478.6089891983855, 2104065, 25.603734479275857, 114736, 0, 0.0, 1, 
2019-12-08 10:20:45.367,255086056, 478.6089891983855, 2104542, 25.603734479275857, 114764, 0, 0.0, 1, 
2019-12-08 10:20:46.393,265571816, 478.6089891983855, 2105036, 25.603734479275857, 114796, 0, 0.0, 2, 
2019-12-08 10:20:47.421,277106152, 477.64880343731846, 2105482, 25.523480301428627, 114819, 0, 0.0, 5, 
2019-12-08 10:20:48.449,286543336, 477.64880343731846, 2105951, 25.523480301428627, 114840, 0, 0.0, 10, 
2019-12-08 10:20:49.478,297029096, 477.64880343731846, 2106437, 25.523480301428627, 114862, 0, 0.0, 68, 
2019-12-08 10:20:50.505,309612008, 477.64880343731846, 2106953, 25.523480301428627, 114879, 0, 0.0, 1, 
2019-12-08 10:20:51.531,320097768, 476.63746095424904, 2107422, 25.161802786015176, 114906, 0, 0.0, 35, 
2019-12-08 10:20:52.557,331632104, 476.63746095424904, 2107944, 25.161802786015176, 114926, 0, 0.0, 1, 
2019-12-08 10:20:53.583,341069288, 476.63746095424904, 2108405, 25.161802786015176, 114953, 0, 0.0, 10, 
2019-12-08 10:20:54.61,352603624, 476.63746095424904, 2108887, 25.161802786015176, 114978, 0, 0.0, 3, 
2019-12-08 10:20:55.638,363089384, 476.63746095424904, 2109363, 25.161802786015176, 114997, 0, 0.0, 1, 
2019-12-08 10:20:56.67,373575144, 476.2826611660925, 2109861, 24.92499011050683, 115016, 0, 0.0, 1, 
2019-12-08 10:20:57.709,383012328, 476.2826611660925, 2110340, 24.92499011050683, 115043, 0, 0.0, 1, 
2019-12-08 10:20:58.737,394546664, 476.2826611660925, 2110848, 24.92499011050683, 115073, 0, 0.0, 15, 
2019-12-08 10:20:59.763,407129576, 476.2826611660925, 2111345, 24.92499011050683, 115095, 0, 0.0, 6, 
2019-12-08 10:21:00.794,418663912, 476.2826611660925, 2111830, 24.92499011050683, 115122, 0, 0.0, 10, 
2019-12-08 10:21:01.821,431246824, 476.4679453490598, 2112316, 24.946978687203984, 115146, 0, 0.0, 12, 
2019-12-08 10:21:02.85,441732584, 476.4679453490598, 2112816, 24.946978687203984, 115171, 0, 0.0, 1, 
2019-12-08 10:21:03.876,454315496, 476.4679453490598, 2113336, 24.946978687203984, 115199, 0, 0.0, 4, 
2019-12-08 10:21:04.901,464801256, 476.4679453490598, 2113862, 24.946978687203984, 115227, 0, 0.0, 1, 
2019-12-08 10:21:05.928,475287016, 476.4679453490598, 2114319, 24.946978687203984, 115252, 0, 0.0, 9, 
2019-12-08 10:21:06.961,484724200, 477.0062107194231, 2114772, 24.903244686083305, 115273, 0, 0.0, 1, 
2019-12-08 10:21:07.992,496258536, 477.0062107194231, 2115292, 24.903244686083305, 115306, 0, 0.0, 1, 
2019-12-08 10:21:09.021,507792872, 477.0062107194231, 2115784, 24.903244686083305, 115328, 0, 0.0, 7, 
2019-12-08 10:21:10.045,518278632, 477.0062107194231, 2116263, 24.903244686083305, 115354, 0, 0.0, 1, 
2019-12-08 10:21:11.078,530861544, 477.0062107194231, 2116767, 24.903244686083305, 115382, 0, 0.0, 1, 
2019-12-08 10:21:12.105,540298728, 476.9737319035678, 2117240, 25.03890975043832, 115406, 0, 0.0, 3, 
2019-12-08 10:21:13.13,550784488, 476.9737319035678, 2117734, 25.03890975043832, 115430, 0, 0.0, 1, 
2019-12-08 10:21:14.162,562318824, 476.9737319035678, 2118241, 25.03890975043832, 115457, 0, 0.0, 1, 
2019-12-08 10:21:15.189,573853160, 476.9737319035678, 2118732, 25.03890975043832, 115487, 0, 0.0, 1, 
2019-12-08 10:21:16.217,583290344, 476.9737319035678, 2119187, 25.03890975043832, 115518, 0, 0.0, 1, 
2019-12-08 10:21:17.242,594824680, 476.5280809065188, 2119647, 25.083772049787804, 115541, 0, 0.0, 3, 
2019-12-08 10:21:18.269,606359016, 476.5280809065188, 2120123, 25.083772049787804, 115564, 0, 0.0, 12, 
2019-12-08 10:21:19.293,615796200, 476.5280809065188, 2120567, 25.083772049787804, 115594, 0, 0.0, 1, 
2019-12-08 10:21:20.32,626281960, 476.5280809065188, 2121019, 25.083772049787804, 115629, 0, 0.0, 1, 
2019-12-08 10:21:21.347,635719144, 476.5280809065188, 2121501, 25.083772049787804, 115656, 0, 0.0, 1, 
2019-12-08 10:21:22.413,650399208, 474.3430482005809, 2121997, 25.236985177250673, 115681, 0, 0.0, 1, 
2019-12-08 10:21:23.438,660884968, 474.3430482005809, 2122489, 25.236985177250673, 115711, 0, 0.0, 1, 
2019-12-08 10:21:24.465,670322152, 474.3430482005809, 2122942, 25.236985177250673, 115738, 0, 0.0, 1, 
2019-12-08 10:21:25.489,682905064, 474.3430482005809, 2123437, 25.236985177250673, 115761, 0, 0.0, 1, 
2019-12-08 10:21:26.515,693390824, 473.6919660150018, 2123907, 25.218036888679418, 115784, 0, 0.0, 10, 
2019-12-08 10:21:27.546,704925160, 473.6919660150018, 2124413, 25.218036888679418, 115811, 0, 0.0, 7, 
2019-12-08 10:21:28.571,715410920, 473.6919660150018, 2124871, 25.218036888679418, 115849, 0, 0.0, 1, 
2019-12-08 10:21:29.603,725896680, 473.6919660150018, 2125345, 25.218036888679418, 115878, 0, 0.0, 1, 
2019-12-08 10:21:30.634,737431016, 473.6919660150018, 2125833, 25.218036888679418, 115909, 0, 0.0, 1, 
2019-12-08 10:21:31.667,747916776, 473.4127638281778, 2126316, 25.440470377724683, 115927, 0, 0.0, 1, 
2019-12-08 10:21:32.709,758402536, 473.4127638281778, 2126778, 25.440470377724683, 115953, 0, 0.0, 27, 
2019-12-08 10:21:33.735,769936872, 473.4127638281778, 2127271, 25.440470377724683, 115976, 0, 0.0, 20, 
2019-12-08 10:21:34.761,781471208, 473.4127638281778, 2127743, 25.440470377724683, 116014, 0, 0.0, 1, 
2019-12-08 10:21:35.786,791956968, 473.4127638281778, 2128208, 25.440470377724683, 116035, 0, 0.0, 1, 
2019-12-08 10:21:36.822,802442728, 471.8925871667814, 2128668, 25.56516348157662, 116066, 0, 0.0, 1, 
2019-12-08 10:21:37.854,813977064, 471.8925871667814, 2129166, 25.56516348157662, 116087, 0, 0.0, 16, 
2019-12-08 10:21:38.898,182828392, 471.8925871667814, 2129641, 25.56516348157662, 116120, 0, 0.0, 9, 
2019-12-08 10:21:39.923,193314152, 471.8925871667814, 2130114, 25.56516348157662, 116141, 0, 0.0, 1, 
2019-12-08 10:21:40.953,203799912, 471.8925871667814, 2130579, 25.56516348157662, 116168, 0, 0.0, 7, 
2019-12-08 10:21:41.983,215334248, 471.4214419105137, 2131064, 25.551957738725303, 116202, 0, 0.0, 1, 
2019-12-08 10:21:43.011,226868584, 471.4214419105137, 2131545, 25.551957738725303, 116229, 0, 0.0, 20, 
2019-12-08 10:21:44.038,237354344, 471.4214419105137, 2132030, 25.551957738725303, 116251, 0, 0.0, 1, 
2019-12-08 10:21:45.064,249937256, 471.4214419105137, 2132534, 25.551957738725303, 116283, 0, 0.0, 5, 
2019-12-08 10:21:46.094,260423016, 471.4214419105137, 2133001, 25.551957738725303, 116308, 0, 0.0, 1, 
2019-12-08 10:21:47.12,270908776, 471.051931817302, 2133495, 25.58778121999632, 116328, 0, 0.0, 1, 
2019-12-08 10:21:48.144,281394536, 471.051931817302, 2133991, 25.58778121999632, 116352, 0, 0.0, 1, 
2019-12-08 10:21:49.172,290831720, 471.051931817302, 2134488, 25.58778121999632, 116374, 0, 0.0, 1, 
2019-12-08 10:21:50.204,303414632, 471.051931817302, 2134998, 25.58778121999632, 116397, 0, 0.0, 4, 
2019-12-08 10:21:51.273,313900392, 471.051931817302, 2135515, 25.58778121999632, 116416, 0, 0.0, 14, 
2019-12-08 10:21:52.301,325434728, 472.2631044760845, 2135988, 25.20497136992478, 116436, 0, 0.0, 25, 
2019-12-08 10:21:53.329,334871912, 472.2631044760845, 2136483, 25.20497136992478, 116462, 0, 0.0, 4, 
2019-12-08 10:21:54.356,346406248, 472.2631044760845, 2136968, 25.20497136992478, 116487, 0, 0.0, 1, 
2019-12-08 10:21:55.384,356892008, 472.2631044760845, 2137459, 25.20497136992478, 116516, 0, 0.0, 1, 
2019-12-08 10:21:56.41,367377768, 472.178103335389, 2137929, 25.284529466503027, 116548, 0, 0.0, 1, 
2019-12-08 10:21:57.436,377863528, 472.178103335389, 2138407, 25.284529466503027, 116569, 0, 0.0, 1, 
2019-12-08 10:21:58.463,388349288, 472.178103335389, 2138912, 25.284529466503027, 116595, 0, 0.0, 7, 
2019-12-08 10:21:59.489,399883624, 472.178103335389, 2139404, 25.284529466503027, 116620, 0, 0.0, 1, 
2019-12-08 10:22:00.518,411417960, 472.178103335389, 2139875, 25.284529466503027, 116656, 0, 0.0, 1, 
2019-12-08 10:22:01.546,420855144, 472.35575638384114, 2140355, 25.357726448898386, 116685, 0, 0.0, 1, 
2019-12-08 10:22:02.573,431340904, 472.35575638384114, 2140810, 25.357726448898386, 116718, 0, 0.0, 3, 
2019-12-08 10:22:03.606,444972392, 472.35575638384114, 2141297, 25.357726448898386, 116748, 0, 0.0, 1, 
2019-12-08 10:22:04.63,456506728, 472.35575638384114, 2141804, 25.357726448898386, 116773, 0, 0.0, 1, 
2019-12-08 10:22:05.658,468041064, 472.35575638384114, 2142309, 25.357726448898386, 116797, 0, 0.0, 1, 
2019-12-08 10:22:06.683,479575400, 472.51920507881135, 2142797, 25.56899097738617, 116834, 0, 0.0, 1, 
2019-12-08 10:22:07.709,489012584, 472.51920507881135, 2143291, 25.56899097738617, 116860, 0, 0.0, 11, 
2019-12-08 10:22:08.734,500546920, 472.51920507881135, 2143750, 25.56899097738617, 116896, 0, 0.0, 7, 
2019-12-08 10:22:09.758,512081256, 472.51920507881135, 2144222, 25.56899097738617, 116919, 0, 0.0, 1, 
2019-12-08 10:22:10.784,522567016, 472.51920507881135, 2144704, 25.56899097738617, 116939, 0, 0.0, 1, 
2019-12-08 10:22:11.809,532004200, 472.1578693913248, 2145194, 25.68340814145998, 116963, 0, 0.0, 1, 
2019-12-08 10:22:12.836,543538536, 472.1578693913248, 2145693, 25.68340814145998, 116997, 0, 0.0, 1, 
2019-12-08 10:22:13.86,555072872, 472.1578693913248, 2146173, 25.68340814145998, 117019, 0, 0.0, 12, 
2019-12-08 10:22:14.888,566607208, 472.1578693913248, 2146687, 25.68340814145998, 117037, 0, 0.0, 1, 
2019-12-08 10:22:15.914,574995816, 472.1578693913248, 2147159, 25.68340814145998, 117060, 0, 0.0, 1, 
2019-12-08 10:22:16.939,587578728, 472.6569625981017, 2147680, 25.53281914101765, 117086, 0, 0.0, 1, 
2019-12-08 10:22:17.964,598064488, 472.6569625981017, 2148150, 25.53281914101765, 117114, 0, 0.0, 5, 
2019-12-08 10:22:18.99,609598824, 472.6569625981017, 2148650, 25.53281914101765, 117135, 0, 0.0, 5, 
2019-12-08 10:22:20.014,620084584, 472.6569625981017, 2149104, 25.53281914101765, 117162, 0, 0.0, 1, 
2019-12-08 10:22:21.046,631618920, 472.6569625981017, 2149625, 25.53281914101765, 117197, 0, 0.0, 1, 
2019-12-08 10:22:22.071,642104680, 473.1001593983021, 2150124, 25.60215509421983, 117218, 0, 0.0, 1, 
2019-12-08 10:22:23.099,653639016, 473.1001593983021, 2150631, 25.60215509421983, 117242, 0, 0.0, 39, 
2019-12-08 10:22:24.124,667270504, 473.1001593983021, 2151134, 25.60215509421983, 117269, 0, 0.0, 8, 
2019-12-08 10:22:25.15,677756264, 473.1001593983021, 2151599, 25.60215509421983, 117287, 0, 0.0, 1, 
2019-12-08 10:22:26.176,686144872, 473.1001593983021, 2152056, 25.60215509421983, 117303, 0, 0.0, 1, 
2019-12-08 10:22:27.209,698727784, 473.0761599779063, 2152530, 25.234187089694842, 117325, 0, 0.0, 1, 
2019-12-08 10:22:28.232,710262120, 473.0761599779063, 2153045, 25.234187089694842, 117357, 0, 0.0, 1, 
2019-12-08 10:22:29.265,720747880, 473.0761599779063, 2153530, 25.234187089694842, 117384, 0, 0.0, 2, 
2019-12-08 10:22:30.289,732282216, 473.0761599779063, 2154030, 25.234187089694842, 117413, 0, 0.0, 8, 
2019-12-08 10:22:31.319,742767976, 473.0761599779063, 2154511, 25.234187089694842, 117444, 0, 0.0, 1, 
2019-12-08 10:22:32.349,753253736, 473.54980407451507, 2155006, 25.375373694593392, 117459, 0, 0.0, 1, 
2019-12-08 10:22:33.38,765836648, 473.54980407451507, 2155515, 25.375373694593392, 117486, 0, 0.0, 1, 
2019-12-08 10:22:34.406,776322408, 473.54980407451507, 2155988, 25.375373694593392, 117510, 0, 0.0, 1, 
2019-12-08 10:22:35.432,786808168, 473.54980407451507, 2156456, 25.375373694593392, 117536, 0, 0.0, 1, 
2019-12-08 10:22:36.467,797293928, 473.5378264020463, 2156944, 25.28139600281288, 117568, 0, 0.0, 1, 
2019-12-08 10:22:37.508,807779688, 473.5378264020463, 2157447, 25.28139600281288, 117590, 0, 0.0, 1, 
2019-12-08 10:22:38.541,173411760, 473.5378264020463, 2157893, 25.28139600281288, 117614, 0, 0.0, 12, 
2019-12-08 10:22:39.569,184946096, 473.5378264020463, 2158426, 25.28139600281288, 117645, 0, 0.0, 17, 
2019-12-08 10:22:40.593,195431856, 473.5378264020463, 2158920, 25.28139600281288, 117673, 0, 0.0, 19, 
2019-12-08 10:22:41.62,206966192, 473.7186998162808, 2159409, 25.194932352390467, 117691, 0, 0.0, 1, 
2019-12-08 10:22:42.644,216403376, 473.7186998162808, 2159913, 25.194932352390467, 117721, 0, 0.0, 1, 
2019-12-08 10:22:43.673,227937712, 473.7186998162808, 2160401, 25.194932352390467, 117749, 0, 0.0, 1, 
2019-12-08 10:22:44.701,239472048, 473.7186998162808, 2160901, 25.194932352390467, 117774, 0, 0.0, 1, 
2019-12-08 10:22:45.728,251006384, 473.7186998162808, 2161371, 25.194932352390467, 117802, 0, 0.0, 1, 
2019-12-08 10:22:46.753,261492144, 473.8371380395797, 2161823, 25.291284241566355, 117828, 0, 0.0, 9, 
2019-12-08 10:22:47.78,271977904, 473.8371380395797, 2162289, 25.291284241566355, 117860, 0, 0.0, 1, 
2019-12-08 10:22:48.806,282463664, 473.8371380395797, 2162802, 25.291284241566355, 117885, 0, 0.0, 14, 
2019-12-08 10:22:49.832,292949424, 473.8371380395797, 2163293, 25.291284241566355, 117904, 0, 0.0, 1, 
2019-12-08 10:22:50.864,305532336, 473.8371380395797, 2163764, 25.291284241566355, 117936, 0, 0.0, 1, 
2019-12-08 10:22:51.894,314969520, 473.33844401658746, 2164213, 25.34795002489334, 117959, 0, 0.0, 1, 
2019-12-08 10:22:52.919,325455280, 473.33844401658746, 2164695, 25.34795002489334, 117987, 0, 0.0, 19, 
2019-12-08 10:22:53.949,336989616, 473.33844401658746, 2165200, 25.34795002489334, 118009, 0, 0.0, 1, 
2019-12-08 10:22:54.977,347475376, 473.33844401658746, 2165678, 25.34795002489334, 118034, 0, 0.0, 1, 
2019-12-08 10:22:56.004,356912560, 473.33844401658746, 2166104, 25.34795002489334, 118059, 0, 0.0, 55, 
2019-12-08 10:22:57.032,369495472, 471.5203784148228, 2166582, 25.176209423306034, 118077, 0, 0.0, 1, 
2019-12-08 10:22:58.06,378932656, 471.5203784148228, 2167057, 25.176209423306034, 118101, 0, 0.0, 3, 
2019-12-08 10:22:59.086,390466992, 471.5203784148228, 2167534, 25.176209423306034, 118124, 0, 0.0, 3, 
2019-12-08 10:23:00.112,400952752, 471.5203784148228, 2168044, 25.176209423306034, 118148, 0, 0.0, 1, 
2019-12-08 10:23:01.138,411438512, 471.5203784148228, 2168509, 25.176209423306034, 118172, 0, 0.0, 1, 
2019-12-08 10:23:02.165,424021424, 471.83057582968235, 2169024, 25.05018267619882, 118204, 0, 0.0, 6, 
2019-12-08 10:23:03.19,434507184, 471.83057582968235, 2169522, 25.05018267619882, 118227, 0, 0.0, 1, 
2019-12-08 10:23:04.217,444992944, 471.83057582968235, 2170003, 25.05018267619882, 118247, 0, 0.0, 1, 
2019-12-08 10:23:05.243,455478704, 471.83057582968235, 2170455, 25.05018267619882, 118269, 0, 0.0, 20, 
2019-12-08 10:23:06.317,467013040, 471.83057582968235, 2170940, 25.05018267619882, 118294, 0, 0.0, 24, 
2019-12-08 10:23:07.386,478547376, 471.5402910139875, 2171407, 24.886259120206525, 118317, 0, 0.0, 23, 
2019-12-08 10:23:08.412,490081712, 471.5402910139875, 2171867, 24.886259120206525, 118334, 0, 0.0, 1, 
2019-12-08 10:23:09.447,499518896, 471.5402910139875, 2172374, 24.886259120206525, 118355, 0, 0.0, 4, 
2019-12-08 10:23:10.475,513150384, 471.5402910139875, 2172908, 24.886259120206525, 118384, 0, 0.0, 41, 
2019-12-08 10:23:11.505,523636144, 471.96083412484353, 2173416, 24.63949546564482, 118407, 0, 0.0, 15, 
2019-12-08 10:23:12.532,535170480, 471.96083412484353, 2173899, 24.63949546564482, 118434, 0, 0.0, 23, 
2019-12-08 10:23:13.558,546704816, 471.96083412484353, 2174414, 24.63949546564482, 118456, 0, 0.0, 29, 
2019-12-08 10:23:14.585,556142000, 471.96083412484353, 2174887, 24.63949546564482, 118481, 0, 0.0, 27, 
2019-12-08 10:23:15.612,566627760, 471.96083412484353, 2175353, 24.63949546564482, 118508, 0, 0.0, 21, 
2019-12-08 10:23:16.642,578162096, 471.9639656553182, 2175852, 24.668319816717972, 118536, 0, 0.0, 18, 
2019-12-08 10:23:17.681,589696432, 471.9639656553182, 2176343, 24.668319816717972, 118565, 0, 0.0, 9, 
2019-12-08 10:23:18.706,599133616, 471.9639656553182, 2176813, 24.668319816717972, 118589, 0, 0.0, 11, 
2019-12-08 10:23:19.733,609619376, 471.9639656553182, 2177301, 24.668319816717972, 118606, 0, 0.0, 1, 
2019-12-08 10:23:20.764,621153712, 471.9639656553182, 2177802, 24.668319816717972, 118623, 0, 0.0, 1, 
2019-12-08 10:23:21.79,632688048, 472.3826158463682, 2178306, 24.406999392593704, 118646, 0, 0.0, 2, 
2019-12-08 10:23:22.818,644222384, 472.3826158463682, 2178799, 24.406999392593704, 118674, 0, 0.0, 4, 
2019-12-08 10:23:23.842,654708144, 472.3826158463682, 2179279, 24.406999392593704, 118694, 0, 0.0, 1, 
2019-12-08 10:23:24.869,666242480, 472.3826158463682, 2179773, 24.406999392593704, 118725, 0, 0.0, 1, 
2019-12-08 10:23:25.895,677776816, 472.3826158463682, 2180271, 24.406999392593704, 118752, 0, 0.0, 1, 
2019-12-08 10:23:26.922,688262576, 472.89572155292035, 2180748, 24.42243086913577, 118774, 0, 0.0, 1, 
2019-12-08 10:23:27.947,698748336, 472.89572155292035, 2181214, 24.42243086913577, 118798, 0, 0.0, 1, 
2019-12-08 10:23:28.972,710282672, 472.89572155292035, 2181713, 24.42243086913577, 118825, 0, 0.0, 1, 
2019-12-08 10:23:30.0,723914160, 472.89572155292035, 2182182, 24.42243086913577, 118857, 0, 0.0, 1, 
2019-12-08 10:23:31.027,734399920, 472.89572155292035, 2182671, 24.42243086913577, 118886, 0, 0.0, 1, 
2019-12-08 10:23:32.051,745934256, 472.50428127034473, 2183155, 24.64451303490154, 118908, 0, 0.0, 1, 
2019-12-08 10:23:33.077,756420016, 472.50428127034473, 2183622, 24.64451303490154, 118935, 0, 0.0, 1, 
2019-12-08 10:23:34.102,766905776, 472.50428127034473, 2184099, 24.64451303490154, 118962, 0, 0.0, 1, 
2019-12-08 10:23:35.128,777391536, 472.50428127034473, 2184557, 24.64451303490154, 118989, 0, 0.0, 15, 
2019-12-08 10:23:36.154,787877296, 472.50428127034473, 2185022, 24.64451303490154, 119019, 0, 0.0, 1, 
2019-12-08 10:23:37.181,797314480, 471.72836978077265, 2185517, 24.67293620328763, 119045, 0, 0.0, 20, 
2019-12-08 10:23:38.205,808848816, 471.72836978077265, 2185999, 24.67293620328763, 119072, 0, 0.0, 1, 
2019-12-08 10:23:39.234,174764024, 471.72836978077265, 2186479, 24.67293620328763, 119090, 0, 0.0, 1, 
2019-12-08 10:23:40.262,186298360, 471.72836978077265, 2186961, 24.67293620328763, 119117, 0, 0.0, 1, 
2019-12-08 10:23:41.289,196784120, 471.72836978077265, 2187434, 24.67293620328763, 119139, 0, 0.0, 34, 
2019-12-08 10:23:42.317,208318456, 471.3503102071019, 2187915, 24.603140078162514, 119155, 0, 0.0, 1, 
2019-12-08 10:23:43.342,219852792, 471.3503102071019, 2188388, 24.603140078162514, 119189, 0, 0.0, 7, 
2019-12-08 10:23:44.369,229289976, 471.3503102071019, 2188859, 24.603140078162514, 119226, 0, 0.0, 1, 
2019-12-08 10:23:45.394,240824312, 471.3503102071019, 2189384, 24.603140078162514, 119256, 0, 0.0, 7, 
2019-12-08 10:23:46.421,251310072, 471.1304075445422, 2189846, 24.906720235783492, 119286, 0, 0.0, 1, 
2019-12-08 10:23:47.447,263892984, 471.1304075445422, 2190359, 24.906720235783492, 119319, 0, 0.0, 1, 
2019-12-08 10:23:48.472,274378744, 471.1304075445422, 2190807, 24.906720235783492, 119353, 0, 0.0, 1, 
2019-12-08 10:23:49.498,284864504, 471.1304075445422, 2191327, 24.906720235783492, 119371, 0, 0.0, 1, 
2019-12-08 10:23:50.524,296398840, 471.1304075445422, 2191849, 24.906720235783492, 119394, 0, 0.0, 1, 
2019-12-08 10:23:51.549,307933176, 471.9515188208366, 2192315, 25.074089644676015, 119424, 0, 0.0, 1, 
2019-12-08 10:23:52.576,318418936, 471.9515188208366, 2192788, 25.074089644676015, 119445, 0, 0.0, 1, 
2019-12-08 10:23:53.601,331001848, 471.9515188208366, 2193295, 25.074089644676015, 119470, 0, 0.0, 4, 
2019-12-08 10:23:54.63,341487608, 471.9515188208366, 2193782, 25.074089644676015, 119499, 0, 0.0, 14, 
2019-12-08 10:23:55.657,353021944, 471.9515188208366, 2194251, 25.074089644676015, 119529, 0, 0.0, 12, 
2019-12-08 10:23:56.685,362459128, 471.89143069359955, 2194736, 25.19609470035912, 119556, 0, 0.0, 8, 
2019-12-08 10:23:57.71,373993464, 471.89143069359955, 2195231, 25.19609470035912, 119584, 0, 0.0, 12, 
2019-12-08 10:23:58.743,384479224, 471.89143069359955, 2195700, 25.19609470035912, 119597, 0, 0.0, 1, 
2019-12-08 10:23:59.767,394964984, 471.89143069359955, 2196172, 25.19609470035912, 119620, 0, 0.0, 11, 
2019-12-08 10:24:00.8,407547896, 471.89143069359955, 2196671, 25.19609470035912, 119650, 0, 0.0, 1, 
2019-12-08 10:24:01.827,418033656, 471.90011141604606, 2197156, 24.97253131184006, 119673, 0, 0.0, 1, 
2019-12-08 10:24:02.854,428519416, 471.90011141604606, 2197658, 24.97253131184006, 119697, 0, 0.0, 4, 
2019-12-08 10:24:03.884,439005176, 471.90011141604606, 2198149, 24.97253131184006, 119719, 0, 0.0, 1, 
2019-12-08 10:24:04.947,450539512, 471.90011141604606, 2198644, 24.97253131184006, 119741, 0, 0.0, 2, 
2019-12-08 10:24:05.973,462073848, 471.90011141604606, 2199146, 24.97253131184006, 119758, 0, 0.0, 1, 
2019-12-08 10:24:06.999,472559608, 472.22792040773066, 2199638, 24.526976308805462, 119771, 0, 0.0, 1, 
2019-12-08 10:24:08.026,484093944, 472.22792040773066, 2200115, 24.526976308805462, 119792, 0, 0.0, 1, 
2019-12-08 10:24:09.052,494579704, 472.22792040773066, 2200618, 24.526976308805462, 119811, 0, 0.0, 1, 
2019-12-08 10:24:10.079,505065464, 472.22792040773066, 2201070, 24.526976308805462, 119844, 0, 0.0, 1, 
2019-12-08 10:24:11.106,517648376, 472.22792040773066, 2201568, 24.526976308805462, 119867, 0, 0.0, 1, 
2019-12-08 10:24:12.138,531279864, 472.38559918592813, 2202064, 24.35691267296536, 119888, 0, 0.0, 1, 
2019-12-08 10:24:13.165,540717048, 472.38559918592813, 2202548, 24.35691267296536, 119914, 0, 0.0, 1, 
2019-12-08 10:24:14.236,553299960, 472.38559918592813, 2203067, 24.35691267296536, 119950, 0, 0.0, 1, 
2019-12-08 10:24:15.263,563785720, 472.38559918592813, 2203540, 24.35691267296536, 119977, 0, 0.0, 5, 
2019-12-08 10:24:16.319,574271480, 472.38559918592813, 2204027, 24.35691267296536, 120000, 0, 0.0, 3, 
2019-12-08 10:24:17.348,585805816, 472.38675061144704, 2204523, 24.456304447865286, 120028, 0, 0.0, 9, 
2019-12-08 10:24:18.375,596291576, 472.38675061144704, 2204990, 24.456304447865286, 120064, 0, 0.0, 1, 
2019-12-08 10:24:19.401,606777336, 472.38675061144704, 2205474, 24.456304447865286, 120081, 0, 0.0, 1, 
2019-12-08 10:24:20.427,618311672, 472.38675061144704, 2205971, 24.456304447865286, 120107, 0, 0.0, 18, 
2019-12-08 10:24:21.453,629846008, 472.5956944960284, 2206476, 24.643695997666864, 120137, 0, 0.0, 1, 
2019-12-08 10:24:22.479,641380344, 472.5956944960284, 2206956, 24.643695997666864, 120165, 0, 0.0, 16, 
2019-12-08 10:24:23.506,650817528, 472.5956944960284, 2207426, 24.643695997666864, 120201, 0, 0.0, 5, 
2019-12-08 10:24:24.531,662351864, 472.5956944960284, 2207931, 24.643695997666864, 120238, 0, 0.0, 1, 
2019-12-08 10:24:25.561,673886200, 472.5956944960284, 2208437, 24.643695997666864, 120267, 0, 0.0, 1, 
2019-12-08 10:24:26.587,684371960, 473.02779890612044, 2208936, 25.07196241959671, 120289, 0, 0.0, 1, 
2019-12-08 10:24:27.613,695906296, 473.02779890612044, 2209412, 25.07196241959671, 120310, 0, 0.0, 1, 
2019-12-08 10:24:28.637,706392056, 473.02779890612044, 2209901, 25.07196241959671, 120332, 0, 0.0, 1, 
2019-12-08 10:24:29.661,716877816, 473.02779890612044, 2210404, 25.07196241959671, 120363, 0, 0.0, 1, 
2019-12-08 10:24:30.687,728412152, 473.02779890612044, 2210901, 25.07196241959671, 120390, 0, 0.0, 10, 
2019-12-08 10:24:31.713,740995064, 473.21746963319856, 2211356, 25.050217505139027, 120414, 0, 0.0, 17, 
2019-12-08 10:24:32.738,750432248, 473.21746963319856, 2211814, 25.050217505139027, 120435, 0, 0.0, 18, 
2019-12-08 10:24:33.763,761966584, 473.21746963319856, 2212291, 25.050217505139027, 120459, 0, 0.0, 15, 
2019-12-08 10:24:34.791,772452344, 473.21746963319856, 2212765, 25.050217505139027, 120482, 0, 0.0, 16, 
2019-12-08 10:24:35.817,783986680, 473.21746963319856, 2213258, 25.050217505139027, 120507, 0, 0.0, 31, 
2019-12-08 10:24:36.843,794472440, 472.52845480426214, 2213752, 24.95025563267497, 120540, 0, 0.0, 1, 
2019-12-08 10:24:37.869,806006776, 472.52845480426214, 2214219, 24.95025563267497, 120564, 0, 0.0, 3, 
2019-12-08 10:24:38.895,174652920, 472.52845480426214, 2214729, 24.95025563267497, 120587, 0, 0.0, 1, 
2019-12-08 10:24:39.92,185138680, 472.52845480426214, 2215227, 24.95025563267497, 120610, 0, 0.0, 1, 
2019-12-08 10:24:40.947,196673016, 472.52845480426214, 2215726, 24.95025563267497, 120629, 0, 0.0, 1, 
2019-12-08 10:24:41.974,207158776, 473.2377843935298, 2216228, 24.730357333645443, 120652, 0, 0.0, 1, 
2019-12-08 10:24:43.0,218693112, 473.2377843935298, 2216719, 24.730357333645443, 120679, 0, 0.0, 29, 
2019-12-08 10:24:44.026,229178872, 473.2377843935298, 2217189, 24.730357333645443, 120704, 0, 0.0, 31, 
2019-12-08 10:24:45.064,240713208, 473.2377843935298, 2217689, 24.730357333645443, 120728, 0, 0.0, 54, 
2019-12-08 10:24:46.09,252247544, 473.2377843935298, 2218198, 24.730357333645443, 120734, 0, 0.0, 1, 
2019-12-08 10:24:47.119,262733304, 473.7144968324513, 2218674, 24.368129961095484, 120767, 0, 0.0, 1, 
2019-12-08 10:24:48.147,272170488, 473.7144968324513, 2219126, 24.368129961095484, 120795, 0, 0.0, 1, 
2019-12-08 10:24:49.182,283704824, 473.7144968324513, 2219653, 24.368129961095484, 120817, 0, 0.0, 1, 
2019-12-08 10:24:50.21,294190584, 473.7144968324513, 2220141, 24.368129961095484, 120840, 0, 0.0, 1, 
2019-12-08 10:24:51.236,306773496, 473.7144968324513, 2220636, 24.368129961095484, 120866, 0, 0.0, 1, 
2019-12-08 10:24:52.263,316210680, 473.7213332882637, 2221098, 24.5145982023791, 120885, 0, 0.0, 1, 
2019-12-08 10:24:53.288,327745016, 473.7213332882637, 2221609, 24.5145982023791, 120905, 0, 0.0, 1, 
2019-12-08 10:24:54.316,339279352, 473.7213332882637, 2222118, 24.5145982023791, 120925, 0, 0.0, 1, 
2019-12-08 10:24:55.341,351862264, 473.7213332882637, 2222621, 24.5145982023791, 120947, 0, 0.0, 13, 
2019-12-08 10:24:56.368,362348024, 473.7213332882637, 2223108, 24.5145982023791, 120970, 0, 0.0, 1, 
2019-12-08 10:24:57.392,372833784, 474.47920563373407, 2223588, 24.153630860394475, 120996, 0, 0.0, 2, 
2019-12-08 10:24:58.419,383319544, 474.47920563373407, 2224075, 24.153630860394475, 121029, 0, 0.0, 1, 
2019-12-08 10:24:59.445,393805304, 474.47920563373407, 2224564, 24.153630860394475, 121066, 0, 0.0, 1, 
2019-12-08 10:25:00.475,405339640, 474.47920563373407, 2225026, 24.153630860394475, 121089, 0, 0.0, 1, 
2019-12-08 10:25:01.5,414776824, 473.5613790276985, 2225485, 24.541125141874016, 121117, 0, 0.0, 1, 
2019-12-08 10:25:02.529,425262584, 473.5613790276985, 2225933, 24.541125141874016, 121137, 0, 0.0, 1, 
2019-12-08 10:25:03.555,436796920, 473.5613790276985, 2226419, 24.541125141874016, 121165, 0, 0.0, 8, 
2019-12-08 10:25:04.59,447282680, 473.5613790276985, 2226897, 24.541125141874016, 121189, 0, 0.0, 4, 
2019-12-08 10:25:05.622,457768440, 473.5613790276985, 2227367, 24.541125141874016, 121209, 0, 0.0, 1, 
2019-12-08 10:25:06.646,469302776, 472.2691865071415, 2227849, 24.401912461951877, 121234, 0, 0.0, 20, 
2019-12-08 10:25:07.672,479788536, 472.2691865071415, 2228354, 24.401912461951877, 121265, 0, 0.0, 3, 
2019-12-08 10:25:08.699,490274296, 472.2691865071415, 2228826, 24.401912461951877, 121293, 0, 0.0, 1, 
2019-12-08 10:25:09.726,502857208, 472.2691865071415, 2229327, 24.401912461951877, 121318, 0, 0.0, 1, 
2019-12-08 10:25:10.754,512294392, 472.2691865071415, 2229791, 24.401912461951877, 121341, 0, 0.0, 4, 
2019-12-08 10:25:11.781,523828728, 472.4555480643529, 2230311, 24.44973290115942, 121361, 0, 0.0, 1, 
2019-12-08 10:25:12.808,547945976, 472.4555480643529, 2230770, 24.44973290115942, 121389, 0, 0.0, 10, 
2019-12-08 10:25:13.835,558431736, 472.4555480643529, 2231225, 24.44973290115942, 121420, 0, 0.0, 19, 
2019-12-08 10:25:14.861,571014648, 472.4555480643529, 2231727, 24.44973290115942, 121447, 0, 0.0, 14, 
2019-12-08 10:25:15.887,582548984, 472.4555480643529, 2232239, 24.44973290115942, 121472, 0, 0.0, 1, 
2019-12-08 10:25:16.923,594083320, 472.7389467936858, 2232735, 24.557694297453985, 121494, 0, 0.0, 1, 
2019-12-08 10:25:17.952,604569080, 472.7389467936858, 2233222, 24.557694297453985, 121521, 0, 0.0, 1, 
2019-12-08 10:25:18.978,614006264, 472.7389467936858, 2233712, 24.557694297453985, 121540, 0, 0.0, 1, 
2019-12-08 10:25:20.001,625540600, 472.7389467936858, 2234200, 24.557694297453985, 121567, 0, 0.0, 7, 
2019-12-08 10:25:21.026,637074936, 472.7389467936858, 2234685, 24.557694297453985, 121595, 0, 0.0, 1, 
2019-12-08 10:25:22.053,648609272, 472.8077928068319, 2235153, 24.545085757591433, 121621, 0, 0.0, 6, 
2019-12-08 10:25:23.08,659095032, 472.8077928068319, 2235689, 24.545085757591433, 121647, 0, 0.0, 59, 
2019-12-08 10:25:24.104,671677944, 472.8077928068319, 2236211, 24.545085757591433, 121670, 0, 0.0, 37, 
2019-12-08 10:25:25.131,681115128, 472.8077928068319, 2236646, 24.545085757591433, 121683, 0, 0.0, 1, 
2019-12-08 10:25:26.16,682163704, 472.8077928068319, 2236646, 24.545085757591433, 121683, 0, 0.0, 7, 
2019-12-08 10:25:27.189,683212280, 463.6922329961428, 2236646, 23.81388507257817, 121683, 0, 0.0, 10, 
2019-12-08 10:25:28.218,683212280, 463.6922329961428, 2236646, 23.81388507257817, 121683, 0, 0.0, 12, 
