Timestamp, MemoryUsed, ReadLatency1, ReadCount, WriteLatency1, WriteCount, PendingTasks, WaitingOnCommit1, SRDelay, 
2019-12-08 10:17:06.686,259356096, 2.238756390378948, 1955924, 2.6136719529027617, 107080, 0, 0.0, 23266893, 
2019-12-08 10:17:07.762,267427504, 2.238756390378948, 1956256, 2.6136719529027617, 107103, 0, 0.0, 11633450, 
2019-12-08 10:17:08.801,278454656, 2.238756390378948, 1956851, 2.6136719529027617, 107135, 0, 0.0, 5816681, 
2019-12-08 10:17:09.841,289056512, 2.238756390378948, 1957491, 2.6136719529027617, 107166, 0, 0.0, 2908320, 
2019-12-08 10:17:10.883,300120904, 2.238756390378948, 1958157, 2.6136719529027617, 107199, 0, 0.0, 1454132, 
2019-12-08 10:17:11.918,311109280, 40.59834746135002, 1958869, 4.467548384504961, 107236, 0, 0.0, 727040, 
2019-12-08 10:17:12.959,322002840, 40.59834746135002, 1959550, 4.467548384504961, 107276, 0, 0.0, 363514, 
2019-12-08 10:17:14.007,334283288, 40.59834746135002, 1960303, 4.467548384504961, 107315, 0, 0.0, 181813, 
2019-12-08 10:17:15.037,345444872, 40.59834746135002, 1961046, 4.467548384504961, 107355, 0, 0.0, 90912, 
2019-12-08 10:17:16.078,358114472, 94.32863296013987, 1961841, 7.2605930018547085, 107403, 0, 0.0, 45347, 
2019-12-08 10:17:17.128,369854800, 94.32863296013987, 1962646, 7.2605930018547085, 107447, 0, 0.0, 22656, 
2019-12-08 10:17:18.178,382693040, 94.32863296013987, 1963459, 7.2605930018547085, 107492, 0, 0.0, 11313, 
2019-12-08 10:17:19.207,113499568, 94.32863296013987, 1964215, 7.2605930018547085, 107535, 0, 0.0, 5688, 
2019-12-08 10:17:20.242,127546472, 94.32863296013987, 1965118, 7.2605930018547085, 107579, 0, 0.0, 2788, 
2019-12-08 10:17:21.274,140110968, 150.35122226428416, 1965972, 10.118158209192275, 107627, 0, 0.0, 1401, 
2019-12-08 10:17:22.314,153632488, 150.35122226428416, 1966740, 10.118158209192275, 107674, 0, 0.0, 580, 
2019-12-08 10:17:23.352,166612704, 150.35122226428416, 1967588, 10.118158209192275, 107711, 0, 0.0, 141, 
2019-12-08 10:17:24.383,179934960, 150.35122226428416, 1968499, 10.118158209192275, 107764, 0, 0.0, 56, 
2019-12-08 10:17:25.414,192869056, 150.35122226428416, 1969339, 10.118158209192275, 107807, 0, 0.0, 51, 
2019-12-08 10:17:26.449,206151648, 202.5341373296, 1970155, 12.715262883494017, 107851, 0, 0.0, 2, 
2019-12-08 10:17:27.48,219093360, 202.5341373296, 1971044, 12.715262883494017, 107900, 0, 0.0, 1, 
2019-12-08 10:17:28.508,231650376, 202.5341373296, 1971869, 12.715262883494017, 107938, 0, 0.0, 1, 
2019-12-08 10:17:29.535,244210648, 202.5341373296, 1972671, 12.715262883494017, 107973, 0, 0.0, 1, 
2019-12-08 10:17:30.905,258556488, 202.5341373296, 1973496, 12.715262883494017, 108018, 0, 0.0, 508, 
2019-12-08 10:17:31.93,269130592, 246.5949309572088, 1974097, 14.752909957662064, 108054, 0, 0.0, 751, 
2019-12-08 10:17:32.955,279314168, 246.5949309572088, 1974762, 14.752909957662064, 108096, 0, 0.0, 379, 
2019-12-08 10:17:33.979,292122344, 246.5949309572088, 1975517, 14.752909957662064, 108134, 0, 0.0, 138, 
2019-12-08 10:17:35.009,306856704, 246.5949309572088, 1976423, 14.752909957662064, 108185, 0, 0.0, 1, 
2019-12-08 10:17:36.038,321565552, 288.2362051165408, 1977432, 17.01142257701541, 108235, 0, 0.0, 1, 
2019-12-08 10:17:37.063,336748432, 288.2362051165408, 1978454, 17.01142257701541, 108284, 0, 0.0, 1, 
2019-12-08 10:17:38.089,350234888, 288.2362051165408, 1979404, 17.01142257701541, 108339, 0, 0.0, 35, 
2019-12-08 10:17:39.113,364113008, 288.2362051165408, 1980284, 17.01142257701541, 108381, 0, 0.0, 83, 
2019-12-08 10:17:40.147,377604072, 288.2362051165408, 1981251, 17.01142257701541, 108438, 0, 0.0, 18, 
2019-12-08 10:17:41.174,391184536, 339.16501819637546, 1982083, 19.537105775897086, 108480, 0, 0.0, 1, 
2019-12-08 10:17:42.201,120269480, 339.16501819637546, 1982818, 19.537105775897086, 108516, 0, 0.0, 1, 
2019-12-08 10:17:43.226,133200040, 339.16501819637546, 1983557, 19.537105775897086, 108552, 0, 0.0, 1, 
2019-12-08 10:17:44.25,145412296, 339.16501819637546, 1984307, 19.537105775897086, 108593, 0, 0.0, 19, 
2019-12-08 10:17:45.276,156448344, 339.16501819637546, 1985084, 19.537105775897086, 108636, 0, 0.0, 8, 
2019-12-08 10:17:46.299,170881352, 370.57436912056335, 1985906, 20.917370588777306, 108666, 0, 0.0, 1, 
2019-12-08 10:17:47.323,182032592, 370.57436912056335, 1986742, 20.917370588777306, 108716, 0, 0.0, 2, 
2019-12-08 10:17:48.348,194110808, 370.57436912056335, 1987536, 20.917370588777306, 108760, 0, 0.0, 34, 
2019-12-08 10:17:49.372,206305488, 370.57436912056335, 1988378, 20.917370588777306, 108806, 0, 0.0, 1, 
2019-12-08 10:17:50.4,218804688, 370.57436912056335, 1989252, 20.917370588777306, 108843, 0, 0.0, 46, 
2019-12-08 10:17:51.424,231721168, 406.6523785717816, 1990151, 22.459124510837444, 108884, 0, 0.0, 1, 
2019-12-08 10:17:52.448,244409992, 406.6523785717816, 1991016, 22.459124510837444, 108927, 0, 0.0, 5, 
2019-12-08 10:17:53.471,258556808, 406.6523785717816, 1991999, 22.459124510837444, 108969, 0, 0.0, 1, 
2019-12-08 10:17:54.495,271572536, 406.6523785717816, 1992942, 22.459124510837444, 109019, 0, 0.0, 59, 
2019-12-08 10:17:55.519,285465992, 406.6523785717816, 1993938, 22.459124510837444, 109075, 0, 0.0, 1, 
2019-12-08 10:17:56.549,299027856, 447.3455835660884, 1994888, 24.34134899071165, 109119, 0, 0.0, 1, 
2019-12-08 10:17:57.575,313049072, 447.3455835660884, 1995840, 24.34134899071165, 109172, 0, 0.0, 1, 
2019-12-08 10:17:58.597,328734368, 447.3455835660884, 1996832, 24.34134899071165, 109226, 0, 0.0, 1, 
2019-12-08 10:17:59.621,342793840, 447.3455835660884, 1997821, 24.34134899071165, 109286, 0, 0.0, 7, 
2019-12-08 10:18:00.646,357982440, 447.3455835660884, 1998849, 24.34134899071165, 109338, 0, 0.0, 1, 
2019-12-08 10:18:01.668,373139472, 488.5910253981106, 1999931, 26.568803739796696, 109389, 0, 0.0, 1, 
2019-12-08 10:18:02.698,389021088, 488.5910253981106, 2001002, 26.568803739796696, 109449, 0, 0.0, 59, 
2019-12-08 10:18:03.724,121137872, 488.5910253981106, 2002004, 26.568803739796696, 109496, 0, 0.0, 73, 
2019-12-08 10:18:04.751,135718664, 488.5910253981106, 2003095, 26.568803739796696, 109539, 0, 0.0, 1, 
2019-12-08 10:18:05.785,150528344, 488.5910253981106, 2004120, 26.568803739796696, 109595, 0, 0.0, 11, 
2019-12-08 10:18:06.814,165933008, 532.1835281117511, 2005213, 28.442258752716462, 109641, 0, 0.0, 1, 
2019-12-08 10:18:07.84,181901064, 532.1835281117511, 2006349, 28.442258752716462, 109710, 0, 0.0, 1, 
2019-12-08 10:18:08.87,198830664, 532.1835281117511, 2007427, 28.442258752716462, 109763, 0, 0.0, 1, 
2019-12-08 10:18:09.894,212893040, 532.1835281117511, 2008481, 28.442258752716462, 109804, 0, 0.0, 1, 
2019-12-08 10:18:10.926,226841488, 532.1835281117511, 2009476, 28.442258752716462, 109852, 0, 0.0, 1, 
2019-12-08 10:18:11.954,235342248, 572.3705223385203, 2009968, 30.1659205734126, 109881, 0, 0.0, 20, 
2019-12-08 10:18:12.991,243613600, 572.3705223385203, 2010436, 30.1659205734126, 109909, 0, 0.0, 12, 
2019-12-08 10:18:14.028,251239992, 572.3705223385203, 2010938, 30.1659205734126, 109930, 0, 0.0, 1, 
2019-12-08 10:18:15.059,259888776, 572.3705223385203, 2011424, 30.1659205734126, 109955, 0, 0.0, 1, 
2019-12-08 10:18:16.09,268596384, 564.6171874612437, 2011915, 29.80084972120938, 109981, 0, 0.0, 10, 
2019-12-08 10:18:17.129,277073240, 564.6171874612437, 2012377, 29.80084972120938, 110007, 0, 0.0, 1, 
2019-12-08 10:18:18.162,284623920, 564.6171874612437, 2012851, 29.80084972120938, 110030, 0, 0.0, 10, 
2019-12-08 10:18:19.19,292693672, 564.6171874612437, 2013340, 29.80084972120938, 110058, 0, 0.0, 10, 
2019-12-08 10:18:20.225,301220248, 564.6171874612437, 2013828, 29.80084972120938, 110091, 0, 0.0, 1, 
2019-12-08 10:18:21.255,309970496, 556.5562902223546, 2014302, 29.416994971473436, 110114, 0, 0.0, 1, 
2019-12-08 10:18:22.283,317701168, 556.5562902223546, 2014791, 29.416994971473436, 110148, 0, 0.0, 1, 
2019-12-08 10:18:23.309,326843976, 556.5562902223546, 2015279, 29.416994971473436, 110178, 0, 0.0, 1, 
2019-12-08 10:18:24.341,334718424, 556.5562902223546, 2015752, 29.416994971473436, 110203, 0, 0.0, 5, 
2019-12-08 10:18:25.371,343985344, 556.5562902223546, 2016264, 29.416994971473436, 110230, 0, 0.0, 1, 
2019-12-08 10:18:26.4,352888016, 550.1633382335585, 2016769, 29.351671660284378, 110255, 0, 0.0, 1, 
2019-12-08 10:18:27.48,362467008, 550.1633382335585, 2017275, 29.351671660284378, 110284, 0, 0.0, 1, 
2019-12-08 10:18:28.514,370595824, 550.1633382335585, 2017739, 29.351671660284378, 110311, 0, 0.0, 24, 
2019-12-08 10:18:29.548,378443496, 550.1633382335585, 2018219, 29.351671660284378, 110341, 0, 0.0, 1, 
2019-12-08 10:18:30.576,385721072, 550.1633382335585, 2018698, 29.351671660284378, 110368, 0, 0.0, 1, 
2019-12-08 10:18:31.601,394657472, 543.1301780339355, 2019202, 29.051704556567763, 110389, 0, 0.0, 1, 
2019-12-08 10:18:32.632,120953032, 543.1301780339355, 2019657, 29.051704556567763, 110411, 0, 0.0, 8, 
2019-12-08 10:18:33.663,129917176, 543.1301780339355, 2020148, 29.051704556567763, 110437, 0, 0.0, 13, 
2019-12-08 10:18:34.695,139742480, 543.1301780339355, 2020645, 29.051704556567763, 110464, 0, 0.0, 1, 
2019-12-08 10:18:35.725,148315392, 543.1301780339355, 2021120, 29.051704556567763, 110486, 0, 0.0, 2, 
2019-12-08 10:18:36.752,155822552, 537.235038489748, 2021585, 28.615810327479405, 110508, 0, 0.0, 1, 
2019-12-08 10:18:37.783,164849752, 537.235038489748, 2022080, 28.615810327479405, 110540, 0, 0.0, 1, 
2019-12-08 10:18:38.818,172841096, 537.235038489748, 2022565, 28.615810327479405, 110572, 0, 0.0, 1, 
2019-12-08 10:18:39.849,181352576, 537.235038489748, 2022995, 28.615810327479405, 110595, 0, 0.0, 39, 
2019-12-08 10:18:40.875,190129240, 537.235038489748, 2023470, 28.615810327479405, 110628, 0, 0.0, 24, 
2019-12-08 10:18:41.906,198712264, 530.7398434346908, 2023930, 28.50260838397194, 110647, 0, 0.0, 1, 
2019-12-08 10:18:42.934,206355432, 530.7398434346908, 2024419, 28.50260838397194, 110669, 0, 0.0, 2, 
2019-12-08 10:18:43.96,215479912, 530.7398434346908, 2024893, 28.50260838397194, 110696, 0, 0.0, 1, 
2019-12-08 10:18:44.989,222904496, 530.7398434346908, 2025337, 28.50260838397194, 110721, 0, 0.0, 23, 
2019-12-08 10:18:46.033,230907568, 524.5720820974677, 2025811, 28.110617460788276, 110749, 0, 0.0, 3, 
2019-12-08 10:18:47.065,241493944, 524.5720820974677, 2026276, 28.110617460788276, 110778, 0, 0.0, 47, 
2019-12-08 10:18:48.101,248621488, 524.5720820974677, 2026758, 28.110617460788276, 110796, 0, 0.0, 1, 
2019-12-08 10:18:49.127,256892920, 524.5720820974677, 2027215, 28.110617460788276, 110814, 0, 0.0, 1, 
2019-12-08 10:18:50.157,266954112, 524.5720820974677, 2027681, 28.110617460788276, 110848, 0, 0.0, 1, 
2019-12-08 10:18:51.182,278172600, 519.4571568259837, 2028170, 27.749968401327756, 110871, 0, 0.0, 1, 
2019-12-08 10:18:52.208,287862256, 519.4571568259837, 2028639, 27.749968401327756, 110895, 0, 0.0, 1, 
2019-12-08 10:18:53.244,298373176, 519.4571568259837, 2029119, 27.749968401327756, 110915, 0, 0.0, 1, 
2019-12-08 10:18:54.272,308042856, 519.4571568259837, 2029609, 27.749968401327756, 110935, 0, 0.0, 1, 
2019-12-08 10:18:55.298,320084744, 519.4571568259837, 2030090, 27.749968401327756, 110962, 0, 0.0, 1, 
2019-12-08 10:18:56.337,330005008, 514.5912872279671, 2030543, 27.338199663159106, 110986, 0, 0.0, 1, 
2019-12-08 10:18:57.371,340794480, 514.5912872279671, 2031021, 27.338199663159106, 111016, 0, 0.0, 5, 
2019-12-08 10:18:58.404,357255936, 514.5912872279671, 2031515, 27.338199663159106, 111037, 0, 0.0, 1, 
2019-12-08 10:18:59.431,368069008, 514.5912872279671, 2032001, 27.338199663159106, 111066, 0, 0.0, 1, 
2019-12-08 10:19:00.469,380230680, 514.5912872279671, 2032526, 27.338199663159106, 111089, 0, 0.0, 13, 
2019-12-08 10:19:01.495,388988528, 511.47371603329884, 2032945, 27.167238657451833, 111124, 0, 0.0, 1, 
2019-12-08 10:19:02.527,111263400, 511.47371603329884, 2033422, 27.167238657451833, 111147, 0, 0.0, 2, 
2019-12-08 10:19:03.553,121554080, 511.47371603329884, 2033943, 27.167238657451833, 111172, 0, 0.0, 1, 
2019-12-08 10:19:04.583,131202472, 511.47371603329884, 2034398, 27.167238657451833, 111200, 0, 0.0, 1, 
2019-12-08 10:19:05.612,141812656, 511.47371603329884, 2034877, 27.167238657451833, 111221, 0, 0.0, 6, 
2019-12-08 10:19:06.637,152394440, 507.4700427561714, 2035352, 26.945982470734908, 111239, 0, 0.0, 3, 
2019-12-08 10:19:07.664,163638232, 507.4700427561714, 2035828, 26.945982470734908, 111263, 0, 0.0, 1, 
2019-12-08 10:19:08.693,174309152, 507.4700427561714, 2036315, 26.945982470734908, 111290, 0, 0.0, 1, 
2019-12-08 10:19:09.719,185026072, 507.4700427561714, 2036820, 26.945982470734908, 111315, 0, 0.0, 1, 
2019-12-08 10:19:10.745,194695176, 507.4700427561714, 2037273, 26.945982470734908, 111334, 0, 0.0, 11, 
2019-12-08 10:19:11.771,206736800, 504.1382900951806, 2037793, 26.51854131290592, 111361, 0, 0.0, 3, 
2019-12-08 10:19:12.799,217187064, 504.1382900951806, 2038286, 26.51854131290592, 111389, 0, 0.0, 1, 
2019-12-08 10:19:13.826,228121128, 504.1382900951806, 2038802, 26.51854131290592, 111411, 0, 0.0, 21, 
2019-12-08 10:19:14.853,239321808, 504.1382900951806, 2039280, 26.51854131290592, 111439, 0, 0.0, 14, 
2019-12-08 10:19:15.88,249725368, 504.1382900951806, 2039781, 26.51854131290592, 111467, 0, 0.0, 1, 
2019-12-08 10:19:16.907,260284416, 502.6880324929973, 2040284, 26.50906327284192, 111498, 0, 0.0, 1, 
2019-12-08 10:19:17.936,270555328, 502.6880324929973, 2040751, 26.50906327284192, 111531, 0, 0.0, 1, 
2019-12-08 10:19:18.97,280221480, 502.6880324929973, 2041221, 26.50906327284192, 111567, 0, 0.0, 1, 
2019-12-08 10:19:19.996,291736544, 502.6880324929973, 2041666, 26.50906327284192, 111601, 0, 0.0, 1, 
2019-12-08 10:19:21.026,300675032, 499.1149746959558, 2042137, 26.884129864798652, 111625, 0, 0.0, 2, 
2019-12-08 10:19:22.054,312051432, 499.1149746959558, 2042623, 26.884129864798652, 111644, 0, 0.0, 1, 
2019-12-08 10:19:23.081,321733840, 499.1149746959558, 2043082, 26.884129864798652, 111681, 0, 0.0, 1, 
2019-12-08 10:19:24.115,331949736, 499.1149746959558, 2043546, 26.884129864798652, 111706, 0, 0.0, 10, 
2019-12-08 10:19:25.143,343476360, 499.1149746959558, 2044029, 26.884129864798652, 111727, 0, 0.0, 14, 
2019-12-08 10:19:26.17,352731896, 495.8755761778625, 2044492, 26.717492041470166, 111755, 0, 0.0, 4, 
2019-12-08 10:19:27.201,364012776, 495.8755761778625, 2044992, 26.717492041470166, 111781, 0, 0.0, 1, 
2019-12-08 10:19:28.233,374722848, 495.8755761778625, 2045419, 26.717492041470166, 111796, 0, 0.0, 1, 
2019-12-08 10:19:29.259,384784656, 495.8755761778625, 2045911, 26.717492041470166, 111817, 0, 0.0, 1, 
2019-12-08 10:19:30.287,113022744, 495.8755761778625, 2046368, 26.717492041470166, 111844, 0, 0.0, 16, 
2019-12-08 10:19:31.312,123707160, 492.71928337671676, 2046828, 26.388275555035314, 111868, 0, 0.0, 9, 
2019-12-08 10:19:32.341,134007992, 492.71928337671676, 2047323, 26.388275555035314, 111887, 0, 0.0, 1, 
2019-12-08 10:19:33.369,142772992, 492.71928337671676, 2047768, 26.388275555035314, 111906, 0, 0.0, 1, 
2019-12-08 10:19:34.395,153535240, 492.71928337671676, 2048255, 26.388275555035314, 111923, 0, 0.0, 1, 
2019-12-08 10:19:35.422,163815904, 492.71928337671676, 2048706, 26.388275555035314, 111948, 0, 0.0, 45, 
2019-12-08 10:19:36.451,175101248, 489.95927386775514, 2049189, 25.829523892300877, 111966, 0, 0.0, 1, 
2019-12-08 10:19:37.478,185104784, 489.95927386775514, 2049694, 25.829523892300877, 111995, 0, 0.0, 1, 
2019-12-08 10:19:38.505,195987976, 489.95927386775514, 2050191, 25.829523892300877, 112021, 0, 0.0, 1, 
2019-12-08 10:19:39.53,206575472, 489.95927386775514, 2050653, 25.829523892300877, 112055, 0, 0.0, 1, 
2019-12-08 10:19:40.56,217130040, 489.95927386775514, 2051121, 25.829523892300877, 112085, 0, 0.0, 1, 
2019-12-08 10:19:41.59,227660000, 488.1715250371955, 2051600, 26.019056697099163, 112112, 0, 0.0, 1, 
2019-12-08 10:19:42.618,236766712, 488.1715250371955, 2052080, 26.019056697099163, 112132, 0, 0.0, 1, 
2019-12-08 10:19:43.645,247714968, 488.1715250371955, 2052535, 26.019056697099163, 112162, 0, 0.0, 26, 
2019-12-08 10:19:44.674,258375312, 488.1715250371955, 2053012, 26.019056697099163, 112188, 0, 0.0, 34, 
2019-12-08 10:19:45.699,269640912, 488.1715250371955, 2053508, 26.019056697099163, 112216, 0, 0.0, 69, 
2019-12-08 10:19:46.731,281457008, 486.49473447673074, 2054022, 25.921586305282556, 112253, 0, 0.0, 1, 
2019-12-08 10:19:47.759,291748576, 486.49473447673074, 2054523, 25.921586305282556, 112284, 0, 0.0, 1, 
2019-12-08 10:19:48.799,301823768, 486.49473447673074, 2055007, 25.921586305282556, 112308, 0, 0.0, 1, 
2019-12-08 10:19:49.827,312817264, 486.49473447673074, 2055503, 25.921586305282556, 112329, 0, 0.0, 10, 
2019-12-08 10:19:50.871,324336648, 486.49473447673074, 2055983, 25.921586305282556, 112366, 0, 0.0, 1, 
2019-12-08 10:19:51.902,335584256, 485.8315241261494, 2056474, 26.18371379133093, 112397, 0, 0.0, 1, 
2019-12-08 10:19:52.928,345213232, 485.8315241261494, 2056950, 26.18371379133093, 112422, 0, 0.0, 1, 
2019-12-08 10:19:53.956,354942096, 485.8315241261494, 2057410, 26.18371379133093, 112453, 0, 0.0, 9, 
2019-12-08 10:19:54.986,367175912, 485.8315241261494, 2057905, 26.18371379133093, 112486, 0, 0.0, 2, 
2019-12-08 10:19:56.013,378258280, 484.5177319961108, 2058398, 26.424882720790567, 112515, 0, 0.0, 1, 
2019-12-08 10:19:57.04,387896024, 484.5177319961108, 2058888, 26.424882720790567, 112536, 0, 0.0, 1, 
2019-12-08 10:19:58.066,113415696, 484.5177319961108, 2059333, 26.424882720790567, 112567, 0, 0.0, 1, 
2019-12-08 10:19:59.091,124511704, 484.5177319961108, 2059846, 26.424882720790567, 112593, 0, 0.0, 15, 
2019-12-08 10:20:00.124,135799136, 484.5177319961108, 2060336, 26.424882720790567, 112612, 0, 0.0, 1, 
2019-12-08 10:20:01.151,146897112, 483.03713589462444, 2060797, 26.183026452172115, 112636, 0, 0.0, 8, 
2019-12-08 10:20:02.178,156416832, 483.03713589462444, 2061279, 26.183026452172115, 112661, 0, 0.0, 14, 
2019-12-08 10:20:03.207,167127800, 483.03713589462444, 2061776, 26.183026452172115, 112684, 0, 0.0, 21, 
2019-12-08 10:20:04.238,178177872, 483.03713589462444, 2062277, 26.183026452172115, 112704, 0, 0.0, 21, 
2019-12-08 10:20:05.266,189350192, 483.03713589462444, 2062769, 26.183026452172115, 112728, 0, 0.0, 19, 
2019-12-08 10:20:06.291,199558920, 481.91478847724204, 2063207, 25.944516826012478, 112756, 0, 0.0, 6, 
2019-12-08 10:20:07.32,209646608, 481.91478847724204, 2063666, 25.944516826012478, 112776, 0, 0.0, 1, 
2019-12-08 10:20:08.35,218584600, 481.91478847724204, 2064154, 25.944516826012478, 112802, 0, 0.0, 1, 
2019-12-08 10:20:09.379,229317480, 481.91478847724204, 2064630, 25.944516826012478, 112822, 0, 0.0, 6, 
2019-12-08 10:20:10.407,240170312, 481.91478847724204, 2065133, 25.944516826012478, 112843, 0, 0.0, 1, 
2019-12-08 10:20:11.433,252421456, 480.49839219482647, 2065586, 25.565166205887625, 112860, 0, 0.0, 1, 
2019-12-08 10:20:12.464,262722360, 480.49839219482647, 2066085, 25.565166205887625, 112882, 0, 0.0, 1, 
2019-12-08 10:20:13.494,271129392, 480.49839219482647, 2066529, 25.565166205887625, 112899, 0, 0.0, 1, 
2019-12-08 10:20:14.521,282504648, 480.49839219482647, 2066988, 25.565166205887625, 112923, 0, 0.0, 12, 
2019-12-08 10:20:15.551,292768464, 480.49839219482647, 2067483, 25.565166205887625, 112947, 0, 0.0, 10, 
2019-12-08 10:20:16.578,303953376, 478.6675378428418, 2067974, 25.120200084210772, 112973, 0, 0.0, 5, 
2019-12-08 10:20:17.605,314218688, 478.6675378428418, 2068427, 25.120200084210772, 113001, 0, 0.0, 23, 
2019-12-08 10:20:18.631,323401328, 478.6675378428418, 2068887, 25.120200084210772, 113023, 0, 0.0, 33, 
2019-12-08 10:20:19.662,334512824, 478.6675378428418, 2069368, 25.120200084210772, 113053, 0, 0.0, 27, 
2019-12-08 10:20:20.697,345268784, 478.6675378428418, 2069839, 25.120200084210772, 113083, 0, 0.0, 6, 
2019-12-08 10:20:21.725,355110224, 477.03104387352084, 2070294, 25.302482821005718, 113116, 0, 0.0, 41, 
2019-12-08 10:20:22.751,364638816, 477.03104387352084, 2070764, 25.302482821005718, 113138, 0, 0.0, 11, 
2019-12-08 10:20:23.781,376036888, 477.03104387352084, 2071248, 25.302482821005718, 113156, 0, 0.0, 9, 
2019-12-08 10:20:24.816,388098856, 477.03104387352084, 2071740, 25.302482821005718, 113190, 0, 0.0, 1, 
2019-12-08 10:20:25.843,115827488, 477.03104387352084, 2072207, 25.302482821005718, 113213, 0, 0.0, 25, 
2019-12-08 10:20:26.899,126028904, 475.6373345569915, 2072669, 25.39023544950658, 113249, 0, 0.0, 1, 
2019-12-08 10:20:27.924,136518560, 475.6373345569915, 2073168, 25.39023544950658, 113274, 0, 0.0, 1, 
2019-12-08 10:20:28.951,147734480, 475.6373345569915, 2073659, 25.39023544950658, 113299, 0, 0.0, 1, 
2019-12-08 10:20:29.977,158463848, 475.6373345569915, 2074132, 25.39023544950658, 113330, 0, 0.0, 15, 
2019-12-08 10:20:31.004,168809992, 475.202589289631, 2074627, 25.391016179857164, 113352, 0, 0.0, 27, 
2019-12-08 10:20:32.028,179637032, 475.202589289631, 2075117, 25.391016179857164, 113384, 0, 0.0, 1, 
2019-12-08 10:20:33.058,191326936, 475.202589289631, 2075603, 25.391016179857164, 113404, 0, 0.0, 1, 
2019-12-08 10:20:34.083,202248432, 475.202589289631, 2076100, 25.391016179857164, 113431, 0, 0.0, 14, 
2019-12-08 10:20:35.111,212957624, 475.202589289631, 2076594, 25.391016179857164, 113455, 0, 0.0, 20, 
2019-12-08 10:20:36.138,223751168, 475.4742312517232, 2077091, 25.35975225230728, 113479, 0, 0.0, 9, 
2019-12-08 10:20:37.169,234321960, 475.4742312517232, 2077556, 25.35975225230728, 113503, 0, 0.0, 1, 
2019-12-08 10:20:38.195,245068320, 475.4742312517232, 2078058, 25.35975225230728, 113527, 0, 0.0, 5, 
2019-12-08 10:20:39.219,262489360, 475.4742312517232, 2078535, 25.35975225230728, 113564, 0, 0.0, 1, 
2019-12-08 10:20:40.245,280215384, 475.4742312517232, 2079016, 25.35975225230728, 113589, 0, 0.0, 4, 
2019-12-08 10:20:41.274,290779088, 475.244420409501, 2079510, 25.39495251868217, 113609, 0, 0.0, 1, 
2019-12-08 10:20:42.299,300983104, 475.244420409501, 2079987, 25.39495251868217, 113633, 0, 0.0, 1, 
2019-12-08 10:20:43.326,311989944, 475.244420409501, 2080467, 25.39495251868217, 113661, 0, 0.0, 1, 
2019-12-08 10:20:44.352,321237288, 475.244420409501, 2080954, 25.39495251868217, 113684, 0, 0.0, 1, 
2019-12-08 10:20:45.38,334185264, 475.244420409501, 2081456, 25.39495251868217, 113708, 0, 0.0, 1, 
2019-12-08 10:20:46.406,343967136, 475.3208243350276, 2081944, 25.299409390560776, 113735, 0, 0.0, 2, 
2019-12-08 10:20:47.433,355405592, 475.3208243350276, 2082440, 25.299409390560776, 113763, 0, 0.0, 5, 
2019-12-08 10:20:48.461,365190904, 475.3208243350276, 2082917, 25.299409390560776, 113788, 0, 0.0, 10, 
2019-12-08 10:20:49.491,374371560, 475.3208243350276, 2083333, 25.299409390560776, 113809, 0, 0.0, 68, 
2019-12-08 10:20:50.517,385453848, 475.3208243350276, 2083812, 25.299409390560776, 113829, 0, 0.0, 1, 
2019-12-08 10:20:51.543,114014760, 473.85597210084717, 2084267, 25.099567649657523, 113853, 0, 0.0, 35, 
2019-12-08 10:20:52.569,123558208, 473.85597210084717, 2084747, 25.099567649657523, 113870, 0, 0.0, 1, 
2019-12-08 10:20:53.595,133348088, 473.85597210084717, 2085233, 25.099567649657523, 113898, 0, 0.0, 10, 
2019-12-08 10:20:54.623,144627128, 473.85597210084717, 2085714, 25.099567649657523, 113919, 0, 0.0, 3, 
2019-12-08 10:20:55.656,155129064, 473.85597210084717, 2086190, 25.099567649657523, 113948, 0, 0.0, 1, 
2019-12-08 10:20:56.685,165797456, 472.7800919747924, 2086647, 25.02764219164863, 113976, 0, 0.0, 1, 
2019-12-08 10:20:57.723,176733288, 472.7800919747924, 2087167, 25.02764219164863, 114006, 0, 0.0, 1, 
2019-12-08 10:20:58.749,185874384, 472.7800919747924, 2087606, 25.02764219164863, 114038, 0, 0.0, 15, 
2019-12-08 10:20:59.781,196916984, 472.7800919747924, 2088074, 25.02764219164863, 114067, 0, 0.0, 6, 
2019-12-08 10:21:00.806,206798312, 472.7800919747924, 2088539, 25.02764219164863, 114089, 0, 0.0, 10, 
2019-12-08 10:21:01.837,217818280, 471.53437660081886, 2089012, 25.169352097701655, 114113, 0, 0.0, 12, 
2019-12-08 10:21:02.862,228755488, 471.53437660081886, 2089508, 25.169352097701655, 114136, 0, 0.0, 1, 
2019-12-08 10:21:03.888,239144328, 471.53437660081886, 2089969, 25.169352097701655, 114159, 0, 0.0, 4, 
2019-12-08 10:21:04.914,249626648, 471.53437660081886, 2090427, 25.169352097701655, 114192, 0, 0.0, 1, 
2019-12-08 10:21:05.941,260098416, 471.53437660081886, 2090906, 25.169352097701655, 114224, 0, 0.0, 9, 
2019-12-08 10:21:06.975,270240648, 470.5801565336663, 2091401, 25.267749271115115, 114255, 0, 0.0, 1, 
2019-12-08 10:21:08.007,281120240, 470.5801565336663, 2091871, 25.267749271115115, 114280, 0, 0.0, 1, 
2019-12-08 10:21:09.033,291487416, 470.5801565336663, 2092374, 25.267749271115115, 114304, 0, 0.0, 7, 
2019-12-08 10:21:10.065,301812464, 470.5801565336663, 2092857, 25.267749271115115, 114320, 0, 0.0, 1, 
2019-12-08 10:21:11.09,313199408, 470.6137253637811, 2093322, 25.166385636039855, 114348, 0, 0.0, 1, 
2019-12-08 10:21:12.117,322339936, 470.6137253637811, 2093773, 25.166385636039855, 114373, 0, 0.0, 3, 
2019-12-08 10:21:13.142,333089152, 470.6137253637811, 2094275, 25.166385636039855, 114393, 0, 0.0, 1, 
2019-12-08 10:21:14.175,343629928, 470.6137253637811, 2094762, 25.166385636039855, 114424, 0, 0.0, 1, 
2019-12-08 10:21:15.202,354689128, 470.6137253637811, 2095227, 25.166385636039855, 114442, 0, 0.0, 1, 
2019-12-08 10:21:16.229,366167608, 469.90901879302356, 2095710, 25.02515323851993, 114465, 0, 0.0, 1, 
2019-12-08 10:21:17.254,375916440, 469.90901879302356, 2096183, 25.02515323851993, 114490, 0, 0.0, 3, 
2019-12-08 10:21:18.281,386995104, 469.90901879302356, 2096663, 25.02515323851993, 114518, 0, 0.0, 12, 
2019-12-08 10:21:19.306,115673312, 469.90901879302356, 2097165, 25.02515323851993, 114550, 0, 0.0, 1, 
2019-12-08 10:21:20.331,125918072, 469.90901879302356, 2097627, 25.02515323851993, 114572, 0, 0.0, 1, 
2019-12-08 10:21:21.399,136651832, 469.99624883405573, 2098113, 24.911204277091155, 114590, 0, 0.0, 1, 
2019-12-08 10:21:22.425,146961736, 469.99624883405573, 2098579, 24.911204277091155, 114610, 0, 0.0, 1, 
2019-12-08 10:21:23.451,156925680, 469.99624883405573, 2099039, 24.911204277091155, 114634, 0, 0.0, 1, 
2019-12-08 10:21:24.477,167558224, 469.99624883405573, 2099552, 24.911204277091155, 114668, 0, 0.0, 1, 
2019-12-08 10:21:25.501,178904336, 469.99624883405573, 2100050, 24.911204277091155, 114693, 0, 0.0, 1, 
2019-12-08 10:21:26.532,189072888, 469.99654876072464, 2100564, 24.886321756946472, 114715, 0, 0.0, 10, 
2019-12-08 10:21:27.558,199731496, 469.99654876072464, 2101044, 24.886321756946472, 114735, 0, 0.0, 7, 
2019-12-08 10:21:28.589,210431552, 469.99654876072464, 2101512, 24.886321756946472, 114766, 0, 0.0, 1, 
2019-12-08 10:21:29.616,221347560, 469.99654876072464, 2102008, 24.886321756946472, 114788, 0, 0.0, 1, 
2019-12-08 10:21:30.653,231737040, 469.99654876072464, 2102493, 24.886321756946472, 114806, 0, 0.0, 1, 
2019-12-08 10:21:31.68,242016848, 470.0607891748777, 2102974, 24.68752644544997, 114838, 0, 0.0, 1, 
2019-12-08 10:21:32.722,254164696, 470.0607891748777, 2103505, 24.68752644544997, 114867, 0, 0.0, 27, 
2019-12-08 10:21:33.748,264358568, 470.0607891748777, 2103978, 24.68752644544997, 114895, 0, 0.0, 20, 
2019-12-08 10:21:34.772,276348544, 470.0607891748777, 2104480, 24.68752644544997, 114918, 0, 0.0, 1, 
2019-12-08 10:21:35.799,285535968, 470.0607891748777, 2104941, 24.68752644544997, 114949, 0, 0.0, 1, 
2019-12-08 10:21:36.834,296658912, 470.63160895548504, 2105435, 24.936386090454768, 114970, 0, 0.0, 1, 
2019-12-08 10:21:37.878,306905736, 470.63160895548504, 2105887, 24.936386090454768, 114998, 0, 0.0, 16, 
2019-12-08 10:21:38.911,318673040, 470.63160895548504, 2106412, 24.936386090454768, 115026, 0, 0.0, 9, 
2019-12-08 10:21:39.937,328476120, 470.63160895548504, 2106876, 24.936386090454768, 115061, 0, 0.0, 1, 
2019-12-08 10:21:40.967,339846336, 470.597099408798, 2107372, 25.16534801686807, 115093, 0, 0.0, 7, 
2019-12-08 10:21:41.995,351251560, 470.597099408798, 2107872, 25.16534801686807, 115122, 0, 0.0, 1, 
2019-12-08 10:21:43.022,361578048, 470.597099408798, 2108343, 25.16534801686807, 115148, 0, 0.0, 20, 
2019-12-08 10:21:44.05,371964640, 470.597099408798, 2108791, 25.16534801686807, 115178, 0, 0.0, 1, 
2019-12-08 10:21:45.077,379843416, 470.597099408798, 2109248, 25.16534801686807, 115203, 0, 0.0, 5, 
2019-12-08 10:21:46.106,391780264, 469.97367776137423, 2109746, 25.32802980720499, 115237, 0, 0.0, 1, 
2019-12-08 10:21:47.132,119784472, 469.97367776137423, 2110232, 25.32802980720499, 115272, 0, 0.0, 1, 
2019-12-08 10:21:48.157,130789808, 469.97367776137423, 2110757, 25.32802980720499, 115300, 0, 0.0, 1, 
2019-12-08 10:21:49.188,139427176, 469.97367776137423, 2111214, 25.32802980720499, 115319, 0, 0.0, 1, 
2019-12-08 10:21:50.258,150109416, 469.97367776137423, 2111675, 25.32802980720499, 115351, 0, 0.0, 4, 
2019-12-08 10:21:51.286,161326248, 469.1602354005909, 2112123, 25.541668748062914, 115380, 0, 0.0, 14, 
2019-12-08 10:21:52.315,171570200, 469.1602354005909, 2112579, 25.541668748062914, 115398, 0, 0.0, 25, 
2019-12-08 10:21:53.341,182390296, 469.1602354005909, 2113097, 25.541668748062914, 115420, 0, 0.0, 4, 
2019-12-08 10:21:54.368,192149576, 469.1602354005909, 2113588, 25.541668748062914, 115442, 0, 0.0, 1, 
2019-12-08 10:21:55.396,203102088, 469.1602354005909, 2114088, 25.541668748062914, 115460, 0, 0.0, 1, 
2019-12-08 10:21:56.422,213246768, 469.14742368533956, 2114555, 25.25849255012251, 115495, 0, 0.0, 1, 
2019-12-08 10:21:57.449,225890512, 469.14742368533956, 2115051, 25.25849255012251, 115525, 0, 0.0, 1, 
2019-12-08 10:21:58.475,236213256, 469.14742368533956, 2115522, 25.25849255012251, 115547, 0, 0.0, 7, 
2019-12-08 10:21:59.504,246073376, 469.14742368533956, 2115993, 25.25849255012251, 115570, 0, 0.0, 1, 
2019-12-08 10:22:00.53,257328760, 469.14742368533956, 2116485, 25.25849255012251, 115603, 0, 0.0, 1, 
2019-12-08 10:22:01.559,267698840, 469.05568075291006, 2116956, 25.429718031853135, 115629, 0, 0.0, 1, 
2019-12-08 10:22:02.585,277257744, 469.05568075291006, 2117419, 25.429718031853135, 115654, 0, 0.0, 3, 
2019-12-08 10:22:03.618,288695984, 469.05568075291006, 2117898, 25.429718031853135, 115680, 0, 0.0, 1, 
2019-12-08 10:22:04.643,298515632, 469.05568075291006, 2118351, 25.429718031853135, 115709, 0, 0.0, 1, 
2019-12-08 10:22:05.67,307801136, 469.05568075291006, 2118831, 25.429718031853135, 115731, 0, 0.0, 1, 
2019-12-08 10:22:06.694,319183952, 468.1237439754174, 2119298, 25.33139520677544, 115753, 0, 0.0, 1, 
2019-12-08 10:22:07.721,329387760, 468.1237439754174, 2119753, 25.33139520677544, 115781, 0, 0.0, 11, 
2019-12-08 10:22:08.745,339412992, 468.1237439754174, 2120225, 25.33139520677544, 115810, 0, 0.0, 7, 
2019-12-08 10:22:09.77,350119896, 468.1237439754174, 2120719, 25.33139520677544, 115843, 0, 0.0, 1, 
2019-12-08 10:22:10.796,361057208, 468.1237439754174, 2121201, 25.33139520677544, 115874, 0, 0.0, 1, 
2019-12-08 10:22:11.82,372406760, 467.71407202657343, 2121710, 25.512782830992435, 115893, 0, 0.0, 1, 
2019-12-08 10:22:12.848,386577936, 467.71407202657343, 2122199, 25.512782830992435, 115922, 0, 0.0, 1, 
2019-12-08 10:22:13.872,395701184, 467.71407202657343, 2122651, 25.512782830992435, 115941, 0, 0.0, 12, 
2019-12-08 10:22:14.9,120546160, 467.71407202657343, 2123135, 25.512782830992435, 115963, 0, 0.0, 1, 
2019-12-08 10:22:15.925,132233800, 467.71407202657343, 2123650, 25.512782830992435, 115985, 0, 0.0, 1, 
2019-12-08 10:22:16.951,143288160, 468.5844627699918, 2124133, 25.26389845760864, 116007, 0, 0.0, 1, 
2019-12-08 10:22:17.976,154859360, 468.5844627699918, 2124602, 25.26389845760864, 116030, 0, 0.0, 5, 
2019-12-08 10:22:19.002,165886000, 468.5844627699918, 2125086, 25.26389845760864, 116053, 0, 0.0, 5, 
2019-12-08 10:22:20.034,175297048, 468.5844627699918, 2125569, 25.26389845760864, 116091, 0, 0.0, 1, 
2019-12-08 10:22:21.058,185252808, 468.37782053634834, 2126024, 25.25878941902626, 116115, 0, 0.0, 1, 
2019-12-08 10:22:22.087,195744600, 468.37782053634834, 2126520, 25.25878941902626, 116144, 0, 0.0, 1, 
2019-12-08 10:22:23.111,206645424, 468.37782053634834, 2127006, 25.25878941902626, 116169, 0, 0.0, 39, 
2019-12-08 10:22:24.136,217687760, 468.37782053634834, 2127474, 25.25878941902626, 116196, 0, 0.0, 8, 
2019-12-08 10:22:25.162,228669024, 468.37782053634834, 2127960, 25.25878941902626, 116223, 0, 0.0, 1, 
2019-12-08 10:22:26.195,239976272, 468.4115761424961, 2128442, 25.382017813207494, 116259, 0, 0.0, 1, 
2019-12-08 10:22:27.22,250120048, 468.4115761424961, 2128916, 25.382017813207494, 116278, 0, 0.0, 1, 
2019-12-08 10:22:28.245,259381192, 468.4115761424961, 2129375, 25.382017813207494, 116309, 0, 0.0, 1, 
2019-12-08 10:22:29.277,270492080, 468.4115761424961, 2129854, 25.382017813207494, 116334, 0, 0.0, 2, 
2019-12-08 10:22:30.307,281306712, 468.4115761424961, 2130350, 25.382017813207494, 116360, 0, 0.0, 8, 
2019-12-08 10:22:31.332,291750288, 467.85096146765176, 2130824, 25.447420057775275, 116388, 0, 0.0, 1, 
2019-12-08 10:22:32.362,302618088, 467.85096146765176, 2131308, 25.447420057775275, 116416, 0, 0.0, 1, 
2019-12-08 10:22:33.392,314353640, 467.85096146765176, 2131795, 25.447420057775275, 116439, 0, 0.0, 1, 
2019-12-08 10:22:34.417,323894472, 467.85096146765176, 2132303, 25.447420057775275, 116462, 0, 0.0, 1, 
2019-12-08 10:22:35.445,335561832, 467.85096146765176, 2132800, 25.447420057775275, 116496, 0, 0.0, 1, 
2019-12-08 10:22:36.492,346284168, 468.99824724301203, 2133305, 25.41164632514927, 116514, 0, 0.0, 1, 
2019-12-08 10:22:37.52,357507896, 468.99824724301203, 2133800, 25.41164632514927, 116540, 0, 0.0, 1, 
2019-12-08 10:22:38.554,367276472, 468.99824724301203, 2134217, 25.41164632514927, 116561, 0, 0.0, 12, 
2019-12-08 10:22:39.582,378251432, 468.99824724301203, 2134706, 25.41164632514927, 116591, 0, 0.0, 17, 
2019-12-08 10:22:40.606,388306680, 468.99824724301203, 2135177, 25.41164632514927, 116619, 0, 0.0, 19, 
2019-12-08 10:22:41.632,115389008, 467.95896477590424, 2135659, 25.506661838849354, 116650, 0, 0.0, 1, 
2019-12-08 10:22:42.659,126212928, 467.95896477590424, 2136114, 25.506661838849354, 116663, 0, 0.0, 1, 
2019-12-08 10:22:43.686,136763192, 467.95896477590424, 2136606, 25.506661838849354, 116679, 0, 0.0, 1, 
2019-12-08 10:22:44.714,145945224, 467.95896477590424, 2137063, 25.506661838849354, 116703, 0, 0.0, 1, 
2019-12-08 10:22:45.74,157411672, 467.95896477590424, 2137582, 25.506661838849354, 116726, 0, 0.0, 1, 
2019-12-08 10:22:46.765,167608456, 467.78634348345213, 2138062, 24.970426765640973, 116752, 0, 0.0, 9, 
2019-12-08 10:22:47.792,178128784, 467.78634348345213, 2138560, 24.970426765640973, 116775, 0, 0.0, 1, 
2019-12-08 10:22:48.818,189229656, 467.78634348345213, 2139020, 24.970426765640973, 116801, 0, 0.0, 14, 
2019-12-08 10:22:49.844,201012912, 467.78634348345213, 2139520, 24.970426765640973, 116818, 0, 0.0, 1, 
2019-12-08 10:22:50.876,211461728, 467.78634348345213, 2139996, 24.970426765640973, 116836, 0, 0.0, 1, 
2019-12-08 10:22:51.906,220800672, 468.20320444215434, 2140462, 24.700942320645154, 116859, 0, 0.0, 1, 
2019-12-08 10:22:52.936,231101776, 468.20320444215434, 2140924, 24.700942320645154, 116886, 0, 0.0, 19, 
2019-12-08 10:22:53.963,241693968, 468.20320444215434, 2141418, 24.700942320645154, 116914, 0, 0.0, 1, 
2019-12-08 10:22:54.989,251526440, 468.20320444215434, 2141895, 24.700942320645154, 116935, 0, 0.0, 1, 
2019-12-08 10:22:56.017,262827832, 467.723214716882, 2142362, 24.676880301235162, 116961, 0, 0.0, 55, 
2019-12-08 10:22:57.045,273100352, 467.723214716882, 2142860, 24.676880301235162, 116979, 0, 0.0, 1, 
2019-12-08 10:22:58.072,284798592, 467.723214716882, 2143377, 24.676880301235162, 117001, 0, 0.0, 3, 
2019-12-08 10:22:59.098,295129096, 467.723214716882, 2143883, 24.676880301235162, 117022, 0, 0.0, 3, 
2019-12-08 10:23:00.124,305838488, 467.723214716882, 2144347, 24.676880301235162, 117046, 0, 0.0, 1, 
2019-12-08 10:23:01.151,317069080, 468.54490109992247, 2144832, 24.39888430148613, 117067, 0, 0.0, 1, 
2019-12-08 10:23:02.178,327505240, 468.54490109992247, 2145283, 24.39888430148613, 117091, 0, 0.0, 6, 
2019-12-08 10:23:03.203,337582640, 468.54490109992247, 2145769, 24.39888430148613, 117111, 0, 0.0, 1, 
2019-12-08 10:23:04.23,348239848, 468.54490109992247, 2146217, 24.39888430148613, 117148, 0, 0.0, 1, 
2019-12-08 10:23:05.301,360116048, 468.54490109992247, 2146750, 24.39888430148613, 117176, 0, 0.0, 20, 
2019-12-08 10:23:06.33,369013584, 467.9416441159143, 2147205, 24.54289356148112, 117211, 0, 0.0, 24, 
2019-12-08 10:23:07.399,380958536, 467.9416441159143, 2147726, 24.54289356148112, 117235, 0, 0.0, 23, 
2019-12-08 10:23:08.424,391398128, 467.9416441159143, 2148219, 24.54289356148112, 117260, 0, 0.0, 1, 
2019-12-08 10:23:09.462,116825072, 467.9416441159143, 2148684, 24.54289356148112, 117281, 0, 0.0, 4, 
2019-12-08 10:23:10.488,127254304, 467.9416441159143, 2149120, 24.54289356148112, 117314, 0, 0.0, 41, 
2019-12-08 10:23:11.517,136668488, 467.0667985557088, 2149602, 24.5794417743496, 117334, 0, 0.0, 15, 
2019-12-08 10:23:12.544,147178256, 467.0667985557088, 2150053, 24.5794417743496, 117355, 0, 0.0, 23, 
2019-12-08 10:23:13.57,158625424, 467.0667985557088, 2150541, 24.5794417743496, 117375, 0, 0.0, 29, 
2019-12-08 10:23:14.599,168958568, 467.0667985557088, 2151006, 24.5794417743496, 117396, 0, 0.0, 27, 
2019-12-08 10:23:15.629,180233752, 467.0667985557088, 2151497, 24.5794417743496, 117422, 0, 0.0, 21, 
2019-12-08 10:23:16.665,189017424, 466.88555535026967, 2151947, 24.389192114426038, 117455, 0, 0.0, 18, 
2019-12-08 10:23:17.693,199538896, 466.88555535026967, 2152417, 24.389192114426038, 117476, 0, 0.0, 9, 
2019-12-08 10:23:18.719,210067224, 466.88555535026967, 2152915, 24.389192114426038, 117499, 0, 0.0, 11, 
2019-12-08 10:23:19.745,221806544, 466.88555535026967, 2153416, 24.389192114426038, 117523, 0, 0.0, 1, 
2019-12-08 10:23:20.777,231467296, 466.88555535026967, 2153935, 24.389192114426038, 117549, 0, 0.0, 1, 
2019-12-08 10:23:21.803,243325928, 467.37443935145546, 2154419, 24.310100679873045, 117573, 0, 0.0, 2, 
2019-12-08 10:23:22.829,254987440, 467.37443935145546, 2154889, 24.310100679873045, 117598, 0, 0.0, 4, 
2019-12-08 10:23:23.855,265223360, 467.37443935145546, 2155379, 24.310100679873045, 117625, 0, 0.0, 1, 
2019-12-08 10:23:24.881,274435296, 467.37443935145546, 2155877, 24.310100679873045, 117654, 0, 0.0, 1, 
2019-12-08 10:23:25.907,286455776, 467.37443935145546, 2156363, 24.310100679873045, 117678, 0, 0.0, 1, 
2019-12-08 10:23:26.934,297086416, 467.96815439981526, 2156828, 24.42922645215717, 117702, 0, 0.0, 1, 
2019-12-08 10:23:27.958,307374624, 467.96815439981526, 2157298, 24.42922645215717, 117718, 0, 0.0, 1, 
2019-12-08 10:23:28.987,317102872, 467.96815439981526, 2157750, 24.42922645215717, 117745, 0, 0.0, 1, 
2019-12-08 10:23:30.012,327159912, 467.96815439981526, 2158197, 24.42922645215717, 117780, 0, 0.0, 1, 
2019-12-08 10:23:31.039,338122312, 466.7393846187111, 2158690, 24.458871868214906, 117807, 0, 0.0, 1, 
2019-12-08 10:23:32.063,348944288, 466.7393846187111, 2159166, 24.458871868214906, 117827, 0, 0.0, 1, 
2019-12-08 10:23:33.089,358620912, 466.7393846187111, 2159645, 24.458871868214906, 117847, 0, 0.0, 1, 
2019-12-08 10:23:34.114,369270368, 466.7393846187111, 2160128, 24.458871868214906, 117869, 0, 0.0, 1, 
2019-12-08 10:23:35.14,379998232, 466.7393846187111, 2160613, 24.458871868214906, 117894, 0, 0.0, 15, 
2019-12-08 10:23:36.166,390775400, 466.93612456189413, 2161100, 24.198306860343752, 117912, 0, 0.0, 1, 
2019-12-08 10:23:37.193,117690072, 466.93612456189413, 2161553, 24.198306860343752, 117932, 0, 0.0, 20, 
2019-12-08 10:23:38.219,125859752, 466.93612456189413, 2162030, 24.198306860343752, 117963, 0, 0.0, 1, 
2019-12-08 10:23:39.247,136942224, 466.93612456189413, 2162531, 24.198306860343752, 117985, 0, 0.0, 1, 
2019-12-08 10:23:40.275,147685480, 466.93612456189413, 2162981, 24.198306860343752, 118013, 0, 0.0, 1, 
2019-12-08 10:23:41.303,158355768, 466.3655515452698, 2163443, 24.230424470464353, 118040, 0, 0.0, 34, 
2019-12-08 10:23:42.328,169550280, 466.3655515452698, 2163909, 24.230424470464353, 118065, 0, 0.0, 1, 
2019-12-08 10:23:43.355,180969032, 466.3655515452698, 2164377, 24.230424470464353, 118094, 0, 0.0, 7, 
2019-12-08 10:23:44.382,192168952, 466.3655515452698, 2164865, 24.230424470464353, 118118, 0, 0.0, 1, 
2019-12-08 10:23:45.406,202138048, 466.3655515452698, 2165305, 24.230424470464353, 118155, 0, 0.0, 7, 
2019-12-08 10:23:46.434,212069160, 465.48879445255545, 2165802, 24.419885269008404, 118174, 0, 0.0, 1, 
2019-12-08 10:23:47.459,222942328, 465.48879445255545, 2166282, 24.419885269008404, 118198, 0, 0.0, 1, 
2019-12-08 10:23:48.484,234017216, 465.48879445255545, 2166762, 24.419885269008404, 118219, 0, 0.0, 1, 
2019-12-08 10:23:49.51,243826448, 465.48879445255545, 2167241, 24.419885269008404, 118250, 0, 0.0, 1, 
2019-12-08 10:23:50.536,255310808, 465.48879445255545, 2167712, 24.419885269008404, 118271, 0, 0.0, 1, 
2019-12-08 10:23:51.56,265341936, 465.70557047916157, 2168175, 24.274375277017366, 118295, 0, 0.0, 1, 
2019-12-08 10:23:52.588,275090328, 465.70557047916157, 2168646, 24.274375277017366, 118320, 0, 0.0, 1, 
2019-12-08 10:23:53.615,285962912, 465.70557047916157, 2169097, 24.274375277017366, 118353, 0, 0.0, 4, 
2019-12-08 10:23:54.643,296207160, 465.70557047916157, 2169567, 24.274375277017366, 118384, 0, 0.0, 14, 
2019-12-08 10:23:55.668,306220160, 465.70557047916157, 2170028, 24.274375277017366, 118418, 0, 0.0, 12, 
2019-12-08 10:23:56.697,317084752, 464.5137868662163, 2170520, 24.652215367985587, 118439, 0, 0.0, 8, 
2019-12-08 10:23:57.729,328809232, 464.5137868662163, 2171048, 24.652215367985587, 118466, 0, 0.0, 12, 
2019-12-08 10:23:58.755,337912400, 464.5137868662163, 2171527, 24.652215367985587, 118493, 0, 0.0, 1, 
2019-12-08 10:23:59.785,348075240, 464.5137868662163, 2172018, 24.652215367985587, 118518, 0, 0.0, 11, 
2019-12-08 10:24:00.812,359851392, 464.5137868662163, 2172521, 24.652215367985587, 118542, 0, 0.0, 1, 
2019-12-08 10:24:01.841,370570840, 465.94388950739267, 2172995, 24.63204934059882, 118569, 0, 0.0, 1, 
2019-12-08 10:24:02.868,380600952, 465.94388950739267, 2173430, 24.63204934059882, 118595, 0, 0.0, 4, 
2019-12-08 10:24:03.932,390938040, 465.94388950739267, 2173902, 24.63204934059882, 118629, 0, 0.0, 1, 
2019-12-08 10:24:04.96,120753560, 465.94388950739267, 2174409, 24.63204934059882, 118656, 0, 0.0, 2, 
2019-12-08 10:24:05.985,132579216, 465.5485979278211, 2174898, 24.805389104625984, 118680, 0, 0.0, 1, 
2019-12-08 10:24:07.011,141796768, 465.5485979278211, 2175354, 24.805389104625984, 118708, 0, 0.0, 1, 
2019-12-08 10:24:08.038,152620944, 465.5485979278211, 2175861, 24.805389104625984, 118725, 0, 0.0, 1, 
2019-12-08 10:24:09.064,164004952, 465.5485979278211, 2176350, 24.805389104625984, 118752, 0, 0.0, 1, 
2019-12-08 10:24:10.092,173154232, 465.5485979278211, 2176806, 24.805389104625984, 118770, 0, 0.0, 1, 
2019-12-08 10:24:11.123,184623000, 465.63266339596214, 2177280, 24.565091459498962, 118791, 0, 0.0, 1, 
2019-12-08 10:24:12.15,194626288, 465.63266339596214, 2177753, 24.565091459498962, 118823, 0, 0.0, 1, 
2019-12-08 10:24:13.22,205385656, 465.63266339596214, 2178255, 24.565091459498962, 118844, 0, 0.0, 1, 
2019-12-08 10:24:14.248,216153544, 465.63266339596214, 2178726, 24.565091459498962, 118867, 0, 0.0, 1, 
2019-12-08 10:24:15.275,226630968, 465.63266339596214, 2179232, 24.565091459498962, 118889, 0, 0.0, 5, 
2019-12-08 10:24:16.334,236306136, 465.9338829994263, 2179711, 24.407971421547803, 118908, 0, 0.0, 3, 
2019-12-08 10:24:17.36,247305944, 465.9338829994263, 2180178, 24.407971421547803, 118937, 0, 0.0, 9, 
2019-12-08 10:24:18.387,257371704, 465.9338829994263, 2180647, 24.407971421547803, 118958, 0, 0.0, 1, 
2019-12-08 10:24:19.412,268016064, 465.9338829994263, 2181135, 24.407971421547803, 118980, 0, 0.0, 1, 
2019-12-08 10:24:20.439,279250608, 465.9338829994263, 2181611, 24.407971421547803, 119010, 0, 0.0, 18, 
2019-12-08 10:24:21.466,289893192, 465.34749809116715, 2182086, 24.407334061871712, 119031, 0, 0.0, 1, 
2019-12-08 10:24:22.491,300223360, 465.34749809116715, 2182524, 24.407334061871712, 119049, 0, 0.0, 16, 
2019-12-08 10:24:23.518,310083840, 465.34749809116715, 2182994, 24.407334061871712, 119078, 0, 0.0, 5, 
2019-12-08 10:24:24.548,321344872, 465.34749809116715, 2183464, 24.407334061871712, 119110, 0, 0.0, 1, 
2019-12-08 10:24:25.573,332012752, 465.34749809116715, 2183938, 24.407334061871712, 119131, 0, 0.0, 1, 
2019-12-08 10:24:26.6,343195752, 464.3122733022022, 2184399, 24.438729896809885, 119158, 0, 0.0, 1, 
2019-12-08 10:24:27.625,353242888, 464.3122733022022, 2184892, 24.438729896809885, 119186, 0, 0.0, 1, 
2019-12-08 10:24:28.648,362278936, 464.3122733022022, 2185353, 24.438729896809885, 119205, 0, 0.0, 1, 
2019-12-08 10:24:29.674,372343920, 464.3122733022022, 2185815, 24.438729896809885, 119230, 0, 0.0, 1, 
2019-12-08 10:24:30.699,383643432, 464.3122733022022, 2186273, 24.438729896809885, 119260, 0, 0.0, 10, 
2019-12-08 10:24:31.725,394708200, 463.75959844408254, 2186777, 24.45162434231324, 119283, 0, 0.0, 17, 
2019-12-08 10:24:32.751,121328088, 463.75959844408254, 2187276, 24.45162434231324, 119309, 0, 0.0, 18, 
2019-12-08 10:24:33.776,131876352, 463.75959844408254, 2187764, 24.45162434231324, 119332, 0, 0.0, 15, 
2019-12-08 10:24:34.804,141929192, 463.75959844408254, 2188230, 24.45162434231324, 119364, 0, 0.0, 16, 
2019-12-08 10:24:35.829,152476680, 463.75959844408254, 2188675, 24.45162434231324, 119391, 0, 0.0, 31, 
2019-12-08 10:24:36.854,162143368, 464.01868664732194, 2189159, 24.47947892195248, 119416, 0, 0.0, 1, 
2019-12-08 10:24:37.881,172904464, 464.01868664732194, 2189641, 24.47947892195248, 119442, 0, 0.0, 3, 
2019-12-08 10:24:38.906,183399064, 464.01868664732194, 2190130, 24.47947892195248, 119459, 0, 0.0, 1, 
2019-12-08 10:24:39.934,194095104, 464.01868664732194, 2190603, 24.47947892195248, 119483, 0, 0.0, 1, 
2019-12-08 10:24:40.962,205060272, 464.59287276016556, 2191098, 24.44114190407487, 119514, 0, 0.0, 1, 
2019-12-08 10:24:41.987,215256648, 464.59287276016556, 2191584, 24.44114190407487, 119538, 0, 0.0, 1, 
2019-12-08 10:24:43.012,224152304, 464.59287276016556, 2192022, 24.44114190407487, 119569, 0, 0.0, 29, 
2019-12-08 10:24:44.042,234524432, 464.59287276016556, 2192478, 24.44114190407487, 119588, 0, 0.0, 31, 
2019-12-08 10:24:45.077,244249808, 464.59287276016556, 2192912, 24.44114190407487, 119614, 0, 0.0, 54, 
2019-12-08 10:24:46.103,255617648, 462.80243751049545, 2193375, 24.405870144903027, 119640, 0, 0.0, 1, 
2019-12-08 10:24:47.13,266991272, 462.80243751049545, 2193855, 24.405870144903027, 119659, 0, 0.0, 1, 
2019-12-08 10:24:48.165,277881592, 462.80243751049545, 2194344, 24.405870144903027, 119684, 0, 0.0, 1, 
2019-12-08 10:24:49.195,289621936, 462.80243751049545, 2194871, 24.405870144903027, 119707, 0, 0.0, 1, 
2019-12-08 10:24:50.222,300123240, 462.80243751049545, 2195332, 24.405870144903027, 119725, 0, 0.0, 1, 
2019-12-08 10:24:51.249,309969560, 463.87364746188405, 2195821, 24.197516272067332, 119751, 0, 0.0, 1, 
2019-12-08 10:24:52.276,320404040, 463.87364746188405, 2196296, 24.197516272067332, 119774, 0, 0.0, 1, 
2019-12-08 10:24:53.301,331621272, 463.87364746188405, 2196752, 24.197516272067332, 119807, 0, 0.0, 1, 
2019-12-08 10:24:54.328,340733176, 463.87364746188405, 2197217, 24.197516272067332, 119824, 0, 0.0, 1, 
2019-12-08 10:24:55.354,349420728, 463.87364746188405, 2197662, 24.197516272067332, 119853, 0, 0.0, 13, 
2019-12-08 10:24:56.38,360962328, 462.924283028584, 2198159, 24.293661562432906, 119879, 0, 0.0, 1, 
2019-12-08 10:24:57.404,372059120, 462.924283028584, 2198664, 24.293661562432906, 119901, 0, 0.0, 2, 
2019-12-08 10:24:58.432,383120784, 462.924283028584, 2199150, 24.293661562432906, 119934, 0, 0.0, 1, 
2019-12-08 10:24:59.459,393270144, 462.924283028584, 2199637, 24.293661562432906, 119955, 0, 0.0, 1, 
2019-12-08 10:25:00.487,122697000, 462.924283028584, 2200130, 24.293661562432906, 119988, 0, 0.0, 1, 
2019-12-08 10:25:01.514,133003336, 464.2575997405093, 2200616, 24.398110616900794, 120015, 0, 0.0, 1, 
2019-12-08 10:25:02.541,142883944, 464.2575997405093, 2201128, 24.398110616900794, 120041, 0, 0.0, 1, 
2019-12-08 10:25:03.569,153057144, 464.2575997405093, 2201574, 24.398110616900794, 120068, 0, 0.0, 8, 
2019-12-08 10:25:04.605,164066952, 464.2575997405093, 2202045, 24.398110616900794, 120086, 0, 0.0, 4, 
2019-12-08 10:25:05.634,175245328, 464.2575997405093, 2202516, 24.398110616900794, 120118, 0, 0.0, 1, 
2019-12-08 10:25:06.659,184941336, 464.3649321390586, 2202982, 24.478217269003157, 120141, 0, 0.0, 20, 
2019-12-08 10:25:07.685,194929024, 464.3649321390586, 2203436, 24.478217269003157, 120161, 0, 0.0, 3, 
2019-12-08 10:25:08.712,207334832, 464.3649321390586, 2203939, 24.478217269003157, 120186, 0, 0.0, 1, 
2019-12-08 10:25:09.739,218517528, 464.3649321390586, 2204410, 24.478217269003157, 120215, 0, 0.0, 1, 
2019-12-08 10:25:10.766,228236312, 464.3649321390586, 2204899, 24.478217269003157, 120243, 0, 0.0, 4, 
2019-12-08 10:25:11.794,238840688, 464.14386037137, 2205356, 24.455972244399778, 120266, 0, 0.0, 1, 
2019-12-08 10:25:12.821,247647680, 464.14386037137, 2205816, 24.455972244399778, 120291, 0, 0.0, 10, 
2019-12-08 10:25:13.847,258933224, 464.14386037137, 2206321, 24.455972244399778, 120319, 0, 0.0, 19, 
2019-12-08 10:25:14.873,269175880, 464.14386037137, 2206756, 24.455972244399778, 120343, 0, 0.0, 14, 
2019-12-08 10:25:15.907,280058896, 464.14386037137, 2207240, 24.455972244399778, 120382, 0, 0.0, 1, 
2019-12-08 10:25:16.935,290917312, 463.604651067719, 2207709, 24.675372589872175, 120405, 0, 0.0, 1, 
2019-12-08 10:25:17.963,300683024, 463.604651067719, 2208192, 24.675372589872175, 120422, 0, 0.0, 1, 
2019-12-08 10:25:18.989,310756632, 463.604651067719, 2208666, 24.675372589872175, 120457, 0, 0.0, 1, 
2019-12-08 10:25:20.013,320564568, 463.604651067719, 2209136, 24.675372589872175, 120482, 0, 0.0, 7, 
2019-12-08 10:25:21.039,332279552, 463.492341369358, 2209615, 24.63736389617977, 120507, 0, 0.0, 1, 
2019-12-08 10:25:22.066,343101480, 463.492341369358, 2210100, 24.63736389617977, 120535, 0, 0.0, 6, 
2019-12-08 10:25:23.091,353820600, 463.492341369358, 2210615, 24.63736389617977, 120567, 0, 0.0, 59, 
2019-12-08 10:25:24.119,364340448, 463.492341369358, 2211078, 24.63736389617977, 120586, 0, 0.0, 37, 
2019-12-08 10:25:25.145,372600928, 463.492341369358, 2211488, 24.63736389617977, 120603, 0, 0.0, 1, 
2019-12-08 10:25:26.174,373416672, 456.9925646290181, 2211488, 24.266580751283875, 120603, 0, 0.0, 7, 
2019-12-08 10:25:27.203,374384912, 456.9925646290181, 2211488, 24.266580751283875, 120603, 0, 0.0, 10, 
2019-12-08 10:25:28.233,375273256, 456.9925646290181, 2211488, 24.266580751283875, 120603, 0, 0.0, 12, 
