Timestamp, MemoryUsed, ReadLatency1, ReadCount, WriteLatency1, WriteCount, PendingTasks, WaitingOnCommit1, SRDelay, 
2019-12-08 10:15:37.087,171998016, 0.031982234148270686, 2026982, 2.964393875E-314, 110595, 0, 0.0, 1, 
2019-12-08 10:15:38.138,173370864, 0.031982234148270686, 2026982, 2.964393875E-314, 110595, 0, 0.0, 1, 
2019-12-08 10:15:39.218,174892432, 0.031982234148270686, 2026982, 2.964393875E-314, 110595, 0, 0.0, 1, 
2019-12-08 10:15:40.29,176102992, 0.031982234148270686, 2026982, 2.964393875E-314, 110595, 0, 0.0, 1, 
2019-12-08 10:15:41.35,177474232, 0.02942507589548365, 2026982, 2.964393875E-314, 110595, 0, 0.0, 1, 
2019-12-08 10:15:42.401,178872512, 0.02942507589548365, 2026982, 2.964393875E-314, 110595, 0, 0.0, 1, 
2019-12-08 10:15:43.458,180083104, 0.02942507589548365, 2026982, 2.964393875E-314, 110595, 0, 0.0, 1, 
2019-12-08 10:15:44.513,194384592, 0.02942507589548365, 2026982, 2.964393875E-314, 110595, 0, 0.0, 1, 
2019-12-08 10:15:45.553,195603032, 0.02942507589548365, 2026982, 2.964393875E-314, 110595, 0, 0.0, 1, 
2019-12-08 10:15:46.603,197204736, 0.027072376727683665, 2026982, 2.964393875E-314, 110595, 0, 0.0, 1, 
2019-12-08 10:15:47.646,198646296, 0.027072376727683665, 2026982, 2.964393875E-314, 110595, 0, 0.0, 1, 
2019-12-08 10:15:48.678,206794624, 0.027072376727683665, 2026982, 2.964393875E-314, 110731, 0, 0.0, 1, 
2019-12-08 10:15:49.724,211400032, 0.027072376727683665, 2026982, 2.964393875E-314, 110844, 0, 0.0, 1, 
2019-12-08 10:15:50.77,212912168, 0.027072376727683665, 2026982, 2.964393875E-314, 110844, 0, 0.0, 1, 
2019-12-08 10:15:51.806,214668584, 0.02490778899904623, 2026982, 3.9817881514596998, 110844, 0, 0.0, 1, 
2019-12-08 10:15:52.854,215503248, 0.02490778899904623, 2026982, 3.9817881514596998, 110844, 0, 0.0, 1, 
2019-12-08 10:15:53.893,216144776, 0.02490778899904623, 2026982, 3.9817881514596998, 110844, 0, 0.0, 1, 
2019-12-08 10:15:54.943,216946976, 0.02490778899904623, 2026982, 3.9817881514596998, 110844, 0, 0.0, 1, 
2019-12-08 10:15:56.002,217776112, 0.02490778899904623, 2026982, 3.9817881514596998, 110844, 0, 0.0, 1, 
2019-12-08 10:15:57.052,218576896, 0.02291627214933819, 2026982, 3.663421948987715, 110844, 0, 0.0, 1, 
2019-12-08 10:15:58.098,219452360, 0.02291627214933819, 2026982, 3.663421948987715, 110844, 0, 0.0, 1, 
2019-12-08 10:15:59.139,220181608, 0.02291627214933819, 2026982, 3.663421948987715, 110844, 0, 0.0, 1, 
2019-12-08 10:16:00.172,221653584, 0.02291627214933819, 2026982, 3.663421948987715, 110857, 0, 0.0, 1, 
2019-12-08 10:16:01.2,228391776, 0.02291627214933819, 2026982, 3.663421948987715, 111061, 0, 0.0, 1, 
2019-12-08 10:16:02.248,231528672, 0.021083988195124116, 2026982, 7.0484678296477465, 111101, 0, 0.0, 1, 
2019-12-08 10:16:03.293,232389240, 0.021083988195124116, 2026982, 7.0484678296477465, 111101, 0, 0.0, 1, 
2019-12-08 10:16:04.332,233000504, 0.021083988195124116, 2026982, 7.0484678296477465, 111101, 0, 0.0, 1, 
