Timestamp, MemoryUsed, ReadLatency1, ReadCount, WriteLatency1, WriteCount, PendingTasks, WaitingOnCommit1, SRDelay, 
2019-12-08 10:15:37.052,171654304, 2.964393875E-314, 1955645, 2.964393875E-314, 106581, 0, 0.0, 1, 
2019-12-08 10:15:38.123,172944944, 2.964393875E-314, 1955645, 2.964393875E-314, 106581, 0, 0.0, 1, 
2019-12-08 10:15:39.182,186898416, 2.964393875E-314, 1955645, 2.964393875E-314, 106581, 0, 0.0, 1, 
2019-12-08 10:15:40.271,188177240, 2.964393875E-314, 1955645, 2.964393875E-314, 106581, 0, 0.0, 1, 
2019-12-08 10:15:41.339,189695280, 2.964393875E-314, 1955645, 2.964393875E-314, 106581, 0, 0.0, 1, 
2019-12-08 10:15:42.384,191158760, 2.964393875E-314, 1955645, 2.964393875E-314, 106581, 0, 0.0, 1, 
2019-12-08 10:15:43.443,192695096, 2.964393875E-314, 1955645, 2.964393875E-314, 106581, 0, 0.0, 1, 
2019-12-08 10:15:44.501,193988032, 2.964393875E-314, 1955645, 2.964393875E-314, 106581, 0, 0.0, 1, 
2019-12-08 10:15:45.544,195245464, 2.964393875E-314, 1955645, 2.964393875E-314, 106581, 0, 0.0, 1, 
2019-12-08 10:15:46.595,196594048, 2.964393875E-314, 1955645, 2.964393875E-314, 106581, 0, 0.0, 1, 
2019-12-08 10:15:47.635,198560064, 2.964393875E-314, 1955645, 2.964393875E-314, 106581, 0, 0.0, 1, 
2019-12-08 10:15:48.67,205877536, 2.964393875E-314, 1955645, 2.964393875E-314, 106720, 0, 0.0, 1, 
2019-12-08 10:15:49.705,210714104, 2.964393875E-314, 1955645, 2.964393875E-314, 106829, 0, 0.0, 1, 
2019-12-08 10:15:50.76,213381176, 2.964393875E-314, 1955645, 2.964393875E-314, 106829, 0, 0.0, 1, 
2019-12-08 10:15:51.798,214672792, 2.964393875E-314, 1955645, 3.9657970343855653, 106829, 0, 0.0, 1, 
2019-12-08 10:15:52.842,215513648, 2.964393875E-314, 1955645, 3.9657970343855653, 106829, 0, 0.0, 1, 
2019-12-08 10:15:53.884,216356064, 2.964393875E-314, 1955645, 3.9657970343855653, 106829, 0, 0.0, 1, 
2019-12-08 10:15:54.923,217028832, 2.964393875E-314, 1955645, 3.9657970343855653, 106829, 0, 0.0, 1, 
2019-12-08 10:15:55.978,217878760, 2.964393875E-314, 1955645, 3.648709411039974, 106829, 0, 0.0, 1, 
2019-12-08 10:15:57.034,218757976, 2.964393875E-314, 1955645, 3.648709411039974, 106829, 0, 0.0, 1, 
2019-12-08 10:15:58.09,219395400, 2.964393875E-314, 1955645, 3.648709411039974, 106829, 0, 0.0, 1, 
2019-12-08 10:15:59.126,220234992, 2.964393875E-314, 1955645, 3.648709411039974, 106829, 0, 0.0, 1, 
2019-12-08 10:16:00.164,221044008, 2.964393875E-314, 1955645, 3.648709411039974, 106838, 0, 0.0, 1, 
2019-12-08 10:16:01.193,229491328, 2.964393875E-314, 1955645, 5.707668924130671, 107036, 0, 0.0, 1, 
2019-12-08 10:16:02.238,231204176, 2.964393875E-314, 1955645, 5.707668924130671, 107062, 0, 0.0, 1, 
2019-12-08 10:16:03.283,232550232, 2.964393875E-314, 1955645, 5.707668924130671, 107062, 0, 0.0, 1, 
2019-12-08 10:16:04.322,233430776, 2.964393875E-314, 1955645, 5.707668924130671, 107062, 0, 0.0, 1, 
