Timestamp, MemoryUsed, ReadLatency1, ReadCount, WriteLatency1, WriteCount, PendingTasks, WaitingOnCommit1, SRDelay, 
2019-12-10 14:08:11.54,265420424, 340.51550391747014, 1131268, 17.9587164022052, 61487, 0, 0.0, 1, 
2019-12-10 14:08:12.575,273993848, 340.51550391747014, 1131614, 17.9587164022052, 61500, 0, 0.0, 1, 
2019-12-10 14:08:13.614,284440864, 340.51550391747014, 1132197, 17.9587164022052, 61535, 0, 0.0, 1, 
2019-12-10 14:08:14.661,299654760, 340.9380288951379, 1132950, 17.882061671062417, 61575, 0, 0.0, 1, 
2019-12-10 14:08:15.69,313150440, 340.9380288951379, 1133676, 17.882061671062417, 61609, 0, 0.0, 1, 
2019-12-10 14:08:16.721,327575448, 340.9380288951379, 1134493, 17.882061671062417, 61652, 0, 0.0, 1, 
2019-12-10 14:08:17.757,343540440, 340.9380288951379, 1135252, 17.882061671062417, 61689, 0, 0.0, 1, 
2019-12-10 14:08:18.793,358355264, 340.9380288951379, 1136121, 17.882061671062417, 61732, 0, 0.0, 1, 
2019-12-10 14:08:19.819,91444472, 375.8356012868665, 1137008, 19.60254102612274, 61774, 0, 0.0, 1, 
2019-12-10 14:08:20.847,107504784, 375.8356012868665, 1137900, 19.60254102612274, 61821, 0, 0.0, 1, 
2019-12-10 14:08:21.88,125078504, 375.8356012868665, 1138829, 19.60254102612274, 61874, 0, 0.0, 1, 
2019-12-10 14:08:22.911,141377544, 375.8356012868665, 1139748, 19.60254102612274, 61931, 0, 0.0, 1, 
2019-12-10 14:08:23.938,160441096, 375.8356012868665, 1140729, 19.60254102612274, 61982, 0, 0.0, 1, 
2019-12-10 14:08:24.972,178185072, 417.79344596766623, 1141761, 21.905058715567144, 62036, 0, 0.0, 1, 
2019-12-10 14:08:26.002,197642016, 417.79344596766623, 1142823, 21.905058715567144, 62097, 0, 0.0, 1, 
2019-12-10 14:08:27.032,216789952, 417.79344596766623, 1143937, 21.905058715567144, 62169, 0, 0.0, 1, 
2019-12-10 14:08:28.059,235086008, 417.79344596766623, 1144993, 21.905058715567144, 62232, 0, 0.0, 1, 
2019-12-10 14:08:29.089,255506040, 417.79344596766623, 1146067, 21.905058715567144, 62275, 0, 0.0, 1, 
2019-12-10 14:08:30.135,277588808, 469.0934735729842, 1147329, 24.871006460254854, 62353, 0, 0.0, 1, 
2019-12-10 14:08:31.166,296394144, 469.0934735729842, 1148367, 24.871006460254854, 62415, 0, 0.0, 1, 
2019-12-10 14:08:32.209,318354968, 469.0934735729842, 1149502, 24.871006460254854, 62468, 0, 0.0, 1, 
2019-12-10 14:08:33.237,341256536, 469.0934735729842, 1150848, 24.871006460254854, 62543, 0, 0.0, 1, 
2019-12-10 14:08:34.271,366109520, 469.0934735729842, 1152305, 24.871006460254854, 62620, 0, 0.0, 1, 
2019-12-10 14:08:35.298,107639248, 527.0697903495543, 1153743, 28.11152586320955, 62680, 0, 0.0, 1, 
2019-12-10 14:08:36.334,127536000, 527.0697903495543, 1154939, 28.11152586320955, 62748, 0, 0.0, 1, 
2019-12-10 14:08:37.366,128288992, 527.0697903495543, 1154939, 28.11152586320955, 62748, 0, 0.0, 1, 
2019-12-10 14:08:38.405,129080200, 527.0697903495543, 1154939, 28.11152586320955, 62748, 0, 0.0, 1, 
2019-12-10 14:08:39.456,130149688, 526.1527165480767, 1154939, 27.8947242255689, 62748, 0, 0.0, 1, 
