Timestamp, MemoryUsed, ReadLatency1, ReadCount, WriteLatency1, WriteCount, PendingTasks, WaitingOnCommit1, SRDelay, 
2019-12-10 13:59:06.114,288265152, 59.66901268385789, 787573, 7.200923430777179, 43496, 0, 0.0, 1, 
2019-12-10 13:59:07.186,295873680, 59.66901268385789, 787909, 7.200923430777179, 43512, 0, 0.0, 1, 
2019-12-10 13:59:08.233,307716000, 72.61629956437167, 788411, 7.520671938811547, 43540, 0, 0.0, 1, 
2019-12-10 13:59:09.266,317990248, 72.61629956437167, 788893, 7.520671938811547, 43571, 0, 0.0, 1, 
2019-12-10 13:59:10.321,328386672, 72.61629956437167, 789334, 7.520671938811547, 43594, 0, 0.0, 1, 
2019-12-10 13:59:11.354,337444472, 72.61629956437167, 789715, 7.520671938811547, 43611, 0, 0.0, 1, 
2019-12-10 13:59:12.386,346297944, 72.61629956437167, 790119, 7.520671938811547, 43632, 0, 0.0, 1, 
2019-12-10 13:59:13.416,356731944, 100.21566439311864, 790561, 8.726348440940342, 43660, 0, 0.0, 1, 
2019-12-10 13:59:14.445,83863048, 100.21566439311864, 790980, 8.726348440940342, 43688, 0, 0.0, 1, 
2019-12-10 13:59:15.476,94373256, 100.21566439311864, 791442, 8.726348440940342, 43718, 0, 0.0, 1, 
2019-12-10 13:59:16.505,104662328, 100.21566439311864, 791959, 8.726348440940342, 43748, 0, 0.0, 1, 
2019-12-10 13:59:17.545,117074344, 100.21566439311864, 792483, 8.726348440940342, 43771, 0, 0.0, 1, 
2019-12-10 13:59:18.58,128749712, 129.8619429928443, 793015, 10.219411182353006, 43801, 0, 0.0, 1, 
2019-12-10 13:59:19.609,138725048, 129.8619429928443, 793517, 10.219411182353006, 43830, 0, 0.0, 1, 
2019-12-10 13:59:20.642,148613824, 129.8619429928443, 794007, 10.219411182353006, 43850, 0, 0.0, 1, 
2019-12-10 13:59:21.674,159725192, 129.8619429928443, 794515, 10.219411182353006, 43875, 0, 0.0, 1, 
2019-12-10 13:59:22.711,172332448, 129.8619429928443, 795014, 10.219411182353006, 43914, 0, 0.0, 1, 
2019-12-10 13:59:23.742,182478488, 157.8574363014028, 795498, 11.577104101206737, 43935, 0, 0.0, 1, 
2019-12-10 13:59:24.77,192620536, 157.8574363014028, 795975, 11.577104101206737, 43955, 0, 0.0, 1, 
2019-12-10 13:59:25.803,204248960, 157.8574363014028, 796516, 11.577104101206737, 43978, 0, 0.0, 1, 
2019-12-10 13:59:26.836,214899656, 157.8574363014028, 797014, 11.577104101206737, 44009, 0, 0.0, 1, 
2019-12-10 13:59:27.871,227697776, 157.8574363014028, 797615, 11.577104101206737, 44040, 0, 0.0, 1, 
2019-12-10 13:59:28.903,238114680, 185.8053165938912, 798115, 12.666330717238543, 44071, 0, 0.0, 1, 
2019-12-10 13:59:29.932,250550024, 185.8053165938912, 798717, 12.666330717238543, 44107, 0, 0.0, 1, 
2019-12-10 13:59:30.961,261481216, 185.8053165938912, 799278, 12.666330717238543, 44130, 0, 0.0, 1, 
2019-12-10 13:59:31.987,274665616, 185.8053165938912, 799848, 12.666330717238543, 44165, 0, 0.0, 1, 
2019-12-10 13:59:33.016,286477336, 185.8053165938912, 800439, 12.666330717238543, 44191, 0, 0.0, 1, 
2019-12-10 13:59:34.042,299305696, 215.13260021647864, 801077, 14.004281040141048, 44228, 0, 0.0, 1, 
2019-12-10 13:59:35.068,310310208, 215.13260021647864, 801595, 14.004281040141048, 44257, 0, 0.0, 1, 
2019-12-10 13:59:36.099,320149240, 215.13260021647864, 802077, 14.004281040141048, 44288, 0, 0.0, 1, 
2019-12-10 13:59:37.126,330833832, 215.13260021647864, 802529, 14.004281040141048, 44314, 0, 0.0, 1, 
2019-12-10 13:59:38.154,343333792, 215.13260021647864, 803034, 14.004281040141048, 44331, 0, 0.0, 1, 
2019-12-10 13:59:39.185,351403232, 238.0532599728599, 803527, 15.027370239815236, 44357, 0, 0.0, 1, 
2019-12-10 13:59:40.218,363191128, 238.0532599728599, 804025, 15.027370239815236, 44382, 0, 0.0, 1, 
2019-12-10 13:59:41.245,92098776, 238.0532599728599, 804555, 15.027370239815236, 44415, 0, 0.0, 1, 
2019-12-10 13:59:42.281,102220048, 238.0532599728599, 805058, 15.027370239815236, 44445, 0, 0.0, 1, 
2019-12-10 13:59:43.31,114509608, 258.3257379905567, 805567, 15.85671992412411, 44460, 0, 0.0, 1, 
2019-12-10 13:59:44.339,124789240, 258.3257379905567, 806049, 15.85671992412411, 44479, 0, 0.0, 1, 
2019-12-10 13:59:45.39,136429520, 258.3257379905567, 806551, 15.85671992412411, 44508, 0, 0.0, 1, 
2019-12-10 13:59:46.421,147541464, 258.3257379905567, 807035, 15.85671992412411, 44533, 0, 0.0, 1, 
2019-12-10 13:59:47.448,157648008, 258.3257379905567, 807510, 15.85671992412411, 44549, 0, 0.0, 1, 
2019-12-10 13:59:48.484,168879568, 275.634064327207, 808013, 16.331918361612647, 44576, 0, 0.0, 1, 
2019-12-10 13:59:49.513,179233648, 275.634064327207, 808500, 16.331918361612647, 44610, 0, 0.0, 1, 
2019-12-10 13:59:50.538,189364032, 275.634064327207, 808985, 16.331918361612647, 44635, 0, 0.0, 1, 
2019-12-10 13:59:51.564,200531416, 275.634064327207, 809513, 16.331918361612647, 44656, 0, 0.0, 1, 
2019-12-10 13:59:52.614,211178000, 275.634064327207, 809990, 16.331918361612647, 44686, 0, 0.0, 1, 
2019-12-10 13:59:53.644,222137376, 291.7343955876392, 810473, 17.136917722569667, 44707, 0, 0.0, 1, 
2019-12-10 13:59:54.672,231387888, 291.7343955876392, 810958, 17.136917722569667, 44727, 0, 0.0, 1, 
2019-12-10 13:59:55.708,242118408, 291.7343955876392, 811454, 17.136917722569667, 44746, 0, 0.0, 1, 
2019-12-10 13:59:56.744,251966504, 291.7343955876392, 811964, 17.136917722569667, 44770, 0, 0.0, 1, 
2019-12-10 13:59:57.77,263217064, 291.7343955876392, 812405, 17.136917722569667, 44794, 0, 0.0, 1, 
2019-12-10 13:59:58.802,272345632, 305.42803724229225, 812868, 17.413810493248427, 44820, 0, 0.0, 1, 
2019-12-10 13:59:59.835,282241088, 305.42803724229225, 813374, 17.413810493248427, 44856, 0, 0.0, 1, 
2019-12-10 14:00:00.865,293651592, 305.42803724229225, 813832, 17.413810493248427, 44877, 0, 0.0, 1, 
2019-12-10 14:00:01.899,302462616, 305.42803724229225, 814319, 17.413810493248427, 44904, 0, 0.0, 1, 
2019-12-10 14:00:02.934,313418856, 305.42803724229225, 814774, 17.413810493248427, 44935, 0, 0.0, 1, 
2019-12-10 14:00:03.968,324834464, 317.7709378894051, 815262, 18.260235472105663, 44961, 0, 0.0, 1, 
2019-12-10 14:00:05.016,334913912, 317.7709378894051, 815732, 18.260235472105663, 44981, 0, 0.0, 1, 
2019-12-10 14:00:06.042,345410248, 317.7709378894051, 816194, 18.260235472105663, 45018, 0, 0.0, 1, 
2019-12-10 14:00:07.074,355424496, 317.7709378894051, 816681, 18.260235472105663, 45042, 0, 0.0, 1, 
2019-12-10 14:00:08.126,85811104, 317.7709378894051, 817133, 18.260235472105663, 45064, 0, 0.0, 1, 
2019-12-10 14:00:09.16,94154128, 328.98303463643873, 817601, 18.75114393897157, 45094, 0, 0.0, 1, 
2019-12-10 14:00:10.191,103796664, 328.98303463643873, 818102, 18.75114393897157, 45125, 0, 0.0, 1, 
2019-12-10 14:00:11.228,114200656, 328.98303463643873, 818567, 18.75114393897157, 45155, 0, 0.0, 1, 
2019-12-10 14:00:12.26,125831936, 328.98303463643873, 819063, 18.75114393897157, 45183, 0, 0.0, 1, 
2019-12-10 14:00:13.288,134568928, 339.53852838094264, 819516, 19.538614990562635, 45209, 0, 0.0, 1, 
2019-12-10 14:00:14.321,145400312, 339.53852838094264, 820004, 19.538614990562635, 45249, 0, 0.0, 1, 
2019-12-10 14:00:15.352,156281432, 339.53852838094264, 820505, 19.538614990562635, 45267, 0, 0.0, 1, 
2019-12-10 14:00:16.385,165075712, 339.53852838094264, 820978, 19.538614990562635, 45291, 0, 0.0, 1, 
2019-12-10 14:00:17.418,175514704, 339.53852838094264, 821457, 19.538614990562635, 45310, 0, 0.0, 1, 
2019-12-10 14:00:18.453,185380360, 349.50590931741436, 821922, 19.959292108852704, 45340, 0, 0.0, 1, 
2019-12-10 14:00:19.483,198101232, 349.50590931741436, 822420, 19.959292108852704, 45363, 0, 0.0, 1, 
2019-12-10 14:00:20.514,207307456, 349.50590931741436, 822927, 19.959292108852704, 45386, 0, 0.0, 1, 
2019-12-10 14:00:21.548,216923864, 349.50590931741436, 823437, 19.959292108852704, 45411, 0, 0.0, 1, 
2019-12-10 14:00:22.58,229021944, 349.50590931741436, 823957, 19.959292108852704, 45439, 0, 0.0, 1, 
2019-12-10 14:00:23.61,239097272, 360.7871699302838, 824440, 20.282369273601297, 45462, 0, 0.0, 1, 
2019-12-10 14:00:24.639,251161128, 360.7871699302838, 824935, 20.282369273601297, 45485, 0, 0.0, 1, 
2019-12-10 14:00:25.667,261408896, 360.7871699302838, 825432, 20.282369273601297, 45526, 0, 0.0, 1, 
2019-12-10 14:00:26.692,272439656, 360.7871699302838, 825922, 20.282369273601297, 45550, 0, 0.0, 1, 
2019-12-10 14:00:27.721,283392360, 360.7871699302838, 826406, 20.282369273601297, 45584, 0, 0.0, 1, 
2019-12-10 14:00:28.758,293521240, 370.1110170202392, 826913, 20.94741030722763, 45611, 0, 0.0, 1, 
2019-12-10 14:00:29.787,303213544, 370.1110170202392, 827408, 20.94741030722763, 45635, 0, 0.0, 1, 
2019-12-10 14:00:30.812,313369952, 370.1110170202392, 827901, 20.94741030722763, 45656, 0, 0.0, 1, 
2019-12-10 14:00:31.84,326533464, 370.1110170202392, 828500, 20.94741030722763, 45679, 0, 0.0, 1, 
2019-12-10 14:00:32.867,338612768, 370.1110170202392, 829057, 20.94741030722763, 45714, 0, 0.0, 1, 
2019-12-10 14:00:33.893,352921120, 382.39930961940996, 829717, 21.36738419082523, 45752, 0, 0.0, 1, 
2019-12-10 14:00:34.919,365719608, 382.39930961940996, 830380, 21.36738419082523, 45778, 0, 0.0, 1, 
2019-12-10 14:00:35.944,97942120, 382.39930961940996, 831159, 21.36738419082523, 45815, 0, 0.0, 1, 
2019-12-10 14:00:36.973,116380592, 382.39930961940996, 832013, 21.36738419082523, 45861, 0, 0.0, 1, 
2019-12-10 14:00:38.002,132644168, 382.39930961940996, 832855, 21.36738419082523, 45907, 0, 0.0, 1, 
2019-12-10 14:00:39.027,149038312, 412.11086034293766, 833716, 22.649281372870963, 45947, 0, 0.0, 1, 
2019-12-10 14:00:40.057,167074136, 412.11086034293766, 834630, 22.649281372870963, 46000, 0, 0.0, 1, 
2019-12-10 14:00:41.081,185917736, 412.11086034293766, 835506, 22.649281372870963, 46057, 0, 0.0, 1, 
2019-12-10 14:00:42.109,203680392, 412.11086034293766, 836444, 22.649281372870963, 46098, 0, 0.0, 1, 
2019-12-10 14:00:43.133,222051968, 412.11086034293766, 837332, 22.649281372870963, 46143, 0, 0.0, 1, 
2019-12-10 14:00:44.158,238148696, 448.81760124153845, 838208, 24.532292866603164, 46181, 0, 0.0, 1, 
2019-12-10 14:00:45.185,256144808, 448.81760124153845, 839106, 24.532292866603164, 46236, 0, 0.0, 1, 
2019-12-10 14:00:46.216,273624872, 448.81760124153845, 840022, 24.532292866603164, 46285, 0, 0.0, 1, 
2019-12-10 14:00:47.246,292232336, 448.81760124153845, 840948, 24.532292866603164, 46330, 0, 0.0, 1, 
2019-12-10 14:00:48.269,310438816, 483.436962389471, 841857, 26.136818137501212, 46369, 0, 0.0, 1, 
2019-12-10 14:00:49.296,329187904, 483.436962389471, 842819, 26.136818137501212, 46419, 0, 0.0, 1, 
2019-12-10 14:00:50.362,346681952, 483.436962389471, 843755, 26.136818137501212, 46462, 0, 0.0, 1, 
2019-12-10 14:00:51.391,366669336, 483.436962389471, 844840, 26.136818137501212, 46506, 0, 0.0, 1, 
2019-12-10 14:00:52.416,103290832, 483.436962389471, 845811, 26.136818137501212, 46558, 0, 0.0, 1, 
2019-12-10 14:00:53.442,121449776, 520.2615496617178, 846771, 27.80494605601219, 46621, 0, 0.0, 1, 
2019-12-10 14:00:54.471,141767096, 520.2615496617178, 847818, 27.80494605601219, 46674, 0, 0.0, 1, 
2019-12-10 14:00:55.497,160782728, 520.2615496617178, 848813, 27.80494605601219, 46735, 0, 0.0, 1, 
2019-12-10 14:00:56.52,177981048, 520.2615496617178, 849792, 27.80494605601219, 46793, 0, 0.0, 1, 
2019-12-10 14:00:57.543,198040064, 520.2615496617178, 850728, 27.80494605601219, 46845, 0, 0.0, 1, 
2019-12-10 14:00:58.565,216273352, 555.9168194978076, 851689, 30.139253684032216, 46912, 0, 0.0, 1, 
2019-12-10 14:00:59.59,235185952, 555.9168194978076, 852716, 30.139253684032216, 46963, 0, 0.0, 1, 
2019-12-10 14:01:00.614,254245880, 555.9168194978076, 853748, 30.139253684032216, 47012, 0, 0.0, 1, 
2019-12-10 14:01:01.637,275187216, 555.9168194978076, 854776, 30.139253684032216, 47073, 0, 0.0, 1, 
2019-12-10 14:01:02.661,294200048, 555.9168194978076, 855786, 30.139253684032216, 47125, 0, 0.0, 1, 
2019-12-10 14:01:03.693,314862576, 591.5196968505771, 856832, 31.93511580358769, 47173, 0, 0.0, 1, 
2019-12-10 14:01:04.737,336252368, 591.5196968505771, 857924, 31.93511580358769, 47228, 0, 0.0, 1, 
2019-12-10 14:01:05.761,354486336, 591.5196968505771, 858934, 31.93511580358769, 47291, 0, 0.0, 1, 
2019-12-10 14:01:06.783,93233816, 591.5196968505771, 860012, 31.93511580358769, 47340, 0, 0.0, 1, 
2019-12-10 14:01:07.819,113620888, 591.5196968505771, 861084, 31.93511580358769, 47393, 0, 0.0, 1, 
2019-12-10 14:01:08.844,134520088, 625.9230103623614, 862178, 33.57139759905495, 47440, 0, 0.0, 1, 
2019-12-10 14:01:09.867,156524720, 625.9230103623614, 863360, 33.57139759905495, 47495, 0, 0.0, 1, 
2019-12-10 14:01:10.894,177414688, 625.9230103623614, 864540, 33.57139759905495, 47549, 0, 0.0, 1, 
2019-12-10 14:01:11.919,200359808, 625.9230103623614, 865728, 33.57139759905495, 47600, 0, 0.0, 1, 
2019-12-10 14:01:12.942,222604800, 625.9230103623614, 866853, 33.57139759905495, 47670, 0, 0.0, 1, 
2019-12-10 14:01:13.967,242461216, 666.54660348221, 868001, 35.268742930623866, 47733, 0, 0.0, 1, 
2019-12-10 14:01:14.995,263157744, 666.54660348221, 869062, 35.268742930623866, 47811, 0, 0.0, 1, 
2019-12-10 14:01:16.019,284939144, 666.54660348221, 870235, 35.268742930623866, 47874, 0, 0.0, 1, 
2019-12-10 14:01:17.046,306492336, 666.54660348221, 871439, 35.268742930623866, 47936, 0, 0.0, 1, 
2019-12-10 14:01:18.077,329507688, 666.54660348221, 872630, 35.268742930623866, 47990, 0, 0.0, 1, 
2019-12-10 14:01:19.107,347867488, 702.8187263561856, 873540, 37.40605623729987, 48036, 0, 0.0, 1, 
2019-12-10 14:01:20.136,357727568, 702.8187263561856, 874035, 37.40605623729987, 48071, 0, 0.0, 1, 
2019-12-10 14:01:21.162,368433280, 702.8187263561856, 874531, 37.40605623729987, 48089, 0, 0.0, 1, 
2019-12-10 14:01:22.202,95158776, 702.8187263561856, 874999, 37.40605623729987, 48110, 0, 0.0, 1, 
2019-12-10 14:01:23.235,107401840, 690.9678113274807, 875529, 36.542051685298105, 48130, 0, 0.0, 1, 
2019-12-10 14:01:24.268,117180856, 690.9678113274807, 875984, 36.542051685298105, 48160, 0, 0.0, 1, 
2019-12-10 14:01:25.298,127493664, 690.9678113274807, 876471, 36.542051685298105, 48176, 0, 0.0, 1, 
2019-12-10 14:01:26.327,137251512, 690.9678113274807, 876967, 36.542051685298105, 48200, 0, 0.0, 1, 
2019-12-10 14:01:27.354,147982776, 690.9678113274807, 877456, 36.542051685298105, 48236, 0, 0.0, 1, 
2019-12-10 14:01:28.384,159290176, 673.7479519027904, 877982, 35.77911135716284, 48268, 0, 0.0, 1, 
2019-12-10 14:01:29.423,169036712, 673.7479519027904, 878440, 35.77911135716284, 48295, 0, 0.0, 1, 
2019-12-10 14:01:30.456,180341480, 673.7479519027904, 878905, 35.77911135716284, 48315, 0, 0.0, 1, 
2019-12-10 14:01:31.484,189927856, 673.7479519027904, 879404, 35.77911135716284, 48333, 0, 0.0, 1, 
2019-12-10 14:01:32.525,201536336, 673.7479519027904, 879876, 35.77911135716284, 48361, 0, 0.0, 1, 
2019-12-10 14:01:33.551,210786992, 657.0733783305471, 880378, 34.74135891100969, 48385, 0, 0.0, 1, 
2019-12-10 14:01:34.585,220853848, 657.0733783305471, 880855, 34.74135891100969, 48403, 0, 0.0, 1, 
2019-12-10 14:01:35.61,231492680, 657.0733783305471, 881345, 34.74135891100969, 48430, 0, 0.0, 1, 
2019-12-10 14:01:36.64,241890296, 657.0733783305471, 881844, 34.74135891100969, 48456, 0, 0.0, 1, 
2019-12-10 14:01:37.679,252487256, 657.0733783305471, 882333, 34.74135891100969, 48482, 0, 0.0, 1, 
2019-12-10 14:01:38.705,262982720, 642.5795592540081, 882824, 33.786580569158566, 48510, 0, 0.0, 1, 
2019-12-10 14:01:39.733,273533408, 642.5795592540081, 883303, 33.786580569158566, 48528, 0, 0.0, 1, 
2019-12-10 14:01:40.762,282618272, 642.5795592540081, 883761, 33.786580569158566, 48557, 0, 0.0, 1, 
2019-12-10 14:01:41.788,293113736, 642.5795592540081, 884267, 33.786580569158566, 48587, 0, 0.0, 1, 
2019-12-10 14:01:42.815,304547264, 642.5795592540081, 884745, 33.786580569158566, 48611, 0, 0.0, 1, 
2019-12-10 14:01:43.84,312874552, 628.844824039137, 885257, 33.14800884464142, 48644, 0, 0.0, 1, 
2019-12-10 14:01:44.872,325954336, 628.844824039137, 885732, 33.14800884464142, 48668, 0, 0.0, 1, 
2019-12-10 14:01:45.903,335823048, 628.844824039137, 886184, 33.14800884464142, 48694, 0, 0.0, 1, 
2019-12-10 14:01:46.94,345405088, 628.844824039137, 886686, 33.14800884464142, 48717, 0, 0.0, 1, 
2019-12-10 14:01:47.967,355229328, 628.844824039137, 887134, 33.14800884464142, 48745, 0, 0.0, 1, 
2019-12-10 14:01:49.002,365624120, 615.3127550621307, 887619, 32.54450337908507, 48767, 0, 0.0, 1, 
2019-12-10 14:01:50.038,91409280, 615.3127550621307, 888115, 32.54450337908507, 48785, 0, 0.0, 1, 
2019-12-10 14:01:51.07,102884712, 615.3127550621307, 888620, 32.54450337908507, 48806, 0, 0.0, 1, 
2019-12-10 14:01:52.103,113063992, 615.3127550621307, 889124, 32.54450337908507, 48840, 0, 0.0, 1, 
2019-12-10 14:01:53.13,122550384, 615.3127550621307, 889581, 32.54450337908507, 48866, 0, 0.0, 1, 
2019-12-10 14:01:54.156,133638520, 604.014011010795, 890052, 31.797358141412058, 48899, 0, 0.0, 1, 
2019-12-10 14:01:55.181,142722552, 604.014011010795, 890544, 31.797358141412058, 48922, 0, 0.0, 1, 
2019-12-10 14:01:56.209,153817944, 604.014011010795, 891045, 31.797358141412058, 48951, 0, 0.0, 1, 
2019-12-10 14:01:57.236,163632688, 604.014011010795, 891515, 31.797358141412058, 48977, 0, 0.0, 1, 
2019-12-10 14:01:58.265,188810272, 592.7231620978857, 891950, 31.3818003288344, 48999, 0, 0.0, 1, 
2019-12-10 14:01:59.296,199119968, 592.7231620978857, 892387, 31.3818003288344, 49035, 0, 0.0, 1, 
2019-12-10 14:02:00.322,209294304, 592.7231620978857, 892913, 31.3818003288344, 49061, 0, 0.0, 1, 
2019-12-10 14:02:01.351,219657608, 592.7231620978857, 893415, 31.3818003288344, 49085, 0, 0.0, 1, 
2019-12-10 14:02:02.379,229275928, 592.7231620978857, 893883, 31.3818003288344, 49111, 0, 0.0, 1, 
2019-12-10 14:02:03.405,241151304, 582.814813131364, 894373, 31.015459801490884, 49140, 0, 0.0, 1, 
2019-12-10 14:02:04.43,250562808, 582.814813131364, 894861, 31.015459801490884, 49169, 0, 0.0, 1, 
2019-12-10 14:02:05.454,261029584, 582.814813131364, 895321, 31.015459801490884, 49196, 0, 0.0, 1, 
2019-12-10 14:02:06.481,273019560, 582.814813131364, 895822, 31.015459801490884, 49230, 0, 0.0, 1, 
2019-12-10 14:02:07.512,283226352, 582.814813131364, 896305, 31.015459801490884, 49254, 0, 0.0, 1, 
2019-12-10 14:02:08.537,292974704, 573.8586031772588, 896789, 30.742374713752668, 49285, 0, 0.0, 1, 
2019-12-10 14:02:09.566,304002384, 573.8586031772588, 897276, 30.742374713752668, 49304, 0, 0.0, 1, 
2019-12-10 14:02:10.596,313220112, 573.8586031772588, 897740, 30.742374713752668, 49331, 0, 0.0, 1, 
2019-12-10 14:02:11.62,323230152, 573.8586031772588, 898199, 30.742374713752668, 49362, 0, 0.0, 1, 
2019-12-10 14:02:12.652,334822336, 573.8586031772588, 898693, 30.742374713752668, 49388, 0, 0.0, 1, 
2019-12-10 14:02:13.679,344464288, 565.3306521254023, 899182, 30.331213133319206, 49409, 0, 0.0, 1, 
2019-12-10 14:02:14.705,354330216, 565.3306521254023, 899647, 30.331213133319206, 49442, 0, 0.0, 1, 
2019-12-10 14:02:15.73,365978720, 565.3306521254023, 900143, 30.331213133319206, 49466, 0, 0.0, 1, 
2019-12-10 14:02:16.756,90792328, 565.3306521254023, 900621, 30.331213133319206, 49495, 0, 0.0, 1, 
2019-12-10 14:02:17.781,101287376, 565.3306521254023, 901097, 30.331213133319206, 49522, 0, 0.0, 1, 
2019-12-10 14:02:18.809,110575128, 557.6924429138733, 901588, 30.016890686027782, 49543, 0, 0.0, 1, 
2019-12-10 14:02:19.836,120895296, 557.6924429138733, 902099, 30.016890686027782, 49559, 0, 0.0, 1, 
2019-12-10 14:02:20.864,131940160, 557.6924429138733, 902597, 30.016890686027782, 49577, 0, 0.0, 1, 
2019-12-10 14:02:21.894,141421872, 557.6924429138733, 903082, 30.016890686027782, 49604, 0, 0.0, 1, 
2019-12-10 14:02:22.924,152051040, 557.6924429138733, 903550, 30.016890686027782, 49639, 0, 0.0, 1, 
2019-12-10 14:02:23.963,162439360, 551.0327468837409, 904071, 29.48783331789265, 49668, 0, 0.0, 1, 
2019-12-10 14:02:24.987,173567856, 551.0327468837409, 904553, 29.48783331789265, 49702, 0, 0.0, 1, 
2019-12-10 14:02:26.013,183252896, 551.0327468837409, 905028, 29.48783331789265, 49726, 0, 0.0, 1, 
2019-12-10 14:02:27.044,194319176, 551.0327468837409, 905516, 29.48783331789265, 49741, 0, 0.0, 1, 
2019-12-10 14:02:28.1,205961088, 551.0327468837409, 906012, 29.48783331789265, 49763, 0, 0.0, 1, 
2019-12-10 14:02:29.129,216809760, 545.1453975042004, 906507, 29.04905039254384, 49789, 0, 0.0, 1, 
2019-12-10 14:02:30.155,226560600, 545.1453975042004, 907010, 29.04905039254384, 49814, 0, 0.0, 1, 
2019-12-10 14:02:31.182,235864936, 545.1453975042004, 907463, 29.04905039254384, 49841, 0, 0.0, 1, 
2019-12-10 14:02:32.21,246639480, 545.1453975042004, 907957, 29.04905039254384, 49869, 0, 0.0, 1, 
2019-12-10 14:02:33.234,256943192, 539.0891299076175, 908422, 28.69332396406436, 49891, 0, 0.0, 1, 
2019-12-10 14:02:34.262,268031960, 539.0891299076175, 908908, 28.69332396406436, 49912, 0, 0.0, 1, 
2019-12-10 14:02:35.288,277595360, 539.0891299076175, 909382, 28.69332396406436, 49931, 0, 0.0, 1, 
2019-12-10 14:02:36.313,287402768, 539.0891299076175, 909850, 28.69332396406436, 49951, 0, 0.0, 1, 
2019-12-10 14:02:37.342,297834872, 539.0891299076175, 910344, 28.69332396406436, 49982, 0, 0.0, 1, 
2019-12-10 14:02:38.367,309475584, 533.3252013269911, 910813, 28.350048733331636, 50017, 0, 0.0, 1, 
2019-12-10 14:02:39.394,319699936, 533.3252013269911, 911295, 28.350048733331636, 50047, 0, 0.0, 1, 
2019-12-10 14:02:40.419,330145608, 533.3252013269911, 911785, 28.350048733331636, 50073, 0, 0.0, 1, 
2019-12-10 14:02:41.452,339746872, 533.3252013269911, 912279, 28.350048733331636, 50102, 0, 0.0, 1, 
2019-12-10 14:02:42.48,348786072, 533.3252013269911, 912703, 28.350048733331636, 50127, 0, 0.0, 1, 
2019-12-10 14:02:43.508,358551080, 527.2225751763567, 913172, 28.14615809413435, 50148, 0, 0.0, 1, 
2019-12-10 14:02:44.534,86283840, 527.2225751763567, 913640, 28.14615809413435, 50169, 0, 0.0, 1, 
2019-12-10 14:02:45.558,96735240, 527.2225751763567, 914108, 28.14615809413435, 50194, 0, 0.0, 1, 
2019-12-10 14:02:46.581,106455432, 527.2225751763567, 914610, 28.14615809413435, 50218, 0, 0.0, 1, 
2019-12-10 14:02:47.607,116194544, 527.2225751763567, 915073, 28.14615809413435, 50241, 0, 0.0, 1, 
2019-12-10 14:02:48.632,128084696, 522.3434794573051, 915584, 27.60676507471471, 50260, 0, 0.0, 1, 
2019-12-10 14:02:49.656,139186576, 522.3434794573051, 916084, 27.60676507471471, 50284, 0, 0.0, 1, 
2019-12-10 14:02:50.681,149831904, 522.3434794573051, 916561, 27.60676507471471, 50315, 0, 0.0, 1, 
2019-12-10 14:02:51.711,160673712, 522.3434794573051, 917070, 27.60676507471471, 50337, 0, 0.0, 1, 
2019-12-10 14:02:52.747,170615744, 522.3434794573051, 917533, 27.60676507471471, 50368, 0, 0.0, 1, 
2019-12-10 14:02:53.771,181054608, 518.829952834072, 918025, 27.574241935057547, 50397, 0, 0.0, 1, 
2019-12-10 14:02:54.796,190738632, 518.829952834072, 918521, 27.574241935057547, 50416, 0, 0.0, 1, 
2019-12-10 14:02:55.82,201464784, 518.829952834072, 918983, 27.574241935057547, 50455, 0, 0.0, 1, 
2019-12-10 14:02:56.858,212001016, 518.829952834072, 919474, 27.574241935057547, 50478, 0, 0.0, 1, 
2019-12-10 14:02:57.886,223157440, 518.829952834072, 919954, 27.574241935057547, 50506, 0, 0.0, 1, 
2019-12-10 14:02:58.911,233531608, 514.9896898398977, 920441, 27.528328084995632, 50539, 0, 0.0, 1, 
2019-12-10 14:02:59.938,244026808, 514.9896898398977, 920945, 27.528328084995632, 50567, 0, 0.0, 1, 
2019-12-10 14:03:00.969,253608584, 514.9896898398977, 921422, 27.528328084995632, 50585, 0, 0.0, 1, 
2019-12-10 14:03:01.998,263850392, 514.9896898398977, 921885, 27.528328084995632, 50607, 0, 0.0, 1, 
2019-12-10 14:03:03.027,274893632, 514.9896898398977, 922367, 27.528328084995632, 50634, 0, 0.0, 1, 
2019-12-10 14:03:04.055,286224136, 511.1686372140656, 922823, 27.23022743050587, 50661, 0, 0.0, 1, 
2019-12-10 14:03:05.081,295538064, 511.1686372140656, 923310, 27.23022743050587, 50690, 0, 0.0, 1, 
2019-12-10 14:03:06.11,305991456, 511.1686372140656, 923743, 27.23022743050587, 50713, 0, 0.0, 1, 
2019-12-10 14:03:07.14,315940760, 511.1686372140656, 924196, 27.23022743050587, 50746, 0, 0.0, 1, 
2019-12-10 14:03:08.17,327541496, 511.1686372140656, 924685, 27.23022743050587, 50767, 0, 0.0, 1, 
2019-12-10 14:03:09.202,338802928, 506.2778630192884, 925189, 27.163846110308985, 50795, 0, 0.0, 1, 
2019-12-10 14:03:10.228,349947344, 506.2778630192884, 925665, 27.163846110308985, 50819, 0, 0.0, 1, 
2019-12-10 14:03:11.262,361842392, 506.2778630192884, 926144, 27.163846110308985, 50844, 0, 0.0, 1, 
2019-12-10 14:03:12.29,89233552, 506.2778630192884, 926634, 27.163846110308985, 50872, 0, 0.0, 1, 
2019-12-10 14:03:13.318,100464392, 503.9369343431787, 927134, 26.990834527907168, 50904, 0, 0.0, 1, 
2019-12-10 14:03:14.345,111887184, 503.9369343431787, 927566, 26.990834527907168, 50928, 0, 0.0, 1, 
2019-12-10 14:03:15.372,122393280, 503.9369343431787, 928072, 26.990834527907168, 50960, 0, 0.0, 1, 
2019-12-10 14:03:16.401,133369008, 503.9369343431787, 928537, 26.990834527907168, 50975, 0, 0.0, 1, 
2019-12-10 14:03:17.428,144132872, 503.9369343431787, 928996, 26.990834527907168, 50995, 0, 0.0, 1, 
2019-12-10 14:03:18.456,154670640, 500.4559132725251, 929491, 26.751700602481517, 51024, 0, 0.0, 1, 
2019-12-10 14:03:19.484,165360904, 500.4559132725251, 929948, 26.751700602481517, 51052, 0, 0.0, 1, 
2019-12-10 14:03:20.515,176009352, 500.4559132725251, 930430, 26.751700602481517, 51077, 0, 0.0, 1, 
2019-12-10 14:03:21.544,187270824, 500.4559132725251, 930906, 26.751700602481517, 51095, 0, 0.0, 1, 
2019-12-10 14:03:22.572,197655816, 500.4559132725251, 931395, 26.751700602481517, 51125, 0, 0.0, 1, 
2019-12-10 14:03:23.63,208321504, 497.0773169914478, 931875, 26.595651238341805, 51148, 0, 0.0, 1, 
2019-12-10 14:03:24.665,220199072, 497.0773169914478, 932357, 26.595651238341805, 51172, 0, 0.0, 1, 
2019-12-10 14:03:25.694,230332792, 497.0773169914478, 932830, 26.595651238341805, 51195, 0, 0.0, 1, 
2019-12-10 14:03:26.723,239556712, 497.0773169914478, 933314, 26.595651238341805, 51222, 0, 0.0, 1, 
2019-12-10 14:03:27.753,251332856, 497.0773169914478, 933803, 26.595651238341805, 51248, 0, 0.0, 1, 
2019-12-10 14:03:28.793,262596528, 494.68845862209133, 934287, 26.32414995586552, 51273, 0, 0.0, 1, 
2019-12-10 14:03:29.857,274022424, 494.68845862209133, 934813, 26.32414995586552, 51294, 0, 0.0, 1, 
2019-12-10 14:03:30.917,284285008, 494.68845862209133, 935306, 26.32414995586552, 51318, 0, 0.0, 1, 
2019-12-10 14:03:31.947,294991312, 494.68845862209133, 935768, 26.32414995586552, 51341, 0, 0.0, 1, 
2019-12-10 14:03:32.981,306270480, 494.68845862209133, 936236, 26.32414995586552, 51368, 0, 0.0, 1, 
2019-12-10 14:03:34.018,316949968, 492.442629470802, 936695, 26.07435671735852, 51393, 0, 0.0, 1, 
2019-12-10 14:03:35.045,327782008, 492.442629470802, 937162, 26.07435671735852, 51423, 0, 0.0, 1, 
2019-12-10 14:03:36.074,338441672, 492.442629470802, 937652, 26.07435671735852, 51445, 0, 0.0, 1, 
2019-12-10 14:03:37.119,350046680, 492.442629470802, 938162, 26.07435671735852, 51470, 0, 0.0, 1, 
2019-12-10 14:03:38.149,360410808, 492.442629470802, 938597, 26.07435671735852, 51498, 0, 0.0, 1, 
2019-12-10 14:03:39.177,87600304, 489.4328909965725, 939061, 26.052420365421742, 51526, 0, 0.0, 1, 
2019-12-10 14:03:40.201,98571256, 489.4328909965725, 939580, 26.052420365421742, 51563, 0, 0.0, 1, 
2019-12-10 14:03:41.23,109572960, 489.4328909965725, 940113, 26.052420365421742, 51585, 0, 0.0, 1, 
2019-12-10 14:03:42.257,120953032, 489.4328909965725, 940579, 26.052420365421742, 51601, 0, 0.0, 1, 
2019-12-10 14:03:43.285,130884920, 488.56674085568477, 941045, 25.904309010751884, 51625, 0, 0.0, 1, 
2019-12-10 14:03:44.315,140415648, 488.56674085568477, 941506, 25.904309010751884, 51651, 0, 0.0, 1, 
2019-12-10 14:03:45.344,149679632, 488.56674085568477, 941942, 25.904309010751884, 51680, 0, 0.0, 1, 
2019-12-10 14:03:46.371,161580280, 488.56674085568477, 942397, 25.904309010751884, 51710, 0, 0.0, 1, 
2019-12-10 14:03:47.397,171821568, 488.56674085568477, 942874, 25.904309010751884, 51735, 0, 0.0, 1, 
2019-12-10 14:03:48.423,182569744, 485.2912211098397, 943340, 25.991915625182592, 51765, 0, 0.0, 1, 
2019-12-10 14:03:49.455,194724456, 485.2912211098397, 943831, 25.991915625182592, 51788, 0, 0.0, 1, 
2019-12-10 14:03:50.501,206400312, 485.2912211098397, 944407, 25.991915625182592, 51823, 0, 0.0, 1, 
2019-12-10 14:03:51.524,218444384, 485.2912211098397, 944989, 25.991915625182592, 51853, 0, 0.0, 1, 
2019-12-10 14:03:52.548,233511104, 485.2912211098397, 945632, 25.991915625182592, 51887, 0, 0.0, 1, 
2019-12-10 14:03:53.569,247225168, 491.26460525833096, 946299, 26.31238435758618, 51917, 0, 0.0, 1, 
2019-12-10 14:03:54.593,263922816, 491.26460525833096, 947117, 26.31238435758618, 51970, 0, 0.0, 1, 
2019-12-10 14:03:55.616,280898680, 491.26460525833096, 947992, 26.31238435758618, 52026, 0, 0.0, 1, 
2019-12-10 14:03:56.64,298773712, 491.26460525833096, 948899, 26.31238435758618, 52063, 0, 0.0, 1, 
2019-12-10 14:03:57.663,316130968, 491.26460525833096, 949820, 26.31238435758618, 52102, 0, 0.0, 1, 
2019-12-10 14:03:58.692,335106552, 519.0679922990043, 950677, 27.646652434716238, 52146, 0, 0.0, 1, 
2019-12-10 14:03:59.715,351490160, 519.0679922990043, 951584, 27.646652434716238, 52182, 0, 0.0, 1, 
2019-12-10 14:04:00.738,367852776, 519.0679922990043, 952492, 27.646652434716238, 52226, 0, 0.0, 1, 
2019-12-10 14:04:01.767,101554776, 519.0679922990043, 953406, 27.646652434716238, 52268, 0, 0.0, 1, 
2019-12-10 14:04:02.802,116631528, 519.0679922990043, 954271, 27.646652434716238, 52313, 0, 0.0, 1, 
2019-12-10 14:04:03.829,136890304, 547.8465666683803, 955226, 28.79428274132728, 52357, 0, 0.0, 1, 
2019-12-10 14:04:04.857,155693344, 547.8465666683803, 956157, 28.79428274132728, 52409, 0, 0.0, 1, 
2019-12-10 14:04:05.881,174509936, 547.8465666683803, 957137, 28.79428274132728, 52465, 0, 0.0, 1, 
2019-12-10 14:04:06.91,193963968, 547.8465666683803, 958119, 28.79428274132728, 52519, 0, 0.0, 1, 
2019-12-10 14:04:07.933,211343432, 547.8465666683803, 959095, 28.79428274132728, 52566, 0, 0.0, 1, 
2019-12-10 14:04:08.957,230745528, 579.2014239855306, 960060, 30.377860458430575, 52613, 0, 0.0, 1, 
2019-12-10 14:04:09.98,249920576, 579.2014239855306, 961076, 30.377860458430575, 52668, 0, 0.0, 1, 
2019-12-10 14:04:11.012,268522752, 579.2014239855306, 962075, 30.377860458430575, 52716, 0, 0.0, 1, 
2019-12-10 14:04:12.037,288158440, 579.2014239855306, 963115, 30.377860458430575, 52765, 0, 0.0, 1, 
2019-12-10 14:04:13.063,307204128, 579.2014239855306, 964113, 30.377860458430575, 52826, 0, 0.0, 1, 
2019-12-10 14:04:14.09,327078816, 610.9276864050186, 965074, 32.04270681414667, 52860, 0, 0.0, 1, 
2019-12-10 14:04:15.116,346770568, 610.9276864050186, 966125, 32.04270681414667, 52914, 0, 0.0, 1, 
2019-12-10 14:04:16.161,367474120, 610.9276864050186, 967178, 32.04270681414667, 52964, 0, 0.0, 1, 
2019-12-10 14:04:17.184,106031176, 610.9276864050186, 968288, 32.04270681414667, 53024, 0, 0.0, 1, 
2019-12-10 14:04:18.206,127632376, 645.0425209999663, 969419, 33.62241275616166, 53090, 0, 0.0, 1, 
2019-12-10 14:04:19.23,148434048, 645.0425209999663, 970494, 33.62241275616166, 53160, 0, 0.0, 1, 
2019-12-10 14:04:20.253,170215240, 645.0425209999663, 971651, 33.62241275616166, 53216, 0, 0.0, 1, 
2019-12-10 14:04:21.276,190374824, 645.0425209999663, 972755, 33.62241275616166, 53289, 0, 0.0, 1, 
2019-12-10 14:04:22.298,213446816, 645.0425209999663, 973952, 33.62241275616166, 53360, 0, 0.0, 1, 
2019-12-10 14:04:23.323,235464496, 682.9060864400759, 975163, 36.1632083459105, 53424, 0, 0.0, 1, 
2019-12-10 14:04:24.345,259210576, 682.9060864400759, 976419, 36.1632083459105, 53495, 0, 0.0, 1, 
2019-12-10 14:04:25.366,281494688, 682.9060864400759, 977612, 36.1632083459105, 53539, 0, 0.0, 1, 
2019-12-10 14:04:26.389,304574128, 682.9060864400759, 978854, 36.1632083459105, 53591, 0, 0.0, 1, 
2019-12-10 14:04:27.417,328776944, 682.9060864400759, 980163, 36.1632083459105, 53652, 0, 0.0, 1, 
2019-12-10 14:04:28.44,353446840, 727.1929985320146, 981500, 37.84521733693419, 53724, 0, 0.0, 1, 
2019-12-10 14:04:29.465,93527864, 727.1929985320146, 982839, 37.84521733693419, 53791, 0, 0.0, 1, 
2019-12-10 14:04:30.491,115984728, 727.1929985320146, 984108, 37.84521733693419, 53865, 0, 0.0, 1, 
2019-12-10 14:04:31.513,140960544, 727.1929985320146, 985469, 37.84521733693419, 53932, 0, 0.0, 1, 
2019-12-10 14:04:32.536,166741744, 727.1929985320146, 986826, 37.84521733693419, 54000, 0, 0.0, 1, 
2019-12-10 14:04:33.562,183329056, 770.4335389069478, 987692, 40.0963494657438, 54043, 0, 0.0, 1, 
2019-12-10 14:04:34.587,194850640, 770.4335389069478, 988186, 40.0963494657438, 54074, 0, 0.0, 1, 
2019-12-10 14:04:35.628,206116704, 770.4335389069478, 988680, 40.0963494657438, 54093, 0, 0.0, 1, 
2019-12-10 14:04:36.655,215608984, 770.4335389069478, 989138, 40.0963494657438, 54113, 0, 0.0, 1, 
2019-12-10 14:04:37.681,226094152, 770.4335389069478, 989622, 40.0963494657438, 54136, 0, 0.0, 1, 
2019-12-10 14:04:38.708,236552720, 746.3482349703622, 990100, 38.68142748528619, 54162, 0, 0.0, 1, 
2019-12-10 14:04:39.734,247671704, 746.3482349703622, 990578, 38.68142748528619, 54183, 0, 0.0, 1, 
2019-12-10 14:04:40.76,256406040, 746.3482349703622, 991066, 38.68142748528619, 54211, 0, 0.0, 1, 
2019-12-10 14:04:41.786,268380512, 746.3482349703622, 991559, 38.68142748528619, 54241, 0, 0.0, 1, 
2019-12-10 14:04:42.811,277958264, 746.3482349703622, 992026, 38.68142748528619, 54276, 0, 0.0, 1, 
2019-12-10 14:04:43.836,287638368, 723.8848543844485, 992482, 37.79540546395743, 54303, 0, 0.0, 1, 
2019-12-10 14:04:44.872,297176864, 723.8848543844485, 992910, 37.79540546395743, 54320, 0, 0.0, 1, 
2019-12-10 14:04:45.898,307317584, 723.8848543844485, 993365, 37.79540546395743, 54344, 0, 0.0, 1, 
2019-12-10 14:04:46.928,317008288, 723.8848543844485, 993856, 37.79540546395743, 54372, 0, 0.0, 1, 
2019-12-10 14:04:47.953,327478144, 723.8848543844485, 994336, 37.79540546395743, 54394, 0, 0.0, 1, 
2019-12-10 14:04:48.979,337540216, 702.0182127621256, 994790, 36.692385744660875, 54424, 0, 0.0, 1, 
2019-12-10 14:04:50.007,350126392, 702.0182127621256, 995288, 36.692385744660875, 54450, 0, 0.0, 1, 
2019-12-10 14:04:51.033,359446120, 702.0182127621256, 995765, 36.692385744660875, 54476, 0, 0.0, 1, 
2019-12-10 14:04:52.057,89905120, 702.0182127621256, 996266, 36.692385744660875, 54500, 0, 0.0, 1, 
2019-12-10 14:04:53.085,99847352, 702.0182127621256, 996739, 36.692385744660875, 54526, 0, 0.0, 1, 
2019-12-10 14:04:54.11,109329448, 683.2911584562562, 997183, 35.78949643221504, 54551, 0, 0.0, 1, 
2019-12-10 14:04:55.136,119067392, 683.2911584562562, 997653, 35.78949643221504, 54578, 0, 0.0, 1, 
2019-12-10 14:04:56.16,130710776, 683.2911584562562, 998145, 35.78949643221504, 54603, 0, 0.0, 1, 
2019-12-10 14:04:57.193,140102256, 683.2911584562562, 998610, 35.78949643221504, 54627, 0, 0.0, 1, 
2019-12-10 14:04:58.224,149510568, 665.2618808859743, 999085, 34.89483369497418, 54654, 0, 0.0, 1, 
2019-12-10 14:04:59.253,160381824, 665.2618808859743, 999584, 34.89483369497418, 54675, 0, 0.0, 1, 
2019-12-10 14:05:00.279,171332080, 665.2618808859743, 1000067, 34.89483369497418, 54704, 0, 0.0, 1, 
2019-12-10 14:05:01.311,181337264, 665.2618808859743, 1000569, 34.89483369497418, 54729, 0, 0.0, 1, 
2019-12-10 14:05:02.338,191845352, 665.2618808859743, 1001065, 34.89483369497418, 54752, 0, 0.0, 1, 
2019-12-10 14:05:03.384,201254992, 649.7295584845275, 1001522, 33.94377530400567, 54771, 0, 0.0, 1, 
2019-12-10 14:05:04.411,212466648, 649.7295584845275, 1002003, 33.94377530400567, 54796, 0, 0.0, 1, 
2019-12-10 14:05:05.439,221806832, 649.7295584845275, 1002481, 33.94377530400567, 54817, 0, 0.0, 1, 
2019-12-10 14:05:06.468,230899968, 649.7295584845275, 1002978, 33.94377530400567, 54853, 0, 0.0, 1, 
2019-12-10 14:05:07.498,243195208, 649.7295584845275, 1003452, 33.94377530400567, 54883, 0, 0.0, 1, 
2019-12-10 14:05:08.528,253693640, 635.3112030762614, 1003952, 33.404572801965585, 54914, 0, 0.0, 1, 
2019-12-10 14:05:09.554,262871272, 635.3112030762614, 1004396, 33.404572801965585, 54935, 0, 0.0, 1, 
2019-12-10 14:05:10.579,272848720, 635.3112030762614, 1004884, 33.404572801965585, 54968, 0, 0.0, 1, 
2019-12-10 14:05:11.61,283661016, 635.3112030762614, 1005343, 33.404572801965585, 54992, 0, 0.0, 1, 
2019-12-10 14:05:12.636,294357912, 635.3112030762614, 1005820, 33.404572801965585, 55017, 0, 0.0, 1, 
2019-12-10 14:05:13.662,305510368, 621.5659422025217, 1006304, 32.780553615016366, 55040, 0, 0.0, 1, 
2019-12-10 14:05:14.691,314921728, 621.5659422025217, 1006762, 32.780553615016366, 55059, 0, 0.0, 1, 
2019-12-10 14:05:15.718,325498592, 621.5659422025217, 1007258, 32.780553615016366, 55080, 0, 0.0, 1, 
2019-12-10 14:05:16.743,336004904, 621.5659422025217, 1007756, 32.780553615016366, 55106, 0, 0.0, 1, 
2019-12-10 14:05:17.77,346246712, 621.5659422025217, 1008249, 32.780553615016366, 55129, 0, 0.0, 1, 
2019-12-10 14:05:18.8,355992120, 609.7032564446471, 1008741, 31.934579257181902, 55153, 0, 0.0, 1, 
2019-12-10 14:05:19.824,367484032, 609.7032564446471, 1009202, 31.934579257181902, 55176, 0, 0.0, 1, 
2019-12-10 14:05:20.851,92382736, 609.7032564446471, 1009693, 31.934579257181902, 55194, 0, 0.0, 1, 
2019-12-10 14:05:21.876,101431568, 609.7032564446471, 1010174, 31.934579257181902, 55222, 0, 0.0, 1, 
2019-12-10 14:05:22.903,113041856, 609.7032564446471, 1010673, 31.934579257181902, 55239, 0, 0.0, 1, 
2019-12-10 14:05:23.93,123272904, 598.9649609584272, 1011187, 31.01232522066946, 55270, 0, 0.0, 1, 
2019-12-10 14:05:24.956,133009512, 598.9649609584272, 1011674, 31.01232522066946, 55300, 0, 0.0, 1, 
2019-12-10 14:05:25.988,144091904, 598.9649609584272, 1012180, 31.01232522066946, 55333, 0, 0.0, 1, 
2019-12-10 14:05:27.012,154467048, 598.9649609584272, 1012652, 31.01232522066946, 55355, 0, 0.0, 1, 
2019-12-10 14:05:28.038,164529704, 598.9649609584272, 1013124, 31.01232522066946, 55373, 0, 0.0, 1, 
2019-12-10 14:05:29.065,174443184, 589.0212877053949, 1013613, 30.62755294065676, 55396, 0, 0.0, 1, 
2019-12-10 14:05:30.09,185020688, 589.0212877053949, 1014083, 30.62755294065676, 55421, 0, 0.0, 1, 
2019-12-10 14:05:31.119,194048712, 589.0212877053949, 1014564, 30.62755294065676, 55445, 0, 0.0, 1, 
2019-12-10 14:05:32.144,204697160, 589.0212877053949, 1015054, 30.62755294065676, 55470, 0, 0.0, 1, 
2019-12-10 14:05:33.17,215381528, 589.0212877053949, 1015562, 30.62755294065676, 55487, 0, 0.0, 1, 
2019-12-10 14:05:34.197,227826064, 579.712755497302, 1016031, 29.96971412911832, 55511, 0, 0.0, 1, 
2019-12-10 14:05:35.229,237106352, 579.712755497302, 1016505, 29.96971412911832, 55529, 0, 0.0, 1, 
2019-12-10 14:05:36.263,247718352, 579.712755497302, 1016994, 29.96971412911832, 55549, 0, 0.0, 1, 
2019-12-10 14:05:37.292,257425160, 579.712755497302, 1017499, 29.96971412911832, 55574, 0, 0.0, 1, 
2019-12-10 14:05:38.316,267845920, 571.1644835479232, 1017988, 29.380464321910118, 55601, 0, 0.0, 1, 
2019-12-10 14:05:39.343,278986592, 571.1644835479232, 1018458, 29.380464321910118, 55621, 0, 0.0, 1, 
2019-12-10 14:05:40.368,287924240, 571.1644835479232, 1018904, 29.380464321910118, 55647, 0, 0.0, 1, 
2019-12-10 14:05:41.398,298021528, 571.1644835479232, 1019378, 29.380464321910118, 55672, 0, 0.0, 1, 
2019-12-10 14:05:42.425,309410184, 571.1644835479232, 1019885, 29.380464321910118, 55709, 0, 0.0, 1, 
2019-12-10 14:05:43.45,318918896, 562.516128949532, 1020362, 28.99823949870816, 55728, 0, 0.0, 1, 
2019-12-10 14:05:44.475,329129760, 562.516128949532, 1020824, 28.99823949870816, 55755, 0, 0.0, 1, 
2019-12-10 14:05:45.5,339585680, 562.516128949532, 1021323, 28.99823949870816, 55783, 0, 0.0, 1, 
2019-12-10 14:05:46.524,349289928, 562.516128949532, 1021787, 28.99823949870816, 55806, 0, 0.0, 1, 
2019-12-10 14:05:47.55,360039272, 562.516128949532, 1022262, 28.99823949870816, 55828, 0, 0.0, 1, 
2019-12-10 14:05:48.575,87967224, 554.6392141909191, 1022746, 28.67855791913679, 55858, 0, 0.0, 1, 
2019-12-10 14:05:49.6,97122592, 554.6392141909191, 1023248, 28.67855791913679, 55884, 0, 0.0, 1, 
2019-12-10 14:05:50.625,107130872, 554.6392141909191, 1023711, 28.67855791913679, 55904, 0, 0.0, 1, 
2019-12-10 14:05:51.648,116203776, 554.6392141909191, 1024190, 28.67855791913679, 55925, 0, 0.0, 1, 
2019-12-10 14:05:52.674,126646424, 554.6392141909191, 1024652, 28.67855791913679, 55943, 0, 0.0, 1, 
2019-12-10 14:05:53.698,136523200, 547.6639517530064, 1025154, 28.06461432590956, 55966, 0, 0.0, 1, 
2019-12-10 14:05:54.722,146836280, 547.6639517530064, 1025598, 28.06461432590956, 56004, 0, 0.0, 1, 
2019-12-10 14:05:55.748,157561800, 547.6639517530064, 1026070, 28.06461432590956, 56027, 0, 0.0, 1, 
2019-12-10 14:05:56.773,168141656, 547.6639517530064, 1026537, 28.06461432590956, 56054, 0, 0.0, 1, 
2019-12-10 14:05:57.8,177694896, 547.6639517530064, 1026997, 28.06461432590956, 56083, 0, 0.0, 1, 
2019-12-10 14:05:58.831,188244736, 540.2709423649087, 1027490, 28.02746581550986, 56104, 0, 0.0, 1, 
2019-12-10 14:05:59.858,199224184, 540.2709423649087, 1027972, 28.02746581550986, 56123, 0, 0.0, 1, 
2019-12-10 14:06:00.882,209364096, 540.2709423649087, 1028460, 28.02746581550986, 56147, 0, 0.0, 1, 
2019-12-10 14:06:01.908,218692040, 540.2709423649087, 1028955, 28.02746581550986, 56177, 0, 0.0, 1, 
2019-12-10 14:06:02.934,229447688, 540.2709423649087, 1029398, 28.02746581550986, 56209, 0, 0.0, 1, 
2019-12-10 14:06:03.967,239901752, 534.3485568091647, 1029875, 27.70544742867038, 56233, 0, 0.0, 1, 
2019-12-10 14:06:04.998,248985016, 534.3485568091647, 1030342, 27.70544742867038, 56258, 0, 0.0, 1, 
2019-12-10 14:06:06.026,260743776, 534.3485568091647, 1030819, 27.70544742867038, 56290, 0, 0.0, 1, 
2019-12-10 14:06:07.059,270231144, 534.3485568091647, 1031293, 27.70544742867038, 56315, 0, 0.0, 1, 
2019-12-10 14:06:08.088,279599832, 534.3485568091647, 1031774, 27.70544742867038, 56334, 0, 0.0, 1, 
2019-12-10 14:06:09.114,290464256, 528.6598323012091, 1032257, 27.505122912895583, 56360, 0, 0.0, 1, 
2019-12-10 14:06:10.146,300831072, 528.6598323012091, 1032723, 27.505122912895583, 56380, 0, 0.0, 1, 
2019-12-10 14:06:11.172,311199208, 528.6598323012091, 1033223, 27.505122912895583, 56405, 0, 0.0, 1, 
2019-12-10 14:06:12.2,321105472, 528.6598323012091, 1033702, 27.505122912895583, 56423, 0, 0.0, 1, 
2019-12-10 14:06:13.226,332689880, 523.9536599547462, 1034195, 27.1609042903023, 56454, 0, 0.0, 1, 
2019-12-10 14:06:14.262,342800832, 523.9536599547462, 1034663, 27.1609042903023, 56482, 0, 0.0, 1, 
2019-12-10 14:06:15.29,352335112, 523.9536599547462, 1035134, 27.1609042903023, 56512, 0, 0.0, 1, 
2019-12-10 14:06:16.316,360783888, 523.9536599547462, 1035589, 27.1609042903023, 56534, 0, 0.0, 1, 
2019-12-10 14:06:17.341,88580232, 523.9536599547462, 1036063, 27.1609042903023, 56560, 0, 0.0, 1, 
2019-12-10 14:06:18.37,99553472, 518.1525896022794, 1036532, 27.020110156989446, 56585, 0, 0.0, 1, 
2019-12-10 14:06:19.398,109893264, 518.1525896022794, 1036994, 27.020110156989446, 56615, 0, 0.0, 1, 
2019-12-10 14:06:20.422,120459776, 518.1525896022794, 1037467, 27.020110156989446, 56651, 0, 0.0, 1, 
2019-12-10 14:06:21.446,131730152, 518.1525896022794, 1038047, 27.020110156989446, 56676, 0, 0.0, 1, 
2019-12-10 14:06:22.471,146344656, 518.1525896022794, 1038678, 27.020110156989446, 56700, 0, 0.0, 1, 
2019-12-10 14:06:23.495,160054768, 519.963376557759, 1039336, 27.32233346202403, 56751, 0, 0.0, 1, 
2019-12-10 14:06:24.526,173705208, 519.963376557759, 1040047, 27.32233346202403, 56786, 0, 0.0, 1, 
2019-12-10 14:06:25.55,189518176, 519.963376557759, 1040801, 27.32233346202403, 56819, 0, 0.0, 1, 
2019-12-10 14:06:26.573,207472904, 519.963376557759, 1041651, 27.32233346202403, 56865, 0, 0.0, 1, 
2019-12-10 14:06:27.595,224978928, 519.963376557759, 1042587, 27.32233346202403, 56908, 0, 0.0, 1, 
2019-12-10 14:06:28.618,242468304, 541.9700819005319, 1043486, 28.415939296572816, 56959, 0, 0.0, 1, 
2019-12-10 14:06:29.64,261273168, 541.9700819005319, 1044394, 28.415939296572816, 57007, 0, 0.0, 1, 
2019-12-10 14:06:30.662,278660608, 541.9700819005319, 1045332, 28.415939296572816, 57045, 0, 0.0, 1, 
2019-12-10 14:06:31.691,297637864, 541.9700819005319, 1046251, 28.415939296572816, 57097, 0, 0.0, 1, 
2019-12-10 14:06:32.715,316973376, 541.9700819005319, 1047209, 28.415939296572816, 57149, 0, 0.0, 1, 
2019-12-10 14:06:33.737,335176552, 571.7479340117281, 1048180, 29.965803216976063, 57202, 0, 0.0, 1, 
2019-12-10 14:06:34.76,354014032, 571.7479340117281, 1049083, 29.965803216976063, 57245, 0, 0.0, 1, 
2019-12-10 14:06:35.782,89631256, 571.7479340117281, 1049992, 29.965803216976063, 57299, 0, 0.0, 1, 
2019-12-10 14:06:36.805,107670568, 571.7479340117281, 1050952, 29.965803216976063, 57350, 0, 0.0, 1, 
2019-12-10 14:06:37.829,126725056, 571.7479340117281, 1051909, 29.965803216976063, 57402, 0, 0.0, 1, 
2019-12-10 14:06:38.851,143937696, 599.3687561653301, 1052877, 31.359764626230312, 57451, 0, 0.0, 1, 
2019-12-10 14:06:39.876,165338456, 599.3687561653301, 1053922, 31.359764626230312, 57505, 0, 0.0, 1, 
2019-12-10 14:06:40.899,184162352, 599.3687561653301, 1054953, 31.359764626230312, 57559, 0, 0.0, 1, 
2019-12-10 14:06:41.922,204341136, 599.3687561653301, 1055907, 31.359764626230312, 57598, 0, 0.0, 1, 
2019-12-10 14:06:42.945,222644024, 599.3687561653301, 1056907, 31.359764626230312, 57653, 0, 0.0, 1, 
2019-12-10 14:06:43.969,241752704, 629.4345543837946, 1057935, 32.770199971616584, 57702, 0, 0.0, 1, 
2019-12-10 14:06:44.999,261237472, 629.4345543837946, 1058950, 32.770199971616584, 57748, 0, 0.0, 1, 
2019-12-10 14:06:46.024,280881208, 629.4345543837946, 1059967, 32.770199971616584, 57792, 0, 0.0, 1, 
2019-12-10 14:06:47.056,299760504, 629.4345543837946, 1060948, 32.770199971616584, 57845, 0, 0.0, 1, 
2019-12-10 14:06:48.079,319087024, 629.4345543837946, 1061931, 32.770199971616584, 57908, 0, 0.0, 1, 
2019-12-10 14:06:49.101,338163376, 657.5601665012153, 1062934, 34.19579206992809, 57963, 0, 0.0, 1, 
2019-12-10 14:06:50.123,359328856, 657.5601665012153, 1064016, 34.19579206992809, 58011, 0, 0.0, 1, 
2019-12-10 14:06:51.144,96558576, 657.5601665012153, 1065092, 34.19579206992809, 58073, 0, 0.0, 1, 
2019-12-10 14:06:52.165,118092456, 657.5601665012153, 1066177, 34.19579206992809, 58135, 0, 0.0, 1, 
2019-12-10 14:06:53.187,138886704, 657.5601665012153, 1067362, 34.19579206992809, 58189, 0, 0.0, 1, 
2019-12-10 14:06:54.209,161262408, 689.8494167846073, 1068556, 35.875195810224405, 58238, 0, 0.0, 1, 
2019-12-10 14:06:55.231,183077528, 689.8494167846073, 1069710, 35.875195810224405, 58294, 0, 0.0, 1, 
2019-12-10 14:06:56.252,205510304, 689.8494167846073, 1070870, 35.875195810224405, 58348, 0, 0.0, 1, 
2019-12-10 14:06:57.272,228760992, 689.8494167846073, 1072093, 35.875195810224405, 58410, 0, 0.0, 1, 
2019-12-10 14:06:58.295,266739320, 726.9128750145127, 1073243, 37.804108651170864, 58493, 0, 0.0, 1, 
2019-12-10 14:06:59.316,288966768, 726.9128750145127, 1074458, 37.804108651170864, 58548, 0, 0.0, 1, 
2019-12-10 14:07:00.34,311265856, 726.9128750145127, 1075673, 37.804108651170864, 58607, 0, 0.0, 1, 
2019-12-10 14:07:01.362,335691712, 726.9128750145127, 1076922, 37.804108651170864, 58663, 0, 0.0, 1, 
2019-12-10 14:07:02.383,355439520, 726.9128750145127, 1078019, 37.804108651170864, 58723, 0, 0.0, 1, 
2019-12-10 14:07:03.403,93941960, 762.5800322190495, 1079256, 39.65874972216111, 58807, 0, 0.0, 1, 
2019-12-10 14:07:04.423,117620816, 762.5800322190495, 1080504, 39.65874972216111, 58864, 0, 0.0, 1, 
2019-12-10 14:07:05.445,140436768, 762.5800322190495, 1081740, 39.65874972216111, 58933, 0, 0.0, 1, 
2019-12-10 14:07:06.472,152517928, 762.5800322190495, 1082341, 39.65874972216111, 58963, 0, 0.0, 1, 
2019-12-10 14:07:07.502,161768072, 762.5800322190495, 1082827, 39.65874972216111, 58995, 0, 0.0, 1, 
2019-12-10 14:07:08.538,174820496, 768.0505907940183, 1083313, 39.909910226921525, 59016, 0, 0.0, 1, 
2019-12-10 14:07:09.575,183533352, 768.0505907940183, 1083776, 39.909910226921525, 59040, 0, 0.0, 1, 
2019-12-10 14:07:10.602,193997904, 768.0505907940183, 1084271, 39.909910226921525, 59062, 0, 0.0, 1, 
2019-12-10 14:07:11.629,204162800, 768.0505907940183, 1084726, 39.909910226921525, 59081, 0, 0.0, 1, 
2019-12-10 14:07:12.658,213310184, 768.0505907940183, 1085155, 39.909910226921525, 59107, 0, 0.0, 1, 
2019-12-10 14:07:13.684,222766608, 742.7645896832602, 1085621, 38.46192175371761, 59127, 0, 0.0, 1, 
2019-12-10 14:07:14.709,236031984, 742.7645896832602, 1086112, 38.46192175371761, 59150, 0, 0.0, 1, 
2019-12-10 14:07:15.734,244631200, 742.7645896832602, 1086568, 38.46192175371761, 59182, 0, 0.0, 1, 
2019-12-10 14:07:16.76,254854536, 742.7645896832602, 1087044, 38.46192175371761, 59212, 0, 0.0, 1, 
2019-12-10 14:07:17.789,265124608, 742.7645896832602, 1087507, 38.46192175371761, 59240, 0, 0.0, 1, 
2019-12-10 14:07:18.816,275430752, 719.9480968710722, 1087968, 37.67340602701931, 59277, 0, 0.0, 1, 
2019-12-10 14:07:19.844,283815672, 719.9480968710722, 1088412, 37.67340602701931, 59301, 0, 0.0, 1, 
2019-12-10 14:07:20.875,296338280, 719.9480968710722, 1088945, 37.67340602701931, 59327, 0, 0.0, 1, 
2019-12-10 14:07:21.899,305351328, 719.9480968710722, 1089412, 37.67340602701931, 59345, 0, 0.0, 1, 
2019-12-10 14:07:22.926,314680984, 719.9480968710722, 1089866, 37.67340602701931, 59371, 0, 0.0, 1, 
2019-12-10 14:07:23.953,326926480, 699.259741322197, 1090365, 36.564149727043905, 59396, 0, 0.0, 1, 
2019-12-10 14:07:24.997,331339056, 699.259741322197, 1090600, 36.564149727043905, 59411, 0, 0.0, 1, 
2019-12-10 14:07:26.035,332213688, 699.259741322197, 1090600, 36.564149727043905, 59411, 0, 0.0, 1, 
2019-12-10 14:07:27.071,333106840, 699.259741322197, 1090600, 36.564149727043905, 59411, 0, 0.0, 1, 
