Timestamp, MemoryUsed, ReadLatency1, ReadCount, WriteLatency1, WriteCount, PendingTasks, WaitingOnCommit1, SRDelay, 
2019-12-10 14:08:11.441,435384256, 336.68619086870365, 1101476, 17.840370652296606, 59782, 0, 0.0, 1, 
2019-12-10 14:08:12.55,445870016, 336.68619086870365, 1101874, 17.840370652296606, 59798, 0, 0.0, 1, 
2019-12-10 14:08:13.585,457404352, 336.68619086870365, 1102483, 17.840370652296606, 59831, 0, 0.0, 1, 
2019-12-10 14:08:14.622,473132992, 332.329715583178, 1103203, 17.533311568751866, 59867, 0, 0.0, 1, 
2019-12-10 14:08:15.669,486764480, 332.329715583178, 1103936, 17.533311568751866, 59902, 0, 0.0, 1, 
2019-12-10 14:08:16.699,502493120, 332.329715583178, 1104718, 17.533311568751866, 59941, 0, 0.0, 1, 
2019-12-10 14:08:17.731,517173184, 332.329715583178, 1105505, 17.533311568751866, 59976, 0, 0.0, 1, 
2019-12-10 14:08:18.765,533950400, 332.329715583178, 1106383, 17.533311568751866, 60015, 0, 0.0, 1, 
2019-12-10 14:08:19.8,550727616, 366.18853006081196, 1107209, 18.99383533505608, 60065, 0, 0.0, 1, 
2019-12-10 14:08:20.828,566456256, 366.18853006081196, 1108078, 18.99383533505608, 60098, 0, 0.0, 1, 
2019-12-10 14:08:21.856,583233472, 366.18853006081196, 1108960, 18.99383533505608, 60141, 0, 0.0, 1, 
2019-12-10 14:08:22.888,600010688, 366.18853006081196, 1109874, 18.99383533505608, 60181, 0, 0.0, 1, 
2019-12-10 14:08:23.919,618885056, 406.7109378123729, 1110862, 20.689386644308634, 60224, 0, 0.0, 1, 
2019-12-10 14:08:24.945,635662272, 406.7109378123729, 1111832, 20.689386644308634, 60270, 0, 0.0, 1, 
2019-12-10 14:08:25.98,655585216, 406.7109378123729, 1112900, 20.689386644308634, 60330, 0, 0.0, 1, 
2019-12-10 14:08:27.01,675508160, 406.7109378123729, 1113964, 20.689386644308634, 60384, 0, 0.0, 1, 
2019-12-10 14:08:28.04,696479680, 406.7109378123729, 1114999, 20.689386644308634, 60431, 0, 0.0, 1, 
2019-12-10 14:08:29.066,715354048, 455.37902808831285, 1116116, 23.11288947810719, 60481, 0, 0.0, 1, 
2019-12-10 14:08:30.103,739471296, 455.37902808831285, 1117477, 23.11288947810719, 60544, 0, 0.0, 1, 
2019-12-10 14:08:31.144,758345664, 455.37902808831285, 1118464, 23.11288947810719, 60588, 0, 0.0, 1, 
2019-12-10 14:08:32.182,136547904, 455.37902808831285, 1119572, 23.11288947810719, 60651, 0, 0.0, 1, 
2019-12-10 14:08:33.216,158568000, 455.37902808831285, 1120857, 23.11288947810719, 60725, 0, 0.0, 1, 
2019-12-10 14:08:34.246,183733824, 513.3964776547512, 1122297, 25.85433547055422, 60784, 0, 0.0, 1, 
2019-12-10 14:08:35.277,208899648, 513.3964776547512, 1123817, 25.85433547055422, 60852, 0, 0.0, 1, 
2019-12-10 14:08:36.314,231968320, 513.3964776547512, 1125038, 25.85433547055422, 60914, 0, 0.0, 1, 
2019-12-10 14:08:37.344,231968320, 513.3964776547512, 1125038, 25.85433547055422, 60914, 0, 0.0, 1, 
2019-12-10 14:08:38.376,233016896, 513.3964776547512, 1125038, 25.85433547055422, 60914, 0, 0.0, 1, 
2019-12-10 14:08:39.414,235114048, 524.2547277792652, 1125038, 26.20179562183064, 60914, 0, 0.0, 1, 
