Timestamp, MemoryUsed, ReadLatency1, ReadCount, WriteLatency1, WriteCount, PendingTasks, WaitingOnCommit1, SRDelay, 
2019-12-04 14:54:00.395,145441944, 71.61873150809362, 1652047, 5.349076400234813, 91185, 0, 0.0, 5, 
2019-12-04 14:54:01.441,155120960, 71.61873150809362, 1652381, 5.349076400234813, 91198, 0, 0.0, 5, 
2019-12-04 14:54:02.485,166940728, 71.61873150809362, 1653009, 5.349076400234813, 91232, 0, 0.0, 5, 
2019-12-04 14:54:03.515,179217384, 71.61873150809362, 1653638, 5.349076400234813, 91261, 0, 0.0, 5, 
2019-12-04 14:54:04.555,192312728, 103.98325477744903, 1654270, 6.712392977764724, 91290, 0, 0.0, 5, 
2019-12-04 14:54:05.583,205853432, 103.98325477744903, 1654944, 6.712392977764724, 91332, 0, 0.0, 5, 
2019-12-04 14:54:06.617,221294848, 103.98325477744903, 1655638, 6.712392977764724, 91377, 0, 0.0, 5, 
2019-12-04 14:54:07.647,235653968, 103.98325477744903, 1656368, 6.712392977764724, 91421, 0, 0.0, 5, 
2019-12-04 14:54:08.676,250454464, 103.98325477744903, 1657165, 6.712392977764724, 91464, 0, 0.0, 5, 
2019-12-04 14:54:09.706,265625920, 152.48565173737276, 1657920, 9.453878668187272, 91501, 0, 0.0, 5, 
2019-12-04 14:54:10.734,281276608, 152.48565173737276, 1658712, 9.453878668187272, 91549, 0, 0.0, 5, 
2019-12-04 14:54:11.769,297431144, 152.48565173737276, 1659559, 9.453878668187272, 91590, 0, 0.0, 5, 
2019-12-04 14:54:12.797,314051008, 152.48565173737276, 1660409, 9.453878668187272, 91636, 0, 0.0, 5, 
2019-12-04 14:54:13.828,330281240, 152.48565173737276, 1661293, 9.453878668187272, 91682, 0, 0.0, 5, 
2019-12-04 14:54:14.862,348970776, 205.96909001555582, 1662221, 12.104096202039832, 91722, 0, 0.0, 5, 
2019-12-04 14:54:15.887,365903504, 205.96909001555582, 1663178, 12.104096202039832, 91775, 0, 0.0, 5, 
2019-12-04 14:54:16.92,384658688, 205.96909001555582, 1664124, 12.104096202039832, 91828, 0, 0.0, 5, 
2019-12-04 14:54:17.949,120974496, 205.96909001555582, 1665202, 12.104096202039832, 91877, 0, 0.0, 5, 
2019-12-04 14:54:18.981,140395216, 205.96909001555582, 1666211, 12.104096202039832, 91939, 0, 0.0, 5, 
2019-12-04 14:54:20.01,159226280, 266.5778951524288, 1667266, 15.278005427023807, 91991, 0, 0.0, 5, 
2019-12-04 14:54:21.035,178357448, 266.5778951524288, 1668310, 15.278005427023807, 92059, 0, 0.0, 5, 
2019-12-04 14:54:22.064,199931552, 266.5778951524288, 1669433, 15.278005427023807, 92117, 0, 0.0, 5, 
2019-12-04 14:54:23.091,219953336, 266.5778951524288, 1670569, 15.278005427023807, 92176, 0, 0.0, 5, 
2019-12-04 14:54:24.125,240531784, 266.5778951524288, 1671708, 15.278005427023807, 92251, 0, 0.0, 5, 
2019-12-04 14:54:25.158,262979544, 332.1912159136332, 1672976, 19.04567208693997, 92329, 0, 0.0, 5, 
2019-12-04 14:54:26.195,286897784, 332.1912159136332, 1674272, 19.04567208693997, 92387, 0, 0.0, 5, 
2019-12-04 14:54:27.228,309534560, 332.1912159136332, 1675454, 19.04567208693997, 92445, 0, 0.0, 5, 
2019-12-04 14:54:28.252,332111480, 332.1912159136332, 1676753, 19.04567208693997, 92510, 0, 0.0, 5, 
2019-12-04 14:54:29.28,351722072, 332.1912159136332, 1677813, 19.04567208693997, 92555, 0, 0.0, 5, 
2019-12-04 14:54:30.306,372224832, 399.5944767178811, 1678920, 22.14429706087584, 92606, 0, 0.0, 5, 
2019-12-04 14:54:31.333,110585528, 399.5944767178811, 1680090, 22.14429706087584, 92658, 0, 0.0, 5, 
2019-12-04 14:54:32.366,134562808, 399.5944767178811, 1681445, 22.14429706087584, 92735, 0, 0.0, 5, 
2019-12-04 14:54:33.402,155669792, 399.5944767178811, 1682608, 22.14429706087584, 92797, 0, 0.0, 5, 
2019-12-04 14:54:34.428,174990720, 399.5944767178811, 1683640, 22.14429706087584, 92864, 0, 0.0, 5, 
2019-12-04 14:54:35.457,194492240, 458.36227358258344, 1684666, 25.155080831917825, 92915, 0, 0.0, 5, 
2019-12-04 14:54:36.483,213806576, 458.36227358258344, 1685550, 25.155080831917825, 92965, 0, 0.0, 5, 
2019-12-04 14:54:37.508,229331392, 458.36227358258344, 1686428, 25.155080831917825, 93010, 0, 0.0, 5, 
2019-12-04 14:54:38.536,245555752, 458.36227358258344, 1687256, 25.155080831917825, 93049, 0, 0.0, 5, 
2019-12-04 14:54:39.561,262931840, 492.9061029005043, 1688188, 26.901704131376952, 93104, 0, 0.0, 5, 
2019-12-04 14:54:40.593,280697064, 492.9061029005043, 1689119, 26.901704131376952, 93151, 0, 0.0, 5, 
2019-12-04 14:54:41.617,298542944, 492.9061029005043, 1690038, 26.901704131376952, 93205, 0, 0.0, 5, 
2019-12-04 14:54:42.653,313288128, 492.9061029005043, 1690704, 26.901704131376952, 93249, 0, 0.0, 5, 
2019-12-04 14:54:43.681,327935664, 492.9061029005043, 1691400, 26.901704131376952, 93299, 0, 0.0, 5, 
2019-12-04 14:54:44.705,343153552, 515.9728013189623, 1692228, 28.412728440060945, 93338, 0, 0.0, 5, 
2019-12-04 14:54:45.734,359157408, 515.9728013189623, 1693048, 28.412728440060945, 93377, 0, 0.0, 5, 
2019-12-04 14:54:46.76,375584240, 515.9728013189623, 1693833, 28.412728440060945, 93417, 0, 0.0, 5, 
2019-12-04 14:54:47.785,114600424, 515.9728013189623, 1694849, 28.412728440060945, 93468, 0, 0.0, 5, 
2019-12-04 14:54:48.815,137143024, 515.9728013189623, 1696005, 28.412728440060945, 93536, 0, 0.0, 5, 
2019-12-04 14:54:49.845,157548192, 548.9166771781448, 1697092, 30.170733608339905, 93606, 0, 0.0, 5, 
2019-12-04 14:54:50.874,179760408, 548.9166771781448, 1698250, 30.170733608339905, 93668, 0, 0.0, 5, 
2019-12-04 14:54:51.901,200111872, 548.9166771781448, 1699327, 30.170733608339905, 93714, 0, 0.0, 5, 
2019-12-04 14:54:52.928,222452528, 548.9166771781448, 1700492, 30.170733608339905, 93765, 0, 0.0, 5, 
2019-12-04 14:54:53.966,243347272, 548.9166771781448, 1701614, 30.170733608339905, 93817, 0, 0.0, 5, 
2019-12-04 14:54:54.995,265585616, 592.8669290228648, 1702755, 32.13998101993542, 93885, 0, 0.0, 5, 
2019-12-04 14:54:56.03,285920120, 592.8669290228648, 1703856, 32.13998101993542, 93940, 0, 0.0, 5, 
2019-12-04 14:54:57.06,307674384, 592.8669290228648, 1704993, 32.13998101993542, 94006, 0, 0.0, 5, 
2019-12-04 14:54:58.097,329642592, 592.8669290228648, 1706164, 32.13998101993542, 94068, 0, 0.0, 5, 
2019-12-04 14:54:59.131,351651592, 592.8669290228648, 1707277, 32.13998101993542, 94128, 0, 0.0, 5, 
2019-12-04 14:55:00.16,371297752, 633.8308196175982, 1708369, 34.127678389812615, 94167, 0, 0.0, 5, 
2019-12-04 14:55:01.185,110800920, 633.8308196175982, 1709553, 34.127678389812615, 94221, 0, 0.0, 5, 
2019-12-04 14:55:02.21,132340008, 633.8308196175982, 1710722, 34.127678389812615, 94279, 0, 0.0, 5, 
2019-12-04 14:55:03.237,153937920, 633.8308196175982, 1711892, 34.127678389812615, 94348, 0, 0.0, 5, 
2019-12-04 14:55:04.267,178624800, 633.8308196175982, 1713056, 34.127678389812615, 94431, 0, 0.0, 5, 
2019-12-04 14:55:05.295,200765816, 671.9191962876225, 1714194, 36.27627059442424, 94505, 0, 0.0, 5, 
2019-12-04 14:55:06.323,224722056, 671.9191962876225, 1715413, 36.27627059442424, 94568, 0, 0.0, 5, 
2019-12-04 14:55:07.349,247451304, 671.9191962876225, 1716628, 36.27627059442424, 94628, 0, 0.0, 5, 
2019-12-04 14:55:08.374,270827496, 671.9191962876225, 1717880, 36.27627059442424, 94703, 0, 0.0, 5, 
2019-12-04 14:55:09.4,293295984, 671.9191962876225, 1719038, 36.27627059442424, 94769, 0, 0.0, 5, 
2019-12-04 14:55:10.426,313567856, 712.1593075542703, 1720102, 38.62086654429837, 94823, 0, 0.0, 5, 
2019-12-04 14:55:11.452,335585288, 712.1593075542703, 1721378, 38.62086654429837, 94890, 0, 0.0, 5, 
2019-12-04 14:55:12.478,359918368, 712.1593075542703, 1722647, 38.62086654429837, 94950, 0, 0.0, 5, 
2019-12-04 14:55:13.503,383692992, 712.1593075542703, 1723935, 38.62086654429837, 95023, 0, 0.0, 5, 
2019-12-04 14:55:14.526,123970888, 751.06894898396, 1725161, 40.33024767446681, 95075, 0, 0.0, 5, 
2019-12-04 14:55:15.554,147343320, 751.06894898396, 1726478, 40.33024767446681, 95137, 0, 0.0, 5, 
2019-12-04 14:55:16.581,170473496, 751.06894898396, 1727678, 40.33024767446681, 95199, 0, 0.0, 5, 
2019-12-04 14:55:17.606,194489560, 751.06894898396, 1729011, 40.33024767446681, 95262, 0, 0.0, 5, 
2019-12-04 14:55:18.632,219418000, 751.06894898396, 1730320, 40.33024767446681, 95343, 0, 0.0, 5, 
2019-12-04 14:55:19.66,244229952, 791.968713603225, 1731652, 42.38268774797511, 95411, 0, 0.0, 5, 
2019-12-04 14:55:20.691,270202192, 791.968713603225, 1733108, 42.38268774797511, 95485, 0, 0.0, 5, 
2019-12-04 14:55:21.717,297222456, 791.968713603225, 1734554, 42.38268774797511, 95554, 0, 0.0, 5, 
2019-12-04 14:55:22.747,324493872, 791.968713603225, 1736029, 42.38268774797511, 95625, 0, 0.0, 5, 
2019-12-04 14:55:23.774,349164480, 791.968713603225, 1737440, 42.38268774797511, 95694, 0, 0.0, 5, 
2019-12-04 14:55:24.805,375192000, 840.1204686356149, 1738819, 44.478908295931575, 95768, 0, 0.0, 5, 
2019-12-04 14:55:25.833,117263136, 840.1204686356149, 1740251, 44.478908295931575, 95839, 0, 0.0, 5, 
2019-12-04 14:55:26.861,142409208, 840.1204686356149, 1741636, 44.478908295931575, 95906, 0, 0.0, 5, 
2019-12-04 14:55:27.887,166504416, 840.1204686356149, 1742986, 44.478908295931575, 95986, 0, 0.0, 5, 
2019-12-04 14:55:28.911,191982720, 840.1204686356149, 1744378, 44.478908295931575, 96047, 0, 0.0, 5, 
2019-12-04 14:55:29.938,219233384, 881.1760251417151, 1745848, 46.199639780946384, 96109, 0, 0.0, 5, 
2019-12-04 14:55:30.964,246626584, 881.1760251417151, 1747375, 46.199639780946384, 96184, 0, 0.0, 5, 
2019-12-04 14:55:32.002,273196672, 881.1760251417151, 1748782, 46.199639780946384, 96254, 0, 0.0, 5, 
2019-12-04 14:55:33.027,295527616, 881.1760251417151, 1750025, 46.199639780946384, 96320, 0, 0.0, 5, 
2019-12-04 14:55:34.049,318679696, 881.1760251417151, 1751232, 46.199639780946384, 96381, 0, 0.0, 5, 
2019-12-04 14:55:35.071,342476600, 916.7261953213463, 1752523, 47.878735875255884, 96453, 0, 0.0, 5, 
2019-12-04 14:55:36.093,364823608, 916.7261953213463, 1753771, 47.878735875255884, 96520, 0, 0.0, 5, 
2019-12-04 14:55:37.124,389510520, 916.7261953213463, 1754931, 47.878735875255884, 96588, 0, 0.0, 5, 
2019-12-04 14:55:38.148,129255152, 916.7261953213463, 1756236, 47.878735875255884, 96654, 0, 0.0, 5, 
2019-12-04 14:55:39.18,152644432, 916.7261953213463, 1757545, 47.878735875255884, 96731, 0, 0.0, 5, 
2019-12-04 14:55:40.215,177145704, 941.0226032532428, 1758883, 49.47155220967367, 96803, 0, 0.0, 5, 
2019-12-04 14:55:41.241,201690048, 941.0226032532428, 1760250, 49.47155220967367, 96855, 0, 0.0, 5, 
2019-12-04 14:55:42.265,226989832, 941.0226032532428, 1761575, 49.47155220967367, 96913, 0, 0.0, 5, 
2019-12-04 14:55:43.291,251990280, 941.0226032532428, 1762911, 49.47155220967367, 96981, 0, 0.0, 5, 
2019-12-04 14:55:44.319,274990680, 941.0226032532428, 1764208, 49.47155220967367, 97047, 0, 0.0, 5, 
2019-12-04 14:55:45.353,300541896, 969.2451176327472, 1765539, 50.47327158653517, 97134, 0, 0.0, 5, 
2019-12-04 14:55:46.388,326064992, 969.2451176327472, 1766851, 50.47327158653517, 97200, 0, 0.0, 5, 
2019-12-04 14:55:47.418,351116768, 969.2451176327472, 1768263, 50.47327158653517, 97266, 0, 0.0, 5, 
2019-12-04 14:55:48.456,375136392, 969.2451176327472, 1769597, 50.47327158653517, 97335, 0, 0.0, 5, 
2019-12-04 14:55:49.485,114989856, 969.2451176327472, 1770902, 50.47327158653517, 97410, 0, 0.0, 5, 
2019-12-04 14:55:50.51,137080520, 996.0586135593354, 1772164, 52.05053370428212, 97475, 0, 0.0, 5, 
2019-12-04 14:55:51.538,163216288, 996.0586135593354, 1773577, 52.05053370428212, 97541, 0, 0.0, 5, 
2019-12-04 14:55:52.564,189511032, 996.0586135593354, 1774988, 52.05053370428212, 97608, 0, 0.0, 5, 
2019-12-04 14:55:53.591,216549568, 996.0586135593354, 1776447, 52.05053370428212, 97699, 0, 0.0, 5, 
2019-12-04 14:55:54.623,241975568, 1024.5341065869231, 1777842, 53.56564937441814, 97780, 0, 0.0, 5, 
2019-12-04 14:55:55.668,266468112, 1024.5341065869231, 1779204, 53.56564937441814, 97847, 0, 0.0, 5, 
2019-12-04 14:55:56.693,293161528, 1024.5341065869231, 1780630, 53.56564937441814, 97930, 0, 0.0, 5, 
2019-12-04 14:55:57.716,317509800, 1024.5341065869231, 1782010, 53.56564937441814, 98006, 0, 0.0, 5, 
2019-12-04 14:55:58.742,341224448, 1024.5341065869231, 1783272, 53.56564937441814, 98081, 0, 0.0, 5, 
2019-12-04 14:55:59.766,363487848, 1045.8235519590119, 1784452, 55.02358755254071, 98139, 0, 0.0, 5, 
2019-12-04 14:56:00.798,390391784, 1045.8235519590119, 1785927, 55.02358755254071, 98208, 0, 0.0, 5, 
2019-12-04 14:56:01.825,130523224, 1045.8235519590119, 1787193, 55.02358755254071, 98273, 0, 0.0, 5, 
2019-12-04 14:56:02.849,155117632, 1045.8235519590119, 1788558, 55.02358755254071, 98349, 0, 0.0, 5, 
2019-12-04 14:56:03.876,181373712, 1045.8235519590119, 1790023, 55.02358755254071, 98420, 0, 0.0, 5, 
2019-12-04 14:56:04.902,207101384, 1069.6964066400265, 1791384, 56.12508867408519, 98500, 0, 0.0, 5, 
2019-12-04 14:56:05.927,230159880, 1069.6964066400265, 1792701, 56.12508867408519, 98574, 0, 0.0, 5, 
2019-12-04 14:56:06.955,271406936, 1069.6964066400265, 1794054, 56.12508867408519, 98655, 0, 0.0, 5, 
2019-12-04 14:56:07.981,297242576, 1069.6964066400265, 1795422, 56.12508867408519, 98732, 0, 0.0, 5, 
2019-12-04 14:56:09.004,322458576, 1069.6964066400265, 1796812, 56.12508867408519, 98808, 0, 0.0, 5, 
2019-12-04 14:56:10.028,346380032, 1089.8055236699518, 1798171, 57.68221660919074, 98883, 0, 0.0, 5, 
2019-12-04 14:56:11.053,372231904, 1089.8055236699518, 1799565, 57.68221660919074, 98966, 0, 0.0, 5, 
2019-12-04 14:56:12.09,111863048, 1089.8055236699518, 1800900, 57.68221660919074, 99039, 0, 0.0, 5, 
2019-12-04 14:56:13.116,137993664, 1089.8055236699518, 1802287, 57.68221660919074, 99121, 0, 0.0, 5, 
2019-12-04 14:56:14.142,164311096, 1089.8055236699518, 1803644, 57.68221660919074, 99182, 0, 0.0, 5, 
2019-12-04 14:56:15.181,189546672, 1109.73001389606, 1805048, 58.87497671263585, 99261, 0, 0.0, 5, 
2019-12-04 14:56:16.211,215547872, 1109.73001389606, 1806446, 58.87497671263585, 99335, 0, 0.0, 5, 
2019-12-04 14:56:17.239,241863968, 1109.73001389606, 1807953, 58.87497671263585, 99406, 0, 0.0, 5, 
2019-12-04 14:56:18.265,268375624, 1109.73001389606, 1809436, 58.87497671263585, 99467, 0, 0.0, 5, 
2019-12-04 14:56:19.289,295256624, 1109.73001389606, 1810896, 58.87497671263585, 99535, 0, 0.0, 5, 
2019-12-04 14:56:20.313,321449704, 1133.786249755468, 1812326, 59.540608822801566, 99613, 0, 0.0, 5, 
2019-12-04 14:56:21.349,346558184, 1133.786249755468, 1813719, 59.540608822801566, 99687, 0, 0.0, 5, 
2019-12-04 14:56:22.387,373741672, 1133.786249755468, 1815168, 59.540608822801566, 99763, 0, 0.0, 5, 
2019-12-04 14:56:23.419,117241248, 1133.786249755468, 1816635, 59.540608822801566, 99837, 0, 0.0, 5, 
2019-12-04 14:56:24.448,141771192, 1133.786249755468, 1817957, 59.540608822801566, 99906, 0, 0.0, 5, 
2019-12-04 14:56:25.479,166412024, 1151.7453736385726, 1819323, 60.568788971884985, 99970, 0, 0.0, 5, 
2019-12-04 14:56:26.505,192670592, 1151.7453736385726, 1820730, 60.568788971884985, 100032, 0, 0.0, 5, 
2019-12-04 14:56:27.531,215647880, 1151.7453736385726, 1822005, 60.568788971884985, 100100, 0, 0.0, 5, 
2019-12-04 14:56:28.557,242446472, 1151.7453736385726, 1823480, 60.568788971884985, 100170, 0, 0.0, 5, 
2019-12-04 14:56:29.583,270129312, 1168.524423132045, 1824932, 60.95507127768719, 100242, 0, 0.0, 5, 
2019-12-04 14:56:30.607,296561488, 1168.524423132045, 1826439, 60.95507127768719, 100314, 0, 0.0, 5, 
2019-12-04 14:56:31.631,322997872, 1168.524423132045, 1827902, 60.95507127768719, 100376, 0, 0.0, 5, 
2019-12-04 14:56:32.657,349411568, 1168.524423132045, 1829352, 60.95507127768719, 100454, 0, 0.0, 5, 
2019-12-04 14:56:33.699,376077640, 1168.524423132045, 1830767, 60.95507127768719, 100519, 0, 0.0, 5, 
2019-12-04 14:56:34.721,115859984, 1187.8477353503183, 1832155, 61.66227273124162, 100600, 0, 0.0, 5, 
2019-12-04 14:56:35.746,139875648, 1187.8477353503183, 1833507, 61.66227273124162, 100659, 0, 0.0, 5, 
2019-12-04 14:56:36.77,166523136, 1187.8477353503183, 1834955, 61.66227273124162, 100706, 0, 0.0, 5, 
2019-12-04 14:56:37.809,193853480, 1187.8477353503183, 1836494, 61.66227273124162, 100768, 0, 0.0, 5, 
2019-12-04 14:56:38.835,221771696, 1187.8477353503183, 1837997, 61.66227273124162, 100850, 0, 0.0, 5, 
2019-12-04 14:56:39.858,248471496, 1207.1451969509221, 1839514, 61.7692314980815, 100922, 0, 0.0, 5, 
2019-12-04 14:56:40.885,271100384, 1207.1451969509221, 1840745, 61.7692314980815, 100993, 0, 0.0, 5, 
2019-12-04 14:56:41.908,295200864, 1207.1451969509221, 1841987, 61.7692314980815, 101064, 0, 0.0, 5, 
2019-12-04 14:56:42.935,318691448, 1207.1451969509221, 1843240, 61.7692314980815, 101129, 0, 0.0, 5, 
2019-12-04 14:56:43.966,342025864, 1207.1451969509221, 1844549, 61.7692314980815, 101204, 0, 0.0, 5, 
2019-12-04 14:56:44.996,368520368, 1209.9959975999873, 1845827, 62.187460655590904, 101268, 0, 0.0, 5, 
2019-12-04 14:56:46.043,110821888, 1209.9959975999873, 1847131, 62.187460655590904, 101337, 0, 0.0, 5, 
2019-12-04 14:56:47.068,135441944, 1209.9959975999873, 1848452, 62.187460655590904, 101413, 0, 0.0, 5, 
2019-12-04 14:56:48.105,159538928, 1209.9959975999873, 1849820, 62.187460655590904, 101490, 0, 0.0, 5, 
2019-12-04 14:56:49.13,185353424, 1209.9959975999873, 1851187, 62.187460655590904, 101555, 0, 0.0, 5, 
2019-12-04 14:56:50.153,210216448, 1216.7925423707309, 1852560, 62.81211681210457, 101624, 0, 0.0, 5, 
2019-12-04 14:56:51.177,235730088, 1216.7925423707309, 1853945, 62.81211681210457, 101702, 0, 0.0, 5, 
2019-12-04 14:56:52.221,260705544, 1216.7925423707309, 1855343, 62.81211681210457, 101761, 0, 0.0, 5, 
2019-12-04 14:56:53.247,287043432, 1216.7925423707309, 1856726, 62.81211681210457, 101833, 0, 0.0, 5, 
2019-12-04 14:56:54.279,311140848, 1216.7925423707309, 1858033, 62.81211681210457, 101902, 0, 0.0, 5, 
2019-12-04 14:56:55.314,335120192, 1225.2524395820622, 1859398, 63.067005878486086, 101972, 0, 0.0, 5, 
2019-12-04 14:56:56.339,358185824, 1225.2524395820622, 1860643, 63.067005878486086, 102047, 0, 0.0, 5, 
2019-12-04 14:56:57.366,382500240, 1225.2524395820622, 1861948, 63.067005878486086, 102116, 0, 0.0, 5, 
2019-12-04 14:56:58.391,120016320, 1225.2524395820622, 1863259, 63.067005878486086, 102177, 0, 0.0, 5, 
2019-12-04 14:56:59.425,147205176, 1225.2524395820622, 1864728, 63.067005878486086, 102255, 0, 0.0, 5, 
2019-12-04 14:57:00.457,174051656, 1231.6287024571618, 1866105, 63.57336413062079, 102333, 0, 0.0, 5, 
2019-12-04 14:57:01.485,198397000, 1231.6287024571618, 1867483, 63.57336413062079, 102413, 0, 0.0, 5, 
2019-12-04 14:57:02.511,223082624, 1231.6287024571618, 1868790, 63.57336413062079, 102487, 0, 0.0, 5, 
2019-12-04 14:57:03.538,248508824, 1231.6287024571618, 1870217, 63.57336413062079, 102558, 0, 0.0, 5, 
2019-12-04 14:57:04.573,273179176, 1239.3820993163536, 1871563, 64.4550052562263, 102639, 0, 0.0, 5, 
2019-12-04 14:57:05.599,297968440, 1239.3820993163536, 1872929, 64.4550052562263, 102703, 0, 0.0, 5, 
2019-12-04 14:57:06.623,324119392, 1239.3820993163536, 1874388, 64.4550052562263, 102775, 0, 0.0, 5, 
2019-12-04 14:57:07.649,351649968, 1239.3820993163536, 1875782, 64.4550052562263, 102874, 0, 0.0, 5, 
2019-12-04 14:57:08.673,376696872, 1239.3820993163536, 1877191, 64.4550052562263, 102954, 0, 0.0, 5, 
2019-12-04 14:57:09.702,118630544, 1249.5538810351431, 1878563, 65.09025196173167, 103015, 0, 0.0, 5, 
2019-12-04 14:57:10.728,144237984, 1249.5538810351431, 1879936, 65.09025196173167, 103088, 0, 0.0, 5, 
2019-12-04 14:57:11.753,168795104, 1249.5538810351431, 1881266, 65.09025196173167, 103161, 0, 0.0, 5, 
2019-12-04 14:57:12.781,194879536, 1249.5538810351431, 1882702, 65.09025196173167, 103244, 0, 0.0, 5, 
2019-12-04 14:57:13.806,219978480, 1249.5538810351431, 1884127, 65.09025196173167, 103326, 0, 0.0, 5, 
2019-12-04 14:57:14.833,247373944, 1258.8484075240474, 1885590, 65.83461831578492, 103394, 0, 0.0, 5, 
2019-12-04 14:57:15.859,274124832, 1258.8484075240474, 1887019, 65.83461831578492, 103460, 0, 0.0, 5, 
2019-12-04 14:57:16.887,298213888, 1258.8484075240474, 1888369, 65.83461831578492, 103538, 0, 0.0, 5, 
2019-12-04 14:57:17.92,323664488, 1258.8484075240474, 1889775, 65.83461831578492, 103596, 0, 0.0, 5, 
2019-12-04 14:57:18.943,349515016, 1258.8484075240474, 1891192, 65.83461831578492, 103663, 0, 0.0, 5, 
2019-12-04 14:57:19.969,374606544, 1267.7355981653452, 1892602, 65.94378820760073, 103739, 0, 0.0, 5, 
2019-12-04 14:57:21.001,115575944, 1267.7355981653452, 1894035, 65.94378820760073, 103824, 0, 0.0, 5, 
2019-12-04 14:57:22.026,139708592, 1267.7355981653452, 1895368, 65.94378820760073, 103886, 0, 0.0, 5, 
2019-12-04 14:57:23.052,166811296, 1267.7355981653452, 1896797, 65.94378820760073, 103973, 0, 0.0, 5, 
2019-12-04 14:57:24.08,192226872, 1267.7355981653452, 1898242, 65.94378820760073, 104066, 0, 0.0, 5, 
2019-12-04 14:57:25.11,219467432, 1276.3919417888412, 1899700, 67.01968749833381, 104151, 0, 0.0, 5, 
2019-12-04 14:57:26.135,245319144, 1276.3919417888412, 1901149, 67.01968749833381, 104224, 0, 0.0, 5, 
2019-12-04 14:57:27.161,271269872, 1276.3919417888412, 1902601, 67.01968749833381, 104314, 0, 0.0, 5, 
2019-12-04 14:57:28.184,298490448, 1276.3919417888412, 1904064, 67.01968749833381, 104392, 0, 0.0, 5, 
2019-12-04 14:57:29.208,326123192, 1276.3919417888412, 1905566, 67.01968749833381, 104473, 0, 0.0, 5, 
2019-12-04 14:57:30.235,354829480, 1287.9381726153572, 1907083, 67.86564257780923, 104552, 0, 0.0, 5, 
2019-12-04 14:57:31.261,380064672, 1287.9381726153572, 1908515, 67.86564257780923, 104632, 0, 0.0, 5, 
2019-12-04 14:57:32.287,122129280, 1287.9381726153572, 1909970, 67.86564257780923, 104716, 0, 0.0, 5, 
2019-12-04 14:57:33.312,148495552, 1287.9381726153572, 1911416, 67.86564257780923, 104800, 0, 0.0, 5, 
2019-12-04 14:57:34.335,175173224, 1287.9381726153572, 1912832, 67.86564257780923, 104878, 0, 0.0, 5, 
2019-12-04 14:57:35.357,199380128, 1298.54522668024, 1914233, 68.80386999444923, 104944, 0, 0.0, 5, 
2019-12-04 14:57:36.387,225577000, 1298.54522668024, 1915497, 68.80386999444923, 105024, 0, 0.0, 5, 
2019-12-04 14:57:37.412,250871424, 1298.54522668024, 1916923, 68.80386999444923, 105095, 0, 0.0, 5, 
2019-12-04 14:57:38.437,277117768, 1298.54522668024, 1918318, 68.80386999444923, 105176, 0, 0.0, 5, 
2019-12-04 14:57:39.462,301950576, 1298.54522668024, 1919741, 68.80386999444923, 105237, 0, 0.0, 5, 
2019-12-04 14:57:40.485,328587624, 1302.5633764986922, 1921215, 68.93148950337074, 105304, 0, 0.0, 5, 
2019-12-04 14:57:41.509,356182456, 1302.5633764986922, 1922689, 68.93148950337074, 105385, 0, 0.0, 5, 
2019-12-04 14:57:42.533,380843736, 1302.5633764986922, 1924139, 68.93148950337074, 105455, 0, 0.0, 5, 
2019-12-04 14:57:43.555,123593464, 1302.5633764986922, 1925449, 68.93148950337074, 105515, 0, 0.0, 5, 
2019-12-04 14:57:44.578,150489456, 1310.9456500990243, 1926973, 69.06489623682586, 105598, 0, 0.0, 5, 
2019-12-04 14:57:45.6,176632024, 1310.9456500990243, 1928397, 69.06489623682586, 105680, 0, 0.0, 5, 
2019-12-04 14:57:46.625,203293288, 1310.9456500990243, 1929856, 69.06489623682586, 105751, 0, 0.0, 5, 
2019-12-04 14:57:47.647,228240296, 1310.9456500990243, 1931312, 69.06489623682586, 105847, 0, 0.0, 5, 
2019-12-04 14:57:48.67,255332304, 1310.9456500990243, 1932772, 69.06489623682586, 105920, 0, 0.0, 5, 
2019-12-04 14:57:49.701,280512288, 1319.02550979961, 1934157, 69.7473254544099, 105995, 0, 0.0, 5, 
2019-12-04 14:57:50.736,307074832, 1319.02550979961, 1935525, 69.7473254544099, 106053, 0, 0.0, 5, 
2019-12-04 14:57:51.759,333014560, 1319.02550979961, 1936990, 69.7473254544099, 106129, 0, 0.0, 5, 
2019-12-04 14:57:52.788,359992736, 1319.02550979961, 1938428, 69.7473254544099, 106212, 0, 0.0, 5, 
2019-12-04 14:57:53.818,385167048, 1319.02550979961, 1939853, 69.7473254544099, 106287, 0, 0.0, 5, 
2019-12-04 14:57:54.84,123936240, 1323.2451250562212, 1941220, 69.89545713220392, 106363, 0, 0.0, 5, 
2019-12-04 14:57:55.863,149124648, 1323.2451250562212, 1942566, 69.89545713220392, 106445, 0, 0.0, 5, 
2019-12-04 14:57:56.89,174324408, 1323.2451250562212, 1943942, 69.89545713220392, 106521, 0, 0.0, 5, 
2019-12-04 14:57:57.913,199802792, 1323.2451250562212, 1945292, 69.89545713220392, 106603, 0, 0.0, 5, 
2019-12-04 14:57:58.938,226412688, 1323.2451250562212, 1946736, 69.89545713220392, 106687, 0, 0.0, 5, 
2019-12-04 14:57:59.964,251457776, 1325.2563978072772, 1948134, 70.60742506965684, 106777, 0, 0.0, 5, 
2019-12-04 14:58:00.989,275774360, 1325.2563978072772, 1949408, 70.60742506965684, 106846, 0, 0.0, 5, 
2019-12-04 14:58:02.015,301396984, 1325.2563978072772, 1950782, 70.60742506965684, 106908, 0, 0.0, 5, 
2019-12-04 14:58:03.04,326101248, 1325.2563978072772, 1952162, 70.60742506965684, 106985, 0, 0.0, 5, 
2019-12-04 14:58:04.062,348734848, 1325.2563978072772, 1953417, 70.60742506965684, 107053, 0, 0.0, 5, 
2019-12-04 14:58:05.088,373703152, 1323.2050255020933, 1954723, 70.52687580849533, 107118, 0, 0.0, 5, 
2019-12-04 14:58:06.12,118926720, 1323.2050255020933, 1956159, 70.52687580849533, 107184, 0, 0.0, 5, 
2019-12-04 14:58:07.145,143924560, 1323.2050255020933, 1957564, 70.52687580849533, 107251, 0, 0.0, 5, 
2019-12-04 14:58:08.169,169899408, 1323.2050255020933, 1958984, 70.52687580849533, 107315, 0, 0.0, 5, 
2019-12-04 14:58:09.193,193087712, 1323.2050255020933, 1960239, 70.52687580849533, 107388, 0, 0.0, 5, 
2019-12-04 14:58:10.218,219502816, 1323.940215070542, 1961678, 70.21290015454915, 107478, 0, 0.0, 5, 
2019-12-04 14:58:11.244,243045200, 1323.940215070542, 1963052, 70.21290015454915, 107537, 0, 0.0, 5, 
2019-12-04 14:58:12.267,270592784, 1323.940215070542, 1964516, 70.21290015454915, 107614, 0, 0.0, 5, 
2019-12-04 14:58:13.29,298265984, 1323.940215070542, 1965983, 70.21290015454915, 107697, 0, 0.0, 5, 
2019-12-04 14:58:14.316,323337552, 1323.940215070542, 1967365, 70.21290015454915, 107779, 0, 0.0, 5, 
2019-12-04 14:58:15.341,348265720, 1328.8062948001104, 1968738, 70.56367329077177, 107851, 0, 0.0, 5, 
2019-12-04 14:58:16.369,374673680, 1328.8062948001104, 1970116, 70.56367329077177, 107918, 0, 0.0, 5, 
2019-12-04 14:58:17.394,113978624, 1328.8062948001104, 1971488, 70.56367329077177, 107990, 0, 0.0, 5, 
2019-12-04 14:58:18.416,142000648, 1328.8062948001104, 1973031, 70.56367329077177, 108072, 0, 0.0, 5, 
2019-12-04 14:58:19.445,168849856, 1328.8062948001104, 1974457, 70.56367329077177, 108155, 0, 0.0, 5, 
2019-12-04 14:58:20.467,195127424, 1333.2193398081442, 1975898, 70.85441792140715, 108214, 0, 0.0, 5, 
2019-12-04 14:58:21.492,222566328, 1333.2193398081442, 1977376, 70.85441792140715, 108288, 0, 0.0, 5, 
2019-12-04 14:58:22.519,247005328, 1333.2193398081442, 1978788, 70.85441792140715, 108357, 0, 0.0, 5, 
2019-12-04 14:58:23.555,274178408, 1333.2193398081442, 1980219, 70.85441792140715, 108425, 0, 0.0, 5, 
2019-12-04 14:58:24.581,299649992, 1339.5023024925983, 1981667, 70.80209355342397, 108518, 0, 0.0, 5, 
2019-12-04 14:58:25.605,324236400, 1339.5023024925983, 1983026, 70.80209355342397, 108589, 0, 0.0, 5, 
2019-12-04 14:58:26.63,349497088, 1339.5023024925983, 1984353, 70.80209355342397, 108664, 0, 0.0, 5, 
2019-12-04 14:58:27.654,375981016, 1339.5023024925983, 1985747, 70.80209355342397, 108758, 0, 0.0, 5, 
2019-12-04 14:58:28.678,117305400, 1339.5023024925983, 1987158, 70.80209355342397, 108841, 0, 0.0, 5, 
2019-12-04 14:58:29.703,141986608, 1339.3182205491023, 1988526, 71.29765079143266, 108911, 0, 0.0, 5, 
2019-12-04 14:58:30.728,167696688, 1339.3182205491023, 1989994, 71.29765079143266, 108971, 0, 0.0, 5, 
2019-12-04 14:58:31.752,195184384, 1339.3182205491023, 1991457, 71.29765079143266, 109045, 0, 0.0, 5, 
2019-12-04 14:58:32.789,222081904, 1339.3182205491023, 1992926, 71.29765079143266, 109105, 0, 0.0, 5, 
2019-12-04 14:58:33.816,237409400, 1339.3182205491023, 1993760, 71.29765079143266, 109141, 0, 0.0, 5, 
2019-12-04 14:58:34.841,249293088, 1325.0446917257673, 1994218, 69.81866029442129, 109164, 0, 0.0, 5, 
2019-12-04 14:58:35.867,260753856, 1325.0446917257673, 1994693, 69.81866029442129, 109186, 0, 0.0, 5, 
