Timestamp, MemoryUsed, ReadLatency1, ReadCount, WriteLatency1, WriteCount, PendingTasks, WaitingOnCommit1, SRDelay, 
2019-12-04 14:54:43.755,328382752, 492.9061029005043, 1691428, 26.901704131376952, 93304, 0, 0.0, 5, 
2019-12-04 14:54:44.833,345138776, 515.9728013189623, 1692335, 28.412728440060945, 93343, 0, 0.0, 5, 
2019-12-04 14:54:45.875,360941200, 515.9728013189623, 1693137, 28.412728440060945, 93381, 0, 0.0, 5, 
2019-12-04 14:54:46.907,378212304, 515.9728013189623, 1693951, 28.412728440060945, 93421, 0, 0.0, 5, 
2019-12-04 14:54:47.95,119649736, 515.9728013189623, 1695027, 28.412728440060945, 93480, 0, 0.0, 5, 
2019-12-04 14:54:48.985,139512896, 515.9728013189623, 1696128, 28.412728440060945, 93549, 0, 0.0, 5, 
2019-12-04 14:54:50.019,160438120, 548.9166771781448, 1697283, 30.170733608339905, 93613, 0, 0.0, 5, 
2019-12-04 14:54:51.048,182385928, 548.9166771781448, 1698390, 30.170733608339905, 93672, 0, 0.0, 5, 
2019-12-04 14:54:52.077,203914352, 548.9166771781448, 1699482, 30.170733608339905, 93725, 0, 0.0, 5, 
2019-12-04 14:54:53.107,225346192, 548.9166771781448, 1700664, 30.170733608339905, 93772, 0, 0.0, 5, 
2019-12-04 14:54:54.135,246819472, 548.9166771781448, 1701794, 30.170733608339905, 93833, 0, 0.0, 5, 
2019-12-04 14:54:55.187,268364856, 592.8669290228648, 1702928, 32.13998101993542, 93892, 0, 0.0, 5, 
2019-12-04 14:54:56.213,290617440, 592.8669290228648, 1704070, 32.13998101993542, 93947, 0, 0.0, 5, 
2019-12-04 14:54:57.241,312051416, 592.8669290228648, 1705179, 32.13998101993542, 94014, 0, 0.0, 5, 
2019-12-04 14:54:58.286,334886736, 592.8669290228648, 1706391, 32.13998101993542, 94083, 0, 0.0, 5, 
2019-12-04 14:54:59.311,355781808, 592.8669290228648, 1707481, 32.13998101993542, 94135, 0, 0.0, 5, 
2019-12-04 14:55:00.344,375179896, 633.8308196175982, 1708566, 34.127678389812615, 94176, 0, 0.0, 5, 
2019-12-04 14:55:01.371,113590848, 633.8308196175982, 1709749, 34.127678389812615, 94230, 0, 0.0, 5, 
2019-12-04 14:55:02.397,136553144, 633.8308196175982, 1710897, 34.127678389812615, 94292, 0, 0.0, 5, 
2019-12-04 14:55:03.425,158395552, 633.8308196175982, 1712063, 34.127678389812615, 94361, 0, 0.0, 5, 
2019-12-04 14:55:04.458,184221328, 633.8308196175982, 1713233, 34.127678389812615, 94441, 0, 0.0, 5, 
2019-12-04 14:55:05.484,205822656, 671.9191962876225, 1714395, 36.27627059442424, 94514, 0, 0.0, 5, 
2019-12-04 14:55:06.508,228835648, 671.9191962876225, 1715572, 36.27627059442424, 94577, 0, 0.0, 5, 
2019-12-04 14:55:07.531,252802232, 671.9191962876225, 1716840, 36.27627059442424, 94644, 0, 0.0, 5, 
2019-12-04 14:55:08.555,275209560, 671.9191962876225, 1718087, 36.27627059442424, 94715, 0, 0.0, 5, 
2019-12-04 14:55:09.582,296396680, 712.1593075542703, 1719226, 38.62086654429837, 94778, 0, 0.0, 5, 
2019-12-04 14:55:10.605,316720416, 712.1593075542703, 1720327, 38.62086654429837, 94832, 0, 0.0, 5, 
2019-12-04 14:55:11.63,341434144, 712.1593075542703, 1721580, 38.62086654429837, 94900, 0, 0.0, 5, 
2019-12-04 14:55:12.656,365127304, 712.1593075542703, 1722851, 38.62086654429837, 94958, 0, 0.0, 5, 
2019-12-04 14:55:13.68,388484616, 712.1593075542703, 1724174, 38.62086654429837, 95031, 0, 0.0, 5, 
2019-12-04 14:55:14.705,129053184, 751.06894898396, 1725400, 40.33024767446681, 95086, 0, 0.0, 5, 
2019-12-04 14:55:15.73,151831560, 751.06894898396, 1726658, 40.33024767446681, 95144, 0, 0.0, 5, 
2019-12-04 14:55:16.765,176018968, 751.06894898396, 1727937, 40.33024767446681, 95207, 0, 0.0, 5, 
2019-12-04 14:55:17.792,199551304, 751.06894898396, 1729243, 40.33024767446681, 95279, 0, 0.0, 5, 
2019-12-04 14:55:18.816,223367152, 751.06894898396, 1730552, 40.33024767446681, 95361, 0, 0.0, 5, 
2019-12-04 14:55:19.84,249137136, 791.968713603225, 1731895, 42.38268774797511, 95416, 0, 0.0, 5, 
2019-12-04 14:55:20.866,275237288, 791.968713603225, 1733341, 42.38268774797511, 95493, 0, 0.0, 5, 
2019-12-04 14:55:21.895,302365112, 791.968713603225, 1734787, 42.38268774797511, 95567, 0, 0.0, 5, 
2019-12-04 14:55:22.927,328408896, 791.968713603225, 1736247, 42.38268774797511, 95637, 0, 0.0, 5, 
2019-12-04 14:55:23.95,354879568, 791.968713603225, 1737671, 42.38268774797511, 95708, 0, 0.0, 5, 
2019-12-04 14:55:24.982,380487056, 840.1204686356149, 1739045, 44.478908295931575, 95778, 0, 0.0, 5, 
2019-12-04 14:55:26.008,119951752, 840.1204686356149, 1740483, 44.478908295931575, 95848, 0, 0.0, 5, 
2019-12-04 14:55:27.038,145934160, 840.1204686356149, 1741812, 44.478908295931575, 95920, 0, 0.0, 5, 
2019-12-04 14:55:28.067,172191800, 840.1204686356149, 1743211, 44.478908295931575, 95999, 0, 0.0, 5, 
2019-12-04 14:55:29.091,197302736, 840.1204686356149, 1744628, 44.478908295931575, 96056, 0, 0.0, 5, 
2019-12-04 14:55:30.113,224250040, 881.1760251417151, 1746102, 46.199639780946384, 96117, 0, 0.0, 5, 
2019-12-04 14:55:31.137,251433848, 881.1760251417151, 1747601, 46.199639780946384, 96194, 0, 0.0, 5, 
2019-12-04 14:55:32.159,276458840, 881.1760251417151, 1748953, 46.199639780946384, 96266, 0, 0.0, 5, 
2019-12-04 14:55:33.189,300079200, 881.1760251417151, 1750202, 46.199639780946384, 96332, 0, 0.0, 5, 
2019-12-04 14:55:34.22,322697280, 881.1760251417151, 1751431, 46.199639780946384, 96389, 0, 0.0, 5, 
2019-12-04 14:55:35.242,345891056, 916.7261953213463, 1752758, 47.878735875255884, 96462, 0, 0.0, 5, 
2019-12-04 14:55:36.271,368576416, 916.7261953213463, 1753876, 47.878735875255884, 96526, 0, 0.0, 5, 
2019-12-04 14:55:37.31,106948296, 916.7261953213463, 1755167, 47.878735875255884, 96596, 0, 0.0, 5, 
2019-12-04 14:55:38.333,132474544, 916.7261953213463, 1756438, 47.878735875255884, 96669, 0, 0.0, 5, 
2019-12-04 14:55:39.356,156862024, 916.7261953213463, 1757742, 47.878735875255884, 96740, 0, 0.0, 5, 
2019-12-04 14:55:40.391,182094856, 941.0226032532428, 1759084, 49.47155220967367, 96814, 0, 0.0, 5, 
2019-12-04 14:55:41.418,207239336, 941.0226032532428, 1760455, 49.47155220967367, 96865, 0, 0.0, 5, 
2019-12-04 14:55:42.458,231086656, 941.0226032532428, 1761812, 49.47155220967367, 96928, 0, 0.0, 5, 
2019-12-04 14:55:43.489,255683288, 941.0226032532428, 1763124, 49.47155220967367, 96993, 0, 0.0, 5, 
2019-12-04 14:55:44.521,281793744, 969.2451176327472, 1764408, 49.47155220967367, 97063, 0, 0.0, 5, 
2019-12-04 14:55:45.545,305820072, 969.2451176327472, 1765739, 50.47327158653517, 97146, 0, 0.0, 5, 
2019-12-04 14:55:46.577,329615192, 969.2451176327472, 1767124, 50.47327158653517, 97210, 0, 0.0, 5, 
2019-12-04 14:55:47.607,354808096, 969.2451176327472, 1768505, 50.47327158653517, 97274, 0, 0.0, 5, 
2019-12-04 14:55:48.649,379694120, 969.2451176327472, 1769842, 50.47327158653517, 97342, 0, 0.0, 5, 
2019-12-04 14:55:49.68,118595608, 996.0586135593354, 1771134, 52.05053370428212, 97423, 0, 0.0, 5, 
2019-12-04 14:55:50.714,142603400, 996.0586135593354, 1772432, 52.05053370428212, 97487, 0, 0.0, 5, 
2019-12-04 14:55:51.738,167343984, 996.0586135593354, 1773813, 52.05053370428212, 97554, 0, 0.0, 5, 
2019-12-04 14:55:52.772,195281144, 996.0586135593354, 1775288, 52.05053370428212, 97625, 0, 0.0, 5, 
2019-12-04 14:55:53.802,221704080, 996.0586135593354, 1776717, 52.05053370428212, 97710, 0, 0.0, 5, 
2019-12-04 14:55:54.831,246466336, 1024.5341065869231, 1778066, 53.56564937441814, 97792, 0, 0.0, 5, 
2019-12-04 14:55:55.856,271084376, 1024.5341065869231, 1779471, 53.56564937441814, 97860, 0, 0.0, 5, 
2019-12-04 14:55:56.882,297535760, 1024.5341065869231, 1780883, 53.56564937441814, 97943, 0, 0.0, 5, 
2019-12-04 14:55:57.906,323403880, 1024.5341065869231, 1782279, 53.56564937441814, 98022, 0, 0.0, 5, 
2019-12-04 14:55:58.932,345450776, 1024.5341065869231, 1783480, 53.56564937441814, 98093, 0, 0.0, 5, 
2019-12-04 14:55:59.96,368127296, 1045.8235519590119, 1784691, 55.02358755254071, 98152, 0, 0.0, 5, 
2019-12-04 14:56:00.994,110632856, 1045.8235519590119, 1786157, 55.02358755254071, 98214, 0, 0.0, 5, 
2019-12-04 14:56:02.018,134414184, 1045.8235519590119, 1787421, 55.02358755254071, 98284, 0, 0.0, 5, 
2019-12-04 14:56:03.042,160303728, 1045.8235519590119, 1788817, 55.02358755254071, 98364, 0, 0.0, 5, 
2019-12-04 14:56:04.067,186345232, 1045.8235519590119, 1790264, 55.02358755254071, 98435, 0, 0.0, 5, 
2019-12-04 14:56:05.113,211260616, 1069.6964066400265, 1791645, 56.12508867408519, 98517, 0, 0.0, 5, 
2019-12-04 14:56:06.141,236476648, 1069.6964066400265, 1792966, 56.12508867408519, 98585, 0, 0.0, 5, 
2019-12-04 14:56:07.166,275764840, 1069.6964066400265, 1794305, 56.12508867408519, 98673, 0, 0.0, 5, 
2019-12-04 14:56:08.192,301951512, 1069.6964066400265, 1795681, 56.12508867408519, 98752, 0, 0.0, 5, 
2019-12-04 14:56:09.22,327957680, 1069.6964066400265, 1797090, 56.12508867408519, 98824, 0, 0.0, 5, 
2019-12-04 14:56:10.248,352989672, 1089.8055236699518, 1798504, 57.68221660919074, 98902, 0, 0.0, 5, 
2019-12-04 14:56:11.279,378206960, 1089.8055236699518, 1799842, 57.68221660919074, 98988, 0, 0.0, 5, 
2019-12-04 14:56:12.303,117159480, 1089.8055236699518, 1801185, 57.68221660919074, 99060, 0, 0.0, 5, 
2019-12-04 14:56:13.329,144399336, 1089.8055236699518, 1802543, 57.68221660919074, 99127, 0, 0.0, 5, 
2019-12-04 14:56:14.355,170217320, 1089.8055236699518, 1803946, 57.68221660919074, 99199, 0, 0.0, 5, 
2019-12-04 14:56:15.389,195041488, 1109.73001389606, 1805318, 58.87497671263585, 99273, 0, 0.0, 5, 
2019-12-04 14:56:16.419,221610864, 1109.73001389606, 1806755, 58.87497671263585, 99347, 0, 0.0, 5, 
2019-12-04 14:56:17.452,248841456, 1109.73001389606, 1808292, 58.87497671263585, 99426, 0, 0.0, 5, 
2019-12-04 14:56:18.485,274196280, 1109.73001389606, 1809715, 58.87497671263585, 99482, 0, 0.0, 5, 
2019-12-04 14:56:19.511,301177304, 1109.73001389606, 1811214, 58.87497671263585, 99549, 0, 0.0, 5, 
2019-12-04 14:56:20.538,326978216, 1133.786249755468, 1812629, 59.540608822801566, 99627, 0, 0.0, 5, 
2019-12-04 14:56:21.561,353341024, 1133.786249755468, 1814014, 59.540608822801566, 99701, 0, 0.0, 5, 
2019-12-04 14:56:22.591,379517032, 1133.786249755468, 1815469, 59.540608822801566, 99777, 0, 0.0, 5, 
2019-12-04 14:56:23.616,122844440, 1133.786249755468, 1816852, 59.540608822801566, 99847, 0, 0.0, 5, 
2019-12-04 14:56:24.646,146574952, 1151.7453736385726, 1818185, 60.568788971884985, 99919, 0, 0.0, 5, 
2019-12-04 14:56:25.67,171915424, 1151.7453736385726, 1819565, 60.568788971884985, 99982, 0, 0.0, 5, 
2019-12-04 14:56:26.707,196366528, 1151.7453736385726, 1820975, 60.568788971884985, 100049, 0, 0.0, 5, 
2019-12-04 14:56:27.731,221009192, 1151.7453736385726, 1822268, 60.568788971884985, 100112, 0, 0.0, 5, 
2019-12-04 14:56:28.762,246660456, 1151.7453736385726, 1823730, 60.568788971884985, 100179, 0, 0.0, 5, 
2019-12-04 14:56:29.787,275389240, 1168.524423132045, 1825228, 60.95507127768719, 100264, 0, 0.0, 5, 
2019-12-04 14:56:30.81,302105240, 1168.524423132045, 1826726, 60.95507127768719, 100325, 0, 0.0, 5, 
2019-12-04 14:56:31.838,329091544, 1168.524423132045, 1828162, 60.95507127768719, 100391, 0, 0.0, 5, 
2019-12-04 14:56:32.861,355559272, 1168.524423132045, 1829655, 60.95507127768719, 100467, 0, 0.0, 5, 
2019-12-04 14:56:33.891,379314552, 1168.524423132045, 1831015, 60.95507127768719, 100540, 0, 0.0, 5, 
2019-12-04 14:56:34.917,121332800, 1187.8477353503183, 1832439, 61.66227273124162, 100607, 0, 0.0, 5, 
2019-12-04 14:56:35.944,145867528, 1187.8477353503183, 1833792, 61.66227273124162, 100667, 0, 0.0, 5, 
2019-12-04 14:56:36.968,172857496, 1187.8477353503183, 1835262, 61.66227273124162, 100713, 0, 0.0, 5, 
2019-12-04 14:56:37.995,199176680, 1187.8477353503183, 1836752, 61.66227273124162, 100778, 0, 0.0, 5, 
2019-12-04 14:56:39.02,226432920, 1187.8477353503183, 1838253, 61.66227273124162, 100864, 0, 0.0, 5, 
2019-12-04 14:56:40.043,252996832, 1207.1451969509221, 1839718, 61.7692314980815, 100937, 0, 0.0, 5, 
2019-12-04 14:56:41.066,276231904, 1207.1451969509221, 1840960, 61.7692314980815, 101007, 0, 0.0, 5, 
2019-12-04 14:56:42.088,299431368, 1207.1451969509221, 1842191, 61.7692314980815, 101074, 0, 0.0, 5, 
2019-12-04 14:56:43.113,324213448, 1207.1451969509221, 1843471, 61.7692314980815, 101142, 0, 0.0, 5, 
2019-12-04 14:56:44.135,347037792, 1207.1451969509221, 1844712, 61.7692314980815, 101220, 0, 0.0, 5, 
2019-12-04 14:56:45.158,372035416, 1209.9959975999873, 1845991, 62.187460655590904, 101278, 0, 0.0, 5, 
2019-12-04 14:56:46.179,113646632, 1209.9959975999873, 1847305, 62.187460655590904, 101346, 0, 0.0, 5, 
2019-12-04 14:56:47.203,138954968, 1209.9959975999873, 1848629, 62.187460655590904, 101424, 0, 0.0, 5, 
2019-12-04 14:56:48.231,163805128, 1209.9959975999873, 1849978, 62.187460655590904, 101498, 0, 0.0, 5, 
2019-12-04 14:56:49.259,189338112, 1209.9959975999873, 1851355, 62.187460655590904, 101565, 0, 0.0, 5, 
2019-12-04 14:56:50.288,213333504, 1216.7925423707309, 1852732, 62.81211681210457, 101633, 0, 0.0, 5, 
2019-12-04 14:56:51.32,239845600, 1216.7925423707309, 1854121, 62.81211681210457, 101709, 0, 0.0, 5, 
2019-12-04 14:56:52.345,264605488, 1216.7925423707309, 1855528, 62.81211681210457, 101770, 0, 0.0, 5, 
2019-12-04 14:56:53.381,289474488, 1216.7925423707309, 1856863, 62.81211681210457, 101836, 0, 0.0, 5, 
2019-12-04 14:56:54.408,313448944, 1216.7925423707309, 1858191, 62.81211681210457, 101911, 0, 0.0, 5, 
2019-12-04 14:56:55.435,337966464, 1225.2524395820622, 1859516, 63.067005878486086, 101983, 0, 0.0, 5, 
2019-12-04 14:56:56.459,362061832, 1225.2524395820622, 1860781, 63.067005878486086, 102052, 0, 0.0, 5, 
2019-12-04 14:56:57.489,385551240, 1225.2524395820622, 1862101, 63.067005878486086, 102121, 0, 0.0, 5, 
2019-12-04 14:56:58.518,125433912, 1225.2524395820622, 1863468, 63.067005878486086, 102187, 0, 0.0, 5, 
2019-12-04 14:56:59.544,150794984, 1231.6287024571618, 1864876, 63.57336413062079, 102265, 0, 0.0, 5, 
2019-12-04 14:57:00.569,176738224, 1231.6287024571618, 1866242, 63.57336413062079, 102343, 0, 0.0, 5, 
2019-12-04 14:57:01.593,200912152, 1231.6287024571618, 1867625, 63.57336413062079, 102420, 0, 0.0, 5, 
2019-12-04 14:57:02.626,226141656, 1231.6287024571618, 1868939, 63.57336413062079, 102493, 0, 0.0, 5, 
2019-12-04 14:57:03.655,251443056, 1231.6287024571618, 1870350, 63.57336413062079, 102569, 0, 0.0, 5, 
2019-12-04 14:57:04.68,276711184, 1239.3820993163536, 1871692, 64.4550052562263, 102641, 0, 0.0, 5, 
2019-12-04 14:57:05.704,300116248, 1239.3820993163536, 1873082, 64.4550052562263, 102710, 0, 0.0, 5, 
2019-12-04 14:57:06.726,327200232, 1239.3820993163536, 1874523, 64.4550052562263, 102788, 0, 0.0, 5, 
2019-12-04 14:57:07.751,353009680, 1239.3820993163536, 1875925, 64.4550052562263, 102882, 0, 0.0, 5, 
2019-12-04 14:57:08.785,379181008, 1239.3820993163536, 1877317, 64.4550052562263, 102959, 0, 0.0, 5, 
2019-12-04 14:57:09.81,122639056, 1249.5538810351431, 1878693, 65.09025196173167, 103019, 0, 0.0, 5, 
2019-12-04 14:57:10.835,146114368, 1249.5538810351431, 1880087, 65.09025196173167, 103095, 0, 0.0, 5, 
2019-12-04 14:57:11.871,171231152, 1249.5538810351431, 1881401, 65.09025196173167, 103169, 0, 0.0, 5, 
2019-12-04 14:57:12.894,197371168, 1249.5538810351431, 1882847, 65.09025196173167, 103253, 0, 0.0, 5, 
2019-12-04 14:57:13.919,223753744, 1249.5538810351431, 1884263, 65.09025196173167, 103335, 0, 0.0, 5, 
2019-12-04 14:57:14.945,249519536, 1258.8484075240474, 1885725, 65.83461831578492, 103400, 0, 0.0, 5, 
2019-12-04 14:57:15.971,276433384, 1258.8484075240474, 1887168, 65.83461831578492, 103470, 0, 0.0, 5, 
2019-12-04 14:57:16.999,299872360, 1258.8484075240474, 1888471, 65.83461831578492, 103545, 0, 0.0, 5, 
2019-12-04 14:57:18.025,326388608, 1258.8484075240474, 1889917, 65.83461831578492, 103600, 0, 0.0, 5, 
2019-12-04 14:57:19.049,352194352, 1258.8484075240474, 1891327, 65.83461831578492, 103671, 0, 0.0, 5, 
2019-12-04 14:57:20.075,377581632, 1267.7355981653452, 1892729, 65.94378820760073, 103748, 0, 0.0, 5, 
2019-12-04 14:57:21.1,116702288, 1267.7355981653452, 1894144, 65.94378820760073, 103825, 0, 0.0, 5, 
2019-12-04 14:57:22.129,142689632, 1267.7355981653452, 1895511, 65.94378820760073, 103890, 0, 0.0, 5, 
2019-12-04 14:57:23.153,169366752, 1267.7355981653452, 1896947, 65.94378820760073, 103987, 0, 0.0, 5, 
2019-12-04 14:57:24.177,196740728, 1267.7355981653452, 1898358, 65.94378820760073, 104074, 0, 0.0, 5, 
2019-12-04 14:57:25.204,222007696, 1276.3919417888412, 1899819, 67.01968749833381, 104158, 0, 0.0, 5, 
2019-12-04 14:57:26.228,248014176, 1276.3919417888412, 1901293, 67.01968749833381, 104233, 0, 0.0, 5, 
2019-12-04 14:57:27.264,275984912, 1276.3919417888412, 1902721, 67.01968749833381, 104326, 0, 0.0, 5, 
2019-12-04 14:57:28.297,302065264, 1276.3919417888412, 1904206, 67.01968749833381, 104403, 0, 0.0, 5, 
2019-12-04 14:57:29.322,329740104, 1276.3919417888412, 1905718, 67.01968749833381, 104481, 0, 0.0, 5, 
2019-12-04 14:57:30.348,357731960, 1287.9381726153572, 1907223, 67.86564257780923, 104560, 0, 0.0, 5, 
2019-12-04 14:57:31.373,383579992, 1287.9381726153572, 1908676, 67.86564257780923, 104640, 0, 0.0, 5, 
2019-12-04 14:57:32.403,124660720, 1287.9381726153572, 1910098, 67.86564257780923, 104728, 0, 0.0, 5, 
2019-12-04 14:57:33.426,152729744, 1287.9381726153572, 1911584, 67.86564257780923, 104808, 0, 0.0, 5, 
2019-12-04 14:57:34.453,177383232, 1287.9381726153572, 1912982, 67.86564257780923, 104888, 0, 0.0, 5, 
2019-12-04 14:57:35.48,202624952, 1298.54522668024, 1914371, 68.80386999444923, 104951, 0, 0.0, 5, 
2019-12-04 14:57:36.507,227333272, 1298.54522668024, 1915608, 68.80386999444923, 105029, 0, 0.0, 5, 
2019-12-04 14:57:37.531,255476256, 1298.54522668024, 1917071, 68.80386999444923, 105103, 0, 0.0, 5, 
2019-12-04 14:57:38.561,280130704, 1298.54522668024, 1918483, 68.80386999444923, 105188, 0, 0.0, 5, 
2019-12-04 14:57:39.586,306403416, 1302.5633764986922, 1919930, 68.93148950337074, 105247, 0, 0.0, 5, 
2019-12-04 14:57:40.615,332542944, 1302.5633764986922, 1921401, 68.93148950337074, 105313, 0, 0.0, 5, 
2019-12-04 14:57:41.64,358629816, 1302.5633764986922, 1922851, 68.93148950337074, 105390, 0, 0.0, 5, 
2019-12-04 14:57:42.667,385722064, 1302.5633764986922, 1924315, 68.93148950337074, 105463, 0, 0.0, 5, 
2019-12-04 14:57:43.692,126374288, 1302.5633764986922, 1925621, 68.93148950337074, 105523, 0, 0.0, 5, 
2019-12-04 14:57:44.72,154345048, 1310.9456500990243, 1927144, 69.06489623682586, 105610, 0, 0.0, 5, 
2019-12-04 14:57:45.745,180602616, 1310.9456500990243, 1928598, 69.06489623682586, 105687, 0, 0.0, 5, 
2019-12-04 14:57:46.769,206211056, 1310.9456500990243, 1930080, 69.06489623682586, 105766, 0, 0.0, 5, 
2019-12-04 14:57:47.796,233851832, 1310.9456500990243, 1931520, 69.06489623682586, 105858, 0, 0.0, 5, 
2019-12-04 14:57:48.824,260172616, 1310.9456500990243, 1932978, 69.06489623682586, 105932, 0, 0.0, 5, 
2019-12-04 14:57:49.849,284542248, 1319.02550979961, 1934317, 69.7473254544099, 106000, 0, 0.0, 5, 
2019-12-04 14:57:50.875,311212608, 1319.02550979961, 1935741, 69.7473254544099, 106061, 0, 0.0, 5, 
2019-12-04 14:57:51.9,336426408, 1319.02550979961, 1937177, 69.7473254544099, 106138, 0, 0.0, 5, 
2019-12-04 14:57:52.922,362693824, 1319.02550979961, 1938599, 69.7473254544099, 106218, 0, 0.0, 5, 
2019-12-04 14:57:53.944,387876424, 1319.02550979961, 1939992, 69.7473254544099, 106293, 0, 0.0, 5, 
2019-12-04 14:57:54.968,127860464, 1323.2451250562212, 1941407, 69.89545713220392, 106372, 0, 0.0, 5, 
2019-12-04 14:57:55.992,151327104, 1323.2451250562212, 1942736, 69.89545713220392, 106454, 0, 0.0, 5, 
2019-12-04 14:57:57.014,176699792, 1323.2451250562212, 1944108, 69.89545713220392, 106534, 0, 0.0, 5, 
2019-12-04 14:57:58.039,203506728, 1323.2451250562212, 1945463, 69.89545713220392, 106613, 0, 0.0, 5, 
2019-12-04 14:57:59.064,229412944, 1323.2451250562212, 1946881, 69.89545713220392, 106697, 0, 0.0, 5, 
2019-12-04 14:58:00.093,254293640, 1325.2563978072772, 1948277, 70.60742506965684, 106784, 0, 0.0, 5, 
2019-12-04 14:58:01.125,279780856, 1325.2563978072772, 1949603, 70.60742506965684, 106855, 0, 0.0, 5, 
2019-12-04 14:58:02.151,305250224, 1325.2563978072772, 1950974, 70.60742506965684, 106917, 0, 0.0, 5, 
2019-12-04 14:58:03.174,328837880, 1325.2563978072772, 1952332, 70.60742506965684, 106992, 0, 0.0, 5, 
2019-12-04 14:58:04.202,352827608, 1325.2563978072772, 1953603, 70.60742506965684, 107061, 0, 0.0, 5, 
2019-12-04 14:58:05.226,377631192, 1323.2050255020933, 1954890, 70.52687580849533, 107127, 0, 0.0, 5, 
2019-12-04 14:58:06.255,121328144, 1323.2050255020933, 1956321, 70.52687580849533, 107192, 0, 0.0, 5, 
2019-12-04 14:58:07.284,148384736, 1323.2050255020933, 1957733, 70.52687580849533, 107254, 0, 0.0, 5, 
2019-12-04 14:58:08.316,173023048, 1323.2050255020933, 1959161, 70.52687580849533, 107326, 0, 0.0, 5, 
2019-12-04 14:58:09.339,197287376, 1323.2050255020933, 1960445, 70.52687580849533, 107403, 0, 0.0, 5, 
2019-12-04 14:58:10.362,222788104, 1323.940215070542, 1961874, 70.21290015454915, 107485, 0, 0.0, 5, 
2019-12-04 14:58:11.386,247683736, 1323.940215070542, 1963262, 70.21290015454915, 107548, 0, 0.0, 5, 
2019-12-04 14:58:12.41,274688240, 1323.940215070542, 1964713, 70.21290015454915, 107620, 0, 0.0, 5, 
2019-12-04 14:58:13.433,301756216, 1323.940215070542, 1966172, 70.21290015454915, 107706, 0, 0.0, 5, 
2019-12-04 14:58:14.458,327139232, 1323.940215070542, 1967542, 70.21290015454915, 107787, 0, 0.0, 5, 
2019-12-04 14:58:15.482,351663240, 1328.8062948001104, 1968925, 70.56367329077177, 107860, 0, 0.0, 5, 
2019-12-04 14:58:16.505,376261640, 1328.8062948001104, 1970284, 70.56367329077177, 107929, 0, 0.0, 5, 
2019-12-04 14:58:17.53,118420552, 1328.8062948001104, 1971680, 70.56367329077177, 107996, 0, 0.0, 5, 
2019-12-04 14:58:18.556,144846440, 1328.8062948001104, 1973203, 70.56367329077177, 108078, 0, 0.0, 5, 
2019-12-04 14:58:19.584,173421840, 1333.2193398081442, 1974606, 70.85441792140715, 108162, 0, 0.0, 5, 
2019-12-04 14:58:20.609,198496008, 1333.2193398081442, 1976075, 70.85441792140715, 108223, 0, 0.0, 5, 
2019-12-04 14:58:21.633,225805960, 1333.2193398081442, 1977574, 70.85441792140715, 108295, 0, 0.0, 5, 
2019-12-04 14:58:22.657,251413344, 1333.2193398081442, 1978927, 70.85441792140715, 108361, 0, 0.0, 5, 
2019-12-04 14:58:23.679,276086232, 1333.2193398081442, 1980354, 70.85441792140715, 108429, 0, 0.0, 5, 
2019-12-04 14:58:24.701,302793384, 1339.5023024925983, 1981835, 70.80209355342397, 108521, 0, 0.0, 5, 
2019-12-04 14:58:25.732,329258936, 1339.5023024925983, 1983180, 70.80209355342397, 108598, 0, 0.0, 5, 
2019-12-04 14:58:26.754,353764368, 1339.5023024925983, 1984530, 70.80209355342397, 108671, 0, 0.0, 5, 
2019-12-04 14:58:27.779,378742480, 1339.5023024925983, 1985905, 70.80209355342397, 108766, 0, 0.0, 5, 
2019-12-04 14:58:28.804,119698968, 1339.5023024925983, 1987324, 70.80209355342397, 108850, 0, 0.0, 5, 
2019-12-04 14:58:29.835,145708208, 1339.3182205491023, 1988691, 71.29765079143266, 108917, 0, 0.0, 5, 
2019-12-04 14:58:30.858,173172528, 1339.3182205491023, 1990179, 71.29765079143266, 108979, 0, 0.0, 5, 
2019-12-04 14:58:31.884,198468240, 1339.3182205491023, 1991644, 71.29765079143266, 109051, 0, 0.0, 5, 
2019-12-04 14:58:32.909,223972232, 1339.3182205491023, 1993079, 71.29765079143266, 109111, 0, 0.0, 5, 
2019-12-04 14:58:33.943,239403472, 1339.3182205491023, 1993811, 71.29765079143266, 109144, 0, 0.0, 5, 
2019-12-04 14:58:34.968,252382552, 1325.0446917257673, 1994279, 69.81866029442129, 109169, 0, 0.0, 5, 
2019-12-04 14:58:35.992,262546280, 1325.0446917257673, 1994755, 69.81866029442129, 109188, 0, 0.0, 5, 
2019-12-04 14:58:37.022,272755144, 1325.0446917257673, 1995235, 69.81866029442129, 109210, 0, 0.0, 5, 
2019-12-04 14:58:38.051,282886080, 1325.0446917257673, 1995731, 69.81866029442129, 109237, 0, 0.0, 5, 
2019-12-04 14:58:39.077,294767448, 1325.0446917257673, 1996235, 69.81866029442129, 109258, 0, 0.0, 5, 
2019-12-04 14:58:40.101,304982312, 1256.5831461782989, 1996721, 65.97930020186516, 109280, 0, 0.0, 5, 
2019-12-04 14:58:41.126,315349240, 1256.5831461782989, 1997188, 65.97930020186516, 109299, 0, 0.0, 5, 
2019-12-04 14:58:42.151,326187096, 1256.5831461782989, 1997682, 65.97930020186516, 109331, 0, 0.0, 5, 
2019-12-04 14:58:43.176,336001416, 1256.5831461782989, 1998132, 65.97930020186516, 109353, 0, 0.0, 5, 
2019-12-04 14:58:44.199,346502568, 1256.5831461782989, 1998607, 65.97930020186516, 109380, 0, 0.0, 5, 
2019-12-04 14:58:45.223,356625672, 1193.4835457609408, 1999073, 62.49489174418058, 109396, 0, 0.0, 5, 
2019-12-04 14:58:46.248,367778320, 1193.4835457609408, 1999559, 62.49489174418058, 109413, 0, 0.0, 5, 
2019-12-04 14:58:47.273,378012648, 1193.4835457609408, 2000022, 62.49489174418058, 109442, 0, 0.0, 5, 
2019-12-04 14:58:48.297,389035848, 1193.4835457609408, 2000501, 62.49489174418058, 109468, 0, 0.0, 5, 
2019-12-04 14:58:49.323,113976592, 1193.4835457609408, 2000968, 62.49489174418058, 109487, 0, 0.0, 5, 
2019-12-04 14:58:50.347,124749664, 1135.0773062559772, 2001463, 59.257098970252436, 109507, 0, 0.0, 5, 
2019-12-04 14:58:51.372,134558072, 1135.0773062559772, 2001933, 59.257098970252436, 109526, 0, 0.0, 5, 
2019-12-04 14:58:52.398,146237544, 1135.0773062559772, 2002415, 59.257098970252436, 109549, 0, 0.0, 5, 
2019-12-04 14:58:53.423,155788680, 1135.0773062559772, 2002903, 59.257098970252436, 109578, 0, 0.0, 5, 
2019-12-04 14:58:54.447,167109592, 1135.0773062559772, 2003377, 59.257098970252436, 109601, 0, 0.0, 5, 
2019-12-04 14:58:55.47,177040456, 1081.6767852784897, 2003863, 56.2941769299468, 109619, 0, 0.0, 5, 
2019-12-04 14:58:56.501,188032408, 1081.6767852784897, 2004322, 56.2941769299468, 109638, 0, 0.0, 5, 
2019-12-04 14:58:57.527,199562072, 1081.6767852784897, 2004831, 56.2941769299468, 109665, 0, 0.0, 5, 
2019-12-04 14:58:58.553,211020112, 1081.6767852784897, 2005323, 56.2941769299468, 109690, 0, 0.0, 5, 
2019-12-04 14:58:59.58,220689720, 1032.721836502672, 2005794, 53.58414817285562, 109715, 0, 0.0, 5, 
2019-12-04 14:59:00.605,231260952, 1032.721836502672, 2006275, 53.58414817285562, 109751, 0, 0.0, 5, 
2019-12-04 14:59:01.629,242319856, 1032.721836502672, 2006760, 53.58414817285562, 109790, 0, 0.0, 5, 
2019-12-04 14:59:02.658,253134296, 1032.721836502672, 2007251, 53.58414817285562, 109811, 0, 0.0, 5, 
2019-12-04 14:59:03.691,263162728, 1032.721836502672, 2007719, 53.58414817285562, 109835, 0, 0.0, 5, 
2019-12-04 14:59:04.718,274377608, 987.5052070252008, 2008188, 51.490579278262416, 109854, 0, 0.0, 5, 
2019-12-04 14:59:05.745,283048232, 987.5052070252008, 2008679, 51.490579278262416, 109875, 0, 0.0, 5, 
2019-12-04 14:59:06.786,295335688, 987.5052070252008, 2009185, 51.490579278262416, 109908, 0, 0.0, 5, 
2019-12-04 14:59:07.809,305323624, 987.5052070252008, 2009644, 51.490579278262416, 109930, 0, 0.0, 5, 
2019-12-04 14:59:08.837,316318656, 987.5052070252008, 2010144, 51.490579278262416, 109953, 0, 0.0, 5, 
2019-12-04 14:59:09.861,327021072, 946.2077308504983, 2010638, 49.180616100371, 109973, 0, 0.0, 5, 
2019-12-04 14:59:10.888,338259992, 946.2077308504983, 2011118, 49.180616100371, 109992, 0, 0.0, 5, 
2019-12-04 14:59:11.911,348391816, 946.2077308504983, 2011620, 49.180616100371, 110014, 0, 0.0, 5, 
2019-12-04 14:59:12.943,359425816, 946.2077308504983, 2012075, 49.180616100371, 110030, 0, 0.0, 5, 
2019-12-04 14:59:13.967,369824656, 946.2077308504983, 2012577, 49.180616100371, 110069, 0, 0.0, 5, 
2019-12-04 14:59:14.99,380855344, 908.6279876016032, 2013049, 47.10332073177501, 110087, 0, 0.0, 5, 
2019-12-04 14:59:16.014,389788112, 908.6279876016032, 2013492, 47.10332073177501, 110122, 0, 0.0, 5, 
2019-12-04 14:59:17.04,114579288, 908.6279876016032, 2013965, 47.10332073177501, 110138, 0, 0.0, 5, 
2019-12-04 14:59:18.067,124779960, 908.6279876016032, 2014410, 47.10332073177501, 110153, 0, 0.0, 5, 
2019-12-04 14:59:19.092,136462888, 908.6279876016032, 2014882, 47.10332073177501, 110182, 0, 0.0, 5, 
2019-12-04 14:59:20.117,147971576, 871.9101450343192, 2015373, 45.128152262066365, 110214, 0, 0.0, 5, 
2019-12-04 14:59:21.143,157955928, 871.9101450343192, 2015856, 45.128152262066365, 110235, 0, 0.0, 5, 
2019-12-04 14:59:22.172,168754544, 871.9101450343192, 2016350, 45.128152262066365, 110253, 0, 0.0, 5, 
2019-12-04 14:59:23.199,179900896, 871.9101450343192, 2016875, 45.128152262066365, 110282, 0, 0.0, 5, 
2019-12-04 14:59:24.226,191718968, 871.9101450343192, 2017385, 45.128152262066365, 110319, 0, 0.0, 5, 
2019-12-04 14:59:25.253,201619512, 841.1824024242105, 2017865, 43.742669704560626, 110349, 0, 0.0, 5, 
2019-12-04 14:59:26.283,211095256, 841.1824024242105, 2018297, 43.742669704560626, 110373, 0, 0.0, 5, 
2019-12-04 14:59:27.308,222649248, 841.1824024242105, 2018757, 43.742669704560626, 110402, 0, 0.0, 5, 
2019-12-04 14:59:28.333,233403832, 841.1824024242105, 2019229, 43.742669704560626, 110423, 0, 0.0, 5, 
2019-12-04 14:59:29.359,245192240, 841.1824024242105, 2019708, 43.742669704560626, 110452, 0, 0.0, 5, 
2019-12-04 14:59:30.384,254702632, 810.3049623785286, 2020199, 42.26007969399737, 110473, 0, 0.0, 5, 
2019-12-04 14:59:31.409,265923944, 810.3049623785286, 2020694, 42.26007969399737, 110497, 0, 0.0, 5, 
2019-12-04 14:59:32.436,277759664, 810.3049623785286, 2021193, 42.26007969399737, 110514, 0, 0.0, 5, 
2019-12-04 14:59:33.462,287747904, 810.3049623785286, 2021652, 42.26007969399737, 110544, 0, 0.0, 5, 
2019-12-04 14:59:34.487,297156136, 810.3049623785286, 2022098, 42.26007969399737, 110570, 0, 0.0, 5, 
2019-12-04 14:59:35.515,307826904, 782.5199996923383, 2022565, 40.72012874777793, 110603, 0, 0.0, 5, 
2019-12-04 14:59:36.54,318677232, 782.5199996923383, 2023038, 40.72012874777793, 110635, 0, 0.0, 5, 
2019-12-04 14:59:37.565,329153952, 782.5199996923383, 2023518, 40.72012874777793, 110668, 0, 0.0, 5, 
2019-12-04 14:59:38.592,340034368, 782.5199996923383, 2023982, 40.72012874777793, 110697, 0, 0.0, 5, 
2019-12-04 14:59:39.623,350501624, 756.6687598548904, 2024459, 39.831012344352054, 110721, 0, 0.0, 5, 
2019-12-04 14:59:40.649,361469008, 756.6687598548904, 2024966, 39.831012344352054, 110739, 0, 0.0, 5, 
2019-12-04 14:59:41.675,372003280, 756.6687598548904, 2025456, 39.831012344352054, 110766, 0, 0.0, 5, 
2019-12-04 14:59:42.701,382420728, 756.6687598548904, 2025928, 39.831012344352054, 110799, 0, 0.0, 5, 
2019-12-04 14:59:43.733,111701680, 756.6687598548904, 2026408, 39.831012344352054, 110822, 0, 0.0, 5, 
2019-12-04 14:59:44.758,121764376, 734.2117337483566, 2026907, 38.58122560242311, 110845, 0, 0.0, 5, 
2019-12-04 14:59:45.783,132570336, 734.2117337483566, 2027373, 38.58122560242311, 110873, 0, 0.0, 5, 
2019-12-04 14:59:46.807,142876376, 734.2117337483566, 2027856, 38.58122560242311, 110897, 0, 0.0, 5, 
2019-12-04 14:59:47.834,152450024, 734.2117337483566, 2028339, 38.58122560242311, 110915, 0, 0.0, 5, 
2019-12-04 14:59:48.858,163823616, 734.2117337483566, 2028843, 38.58122560242311, 110946, 0, 0.0, 5, 
2019-12-04 14:59:49.884,174376736, 713.8381124171897, 2029322, 37.43136629103361, 110970, 0, 0.0, 5, 
2019-12-04 14:59:50.912,184449544, 713.8381124171897, 2029774, 37.43136629103361, 110997, 0, 0.0, 5, 
2019-12-04 14:59:51.938,196587560, 713.8381124171897, 2030253, 37.43136629103361, 111012, 0, 0.0, 5, 
2019-12-04 14:59:52.961,205690872, 713.8381124171897, 2030752, 37.43136629103361, 111030, 0, 0.0, 5, 
2019-12-04 14:59:53.989,216636360, 713.8381124171897, 2031246, 37.43136629103361, 111053, 0, 0.0, 5, 
2019-12-04 14:59:55.013,226632816, 693.6542753690046, 2031707, 36.18155124909055, 111085, 0, 0.0, 5, 
2019-12-04 14:59:56.046,238311064, 693.6542753690046, 2032208, 36.18155124909055, 111109, 0, 0.0, 5, 
2019-12-04 14:59:57.07,248818456, 693.6542753690046, 2032695, 36.18155124909055, 111130, 0, 0.0, 5, 
2019-12-04 14:59:58.097,259226272, 693.6542753690046, 2033155, 36.18155124909055, 111169, 0, 0.0, 5, 
2019-12-04 14:59:59.122,269629472, 693.6542753690046, 2033649, 36.18155124909055, 111197, 0, 0.0, 5, 
2019-12-04 15:00:00.149,282618520, 675.6759201587765, 2034141, 35.44743494435865, 111219, 0, 0.0, 5, 
2019-12-04 15:00:01.175,292338744, 675.6759201587765, 2034624, 35.44743494435865, 111243, 0, 0.0, 5, 
2019-12-04 15:00:02.197,303187904, 675.6759201587765, 2035114, 35.44743494435865, 111263, 0, 0.0, 5, 
2019-12-04 15:00:03.22,313770928, 675.6759201587765, 2035597, 35.44743494435865, 111292, 0, 0.0, 5, 
2019-12-04 15:00:04.246,324335080, 675.6759201587765, 2036081, 35.44743494435865, 111318, 0, 0.0, 5, 
2019-12-04 15:00:05.27,335000176, 659.6147683756082, 2036582, 34.58012193361211, 111348, 0, 0.0, 5, 
2019-12-04 15:00:06.294,345732328, 659.6147683756082, 2037085, 34.58012193361211, 111367, 0, 0.0, 5, 
2019-12-04 15:00:07.319,356026408, 659.6147683756082, 2037557, 34.58012193361211, 111381, 0, 0.0, 5, 
2019-12-04 15:00:08.345,366858904, 659.6147683756082, 2038063, 34.58012193361211, 111418, 0, 0.0, 5, 
2019-12-04 15:00:09.372,377921064, 659.6147683756082, 2038556, 34.58012193361211, 111446, 0, 0.0, 5, 
2019-12-04 15:00:10.397,389066008, 645.4934311850299, 2039014, 33.73418209111702, 111472, 0, 0.0, 5, 
2019-12-04 15:00:11.424,117479360, 645.4934311850299, 2039491, 33.73418209111702, 111497, 0, 0.0, 5, 
2019-12-04 15:00:12.461,127961000, 645.4934311850299, 2039952, 33.73418209111702, 111525, 0, 0.0, 5, 
2019-12-04 15:00:13.487,136827216, 645.4934311850299, 2040429, 33.73418209111702, 111550, 0, 0.0, 5, 
2019-12-04 15:00:14.511,147237136, 645.4934311850299, 2040874, 33.73418209111702, 111577, 0, 0.0, 5, 
2019-12-04 15:00:15.538,156776864, 629.9905683951018, 2041336, 33.09979991758423, 111608, 0, 0.0, 5, 
2019-12-04 15:00:16.563,166825224, 629.9905683951018, 2041802, 33.09979991758423, 111636, 0, 0.0, 5, 
2019-12-04 15:00:17.587,178224032, 629.9905683951018, 2042283, 33.09979991758423, 111660, 0, 0.0, 5, 
2019-12-04 15:00:18.611,188506880, 629.9905683951018, 2042758, 33.09979991758423, 111680, 0, 0.0, 5, 
2019-12-04 15:00:19.636,199265544, 616.4948196940221, 2043234, 32.48415790793669, 111708, 0, 0.0, 5, 
2019-12-04 15:00:20.66,210737120, 616.4948196940221, 2043715, 32.48415790793669, 111730, 0, 0.0, 5, 
2019-12-04 15:00:21.691,221157840, 616.4948196940221, 2044206, 32.48415790793669, 111755, 0, 0.0, 5, 
2019-12-04 15:00:22.715,232046984, 616.4948196940221, 2044685, 32.48415790793669, 111779, 0, 0.0, 5, 
2019-12-04 15:00:23.74,242822136, 616.4948196940221, 2045170, 32.48415790793669, 111805, 0, 0.0, 5, 
2019-12-04 15:00:24.765,253112808, 604.8457050999115, 2045657, 31.741837627733812, 111826, 0, 0.0, 5, 
2019-12-04 15:00:25.789,262499984, 604.8457050999115, 2046135, 31.741837627733812, 111850, 0, 0.0, 5, 
2019-12-04 15:00:26.815,274204592, 604.8457050999115, 2046599, 31.741837627733812, 111888, 0, 0.0, 5, 
2019-12-04 15:00:27.84,284911864, 604.8457050999115, 2047087, 31.741837627733812, 111915, 0, 0.0, 5, 
2019-12-04 15:00:28.866,295178672, 604.8457050999115, 2047580, 31.741837627733812, 111938, 0, 0.0, 5, 
2019-12-04 15:00:29.895,305559416, 594.367869038335, 2048055, 31.362701224475657, 111968, 0, 0.0, 5, 
2019-12-04 15:00:30.921,316849168, 594.367869038335, 2048513, 31.362701224475657, 111998, 0, 0.0, 5, 
2019-12-04 15:00:31.944,326597880, 594.367869038335, 2048959, 31.362701224475657, 112017, 0, 0.0, 5, 
2019-12-04 15:00:32.969,335964432, 594.367869038335, 2049419, 31.362701224475657, 112040, 0, 0.0, 5, 
2019-12-04 15:00:33.996,348196760, 594.367869038335, 2049949, 31.362701224475657, 112058, 0, 0.0, 5, 
2019-12-04 15:00:35.021,357953872, 583.8163008192541, 2050457, 30.79000325523744, 112092, 0, 0.0, 5, 
2019-12-04 15:00:36.057,368162768, 583.8163008192541, 2050916, 30.79000325523744, 112131, 0, 0.0, 5, 
2019-12-04 15:00:37.083,379604264, 583.8163008192541, 2051389, 30.79000325523744, 112154, 0, 0.0, 5, 
2019-12-04 15:00:38.11,390107824, 583.8163008192541, 2051834, 30.79000325523744, 112181, 0, 0.0, 5, 
2019-12-04 15:00:39.135,116520456, 583.8163008192541, 2052285, 30.79000325523744, 112214, 0, 0.0, 5, 
2019-12-04 15:00:40.163,127002352, 573.1649135063345, 2052749, 30.74282919959433, 112248, 0, 0.0, 5, 
2019-12-04 15:00:41.188,138101544, 573.1649135063345, 2053270, 30.74282919959433, 112279, 0, 0.0, 5, 
2019-12-04 15:00:42.215,148973840, 573.1649135063345, 2053786, 30.74282919959433, 112303, 0, 0.0, 5, 
2019-12-04 15:00:43.241,159229048, 573.1649135063345, 2054281, 30.74282919959433, 112324, 0, 0.0, 5, 
2019-12-04 15:00:44.267,170619832, 573.1649135063345, 2054750, 30.74282919959433, 112354, 0, 0.0, 5, 
2019-12-04 15:00:45.298,180521392, 565.4600004377409, 2055218, 30.443569099998303, 112383, 0, 0.0, 5, 
2019-12-04 15:00:46.326,191290920, 565.4600004377409, 2055703, 30.443569099998303, 112410, 0, 0.0, 5, 
2019-12-04 15:00:47.351,202116224, 565.4600004377409, 2056178, 30.443569099998303, 112429, 0, 0.0, 5, 
2019-12-04 15:00:48.378,212525256, 565.4600004377409, 2056675, 30.443569099998303, 112446, 0, 0.0, 5, 
2019-12-04 15:00:49.402,222890168, 565.4600004377409, 2057134, 30.443569099998303, 112470, 0, 0.0, 5, 
2019-12-04 15:00:50.428,233367512, 557.6195557012925, 2057638, 29.720485238767775, 112495, 0, 0.0, 5, 
2019-12-04 15:00:51.462,243852240, 557.6195557012925, 2058093, 29.720485238767775, 112530, 0, 0.0, 5, 
2019-12-04 15:00:52.487,254295520, 557.6195557012925, 2058558, 29.720485238767775, 112550, 0, 0.0, 5, 
2019-12-04 15:00:53.511,266468624, 557.6195557012925, 2059073, 29.720485238767775, 112590, 0, 0.0, 5, 
2019-12-04 15:00:54.535,275759040, 550.134149323053, 2059520, 29.742834005121843, 112620, 0, 0.0, 5, 
2019-12-04 15:00:55.56,286838600, 550.134149323053, 2060016, 29.742834005121843, 112643, 0, 0.0, 5, 
2019-12-04 15:00:56.586,297240344, 550.134149323053, 2060473, 29.742834005121843, 112672, 0, 0.0, 5, 
2019-12-04 15:00:57.611,307839424, 550.134149323053, 2060956, 29.742834005121843, 112699, 0, 0.0, 5, 
2019-12-04 15:00:58.635,317118976, 550.134149323053, 2061403, 29.742834005121843, 112727, 0, 0.0, 5, 
2019-12-04 15:00:59.664,328110240, 543.0713407057076, 2061886, 29.299653467629835, 112747, 0, 0.0, 5, 
2019-12-04 15:01:00.688,338332184, 543.0713407057076, 2062355, 29.299653467629835, 112773, 0, 0.0, 5, 
2019-12-04 15:01:01.713,348703304, 543.0713407057076, 2062819, 29.299653467629835, 112792, 0, 0.0, 5, 
2019-12-04 15:01:02.736,360069216, 543.0713407057076, 2063305, 29.299653467629835, 112830, 0, 0.0, 5, 
2019-12-04 15:01:03.768,370785192, 543.0713407057076, 2063765, 29.299653467629835, 112848, 0, 0.0, 5, 
2019-12-04 15:01:04.795,381283088, 536.5092786174265, 2064261, 28.9878543918827, 112873, 0, 0.0, 5, 
2019-12-04 15:01:05.819,391714992, 536.5092786174265, 2064761, 28.9878543918827, 112898, 0, 0.0, 5, 
2019-12-04 15:01:06.843,123370000, 536.5092786174265, 2065245, 28.9878543918827, 112923, 0, 0.0, 5, 
2019-12-04 15:01:07.866,143329960, 536.5092786174265, 2065746, 28.9878543918827, 112947, 0, 0.0, 5, 
2019-12-04 15:01:08.89,154250416, 536.5092786174265, 2066237, 28.9878543918827, 112966, 0, 0.0, 5, 
2019-12-04 15:01:09.914,165541488, 532.166948454511, 2066740, 28.557065340087746, 112996, 0, 0.0, 5, 
2019-12-04 15:01:10.937,175410160, 532.166948454511, 2067224, 28.557065340087746, 113019, 0, 0.0, 5, 
2019-12-04 15:01:11.963,186467272, 532.166948454511, 2067689, 28.557065340087746, 113051, 0, 0.0, 5, 
2019-12-04 15:01:12.988,196992544, 532.166948454511, 2068144, 28.557065340087746, 113087, 0, 0.0, 5, 
2019-12-04 15:01:14.011,206115736, 532.166948454511, 2068577, 28.557065340087746, 113113, 0, 0.0, 5, 
2019-12-04 15:01:15.035,216683376, 525.8850821000428, 2069030, 28.464551503508908, 113140, 0, 0.0, 5, 
2019-12-04 15:01:16.059,226384840, 525.8850821000428, 2069497, 28.464551503508908, 113165, 0, 0.0, 5, 
2019-12-04 15:01:17.085,237907904, 525.8850821000428, 2069969, 28.464551503508908, 113184, 0, 0.0, 5, 
2019-12-04 15:01:18.114,248410888, 525.8850821000428, 2070480, 28.464551503508908, 113211, 0, 0.0, 5, 
2019-12-04 15:01:19.143,259032408, 525.8850821000428, 2070979, 28.464551503508908, 113235, 0, 0.0, 5, 
2019-12-04 15:01:20.166,269759800, 521.4967132326162, 2071461, 28.107585674628318, 113260, 0, 0.0, 5, 
2019-12-04 15:01:21.192,279837464, 521.4967132326162, 2071940, 28.107585674628318, 113282, 0, 0.0, 5, 
2019-12-04 15:01:22.216,292480520, 521.4967132326162, 2072421, 28.107585674628318, 113317, 0, 0.0, 5, 
2019-12-04 15:01:23.247,303798464, 521.4967132326162, 2072877, 28.107585674628318, 113344, 0, 0.0, 5, 
2019-12-04 15:01:24.272,312961032, 521.4967132326162, 2073327, 28.107585674628318, 113364, 0, 0.0, 5, 
2019-12-04 15:01:25.296,322759952, 516.3878141228402, 2073803, 27.875107959998015, 113391, 0, 0.0, 5, 
2019-12-04 15:01:26.321,334185768, 516.3878141228402, 2074302, 27.875107959998015, 113415, 0, 0.0, 5, 
2019-12-04 15:01:27.396,344807840, 516.3878141228402, 2074811, 27.875107959998015, 113448, 0, 0.0, 5, 
2019-12-04 15:01:28.421,355646704, 516.3878141228402, 2075290, 27.875107959998015, 113474, 0, 0.0, 5, 
2019-12-04 15:01:29.446,367350440, 516.3878141228402, 2075801, 27.875107959998015, 113498, 0, 0.0, 5, 
2019-12-04 15:01:30.47,378026848, 513.2865117393995, 2076293, 27.725182605423157, 113522, 0, 0.0, 5, 
2019-12-04 15:01:31.493,386262752, 513.2865117393995, 2076735, 27.725182605423157, 113547, 0, 0.0, 5, 
2019-12-04 15:01:32.525,113399256, 513.2865117393995, 2077189, 27.725182605423157, 113575, 0, 0.0, 5, 
2019-12-04 15:01:33.55,125357160, 513.2865117393995, 2077660, 27.725182605423157, 113597, 0, 0.0, 5, 
2019-12-04 15:01:34.574,134400728, 508.14644606183697, 2078104, 27.459315683742158, 113621, 0, 0.0, 5, 
2019-12-04 15:01:35.606,145142456, 508.14644606183697, 2078588, 27.459315683742158, 113645, 0, 0.0, 5, 
2019-12-04 15:01:36.632,156618288, 508.14644606183697, 2079066, 27.459315683742158, 113672, 0, 0.0, 5, 
2019-12-04 15:01:37.657,167510704, 508.14644606183697, 2079553, 27.459315683742158, 113702, 0, 0.0, 5, 
2019-12-04 15:01:38.682,178095440, 508.14644606183697, 2080026, 27.459315683742158, 113726, 0, 0.0, 5, 
2019-12-04 15:01:39.708,187587736, 504.39281548588997, 2080485, 27.342635244007944, 113755, 0, 0.0, 5, 
2019-12-04 15:01:40.733,199320112, 504.39281548588997, 2080995, 27.342635244007944, 113777, 0, 0.0, 5, 
2019-12-04 15:01:41.76,210238360, 504.39281548588997, 2081520, 27.342635244007944, 113800, 0, 0.0, 5, 
2019-12-04 15:01:42.785,220717712, 504.39281548588997, 2081997, 27.342635244007944, 113822, 0, 0.0, 5, 
2019-12-04 15:01:43.814,233404416, 504.39281548588997, 2082484, 27.342635244007944, 113849, 0, 0.0, 5, 
2019-12-04 15:01:44.837,243487288, 502.7782871034335, 2082968, 26.915461715651283, 113872, 0, 0.0, 5, 
2019-12-04 15:01:45.874,254780256, 502.7782871034335, 2083428, 26.915461715651283, 113897, 0, 0.0, 5, 
2019-12-04 15:01:46.912,264918896, 502.7782871034335, 2083920, 26.915461715651283, 113925, 0, 0.0, 5, 
2019-12-04 15:01:47.939,278275808, 502.7782871034335, 2084411, 26.915461715651283, 113948, 0, 0.0, 5, 
2019-12-04 15:01:48.963,287967600, 502.7782871034335, 2084890, 26.915461715651283, 113971, 0, 0.0, 5, 
2019-12-04 15:01:49.989,298400256, 499.9016220974442, 2085375, 26.74631873584713, 113994, 0, 0.0, 5, 
2019-12-04 15:01:51.02,308995672, 499.9016220974442, 2085834, 26.74631873584713, 114018, 0, 0.0, 5, 
2019-12-04 15:01:52.046,319988456, 499.9016220974442, 2086325, 26.74631873584713, 114045, 0, 0.0, 5, 
2019-12-04 15:01:53.074,329369600, 499.9016220974442, 2086803, 26.74631873584713, 114070, 0, 0.0, 5, 
2019-12-04 15:01:54.1,340870680, 499.9016220974442, 2087302, 26.74631873584713, 114093, 0, 0.0, 5, 
2019-12-04 15:01:55.127,350981224, 497.7666782722965, 2087784, 26.47876186248561, 114123, 0, 0.0, 5, 
2019-12-04 15:01:56.152,361428928, 497.7666782722965, 2088260, 26.47876186248561, 114149, 0, 0.0, 5, 
2019-12-04 15:01:57.177,372432840, 497.7666782722965, 2088736, 26.47876186248561, 114178, 0, 0.0, 5, 
2019-12-04 15:01:58.203,383200992, 497.7666782722965, 2089224, 26.47876186248561, 114201, 0, 0.0, 5, 
2019-12-04 15:01:59.228,393447904, 497.7666782722965, 2089682, 26.47876186248561, 114224, 0, 0.0, 5, 
2019-12-04 15:02:00.252,119867472, 494.9708970425669, 2090179, 26.39250882629501, 114254, 0, 0.0, 5, 
2019-12-04 15:02:01.275,130906480, 494.9708970425669, 2090670, 26.39250882629501, 114283, 0, 0.0, 5, 
2019-12-04 15:02:02.306,141943848, 494.9708970425669, 2091161, 26.39250882629501, 114308, 0, 0.0, 5, 
2019-12-04 15:02:03.329,153387312, 494.9708970425669, 2091625, 26.39250882629501, 114338, 0, 0.0, 5, 
2019-12-04 15:02:04.358,164141624, 494.9708970425669, 2092092, 26.39250882629501, 114362, 0, 0.0, 5, 
2019-12-04 15:02:05.387,175342888, 492.7504587132597, 2092554, 26.473063372844383, 114391, 0, 0.0, 5, 
2019-12-04 15:02:06.413,184553848, 492.7504587132597, 2093063, 26.473063372844383, 114417, 0, 0.0, 5, 
2019-12-04 15:02:07.441,196804208, 492.7504587132597, 2093542, 26.473063372844383, 114441, 0, 0.0, 5, 
2019-12-04 15:02:08.471,206598672, 492.7504587132597, 2094033, 26.473063372844383, 114462, 0, 0.0, 5, 
2019-12-04 15:02:09.494,217364736, 492.7504587132597, 2094497, 26.473063372844383, 114489, 0, 0.0, 5, 
2019-12-04 15:02:10.522,227357616, 490.99539693768617, 2094954, 26.339292611506373, 114515, 0, 0.0, 5, 
2019-12-04 15:02:11.545,237662720, 490.99539693768617, 2095434, 26.339292611506373, 114537, 0, 0.0, 5, 
2019-12-04 15:02:12.569,248677048, 490.99539693768617, 2095909, 26.339292611506373, 114565, 0, 0.0, 5, 
2019-12-04 15:02:13.596,259183824, 490.99539693768617, 2096377, 26.339292611506373, 114593, 0, 0.0, 5, 
2019-12-04 15:02:14.62,269090616, 488.165337256106, 2096845, 26.408110974586247, 114629, 0, 0.0, 5, 
2019-12-04 15:02:15.643,280119936, 488.165337256106, 2097300, 26.408110974586247, 114656, 0, 0.0, 5, 
2019-12-04 15:02:16.667,289936528, 488.165337256106, 2097775, 26.408110974586247, 114684, 0, 0.0, 5, 
2019-12-04 15:02:17.69,300522264, 488.165337256106, 2098230, 26.408110974586247, 114717, 0, 0.0, 5, 
2019-12-04 15:02:18.716,311315720, 488.165337256106, 2098718, 26.408110974586247, 114737, 0, 0.0, 5, 
2019-12-04 15:02:19.739,321708856, 485.977325696928, 2099206, 26.263542403198063, 114754, 0, 0.0, 5, 
2019-12-04 15:02:20.765,332709544, 485.977325696928, 2099678, 26.263542403198063, 114772, 0, 0.0, 5, 
2019-12-04 15:02:21.791,343781320, 485.977325696928, 2100177, 26.263542403198063, 114795, 0, 0.0, 5, 
2019-12-04 15:02:22.818,354907872, 485.977325696928, 2100698, 26.263542403198063, 114821, 0, 0.0, 5, 
2019-12-04 15:02:23.846,365697528, 485.977325696928, 2101188, 26.263542403198063, 114852, 0, 0.0, 5, 
2019-12-04 15:02:24.869,375256736, 485.2755294828411, 2101651, 26.082559545339013, 114883, 0, 0.0, 5, 
2019-12-04 15:02:25.894,385536704, 485.2755294828411, 2102116, 26.082559545339013, 114906, 0, 0.0, 5, 
2019-12-04 15:02:26.916,114361128, 485.2755294828411, 2102582, 26.082559545339013, 114922, 0, 0.0, 5, 
2019-12-04 15:02:27.941,123434008, 485.2755294828411, 2103079, 26.082559545339013, 114947, 0, 0.0, 5, 
2019-12-04 15:02:28.967,134646824, 485.2755294828411, 2103534, 26.082559545339013, 114980, 0, 0.0, 5, 
2019-12-04 15:02:29.99,145224808, 483.7343432397107, 2104037, 25.980011746118684, 115007, 0, 0.0, 5, 
2019-12-04 15:02:31.015,155742368, 483.7343432397107, 2104520, 25.980011746118684, 115024, 0, 0.0, 5, 
2019-12-04 15:02:32.04,166841584, 483.7343432397107, 2105004, 25.980011746118684, 115050, 0, 0.0, 5, 
2019-12-04 15:02:33.065,177827528, 483.7343432397107, 2105537, 25.980011746118684, 115076, 0, 0.0, 5, 
2019-12-04 15:02:34.091,188383056, 483.7343432397107, 2106012, 25.980011746118684, 115098, 0, 0.0, 5, 
2019-12-04 15:02:35.115,199824656, 483.5317083424494, 2106522, 25.837689864991084, 115131, 0, 0.0, 5, 
2019-12-04 15:02:36.14,208425680, 483.5317083424494, 2106971, 25.837689864991084, 115159, 0, 0.0, 5, 
2019-12-04 15:02:37.163,219833448, 483.5317083424494, 2107436, 25.837689864991084, 115189, 0, 0.0, 5, 
2019-12-04 15:02:38.186,231583112, 483.5317083424494, 2107934, 25.837689864991084, 115216, 0, 0.0, 5, 
2019-12-04 15:02:39.212,241170848, 483.5317083424494, 2108411, 25.837689864991084, 115239, 0, 0.0, 5, 
2019-12-04 15:02:40.239,251644152, 482.32184374427055, 2108893, 25.866658583921453, 115262, 0, 0.0, 5, 
2019-12-04 15:02:41.263,263075440, 482.32184374427055, 2109382, 25.866658583921453, 115284, 0, 0.0, 5, 
2019-12-04 15:02:42.287,274012176, 482.32184374427055, 2109851, 25.866658583921453, 115312, 0, 0.0, 5, 
2019-12-04 15:02:43.31,284103888, 482.32184374427055, 2110364, 25.866658583921453, 115329, 0, 0.0, 5, 
2019-12-04 15:02:44.336,294686232, 482.32184374427055, 2110835, 25.866658583921453, 115356, 0, 0.0, 5, 
2019-12-04 15:02:45.368,305868816, 481.60849250511166, 2111341, 25.685426570008545, 115384, 0, 0.0, 5, 
2019-12-04 15:02:46.402,316512512, 481.60849250511166, 2111851, 25.685426570008545, 115406, 0, 0.0, 5, 
2019-12-04 15:02:47.424,327772280, 481.60849250511166, 2112327, 25.685426570008545, 115433, 0, 0.0, 5, 
2019-12-04 15:02:48.449,338951848, 481.60849250511166, 2112786, 25.685426570008545, 115466, 0, 0.0, 5, 
2019-12-04 15:02:49.475,349513000, 481.60849250511166, 2113279, 25.685426570008545, 115487, 0, 0.0, 5, 
2019-12-04 15:02:50.499,359303448, 481.08010661844776, 2113759, 25.64661400444903, 115511, 0, 0.0, 5, 
2019-12-04 15:02:51.527,369684528, 481.08010661844776, 2114224, 25.64661400444903, 115531, 0, 0.0, 5, 
2019-12-04 15:02:52.557,380477888, 481.08010661844776, 2114675, 25.64661400444903, 115554, 0, 0.0, 5, 
2019-12-04 15:02:53.589,390862520, 481.08010661844776, 2115157, 25.64661400444903, 115588, 0, 0.0, 5, 
2019-12-04 15:02:54.617,117494400, 479.42661658824176, 2115644, 25.450993549547213, 115610, 0, 0.0, 5, 
2019-12-04 15:02:55.643,126604040, 479.42661658824176, 2116129, 25.450993549547213, 115639, 0, 0.0, 5, 
2019-12-04 15:02:56.667,137328920, 479.42661658824176, 2116637, 25.450993549547213, 115666, 0, 0.0, 5, 
2019-12-04 15:02:57.693,147886072, 479.42661658824176, 2117094, 25.450993549547213, 115690, 0, 0.0, 5, 
2019-12-04 15:02:58.717,158770440, 479.42661658824176, 2117559, 25.450993549547213, 115719, 0, 0.0, 5, 
2019-12-04 15:02:59.741,168507976, 478.097225726195, 2118017, 25.67079196948093, 115748, 0, 0.0, 5, 
2019-12-04 15:03:00.766,179449936, 478.097225726195, 2118520, 25.67079196948093, 115783, 0, 0.0, 5, 
2019-12-04 15:03:01.789,190997872, 478.097225726195, 2119031, 25.67079196948093, 115806, 0, 0.0, 5, 
2019-12-04 15:03:02.831,192126168, 478.097225726195, 2119049, 25.67079196948093, 115807, 0, 0.0, 5, 
2019-12-04 15:03:03.863,193016256, 478.097225726195, 2119049, 25.67079196948093, 115807, 0, 0.0, 5, 
2019-12-04 15:03:04.889,193623256, 457.97262670708176, 2119049, 24.593726912154473, 115807, 0, 0.0, 5, 
