Timestamp, MemoryUsed, ReadLatency1, ReadCount, WriteLatency1, WriteCount, PendingTasks, WaitingOnCommit1, SRDelay, 
2019-12-04 14:54:00.372,354738040, 72.70291246286921, 1707683, 5.196058689024425, 93342, 0, 0.0, 5, 
2019-12-04 14:54:01.433,363740104, 72.70291246286921, 1708033, 5.196058689024425, 93355, 0, 0.0, 5, 
2019-12-04 14:54:02.474,375543848, 72.70291246286921, 1708623, 5.196058689024425, 93386, 0, 0.0, 5, 
2019-12-04 14:54:03.508,388631552, 72.70291246286921, 1709319, 5.196058689024425, 93422, 0, 0.0, 5, 
2019-12-04 14:54:04.548,114961312, 106.13210983867556, 1710049, 6.619583238448651, 93457, 0, 0.0, 5, 
2019-12-04 14:54:05.577,127661528, 106.13210983867556, 1710720, 6.619583238448651, 93503, 0, 0.0, 5, 
2019-12-04 14:54:06.607,143525384, 106.13210983867556, 1711441, 6.619583238448651, 93537, 0, 0.0, 5, 
2019-12-04 14:54:07.64,158975248, 106.13210983867556, 1712219, 6.619583238448651, 93572, 0, 0.0, 5, 
2019-12-04 14:54:08.669,174592296, 106.13210983867556, 1713020, 6.619583238448651, 93611, 0, 0.0, 5, 
2019-12-04 14:54:09.7,189319088, 155.98184995634503, 1713839, 9.256551766387366, 93657, 0, 0.0, 5, 
2019-12-04 14:54:10.727,204761600, 155.98184995634503, 1714649, 9.256551766387366, 93707, 0, 0.0, 5, 
2019-12-04 14:54:11.762,221962352, 155.98184995634503, 1715501, 9.256551766387366, 93768, 0, 0.0, 5, 
2019-12-04 14:54:12.79,238632704, 155.98184995634503, 1716362, 9.256551766387366, 93808, 0, 0.0, 5, 
2019-12-04 14:54:13.82,254857928, 155.98184995634503, 1717236, 9.256551766387366, 93857, 0, 0.0, 5, 
2019-12-04 14:54:14.849,272464688, 209.4735877666927, 1718141, 12.338315732110239, 93917, 0, 0.0, 5, 
2019-12-04 14:54:15.881,291408336, 209.4735877666927, 1719108, 12.338315732110239, 93972, 0, 0.0, 5, 
2019-12-04 14:54:16.914,309427800, 209.4735877666927, 1720078, 12.338315732110239, 94024, 0, 0.0, 5, 
2019-12-04 14:54:17.941,330147984, 209.4735877666927, 1721075, 12.338315732110239, 94086, 0, 0.0, 5, 
2019-12-04 14:54:18.974,350208808, 209.4735877666927, 1722186, 12.338315732110239, 94145, 0, 0.0, 5, 
2019-12-04 14:54:20.004,369225064, 270.61773570522416, 1723238, 15.765346787722489, 94192, 0, 0.0, 5, 
2019-12-04 14:54:21.029,108026224, 270.61773570522416, 1724236, 15.765346787722489, 94256, 0, 0.0, 5, 
2019-12-04 14:54:22.054,128109480, 270.61773570522416, 1725328, 15.765346787722489, 94311, 0, 0.0, 5, 
2019-12-04 14:54:23.085,148461368, 270.61773570522416, 1726446, 15.765346787722489, 94375, 0, 0.0, 5, 
2019-12-04 14:54:24.117,171504336, 270.61773570522416, 1727758, 15.765346787722489, 94445, 0, 0.0, 5, 
2019-12-04 14:54:25.145,195280480, 335.4283151380016, 1729053, 19.206207676534213, 94513, 0, 0.0, 5, 
2019-12-04 14:54:26.186,221056688, 335.4283151380016, 1730480, 19.206207676534213, 94597, 0, 0.0, 5, 
2019-12-04 14:54:27.22,245083432, 335.4283151380016, 1731751, 19.206207676534213, 94669, 0, 0.0, 5, 
2019-12-04 14:54:28.246,266368136, 335.4283151380016, 1733014, 19.206207676534213, 94737, 0, 0.0, 5, 
2019-12-04 14:54:29.273,287216160, 335.4283151380016, 1734095, 19.206207676534213, 94791, 0, 0.0, 5, 
2019-12-04 14:54:30.3,306007976, 407.3860780181769, 1735143, 23.219481723731096, 94857, 0, 0.0, 5, 
2019-12-04 14:54:31.326,327443360, 407.3860780181769, 1736321, 23.219481723731096, 94923, 0, 0.0, 5, 
2019-12-04 14:54:32.352,353776392, 407.3860780181769, 1737756, 23.219481723731096, 94995, 0, 0.0, 5, 
2019-12-04 14:54:33.391,375459864, 407.3860780181769, 1738977, 23.219481723731096, 95060, 0, 0.0, 5, 
2019-12-04 14:54:34.422,111328432, 468.72911625476627, 1740090, 26.12830735859878, 95104, 0, 0.0, 5, 
2019-12-04 14:54:35.452,131532784, 468.72911625476627, 1741113, 26.12830735859878, 95152, 0, 0.0, 5, 
2019-12-04 14:54:36.477,148726032, 468.72911625476627, 1742021, 26.12830735859878, 95196, 0, 0.0, 5, 
2019-12-04 14:54:37.501,165573760, 468.72911625476627, 1742953, 26.12830735859878, 95231, 0, 0.0, 5, 
2019-12-04 14:54:38.529,182947048, 468.72911625476627, 1743838, 26.12830735859878, 95269, 0, 0.0, 5, 
2019-12-04 14:54:39.556,200819624, 505.0186284473227, 1744802, 27.44531118578788, 95320, 0, 0.0, 5, 
2019-12-04 14:54:40.587,218530304, 505.0186284473227, 1745759, 27.44531118578788, 95361, 0, 0.0, 5, 
2019-12-04 14:54:41.612,236524624, 505.0186284473227, 1746668, 27.44531118578788, 95414, 0, 0.0, 5, 
2019-12-04 14:54:42.645,251677136, 505.0186284473227, 1747458, 27.44531118578788, 95448, 0, 0.0, 5, 
2019-12-04 14:54:43.672,267238408, 505.0186284473227, 1748163, 27.44531118578788, 95481, 0, 0.0, 5, 
2019-12-04 14:54:44.698,282139320, 529.1637257808569, 1748958, 28.33719085955595, 95514, 0, 0.0, 5, 
2019-12-04 14:54:45.726,298991536, 529.1637257808569, 1749823, 28.33719085955595, 95557, 0, 0.0, 5, 
2019-12-04 14:54:46.755,316755336, 529.1637257808569, 1750611, 28.33719085955595, 95602, 0, 0.0, 5, 
2019-12-04 14:54:47.778,336198552, 529.1637257808569, 1751669, 28.33719085955595, 95651, 0, 0.0, 5, 
2019-12-04 14:54:48.809,356422400, 529.1637257808569, 1752791, 28.33719085955595, 95705, 0, 0.0, 5, 
2019-12-04 14:54:49.839,378728128, 562.0443628117046, 1753949, 29.58951993292934, 95749, 0, 0.0, 5, 
2019-12-04 14:54:50.868,118618832, 562.0443628117046, 1755118, 29.58951993292934, 95811, 0, 0.0, 5, 
2019-12-04 14:54:51.895,139795608, 562.0443628117046, 1756299, 29.58951993292934, 95881, 0, 0.0, 5, 
2019-12-04 14:54:52.923,162099832, 562.0443628117046, 1757477, 29.58951993292934, 95938, 0, 0.0, 5, 
2019-12-04 14:54:53.955,188186816, 562.0443628117046, 1758721, 29.58951993292934, 96013, 0, 0.0, 5, 
2019-12-04 14:54:54.989,209095256, 609.0546999550838, 1759860, 32.2129010729849, 96059, 0, 0.0, 5, 
2019-12-04 14:54:56.024,232672128, 609.0546999550838, 1761030, 32.2129010729849, 96122, 0, 0.0, 5, 
2019-12-04 14:54:57.053,254909360, 609.0546999550838, 1762218, 32.2129010729849, 96182, 0, 0.0, 5, 
2019-12-04 14:54:58.082,276689384, 609.0546999550838, 1763392, 32.2129010729849, 96237, 0, 0.0, 5, 
2019-12-04 14:54:59.124,298794816, 609.0546999550838, 1764519, 32.2129010729849, 96309, 0, 0.0, 5, 
2019-12-04 14:55:00.154,320507088, 651.0270087077606, 1765700, 34.354679248076614, 96373, 0, 0.0, 5, 
2019-12-04 14:55:01.18,342273528, 651.0270087077606, 1766866, 34.354679248076614, 96438, 0, 0.0, 5, 
2019-12-04 14:55:02.204,365676560, 651.0270087077606, 1768120, 34.354679248076614, 96502, 0, 0.0, 5, 
2019-12-04 14:55:03.231,387813040, 651.0270087077606, 1769352, 34.354679248076614, 96553, 0, 0.0, 5, 
2019-12-04 14:55:04.261,127472472, 651.0270087077606, 1770564, 34.354679248076614, 96620, 0, 0.0, 5, 
2019-12-04 14:55:05.289,149260152, 692.8576114766596, 1771774, 36.24525471007406, 96684, 0, 0.0, 5, 
2019-12-04 14:55:06.318,172980768, 692.8576114766596, 1773072, 36.24525471007406, 96745, 0, 0.0, 5, 
2019-12-04 14:55:07.343,196776824, 692.8576114766596, 1774346, 36.24525471007406, 96817, 0, 0.0, 5, 
2019-12-04 14:55:08.369,221454496, 692.8576114766596, 1775678, 36.24525471007406, 96891, 0, 0.0, 5, 
2019-12-04 14:55:09.394,243876520, 736.7006481345983, 1776906, 38.56034831898893, 96950, 0, 0.0, 5, 
2019-12-04 14:55:10.421,264374096, 736.7006481345983, 1777944, 38.56034831898893, 96997, 0, 0.0, 5, 
2019-12-04 14:55:11.446,287949952, 736.7006481345983, 1779251, 38.56034831898893, 97073, 0, 0.0, 5, 
2019-12-04 14:55:12.472,313295240, 736.7006481345983, 1780569, 38.56034831898893, 97142, 0, 0.0, 5, 
2019-12-04 14:55:13.497,336960168, 736.7006481345983, 1781854, 38.56034831898893, 97210, 0, 0.0, 5, 
2019-12-04 14:55:14.521,360875424, 774.9593439124859, 1783156, 40.67434614614096, 97279, 0, 0.0, 5, 
2019-12-04 14:55:15.548,385588904, 774.9593439124859, 1784487, 40.67434614614096, 97354, 0, 0.0, 5, 
2019-12-04 14:55:16.576,127152656, 774.9593439124859, 1785756, 40.67434614614096, 97421, 0, 0.0, 5, 
2019-12-04 14:55:17.6,152823080, 774.9593439124859, 1787122, 40.67434614614096, 97493, 0, 0.0, 5, 
2019-12-04 14:55:18.626,178656064, 774.9593439124859, 1788545, 40.67434614614096, 97559, 0, 0.0, 5, 
2019-12-04 14:55:19.654,206580728, 818.7142909085964, 1789977, 42.747246976143806, 97624, 0, 0.0, 5, 
2019-12-04 14:55:20.683,231070008, 818.7142909085964, 1791398, 42.747246976143806, 97694, 0, 0.0, 5, 
2019-12-04 14:55:21.712,259108760, 818.7142909085964, 1792870, 42.747246976143806, 97777, 0, 0.0, 5, 
2019-12-04 14:55:22.741,283989016, 818.7142909085964, 1794220, 42.747246976143806, 97850, 0, 0.0, 5, 
2019-12-04 14:55:23.768,311071712, 818.7142909085964, 1795748, 42.747246976143806, 97923, 0, 0.0, 5, 
2019-12-04 14:55:24.793,336856080, 865.5751168563877, 1797227, 44.97423014835111, 97992, 0, 0.0, 5, 
2019-12-04 14:55:25.828,363920840, 865.5751168563877, 1798639, 44.97423014835111, 98077, 0, 0.0, 5, 
2019-12-04 14:55:26.854,387842536, 865.5751168563877, 1800017, 44.97423014835111, 98145, 0, 0.0, 5, 
2019-12-04 14:55:27.881,131971056, 865.5751168563877, 1801463, 44.97423014835111, 98218, 0, 0.0, 5, 
2019-12-04 14:55:28.905,157998848, 865.5751168563877, 1802971, 44.97423014835111, 98289, 0, 0.0, 5, 
2019-12-04 14:55:29.933,184685696, 908.2893801077165, 1804392, 47.18306474815529, 98368, 0, 0.0, 5, 
2019-12-04 14:55:30.958,212320616, 908.2893801077165, 1805944, 47.18306474815529, 98449, 0, 0.0, 5, 
2019-12-04 14:55:31.987,238066264, 908.2893801077165, 1807430, 47.18306474815529, 98540, 0, 0.0, 5, 
2019-12-04 14:55:33.021,261984752, 908.2893801077165, 1808679, 47.18306474815529, 98620, 0, 0.0, 5, 
2019-12-04 14:55:34.044,286362440, 908.2893801077165, 1809947, 47.18306474815529, 98702, 0, 0.0, 5, 
2019-12-04 14:55:35.065,310076448, 943.542646817352, 1811176, 49.854935367510535, 98774, 0, 0.0, 5, 
2019-12-04 14:55:36.088,333694512, 943.542646817352, 1812464, 49.854935367510535, 98848, 0, 0.0, 5, 
2019-12-04 14:55:37.118,356627080, 943.542646817352, 1813675, 49.854935367510535, 98912, 0, 0.0, 5, 
2019-12-04 14:55:38.143,382181224, 943.542646817352, 1815095, 49.854935367510535, 98990, 0, 0.0, 5, 
2019-12-04 14:55:39.175,122954864, 943.542646817352, 1816487, 49.854935367510535, 99055, 0, 0.0, 5, 
2019-12-04 14:55:40.206,147287768, 969.9005934628185, 1817909, 51.33771686593827, 99125, 0, 0.0, 5, 
2019-12-04 14:55:41.232,173074248, 969.9005934628185, 1819285, 51.33771686593827, 99195, 0, 0.0, 5, 
2019-12-04 14:55:42.26,199303104, 969.9005934628185, 1820674, 51.33771686593827, 99264, 0, 0.0, 5, 
2019-12-04 14:55:43.286,224946200, 969.9005934628185, 1822056, 51.33771686593827, 99337, 0, 0.0, 5, 
2019-12-04 14:55:44.309,249179984, 969.9005934628185, 1823379, 51.33771686593827, 99430, 0, 0.0, 5, 
2019-12-04 14:55:45.344,273049464, 1000.4675662993612, 1824707, 53.06973739438751, 99507, 0, 0.0, 5, 
2019-12-04 14:55:46.382,298545480, 1000.4675662993612, 1826046, 53.06973739438751, 99570, 0, 0.0, 5, 
2019-12-04 14:55:47.411,324480904, 1000.4675662993612, 1827459, 53.06973739438751, 99661, 0, 0.0, 5, 
2019-12-04 14:55:48.445,347670360, 1000.4675662993612, 1828764, 53.06973739438751, 99735, 0, 0.0, 5, 
2019-12-04 14:55:49.48,372021808, 1023.7612215733596, 1830067, 54.615299856388155, 99808, 0, 0.0, 5, 
2019-12-04 14:55:50.504,114553032, 1023.7612215733596, 1831390, 54.615299856388155, 99880, 0, 0.0, 5, 
2019-12-04 14:55:51.528,142435792, 1023.7612215733596, 1832898, 54.615299856388155, 99960, 0, 0.0, 5, 
2019-12-04 14:55:52.557,167820912, 1023.7612215733596, 1834356, 54.615299856388155, 100046, 0, 0.0, 5, 
2019-12-04 14:55:53.585,193882784, 1023.7612215733596, 1835761, 54.615299856388155, 100128, 0, 0.0, 5, 
2019-12-04 14:55:54.611,220789888, 1053.4278442976824, 1837254, 56.533010596310795, 100210, 0, 0.0, 5, 
2019-12-04 14:55:55.663,250780112, 1053.4278442976824, 1838592, 56.533010596310795, 100300, 0, 0.0, 5, 
2019-12-04 14:55:56.686,285623464, 1053.4278442976824, 1840090, 56.533010596310795, 100366, 0, 0.0, 5, 
2019-12-04 14:55:57.71,312837424, 1053.4278442976824, 1841554, 56.533010596310795, 100454, 0, 0.0, 5, 
2019-12-04 14:55:58.736,335223032, 1053.4278442976824, 1842782, 56.533010596310795, 100531, 0, 0.0, 5, 
2019-12-04 14:55:59.76,356774032, 1074.7897504016069, 1843957, 58.10549624656166, 100600, 0, 0.0, 5, 
2019-12-04 14:56:00.792,383290560, 1074.7897504016069, 1845377, 58.10549624656166, 100677, 0, 0.0, 5, 
2019-12-04 14:56:01.819,123678152, 1074.7897504016069, 1846750, 58.10549624656166, 100759, 0, 0.0, 5, 
2019-12-04 14:56:02.843,149151824, 1074.7897504016069, 1848099, 58.10549624656166, 100833, 0, 0.0, 5, 
2019-12-04 14:56:03.87,177063528, 1074.7897504016069, 1849639, 58.10549624656166, 100918, 0, 0.0, 5, 
2019-12-04 14:56:04.895,202088704, 1097.8497607351494, 1851031, 59.66419070567867, 100999, 0, 0.0, 5, 
2019-12-04 14:56:05.922,225380240, 1097.8497607351494, 1852340, 59.66419070567867, 101066, 0, 0.0, 5, 
2019-12-04 14:56:06.949,252044272, 1097.8497607351494, 1853768, 59.66419070567867, 101156, 0, 0.0, 5, 
2019-12-04 14:56:07.975,278015912, 1097.8497607351494, 1855185, 59.66419070567867, 101238, 0, 0.0, 5, 
2019-12-04 14:56:08.999,304506288, 1097.8497607351494, 1856614, 59.66419070567867, 101318, 0, 0.0, 5, 
2019-12-04 14:56:10.023,330007592, 1118.4263497608542, 1857970, 61.19420553934777, 101407, 0, 0.0, 5, 
2019-12-04 14:56:11.047,355000800, 1118.4263497608542, 1859437, 61.19420553934777, 101475, 0, 0.0, 5, 
2019-12-04 14:56:12.085,381923696, 1118.4263497608542, 1860851, 61.19420553934777, 101546, 0, 0.0, 5, 
2019-12-04 14:56:13.111,122872832, 1118.4263497608542, 1862263, 61.19420553934777, 101630, 0, 0.0, 5, 
2019-12-04 14:56:14.135,149147936, 1118.4263497608542, 1863683, 61.19420553934777, 101701, 0, 0.0, 5, 
2019-12-04 14:56:15.169,174717624, 1139.4685530198628, 1865140, 62.10616251206684, 101774, 0, 0.0, 5, 
2019-12-04 14:56:16.205,201400776, 1139.4685530198628, 1866559, 62.10616251206684, 101844, 0, 0.0, 5, 
2019-12-04 14:56:17.233,229548488, 1139.4685530198628, 1868078, 62.10616251206684, 101926, 0, 0.0, 5, 
2019-12-04 14:56:18.259,255964624, 1139.4685530198628, 1869558, 62.10616251206684, 102007, 0, 0.0, 5, 
2019-12-04 14:56:19.283,282748232, 1139.4685530198628, 1871104, 62.10616251206684, 102087, 0, 0.0, 5, 
2019-12-04 14:56:20.308,308713416, 1163.9454720635322, 1872577, 63.24903465560786, 102160, 0, 0.0, 5, 
2019-12-04 14:56:21.338,336545968, 1163.9454720635322, 1874052, 63.24903465560786, 102243, 0, 0.0, 5, 
2019-12-04 14:56:22.381,362892128, 1163.9454720635322, 1875553, 63.24903465560786, 102313, 0, 0.0, 5, 
2019-12-04 14:56:23.411,388720104, 1163.9454720635322, 1877009, 63.24903465560786, 102383, 0, 0.0, 5, 
2019-12-04 14:56:24.44,129575736, 1183.730843697317, 1878373, 63.86876762690656, 102454, 0, 0.0, 5, 
2019-12-04 14:56:25.473,154489808, 1183.730843697317, 1879746, 63.86876762690656, 102510, 0, 0.0, 5, 
2019-12-04 14:56:26.499,180414816, 1183.730843697317, 1881153, 63.86876762690656, 102595, 0, 0.0, 5, 
2019-12-04 14:56:27.525,205215104, 1183.730843697317, 1882491, 63.86876762690656, 102656, 0, 0.0, 5, 
2019-12-04 14:56:28.551,232415856, 1183.730843697317, 1884015, 63.86876762690656, 102737, 0, 0.0, 5, 
2019-12-04 14:56:29.577,259139616, 1199.007889935779, 1885461, 64.29502943204434, 102814, 0, 0.0, 5, 
2019-12-04 14:56:30.601,285128736, 1199.007889935779, 1886927, 64.29502943204434, 102882, 0, 0.0, 5, 
2019-12-04 14:56:31.626,313708072, 1199.007889935779, 1888433, 64.29502943204434, 102965, 0, 0.0, 5, 
2019-12-04 14:56:32.65,339502752, 1199.007889935779, 1889887, 64.29502943204434, 103034, 0, 0.0, 5, 
2019-12-04 14:56:33.694,365929840, 1199.007889935779, 1891397, 64.29502943204434, 103103, 0, 0.0, 5, 
2019-12-04 14:56:34.716,109661360, 1217.5249726631941, 1892773, 64.75117369332771, 103164, 0, 0.0, 5, 
2019-12-04 14:56:35.74,132738304, 1217.5249726631941, 1894166, 64.75117369332771, 103222, 0, 0.0, 5, 
2019-12-04 14:56:36.764,158863048, 1217.5249726631941, 1895618, 64.75117369332771, 103292, 0, 0.0, 5, 
2019-12-04 14:56:37.793,186135560, 1217.5249726631941, 1897161, 64.75117369332771, 103354, 0, 0.0, 5, 
2019-12-04 14:56:38.829,212645056, 1217.5249726631941, 1898630, 64.75117369332771, 103423, 0, 0.0, 5, 
2019-12-04 14:56:39.852,241184560, 1234.049795455409, 1900179, 64.64313980974023, 103498, 0, 0.0, 5, 
2019-12-04 14:56:40.88,264148200, 1234.049795455409, 1901459, 64.64313980974023, 103554, 0, 0.0, 5, 
2019-12-04 14:56:41.902,288976608, 1234.049795455409, 1902802, 64.64313980974023, 103629, 0, 0.0, 5, 
2019-12-04 14:56:42.93,312888936, 1234.049795455409, 1904100, 64.64313980974023, 103694, 0, 0.0, 5, 
2019-12-04 14:56:43.958,336648960, 1234.049795455409, 1905405, 64.64313980974023, 103759, 0, 0.0, 5, 
2019-12-04 14:56:44.991,360750992, 1238.8431491528636, 1906728, 64.559734955629, 103824, 0, 0.0, 5, 
2019-12-04 14:56:46.019,384283616, 1238.8431491528636, 1908040, 64.559734955629, 103897, 0, 0.0, 5, 
2019-12-04 14:56:47.063,126902392, 1238.8431491528636, 1909396, 64.559734955629, 103965, 0, 0.0, 5, 
2019-12-04 14:56:48.1,154290360, 1238.8431491528636, 1910783, 64.559734955629, 104034, 0, 0.0, 5, 
2019-12-04 14:56:49.124,178678360, 1238.8431491528636, 1912149, 64.559734955629, 104101, 0, 0.0, 5, 
2019-12-04 14:56:50.146,205299168, 1245.1082170301493, 1913589, 64.72286554156301, 104173, 0, 0.0, 5, 
2019-12-04 14:56:51.172,231016680, 1245.1082170301493, 1915045, 64.72286554156301, 104261, 0, 0.0, 5, 
2019-12-04 14:56:52.216,256847288, 1245.1082170301493, 1916446, 64.72286554156301, 104339, 0, 0.0, 5, 
2019-12-04 14:56:53.241,281161848, 1245.1082170301493, 1917809, 64.72286554156301, 104403, 0, 0.0, 5, 
2019-12-04 14:56:54.272,307159168, 1245.1082170301493, 1919158, 64.72286554156301, 104496, 0, 0.0, 5, 
2019-12-04 14:56:55.306,332762104, 1254.1505367381171, 1920543, 65.72048213093598, 104561, 0, 0.0, 5, 
2019-12-04 14:56:56.334,357846928, 1254.1505367381171, 1921833, 65.72048213093598, 104643, 0, 0.0, 5, 
2019-12-04 14:56:57.361,381161512, 1254.1505367381171, 1923187, 65.72048213093598, 104684, 0, 0.0, 5, 
2019-12-04 14:56:58.385,121715480, 1254.1505367381171, 1924522, 65.72048213093598, 104754, 0, 0.0, 5, 
2019-12-04 14:56:59.415,148769672, 1261.894192266057, 1926073, 65.7108489116303, 104834, 0, 0.0, 5, 
2019-12-04 14:57:00.451,175264536, 1261.894192266057, 1927502, 65.7108489116303, 104918, 0, 0.0, 5, 
2019-12-04 14:57:01.474,201242000, 1261.894192266057, 1928908, 65.7108489116303, 104997, 0, 0.0, 5, 
2019-12-04 14:57:02.504,226410152, 1261.894192266057, 1930281, 65.7108489116303, 105069, 0, 0.0, 5, 
2019-12-04 14:57:03.532,252863168, 1261.894192266057, 1931766, 65.7108489116303, 105134, 0, 0.0, 5, 
2019-12-04 14:57:04.567,278724776, 1271.5612868981389, 1933213, 66.3416306049786, 105213, 0, 0.0, 5, 
2019-12-04 14:57:05.593,303495944, 1271.5612868981389, 1934597, 66.3416306049786, 105298, 0, 0.0, 5, 
2019-12-04 14:57:06.617,329714240, 1271.5612868981389, 1936030, 66.3416306049786, 105384, 0, 0.0, 5, 
2019-12-04 14:57:07.644,356318032, 1271.5612868981389, 1937488, 66.3416306049786, 105469, 0, 0.0, 5, 
2019-12-04 14:57:08.667,383280712, 1271.5612868981389, 1938934, 66.3416306049786, 105549, 0, 0.0, 5, 
2019-12-04 14:57:09.696,126207656, 1280.3754877347083, 1940317, 67.30576458857338, 105601, 0, 0.0, 5, 
2019-12-04 14:57:10.722,149883048, 1280.3754877347083, 1941691, 67.30576458857338, 105669, 0, 0.0, 5, 
2019-12-04 14:57:11.746,176362000, 1280.3754877347083, 1943066, 67.30576458857338, 105734, 0, 0.0, 5, 
2019-12-04 14:57:12.775,202002440, 1280.3754877347083, 1944533, 67.30576458857338, 105820, 0, 0.0, 5, 
2019-12-04 14:57:13.801,229269784, 1280.3754877347083, 1946017, 67.30576458857338, 105887, 0, 0.0, 5, 
2019-12-04 14:57:14.827,255561840, 1289.7802244668198, 1947494, 67.21735253361183, 105938, 0, 0.0, 5, 
2019-12-04 14:57:15.853,282259144, 1289.7802244668198, 1948959, 67.21735253361183, 106010, 0, 0.0, 5, 
2019-12-04 14:57:16.878,308995800, 1289.7802244668198, 1950401, 67.21735253361183, 106084, 0, 0.0, 5, 
2019-12-04 14:57:17.913,333077040, 1289.7802244668198, 1951785, 67.21735253361183, 106148, 0, 0.0, 5, 
2019-12-04 14:57:18.937,359701784, 1289.7802244668198, 1953196, 67.21735253361183, 106211, 0, 0.0, 5, 
2019-12-04 14:57:19.962,383685592, 1297.7933552852933, 1954572, 66.9281249942948, 106269, 0, 0.0, 5, 
2019-12-04 14:57:20.993,124486488, 1297.7933552852933, 1955996, 66.9281249942948, 106356, 0, 0.0, 5, 
2019-12-04 14:57:22.021,149479392, 1297.7933552852933, 1957394, 66.9281249942948, 106433, 0, 0.0, 5, 
2019-12-04 14:57:23.047,175558904, 1297.7933552852933, 1958832, 66.9281249942948, 106502, 0, 0.0, 5, 
2019-12-04 14:57:24.075,203241736, 1297.7933552852933, 1960306, 66.9281249942948, 106581, 0, 0.0, 5, 
2019-12-04 14:57:25.103,230491392, 1305.0698448360788, 1961799, 67.349640846377, 106649, 0, 0.0, 5, 
2019-12-04 14:57:26.129,257238360, 1305.0698448360788, 1963311, 67.349640846377, 106725, 0, 0.0, 5, 
2019-12-04 14:57:27.155,284211064, 1305.0698448360788, 1964838, 67.349640846377, 106810, 0, 0.0, 5, 
2019-12-04 14:57:28.178,311528256, 1305.0698448360788, 1966303, 67.349640846377, 106885, 0, 0.0, 5, 
2019-12-04 14:57:29.203,337957776, 1305.0698448360788, 1967820, 67.349640846377, 106968, 0, 0.0, 5, 
2019-12-04 14:57:30.229,365086256, 1317.569313903299, 1969372, 68.05727649324565, 107035, 0, 0.0, 5, 
2019-12-04 14:57:31.254,110015160, 1317.569313903299, 1970816, 68.05727649324565, 107109, 0, 0.0, 5, 
2019-12-04 14:57:32.281,136216768, 1317.569313903299, 1972285, 68.05727649324565, 107184, 0, 0.0, 5, 
2019-12-04 14:57:33.305,164113344, 1317.569313903299, 1973786, 68.05727649324565, 107259, 0, 0.0, 5, 
2019-12-04 14:57:34.33,189803064, 1317.569313903299, 1975278, 68.05727649324565, 107337, 0, 0.0, 5, 
2019-12-04 14:57:35.352,216566704, 1328.989425019056, 1976740, 68.45247484455359, 107421, 0, 0.0, 5, 
2019-12-04 14:57:36.382,240644560, 1328.989425019056, 1978086, 68.45247484455359, 107486, 0, 0.0, 5, 
2019-12-04 14:57:37.407,269643800, 1328.989425019056, 1979648, 68.45247484455359, 107562, 0, 0.0, 5, 
2019-12-04 14:57:38.431,295978480, 1328.989425019056, 1981061, 68.45247484455359, 107649, 0, 0.0, 5, 
2019-12-04 14:57:39.456,321682128, 1334.8909927482036, 1982478, 69.03995051938308, 107732, 0, 0.0, 5, 
2019-12-04 14:57:40.479,347755320, 1334.8909927482036, 1983908, 69.03995051938308, 107815, 0, 0.0, 5, 
2019-12-04 14:57:41.503,375344312, 1334.8909927482036, 1985422, 69.03995051938308, 107881, 0, 0.0, 5, 
2019-12-04 14:57:42.528,117802512, 1334.8909927482036, 1986977, 69.03995051938308, 107958, 0, 0.0, 5, 
2019-12-04 14:57:43.55,147931944, 1334.8909927482036, 1988372, 69.03995051938308, 108021, 0, 0.0, 5, 
2019-12-04 14:57:44.573,175959416, 1343.6468495263825, 1989890, 69.4205430619992, 108111, 0, 0.0, 5, 
2019-12-04 14:57:45.594,203386336, 1343.6468495263825, 1991317, 69.4205430619992, 108197, 0, 0.0, 5, 
2019-12-04 14:57:46.62,229223144, 1343.6468495263825, 1992823, 69.4205430619992, 108282, 0, 0.0, 5, 
2019-12-04 14:57:47.643,256145248, 1343.6468495263825, 1994282, 69.4205430619992, 108357, 0, 0.0, 5, 
2019-12-04 14:57:48.665,283507576, 1343.6468495263825, 1995816, 69.4205430619992, 108439, 0, 0.0, 5, 
2019-12-04 14:57:49.695,309589408, 1351.510733245551, 1997285, 70.20246526608437, 108514, 0, 0.0, 5, 
2019-12-04 14:57:50.729,335154568, 1351.510733245551, 1998683, 70.20246526608437, 108594, 0, 0.0, 5, 
2019-12-04 14:57:51.754,361880904, 1351.510733245551, 2000146, 70.20246526608437, 108672, 0, 0.0, 5, 
2019-12-04 14:57:52.782,388677072, 1351.510733245551, 2001585, 70.20246526608437, 108757, 0, 0.0, 5, 
2019-12-04 14:57:53.806,129885168, 1351.510733245551, 2003083, 70.20246526608437, 108826, 0, 0.0, 5, 
2019-12-04 14:57:54.834,156429608, 1357.1147615971045, 2004549, 70.77794836896038, 108916, 0, 0.0, 5, 
2019-12-04 14:57:55.857,181289936, 1357.1147615971045, 2005912, 70.77794836896038, 108990, 0, 0.0, 5, 
2019-12-04 14:57:56.884,208873304, 1357.1147615971045, 2007396, 70.77794836896038, 109059, 0, 0.0, 5, 
2019-12-04 14:57:57.907,234754400, 1357.1147615971045, 2008808, 70.77794836896038, 109131, 0, 0.0, 5, 
2019-12-04 14:57:58.933,262086112, 1357.1147615971045, 2010274, 70.77794836896038, 109210, 0, 0.0, 5, 
2019-12-04 14:57:59.957,288733192, 1360.6875959910362, 2011783, 71.06755162736296, 109294, 0, 0.0, 5, 
2019-12-04 14:58:00.981,314091064, 1360.6875959910362, 2013233, 71.06755162736296, 109373, 0, 0.0, 5, 
2019-12-04 14:58:02.009,342649816, 1360.6875959910362, 2014748, 71.06755162736296, 109452, 0, 0.0, 5, 
2019-12-04 14:58:03.033,369733608, 1360.6875959910362, 2016267, 71.06755162736296, 109533, 0, 0.0, 5, 
2019-12-04 14:58:04.057,111113368, 1360.6875959910362, 2017557, 71.06755162736296, 109594, 0, 0.0, 5, 
2019-12-04 14:58:05.082,137524832, 1364.9182382269425, 2018984, 71.20607055112163, 109664, 0, 0.0, 5, 
2019-12-04 14:58:06.107,164355888, 1364.9182382269425, 2020472, 71.20607055112163, 109741, 0, 0.0, 5, 
2019-12-04 14:58:07.14,189642008, 1364.9182382269425, 2021879, 71.20607055112163, 109809, 0, 0.0, 5, 
2019-12-04 14:58:08.163,217023880, 1364.9182382269425, 2023341, 71.20607055112163, 109886, 0, 0.0, 5, 
2019-12-04 14:58:09.188,239713704, 1364.9182382269425, 2024640, 71.20607055112163, 109967, 0, 0.0, 5, 
2019-12-04 14:58:10.213,266357768, 1366.316002722818, 2026058, 71.44545193276521, 110048, 0, 0.0, 5, 
2019-12-04 14:58:11.238,293098112, 1366.316002722818, 2027544, 71.44545193276521, 110110, 0, 0.0, 5, 
2019-12-04 14:58:12.261,319893152, 1366.316002722818, 2029017, 71.44545193276521, 110191, 0, 0.0, 5, 
2019-12-04 14:58:13.284,347357776, 1366.316002722818, 2030533, 71.44545193276521, 110284, 0, 0.0, 5, 
2019-12-04 14:58:14.31,374370752, 1366.316002722818, 2032018, 71.44545193276521, 110366, 0, 0.0, 5, 
2019-12-04 14:58:15.335,118883168, 1372.1594765063442, 2033483, 71.9215513090988, 110439, 0, 0.0, 5, 
2019-12-04 14:58:16.361,143499968, 1372.1594765063442, 2034925, 71.9215513090988, 110509, 0, 0.0, 5, 
2019-12-04 14:58:17.389,170385608, 1372.1594765063442, 2036362, 71.9215513090988, 110594, 0, 0.0, 5, 
2019-12-04 14:58:18.411,196572536, 1372.1594765063442, 2037859, 71.9215513090988, 110684, 0, 0.0, 5, 
2019-12-04 14:58:19.439,225331808, 1377.7915897960963, 2039412, 72.3915661152513, 110764, 0, 0.0, 5, 
2019-12-04 14:58:20.462,254197536, 1377.7915897960963, 2040942, 72.3915661152513, 110843, 0, 0.0, 5, 
2019-12-04 14:58:21.485,279030848, 1377.7915897960963, 2042402, 72.3915661152513, 110918, 0, 0.0, 5, 
2019-12-04 14:58:22.511,305994360, 1377.7915897960963, 2043869, 72.3915661152513, 110994, 0, 0.0, 5, 
2019-12-04 14:58:23.549,333143272, 1377.7915897960963, 2045344, 72.3915661152513, 111076, 0, 0.0, 5, 
2019-12-04 14:58:24.576,359024496, 1383.4850999172647, 2046861, 72.72805391000017, 111161, 0, 0.0, 5, 
2019-12-04 14:58:25.599,385631048, 1383.4850999172647, 2048267, 72.72805391000017, 111241, 0, 0.0, 5, 
2019-12-04 14:58:26.624,125688024, 1383.4850999172647, 2049683, 72.72805391000017, 111311, 0, 0.0, 5, 
2019-12-04 14:58:27.648,151760320, 1383.4850999172647, 2051142, 72.72805391000017, 111402, 0, 0.0, 5, 
2019-12-04 14:58:28.673,178519224, 1383.4850999172647, 2052566, 72.72805391000017, 111466, 0, 0.0, 5, 
2019-12-04 14:58:29.697,203204216, 1384.453753845087, 2053961, 72.95768204077912, 111537, 0, 0.0, 5, 
2019-12-04 14:58:30.722,229282288, 1384.453753845087, 2055392, 72.95768204077912, 111601, 0, 0.0, 5, 
2019-12-04 14:58:31.746,255449096, 1384.453753845087, 2056882, 72.95768204077912, 111678, 0, 0.0, 5, 
2019-12-04 14:58:32.776,282432536, 1384.453753845087, 2058330, 72.95768204077912, 111751, 0, 0.0, 5, 
2019-12-04 14:58:33.809,298674360, 1384.453753845087, 2059145, 72.95768204077912, 111811, 0, 0.0, 5, 
2019-12-04 14:58:34.836,311478768, 1367.9786053385778, 2059669, 72.00159857353219, 111835, 0, 0.0, 5, 
2019-12-04 14:58:35.861,322686648, 1367.9786053385778, 2060166, 72.00159857353219, 111859, 0, 0.0, 5, 
