Timestamp, MemoryUsed, ReadLatency1, ReadCount, WriteLatency1, WriteCount, PendingTasks, WaitingOnCommit1, SRDelay, 
2019-12-04 14:54:00.415,195113664, 74.41489800291484, 1710395, 5.392371569083182, 94860, 0, 0.0, 5, 
2019-12-04 14:54:01.455,205502872, 74.41489800291484, 1710754, 5.392371569083182, 94873, 0, 0.0, 5, 
2019-12-04 14:54:02.492,217438376, 74.41489800291484, 1711341, 5.392371569083182, 94900, 0, 0.0, 5, 
2019-12-04 14:54:03.53,230511336, 74.41489800291484, 1712014, 5.392371569083182, 94933, 0, 0.0, 5, 
2019-12-04 14:54:04.561,242817560, 74.41489800291484, 1712711, 5.392371569083182, 94978, 0, 0.0, 5, 
2019-12-04 14:54:05.59,256956824, 112.52053881203545, 1713407, 7.183986617045755, 95014, 0, 0.0, 5, 
2019-12-04 14:54:06.624,272154648, 112.52053881203545, 1714139, 7.183986617045755, 95049, 0, 0.0, 5, 
2019-12-04 14:54:07.656,286457768, 112.52053881203545, 1714914, 7.183986617045755, 95088, 0, 0.0, 5, 
2019-12-04 14:54:08.684,301543624, 112.52053881203545, 1715688, 7.183986617045755, 95136, 0, 0.0, 5, 
2019-12-04 14:54:09.713,316446320, 112.52053881203545, 1716427, 7.183986617045755, 95171, 0, 0.0, 5, 
2019-12-04 14:54:10.744,331904600, 161.747550532022, 1717235, 9.74384570831528, 95217, 0, 0.0, 5, 
2019-12-04 14:54:11.776,349076792, 161.747550532022, 1718086, 9.74384570831528, 95261, 0, 0.0, 5, 
2019-12-04 14:54:12.803,365725440, 161.747550532022, 1718935, 9.74384570831528, 95301, 0, 0.0, 5, 
2019-12-04 14:54:13.834,380669536, 161.747550532022, 1719781, 9.74384570831528, 95342, 0, 0.0, 5, 
2019-12-04 14:54:14.868,110802744, 161.747550532022, 1720688, 9.74384570831528, 95391, 0, 0.0, 5, 
2019-12-04 14:54:15.897,128929152, 215.6258175826985, 1721629, 12.322905406513799, 95435, 0, 0.0, 5, 
2019-12-04 14:54:16.927,146178568, 215.6258175826985, 1722590, 12.322905406513799, 95488, 0, 0.0, 5, 
2019-12-04 14:54:17.958,166184056, 215.6258175826985, 1723632, 12.322905406513799, 95535, 0, 0.0, 5, 
2019-12-04 14:54:18.988,186717848, 215.6258175826985, 1724735, 12.322905406513799, 95582, 0, 0.0, 5, 
2019-12-04 14:54:20.016,205301160, 215.6258175826985, 1725795, 12.322905406513799, 95641, 0, 0.0, 5, 
2019-12-04 14:54:21.041,225714600, 278.2289766680008, 1726827, 15.303417325654078, 95706, 0, 0.0, 5, 
2019-12-04 14:54:22.071,245647832, 278.2289766680008, 1727938, 15.303417325654078, 95761, 0, 0.0, 5, 
2019-12-04 14:54:23.097,267483016, 278.2289766680008, 1729053, 15.303417325654078, 95821, 0, 0.0, 5, 
2019-12-04 14:54:24.132,290922680, 278.2289766680008, 1730362, 15.303417325654078, 95880, 0, 0.0, 5, 
2019-12-04 14:54:25.171,314031864, 348.3956815428547, 1731727, 18.797203172079577, 95947, 0, 0.0, 5, 
2019-12-04 14:54:26.203,341055616, 348.3956815428547, 1733172, 18.797203172079577, 96018, 0, 0.0, 5, 
2019-12-04 14:54:27.233,362280224, 348.3956815428547, 1734371, 18.797203172079577, 96081, 0, 0.0, 5, 
2019-12-04 14:54:28.257,105027248, 348.3956815428547, 1735786, 18.797203172079577, 96151, 0, 0.0, 5, 
2019-12-04 14:54:29.287,126784536, 348.3956815428547, 1736969, 18.797203172079577, 96223, 0, 0.0, 5, 
2019-12-04 14:54:30.313,146642224, 420.164160256343, 1738124, 22.47538372114426, 96286, 0, 0.0, 5, 
2019-12-04 14:54:31.339,169652336, 420.164160256343, 1739343, 22.47538372114426, 96334, 0, 0.0, 5, 
2019-12-04 14:54:32.377,194600752, 420.164160256343, 1740745, 22.47538372114426, 96400, 0, 0.0, 5, 
2019-12-04 14:54:33.409,217355472, 420.164160256343, 1741982, 22.47538372114426, 96470, 0, 0.0, 5, 
2019-12-04 14:54:34.437,237480400, 420.164160256343, 1743103, 22.47538372114426, 96522, 0, 0.0, 5, 
2019-12-04 14:54:35.465,257500120, 480.96525295988914, 1744218, 25.29978409371471, 96582, 0, 0.0, 5, 
2019-12-04 14:54:36.488,276337528, 480.96525295988914, 1745146, 25.29978409371471, 96633, 0, 0.0, 5, 
2019-12-04 14:54:37.513,293406032, 480.96525295988914, 1746040, 25.29978409371471, 96680, 0, 0.0, 5, 
2019-12-04 14:54:38.541,310592768, 480.96525295988914, 1746934, 25.29978409371471, 96732, 0, 0.0, 5, 
2019-12-04 14:54:39.567,330601480, 480.96525295988914, 1747883, 25.29978409371471, 96783, 0, 0.0, 5, 
2019-12-04 14:54:40.599,350049296, 515.460870708731, 1748763, 27.386642134802795, 96844, 0, 0.0, 5, 
2019-12-04 14:54:41.631,367556384, 515.460870708731, 1749694, 27.386642134802795, 96902, 0, 0.0, 5, 
2019-12-04 14:54:42.658,381126632, 515.460870708731, 1750402, 27.386642134802795, 96931, 0, 0.0, 5, 
2019-12-04 14:54:43.687,111551848, 515.460870708731, 1751107, 27.386642134802795, 96977, 0, 0.0, 5, 
2019-12-04 14:54:44.714,128708952, 515.460870708731, 1751986, 27.386642134802795, 97019, 0, 0.0, 5, 
2019-12-04 14:54:45.742,145713632, 537.3798252642221, 1752828, 28.762946239109578, 97062, 0, 0.0, 5, 
2019-12-04 14:54:46.766,163277712, 537.3798252642221, 1753692, 28.762946239109578, 97105, 0, 0.0, 5, 
2019-12-04 14:54:47.791,184480472, 537.3798252642221, 1754823, 28.762946239109578, 97160, 0, 0.0, 5, 
2019-12-04 14:54:48.825,206277008, 537.3798252642221, 1755969, 28.762946239109578, 97210, 0, 0.0, 5, 
2019-12-04 14:54:49.852,228868896, 537.3798252642221, 1757113, 28.762946239109578, 97267, 0, 0.0, 5, 
2019-12-04 14:54:50.88,250760032, 576.0159771981419, 1758333, 30.253082782146343, 97325, 0, 0.0, 5, 
2019-12-04 14:54:51.908,272988184, 576.0159771981419, 1759501, 30.253082782146343, 97391, 0, 0.0, 5, 
2019-12-04 14:54:52.942,296286440, 576.0159771981419, 1760727, 30.253082782146343, 97471, 0, 0.0, 5, 
2019-12-04 14:54:53.972,318791472, 576.0159771981419, 1761894, 30.253082782146343, 97537, 0, 0.0, 5, 
2019-12-04 14:54:55.009,339850360, 576.0159771981419, 1763094, 30.253082782146343, 97593, 0, 0.0, 5, 
2019-12-04 14:54:56.036,361234304, 622.7087615883871, 1764194, 33.03129288812628, 97651, 0, 0.0, 5, 
2019-12-04 14:54:57.066,385163224, 622.7087615883871, 1765406, 33.03129288812628, 97703, 0, 0.0, 5, 
2019-12-04 14:54:58.108,122123472, 622.7087615883871, 1766660, 33.03129288812628, 97772, 0, 0.0, 5, 
2019-12-04 14:54:59.136,146072776, 622.7087615883871, 1767831, 33.03129288812628, 97848, 0, 0.0, 5, 
2019-12-04 14:55:00.165,166992144, 663.717280787079, 1768958, 34.96371601290858, 97888, 0, 0.0, 5, 
2019-12-04 14:55:01.191,190839608, 663.717280787079, 1770176, 34.96371601290858, 97956, 0, 0.0, 5, 
2019-12-04 14:55:02.216,215004208, 663.717280787079, 1771459, 34.96371601290858, 98019, 0, 0.0, 5, 
2019-12-04 14:55:03.244,235910864, 663.717280787079, 1772685, 34.96371601290858, 98073, 0, 0.0, 5, 
2019-12-04 14:55:04.276,258792568, 663.717280787079, 1773920, 34.96371601290858, 98127, 0, 0.0, 5, 
2019-12-04 14:55:05.305,281536064, 707.6514932528191, 1775186, 36.91753340338057, 98197, 0, 0.0, 5, 
2019-12-04 14:55:06.33,305781856, 707.6514932528191, 1776405, 36.91753340338057, 98276, 0, 0.0, 5, 
2019-12-04 14:55:07.354,328727392, 707.6514932528191, 1777648, 36.91753340338057, 98344, 0, 0.0, 5, 
2019-12-04 14:55:08.38,352367432, 707.6514932528191, 1778925, 36.91753340338057, 98403, 0, 0.0, 5, 
2019-12-04 14:55:09.407,375260584, 707.6514932528191, 1780071, 36.91753340338057, 98477, 0, 0.0, 5, 
2019-12-04 14:55:10.432,110862192, 745.4503768429033, 1781218, 39.242839044136424, 98537, 0, 0.0, 5, 
2019-12-04 14:55:11.457,135643416, 745.4503768429033, 1782520, 39.242839044136424, 98624, 0, 0.0, 5, 
2019-12-04 14:55:12.484,159634472, 745.4503768429033, 1783797, 39.242839044136424, 98697, 0, 0.0, 5, 
2019-12-04 14:55:13.508,183685056, 745.4503768429033, 1785112, 39.242839044136424, 98768, 0, 0.0, 5, 
2019-12-04 14:55:14.531,206858568, 745.4503768429033, 1786376, 39.242839044136424, 98838, 0, 0.0, 5, 
2019-12-04 14:55:15.56,232326824, 786.2396885890591, 1787709, 42.08583266248187, 98920, 0, 0.0, 5, 
2019-12-04 14:55:16.587,255069432, 786.2396885890591, 1788961, 42.08583266248187, 98987, 0, 0.0, 5, 
2019-12-04 14:55:17.611,279407592, 786.2396885890591, 1790276, 42.08583266248187, 99063, 0, 0.0, 5, 
2019-12-04 14:55:18.638,304137808, 786.2396885890591, 1791668, 42.08583266248187, 99130, 0, 0.0, 5, 
2019-12-04 14:55:19.666,329390776, 786.2396885890591, 1793055, 42.08583266248187, 99216, 0, 0.0, 5, 
2019-12-04 14:55:20.696,356360096, 827.3976506135128, 1794476, 44.54160189112605, 99291, 0, 0.0, 5, 
2019-12-04 14:55:21.728,383298584, 827.3976506135128, 1795937, 44.54160189112605, 99374, 0, 0.0, 5, 
2019-12-04 14:55:22.752,128610152, 827.3976506135128, 1797467, 44.54160189112605, 99448, 0, 0.0, 5, 
2019-12-04 14:55:23.78,154337832, 827.3976506135128, 1798975, 44.54160189112605, 99511, 0, 0.0, 5, 
2019-12-04 14:55:24.811,182383104, 827.3976506135128, 1800487, 44.54160189112605, 99588, 0, 0.0, 5, 
2019-12-04 14:55:25.839,208588896, 877.0822392094232, 1801885, 46.75304530233629, 99666, 0, 0.0, 5, 
2019-12-04 14:55:26.867,234868504, 877.0822392094232, 1803363, 46.75304530233629, 99738, 0, 0.0, 5, 
2019-12-04 14:55:27.893,261157832, 877.0822392094232, 1804829, 46.75304530233629, 99808, 0, 0.0, 5, 
2019-12-04 14:55:28.92,286560184, 877.0822392094232, 1806225, 46.75304530233629, 99883, 0, 0.0, 5, 
2019-12-04 14:55:29.945,314045568, 877.0822392094232, 1807709, 46.75304530233629, 99950, 0, 0.0, 5, 
2019-12-04 14:55:30.974,340890472, 919.7719463132346, 1809228, 48.61176917327359, 100033, 0, 0.0, 5, 
2019-12-04 14:55:32.009,367871208, 919.7719463132346, 1810657, 48.61176917327359, 100121, 0, 0.0, 5, 
2019-12-04 14:55:33.032,107357408, 919.7719463132346, 1812019, 48.61176917327359, 100195, 0, 0.0, 5, 
2019-12-04 14:55:34.054,132641880, 919.7719463132346, 1813340, 48.61176917327359, 100279, 0, 0.0, 5, 
2019-12-04 14:55:35.076,157175600, 919.7719463132346, 1814663, 48.61176917327359, 100352, 0, 0.0, 5, 
2019-12-04 14:55:36.104,180313208, 954.410948944759, 1815940, 50.99350460618134, 100422, 0, 0.0, 5, 
2019-12-04 14:55:37.131,203232352, 954.410948944759, 1817108, 50.99350460618134, 100476, 0, 0.0, 5, 
2019-12-04 14:55:38.16,228470280, 954.410948944759, 1818495, 50.99350460618134, 100549, 0, 0.0, 5, 
2019-12-04 14:55:39.191,254683784, 954.410948944759, 1819906, 50.99350460618134, 100624, 0, 0.0, 5, 
2019-12-04 14:55:40.221,278569232, 980.7794255707208, 1821257, 52.209348846830615, 100699, 0, 0.0, 5, 
2019-12-04 14:55:41.247,305981640, 980.7794255707208, 1822694, 52.209348846830615, 100773, 0, 0.0, 5, 
2019-12-04 14:55:42.273,330508064, 980.7794255707208, 1824058, 52.209348846830615, 100856, 0, 0.0, 5, 
2019-12-04 14:55:43.296,355296712, 980.7794255707208, 1825422, 52.209348846830615, 100934, 0, 0.0, 5, 
2019-12-04 14:55:44.327,381349360, 980.7794255707208, 1826811, 52.209348846830615, 101014, 0, 0.0, 5, 
2019-12-04 14:55:45.369,121064728, 1009.2772412373668, 1828127, 54.06357093490943, 101071, 0, 0.0, 5, 
2019-12-04 14:55:46.394,147492952, 1009.2772412373668, 1829521, 54.06357093490943, 101150, 0, 0.0, 5, 
2019-12-04 14:55:47.424,174159320, 1009.2772412373668, 1830987, 54.06357093490943, 101232, 0, 0.0, 5, 
2019-12-04 14:55:48.464,199262128, 1009.2772412373668, 1832346, 54.06357093490943, 101307, 0, 0.0, 5, 
2019-12-04 14:55:49.491,224489384, 1009.2772412373668, 1833778, 54.06357093490943, 101367, 0, 0.0, 5, 
2019-12-04 14:55:50.515,247891352, 1036.3280354584554, 1835038, 55.35376856660115, 101443, 0, 0.0, 5, 
2019-12-04 14:55:51.545,275877592, 1036.3280354584554, 1836482, 55.35376856660115, 101518, 0, 0.0, 5, 
2019-12-04 14:55:52.571,301136256, 1036.3280354584554, 1837926, 55.35376856660115, 101592, 0, 0.0, 5, 
2019-12-04 14:55:53.597,328198048, 1036.3280354584554, 1839381, 55.35376856660115, 101674, 0, 0.0, 5, 
2019-12-04 14:55:54.65,354143392, 1036.3280354584554, 1840828, 55.35376856660115, 101768, 0, 0.0, 5, 
2019-12-04 14:55:55.673,379823616, 1063.4387328661599, 1842225, 57.21243460852078, 101842, 0, 0.0, 5, 
2019-12-04 14:55:56.698,122262680, 1063.4387328661599, 1843636, 57.21243460852078, 101920, 0, 0.0, 5, 
2019-12-04 14:55:57.722,148507736, 1063.4387328661599, 1845130, 57.21243460852078, 102007, 0, 0.0, 5, 
2019-12-04 14:55:58.747,173758368, 1063.4387328661599, 1846398, 57.21243460852078, 102079, 0, 0.0, 5, 
2019-12-04 14:55:59.771,196426024, 1063.4387328661599, 1847656, 57.21243460852078, 102153, 0, 0.0, 5, 
2019-12-04 14:56:00.804,223535256, 1085.1675640609228, 1849195, 58.65064092878983, 102229, 0, 0.0, 5, 
2019-12-04 14:56:01.83,249053320, 1085.1675640609228, 1850572, 58.65064092878983, 102297, 0, 0.0, 5, 
2019-12-04 14:56:02.855,274742632, 1085.1675640609228, 1852001, 58.65064092878983, 102378, 0, 0.0, 5, 
2019-12-04 14:56:03.882,301661312, 1085.1675640609228, 1853512, 58.65064092878983, 102450, 0, 0.0, 5, 
2019-12-04 14:56:04.91,328144280, 1085.1675640609228, 1854982, 58.65064092878983, 102518, 0, 0.0, 5, 
2019-12-04 14:56:05.934,354546536, 1112.8187989165988, 1856363, 59.47812999153976, 102578, 0, 0.0, 5, 
2019-12-04 14:56:06.963,383143736, 1112.8187989165988, 1857893, 59.47812999153976, 102650, 0, 0.0, 5, 
2019-12-04 14:56:07.987,126543840, 1112.8187989165988, 1859334, 59.47812999153976, 102704, 0, 0.0, 5, 
2019-12-04 14:56:09.01,152098112, 1112.8187989165988, 1860772, 59.47812999153976, 102795, 0, 0.0, 5, 
2019-12-04 14:56:10.033,179516944, 1112.8187989165988, 1862249, 59.47812999153976, 102877, 0, 0.0, 5, 
2019-12-04 14:56:11.066,203681384, 1136.8839270347917, 1863620, 60.447341203853455, 102962, 0, 0.0, 5, 
2019-12-04 14:56:12.097,230088880, 1136.8839270347917, 1865001, 60.447341203853455, 103025, 0, 0.0, 5, 
2019-12-04 14:56:13.123,256503280, 1136.8839270347917, 1866490, 60.447341203853455, 103116, 0, 0.0, 5, 
2019-12-04 14:56:14.149,282995128, 1136.8839270347917, 1867857, 60.447341203853455, 103190, 0, 0.0, 5, 
2019-12-04 14:56:15.193,308460320, 1155.730743630002, 1869286, 61.67487202489562, 103270, 0, 0.0, 5, 
2019-12-04 14:56:16.217,344264192, 1155.730743630002, 1870666, 61.67487202489562, 103346, 0, 0.0, 5, 
2019-12-04 14:56:17.246,375293696, 1155.730743630002, 1872200, 61.67487202489562, 103433, 0, 0.0, 5, 
2019-12-04 14:56:18.27,117699640, 1155.730743630002, 1873612, 61.67487202489562, 103511, 0, 0.0, 5, 
2019-12-04 14:56:19.295,146122080, 1155.730743630002, 1875064, 61.67487202489562, 103578, 0, 0.0, 5, 
2019-12-04 14:56:20.319,172563872, 1176.2688753867956, 1876534, 62.82024601765495, 103661, 0, 0.0, 5, 
2019-12-04 14:56:21.366,198900472, 1176.2688753867956, 1878059, 62.82024601765495, 103720, 0, 0.0, 5, 
2019-12-04 14:56:22.393,224418984, 1176.2688753867956, 1879443, 62.82024601765495, 103797, 0, 0.0, 5, 
2019-12-04 14:56:23.425,251913968, 1176.2688753867956, 1880975, 62.82024601765495, 103875, 0, 0.0, 5, 
2019-12-04 14:56:24.461,277959824, 1176.2688753867956, 1882398, 62.82024601765495, 103949, 0, 0.0, 5, 
2019-12-04 14:56:25.484,304147632, 1194.477250762367, 1883810, 63.570209737946286, 104034, 0, 0.0, 5, 
2019-12-04 14:56:26.511,331429608, 1194.477250762367, 1885264, 63.570209737946286, 104125, 0, 0.0, 5, 
2019-12-04 14:56:27.537,356888704, 1194.477250762367, 1886617, 63.570209737946286, 104185, 0, 0.0, 5, 
2019-12-04 14:56:28.563,383607728, 1194.477250762367, 1888137, 63.570209737946286, 104275, 0, 0.0, 5, 
2019-12-04 14:56:29.589,129222480, 1194.477250762367, 1889639, 63.570209737946286, 104344, 0, 0.0, 5, 
2019-12-04 14:56:30.612,156755184, 1213.4045567482178, 1891174, 64.48408530901285, 104427, 0, 0.0, 5, 
2019-12-04 14:56:31.637,183427720, 1213.4045567482178, 1892643, 64.48408530901285, 104520, 0, 0.0, 5, 
2019-12-04 14:56:32.663,209799880, 1213.4045567482178, 1894106, 64.48408530901285, 104594, 0, 0.0, 5, 
2019-12-04 14:56:33.705,237272632, 1213.4045567482178, 1895622, 64.48408530901285, 104675, 0, 0.0, 5, 
2019-12-04 14:56:34.729,261523456, 1213.4045567482178, 1896935, 64.48408530901285, 104750, 0, 0.0, 5, 
2019-12-04 14:56:35.751,285173128, 1227.972100065284, 1898236, 65.66070488239566, 104809, 0, 0.0, 5, 
2019-12-04 14:56:36.775,312436152, 1227.972100065284, 1899708, 65.66070488239566, 104897, 0, 0.0, 5, 
2019-12-04 14:56:37.816,340209720, 1227.972100065284, 1901233, 65.66070488239566, 104970, 0, 0.0, 5, 
2019-12-04 14:56:38.84,367409112, 1227.972100065284, 1902757, 65.66070488239566, 105050, 0, 0.0, 5, 
2019-12-04 14:56:39.868,111263400, 1227.972100065284, 1904303, 65.66070488239566, 105132, 0, 0.0, 5, 
2019-12-04 14:56:40.891,134525624, 1244.892932685331, 1905658, 66.26351363680601, 105178, 0, 0.0, 5, 
2019-12-04 14:56:41.913,160665384, 1244.892932685331, 1906984, 66.26351363680601, 105260, 0, 0.0, 5, 
2019-12-04 14:56:42.94,183981864, 1244.892932685331, 1908281, 66.26351363680601, 105333, 0, 0.0, 5, 
2019-12-04 14:56:43.978,209214320, 1244.892932685331, 1909603, 66.26351363680601, 105415, 0, 0.0, 5, 
2019-12-04 14:56:45.007,232292872, 1244.892932685331, 1910905, 66.26351363680601, 105484, 0, 0.0, 5, 
2019-12-04 14:56:46.048,257031584, 1248.0197611446058, 1912231, 66.54627547413061, 105561, 0, 0.0, 5, 
2019-12-04 14:56:47.073,283114224, 1248.0197611446058, 1913620, 66.54627547413061, 105629, 0, 0.0, 5, 
2019-12-04 14:56:48.111,308731480, 1248.0197611446058, 1915052, 66.54627547413061, 105708, 0, 0.0, 5, 
2019-12-04 14:56:49.135,335639240, 1248.0197611446058, 1916456, 66.54627547413061, 105785, 0, 0.0, 5, 
2019-12-04 14:56:50.159,362296608, 1257.8207358971663, 1917953, 67.0622867964176, 105861, 0, 0.0, 5, 
2019-12-04 14:56:51.203,387020664, 1257.8207358971663, 1919333, 67.0622867964176, 105933, 0, 0.0, 5, 
2019-12-04 14:56:52.229,131494800, 1257.8207358971663, 1920824, 67.0622867964176, 106013, 0, 0.0, 5, 
2019-12-04 14:56:53.253,156321544, 1257.8207358971663, 1922143, 67.0622867964176, 106082, 0, 0.0, 5, 
2019-12-04 14:56:54.292,182187664, 1257.8207358971663, 1923542, 67.0622867964176, 106158, 0, 0.0, 5, 
2019-12-04 14:56:55.321,206281208, 1264.9351250443603, 1924916, 67.44109342892841, 106229, 0, 0.0, 5, 
2019-12-04 14:56:56.347,231299472, 1264.9351250443603, 1926178, 67.44109342892841, 106303, 0, 0.0, 5, 
2019-12-04 14:56:57.371,255508872, 1264.9351250443603, 1927474, 67.44109342892841, 106366, 0, 0.0, 5, 
2019-12-04 14:56:58.398,281215152, 1264.9351250443603, 1928926, 67.44109342892841, 106440, 0, 0.0, 5, 
2019-12-04 14:56:59.437,307734024, 1264.9351250443603, 1930351, 67.44109342892841, 106529, 0, 0.0, 5, 
2019-12-04 14:57:00.462,331906120, 1270.4092741987688, 1931766, 67.77362123832039, 106596, 0, 0.0, 5, 
2019-12-04 14:57:01.491,359349592, 1270.4092741987688, 1933251, 67.77362123832039, 106669, 0, 0.0, 5, 
2019-12-04 14:57:02.516,384439368, 1270.4092741987688, 1934567, 67.77362123832039, 106748, 0, 0.0, 5, 
2019-12-04 14:57:03.544,126837664, 1270.4092741987688, 1936043, 67.77362123832039, 106826, 0, 0.0, 5, 
2019-12-04 14:57:04.579,151791208, 1270.4092741987688, 1937474, 67.77362123832039, 106895, 0, 0.0, 5, 
2019-12-04 14:57:05.604,178631088, 1279.7633361631463, 1938899, 68.12753494328281, 106948, 0, 0.0, 5, 
2019-12-04 14:57:06.63,205801096, 1279.7633361631463, 1940409, 68.12753494328281, 107040, 0, 0.0, 5, 
2019-12-04 14:57:07.654,232931904, 1279.7633361631463, 1941911, 68.12753494328281, 107119, 0, 0.0, 5, 
2019-12-04 14:57:08.68,257077592, 1279.7633361631463, 1943296, 68.12753494328281, 107184, 0, 0.0, 5, 
2019-12-04 14:57:09.708,284519824, 1279.7633361631463, 1944761, 68.12753494328281, 107248, 0, 0.0, 5, 
2019-12-04 14:57:10.734,310375336, 1291.2958630521355, 1946194, 68.21328451468223, 107325, 0, 0.0, 5, 
2019-12-04 14:57:11.762,336790184, 1291.2958630521355, 1947604, 68.21328451468223, 107387, 0, 0.0, 5, 
2019-12-04 14:57:12.788,364393440, 1291.2958630521355, 1949135, 68.21328451468223, 107456, 0, 0.0, 5, 
2019-12-04 14:57:13.812,106853384, 1291.2958630521355, 1950588, 68.21328451468223, 107518, 0, 0.0, 5, 
2019-12-04 14:57:14.839,132269232, 1291.2958630521355, 1952008, 68.21328451468223, 107590, 0, 0.0, 5, 
2019-12-04 14:57:15.865,158378576, 1300.5790372857593, 1953461, 68.02032893864482, 107655, 0, 0.0, 5, 
2019-12-04 14:57:16.9,184553080, 1300.5790372857593, 1954906, 68.02032893864482, 107724, 0, 0.0, 5, 
2019-12-04 14:57:17.925,210126616, 1300.5790372857593, 1956291, 68.02032893864482, 107805, 0, 0.0, 5, 
2019-12-04 14:57:18.949,235450792, 1300.5790372857593, 1957663, 68.02032893864482, 107893, 0, 0.0, 5, 
2019-12-04 14:57:19.974,263138904, 1300.5790372857593, 1959127, 68.02032893864482, 107981, 0, 0.0, 5, 
2019-12-04 14:57:21.007,287837760, 1307.424911479577, 1960569, 68.786277146014, 108066, 0, 0.0, 5, 
2019-12-04 14:57:22.033,314724440, 1307.424911479577, 1961962, 68.786277146014, 108136, 0, 0.0, 5, 
2019-12-04 14:57:23.058,341000880, 1307.424911479577, 1963412, 68.786277146014, 108211, 0, 0.0, 5, 
2019-12-04 14:57:24.086,366746488, 1307.424911479577, 1964861, 68.786277146014, 108297, 0, 0.0, 5, 
2019-12-04 14:57:25.117,111651632, 1307.424911479577, 1966347, 68.786277146014, 108372, 0, 0.0, 5, 
2019-12-04 14:57:26.14,139022408, 1315.3545137364163, 1967809, 69.26710787706146, 108430, 0, 0.0, 5, 
2019-12-04 14:57:27.166,165801440, 1315.3545137364163, 1969291, 69.26710787706146, 108510, 0, 0.0, 5, 
2019-12-04 14:57:28.19,193013944, 1315.3545137364163, 1970759, 69.26710787706146, 108592, 0, 0.0, 5, 
2019-12-04 14:57:29.213,221510680, 1315.3545137364163, 1972345, 69.26710787706146, 108685, 0, 0.0, 5, 
2019-12-04 14:57:30.242,248425712, 1327.0636483155142, 1973818, 69.98134249580413, 108767, 0, 0.0, 5, 
2019-12-04 14:57:31.267,273780952, 1327.0636483155142, 1975231, 69.98134249580413, 108846, 0, 0.0, 5, 
2019-12-04 14:57:32.293,301930376, 1327.0636483155142, 1976699, 69.98134249580413, 108921, 0, 0.0, 5, 
2019-12-04 14:57:33.317,329030224, 1327.0636483155142, 1978234, 69.98134249580413, 108988, 0, 0.0, 5, 
2019-12-04 14:57:34.34,355696752, 1327.0636483155142, 1979689, 69.98134249580413, 109062, 0, 0.0, 5, 
2019-12-04 14:57:35.369,382126432, 1334.9261888776641, 1981168, 70.20670990651155, 109141, 0, 0.0, 5, 
2019-12-04 14:57:36.392,123442440, 1334.9261888776641, 1982526, 70.20670990651155, 109230, 0, 0.0, 5, 
2019-12-04 14:57:37.419,148087120, 1334.9261888776641, 1983944, 70.20670990651155, 109310, 0, 0.0, 5, 
2019-12-04 14:57:38.443,175170528, 1334.9261888776641, 1985374, 70.20670990651155, 109391, 0, 0.0, 5, 
2019-12-04 14:57:39.468,201687760, 1334.9261888776641, 1986820, 70.20670990651155, 109462, 0, 0.0, 5, 
2019-12-04 14:57:40.491,227859456, 1339.633478908953, 1988295, 70.9097825632706, 109551, 0, 0.0, 5, 
2019-12-04 14:57:41.514,256325664, 1339.633478908953, 1989848, 70.9097825632706, 109637, 0, 0.0, 5, 
2019-12-04 14:57:42.539,284152768, 1339.633478908953, 1991364, 70.9097825632706, 109716, 0, 0.0, 5, 
2019-12-04 14:57:43.561,309226224, 1339.633478908953, 1992761, 70.9097825632706, 109793, 0, 0.0, 5, 
2019-12-04 14:57:44.583,336969904, 1339.633478908953, 1994277, 70.9097825632706, 109875, 0, 0.0, 5, 
2019-12-04 14:57:45.605,362791424, 1349.3693923813385, 1995780, 71.49267616590382, 109956, 0, 0.0, 5, 
2019-12-04 14:57:46.631,108086952, 1349.3693923813385, 1997271, 71.49267616590382, 110046, 0, 0.0, 5, 
2019-12-04 14:57:47.653,136807376, 1349.3693923813385, 1998776, 71.49267616590382, 110121, 0, 0.0, 5, 
2019-12-04 14:57:48.677,164725560, 1349.3693923813385, 2000334, 71.49267616590382, 110177, 0, 0.0, 5, 
2019-12-04 14:57:49.716,190343272, 1349.3693923813385, 2001819, 71.49267616590382, 110240, 0, 0.0, 5, 
2019-12-04 14:57:50.741,218147304, 1358.870563173442, 2003287, 71.48526618880906, 110313, 0, 0.0, 5, 
2019-12-04 14:57:51.765,244759096, 1358.870563173442, 2004839, 71.48526618880906, 110379, 0, 0.0, 5, 
2019-12-04 14:57:52.793,271882792, 1358.870563173442, 2006283, 71.48526618880906, 110449, 0, 0.0, 5, 
2019-12-04 14:57:53.823,300984008, 1358.870563173442, 2007856, 71.48526618880906, 110523, 0, 0.0, 5, 
2019-12-04 14:57:54.845,326740808, 1358.870563173442, 2009303, 71.48526618880906, 110601, 0, 0.0, 5, 
2019-12-04 14:57:55.868,354521816, 1366.6685863857817, 2010760, 71.47844868077051, 110680, 0, 0.0, 5, 
2019-12-04 14:57:56.895,379195168, 1366.6685863857817, 2012210, 71.47844868077051, 110746, 0, 0.0, 5, 
2019-12-04 14:57:57.918,122523808, 1366.6685863857817, 2013624, 71.47844868077051, 110830, 0, 0.0, 5, 
2019-12-04 14:57:58.944,147472040, 1366.6685863857817, 2015098, 71.47844868077051, 110895, 0, 0.0, 5, 
2019-12-04 14:57:59.969,175608608, 1366.6685863857817, 2016602, 71.47844868077051, 110956, 0, 0.0, 5, 
2019-12-04 14:58:00.995,201482272, 1370.532952853099, 2017949, 71.12037169494698, 111034, 0, 0.0, 5, 
2019-12-04 14:58:02.021,227884056, 1370.532952853099, 2019385, 71.12037169494698, 111118, 0, 0.0, 5, 
2019-12-04 14:58:03.045,253814168, 1370.532952853099, 2020796, 71.12037169494698, 111188, 0, 0.0, 5, 
2019-12-04 14:58:04.068,276479392, 1370.532952853099, 2022076, 71.12037169494698, 111268, 0, 0.0, 5, 
2019-12-04 14:58:05.095,303559432, 1370.532952853099, 2023479, 71.12037169494698, 111347, 0, 0.0, 5, 
2019-12-04 14:58:06.127,328056176, 1369.0991131103046, 2024916, 71.6384541690619, 111429, 0, 0.0, 5, 
2019-12-04 14:58:07.151,355595440, 1369.0991131103046, 2026367, 71.6384541690619, 111501, 0, 0.0, 5, 
2019-12-04 14:58:08.175,380738192, 1369.0991131103046, 2027819, 71.6384541690619, 111563, 0, 0.0, 5, 
2019-12-04 14:58:09.198,122887936, 1369.0991131103046, 2029141, 71.6384541690619, 111625, 0, 0.0, 5, 
2019-12-04 14:58:10.224,149608560, 1370.5303890002244, 2030627, 71.42749502150085, 111701, 0, 0.0, 5, 
2019-12-04 14:58:11.249,175734720, 1370.5303890002244, 2032097, 71.42749502150085, 111777, 0, 0.0, 5, 
2019-12-04 14:58:12.272,204038496, 1370.5303890002244, 2033593, 71.42749502150085, 111854, 0, 0.0, 5, 
2019-12-04 14:58:13.299,230068704, 1370.5303890002244, 2035053, 71.42749502150085, 111938, 0, 0.0, 5, 
2019-12-04 14:58:14.322,256902224, 1370.5303890002244, 2036545, 71.42749502150085, 112021, 0, 0.0, 5, 
2019-12-04 14:58:15.347,282748880, 1375.3812632619229, 2037912, 72.06494132392739, 112101, 0, 0.0, 5, 
2019-12-04 14:58:16.376,308732968, 1375.3812632619229, 2039320, 72.06494132392739, 112171, 0, 0.0, 5, 
2019-12-04 14:58:17.4,335447536, 1375.3812632619229, 2040782, 72.06494132392739, 112232, 0, 0.0, 5, 
2019-12-04 14:58:18.422,360963728, 1375.3812632619229, 2042253, 72.06494132392739, 112308, 0, 0.0, 5, 
2019-12-04 14:58:19.45,387696880, 1375.3812632619229, 2043693, 72.06494132392739, 112385, 0, 0.0, 5, 
2019-12-04 14:58:20.473,127241152, 1378.4370647299436, 2045169, 71.88384661454253, 112471, 0, 0.0, 5, 
2019-12-04 14:58:21.498,154451720, 1378.4370647299436, 2046665, 71.88384661454253, 112553, 0, 0.0, 5, 
2019-12-04 14:58:22.531,183226024, 1378.4370647299436, 2048198, 71.88384661454253, 112636, 0, 0.0, 5, 
2019-12-04 14:58:23.561,210107216, 1378.4370647299436, 2049614, 71.88384661454253, 112712, 0, 0.0, 5, 
2019-12-04 14:58:24.587,235730832, 1378.4370647299436, 2051074, 71.88384661454253, 112790, 0, 0.0, 5, 
2019-12-04 14:58:25.611,262384584, 1382.879631744374, 2052560, 72.2609294191747, 112860, 0, 0.0, 5, 
2019-12-04 14:58:26.636,289236744, 1382.879631744374, 2054023, 72.2609294191747, 112934, 0, 0.0, 5, 
2019-12-04 14:58:27.66,314895576, 1382.879631744374, 2055484, 72.2609294191747, 113010, 0, 0.0, 5, 
2019-12-04 14:58:28.685,342446600, 1382.879631744374, 2056958, 72.2609294191747, 113073, 0, 0.0, 5, 
2019-12-04 14:58:29.709,369040200, 1382.879631744374, 2058415, 72.2609294191747, 113144, 0, 0.0, 5, 
2019-12-04 14:58:30.734,113161576, 1386.3113549125776, 2059872, 72.11213771813108, 113223, 0, 0.0, 5, 
2019-12-04 14:58:31.758,139209928, 1386.3113549125776, 2061341, 72.11213771813108, 113302, 0, 0.0, 5, 
2019-12-04 14:58:32.794,165871112, 1386.3113549125776, 2062792, 72.11213771813108, 113383, 0, 0.0, 5, 
2019-12-04 14:58:33.821,182088288, 1386.3113549125776, 2063652, 72.11213771813108, 113427, 0, 0.0, 5, 
2019-12-04 14:58:34.848,194347176, 1386.3113549125776, 2064153, 72.11213771813108, 113457, 0, 0.0, 5, 
2019-12-04 14:58:35.873,206139120, 1360.0930105808507, 2064651, 70.91982901774975, 113483, 0, 0.0, 5, 
