Timestamp, MemoryUsed, ReadLatency1, ReadCount, WriteLatency1, WriteCount, PendingTasks, WaitingOnCommit1, SRDelay, 
2019-12-04 14:54:43.621,236524048, 497.808109409636, 1711474, 27.48507542540171, 93435, 0, 0.0, 5, 
2019-12-04 14:54:44.819,258544144, 497.808109409636, 1712553, 27.48507542540171, 93483, 0, 0.0, 5, 
2019-12-04 14:54:45.862,276369936, 518.1161797011935, 1713400, 28.42174907733704, 93536, 0, 0.0, 5, 
2019-12-04 14:54:46.894,294195728, 518.1161797011935, 1714264, 28.42174907733704, 93579, 0, 0.0, 5, 
2019-12-04 14:54:47.931,315167248, 518.1161797011935, 1715353, 28.42174907733704, 93624, 0, 0.0, 5, 
2019-12-04 14:54:48.965,336138768, 518.1161797011935, 1716463, 28.42174907733704, 93690, 0, 0.0, 5, 
2019-12-04 14:54:49.999,357110288, 518.1161797011935, 1717598, 28.42174907733704, 93742, 0, 0.0, 5, 
2019-12-04 14:54:51.035,380178960, 555.2062820971704, 1718721, 30.115068526985628, 93808, 0, 0.0, 5, 
2019-12-04 14:54:52.062,401150480, 555.2062820971704, 1719878, 30.115068526985628, 93873, 0, 0.0, 5, 
2019-12-04 14:54:53.094,424219152, 555.2062820971704, 1721029, 30.115068526985628, 93942, 0, 0.0, 5, 
2019-12-04 14:54:54.12,446239248, 555.2062820971704, 1722168, 30.115068526985628, 94010, 0, 0.0, 5, 
2019-12-04 14:54:55.174,467210768, 599.2293251135084, 1723323, 32.84034917522989, 94073, 0, 0.0, 5, 
2019-12-04 14:54:56.201,487133712, 599.2293251135084, 1724370, 32.84034917522989, 94133, 0, 0.0, 5, 
2019-12-04 14:54:57.226,511250960, 599.2293251135084, 1725514, 32.84034917522989, 94187, 0, 0.0, 5, 
2019-12-04 14:54:58.269,534319632, 599.2293251135084, 1726699, 32.84034917522989, 94248, 0, 0.0, 5, 
2019-12-04 14:54:59.299,555291152, 599.2293251135084, 1727868, 32.84034917522989, 94300, 0, 0.0, 5, 
2019-12-04 14:55:00.328,576262672, 639.4766220824904, 1728971, 34.788039316349675, 94367, 0, 0.0, 5, 
2019-12-04 14:55:01.356,600379920, 639.4766220824904, 1730220, 34.788039316349675, 94427, 0, 0.0, 5, 
2019-12-04 14:55:02.384,623448592, 639.4766220824904, 1731355, 34.788039316349675, 94508, 0, 0.0, 5, 
2019-12-04 14:55:03.412,644420112, 639.4766220824904, 1732483, 34.788039316349675, 94570, 0, 0.0, 5, 
2019-12-04 14:55:04.446,667488784, 639.4766220824904, 1733699, 34.788039316349675, 94638, 0, 0.0, 5, 
2019-12-04 14:55:05.47,694751760, 680.8555067068949, 1734938, 37.18766320093267, 94693, 0, 0.0, 5, 
2019-12-04 14:55:06.497,717820432, 680.8555067068949, 1736147, 37.18766320093267, 94762, 0, 0.0, 5, 
2019-12-04 14:55:07.52,741937680, 680.8555067068949, 1737429, 37.18766320093267, 94822, 0, 0.0, 5, 
2019-12-04 14:55:08.544,766054928, 680.8555067068949, 1738708, 37.18766320093267, 94898, 0, 0.0, 5, 
2019-12-04 14:55:09.57,787026448, 680.8555067068949, 1739788, 37.18766320093267, 94956, 0, 0.0, 5, 
2019-12-04 14:55:10.595,163188672, 719.7254742428761, 1740921, 39.13956587996821, 95020, 0, 0.0, 5, 
2019-12-04 14:55:11.619,187305920, 719.7254742428761, 1742228, 39.13956587996821, 95092, 0, 0.0, 5, 
2019-12-04 14:55:12.644,210374592, 719.7254742428761, 1743477, 39.13956587996821, 95150, 0, 0.0, 5, 
2019-12-04 14:55:13.67,234491840, 719.7254742428761, 1744782, 39.13956587996821, 95215, 0, 0.0, 5, 
2019-12-04 14:55:14.694,257560512, 719.7254742428761, 1745979, 39.13956587996821, 95273, 0, 0.0, 5, 
2019-12-04 14:55:15.717,282726336, 760.0930124885298, 1747268, 40.99936750601141, 95341, 0, 0.0, 5, 
2019-12-04 14:55:16.749,307892160, 760.0930124885298, 1748617, 40.99936750601141, 95417, 0, 0.0, 5, 
2019-12-04 14:55:17.78,333057984, 760.0930124885298, 1749970, 40.99936750601141, 95482, 0, 0.0, 5, 
2019-12-04 14:55:18.805,357175232, 760.0930124885298, 1751328, 40.99936750601141, 95550, 0, 0.0, 5, 
2019-12-04 14:55:19.829,382341056, 760.0930124885298, 1752701, 40.99936750601141, 95627, 0, 0.0, 5, 
2019-12-04 14:55:20.856,408555456, 804.4929077354365, 1754118, 43.318130053188135, 95700, 0, 0.0, 5, 
2019-12-04 14:55:21.882,434769856, 804.4929077354365, 1755494, 43.318130053188135, 95772, 0, 0.0, 5, 
2019-12-04 14:55:22.916,462032832, 804.4929077354365, 1756912, 43.318130053188135, 95847, 0, 0.0, 5, 
2019-12-04 14:55:23.939,487198656, 804.4929077354365, 1758357, 43.318130053188135, 95915, 0, 0.0, 5, 
2019-12-04 14:55:24.963,513413056, 804.4929077354365, 1759783, 43.318130053188135, 95992, 0, 0.0, 5, 
2019-12-04 14:55:25.997,540676032, 850.2200740750912, 1761260, 45.467485700643884, 96068, 0, 0.0, 5, 
2019-12-04 14:55:27.02,565841856, 850.2200740750912, 1762650, 45.467485700643884, 96132, 0, 0.0, 5, 
2019-12-04 14:55:28.056,594153408, 850.2200740750912, 1764119, 45.467485700643884, 96210, 0, 0.0, 5, 
2019-12-04 14:55:29.08,621416384, 850.2200740750912, 1765529, 45.467485700643884, 96289, 0, 0.0, 5, 
2019-12-04 14:55:30.103,647630784, 893.282547321313, 1766915, 47.65287288110129, 96363, 0, 0.0, 5, 
2019-12-04 14:55:31.125,675942336, 893.282547321313, 1768432, 47.65287288110129, 96463, 0, 0.0, 5, 
2019-12-04 14:55:32.15,701108160, 893.282547321313, 1769838, 47.65287288110129, 96527, 0, 0.0, 5, 
2019-12-04 14:55:33.176,725225408, 893.282547321313, 1771080, 47.65287288110129, 96592, 0, 0.0, 5, 
2019-12-04 14:55:34.209,749342656, 893.282547321313, 1772351, 47.65287288110129, 96664, 0, 0.0, 5, 
2019-12-04 14:55:35.231,772411328, 926.6653996527114, 1773634, 49.66352615028366, 96726, 0, 0.0, 5, 
2019-12-04 14:55:36.257,156031760, 926.6653996527114, 1774748, 49.66352615028366, 96788, 0, 0.0, 5, 
2019-12-04 14:55:37.287,182246160, 926.6653996527114, 1776091, 49.66352615028366, 96855, 0, 0.0, 5, 
2019-12-04 14:55:38.323,206363408, 926.6653996527114, 1777418, 49.66352615028366, 96940, 0, 0.0, 5, 
2019-12-04 14:55:39.345,231529232, 926.6653996527114, 1778750, 49.66352615028366, 97003, 0, 0.0, 5, 
2019-12-04 14:55:40.374,257743632, 954.1169186014862, 1780159, 51.00170071397875, 97077, 0, 0.0, 5, 
2019-12-04 14:55:41.406,281860880, 954.1169186014862, 1781500, 51.00170071397875, 97137, 0, 0.0, 5, 
2019-12-04 14:55:42.438,318561040, 954.1169186014862, 1782873, 51.00170071397875, 97193, 0, 0.0, 5, 
2019-12-04 14:55:43.474,346872592, 954.1169186014862, 1784189, 51.00170071397875, 97261, 0, 0.0, 5, 
2019-12-04 14:55:44.502,369941264, 954.1169186014862, 1785506, 51.00170071397875, 97318, 0, 0.0, 5, 
2019-12-04 14:55:45.534,395107088, 981.7402206103694, 1786804, 51.705173883658986, 97388, 0, 0.0, 5, 
2019-12-04 14:55:46.563,420272912, 981.7402206103694, 1788254, 51.705173883658986, 97454, 0, 0.0, 5, 
2019-12-04 14:55:47.594,446487312, 981.7402206103694, 1789646, 51.705173883658986, 97519, 0, 0.0, 5, 
2019-12-04 14:55:48.629,471653136, 981.7402206103694, 1790960, 51.705173883658986, 97586, 0, 0.0, 5, 
2019-12-04 14:55:49.67,495770384, 981.7402206103694, 1792321, 51.705173883658986, 97650, 0, 0.0, 5, 
2019-12-04 14:55:50.702,521984784, 1008.5141302885631, 1793703, 52.60825831745104, 97727, 0, 0.0, 5, 
2019-12-04 14:55:51.727,547150608, 1008.5141302885631, 1795047, 52.60825831745104, 97786, 0, 0.0, 5, 
2019-12-04 14:55:52.758,576510736, 1008.5141302885631, 1796512, 52.60825831745104, 97861, 0, 0.0, 5, 
2019-12-04 14:55:53.79,602725136, 1008.5141302885631, 1797960, 52.60825831745104, 97930, 0, 0.0, 5, 
2019-12-04 14:55:54.815,628939536, 1008.5141302885631, 1799331, 52.60825831745104, 98007, 0, 0.0, 5, 
2019-12-04 14:55:55.842,655153936, 1037.1291044972347, 1800761, 54.03080743844311, 98078, 0, 0.0, 5, 
2019-12-04 14:55:56.869,681368336, 1037.1291044972347, 1802187, 54.03080743844311, 98159, 0, 0.0, 5, 
2019-12-04 14:55:57.894,708631312, 1037.1291044972347, 1803683, 54.03080743844311, 98241, 0, 0.0, 5, 
2019-12-04 14:55:58.919,731699984, 1037.1291044972347, 1804919, 54.03080743844311, 98307, 0, 0.0, 5, 
2019-12-04 14:55:59.948,756865808, 1037.1291044972347, 1806107, 54.03080743844311, 98365, 0, 0.0, 5, 
2019-12-04 14:56:00.976,780983056, 1059.282470136336, 1807462, 55.29164246052531, 98456, 0, 0.0, 5, 
2019-12-04 14:56:02.007,161329328, 1059.282470136336, 1808707, 55.29164246052531, 98527, 0, 0.0, 5, 
2019-12-04 14:56:03.031,188592304, 1059.282470136336, 1810178, 55.29164246052531, 98608, 0, 0.0, 5, 
2019-12-04 14:56:04.055,213758128, 1059.282470136336, 1811559, 55.29164246052531, 98686, 0, 0.0, 5, 
2019-12-04 14:56:05.085,241021104, 1081.775377911618, 1813002, 56.99536466088168, 98761, 0, 0.0, 5, 
2019-12-04 14:56:06.129,267235504, 1081.775377911618, 1814386, 56.99536466088168, 98831, 0, 0.0, 5, 
2019-12-04 14:56:07.154,292401328, 1081.775377911618, 1815759, 56.99536466088168, 98903, 0, 0.0, 5, 
2019-12-04 14:56:08.179,318615728, 1081.775377911618, 1817167, 56.99536466088168, 98977, 0, 0.0, 5, 
2019-12-04 14:56:09.208,344830128, 1081.775377911618, 1818585, 56.99536466088168, 99054, 0, 0.0, 5, 
2019-12-04 14:56:10.235,369995952, 1103.6851769766731, 1819953, 58.32299799928751, 99139, 0, 0.0, 5, 
2019-12-04 14:56:11.261,398307504, 1103.6851769766731, 1821452, 58.32299799928751, 99217, 0, 0.0, 5, 
2019-12-04 14:56:12.292,422424752, 1103.6851769766731, 1822815, 58.32299799928751, 99283, 0, 0.0, 5, 
2019-12-04 14:56:13.315,450736304, 1103.6851769766731, 1824204, 58.32299799928751, 99367, 0, 0.0, 5, 
2019-12-04 14:56:14.343,474853552, 1103.6851769766731, 1825493, 58.32299799928751, 99444, 0, 0.0, 5, 
2019-12-04 14:56:15.375,501067952, 1123.5553251247934, 1826835, 59.464524051592804, 99504, 0, 0.0, 5, 
2019-12-04 14:56:16.407,526233776, 1123.5553251247934, 1828275, 59.464524051592804, 99563, 0, 0.0, 5, 
2019-12-04 14:56:17.439,553496752, 1123.5553251247934, 1829751, 59.464524051592804, 99640, 0, 0.0, 5, 
2019-12-04 14:56:18.472,581808304, 1123.5553251247934, 1831184, 59.464524051592804, 99713, 0, 0.0, 5, 
2019-12-04 14:56:19.501,605925552, 1123.5553251247934, 1832628, 59.464524051592804, 99790, 0, 0.0, 5, 
2019-12-04 14:56:20.526,633188528, 1144.5232516147832, 1834109, 60.386849783577055, 99878, 0, 0.0, 5, 
2019-12-04 14:56:21.55,661500080, 1144.5232516147832, 1835526, 60.386849783577055, 99950, 0, 0.0, 5, 
2019-12-04 14:56:22.58,688763056, 1144.5232516147832, 1837033, 60.386849783577055, 100023, 0, 0.0, 5, 
2019-12-04 14:56:23.604,713928880, 1144.5232516147832, 1838451, 60.386849783577055, 100099, 0, 0.0, 5, 
2019-12-04 14:56:24.628,740143280, 1144.5232516147832, 1839763, 60.386849783577055, 100170, 0, 0.0, 5, 
2019-12-04 14:56:25.659,765309104, 1164.2304443121843, 1841218, 61.31538600712875, 100247, 0, 0.0, 5, 
2019-12-04 14:56:26.683,790474928, 1164.2304443121843, 1842606, 61.31538600712875, 100312, 0, 0.0, 5, 
2019-12-04 14:56:27.72,171740768, 1164.2304443121843, 1843957, 61.31538600712875, 100375, 0, 0.0, 5, 
2019-12-04 14:56:28.745,197955168, 1164.2304443121843, 1845332, 61.31538600712875, 100448, 0, 0.0, 5, 
2019-12-04 14:56:29.776,224169568, 1164.2304443121843, 1846783, 61.31538600712875, 100527, 0, 0.0, 5, 
2019-12-04 14:56:30.798,251432544, 1180.1871449593696, 1848239, 61.92981381727646, 100602, 0, 0.0, 5, 
2019-12-04 14:56:31.825,276598368, 1180.1871449593696, 1849671, 61.92981381727646, 100679, 0, 0.0, 5, 
2019-12-04 14:56:32.849,304909920, 1180.1871449593696, 1851183, 61.92981381727646, 100767, 0, 0.0, 5, 
2019-12-04 14:56:33.873,331124320, 1180.1871449593696, 1852600, 61.92981381727646, 100831, 0, 0.0, 5, 
2019-12-04 14:56:34.903,356290144, 1180.1871449593696, 1853989, 61.92981381727646, 100911, 0, 0.0, 5, 
2019-12-04 14:56:35.931,384601696, 1197.3626325292894, 1855384, 63.00683043856812, 100987, 0, 0.0, 5, 
2019-12-04 14:56:36.957,409767520, 1197.3626325292894, 1856783, 63.00683043856812, 101060, 0, 0.0, 5, 
2019-12-04 14:56:37.98,438079072, 1197.3626325292894, 1858297, 63.00683043856812, 101136, 0, 0.0, 5, 
2019-12-04 14:56:39.008,465342048, 1197.3626325292894, 1859792, 63.00683043856812, 101212, 0, 0.0, 5, 
2019-12-04 14:56:40.033,491556448, 1215.2916625073897, 1861230, 63.37407999955918, 101260, 0, 0.0, 5, 
2019-12-04 14:56:41.056,515673696, 1215.2916625073897, 1862533, 63.37407999955918, 101317, 0, 0.0, 5, 
2019-12-04 14:56:42.078,538742368, 1215.2916625073897, 1863772, 63.37407999955918, 101395, 0, 0.0, 5, 
2019-12-04 14:56:43.102,563908192, 1215.2916625073897, 1865125, 63.37407999955918, 101456, 0, 0.0, 5, 
2019-12-04 14:56:44.126,592219744, 1215.2916625073897, 1866391, 63.37407999955918, 101528, 0, 0.0, 5, 
2019-12-04 14:56:45.147,614239840, 1218.738414865968, 1867665, 63.60002808740513, 101597, 0, 0.0, 5, 
2019-12-04 14:56:46.169,641502816, 1218.738414865968, 1868974, 63.60002808740513, 101660, 0, 0.0, 5, 
2019-12-04 14:56:47.191,663522912, 1218.738414865968, 1870243, 63.60002808740513, 101734, 0, 0.0, 5, 
2019-12-04 14:56:48.22,689737312, 1218.738414865968, 1871584, 63.60002808740513, 101817, 0, 0.0, 5, 
2019-12-04 14:56:49.249,715951712, 1218.738414865968, 1872988, 63.60002808740513, 101889, 0, 0.0, 5, 
2019-12-04 14:56:50.273,741117536, 1225.4755992296207, 1874363, 64.19169717340321, 101959, 0, 0.0, 5, 
2019-12-04 14:56:51.302,767331936, 1225.4755992296207, 1875763, 64.19169717340321, 102036, 0, 0.0, 5, 
2019-12-04 14:56:52.334,792497760, 1225.4755992296207, 1877189, 64.19169717340321, 102128, 0, 0.0, 5, 
2019-12-04 14:56:53.363,177154608, 1225.4755992296207, 1878492, 64.19169717340321, 102190, 0, 0.0, 5, 
2019-12-04 14:56:54.396,201271856, 1225.4755992296207, 1879818, 64.19169717340321, 102250, 0, 0.0, 5, 
2019-12-04 14:56:55.424,226437680, 1233.7369621762907, 1881184, 64.7360590112846, 102326, 0, 0.0, 5, 
2019-12-04 14:56:56.447,250554928, 1233.7369621762907, 1882428, 64.7360590112846, 102383, 0, 0.0, 5, 
2019-12-04 14:56:57.474,273623600, 1233.7369621762907, 1883648, 64.7360590112846, 102451, 0, 0.0, 5, 
2019-12-04 14:56:58.507,299838000, 1233.7369621762907, 1885003, 64.7360590112846, 102514, 0, 0.0, 5, 
2019-12-04 14:56:59.531,328149552, 1233.7369621762907, 1886405, 64.7360590112846, 102577, 0, 0.0, 5, 
2019-12-04 14:57:00.557,354363952, 1236.9722080513613, 1887840, 64.61324251387343, 102652, 0, 0.0, 5, 
2019-12-04 14:57:01.581,379529776, 1236.9722080513613, 1889220, 64.61324251387343, 102719, 0, 0.0, 5, 
2019-12-04 14:57:02.615,403647024, 1236.9722080513613, 1890536, 64.61324251387343, 102783, 0, 0.0, 5, 
2019-12-04 14:57:03.638,428812848, 1236.9722080513613, 1891947, 64.61324251387343, 102852, 0, 0.0, 5, 
2019-12-04 14:57:04.669,455027248, 1236.9722080513613, 1893324, 64.61324251387343, 102917, 0, 0.0, 5, 
2019-12-04 14:57:05.693,481241648, 1246.4891448319938, 1894734, 64.67614816922143, 102979, 0, 0.0, 5, 
2019-12-04 14:57:06.715,508504624, 1246.4891448319938, 1896088, 64.67614816922143, 103045, 0, 0.0, 5, 
2019-12-04 14:57:07.74,533670448, 1246.4891448319938, 1897490, 64.67614816922143, 103115, 0, 0.0, 5, 
2019-12-04 14:57:08.764,559884848, 1246.4891448319938, 1898836, 64.67614816922143, 103185, 0, 0.0, 5, 
2019-12-04 14:57:09.797,582953520, 1246.4891448319938, 1900180, 64.67614816922143, 103242, 0, 0.0, 5, 
2019-12-04 14:57:10.823,609167920, 1253.134321907609, 1901536, 64.4781662928868, 103324, 0, 0.0, 5, 
2019-12-04 14:57:11.86,634333744, 1253.134321907609, 1902900, 64.4781662928868, 103398, 0, 0.0, 5, 
2019-12-04 14:57:12.883,659499568, 1253.134321907609, 1904309, 64.4781662928868, 103478, 0, 0.0, 5, 
2019-12-04 14:57:13.907,689908272, 1253.134321907609, 1905734, 64.4781662928868, 103546, 0, 0.0, 5, 
2019-12-04 14:57:14.932,716122672, 1253.134321907609, 1907231, 64.4781662928868, 103624, 0, 0.0, 5, 
2019-12-04 14:57:15.96,744434224, 1263.0060924726738, 1908701, 65.30345454903781, 103698, 0, 0.0, 5, 
2019-12-04 14:57:16.985,768551472, 1263.0060924726738, 1910007, 65.30345454903781, 103757, 0, 0.0, 5, 
2019-12-04 14:57:18.012,794765872, 1263.0060924726738, 1911428, 65.30345454903781, 103828, 0, 0.0, 5, 
2019-12-04 14:57:19.037,174989488, 1263.0060924726738, 1912777, 65.30345454903781, 103896, 0, 0.0, 5, 
2019-12-04 14:57:20.064,201203888, 1269.6898922824432, 1914137, 65.13527160926888, 103950, 0, 0.0, 5, 
2019-12-04 14:57:21.089,225321136, 1269.6898922824432, 1915450, 65.13527160926888, 104026, 0, 0.0, 5, 
2019-12-04 14:57:22.112,250486960, 1269.6898922824432, 1916812, 65.13527160926888, 104095, 0, 0.0, 5, 
2019-12-04 14:57:23.14,276701360, 1269.6898922824432, 1918284, 65.13527160926888, 104182, 0, 0.0, 5, 
2019-12-04 14:57:24.166,301867184, 1269.6898922824432, 1919684, 65.13527160926888, 104275, 0, 0.0, 5, 
2019-12-04 14:57:25.19,330178736, 1278.0940324733754, 1921185, 66.11590514716215, 104338, 0, 0.0, 5, 
2019-12-04 14:57:26.216,355344560, 1278.0940324733754, 1922626, 66.11590514716215, 104431, 0, 0.0, 5, 
2019-12-04 14:57:27.241,381558960, 1278.0940324733754, 1924010, 66.11590514716215, 104499, 0, 0.0, 5, 
2019-12-04 14:57:28.281,407773360, 1278.0940324733754, 1925447, 66.11590514716215, 104570, 0, 0.0, 5, 
2019-12-04 14:57:29.31,435036336, 1278.0940324733754, 1926908, 66.11590514716215, 104637, 0, 0.0, 5, 
2019-12-04 14:57:30.336,462299312, 1287.3933441890695, 1928364, 66.39447799060775, 104706, 0, 0.0, 5, 
2019-12-04 14:57:31.362,487465136, 1287.3933441890695, 1929789, 66.39447799060775, 104794, 0, 0.0, 5, 
2019-12-04 14:57:32.39,512630960, 1287.3933441890695, 1931136, 66.39447799060775, 104874, 0, 0.0, 5, 
2019-12-04 14:57:33.415,539893936, 1287.3933441890695, 1932586, 66.39447799060775, 104956, 0, 0.0, 5, 
2019-12-04 14:57:34.441,566108336, 1287.3933441890695, 1934028, 66.39447799060775, 105032, 0, 0.0, 5, 
2019-12-04 14:57:35.467,592322736, 1295.0216392026912, 1935488, 67.4663243500682, 105105, 0, 0.0, 5, 
2019-12-04 14:57:36.493,621682864, 1295.0216392026912, 1936844, 67.4663243500682, 105162, 0, 0.0, 5, 
2019-12-04 14:57:37.519,647897264, 1295.0216392026912, 1938267, 67.4663243500682, 105236, 0, 0.0, 5, 
2019-12-04 14:57:38.547,672014512, 1295.0216392026912, 1939652, 67.4663243500682, 105314, 0, 0.0, 5, 
2019-12-04 14:57:39.574,699277488, 1295.0216392026912, 1941100, 67.4663243500682, 105396, 0, 0.0, 5, 
2019-12-04 14:57:40.602,726540464, 1301.2564446864858, 1942502, 67.71687922102033, 105488, 0, 0.0, 5, 
2019-12-04 14:57:41.628,753803440, 1301.2564446864858, 1944007, 67.71687922102033, 105577, 0, 0.0, 5, 
2019-12-04 14:57:42.653,782114992, 1301.2564446864858, 1945520, 67.71687922102033, 105652, 0, 0.0, 5, 
2019-12-04 14:57:43.68,163624104, 1301.2564446864858, 1946884, 67.71687922102033, 105720, 0, 0.0, 5, 
2019-12-04 14:57:44.704,190887080, 1301.2564446864858, 1948396, 67.71687922102033, 105799, 0, 0.0, 5, 
2019-12-04 14:57:45.732,217101480, 1311.102459736204, 1949824, 68.61902774771171, 105879, 0, 0.0, 5, 
2019-12-04 14:57:46.757,243315880, 1311.102459736204, 1951238, 68.61902774771171, 105954, 0, 0.0, 5, 
2019-12-04 14:57:47.785,270578856, 1311.102459736204, 1952747, 68.61902774771171, 106018, 0, 0.0, 5, 
2019-12-04 14:57:48.811,296793256, 1311.102459736204, 1954192, 68.61902774771171, 106085, 0, 0.0, 5, 
2019-12-04 14:57:49.839,326153384, 1311.102459736204, 1955592, 68.61902774771171, 106168, 0, 0.0, 5, 
2019-12-04 14:57:50.862,354464936, 1318.785994820678, 1957081, 68.8733642461913, 106240, 0, 0.0, 5, 
2019-12-04 14:57:51.887,381727912, 1318.785994820678, 1958593, 68.8733642461913, 106320, 0, 0.0, 5, 
2019-12-04 14:57:52.912,406893736, 1318.785994820678, 1960019, 68.8733642461913, 106388, 0, 0.0, 5, 
2019-12-04 14:57:53.933,434156712, 1318.785994820678, 1961445, 68.8733642461913, 106461, 0, 0.0, 5, 
2019-12-04 14:57:54.956,458273960, 1318.785994820678, 1962777, 68.8733642461913, 106538, 0, 0.0, 5, 
2019-12-04 14:57:55.981,482391208, 1325.1195969743467, 1964156, 69.07538288690556, 106623, 0, 0.0, 5, 
2019-12-04 14:57:57.003,509654184, 1325.1195969743467, 1965587, 69.07538288690556, 106709, 0, 0.0, 5, 
2019-12-04 14:57:58.027,536917160, 1325.1195969743467, 1966987, 69.07538288690556, 106768, 0, 0.0, 5, 
2019-12-04 14:57:59.051,561034408, 1325.1195969743467, 1968414, 69.07538288690556, 106839, 0, 0.0, 5, 
2019-12-04 14:58:00.081,588297384, 1330.291156460274, 1969894, 69.26124900894571, 106904, 0, 0.0, 5, 
2019-12-04 14:58:01.114,614511784, 1330.291156460274, 1971280, 69.26124900894571, 106979, 0, 0.0, 5, 
2019-12-04 14:58:02.14,639677608, 1330.291156460274, 1972675, 69.26124900894571, 107042, 0, 0.0, 5, 
2019-12-04 14:58:03.163,665892008, 1330.291156460274, 1974014, 69.26124900894571, 107120, 0, 0.0, 5, 
2019-12-04 14:58:04.187,692106408, 1330.291156460274, 1975302, 69.26124900894571, 107185, 0, 0.0, 5, 
2019-12-04 14:58:05.215,716223656, 1330.3798146945771, 1976692, 68.93652946709938, 107240, 0, 0.0, 5, 
2019-12-04 14:58:06.244,743486632, 1330.3798146945771, 1978113, 68.93652946709938, 107318, 0, 0.0, 5, 
2019-12-04 14:58:07.268,769701032, 1330.3798146945771, 1979509, 68.93652946709938, 107394, 0, 0.0, 5, 
2019-12-04 14:58:08.304,794866856, 1330.3798146945771, 1980859, 68.93652946709938, 107473, 0, 0.0, 5, 
2019-12-04 14:58:09.329,177300232, 1330.3798146945771, 1982188, 68.93652946709938, 107544, 0, 0.0, 5, 
2019-12-04 14:58:10.352,203514632, 1331.3408956469364, 1983644, 69.2934088663422, 107619, 0, 0.0, 5, 
2019-12-04 14:58:11.375,228680456, 1331.3408956469364, 1985016, 69.2934088663422, 107691, 0, 0.0, 5, 
2019-12-04 14:58:12.399,255943432, 1331.3408956469364, 1986412, 69.2934088663422, 107771, 0, 0.0, 5, 
2019-12-04 14:58:13.422,282157832, 1331.3408956469364, 1987932, 69.2934088663422, 107864, 0, 0.0, 5, 
2019-12-04 14:58:14.448,310469384, 1331.3408956469364, 1989419, 69.2934088663422, 107962, 0, 0.0, 5, 
2019-12-04 14:58:15.471,337732360, 1337.678103731441, 1990898, 70.2773895643514, 108031, 0, 0.0, 5, 
2019-12-04 14:58:16.494,362898184, 1337.678103731441, 1992275, 70.2773895643514, 108101, 0, 0.0, 5, 
2019-12-04 14:58:17.519,389112584, 1337.678103731441, 1993712, 70.2773895643514, 108176, 0, 0.0, 5, 
2019-12-04 14:58:18.542,418472712, 1337.678103731441, 1995232, 70.2773895643514, 108258, 0, 0.0, 5, 
2019-12-04 14:58:19.568,444687112, 1337.678103731441, 1996685, 70.2773895643514, 108340, 0, 0.0, 5, 
2019-12-04 14:58:20.596,472998664, 1344.6599770632713, 1998184, 70.62300641206308, 108420, 0, 0.0, 5, 
2019-12-04 14:58:21.623,500261640, 1344.6599770632713, 1999664, 70.62300641206308, 108498, 0, 0.0, 5, 
2019-12-04 14:58:22.646,525427464, 1344.6599770632713, 2001011, 70.62300641206308, 108571, 0, 0.0, 5, 
2019-12-04 14:58:23.668,552690440, 1344.6599770632713, 2002453, 70.62300641206308, 108646, 0, 0.0, 5, 
2019-12-04 14:58:24.69,577856264, 1344.6599770632713, 2003855, 70.62300641206308, 108740, 0, 0.0, 5, 
2019-12-04 14:58:25.717,606167816, 1348.6369697135283, 2005237, 71.2608116038847, 108801, 0, 0.0, 5, 
2019-12-04 14:58:26.743,632382216, 1348.6369697135283, 2006685, 71.2608116038847, 108883, 0, 0.0, 5, 
2019-12-04 14:58:27.769,658596616, 1348.6369697135283, 2008139, 71.2608116038847, 108960, 0, 0.0, 5, 
2019-12-04 14:58:28.792,683762440, 1348.6369697135283, 2009472, 71.2608116038847, 109047, 0, 0.0, 5, 
2019-12-04 14:58:29.823,709976840, 1348.6369697135283, 2010814, 71.2608116038847, 109115, 0, 0.0, 5, 
2019-12-04 14:58:30.847,737239816, 1349.3536140467784, 2012314, 71.39986943016599, 109182, 0, 0.0, 5, 
2019-12-04 14:58:31.872,761357064, 1349.3536140467784, 2013695, 71.39986943016599, 109262, 0, 0.0, 5, 
2019-12-04 14:58:32.896,788620040, 1349.3536140467784, 2014982, 71.39986943016599, 109336, 0, 0.0, 5, 
2019-12-04 14:58:33.932,155081200, 1349.3536140467784, 2015718, 71.39986943016599, 109374, 0, 0.0, 5, 
2019-12-04 14:58:34.956,165566960, 1349.3536140467784, 2016179, 71.39986943016599, 109399, 0, 0.0, 5, 
2019-12-04 14:58:35.98,177101296, 1323.0519352758683, 2016654, 70.00865268450373, 109431, 0, 0.0, 5, 
2019-12-04 14:58:37.005,187587056, 1323.0519352758683, 2017149, 70.00865268450373, 109457, 0, 0.0, 5, 
2019-12-04 14:58:38.041,199121392, 1323.0519352758683, 2017615, 70.00865268450373, 109486, 0, 0.0, 5, 
2019-12-04 14:58:39.065,208558576, 1323.0519352758683, 2018063, 70.00865268450373, 109511, 0, 0.0, 5, 
2019-12-04 14:58:40.09,219044336, 1254.2380059904806, 2018565, 66.64982626848078, 109541, 0, 0.0, 5, 
2019-12-04 14:58:41.114,230578672, 1254.2380059904806, 2019068, 66.64982626848078, 109573, 0, 0.0, 5, 
2019-12-04 14:58:42.14,242113008, 1254.2380059904806, 2019551, 66.64982626848078, 109597, 0, 0.0, 5, 
2019-12-04 14:58:43.164,252598768, 1254.2380059904806, 2020035, 66.64982626848078, 109624, 0, 0.0, 5, 
2019-12-04 14:58:44.188,264133104, 1254.2380059904806, 2020523, 66.64982626848078, 109643, 0, 0.0, 5, 
2019-12-04 14:58:45.211,274618864, 1192.2853796540637, 2021014, 63.36766337981983, 109673, 0, 0.0, 5, 
2019-12-04 14:58:46.237,286153200, 1192.2853796540637, 2021515, 63.36766337981983, 109707, 0, 0.0, 5, 
2019-12-04 14:58:47.261,296638960, 1192.2853796540637, 2021986, 63.36766337981983, 109734, 0, 0.0, 5, 
2019-12-04 14:58:48.285,308173296, 1192.2853796540637, 2022459, 63.36766337981983, 109759, 0, 0.0, 5, 
2019-12-04 14:58:49.31,317610480, 1192.2853796540637, 2022942, 63.36766337981983, 109786, 0, 0.0, 5, 
2019-12-04 14:58:50.334,328096240, 1134.5186382020675, 2023408, 60.39590109742606, 109809, 0, 0.0, 5, 
2019-12-04 14:58:51.36,340679152, 1134.5186382020675, 2023922, 60.39590109742606, 109827, 0, 0.0, 5, 
2019-12-04 14:58:52.385,352213488, 1134.5186382020675, 2024414, 60.39590109742606, 109854, 0, 0.0, 5, 
2019-12-04 14:58:53.411,362699248, 1134.5186382020675, 2024904, 60.39590109742606, 109878, 0, 0.0, 5, 
2019-12-04 14:58:54.436,373185008, 1134.5186382020675, 2025383, 60.39590109742606, 109901, 0, 0.0, 5, 
2019-12-04 14:58:55.459,384719344, 1082.4420752217893, 2025884, 57.37390770056916, 109923, 0, 0.0, 5, 
2019-12-04 14:58:56.483,396253680, 1082.4420752217893, 2026426, 57.37390770056916, 109944, 0, 0.0, 5, 
2019-12-04 14:58:57.516,406739440, 1082.4420752217893, 2026918, 57.37390770056916, 109966, 0, 0.0, 5, 
2019-12-04 14:58:58.542,416176624, 1082.4420752217893, 2027356, 57.37390770056916, 109977, 0, 0.0, 5, 
2019-12-04 14:58:59.569,427710960, 1082.4420752217893, 2027848, 57.37390770056916, 109999, 0, 0.0, 5, 
2019-12-04 14:59:00.594,438196720, 1033.9856263381714, 2028330, 54.35367279863224, 110024, 0, 0.0, 5, 
2019-12-04 14:59:01.618,447633904, 1033.9856263381714, 2028820, 54.35367279863224, 110041, 0, 0.0, 5, 
2019-12-04 14:59:02.642,460216816, 1033.9856263381714, 2029305, 54.35367279863224, 110061, 0, 0.0, 5, 
2019-12-04 14:59:03.679,470702576, 1033.9856263381714, 2029784, 54.35367279863224, 110101, 0, 0.0, 5, 
2019-12-04 14:59:04.703,482236912, 1033.9856263381714, 2030280, 54.35367279863224, 110121, 0, 0.0, 5, 
2019-12-04 14:59:05.731,492722672, 989.2436300192861, 2030783, 51.926727121867614, 110146, 0, 0.0, 5, 
2019-12-04 14:59:06.77,503208432, 989.2436300192861, 2031216, 51.926727121867614, 110177, 0, 0.0, 5, 
2019-12-04 14:59:07.799,514742768, 989.2436300192861, 2031720, 51.926727121867614, 110211, 0, 0.0, 5, 
2019-12-04 14:59:08.826,525228528, 989.2436300192861, 2032208, 51.926727121867614, 110234, 0, 0.0, 5, 
2019-12-04 14:59:09.849,535714288, 989.2436300192861, 2032692, 51.926727121867614, 110256, 0, 0.0, 5, 
2019-12-04 14:59:10.877,547248624, 947.5832815774319, 2033194, 49.805767126870485, 110275, 0, 0.0, 5, 
2019-12-04 14:59:11.9,557734384, 947.5832815774319, 2033667, 49.805767126870485, 110304, 0, 0.0, 5, 
2019-12-04 14:59:12.924,571365872, 947.5832815774319, 2034129, 49.805767126870485, 110335, 0, 0.0, 5, 
2019-12-04 14:59:13.956,581851632, 947.5832815774319, 2034639, 49.805767126870485, 110355, 0, 0.0, 5, 
2019-12-04 14:59:14.979,592337392, 947.5832815774319, 2035110, 49.805767126870485, 110387, 0, 0.0, 5, 
2019-12-04 14:59:16.003,602823152, 909.4937774381044, 2035612, 47.88637196396941, 110400, 0, 0.0, 5, 
2019-12-04 14:59:17.027,614357488, 909.4937774381044, 2036102, 47.88637196396941, 110427, 0, 0.0, 5, 
2019-12-04 14:59:18.055,624843248, 909.4937774381044, 2036597, 47.88637196396941, 110445, 0, 0.0, 5, 
2019-12-04 14:59:19.08,636377584, 909.4937774381044, 2037085, 47.88637196396941, 110480, 0, 0.0, 5, 
2019-12-04 14:59:20.105,646863344, 875.073395464607, 2037560, 46.00850534535679, 110512, 0, 0.0, 5, 
2019-12-04 14:59:21.13,658397680, 875.073395464607, 2038057, 46.00850534535679, 110534, 0, 0.0, 5, 
2019-12-04 14:59:22.159,668883440, 875.073395464607, 2038551, 46.00850534535679, 110562, 0, 0.0, 5, 
2019-12-04 14:59:23.187,680417776, 875.073395464607, 2039027, 46.00850534535679, 110578, 0, 0.0, 5, 
2019-12-04 14:59:24.215,689854960, 875.073395464607, 2039472, 46.00850534535679, 110605, 0, 0.0, 5, 
2019-12-04 14:59:25.241,702437872, 842.5256038414053, 2039979, 44.104882363667905, 110627, 0, 0.0, 5, 
2019-12-04 14:59:26.267,712923632, 842.5256038414053, 2040479, 44.104882363667905, 110654, 0, 0.0, 5, 
2019-12-04 14:59:27.297,723409392, 842.5256038414053, 2040923, 44.104882363667905, 110678, 0, 0.0, 5, 
2019-12-04 14:59:28.322,732846576, 842.5256038414053, 2041387, 44.104882363667905, 110718, 0, 0.0, 5, 
2019-12-04 14:59:29.347,743332336, 842.5256038414053, 2041846, 44.104882363667905, 110748, 0, 0.0, 5, 
2019-12-04 14:59:30.372,755915248, 811.7806340962528, 2042343, 42.86518041817736, 110773, 0, 0.0, 5, 
2019-12-04 14:59:31.397,765352432, 811.7806340962528, 2042805, 42.86518041817736, 110805, 0, 0.0, 5, 
2019-12-04 14:59:32.423,777935344, 811.7806340962528, 2043314, 42.86518041817736, 110827, 0, 0.0, 5, 
2019-12-04 14:59:33.449,790518256, 811.7806340962528, 2043825, 42.86518041817736, 110846, 0, 0.0, 5, 
2019-12-04 14:59:34.475,161442184, 811.7806340962528, 2044310, 42.86518041817736, 110873, 0, 0.0, 5, 
2019-12-04 14:59:35.501,172976520, 785.540759389767, 2044810, 41.4207683430151, 110901, 0, 0.0, 5, 
2019-12-04 14:59:36.528,183462280, 785.540759389767, 2045301, 41.4207683430151, 110924, 0, 0.0, 5, 
2019-12-04 14:59:37.553,193948040, 785.540759389767, 2045749, 41.4207683430151, 110951, 0, 0.0, 5, 
2019-12-04 14:59:38.579,205482376, 785.540759389767, 2046212, 41.4207683430151, 110974, 0, 0.0, 5, 
2019-12-04 14:59:39.611,217016712, 785.540759389767, 2046745, 41.4207683430151, 111007, 0, 0.0, 5, 
2019-12-04 14:59:40.637,227502472, 760.7112911913038, 2047254, 40.18779178328373, 111029, 0, 0.0, 5, 
2019-12-04 14:59:41.663,237988232, 760.7112911913038, 2047707, 40.18779178328373, 111057, 0, 0.0, 5, 
2019-12-04 14:59:42.688,248473992, 760.7112911913038, 2048208, 40.18779178328373, 111089, 0, 0.0, 5, 
2019-12-04 14:59:43.715,260008328, 760.7112911913038, 2048690, 40.18779178328373, 111115, 0, 0.0, 5, 
2019-12-04 14:59:44.746,271542664, 760.7112911913038, 2049188, 40.18779178328373, 111141, 0, 0.0, 5, 
2019-12-04 14:59:45.771,282028424, 737.7071664863498, 2049652, 39.03740746905987, 111172, 0, 0.0, 5, 
2019-12-04 14:59:46.796,292514184, 737.7071664863498, 2050140, 39.03740746905987, 111198, 0, 0.0, 5, 
2019-12-04 14:59:47.821,304048520, 737.7071664863498, 2050622, 39.03740746905987, 111217, 0, 0.0, 5, 
2019-12-04 14:59:48.847,313485704, 737.7071664863498, 2051114, 39.03740746905987, 111241, 0, 0.0, 5, 
2019-12-04 14:59:49.871,326068616, 737.7071664863498, 2051599, 39.03740746905987, 111261, 0, 0.0, 5, 
2019-12-04 14:59:50.9,335505800, 716.5423500381205, 2052080, 37.80310051826553, 111287, 0, 0.0, 5, 
2019-12-04 14:59:51.926,345991560, 716.5423500381205, 2052572, 37.80310051826553, 111313, 0, 0.0, 5, 
2019-12-04 14:59:52.949,358574472, 716.5423500381205, 2053050, 37.80310051826553, 111327, 0, 0.0, 5, 
2019-12-04 14:59:53.978,369060232, 716.5423500381205, 2053547, 37.80310051826553, 111350, 0, 0.0, 5, 
2019-12-04 14:59:55.002,380594568, 716.5423500381205, 2054012, 37.80310051826553, 111382, 0, 0.0, 5, 
2019-12-04 14:59:56.035,391080328, 696.7339654197156, 2054496, 36.667483302249046, 111406, 0, 0.0, 5, 
2019-12-04 14:59:57.059,401566088, 696.7339654197156, 2054965, 36.667483302249046, 111424, 0, 0.0, 5, 
2019-12-04 14:59:58.086,413100424, 696.7339654197156, 2055459, 36.667483302249046, 111442, 0, 0.0, 5, 
2019-12-04 14:59:59.11,423586184, 696.7339654197156, 2055898, 36.667483302249046, 111468, 0, 0.0, 5, 
2019-12-04 15:00:00.138,433023368, 677.3100380081625, 2056343, 35.47874497182897, 111496, 0, 0.0, 5, 
2019-12-04 15:00:01.163,443509128, 677.3100380081625, 2056820, 35.47874497182897, 111521, 0, 0.0, 5, 
2019-12-04 15:00:02.186,455043464, 677.3100380081625, 2057321, 35.47874497182897, 111548, 0, 0.0, 5, 
2019-12-04 15:00:03.208,465529224, 677.3100380081625, 2057786, 35.47874497182897, 111576, 0, 0.0, 5, 
2019-12-04 15:00:04.232,477063560, 677.3100380081625, 2058264, 35.47874497182897, 111598, 0, 0.0, 5, 
2019-12-04 15:00:05.259,486500744, 660.4785846928164, 2058719, 34.67289301780462, 111627, 0, 0.0, 5, 
2019-12-04 15:00:06.283,496986504, 660.4785846928164, 2059194, 34.67289301780462, 111648, 0, 0.0, 5, 
2019-12-04 15:00:07.308,508520840, 660.4785846928164, 2059692, 34.67289301780462, 111670, 0, 0.0, 5, 
2019-12-04 15:00:08.333,519006600, 660.4785846928164, 2060127, 34.67289301780462, 111684, 0, 0.0, 5, 
2019-12-04 15:00:09.36,529492360, 660.4785846928164, 2060591, 34.67289301780462, 111716, 0, 0.0, 5, 
2019-12-04 15:00:10.385,539978120, 644.3212731628244, 2061066, 33.755571140670895, 111742, 0, 0.0, 5, 
2019-12-04 15:00:11.412,548366728, 644.3212731628244, 2061533, 33.755571140670895, 111772, 0, 0.0, 5, 
2019-12-04 15:00:12.448,560949640, 644.3212731628244, 2062034, 33.755571140670895, 111795, 0, 0.0, 5, 
2019-12-04 15:00:13.474,572483976, 644.3212731628244, 2062529, 33.755571140670895, 111823, 0, 0.0, 5, 
2019-12-04 15:00:14.5,584018312, 644.3212731628244, 2063048, 33.755571140670895, 111845, 0, 0.0, 5, 
2019-12-04 15:00:15.526,596601224, 630.8630472367532, 2063553, 33.119478793160496, 111877, 0, 0.0, 5, 
2019-12-04 15:00:16.55,607086984, 630.8630472367532, 2064034, 33.119478793160496, 111906, 0, 0.0, 5, 
2019-12-04 15:00:17.577,618621320, 630.8630472367532, 2064546, 33.119478793160496, 111932, 0, 0.0, 5, 
2019-12-04 15:00:18.6,630155656, 630.8630472367532, 2065042, 33.119478793160496, 111958, 0, 0.0, 5, 
2019-12-04 15:00:19.625,639592840, 630.8630472367532, 2065536, 33.119478793160496, 111979, 0, 0.0, 5, 
2019-12-04 15:00:20.649,652175752, 618.8486773353569, 2066025, 32.53424558164509, 112006, 0, 0.0, 5, 
2019-12-04 15:00:21.677,662661512, 618.8486773353569, 2066521, 32.53424558164509, 112030, 0, 0.0, 5, 
2019-12-04 15:00:22.704,673147272, 618.8486773353569, 2067010, 32.53424558164509, 112061, 0, 0.0, 5, 
2019-12-04 15:00:23.728,683633032, 618.8486773353569, 2067476, 32.53424558164509, 112095, 0, 0.0, 5, 
2019-12-04 15:00:24.754,694118792, 618.8486773353569, 2067958, 32.53424558164509, 112120, 0, 0.0, 5, 
2019-12-04 15:00:25.778,704604552, 607.4910921878782, 2068434, 32.04377838535717, 112145, 0, 0.0, 5, 
2019-12-04 15:00:26.802,715090312, 607.4910921878782, 2068927, 32.04377838535717, 112178, 0, 0.0, 5, 
2019-12-04 15:00:27.828,726624648, 607.4910921878782, 2069405, 32.04377838535717, 112198, 0, 0.0, 5, 
2019-12-04 15:00:28.853,738158984, 607.4910921878782, 2069875, 32.04377838535717, 112217, 0, 0.0, 5, 
2019-12-04 15:00:29.883,748644744, 607.4910921878782, 2070336, 32.04377838535717, 112240, 0, 0.0, 5, 
2019-12-04 15:00:30.91,760179080, 596.0021867994445, 2070848, 31.38464225888981, 112263, 0, 0.0, 5, 
2019-12-04 15:00:31.933,769616264, 596.0021867994445, 2071342, 31.38464225888981, 112289, 0, 0.0, 5, 
2019-12-04 15:00:32.956,780102024, 596.0021867994445, 2071794, 31.38464225888981, 112312, 0, 0.0, 5, 
2019-12-04 15:00:33.982,791636360, 596.0021867994445, 2072289, 31.38464225888981, 112330, 0, 0.0, 5, 
2019-12-04 15:00:35.009,162843816, 596.0021867994445, 2072765, 31.38464225888981, 112359, 0, 0.0, 5, 
2019-12-04 15:00:36.034,173329576, 586.1674749520216, 2073244, 30.7302343960307, 112386, 0, 0.0, 5, 
2019-12-04 15:00:37.071,183815336, 586.1674749520216, 2073740, 30.7302343960307, 112428, 0, 0.0, 5, 
2019-12-04 15:00:38.097,196398248, 586.1674749520216, 2074247, 30.7302343960307, 112449, 0, 0.0, 5, 
2019-12-04 15:00:39.122,205835432, 586.1674749520216, 2074726, 30.7302343960307, 112475, 0, 0.0, 5, 
2019-12-04 15:00:40.15,218418344, 577.3109966522009, 2075212, 30.527928023771043, 112503, 0, 0.0, 5, 
2019-12-04 15:00:41.176,227855528, 577.3109966522009, 2075669, 30.527928023771043, 112530, 0, 0.0, 5, 
2019-12-04 15:00:42.203,238341288, 577.3109966522009, 2076120, 30.527928023771043, 112560, 0, 0.0, 5, 
2019-12-04 15:00:43.228,263507112, 577.3109966522009, 2076612, 30.527928023771043, 112587, 0, 0.0, 5, 
2019-12-04 15:00:44.255,275041448, 577.3109966522009, 2077091, 30.527928023771043, 112618, 0, 0.0, 5, 
2019-12-04 15:00:45.286,285527208, 567.9153361273826, 2077562, 30.277832707633085, 112645, 0, 0.0, 5, 
2019-12-04 15:00:46.311,294964392, 567.9153361273826, 2078017, 30.277832707633085, 112664, 0, 0.0, 5, 
2019-12-04 15:00:47.339,305450152, 567.9153361273826, 2078481, 30.277832707633085, 112696, 0, 0.0, 5, 
2019-12-04 15:00:48.363,315935912, 567.9153361273826, 2078931, 30.277832707633085, 112719, 0, 0.0, 5, 
2019-12-04 15:00:49.39,326421672, 567.9153361273826, 2079394, 30.277832707633085, 112740, 0, 0.0, 5, 
2019-12-04 15:00:50.416,336907432, 558.2474796470256, 2079870, 29.791876035709233, 112767, 0, 0.0, 5, 
2019-12-04 15:00:51.446,347393192, 558.2474796470256, 2080347, 29.791876035709233, 112793, 0, 0.0, 5, 
2019-12-04 15:00:52.474,358927528, 558.2474796470256, 2080836, 29.791876035709233, 112817, 0, 0.0, 5, 
2019-12-04 15:00:53.499,369413288, 558.2474796470256, 2081285, 29.791876035709233, 112844, 0, 0.0, 5, 
2019-12-04 15:00:54.524,379899048, 558.2474796470256, 2081783, 29.791876035709233, 112875, 0, 0.0, 5, 
2019-12-04 15:00:55.549,390384808, 550.8397961787298, 2082231, 29.536667718843468, 112899, 0, 0.0, 5, 
2019-12-04 15:00:56.573,401919144, 550.8397961787298, 2082718, 29.536667718843468, 112920, 0, 0.0, 5, 
2019-12-04 15:00:57.599,414502056, 550.8397961787298, 2083168, 29.536667718843468, 112937, 0, 0.0, 5, 
2019-12-04 15:00:58.623,424987816, 550.8397961787298, 2083672, 29.536667718843468, 112958, 0, 0.0, 5, 
2019-12-04 15:00:59.652,436522152, 550.8397961787298, 2084175, 29.536667718843468, 112990, 0, 0.0, 5, 
2019-12-04 15:01:00.677,445959336, 544.0883628466788, 2084625, 28.966051273787325, 113018, 0, 0.0, 5, 
2019-12-04 15:01:01.702,457493672, 544.0883628466788, 2085105, 28.966051273787325, 113049, 0, 0.0, 5, 
2019-12-04 15:01:02.725,469028008, 544.0883628466788, 2085604, 28.966051273787325, 113075, 0, 0.0, 5, 
2019-12-04 15:01:03.756,479513768, 544.0883628466788, 2086093, 28.966051273787325, 113105, 0, 0.0, 5, 
2019-12-04 15:01:04.779,489999528, 544.0883628466788, 2086569, 28.966051273787325, 113131, 0, 0.0, 5, 
2019-12-04 15:01:05.809,500485288, 538.1326021919693, 2087055, 28.840836727471167, 113159, 0, 0.0, 5, 
2019-12-04 15:01:06.831,510971048, 538.1326021919693, 2087507, 28.840836727471167, 113181, 0, 0.0, 5, 
2019-12-04 15:01:07.857,521456808, 538.1326021919693, 2087993, 28.840836727471167, 113204, 0, 0.0, 5, 
2019-12-04 15:01:08.879,531942568, 538.1326021919693, 2088452, 28.840836727471167, 113230, 0, 0.0, 5, 
2019-12-04 15:01:09.903,542428328, 538.1326021919693, 2088899, 28.840836727471167, 113247, 0, 0.0, 5, 
2019-12-04 15:01:10.925,552914088, 531.389739617878, 2089402, 28.293873622500985, 113272, 0, 0.0, 5, 
2019-12-04 15:01:11.95,564448424, 531.389739617878, 2089887, 28.293873622500985, 113295, 0, 0.0, 5, 
2019-12-04 15:01:12.976,573885608, 531.389739617878, 2090333, 28.293873622500985, 113320, 0, 0.0, 5, 
2019-12-04 15:01:14.001,585419944, 531.389739617878, 2090831, 28.293873622500985, 113346, 0, 0.0, 5, 
2019-12-04 15:01:15.024,596954280, 527.056967265646, 2091345, 27.934563326432077, 113369, 0, 0.0, 5, 
2019-12-04 15:01:16.047,607440040, 527.056967265646, 2091817, 27.934563326432077, 113394, 0, 0.0, 5, 
2019-12-04 15:01:17.073,618974376, 527.056967265646, 2092325, 27.934563326432077, 113423, 0, 0.0, 5, 
2019-12-04 15:01:18.102,629460136, 527.056967265646, 2092803, 27.934563326432077, 113446, 0, 0.0, 5, 
2019-12-04 15:01:19.129,643091624, 527.056967265646, 2093258, 27.934563326432077, 113473, 0, 0.0, 5, 
2019-12-04 15:01:20.155,652528808, 522.6548552191871, 2093769, 27.603981895415068, 113492, 0, 0.0, 5, 
2019-12-04 15:01:21.18,664063144, 522.6548552191871, 2094276, 27.603981895415068, 113516, 0, 0.0, 5, 
2019-12-04 15:01:22.204,674548904, 522.6548552191871, 2094749, 27.603981895415068, 113552, 0, 0.0, 5, 
2019-12-04 15:01:23.233,686083240, 522.6548552191871, 2095240, 27.603981895415068, 113578, 0, 0.0, 5, 
2019-12-04 15:01:24.26,697617576, 522.6548552191871, 2095744, 27.603981895415068, 113601, 0, 0.0, 5, 
2019-12-04 15:01:25.285,707054760, 519.0524678963458, 2096188, 27.42776123282078, 113626, 0, 0.0, 5, 
2019-12-04 15:01:26.309,718589096, 519.0524678963458, 2096664, 27.42776123282078, 113649, 0, 0.0, 5, 
2019-12-04 15:01:27.34,729074856, 519.0524678963458, 2097149, 27.42776123282078, 113678, 0, 0.0, 5, 
2019-12-04 15:01:28.409,739560616, 519.0524678963458, 2097661, 27.42776123282078, 113697, 0, 0.0, 5, 
2019-12-04 15:01:29.434,750046376, 519.0524678963458, 2098140, 27.42776123282078, 113726, 0, 0.0, 5, 
2019-12-04 15:01:30.458,760532136, 514.3628754922587, 2098596, 27.393559333051716, 113764, 0, 0.0, 5, 
2019-12-04 15:01:31.483,773115048, 514.3628754922587, 2099122, 27.393559333051716, 113787, 0, 0.0, 5, 
2019-12-04 15:01:32.507,783600808, 514.3628754922587, 2099613, 27.393559333051716, 113815, 0, 0.0, 5, 
2019-12-04 15:01:33.538,794086568, 514.3628754922587, 2100090, 27.393559333051716, 113845, 0, 0.0, 5, 
2019-12-04 15:01:34.563,161844944, 514.3628754922587, 2100599, 27.393559333051716, 113872, 0, 0.0, 5, 
2019-12-04 15:01:35.586,173379280, 511.96717624288647, 2101101, 27.330109832051203, 113896, 0, 0.0, 5, 
2019-12-04 15:01:36.62,183865040, 511.96717624288647, 2101554, 27.330109832051203, 113929, 0, 0.0, 5, 
2019-12-04 15:01:37.645,195399376, 511.96717624288647, 2102068, 27.330109832051203, 113947, 0, 0.0, 5, 
2019-12-04 15:01:38.67,204836560, 511.96717624288647, 2102556, 27.330109832051203, 113967, 0, 0.0, 5, 
2019-12-04 15:01:39.695,217419472, 511.96717624288647, 2103046, 27.330109832051203, 114004, 0, 0.0, 5, 
2019-12-04 15:01:40.721,228953808, 509.17135519762684, 2103527, 27.223760121822256, 114033, 0, 0.0, 5, 
2019-12-04 15:01:41.748,239439568, 509.17135519762684, 2104011, 27.223760121822256, 114058, 0, 0.0, 5, 
2019-12-04 15:01:42.773,250973904, 509.17135519762684, 2104527, 27.223760121822256, 114083, 0, 0.0, 5, 
2019-12-04 15:01:43.799,262508240, 509.17135519762684, 2105013, 27.223760121822256, 114121, 0, 0.0, 5, 
2019-12-04 15:01:44.826,271945424, 509.17135519762684, 2105516, 27.223760121822256, 114144, 0, 0.0, 5, 
2019-12-04 15:01:45.851,284528336, 507.14277364115327, 2105990, 27.221860367373477, 114171, 0, 0.0, 5, 
2019-12-04 15:01:46.894,293965520, 507.14277364115327, 2106486, 27.221860367373477, 114201, 0, 0.0, 5, 
2019-12-04 15:01:47.927,305499856, 507.14277364115327, 2106963, 27.221860367373477, 114233, 0, 0.0, 5, 
2019-12-04 15:01:48.952,317034192, 507.14277364115327, 2107478, 27.221860367373477, 114261, 0, 0.0, 5, 
2019-12-04 15:01:49.977,327519952, 507.14277364115327, 2107955, 27.221860367373477, 114296, 0, 0.0, 5, 
2019-12-04 15:01:51.009,336957136, 504.2689481348291, 2108439, 27.3960147967192, 114325, 0, 0.0, 5, 
2019-12-04 15:01:52.034,348491472, 504.2689481348291, 2108919, 27.3960147967192, 114356, 0, 0.0, 5, 
2019-12-04 15:01:53.06,360025808, 504.2689481348291, 2109403, 27.3960147967192, 114387, 0, 0.0, 5, 
2019-12-04 15:01:54.088,370511568, 504.2689481348291, 2109895, 27.3960147967192, 114410, 0, 0.0, 5, 
2019-12-04 15:01:55.114,382045904, 501.33706092178187, 2110349, 27.476289021351015, 114441, 0, 0.0, 5, 
2019-12-04 15:01:56.14,392531664, 501.33706092178187, 2110838, 27.476289021351015, 114473, 0, 0.0, 5, 
2019-12-04 15:01:57.165,403017424, 501.33706092178187, 2111340, 27.476289021351015, 114495, 0, 0.0, 5, 
2019-12-04 15:01:58.19,414551760, 501.33706092178187, 2111794, 27.476289021351015, 114514, 0, 0.0, 5, 
2019-12-04 15:01:59.217,427134672, 501.33706092178187, 2112253, 27.476289021351015, 114555, 0, 0.0, 5, 
2019-12-04 15:02:00.241,437620432, 498.3037810085378, 2112720, 27.470189287991538, 114581, 0, 0.0, 5, 
2019-12-04 15:02:01.264,447057616, 498.3037810085378, 2113220, 27.470189287991538, 114604, 0, 0.0, 5, 
2019-12-04 15:02:02.295,459640528, 498.3037810085378, 2113689, 27.470189287991538, 114632, 0, 0.0, 5, 
2019-12-04 15:02:03.318,470126288, 498.3037810085378, 2114188, 27.470189287991538, 114658, 0, 0.0, 5, 
2019-12-04 15:02:04.343,481660624, 498.3037810085378, 2114688, 27.470189287991538, 114681, 0, 0.0, 5, 
2019-12-04 15:02:05.376,492146384, 496.5044780249467, 2115172, 27.2726838574938, 114705, 0, 0.0, 5, 
2019-12-04 15:02:06.402,502632144, 496.5044780249467, 2115649, 27.2726838574938, 114732, 0, 0.0, 5, 
2019-12-04 15:02:07.428,514166480, 496.5044780249467, 2116165, 27.2726838574938, 114753, 0, 0.0, 5, 
2019-12-04 15:02:08.46,524652240, 496.5044780249467, 2116673, 27.2726838574938, 114781, 0, 0.0, 5, 
2019-12-04 15:02:09.483,535138000, 496.5044780249467, 2117153, 27.2726838574938, 114806, 0, 0.0, 5, 
2019-12-04 15:02:10.509,546672336, 495.1528705890763, 2117631, 26.96304115271231, 114829, 0, 0.0, 5, 
2019-12-04 15:02:11.534,557158096, 495.1528705890763, 2118121, 26.96304115271231, 114842, 0, 0.0, 5, 
2019-12-04 15:02:12.558,568692432, 495.1528705890763, 2118620, 26.96304115271231, 114861, 0, 0.0, 5, 
2019-12-04 15:02:13.583,580226768, 495.1528705890763, 2119111, 26.96304115271231, 114885, 0, 0.0, 5, 
2019-12-04 15:02:14.608,590712528, 495.1528705890763, 2119613, 26.96304115271231, 114905, 0, 0.0, 5, 
2019-12-04 15:02:15.633,601198288, 493.89334059985816, 2120098, 26.32635153601641, 114932, 0, 0.0, 5, 
2019-12-04 15:02:16.656,613781200, 493.89334059985816, 2120588, 26.32635153601641, 114955, 0, 0.0, 5, 
2019-12-04 15:02:17.678,624266960, 493.89334059985816, 2121079, 26.32635153601641, 114982, 0, 0.0, 5, 
2019-12-04 15:02:18.704,633704144, 493.89334059985816, 2121548, 26.32635153601641, 115005, 0, 0.0, 5, 
2019-12-04 15:02:19.728,645238480, 493.89334059985816, 2122041, 26.32635153601641, 115025, 0, 0.0, 5, 
2019-12-04 15:02:20.753,656772816, 492.51064142918204, 2122545, 26.076382268879705, 115044, 0, 0.0, 5, 
2019-12-04 15:02:21.78,668307152, 492.51064142918204, 2123012, 26.076382268879705, 115063, 0, 0.0, 5, 
2019-12-04 15:02:22.806,678792912, 492.51064142918204, 2123497, 26.076382268879705, 115077, 0, 0.0, 5, 
2019-12-04 15:02:23.834,689278672, 492.51064142918204, 2123943, 26.076382268879705, 115103, 0, 0.0, 5, 
2019-12-04 15:02:24.858,698715856, 492.51064142918204, 2124412, 26.076382268879705, 115130, 0, 0.0, 5, 
2019-12-04 15:02:25.883,710250192, 489.9751985312322, 2124867, 25.68648827008024, 115158, 0, 0.0, 5, 
2019-12-04 15:02:26.905,720735952, 489.9751985312322, 2125371, 25.68648827008024, 115188, 0, 0.0, 5, 
2019-12-04 15:02:27.928,730173136, 489.9751985312322, 2125831, 25.68648827008024, 115202, 0, 0.0, 5, 
2019-12-04 15:02:28.955,742756048, 489.9751985312322, 2126337, 25.68648827008024, 115226, 0, 0.0, 5, 
2019-12-04 15:02:29.979,753241808, 489.9751985312322, 2126819, 25.68648827008024, 115250, 0, 0.0, 5, 
2019-12-04 15:02:31.004,764776144, 488.2661320202531, 2127282, 25.551644113225194, 115275, 0, 0.0, 5, 
2019-12-04 15:02:32.028,774213328, 488.2661320202531, 2127752, 25.551644113225194, 115306, 0, 0.0, 5, 
2019-12-04 15:02:33.052,784699088, 488.2661320202531, 2128200, 25.551644113225194, 115330, 0, 0.0, 5, 
2019-12-04 15:02:34.08,155629056, 488.2661320202531, 2128702, 25.551644113225194, 115364, 0, 0.0, 5, 
2019-12-04 15:02:35.104,166114816, 486.2619547615951, 2129188, 25.619474904754934, 115386, 0, 0.0, 5, 
2019-12-04 15:02:36.128,177649152, 486.2619547615951, 2129692, 25.619474904754934, 115414, 0, 0.0, 5, 
2019-12-04 15:02:37.152,189183488, 486.2619547615951, 2130195, 25.619474904754934, 115430, 0, 0.0, 5, 
2019-12-04 15:02:38.174,199669248, 486.2619547615951, 2130668, 25.619474904754934, 115466, 0, 0.0, 5, 
2019-12-04 15:02:39.199,211203584, 486.2619547615951, 2131142, 25.619474904754934, 115492, 0, 0.0, 5, 
2019-12-04 15:02:40.227,221689344, 485.6653298006223, 2131644, 25.521971074900403, 115509, 0, 0.0, 5, 
2019-12-04 15:02:41.251,232175104, 485.6653298006223, 2132130, 25.521971074900403, 115527, 0, 0.0, 5, 
2019-12-04 15:02:42.276,244758016, 485.6653298006223, 2132639, 25.521971074900403, 115555, 0, 0.0, 5, 
2019-12-04 15:02:43.299,255243776, 485.6653298006223, 2133107, 25.521971074900403, 115580, 0, 0.0, 5, 
2019-12-04 15:02:44.325,267826688, 485.6653298006223, 2133621, 25.521971074900403, 115609, 0, 0.0, 5, 
2019-12-04 15:02:45.349,278312448, 485.0684349864284, 2134087, 25.304334284244693, 115627, 0, 0.0, 5, 
2019-12-04 15:02:46.381,288798208, 485.0684349864284, 2134570, 25.304334284244693, 115644, 0, 0.0, 5, 
2019-12-04 15:02:47.413,299283968, 485.0684349864284, 2135046, 25.304334284244693, 115671, 0, 0.0, 5, 
2019-12-04 15:02:48.437,309769728, 485.0684349864284, 2135506, 25.304334284244693, 115692, 0, 0.0, 5, 
2019-12-04 15:02:49.463,320255488, 485.0684349864284, 2135948, 25.304334284244693, 115712, 0, 0.0, 5, 
2019-12-04 15:02:50.487,330741248, 482.6483045488342, 2136429, 24.992160951065106, 115739, 0, 0.0, 5, 
2019-12-04 15:02:51.513,341227008, 482.6483045488342, 2136926, 24.992160951065106, 115766, 0, 0.0, 5, 
2019-12-04 15:02:52.544,352761344, 482.6483045488342, 2137401, 24.992160951065106, 115796, 0, 0.0, 5, 
2019-12-04 15:02:53.569,363247104, 482.6483045488342, 2137880, 24.992160951065106, 115826, 0, 0.0, 5, 
2019-12-04 15:02:54.605,373732864, 482.6483045488342, 2138359, 24.992160951065106, 115849, 0, 0.0, 5, 
2019-12-04 15:02:55.631,385267200, 481.90885094494587, 2138845, 25.088734429256256, 115872, 0, 0.0, 5, 
2019-12-04 15:02:56.656,395752960, 481.90885094494587, 2139331, 25.088734429256256, 115889, 0, 0.0, 5, 
2019-12-04 15:02:57.682,406238720, 481.90885094494587, 2139783, 25.088734429256256, 115922, 0, 0.0, 5, 
2019-12-04 15:02:58.705,416724480, 481.90885094494587, 2140280, 25.088734429256256, 115939, 0, 0.0, 5, 
2019-12-04 15:02:59.731,428258816, 481.90885094494587, 2140779, 25.088734429256256, 115960, 0, 0.0, 5, 
2019-12-04 15:03:00.754,438744576, 481.14856520144025, 2141285, 24.777808391613966, 115987, 0, 0.0, 5, 
2019-12-04 15:03:01.779,450278912, 481.14856520144025, 2141770, 24.777808391613966, 116007, 0, 0.0, 5, 
2019-12-04 15:03:02.804,451327488, 481.14856520144025, 2141791, 24.777808391613966, 116009, 0, 0.0, 5, 
2019-12-04 15:03:03.85,452376064, 481.14856520144025, 2141791, 24.777808391613966, 116009, 0, 0.0, 5, 
2019-12-04 15:03:04.877,453424640, 481.14856520144025, 2141791, 24.777808391613966, 116009, 0, 0.0, 5, 
