Timestamp, MemoryUsed, ReadLatency1, ReadCount, WriteLatency1, WriteCount, PendingTasks, WaitingOnCommit1, SRDelay, 
2019-12-04 14:54:43.81,112756392, 515.460870708731, 1751172, 27.386642134802795, 96980, 0, 0.0, 5, 
2019-12-04 14:54:44.854,131082240, 515.460870708731, 1752093, 27.386642134802795, 97025, 0, 0.0, 5, 
2019-12-04 14:54:45.887,147417112, 537.3798252642221, 1752925, 28.762946239109578, 97071, 0, 0.0, 5, 
2019-12-04 14:54:46.921,166011776, 537.3798252642221, 1753836, 28.762946239109578, 97115, 0, 0.0, 5, 
2019-12-04 14:54:47.957,186848040, 537.3798252642221, 1754988, 28.762946239109578, 97170, 0, 0.0, 5, 
2019-12-04 14:54:48.992,208656440, 537.3798252642221, 1756106, 28.762946239109578, 97214, 0, 0.0, 5, 
2019-12-04 14:54:50.026,231382904, 537.3798252642221, 1757305, 28.762946239109578, 97272, 0, 0.0, 5, 
2019-12-04 14:54:51.055,254967480, 576.0159771981419, 1758480, 30.253082782146343, 97331, 0, 0.0, 5, 
2019-12-04 14:54:52.085,276561232, 576.0159771981419, 1759682, 30.253082782146343, 97407, 0, 0.0, 5, 
2019-12-04 14:54:53.113,299873760, 576.0159771981419, 1760891, 30.253082782146343, 97479, 0, 0.0, 5, 
2019-12-04 14:54:54.162,321226928, 576.0159771981419, 1762065, 30.253082782146343, 97541, 0, 0.0, 5, 
2019-12-04 14:54:55.194,345197904, 622.7087615883871, 1763294, 33.03129288812628, 97605, 0, 0.0, 5, 
2019-12-04 14:54:56.219,365263320, 622.7087615883871, 1764404, 33.03129288812628, 97660, 0, 0.0, 5, 
2019-12-04 14:54:57.262,105602576, 622.7087615883871, 1765627, 33.03129288812628, 97711, 0, 0.0, 5, 
2019-12-04 14:54:58.292,128059728, 622.7087615883871, 1766822, 33.03129288812628, 97785, 0, 0.0, 5, 
2019-12-04 14:54:59.32,150291088, 622.7087615883871, 1768043, 33.03129288812628, 97853, 0, 0.0, 5, 
2019-12-04 14:55:00.349,170016296, 663.717280787079, 1769134, 34.96371601290858, 97895, 0, 0.0, 5, 
2019-12-04 14:55:01.377,194535552, 663.717280787079, 1770416, 34.96371601290858, 97967, 0, 0.0, 5, 
2019-12-04 14:55:02.403,217215216, 663.717280787079, 1771655, 34.96371601290858, 98025, 0, 0.0, 5, 
2019-12-04 14:55:03.43,241444408, 663.717280787079, 1772904, 34.96371601290858, 98086, 0, 0.0, 5, 
2019-12-04 14:55:04.464,262942264, 663.717280787079, 1774112, 34.96371601290858, 98140, 0, 0.0, 5, 
2019-12-04 14:55:05.49,286340488, 707.6514932528191, 1775363, 36.91753340338057, 98212, 0, 0.0, 5, 
2019-12-04 14:55:06.514,309506200, 707.6514932528191, 1776615, 36.91753340338057, 98288, 0, 0.0, 5, 
2019-12-04 14:55:07.538,334370560, 707.6514932528191, 1777895, 36.91753340338057, 98355, 0, 0.0, 5, 
2019-12-04 14:55:08.562,357483712, 707.6514932528191, 1779140, 36.91753340338057, 98414, 0, 0.0, 5, 
2019-12-04 14:55:09.588,379876272, 707.6514932528191, 1780271, 36.91753340338057, 98487, 0, 0.0, 5, 
2019-12-04 14:55:10.611,115649176, 745.4503768429033, 1781419, 39.242839044136424, 98550, 0, 0.0, 5, 
2019-12-04 14:55:11.637,139724768, 745.4503768429033, 1782729, 39.242839044136424, 98634, 0, 0.0, 5, 
2019-12-04 14:55:12.663,164442248, 745.4503768429033, 1784038, 39.242839044136424, 98709, 0, 0.0, 5, 
2019-12-04 14:55:13.686,187655008, 745.4503768429033, 1785339, 39.242839044136424, 98773, 0, 0.0, 5, 
2019-12-04 14:55:14.711,212726696, 745.4503768429033, 1786616, 39.242839044136424, 98853, 0, 0.0, 5, 
2019-12-04 14:55:15.742,236255192, 786.2396885890591, 1787884, 42.08583266248187, 98926, 0, 0.0, 5, 
2019-12-04 14:55:16.772,260636608, 786.2396885890591, 1789184, 42.08583266248187, 98996, 0, 0.0, 5, 
2019-12-04 14:55:17.799,284426912, 786.2396885890591, 1790532, 42.08583266248187, 99071, 0, 0.0, 5, 
2019-12-04 14:55:18.822,308944544, 786.2396885890591, 1791904, 42.08583266248187, 99152, 0, 0.0, 5, 
2019-12-04 14:55:19.846,334810640, 786.2396885890591, 1793309, 42.08583266248187, 99234, 0, 0.0, 5, 
2019-12-04 14:55:20.872,360272456, 827.3976506135128, 1794686, 44.54160189112605, 99308, 0, 0.0, 5, 
2019-12-04 14:55:21.905,106399784, 827.3976506135128, 1796175, 44.54160189112605, 99382, 0, 0.0, 5, 
2019-12-04 14:55:22.933,132488792, 827.3976506135128, 1797706, 44.54160189112605, 99461, 0, 0.0, 5, 
2019-12-04 14:55:23.956,159562504, 827.3976506135128, 1799229, 44.54160189112605, 99528, 0, 0.0, 5, 
2019-12-04 14:55:24.989,186202136, 827.3976506135128, 1800728, 44.54160189112605, 99605, 0, 0.0, 5, 
2019-12-04 14:55:26.014,211860528, 877.0822392094232, 1802134, 46.75304530233629, 99679, 0, 0.0, 5, 
2019-12-04 14:55:27.05,238179200, 877.0822392094232, 1803565, 46.75304530233629, 99751, 0, 0.0, 5, 
2019-12-04 14:55:28.073,265858992, 877.0822392094232, 1805058, 46.75304530233629, 99819, 0, 0.0, 5, 
2019-12-04 14:55:29.096,292000432, 877.0822392094232, 1806477, 46.75304530233629, 99896, 0, 0.0, 5, 
2019-12-04 14:55:30.118,318526776, 877.0822392094232, 1807955, 46.75304530233629, 99962, 0, 0.0, 5, 
2019-12-04 14:55:31.143,345788504, 919.7719463132346, 1809458, 48.61176917327359, 100045, 0, 0.0, 5, 
2019-12-04 14:55:32.169,371603056, 919.7719463132346, 1810863, 48.61176917327359, 100131, 0, 0.0, 5, 
2019-12-04 14:55:33.195,112572664, 919.7719463132346, 1812227, 48.61176917327359, 100206, 0, 0.0, 5, 
2019-12-04 14:55:34.226,137526080, 919.7719463132346, 1813563, 48.61176917327359, 100288, 0, 0.0, 5, 
2019-12-04 14:55:35.248,161508632, 954.410948944759, 1814878, 50.99350460618134, 100364, 0, 0.0, 5, 
2019-12-04 14:55:36.28,184680848, 954.410948944759, 1816047, 50.99350460618134, 100426, 0, 0.0, 5, 
2019-12-04 14:55:37.316,207534240, 954.410948944759, 1817337, 50.99350460618134, 100491, 0, 0.0, 5, 
2019-12-04 14:55:38.339,233431232, 954.410948944759, 1818698, 50.99350460618134, 100563, 0, 0.0, 5, 
2019-12-04 14:55:39.363,257935672, 954.410948944759, 1820119, 50.99350460618134, 100636, 0, 0.0, 5, 
2019-12-04 14:55:40.398,283868528, 980.7794255707208, 1821494, 52.209348846830615, 100714, 0, 0.0, 5, 
2019-12-04 14:55:41.429,310332352, 980.7794255707208, 1822945, 52.209348846830615, 100790, 0, 0.0, 5, 
2019-12-04 14:55:42.464,334283944, 980.7794255707208, 1824304, 52.209348846830615, 100869, 0, 0.0, 5, 
2019-12-04 14:55:43.495,359312704, 980.7794255707208, 1825655, 52.209348846830615, 100947, 0, 0.0, 5, 
2019-12-04 14:55:44.528,385856792, 980.7794255707208, 1827050, 52.209348846830615, 101025, 0, 0.0, 5, 
2019-12-04 14:55:45.55,126060200, 1009.2772412373668, 1828342, 54.06357093490943, 101080, 0, 0.0, 5, 
2019-12-04 14:55:46.584,151975536, 1009.2772412373668, 1829784, 54.06357093490943, 101166, 0, 0.0, 5, 
2019-12-04 14:55:47.62,179437560, 1009.2772412373668, 1831256, 54.06357093490943, 101240, 0, 0.0, 5, 
2019-12-04 14:55:48.662,203373560, 1009.2772412373668, 1832591, 54.06357093490943, 101315, 0, 0.0, 5, 
2019-12-04 14:55:49.695,229570464, 1009.2772412373668, 1834017, 54.06357093490943, 101384, 0, 0.0, 5, 
2019-12-04 14:55:50.72,253453832, 1036.3280354584554, 1835309, 55.35376856660115, 101461, 0, 0.0, 5, 
2019-12-04 14:55:51.743,280009480, 1036.3280354584554, 1836771, 55.35376856660115, 101531, 0, 0.0, 5, 
2019-12-04 14:55:52.781,307090336, 1036.3280354584554, 1838197, 55.35376856660115, 101609, 0, 0.0, 5, 
2019-12-04 14:55:53.807,333088792, 1036.3280354584554, 1839659, 55.35376856660115, 101687, 0, 0.0, 5, 
2019-12-04 14:55:54.837,359140064, 1036.3280354584554, 1841056, 55.35376856660115, 101788, 0, 0.0, 5, 
2019-12-04 14:55:55.863,383517040, 1063.4387328661599, 1842472, 57.21243460852078, 101859, 0, 0.0, 5, 
2019-12-04 14:55:56.886,126725304, 1063.4387328661599, 1843902, 57.21243460852078, 101932, 0, 0.0, 5, 
2019-12-04 14:55:57.911,155673768, 1063.4387328661599, 1845411, 57.21243460852078, 102019, 0, 0.0, 5, 
2019-12-04 14:55:58.937,177460048, 1063.4387328661599, 1846604, 57.21243460852078, 102097, 0, 0.0, 5, 
2019-12-04 14:55:59.967,201381560, 1063.4387328661599, 1847907, 57.21243460852078, 102168, 0, 0.0, 5, 
2019-12-04 14:56:01.0,229203480, 1085.1675640609228, 1849437, 58.65064092878983, 102248, 0, 0.0, 5, 
2019-12-04 14:56:02.024,254000008, 1085.1675640609228, 1850773, 58.65064092878983, 102309, 0, 0.0, 5, 
2019-12-04 14:56:03.048,280586352, 1085.1675640609228, 1852276, 58.65064092878983, 102395, 0, 0.0, 5, 
2019-12-04 14:56:04.077,307615672, 1085.1675640609228, 1853772, 58.65064092878983, 102457, 0, 0.0, 5, 
2019-12-04 14:56:05.122,335333512, 1085.1675640609228, 1855270, 58.65064092878983, 102528, 0, 0.0, 5, 
2019-12-04 14:56:06.147,360789368, 1112.8187989165988, 1856657, 59.47812999153976, 102590, 0, 0.0, 5, 
2019-12-04 14:56:07.171,106053760, 1112.8187989165988, 1858158, 59.47812999153976, 102661, 0, 0.0, 5, 
2019-12-04 14:56:08.198,131053752, 1112.8187989165988, 1859607, 59.47812999153976, 102723, 0, 0.0, 5, 
2019-12-04 14:56:09.228,158158688, 1112.8187989165988, 1861088, 59.47812999153976, 102814, 0, 0.0, 5, 
2019-12-04 14:56:10.253,185031872, 1136.8839270347917, 1862529, 60.447341203853455, 102897, 0, 0.0, 5, 
2019-12-04 14:56:11.285,210355032, 1136.8839270347917, 1863884, 60.447341203853455, 102971, 0, 0.0, 5, 
2019-12-04 14:56:12.309,236414112, 1136.8839270347917, 1865310, 60.447341203853455, 103046, 0, 0.0, 5, 
2019-12-04 14:56:13.336,262382440, 1136.8839270347917, 1866754, 60.447341203853455, 103136, 0, 0.0, 5, 
2019-12-04 14:56:14.361,288679024, 1136.8839270347917, 1868134, 60.447341203853455, 103205, 0, 0.0, 5, 
2019-12-04 14:56:15.398,314665648, 1155.730743630002, 1869539, 61.67487202489562, 103288, 0, 0.0, 5, 
2019-12-04 14:56:16.432,354250640, 1155.730743630002, 1870992, 61.67487202489562, 103359, 0, 0.0, 5, 
2019-12-04 14:56:17.462,381737848, 1155.730743630002, 1872488, 61.67487202489562, 103448, 0, 0.0, 5, 
2019-12-04 14:56:18.491,123009952, 1155.730743630002, 1873894, 61.67487202489562, 103525, 0, 0.0, 5, 
2019-12-04 14:56:19.517,151959968, 1155.730743630002, 1875361, 61.67487202489562, 103601, 0, 0.0, 5, 
2019-12-04 14:56:20.543,178699720, 1176.2688753867956, 1876881, 62.82024601765495, 103677, 0, 0.0, 5, 
2019-12-04 14:56:21.573,203872504, 1176.2688753867956, 1878315, 62.82024601765495, 103731, 0, 0.0, 5, 
2019-12-04 14:56:22.597,229435936, 1176.2688753867956, 1879733, 62.82024601765495, 103817, 0, 0.0, 5, 
2019-12-04 14:56:23.621,257753376, 1176.2688753867956, 1881231, 62.82024601765495, 103885, 0, 0.0, 5, 
2019-12-04 14:56:24.652,282964488, 1176.2688753867956, 1882657, 62.82024601765495, 103967, 0, 0.0, 5, 
2019-12-04 14:56:25.677,308850000, 1194.477250762367, 1884092, 63.570209737946286, 104051, 0, 0.0, 5, 
2019-12-04 14:56:26.714,337084544, 1194.477250762367, 1885540, 63.570209737946286, 104135, 0, 0.0, 5, 
2019-12-04 14:56:27.738,363014152, 1194.477250762367, 1886927, 63.570209737946286, 104208, 0, 0.0, 5, 
2019-12-04 14:56:28.768,107776808, 1194.477250762367, 1888387, 63.570209737946286, 104283, 0, 0.0, 5, 
2019-12-04 14:56:29.792,135244280, 1194.477250762367, 1889941, 63.570209737946286, 104356, 0, 0.0, 5, 
2019-12-04 14:56:30.817,162661208, 1213.4045567482178, 1891462, 64.48408530901285, 104442, 0, 0.0, 5, 
2019-12-04 14:56:31.843,188154424, 1213.4045567482178, 1892893, 64.48408530901285, 104528, 0, 0.0, 5, 
2019-12-04 14:56:32.867,215434128, 1213.4045567482178, 1894409, 64.48408530901285, 104607, 0, 0.0, 5, 
2019-12-04 14:56:33.897,241870776, 1213.4045567482178, 1895867, 64.48408530901285, 104688, 0, 0.0, 5, 
2019-12-04 14:56:34.924,265912584, 1213.4045567482178, 1897174, 64.48408530901285, 104764, 0, 0.0, 5, 
2019-12-04 14:56:35.949,289489544, 1227.972100065284, 1898506, 65.66070488239566, 104824, 0, 0.0, 5, 
2019-12-04 14:56:36.973,316752592, 1227.972100065284, 1899998, 65.66070488239566, 104908, 0, 0.0, 5, 
2019-12-04 14:56:38.001,344255480, 1227.972100065284, 1901483, 65.66070488239566, 104980, 0, 0.0, 5, 
2019-12-04 14:56:39.026,372026160, 1227.972100065284, 1903040, 65.66070488239566, 105063, 0, 0.0, 5, 
2019-12-04 14:56:40.049,114924832, 1227.972100065284, 1904537, 65.66070488239566, 105141, 0, 0.0, 5, 
2019-12-04 14:56:41.071,138910072, 1244.892932685331, 1905888, 66.26351363680601, 105195, 0, 0.0, 5, 
2019-12-04 14:56:42.097,163289784, 1244.892932685331, 1907186, 66.26351363680601, 105272, 0, 0.0, 5, 
2019-12-04 14:56:43.119,187592120, 1244.892932685331, 1908507, 66.26351363680601, 105346, 0, 0.0, 5, 
2019-12-04 14:56:44.14,211359048, 1244.892932685331, 1909762, 66.26351363680601, 105422, 0, 0.0, 5, 
2019-12-04 14:56:45.163,236358640, 1248.0197611446058, 1911095, 66.54627547413061, 105493, 0, 0.0, 5, 
2019-12-04 14:56:46.184,260147152, 1248.0197611446058, 1912393, 66.54627547413061, 105571, 0, 0.0, 5, 
2019-12-04 14:56:47.209,286051848, 1248.0197611446058, 1913827, 66.54627547413061, 105642, 0, 0.0, 5, 
2019-12-04 14:56:48.242,311900408, 1248.0197611446058, 1915228, 66.54627547413061, 105714, 0, 0.0, 5, 
2019-12-04 14:56:49.265,338924680, 1248.0197611446058, 1916636, 66.54627547413061, 105790, 0, 0.0, 5, 
2019-12-04 14:56:50.294,364846472, 1257.8207358971663, 1918117, 67.0622867964176, 105873, 0, 0.0, 5, 
2019-12-04 14:56:51.326,107573800, 1257.8207358971663, 1919490, 67.0622867964176, 105941, 0, 0.0, 5, 
2019-12-04 14:56:52.35,135608392, 1257.8207358971663, 1920973, 67.0622867964176, 106019, 0, 0.0, 5, 
2019-12-04 14:56:53.387,159691992, 1257.8207358971663, 1922307, 67.0622867964176, 106089, 0, 0.0, 5, 
2019-12-04 14:56:54.417,184259144, 1257.8207358971663, 1923697, 67.0622867964176, 106164, 0, 0.0, 5, 
2019-12-04 14:56:55.441,210096800, 1264.9351250443603, 1925071, 67.44109342892841, 106236, 0, 0.0, 5, 
2019-12-04 14:56:56.469,233606624, 1264.9351250443603, 1926310, 67.44109342892841, 106308, 0, 0.0, 5, 
2019-12-04 14:56:57.5,258369408, 1264.9351250443603, 1927637, 67.44109342892841, 106375, 0, 0.0, 5, 
2019-12-04 14:56:58.524,285667968, 1264.9351250443603, 1929091, 67.44109342892841, 106449, 0, 0.0, 5, 
2019-12-04 14:56:59.55,310435272, 1264.9351250443603, 1930519, 67.44109342892841, 106534, 0, 0.0, 5, 
2019-12-04 14:57:00.575,337063792, 1270.4092741987688, 1931915, 67.77362123832039, 106598, 0, 0.0, 5, 
2019-12-04 14:57:01.609,363422104, 1270.4092741987688, 1933414, 67.77362123832039, 106676, 0, 0.0, 5, 
2019-12-04 14:57:02.632,387160320, 1270.4092741987688, 1934726, 67.77362123832039, 106760, 0, 0.0, 5, 
2019-12-04 14:57:03.661,130140680, 1270.4092741987688, 1936187, 67.77362123832039, 106834, 0, 0.0, 5, 
2019-12-04 14:57:04.686,156618392, 1270.4092741987688, 1937619, 67.77362123832039, 106902, 0, 0.0, 5, 
2019-12-04 14:57:05.709,181110112, 1279.7633361631463, 1939036, 68.12753494328281, 106957, 0, 0.0, 5, 
2019-12-04 14:57:06.732,208367456, 1279.7633361631463, 1940547, 68.12753494328281, 107049, 0, 0.0, 5, 
2019-12-04 14:57:07.757,235662104, 1279.7633361631463, 1942036, 68.12753494328281, 107124, 0, 0.0, 5, 
2019-12-04 14:57:08.79,261050384, 1279.7633361631463, 1943440, 68.12753494328281, 107189, 0, 0.0, 5, 
2019-12-04 14:57:09.816,287280240, 1279.7633361631463, 1944913, 68.12753494328281, 107260, 0, 0.0, 5, 
2019-12-04 14:57:10.853,314405600, 1291.2958630521355, 1946330, 68.21328451468223, 107331, 0, 0.0, 5, 
2019-12-04 14:57:11.877,339960888, 1291.2958630521355, 1947774, 68.21328451468223, 107395, 0, 0.0, 5, 
2019-12-04 14:57:12.9,367121760, 1291.2958630521355, 1949259, 68.21328451468223, 107464, 0, 0.0, 5, 
2019-12-04 14:57:13.925,110250672, 1291.2958630521355, 1950733, 68.21328451468223, 107528, 0, 0.0, 5, 
2019-12-04 14:57:14.953,135417224, 1291.2958630521355, 1952163, 68.21328451468223, 107598, 0, 0.0, 5, 
2019-12-04 14:57:15.977,161432856, 1300.5790372857593, 1953623, 68.02032893864482, 107662, 0, 0.0, 5, 
2019-12-04 14:57:17.005,186259056, 1300.5790372857593, 1955020, 68.02032893864482, 107727, 0, 0.0, 5, 
2019-12-04 14:57:18.03,212500904, 1300.5790372857593, 1956433, 68.02032893864482, 107816, 0, 0.0, 5, 
2019-12-04 14:57:19.056,238936504, 1300.5790372857593, 1957816, 68.02032893864482, 107900, 0, 0.0, 5, 
2019-12-04 14:57:20.082,265246776, 1300.5790372857593, 1959264, 68.02032893864482, 107991, 0, 0.0, 5, 
2019-12-04 14:57:21.106,291212848, 1307.424911479577, 1960677, 68.786277146014, 108076, 0, 0.0, 5, 
2019-12-04 14:57:22.134,317404920, 1307.424911479577, 1962107, 68.786277146014, 108142, 0, 0.0, 5, 
2019-12-04 14:57:23.159,343837856, 1307.424911479577, 1963550, 68.786277146014, 108220, 0, 0.0, 5, 
2019-12-04 14:57:24.183,370052192, 1307.424911479577, 1964987, 68.786277146014, 108308, 0, 0.0, 5, 
2019-12-04 14:57:25.21,114686624, 1315.3545137364163, 1966473, 69.26710787706146, 108375, 0, 0.0, 5, 
2019-12-04 14:57:26.235,141615032, 1315.3545137364163, 1967954, 69.26710787706146, 108439, 0, 0.0, 5, 
2019-12-04 14:57:27.275,168158256, 1315.3545137364163, 1969416, 69.26710787706146, 108515, 0, 0.0, 5, 
2019-12-04 14:57:28.303,196962536, 1315.3545137364163, 1970937, 69.26710787706146, 108602, 0, 0.0, 5, 
2019-12-04 14:57:29.328,224696568, 1315.3545137364163, 1972532, 69.26710787706146, 108692, 0, 0.0, 5, 
2019-12-04 14:57:30.354,250462536, 1327.0636483155142, 1973958, 69.98134249580413, 108778, 0, 0.0, 5, 
2019-12-04 14:57:31.379,277742256, 1327.0636483155142, 1975382, 69.98134249580413, 108855, 0, 0.0, 5, 
2019-12-04 14:57:32.409,303888696, 1327.0636483155142, 1976868, 69.98134249580413, 108925, 0, 0.0, 5, 
2019-12-04 14:57:33.432,331880448, 1327.0636483155142, 1978380, 69.98134249580413, 108995, 0, 0.0, 5, 
2019-12-04 14:57:34.458,358792144, 1327.0636483155142, 1979851, 69.98134249580413, 109072, 0, 0.0, 5, 
2019-12-04 14:57:35.486,385542480, 1334.9261888776641, 1981328, 70.20670990651155, 109151, 0, 0.0, 5, 
2019-12-04 14:57:36.513,125120792, 1334.9261888776641, 1982665, 70.20670990651155, 109241, 0, 0.0, 5, 
2019-12-04 14:57:37.54,152645680, 1334.9261888776641, 1984106, 70.20670990651155, 109325, 0, 0.0, 5, 
2019-12-04 14:57:38.568,177877288, 1334.9261888776641, 1985550, 70.20670990651155, 109399, 0, 0.0, 5, 
2019-12-04 14:57:39.594,206305920, 1334.9261888776641, 1986982, 70.20670990651155, 109478, 0, 0.0, 5, 
2019-12-04 14:57:40.621,231871760, 1339.633478908953, 1988482, 70.9097825632706, 109561, 0, 0.0, 5, 
2019-12-04 14:57:41.646,260697688, 1339.633478908953, 1990054, 70.9097825632706, 109643, 0, 0.0, 5, 
2019-12-04 14:57:42.673,287883368, 1339.633478908953, 1991542, 70.9097825632706, 109722, 0, 0.0, 5, 
2019-12-04 14:57:43.697,312841712, 1339.633478908953, 1992967, 70.9097825632706, 109800, 0, 0.0, 5, 
2019-12-04 14:57:44.726,339547968, 1339.633478908953, 1994473, 70.9097825632706, 109884, 0, 0.0, 5, 
2019-12-04 14:57:45.75,368675456, 1349.3693923813385, 1995995, 71.49267616590382, 109964, 0, 0.0, 5, 
2019-12-04 14:57:46.776,114061000, 1349.3693923813385, 1997481, 71.49267616590382, 110055, 0, 0.0, 5, 
2019-12-04 14:57:47.805,141388720, 1349.3693923813385, 1998994, 71.49267616590382, 110128, 0, 0.0, 5, 
2019-12-04 14:57:48.832,169496000, 1349.3693923813385, 2000572, 71.49267616590382, 110190, 0, 0.0, 5, 
2019-12-04 14:57:49.854,195400952, 1349.3693923813385, 2002004, 71.49267616590382, 110247, 0, 0.0, 5, 
2019-12-04 14:57:50.88,221226912, 1358.870563173442, 2003490, 71.48526618880906, 110320, 0, 0.0, 5, 
2019-12-04 14:57:51.905,250266216, 1358.870563173442, 2005043, 71.48526618880906, 110385, 0, 0.0, 5, 
2019-12-04 14:57:52.928,276388784, 1358.870563173442, 2006517, 71.48526618880906, 110460, 0, 0.0, 5, 
2019-12-04 14:57:53.949,303993784, 1358.870563173442, 2008020, 71.48526618880906, 110529, 0, 0.0, 5, 
2019-12-04 14:57:54.974,330559192, 1358.870563173442, 2009480, 71.48526618880906, 110612, 0, 0.0, 5, 
2019-12-04 14:57:55.997,357578024, 1366.6685863857817, 2010952, 71.47844868077051, 110689, 0, 0.0, 5, 
2019-12-04 14:57:57.019,384187704, 1366.6685863857817, 2012378, 71.47844868077051, 110759, 0, 0.0, 5, 
2019-12-04 14:57:58.045,124277688, 1366.6685863857817, 2013803, 71.47844868077051, 110838, 0, 0.0, 5, 
2019-12-04 14:57:59.074,150997704, 1366.6685863857817, 2015282, 71.47844868077051, 110902, 0, 0.0, 5, 
2019-12-04 14:58:00.108,177335808, 1366.6685863857817, 2016760, 71.47844868077051, 110961, 0, 0.0, 5, 
2019-12-04 14:58:01.133,204714112, 1370.532952853099, 2018145, 71.12037169494698, 111046, 0, 0.0, 5, 
2019-12-04 14:58:02.157,231183408, 1370.532952853099, 2019546, 71.12037169494698, 111124, 0, 0.0, 5, 
2019-12-04 14:58:03.18,257415136, 1370.532952853099, 2020982, 71.12037169494698, 111199, 0, 0.0, 5, 
2019-12-04 14:58:04.208,281555336, 1370.532952853099, 2022264, 71.12037169494698, 111279, 0, 0.0, 5, 
2019-12-04 14:58:05.232,306184280, 1369.0991131103046, 2023690, 71.6384541690619, 111361, 0, 0.0, 5, 
2019-12-04 14:58:06.262,332153232, 1369.0991131103046, 2025107, 71.6384541690619, 111442, 0, 0.0, 5, 
2019-12-04 14:58:07.29,357570080, 1369.0991131103046, 2026558, 71.6384541690619, 111507, 0, 0.0, 5, 
2019-12-04 14:58:08.321,385368584, 1369.0991131103046, 2027989, 71.6384541690619, 111577, 0, 0.0, 5, 
2019-12-04 14:58:09.345,126664128, 1369.0991131103046, 2029345, 71.6384541690619, 111635, 0, 0.0, 5, 
2019-12-04 14:58:10.368,153475072, 1370.5303890002244, 2030825, 71.42749502150085, 111712, 0, 0.0, 5, 
2019-12-04 14:58:11.391,180923640, 1370.5303890002244, 2032310, 71.42749502150085, 111789, 0, 0.0, 5, 
2019-12-04 14:58:12.416,207575256, 1370.5303890002244, 2033809, 71.42749502150085, 111867, 0, 0.0, 5, 
2019-12-04 14:58:13.441,233497376, 1370.5303890002244, 2035240, 71.42749502150085, 111955, 0, 0.0, 5, 
2019-12-04 14:58:14.464,260767200, 1370.5303890002244, 2036737, 71.42749502150085, 112034, 0, 0.0, 5, 
2019-12-04 14:58:15.488,285891808, 1375.3812632619229, 2038095, 72.06494132392739, 112109, 0, 0.0, 5, 
2019-12-04 14:58:16.512,312550552, 1375.3812632619229, 2039501, 72.06494132392739, 112177, 0, 0.0, 5, 
2019-12-04 14:58:17.535,339217776, 1375.3812632619229, 2040989, 72.06494132392739, 112244, 0, 0.0, 5, 
2019-12-04 14:58:18.562,365638664, 1375.3812632619229, 2042437, 72.06494132392739, 112319, 0, 0.0, 5, 
2019-12-04 14:58:19.589,106561624, 1375.3812632619229, 2043875, 72.06494132392739, 112395, 0, 0.0, 5, 
2019-12-04 14:58:20.616,131017816, 1378.4370647299436, 2045381, 71.88384661454253, 112481, 0, 0.0, 5, 
2019-12-04 14:58:21.639,157847384, 1378.4370647299436, 2046839, 71.88384661454253, 112560, 0, 0.0, 5, 
2019-12-04 14:58:22.662,187925968, 1378.4370647299436, 2048370, 71.88384661454253, 112648, 0, 0.0, 5, 
2019-12-04 14:58:23.684,211982696, 1378.4370647299436, 2049772, 71.88384661454253, 112715, 0, 0.0, 5, 
2019-12-04 14:58:24.708,239539920, 1378.4370647299436, 2051261, 71.88384661454253, 112797, 0, 0.0, 5, 
2019-12-04 14:58:25.737,265692944, 1382.879631744374, 2052741, 72.2609294191747, 112871, 0, 0.0, 5, 
2019-12-04 14:58:26.761,292912672, 1382.879631744374, 2054198, 72.2609294191747, 112944, 0, 0.0, 5, 
2019-12-04 14:58:27.785,318725568, 1382.879631744374, 2055644, 72.2609294191747, 113019, 0, 0.0, 5, 
2019-12-04 14:58:28.816,346230040, 1382.879631744374, 2057114, 72.2609294191747, 113082, 0, 0.0, 5, 
2019-12-04 14:58:29.841,373310272, 1382.879631744374, 2058585, 72.2609294191747, 113155, 0, 0.0, 5, 
2019-12-04 14:58:30.865,115370488, 1386.3113549125776, 2060053, 72.11213771813108, 113234, 0, 0.0, 5, 
2019-12-04 14:58:31.889,142685224, 1386.3113549125776, 2061540, 72.11213771813108, 113310, 0, 0.0, 5, 
2019-12-04 14:58:32.925,167566816, 1386.3113549125776, 2062930, 72.11213771813108, 113392, 0, 0.0, 5, 
2019-12-04 14:58:33.949,184780528, 1386.3113549125776, 2063706, 72.11213771813108, 113427, 0, 0.0, 5, 
2019-12-04 14:58:34.974,195777216, 1386.3113549125776, 2064206, 72.11213771813108, 113459, 0, 0.0, 5, 
2019-12-04 14:58:35.998,207601336, 1360.0930105808507, 2064708, 70.91982901774975, 113486, 0, 0.0, 5, 
2019-12-04 14:58:37.033,217450960, 1360.0930105808507, 2065189, 70.91982901774975, 113515, 0, 0.0, 5, 
2019-12-04 14:58:38.056,228050096, 1360.0930105808507, 2065690, 70.91982901774975, 113539, 0, 0.0, 5, 
2019-12-04 14:58:39.083,239355600, 1360.0930105808507, 2066188, 70.91982901774975, 113564, 0, 0.0, 5, 
2019-12-04 14:58:40.107,249443760, 1360.0930105808507, 2066649, 70.91982901774975, 113588, 0, 0.0, 5, 
2019-12-04 14:58:41.132,260541728, 1289.30888969529, 2067135, 67.26427332558832, 113614, 0, 0.0, 5, 
2019-12-04 14:58:42.156,271439024, 1289.30888969529, 2067624, 67.26427332558832, 113632, 0, 0.0, 5, 
2019-12-04 14:58:43.181,283557432, 1289.30888969529, 2068120, 67.26427332558832, 113662, 0, 0.0, 5, 
2019-12-04 14:58:44.205,293247768, 1289.30888969529, 2068598, 67.26427332558832, 113679, 0, 0.0, 5, 
2019-12-04 14:58:45.229,304587312, 1224.5841325569365, 2069101, 63.75707967498154, 113708, 0, 0.0, 5, 
2019-12-04 14:58:46.253,314586272, 1224.5841325569365, 2069600, 63.75707967498154, 113733, 0, 0.0, 5, 
2019-12-04 14:58:47.279,326334712, 1224.5841325569365, 2070108, 63.75707967498154, 113759, 0, 0.0, 5, 
2019-12-04 14:58:48.303,336811328, 1224.5841325569365, 2070579, 63.75707967498154, 113787, 0, 0.0, 5, 
2019-12-04 14:58:49.328,348124096, 1224.5841325569365, 2071107, 63.75707967498154, 113807, 0, 0.0, 5, 
2019-12-04 14:58:50.353,357927368, 1165.9459749367809, 2071621, 60.53030574571735, 113824, 0, 0.0, 5, 
2019-12-04 14:58:51.378,368789856, 1165.9459749367809, 2072089, 60.53030574571735, 113844, 0, 0.0, 5, 
2019-12-04 14:58:52.403,380934256, 1165.9459749367809, 2072589, 60.53030574571735, 113876, 0, 0.0, 5, 
2019-12-04 14:58:53.429,106688632, 1165.9459749367809, 2073087, 60.53030574571735, 113906, 0, 0.0, 5, 
2019-12-04 14:58:54.452,117480128, 1165.9459749367809, 2073611, 60.53030574571735, 113933, 0, 0.0, 5, 
2019-12-04 14:58:55.476,127714632, 1111.5005409049043, 2074103, 57.65747711727112, 113958, 0, 0.0, 5, 
2019-12-04 14:58:56.508,140142832, 1111.5005409049043, 2074573, 57.65747711727112, 113980, 0, 0.0, 5, 
2019-12-04 14:58:57.533,149912048, 1111.5005409049043, 2075082, 57.65747711727112, 114004, 0, 0.0, 5, 
2019-12-04 14:58:58.56,160370392, 1111.5005409049043, 2075586, 57.65747711727112, 114029, 0, 0.0, 5, 
2019-12-04 14:58:59.586,171952944, 1111.5005409049043, 2076081, 57.65747711727112, 114054, 0, 0.0, 5, 
2019-12-04 14:59:00.611,182615424, 1060.9605721437313, 2076573, 54.99835606640783, 114082, 0, 0.0, 5, 
2019-12-04 14:59:01.635,194267872, 1060.9605721437313, 2077052, 54.99835606640783, 114113, 0, 0.0, 5, 
2019-12-04 14:59:02.664,203938248, 1060.9605721437313, 2077545, 54.99835606640783, 114141, 0, 0.0, 5, 
2019-12-04 14:59:03.696,215747152, 1060.9605721437313, 2078017, 54.99835606640783, 114173, 0, 0.0, 5, 
2019-12-04 14:59:04.724,226560952, 1060.9605721437313, 2078505, 54.99835606640783, 114195, 0, 0.0, 5, 
2019-12-04 14:59:05.759,236799592, 1013.8538937206565, 2078998, 52.80770446892396, 114218, 0, 0.0, 5, 
2019-12-04 14:59:06.792,249265320, 1013.8538937206565, 2079516, 52.80770446892396, 114242, 0, 0.0, 5, 
2019-12-04 14:59:07.817,259295312, 1013.8538937206565, 2080001, 52.80770446892396, 114271, 0, 0.0, 5, 
2019-12-04 14:59:08.843,269325448, 1013.8538937206565, 2080485, 52.80770446892396, 114297, 0, 0.0, 5, 
2019-12-04 14:59:09.866,279219896, 1013.8538937206565, 2080948, 52.80770446892396, 114317, 0, 0.0, 5, 
2019-12-04 14:59:10.893,290488312, 970.8494708043238, 2081457, 50.44040312662914, 114339, 0, 0.0, 5, 
2019-12-04 14:59:11.917,301790208, 970.8494708043238, 2081952, 50.44040312662914, 114364, 0, 0.0, 5, 
2019-12-04 14:59:12.95,312308960, 970.8494708043238, 2082465, 50.44040312662914, 114387, 0, 0.0, 5, 
2019-12-04 14:59:13.973,322898448, 970.8494708043238, 2082944, 50.44040312662914, 114412, 0, 0.0, 5, 
2019-12-04 14:59:14.995,334982824, 970.8494708043238, 2083435, 50.44040312662914, 114434, 0, 0.0, 5, 
2019-12-04 14:59:16.02,345504672, 932.1949853690203, 2083957, 48.29436298305457, 114461, 0, 0.0, 5, 
2019-12-04 14:59:17.046,356472640, 932.1949853690203, 2084445, 48.29436298305457, 114487, 0, 0.0, 5, 
2019-12-04 14:59:18.073,365589288, 932.1949853690203, 2084953, 48.29436298305457, 114510, 0, 0.0, 5, 
2019-12-04 14:59:19.097,377016088, 932.1949853690203, 2085433, 48.29436298305457, 114534, 0, 0.0, 5, 
2019-12-04 14:59:20.123,106733936, 932.1949853690203, 2085938, 48.29436298305457, 114568, 0, 0.0, 5, 
2019-12-04 14:59:21.149,116342544, 896.551186358528, 2086439, 46.49581302320396, 114588, 0, 0.0, 5, 
2019-12-04 14:59:22.178,126243440, 896.551186358528, 2086908, 46.49581302320396, 114615, 0, 0.0, 5, 
2019-12-04 14:59:23.205,136089056, 896.551186358528, 2087391, 46.49581302320396, 114639, 0, 0.0, 5, 
2019-12-04 14:59:24.233,148358392, 896.551186358528, 2087888, 46.49581302320396, 114661, 0, 0.0, 5, 
2019-12-04 14:59:25.259,159023000, 862.6379299675648, 2088373, 44.55322707087718, 114683, 0, 0.0, 5, 
2019-12-04 14:59:26.29,170168248, 862.6379299675648, 2088866, 44.55322707087718, 114718, 0, 0.0, 5, 
2019-12-04 14:59:27.314,181560728, 862.6379299675648, 2089397, 44.55322707087718, 114754, 0, 0.0, 5, 
2019-12-04 14:59:28.339,192397976, 862.6379299675648, 2089872, 44.55322707087718, 114789, 0, 0.0, 5, 
2019-12-04 14:59:29.365,203221752, 862.6379299675648, 2090352, 44.55322707087718, 114822, 0, 0.0, 5, 
2019-12-04 14:59:30.39,213314704, 831.9159613553911, 2090821, 43.725428739949656, 114856, 0, 0.0, 5, 
2019-12-04 14:59:31.415,224331656, 831.9159613553911, 2091337, 43.725428739949656, 114884, 0, 0.0, 5, 
2019-12-04 14:59:32.442,234302000, 831.9159613553911, 2091808, 43.725428739949656, 114908, 0, 0.0, 5, 
2019-12-04 14:59:33.467,245016448, 831.9159613553911, 2092290, 43.725428739949656, 114940, 0, 0.0, 5, 
2019-12-04 14:59:34.493,255355920, 831.9159613553911, 2092775, 43.725428739949656, 114976, 0, 0.0, 5, 
2019-12-04 14:59:35.522,266777912, 803.7143501956398, 2093271, 42.5960218164352, 115004, 0, 0.0, 5, 
2019-12-04 14:59:36.545,277352032, 803.7143501956398, 2093764, 42.5960218164352, 115020, 0, 0.0, 5, 
2019-12-04 14:59:37.571,288756744, 803.7143501956398, 2094264, 42.5960218164352, 115045, 0, 0.0, 5, 
2019-12-04 14:59:38.603,298517048, 803.7143501956398, 2094758, 42.5960218164352, 115079, 0, 0.0, 5, 
2019-12-04 14:59:39.629,309448432, 803.7143501956398, 2095227, 42.5960218164352, 115112, 0, 0.0, 5, 
2019-12-04 14:59:40.655,321463640, 777.5277486084506, 2095725, 41.17313047483279, 115137, 0, 0.0, 5, 
2019-12-04 14:59:41.681,331605320, 777.5277486084506, 2096230, 41.17313047483279, 115158, 0, 0.0, 5, 
2019-12-04 14:59:42.707,341730848, 777.5277486084506, 2096713, 41.17313047483279, 115184, 0, 0.0, 5, 
2019-12-04 14:59:43.738,352402592, 777.5277486084506, 2097223, 41.17313047483279, 115216, 0, 0.0, 5, 
2019-12-04 14:59:44.763,363953888, 777.5277486084506, 2097699, 41.17313047483279, 115240, 0, 0.0, 5, 
2019-12-04 14:59:45.789,374871400, 754.0745567629992, 2098210, 40.007927297034286, 115268, 0, 0.0, 5, 
2019-12-04 14:59:46.814,385211560, 754.0745567629992, 2098699, 40.007927297034286, 115284, 0, 0.0, 5, 
2019-12-04 14:59:47.839,113387488, 754.0745567629992, 2099190, 40.007927297034286, 115312, 0, 0.0, 5, 
2019-12-04 14:59:48.864,124960440, 754.0745567629992, 2099682, 40.007927297034286, 115346, 0, 0.0, 5, 
2019-12-04 14:59:49.893,135177408, 754.0745567629992, 2100178, 40.007927297034286, 115368, 0, 0.0, 5, 
2019-12-04 14:59:50.918,146554504, 731.9528806198412, 2100652, 38.74399521650281, 115399, 0, 0.0, 5, 
2019-12-04 14:59:51.943,156589920, 731.9528806198412, 2101103, 38.74399521650281, 115425, 0, 0.0, 5, 
2019-12-04 14:59:52.971,167928120, 731.9528806198412, 2101612, 38.74399521650281, 115444, 0, 0.0, 5, 
2019-12-04 14:59:53.994,178098864, 731.9528806198412, 2102093, 38.74399521650281, 115463, 0, 0.0, 5, 
2019-12-04 14:59:55.023,188459088, 731.9528806198412, 2102575, 38.74399521650281, 115486, 0, 0.0, 5, 
2019-12-04 14:59:56.052,198810736, 710.9443202420503, 2103051, 37.46918374582006, 115509, 0, 0.0, 5, 
2019-12-04 14:59:57.078,209423248, 710.9443202420503, 2103537, 37.46918374582006, 115537, 0, 0.0, 5, 
2019-12-04 14:59:58.103,220332456, 710.9443202420503, 2104034, 37.46918374582006, 115563, 0, 0.0, 5, 
2019-12-04 14:59:59.13,231729936, 710.9443202420503, 2104538, 37.46918374582006, 115600, 0, 0.0, 5, 
2019-12-04 15:00:00.155,244193856, 693.0866943778811, 2105076, 36.47220286032849, 115616, 0, 0.0, 5, 
2019-12-04 15:00:01.18,253868392, 693.0866943778811, 2105564, 36.47220286032849, 115640, 0, 0.0, 5, 
2019-12-04 15:00:02.202,264615824, 693.0866943778811, 2106047, 36.47220286032849, 115671, 0, 0.0, 5, 
2019-12-04 15:00:03.224,275059128, 693.0866943778811, 2106569, 36.47220286032849, 115695, 0, 0.0, 5, 
2019-12-04 15:00:04.251,286861264, 693.0866943778811, 2107057, 36.47220286032849, 115718, 0, 0.0, 5, 
2019-12-04 15:00:05.276,297171088, 676.2251252820107, 2107553, 35.55493616513977, 115747, 0, 0.0, 5, 
2019-12-04 15:00:06.3,309507024, 676.2251252820107, 2108027, 35.55493616513977, 115767, 0, 0.0, 5, 
2019-12-04 15:00:07.325,319903224, 676.2251252820107, 2108523, 35.55493616513977, 115803, 0, 0.0, 5, 
2019-12-04 15:00:08.351,330552704, 676.2251252820107, 2109021, 35.55493616513977, 115836, 0, 0.0, 5, 
2019-12-04 15:00:09.378,341072744, 676.2251252820107, 2109513, 35.55493616513977, 115859, 0, 0.0, 5, 
2019-12-04 15:00:10.403,353145464, 660.9196173354323, 2110048, 34.886912353321385, 115882, 0, 0.0, 5, 
2019-12-04 15:00:11.439,363764464, 660.9196173354323, 2110540, 34.886912353321385, 115912, 0, 0.0, 5, 
2019-12-04 15:00:12.467,375756160, 660.9196173354323, 2111048, 34.886912353321385, 115945, 0, 0.0, 5, 
2019-12-04 15:00:13.492,385511440, 660.9196173354323, 2111546, 34.886912353321385, 115970, 0, 0.0, 5, 
2019-12-04 15:00:14.517,113182496, 660.9196173354323, 2112023, 34.886912353321385, 115989, 0, 0.0, 5, 
2019-12-04 15:00:15.543,123872392, 646.9977814068596, 2112509, 34.12838072275127, 116014, 0, 0.0, 5, 
2019-12-04 15:00:16.569,134884160, 646.9977814068596, 2112974, 34.12838072275127, 116036, 0, 0.0, 5, 
2019-12-04 15:00:17.593,144841176, 646.9977814068596, 2113457, 34.12838072275127, 116062, 0, 0.0, 5, 
2019-12-04 15:00:18.617,155458656, 646.9977814068596, 2113940, 34.12838072275127, 116096, 0, 0.0, 5, 
2019-12-04 15:00:19.643,166730584, 646.9977814068596, 2114429, 34.12838072275127, 116125, 0, 0.0, 5, 
2019-12-04 15:00:20.665,177124008, 632.1741932680494, 2114897, 33.67036468883759, 116162, 0, 0.0, 5, 
2019-12-04 15:00:21.697,186462552, 632.1741932680494, 2115355, 33.67036468883759, 116179, 0, 0.0, 5, 
2019-12-04 15:00:22.721,196490744, 632.1741932680494, 2115860, 33.67036468883759, 116202, 0, 0.0, 5, 
2019-12-04 15:00:23.747,207423288, 632.1741932680494, 2116327, 33.67036468883759, 116223, 0, 0.0, 5, 
2019-12-04 15:00:24.771,218963304, 632.1741932680494, 2116838, 33.67036468883759, 116235, 0, 0.0, 5, 
2019-12-04 15:00:25.794,230865120, 619.2714251815819, 2117329, 32.56135156083681, 116262, 0, 0.0, 5, 
2019-12-04 15:00:26.821,243046640, 619.2714251815819, 2117843, 32.56135156083681, 116284, 0, 0.0, 5, 
2019-12-04 15:00:27.846,251581232, 619.2714251815819, 2118329, 32.56135156083681, 116308, 0, 0.0, 5, 
2019-12-04 15:00:28.874,262549664, 619.2714251815819, 2118820, 32.56135156083681, 116340, 0, 0.0, 5, 
2019-12-04 15:00:29.902,274233816, 619.2714251815819, 2119344, 32.56135156083681, 116367, 0, 0.0, 5, 
2019-12-04 15:00:30.926,284716488, 609.1273461143765, 2119797, 32.11669044133798, 116401, 0, 0.0, 5, 
2019-12-04 15:00:31.949,295909112, 609.1273461143765, 2120290, 32.11669044133798, 116426, 0, 0.0, 5, 
2019-12-04 15:00:32.975,307100944, 609.1273461143765, 2120815, 32.11669044133798, 116451, 0, 0.0, 5, 
2019-12-04 15:00:34.002,316644920, 609.1273461143765, 2121299, 32.11669044133798, 116488, 0, 0.0, 5, 
2019-12-04 15:00:35.027,328656192, 609.1273461143765, 2121807, 32.11669044133798, 116516, 0, 0.0, 5, 
2019-12-04 15:00:36.062,338506328, 598.8508669196619, 2122267, 31.77154693023679, 116542, 0, 0.0, 5, 
2019-12-04 15:00:37.089,349091176, 598.8508669196619, 2122762, 31.77154693023679, 116568, 0, 0.0, 5, 
2019-12-04 15:00:38.115,360983216, 598.8508669196619, 2123264, 31.77154693023679, 116593, 0, 0.0, 5, 
2019-12-04 15:00:39.142,369671824, 598.8508669196619, 2123762, 31.77154693023679, 116621, 0, 0.0, 5, 
2019-12-04 15:00:40.169,381298928, 589.1401917613242, 2124264, 31.214132814490565, 116642, 0, 0.0, 5, 
2019-12-04 15:00:41.195,108055424, 589.1401917613242, 2124750, 31.214132814490565, 116674, 0, 0.0, 5, 
2019-12-04 15:00:42.22,119688256, 589.1401917613242, 2125238, 31.214132814490565, 116708, 0, 0.0, 5, 
2019-12-04 15:00:43.247,129432600, 589.1401917613242, 2125715, 31.214132814490565, 116730, 0, 0.0, 5, 
2019-12-04 15:00:44.277,139537592, 589.1401917613242, 2126200, 31.214132814490565, 116753, 0, 0.0, 5, 
2019-12-04 15:00:45.305,149576568, 579.9180992122814, 2126692, 30.925162709700597, 116783, 0, 0.0, 5, 
2019-12-04 15:00:46.332,161758760, 579.9180992122814, 2127199, 30.925162709700597, 116810, 0, 0.0, 5, 
2019-12-04 15:00:47.357,173020784, 579.9180992122814, 2127711, 30.925162709700597, 116835, 0, 0.0, 5, 
2019-12-04 15:00:48.384,184760920, 579.9180992122814, 2128216, 30.925162709700597, 116867, 0, 0.0, 5, 
2019-12-04 15:00:49.408,196326488, 579.9180992122814, 2128728, 30.925162709700597, 116887, 0, 0.0, 5, 
2019-12-04 15:00:50.438,206851312, 572.744636071419, 2129205, 30.38744838853344, 116905, 0, 0.0, 5, 
2019-12-04 15:00:51.467,217277048, 572.744636071419, 2129719, 30.38744838853344, 116933, 0, 0.0, 5, 
2019-12-04 15:00:52.492,227725768, 572.744636071419, 2130240, 30.38744838853344, 116960, 0, 0.0, 5, 
2019-12-04 15:00:53.517,239839168, 572.744636071419, 2130726, 30.38744838853344, 116988, 0, 0.0, 5, 
2019-12-04 15:00:54.541,251269752, 572.744636071419, 2131256, 30.38744838853344, 117018, 0, 0.0, 5, 
2019-12-04 15:00:55.567,262754088, 566.5764915361209, 2131760, 30.2125496721601, 117053, 0, 0.0, 5, 
2019-12-04 15:00:56.591,273988392, 566.5764915361209, 2132274, 30.2125496721601, 117081, 0, 0.0, 5, 
2019-12-04 15:00:57.616,284320936, 566.5764915361209, 2132786, 30.2125496721601, 117107, 0, 0.0, 5, 
2019-12-04 15:00:58.645,295766720, 566.5764915361209, 2133284, 30.2125496721601, 117136, 0, 0.0, 5, 
2019-12-04 15:00:59.67,305841240, 566.5764915361209, 2133780, 30.2125496721601, 117162, 0, 0.0, 5, 
2019-12-04 15:01:00.694,317754008, 560.6936400858298, 2134308, 30.035643967960844, 117201, 0, 0.0, 5, 
2019-12-04 15:01:01.718,328382136, 560.6936400858298, 2134811, 30.035643967960844, 117229, 0, 0.0, 5, 
2019-12-04 15:01:02.748,338358808, 560.6936400858298, 2135278, 30.035643967960844, 117250, 0, 0.0, 5, 
2019-12-04 15:01:03.773,349934808, 560.6936400858298, 2135784, 30.035643967960844, 117283, 0, 0.0, 5, 
2019-12-04 15:01:04.801,359819984, 560.6936400858298, 2136262, 30.035643967960844, 117311, 0, 0.0, 5, 
2019-12-04 15:01:05.825,372369168, 554.4656084961144, 2136746, 29.744953926303165, 117330, 0, 0.0, 5, 
2019-12-04 15:01:06.849,382725448, 554.4656084961144, 2137246, 29.744953926303165, 117353, 0, 0.0, 5, 
2019-12-04 15:01:07.872,108061792, 554.4656084961144, 2137714, 29.744953926303165, 117382, 0, 0.0, 5, 
2019-12-04 15:01:08.896,118887880, 554.4656084961144, 2138224, 29.744953926303165, 117406, 0, 0.0, 5, 
2019-12-04 15:01:09.919,130273960, 554.4656084961144, 2138702, 29.744953926303165, 117425, 0, 0.0, 5, 
2019-12-04 15:01:10.943,141045928, 548.159862603193, 2139172, 29.237639420975622, 117457, 0, 0.0, 5, 
2019-12-04 15:01:11.968,152419504, 548.159862603193, 2139666, 29.237639420975622, 117492, 0, 0.0, 5, 
2019-12-04 15:01:12.994,163891144, 548.159862603193, 2140198, 29.237639420975622, 117525, 0, 0.0, 5, 
2019-12-04 15:01:14.016,174477888, 548.159862603193, 2140702, 29.237639420975622, 117556, 0, 0.0, 5, 
2019-12-04 15:01:15.04,185422136, 548.159862603193, 2141211, 29.237639420975622, 117578, 0, 0.0, 5, 
2019-12-04 15:01:16.065,196207600, 543.3977189241576, 2141722, 29.28260329026091, 117605, 0, 0.0, 5, 
2019-12-04 15:01:17.094,221640216, 543.3977189241576, 2142250, 29.28260329026091, 117631, 0, 0.0, 5, 
2019-12-04 15:01:18.12,232059048, 543.3977189241576, 2142759, 29.28260329026091, 117657, 0, 0.0, 5, 
2019-12-04 15:01:19.149,243204248, 543.3977189241576, 2143261, 29.28260329026091, 117681, 0, 0.0, 5, 
2019-12-04 15:01:20.172,253385112, 539.6559799135642, 2143751, 29.020140822648386, 117712, 0, 0.0, 5, 
2019-12-04 15:01:21.197,264808312, 539.6559799135642, 2144257, 29.020140822648386, 117735, 0, 0.0, 5, 
2019-12-04 15:01:22.224,275595888, 539.6559799135642, 2144738, 29.020140822648386, 117751, 0, 0.0, 5, 
2019-12-04 15:01:23.253,286684824, 539.6559799135642, 2145259, 29.020140822648386, 117778, 0, 0.0, 5, 
2019-12-04 15:01:24.278,297216072, 539.6559799135642, 2145751, 29.020140822648386, 117803, 0, 0.0, 5, 
2019-12-04 15:01:25.302,308965192, 535.7336803236432, 2146282, 28.49082358793722, 117824, 0, 0.0, 5, 
2019-12-04 15:01:26.328,319352656, 535.7336803236432, 2146764, 28.49082358793722, 117857, 0, 0.0, 5, 
2019-12-04 15:01:27.402,331399584, 535.7336803236432, 2147243, 28.49082358793722, 117881, 0, 0.0, 5, 
2019-12-04 15:01:28.427,341944216, 535.7336803236432, 2147726, 28.49082358793722, 117909, 0, 0.0, 5, 
2019-12-04 15:01:29.452,351865056, 535.7336803236432, 2148192, 28.49082358793722, 117936, 0, 0.0, 5, 
2019-12-04 15:01:30.476,363224088, 530.3819587323526, 2148689, 28.323650564056884, 117965, 0, 0.0, 5, 
2019-12-04 15:01:31.5,374137912, 530.3819587323526, 2149189, 28.323650564056884, 117986, 0, 0.0, 5, 
2019-12-04 15:01:32.531,385167560, 530.3819587323526, 2149694, 28.323650564056884, 118010, 0, 0.0, 5, 
2019-12-04 15:01:33.556,114471912, 530.3819587323526, 2150194, 28.323650564056884, 118042, 0, 0.0, 5, 
2019-12-04 15:01:34.58,124607256, 530.3819587323526, 2150709, 28.323650564056884, 118063, 0, 0.0, 5, 
2019-12-04 15:01:35.611,135671736, 527.0892311151963, 2151186, 27.94596831812119, 118077, 0, 0.0, 5, 
2019-12-04 15:01:36.638,146754152, 527.0892311151963, 2151731, 27.94596831812119, 118104, 0, 0.0, 5, 
2019-12-04 15:01:37.662,157025128, 527.0892311151963, 2152204, 27.94596831812119, 118126, 0, 0.0, 5, 
2019-12-04 15:01:38.688,167966288, 527.0892311151963, 2152697, 27.94596831812119, 118144, 0, 0.0, 5, 
2019-12-04 15:01:39.714,179177248, 527.0892311151963, 2153200, 27.94596831812119, 118176, 0, 0.0, 5, 
2019-12-04 15:01:40.74,189780088, 523.7239620035791, 2153686, 27.454563823576173, 118199, 0, 0.0, 5, 
2019-12-04 15:01:41.766,200471624, 523.7239620035791, 2154163, 27.454563823576173, 118233, 0, 0.0, 5, 
2019-12-04 15:01:42.791,210281832, 523.7239620035791, 2154629, 27.454563823576173, 118253, 0, 0.0, 5, 
2019-12-04 15:01:43.82,220977712, 523.7239620035791, 2155133, 27.454563823576173, 118277, 0, 0.0, 5, 
2019-12-04 15:01:44.843,232283192, 523.7239620035791, 2155639, 27.454563823576173, 118309, 0, 0.0, 5, 
2019-12-04 15:01:45.885,243694504, 519.8761824512267, 2156125, 27.386236672825536, 118338, 0, 0.0, 5, 
2019-12-04 15:01:46.919,254740856, 519.8761824512267, 2156612, 27.386236672825536, 118367, 0, 0.0, 5, 
2019-12-04 15:01:47.945,266082720, 519.8761824512267, 2157084, 27.386236672825536, 118393, 0, 0.0, 5, 
2019-12-04 15:01:48.97,276181840, 519.8761824512267, 2157566, 27.386236672825536, 118419, 0, 0.0, 5, 
2019-12-04 15:01:50.0,287586344, 519.8761824512267, 2158066, 27.386236672825536, 118444, 0, 0.0, 5, 
2019-12-04 15:01:51.026,298440648, 516.0322231409515, 2158553, 27.323372659409877, 118464, 0, 0.0, 5, 
2019-12-04 15:01:52.053,307926208, 516.0322231409515, 2159056, 27.323372659409877, 118486, 0, 0.0, 5, 
2019-12-04 15:01:53.081,319336928, 516.0322231409515, 2159536, 27.323372659409877, 118508, 0, 0.0, 5, 
2019-12-04 15:01:54.107,329829648, 516.0322231409515, 2160027, 27.323372659409877, 118529, 0, 0.0, 5, 
2019-12-04 15:01:55.133,339822416, 513.0233167109168, 2160530, 26.817783696909828, 118552, 0, 0.0, 5, 
2019-12-04 15:01:56.158,351120184, 513.0233167109168, 2161017, 26.817783696909828, 118571, 0, 0.0, 5, 
2019-12-04 15:01:57.183,362180144, 513.0233167109168, 2161523, 26.817783696909828, 118592, 0, 0.0, 5, 
2019-12-04 15:01:58.209,372569304, 513.0233167109168, 2162038, 26.817783696909828, 118622, 0, 0.0, 5, 
2019-12-04 15:01:59.233,384336696, 513.0233167109168, 2162565, 26.817783696909828, 118648, 0, 0.0, 5, 
2019-12-04 15:02:00.258,110922024, 511.34238511686226, 2163052, 26.544512800753047, 118670, 0, 0.0, 5, 
2019-12-04 15:02:01.287,120907856, 511.34238511686226, 2163532, 26.544512800753047, 118686, 0, 0.0, 5, 
2019-12-04 15:02:02.31,132758952, 511.34238511686226, 2164037, 26.544512800753047, 118715, 0, 0.0, 5, 
2019-12-04 15:02:03.335,144887408, 511.34238511686226, 2164529, 26.544512800753047, 118748, 0, 0.0, 5, 
2019-12-04 15:02:04.364,154198856, 511.34238511686226, 2165016, 26.544512800753047, 118775, 0, 0.0, 5, 
2019-12-04 15:02:05.392,165706912, 508.9323330703752, 2165518, 26.37304702443393, 118796, 0, 0.0, 5, 
2019-12-04 15:02:06.42,176039720, 508.9323330703752, 2166007, 26.37304702443393, 118812, 0, 0.0, 5, 
2019-12-04 15:02:07.448,186902320, 508.9323330703752, 2166501, 26.37304702443393, 118843, 0, 0.0, 5, 
2019-12-04 15:02:08.476,198588584, 508.9323330703752, 2166983, 26.37304702443393, 118864, 0, 0.0, 5, 
2019-12-04 15:02:09.5,208980776, 508.9323330703752, 2167483, 26.37304702443393, 118890, 0, 0.0, 5, 
2019-12-04 15:02:10.527,220247904, 506.3631735704078, 2167978, 26.295246480002117, 118928, 0, 0.0, 5, 
2019-12-04 15:02:11.552,230375472, 506.3631735704078, 2168466, 26.295246480002117, 118965, 0, 0.0, 5, 
2019-12-04 15:02:12.576,242280704, 506.3631735704078, 2168952, 26.295246480002117, 118985, 0, 0.0, 5, 
2019-12-04 15:02:13.601,253274448, 506.3631735704078, 2169448, 26.295246480002117, 119014, 0, 0.0, 5, 
2019-12-04 15:02:14.625,265178216, 506.3631735704078, 2169965, 26.295246480002117, 119038, 0, 0.0, 5, 
2019-12-04 15:02:15.648,275898168, 504.830970810026, 2170471, 26.367586577309726, 119070, 0, 0.0, 5, 
2019-12-04 15:02:16.672,286690328, 504.830970810026, 2170975, 26.367586577309726, 119098, 0, 0.0, 5, 
2019-12-04 15:02:17.697,296150944, 504.830970810026, 2171455, 26.367586577309726, 119131, 0, 0.0, 5, 
2019-12-04 15:02:18.721,307331720, 504.830970810026, 2171945, 26.367586577309726, 119159, 0, 0.0, 5, 
2019-12-04 15:02:19.746,318214216, 504.830970810026, 2172432, 26.367586577309726, 119187, 0, 0.0, 5, 
2019-12-04 15:02:20.774,328643280, 503.10145387677437, 2172935, 26.642027201755095, 119219, 0, 0.0, 5, 
2019-12-04 15:02:21.797,339485320, 503.10145387677437, 2173411, 26.642027201755095, 119245, 0, 0.0, 5, 
2019-12-04 15:02:22.824,349605320, 503.10145387677437, 2173876, 26.642027201755095, 119269, 0, 0.0, 5, 
2019-12-04 15:02:23.851,361157080, 503.10145387677437, 2174387, 26.642027201755095, 119292, 0, 0.0, 5, 
2019-12-04 15:02:24.875,372094704, 503.10145387677437, 2174881, 26.642027201755095, 119318, 0, 0.0, 5, 
2019-12-04 15:02:25.899,382377936, 500.87057679936396, 2175389, 26.46276460442179, 119345, 0, 0.0, 5, 
2019-12-04 15:02:26.921,110115128, 500.87057679936396, 2175896, 26.46276460442179, 119374, 0, 0.0, 5, 
2019-12-04 15:02:27.947,122975616, 500.87057679936396, 2176375, 26.46276460442179, 119400, 0, 0.0, 5, 
2019-12-04 15:02:28.972,134237896, 500.87057679936396, 2176842, 26.46276460442179, 119423, 0, 0.0, 5, 
2019-12-04 15:02:29.996,144709496, 500.87057679936396, 2177337, 26.46276460442179, 119449, 0, 0.0, 5, 
2019-12-04 15:02:31.021,155667288, 499.2498309655695, 2177837, 26.377790638364008, 119468, 0, 0.0, 5, 
2019-12-04 15:02:32.046,166814176, 499.2498309655695, 2178314, 26.377790638364008, 119495, 0, 0.0, 5, 
2019-12-04 15:02:33.071,177909344, 499.2498309655695, 2178801, 26.377790638364008, 119516, 0, 0.0, 5, 
2019-12-04 15:02:34.097,185772448, 499.2498309655695, 2179266, 26.377790638364008, 119539, 0, 0.0, 5, 
2019-12-04 15:02:35.121,197407752, 499.2498309655695, 2179759, 26.377790638364008, 119565, 0, 0.0, 5, 
2019-12-04 15:02:36.145,208310912, 497.00709031116884, 2180227, 26.091726293539885, 119585, 0, 0.0, 5, 
2019-12-04 15:02:37.168,219212824, 497.00709031116884, 2180716, 26.091726293539885, 119611, 0, 0.0, 5, 
2019-12-04 15:02:38.192,229551536, 497.00709031116884, 2181185, 26.091726293539885, 119636, 0, 0.0, 5, 
2019-12-04 15:02:39.221,240014144, 497.00709031116884, 2181674, 26.091726293539885, 119663, 0, 0.0, 5, 
2019-12-04 15:02:40.245,250176776, 494.59186472299444, 2182151, 25.924481093304667, 119687, 0, 0.0, 5, 
2019-12-04 15:02:41.268,260721936, 494.59186472299444, 2182632, 25.924481093304667, 119713, 0, 0.0, 5, 
2019-12-04 15:02:42.292,272258080, 494.59186472299444, 2183129, 25.924481093304667, 119733, 0, 0.0, 5, 
2019-12-04 15:02:43.317,282339232, 494.59186472299444, 2183632, 25.924481093304667, 119752, 0, 0.0, 5, 
2019-12-04 15:02:44.342,291927856, 494.59186472299444, 2184110, 25.924481093304667, 119771, 0, 0.0, 5, 
2019-12-04 15:02:45.374,304063592, 493.39318140326935, 2184615, 25.498759090694392, 119798, 0, 0.0, 5, 
2019-12-04 15:02:46.407,314501392, 493.39318140326935, 2185120, 25.498759090694392, 119829, 0, 0.0, 5, 
2019-12-04 15:02:47.43,325778080, 493.39318140326935, 2185609, 25.498759090694392, 119849, 0, 0.0, 5, 
2019-12-04 15:02:48.455,336200640, 493.39318140326935, 2186115, 25.498759090694392, 119877, 0, 0.0, 5, 
2019-12-04 15:02:49.48,349329040, 493.39318140326935, 2186646, 25.498759090694392, 119900, 0, 0.0, 5, 
2019-12-04 15:02:50.505,360513080, 493.4416999393848, 2187165, 25.458880515638977, 119917, 0, 0.0, 5, 
2019-12-04 15:02:51.537,371919040, 493.4416999393848, 2187649, 25.458880515638977, 119943, 0, 0.0, 5, 
2019-12-04 15:02:52.562,382343808, 493.4416999393848, 2188183, 25.458880515638977, 119983, 0, 0.0, 5, 
2019-12-04 15:02:53.597,109524072, 493.4416999393848, 2188683, 25.458880515638977, 120008, 0, 0.0, 5, 
2019-12-04 15:02:54.623,119361616, 493.4416999393848, 2189179, 25.458880515638977, 120035, 0, 0.0, 5, 
2019-12-04 15:02:55.649,130028048, 493.0705701036162, 2189649, 25.534128274914814, 120060, 0, 0.0, 5, 
2019-12-04 15:02:56.674,140650400, 493.0705701036162, 2190118, 25.534128274914814, 120091, 0, 0.0, 5, 
2019-12-04 15:02:57.698,151464904, 493.0705701036162, 2190614, 25.534128274914814, 120124, 0, 0.0, 5, 
2019-12-04 15:02:58.723,162042040, 493.0705701036162, 2191117, 25.534128274914814, 120146, 0, 0.0, 5, 
2019-12-04 15:02:59.747,173337120, 493.0705701036162, 2191599, 25.534128274914814, 120173, 0, 0.0, 5, 
2019-12-04 15:03:00.772,183800256, 491.6896915612963, 2192070, 25.69930625799473, 120206, 0, 0.0, 5, 
2019-12-04 15:03:01.796,194541608, 491.6896915612963, 2192545, 25.69930625799473, 120226, 0, 0.0, 5, 
2019-12-04 15:03:02.842,195481456, 491.6896915612963, 2192563, 25.69930625799473, 120226, 0, 0.0, 5, 
2019-12-04 15:03:03.87,196346280, 491.6896915612963, 2192563, 25.69930625799473, 120226, 0, 0.0, 5, 
2019-12-04 15:03:04.896,197208968, 491.6896915612963, 2192563, 25.69930625799473, 120226, 0, 0.0, 5, 
