Timestamp, MemoryUsed, ReadLatency1, ReadCount, WriteLatency1, WriteCount, PendingTasks, WaitingOnCommit1, SRDelay, 
2019-12-04 14:54:43.721,266821664, 505.0186284473227, 1748161, 27.44531118578788, 95481, 0, 0.0, 5, 
2019-12-04 14:54:44.826,284120608, 529.1637257808569, 1749057, 28.33719085955595, 95517, 0, 0.0, 5, 
2019-12-04 14:54:45.869,301995232, 529.1637257808569, 1749915, 28.33719085955595, 95564, 0, 0.0, 5, 
2019-12-04 14:54:46.901,320389720, 529.1637257808569, 1750734, 28.33719085955595, 95609, 0, 0.0, 5, 
2019-12-04 14:54:47.943,339709600, 529.1637257808569, 1751835, 28.33719085955595, 95657, 0, 0.0, 5, 
2019-12-04 14:54:48.974,361442960, 529.1637257808569, 1752936, 28.33719085955595, 95711, 0, 0.0, 5, 
2019-12-04 14:54:50.006,382473840, 562.0443628117046, 1754130, 29.58951993292934, 95761, 0, 0.0, 5, 
2019-12-04 14:54:51.042,121399432, 562.0443628117046, 1755266, 29.58951993292934, 95818, 0, 0.0, 5, 
2019-12-04 14:54:52.068,144435240, 562.0443628117046, 1756472, 29.58951993292934, 95889, 0, 0.0, 5, 
2019-12-04 14:54:53.099,169753328, 562.0443628117046, 1757670, 29.58951993292934, 95953, 0, 0.0, 5, 
2019-12-04 14:54:54.128,191630296, 562.0443628117046, 1758890, 29.58951993292934, 96021, 0, 0.0, 5, 
2019-12-04 14:54:55.181,214494320, 609.0546999550838, 1760067, 32.2129010729849, 96069, 0, 0.0, 5, 
2019-12-04 14:54:56.207,238510496, 609.0546999550838, 1761222, 32.2129010729849, 96134, 0, 0.0, 5, 
2019-12-04 14:54:57.235,258780040, 609.0546999550838, 1762408, 32.2129010729849, 96191, 0, 0.0, 5, 
2019-12-04 14:54:58.275,281172840, 609.0546999550838, 1763581, 32.2129010729849, 96251, 0, 0.0, 5, 
2019-12-04 14:54:59.305,302608440, 609.0546999550838, 1764739, 32.2129010729849, 96329, 0, 0.0, 5, 
2019-12-04 14:55:00.338,323474696, 651.0270087077606, 1765876, 34.354679248076614, 96381, 0, 0.0, 5, 
2019-12-04 14:55:01.365,346589120, 651.0270087077606, 1767106, 34.354679248076614, 96450, 0, 0.0, 5, 
2019-12-04 14:55:02.392,370084704, 651.0270087077606, 1768313, 34.354679248076614, 96505, 0, 0.0, 5, 
2019-12-04 14:55:03.419,108204800, 651.0270087077606, 1769551, 34.354679248076614, 96560, 0, 0.0, 5, 
2019-12-04 14:55:04.451,131012200, 692.8576114766596, 1770783, 36.24525471007406, 96626, 0, 0.0, 5, 
2019-12-04 14:55:05.477,152765272, 692.8576114766596, 1771968, 36.24525471007406, 96699, 0, 0.0, 5, 
2019-12-04 14:55:06.502,177681024, 692.8576114766596, 1773273, 36.24525471007406, 96761, 0, 0.0, 5, 
2019-12-04 14:55:07.526,201578440, 692.8576114766596, 1774574, 36.24525471007406, 96826, 0, 0.0, 5, 
2019-12-04 14:55:08.55,225664272, 692.8576114766596, 1775933, 36.24525471007406, 96902, 0, 0.0, 5, 
2019-12-04 14:55:09.576,247863936, 736.7006481345983, 1777103, 38.56034831898893, 96959, 0, 0.0, 5, 
2019-12-04 14:55:10.6,268322272, 736.7006481345983, 1778153, 38.56034831898893, 97009, 0, 0.0, 5, 
2019-12-04 14:55:11.624,292892568, 736.7006481345983, 1779472, 38.56034831898893, 97082, 0, 0.0, 5, 
2019-12-04 14:55:12.65,318508304, 736.7006481345983, 1780773, 38.56034831898893, 97154, 0, 0.0, 5, 
2019-12-04 14:55:13.675,341084632, 736.7006481345983, 1782080, 38.56034831898893, 97220, 0, 0.0, 5, 
2019-12-04 14:55:14.699,365716560, 774.9593439124859, 1783397, 40.67434614614096, 97290, 0, 0.0, 5, 
2019-12-04 14:55:15.725,109697832, 774.9593439124859, 1784675, 40.67434614614096, 97366, 0, 0.0, 5, 
2019-12-04 14:55:16.759,132539936, 774.9593439124859, 1785989, 40.67434614614096, 97433, 0, 0.0, 5, 
2019-12-04 14:55:17.786,156411184, 774.9593439124859, 1787377, 40.67434614614096, 97504, 0, 0.0, 5, 
2019-12-04 14:55:18.812,182826000, 774.9593439124859, 1788816, 40.67434614614096, 97568, 0, 0.0, 5, 
2019-12-04 14:55:19.834,211039088, 818.7142909085964, 1790188, 42.747246976143806, 97637, 0, 0.0, 5, 
2019-12-04 14:55:20.861,237254840, 818.7142909085964, 1791646, 42.747246976143806, 97704, 0, 0.0, 5, 
2019-12-04 14:55:21.887,262984464, 818.7142909085964, 1793086, 42.747246976143806, 97786, 0, 0.0, 5, 
2019-12-04 14:55:22.922,288311024, 818.7142909085964, 1794483, 42.747246976143806, 97864, 0, 0.0, 5, 
2019-12-04 14:55:23.945,314701168, 818.7142909085964, 1795987, 42.747246976143806, 97931, 0, 0.0, 5, 
2019-12-04 14:55:24.968,342900200, 865.5751168563877, 1797469, 44.97423014835111, 98012, 0, 0.0, 5, 
2019-12-04 14:55:26.002,368166872, 865.5751168563877, 1798879, 44.97423014835111, 98083, 0, 0.0, 5, 
2019-12-04 14:55:27.027,110053104, 865.5751168563877, 1800213, 44.97423014835111, 98150, 0, 0.0, 5, 
2019-12-04 14:55:28.062,136294456, 865.5751168563877, 1801741, 44.97423014835111, 98227, 0, 0.0, 5, 
2019-12-04 14:55:29.085,162841552, 865.5751168563877, 1803191, 44.97423014835111, 98300, 0, 0.0, 5, 
2019-12-04 14:55:30.108,188831560, 908.2893801077165, 1804658, 47.18306474815529, 98379, 0, 0.0, 5, 
2019-12-04 14:55:31.131,217600152, 908.2893801077165, 1806176, 47.18306474815529, 98461, 0, 0.0, 5, 
2019-12-04 14:55:32.155,243714136, 908.2893801077165, 1807625, 47.18306474815529, 98550, 0, 0.0, 5, 
2019-12-04 14:55:33.184,266647744, 908.2893801077165, 1808855, 47.18306474815529, 98630, 0, 0.0, 5, 
2019-12-04 14:55:34.215,290627096, 908.2893801077165, 1810147, 47.18306474815529, 98715, 0, 0.0, 5, 
2019-12-04 14:55:35.237,314058824, 943.542646817352, 1811386, 49.854935367510535, 98783, 0, 0.0, 5, 
2019-12-04 14:55:36.264,336558072, 943.542646817352, 1812577, 49.854935367510535, 98855, 0, 0.0, 5, 
2019-12-04 14:55:37.293,360544512, 943.542646817352, 1813900, 49.854935367510535, 98923, 0, 0.0, 5, 
2019-12-04 14:55:38.328,386458760, 943.542646817352, 1815314, 49.854935367510535, 99003, 0, 0.0, 5, 
2019-12-04 14:55:39.351,126242296, 943.542646817352, 1816690, 49.854935367510535, 99066, 0, 0.0, 5, 
2019-12-04 14:55:40.386,151851784, 969.9005934628185, 1818125, 51.33771686593827, 99132, 0, 0.0, 5, 
2019-12-04 14:55:41.411,178936720, 969.9005934628185, 1819560, 51.33771686593827, 99209, 0, 0.0, 5, 
2019-12-04 14:55:42.451,204469832, 969.9005934628185, 1820938, 51.33771686593827, 99279, 0, 0.0, 5, 
2019-12-04 14:55:43.481,228965528, 969.9005934628185, 1822292, 51.33771686593827, 99345, 0, 0.0, 5, 
2019-12-04 14:55:44.512,254757296, 1000.4675662993612, 1823631, 53.06973739438751, 99441, 0, 0.0, 5, 
2019-12-04 14:55:45.54,278466984, 1000.4675662993612, 1824921, 53.06973739438751, 99515, 0, 0.0, 5, 
2019-12-04 14:55:46.569,302564728, 1000.4675662993612, 1826283, 53.06973739438751, 99583, 0, 0.0, 5, 
2019-12-04 14:55:47.6,328589712, 1000.4675662993612, 1827710, 53.06973739438751, 99675, 0, 0.0, 5, 
2019-12-04 14:55:48.641,351668728, 1000.4675662993612, 1828984, 53.06973739438751, 99743, 0, 0.0, 5, 
2019-12-04 14:55:49.675,377327656, 1023.7612215733596, 1830310, 54.615299856388155, 99819, 0, 0.0, 5, 
2019-12-04 14:55:50.708,120343944, 1023.7612215733596, 1831661, 54.615299856388155, 99897, 0, 0.0, 5, 
2019-12-04 14:55:51.732,147869352, 1023.7612215733596, 1833153, 54.615299856388155, 99971, 0, 0.0, 5, 
2019-12-04 14:55:52.766,173580904, 1023.7612215733596, 1834626, 54.615299856388155, 100065, 0, 0.0, 5, 
2019-12-04 14:55:53.796,199480624, 1023.7612215733596, 1836061, 54.615299856388155, 100140, 0, 0.0, 5, 
2019-12-04 14:55:54.822,224774960, 1053.4278442976824, 1837486, 56.533010596310795, 100222, 0, 0.0, 5, 
2019-12-04 14:55:55.85,259513328, 1053.4278442976824, 1838872, 56.533010596310795, 100306, 0, 0.0, 5, 
2019-12-04 14:55:56.875,290377064, 1053.4278442976824, 1840340, 56.533010596310795, 100379, 0, 0.0, 5, 
2019-12-04 14:55:57.899,317907584, 1053.4278442976824, 1841780, 56.533010596310795, 100476, 0, 0.0, 5, 
2019-12-04 14:55:58.926,339149648, 1053.4278442976824, 1842983, 56.533010596310795, 100543, 0, 0.0, 5, 
2019-12-04 14:55:59.954,362084808, 1074.7897504016069, 1844200, 58.10549624656166, 100625, 0, 0.0, 5, 
2019-12-04 14:56:00.986,387843776, 1074.7897504016069, 1845610, 58.10549624656166, 100697, 0, 0.0, 5, 
2019-12-04 14:56:02.013,128487608, 1074.7897504016069, 1846958, 58.10549624656166, 100769, 0, 0.0, 5, 
2019-12-04 14:56:03.036,154786240, 1074.7897504016069, 1848385, 58.10549624656166, 100844, 0, 0.0, 5, 
2019-12-04 14:56:04.062,182642576, 1074.7897504016069, 1849916, 58.10549624656166, 100932, 0, 0.0, 5, 
2019-12-04 14:56:05.101,206684392, 1097.8497607351494, 1851280, 59.66419070567867, 101015, 0, 0.0, 5, 
2019-12-04 14:56:06.136,231255448, 1097.8497607351494, 1852606, 59.66419070567867, 101085, 0, 0.0, 5, 
2019-12-04 14:56:07.16,257849656, 1097.8497607351494, 1854030, 59.66419070567867, 101174, 0, 0.0, 5, 
2019-12-04 14:56:08.186,282468072, 1097.8497607351494, 1855483, 59.66419070567867, 101252, 0, 0.0, 5, 
2019-12-04 14:56:09.213,308678272, 1097.8497607351494, 1856890, 59.66419070567867, 101341, 0, 0.0, 5, 
2019-12-04 14:56:10.241,336448400, 1118.4263497608542, 1858265, 61.19420553934777, 101420, 0, 0.0, 5, 
2019-12-04 14:56:11.273,361923360, 1118.4263497608542, 1859713, 61.19420553934777, 101488, 0, 0.0, 5, 
2019-12-04 14:56:12.297,387807024, 1118.4263497608542, 1861143, 61.19420553934777, 101561, 0, 0.0, 5, 
2019-12-04 14:56:13.32,128480648, 1118.4263497608542, 1862556, 61.19420553934777, 101640, 0, 0.0, 5, 
2019-12-04 14:56:14.349,155506808, 1118.4263497608542, 1863982, 61.19420553934777, 101715, 0, 0.0, 5, 
2019-12-04 14:56:15.383,180366352, 1139.4685530198628, 1865413, 62.10616251206684, 101786, 0, 0.0, 5, 
2019-12-04 14:56:16.413,206630048, 1139.4685530198628, 1866865, 62.10616251206684, 101862, 0, 0.0, 5, 
2019-12-04 14:56:17.445,235687016, 1139.4685530198628, 1868386, 62.10616251206684, 101942, 0, 0.0, 5, 
2019-12-04 14:56:18.479,262085664, 1139.4685530198628, 1869885, 62.10616251206684, 102025, 0, 0.0, 5, 
2019-12-04 14:56:19.507,289292312, 1163.9454720635322, 1871421, 63.24903465560786, 102106, 0, 0.0, 5, 
2019-12-04 14:56:20.533,314994760, 1163.9454720635322, 1872890, 63.24903465560786, 102187, 0, 0.0, 5, 
2019-12-04 14:56:21.556,341303928, 1163.9454720635322, 1874349, 63.24903465560786, 102252, 0, 0.0, 5, 
2019-12-04 14:56:22.586,368348264, 1163.9454720635322, 1875832, 63.24903465560786, 102322, 0, 0.0, 5, 
2019-12-04 14:56:23.61,108781448, 1163.9454720635322, 1877236, 63.24903465560786, 102397, 0, 0.0, 5, 
2019-12-04 14:56:24.634,134453584, 1183.730843697317, 1878608, 63.86876762690656, 102462, 0, 0.0, 5, 
2019-12-04 14:56:25.665,158978984, 1183.730843697317, 1880023, 63.86876762690656, 102522, 0, 0.0, 5, 
2019-12-04 14:56:26.69,186052656, 1183.730843697317, 1881418, 63.86876762690656, 102610, 0, 0.0, 5, 
2019-12-04 14:56:27.726,211123456, 1183.730843697317, 1882776, 63.86876762690656, 102670, 0, 0.0, 5, 
2019-12-04 14:56:28.753,236624824, 1183.730843697317, 1884272, 63.86876762690656, 102748, 0, 0.0, 5, 
2019-12-04 14:56:29.781,263593376, 1199.007889935779, 1885735, 64.29502943204434, 102830, 0, 0.0, 5, 
2019-12-04 14:56:30.805,290596312, 1199.007889935779, 1887229, 64.29502943204434, 102902, 0, 0.0, 5, 
2019-12-04 14:56:31.83,317330280, 1199.007889935779, 1888676, 64.29502943204434, 102975, 0, 0.0, 5, 
2019-12-04 14:56:32.855,345402976, 1199.007889935779, 1890178, 64.29502943204434, 103048, 0, 0.0, 5, 
2019-12-04 14:56:33.885,370636992, 1199.007889935779, 1891629, 64.29502943204434, 103115, 0, 0.0, 5, 
2019-12-04 14:56:34.909,114342192, 1217.5249726631941, 1893050, 64.75117369332771, 103180, 0, 0.0, 5, 
2019-12-04 14:56:35.937,137455624, 1217.5249726631941, 1894445, 64.75117369332771, 103235, 0, 0.0, 5, 
2019-12-04 14:56:36.962,164529904, 1217.5249726631941, 1895907, 64.75117369332771, 103303, 0, 0.0, 5, 
2019-12-04 14:56:37.988,190599488, 1217.5249726631941, 1897427, 64.75117369332771, 103366, 0, 0.0, 5, 
2019-12-04 14:56:39.014,217247040, 1217.5249726631941, 1898895, 64.75117369332771, 103437, 0, 0.0, 5, 
2019-12-04 14:56:40.038,244808848, 1234.049795455409, 1900393, 64.64313980974023, 103506, 0, 0.0, 5, 
2019-12-04 14:56:41.061,268645576, 1234.049795455409, 1901677, 64.64313980974023, 103565, 0, 0.0, 5, 
2019-12-04 14:56:42.083,293739952, 1234.049795455409, 1903059, 64.64313980974023, 103638, 0, 0.0, 5, 
2019-12-04 14:56:43.108,317962416, 1234.049795455409, 1904318, 64.64313980974023, 103702, 0, 0.0, 5, 
2019-12-04 14:56:44.13,340823416, 1234.049795455409, 1905590, 64.64313980974023, 103768, 0, 0.0, 5, 
2019-12-04 14:56:45.152,365031680, 1238.8431491528636, 1906907, 64.559734955629, 103835, 0, 0.0, 5, 
2019-12-04 14:56:46.173,388711328, 1238.8431491528636, 1908219, 64.559734955629, 103907, 0, 0.0, 5, 
2019-12-04 14:56:47.198,133140784, 1238.8431491528636, 1909575, 64.559734955629, 103971, 0, 0.0, 5, 
2019-12-04 14:56:48.225,156981760, 1238.8431491528636, 1910937, 64.559734955629, 104049, 0, 0.0, 5, 
2019-12-04 14:56:49.254,182263376, 1238.8431491528636, 1912330, 64.559734955629, 104108, 0, 0.0, 5, 
2019-12-04 14:56:50.279,208189920, 1245.1082170301493, 1913770, 64.72286554156301, 104184, 0, 0.0, 5, 
2019-12-04 14:56:51.314,234825728, 1245.1082170301493, 1915226, 64.72286554156301, 104273, 0, 0.0, 5, 
2019-12-04 14:56:52.339,260845536, 1245.1082170301493, 1916615, 64.72286554156301, 104347, 0, 0.0, 5, 
2019-12-04 14:56:53.374,284784856, 1245.1082170301493, 1917977, 64.72286554156301, 104414, 0, 0.0, 5, 
2019-12-04 14:56:54.403,311315760, 1254.1505367381171, 1919330, 65.72048213093598, 104503, 0, 0.0, 5, 
2019-12-04 14:56:55.43,336140736, 1254.1505367381171, 1920686, 65.72048213093598, 104566, 0, 0.0, 5, 
2019-12-04 14:56:56.453,359572008, 1254.1505367381171, 1921972, 65.72048213093598, 104647, 0, 0.0, 5, 
2019-12-04 14:56:57.484,383958152, 1254.1505367381171, 1923335, 65.72048213093598, 104690, 0, 0.0, 5, 
2019-12-04 14:56:58.513,124382136, 1254.1505367381171, 1924713, 65.72048213093598, 104762, 0, 0.0, 5, 
2019-12-04 14:56:59.538,151466416, 1261.894192266057, 1926240, 65.7108489116303, 104844, 0, 0.0, 5, 
2019-12-04 14:57:00.563,177289448, 1261.894192266057, 1927644, 65.7108489116303, 104925, 0, 0.0, 5, 
2019-12-04 14:57:01.588,204471376, 1261.894192266057, 1929063, 65.7108489116303, 105000, 0, 0.0, 5, 
2019-12-04 14:57:02.621,228796576, 1261.894192266057, 1930442, 65.7108489116303, 105076, 0, 0.0, 5, 
2019-12-04 14:57:03.645,256251544, 1261.894192266057, 1931896, 65.7108489116303, 105143, 0, 0.0, 5, 
2019-12-04 14:57:04.674,281248208, 1271.5612868981389, 1933356, 66.3416306049786, 105224, 0, 0.0, 5, 
2019-12-04 14:57:05.699,307489632, 1271.5612868981389, 1934738, 66.3416306049786, 105300, 0, 0.0, 5, 
2019-12-04 14:57:06.722,332849296, 1271.5612868981389, 1936173, 66.3416306049786, 105392, 0, 0.0, 5, 
2019-12-04 14:57:07.745,359383312, 1271.5612868981389, 1937638, 66.3416306049786, 105477, 0, 0.0, 5, 
2019-12-04 14:57:08.77,386178664, 1271.5612868981389, 1939067, 66.3416306049786, 105557, 0, 0.0, 5, 
2019-12-04 14:57:09.805,128304248, 1280.3754877347083, 1940461, 67.30576458857338, 105616, 0, 0.0, 5, 
2019-12-04 14:57:10.829,153763192, 1280.3754877347083, 1941843, 67.30576458857338, 105674, 0, 0.0, 5, 
2019-12-04 14:57:11.865,179831384, 1280.3754877347083, 1943225, 67.30576458857338, 105739, 0, 0.0, 5, 
2019-12-04 14:57:12.889,205001184, 1280.3754877347083, 1944692, 67.30576458857338, 105827, 0, 0.0, 5, 
2019-12-04 14:57:13.913,232707016, 1280.3754877347083, 1946177, 67.30576458857338, 105893, 0, 0.0, 5, 
2019-12-04 14:57:14.938,258070632, 1289.7802244668198, 1947634, 67.21735253361183, 105945, 0, 0.0, 5, 
2019-12-04 14:57:15.965,285520704, 1289.7802244668198, 1949135, 67.21735253361183, 106018, 0, 0.0, 5, 
2019-12-04 14:57:16.994,310611376, 1289.7802244668198, 1950489, 67.21735253361183, 106089, 0, 0.0, 5, 
2019-12-04 14:57:18.017,337412456, 1289.7802244668198, 1951938, 67.21735253361183, 106157, 0, 0.0, 5, 
2019-12-04 14:57:19.043,361698040, 1289.7802244668198, 1953327, 67.21735253361183, 106218, 0, 0.0, 5, 
2019-12-04 14:57:20.069,388105352, 1297.7933552852933, 1954707, 66.9281249942948, 106283, 0, 0.0, 5, 
2019-12-04 14:57:21.094,126577304, 1297.7933552852933, 1956110, 66.9281249942948, 106365, 0, 0.0, 5, 
2019-12-04 14:57:22.122,152433912, 1297.7933552852933, 1957528, 66.9281249942948, 106438, 0, 0.0, 5, 
2019-12-04 14:57:23.148,178695744, 1297.7933552852933, 1958973, 66.9281249942948, 106514, 0, 0.0, 5, 
2019-12-04 14:57:24.171,205394208, 1297.7933552852933, 1960424, 66.9281249942948, 106589, 0, 0.0, 5, 
2019-12-04 14:57:25.195,232240800, 1305.0698448360788, 1961891, 67.349640846377, 106655, 0, 0.0, 5, 
2019-12-04 14:57:26.222,259791416, 1305.0698448360788, 1963431, 67.349640846377, 106732, 0, 0.0, 5, 
2019-12-04 14:57:27.251,287190472, 1305.0698448360788, 1964953, 67.349640846377, 106815, 0, 0.0, 5, 
2019-12-04 14:57:28.287,314305136, 1305.0698448360788, 1966467, 67.349640846377, 106890, 0, 0.0, 5, 
2019-12-04 14:57:29.317,342008424, 1305.0698448360788, 1967996, 67.349640846377, 106979, 0, 0.0, 5, 
2019-12-04 14:57:30.342,368675544, 1317.569313903299, 1969521, 68.05727649324565, 107039, 0, 0.0, 5, 
2019-12-04 14:57:31.368,112946128, 1317.569313903299, 1970974, 68.05727649324565, 107116, 0, 0.0, 5, 
2019-12-04 14:57:32.396,139683768, 1317.569313903299, 1972422, 68.05727649324565, 107196, 0, 0.0, 5, 
2019-12-04 14:57:33.421,165890224, 1317.569313903299, 1973941, 68.05727649324565, 107261, 0, 0.0, 5, 
2019-12-04 14:57:34.446,193061152, 1328.989425019056, 1975461, 68.45247484455359, 107348, 0, 0.0, 5, 
2019-12-04 14:57:35.474,219715120, 1328.989425019056, 1976898, 68.45247484455359, 107426, 0, 0.0, 5, 
2019-12-04 14:57:36.498,244327424, 1328.989425019056, 1978225, 68.45247484455359, 107494, 0, 0.0, 5, 
2019-12-04 14:57:37.525,273210544, 1328.989425019056, 1979807, 68.45247484455359, 107573, 0, 0.0, 5, 
2019-12-04 14:57:38.554,299447272, 1328.989425019056, 1981237, 68.45247484455359, 107657, 0, 0.0, 5, 
2019-12-04 14:57:39.582,324457672, 1334.8909927482036, 1982621, 69.03995051938308, 107746, 0, 0.0, 5, 
2019-12-04 14:57:40.609,352432576, 1334.8909927482036, 1984107, 69.03995051938308, 107819, 0, 0.0, 5, 
2019-12-04 14:57:41.633,378506984, 1334.8909927482036, 1985627, 69.03995051938308, 107897, 0, 0.0, 5, 
2019-12-04 14:57:42.661,122511824, 1334.8909927482036, 1987167, 69.03995051938308, 107967, 0, 0.0, 5, 
2019-12-04 14:57:43.686,153128536, 1334.8909927482036, 1988583, 69.03995051938308, 108031, 0, 0.0, 5, 
2019-12-04 14:57:44.709,179486648, 1343.6468495263825, 1990074, 69.4205430619992, 108124, 0, 0.0, 5, 
2019-12-04 14:57:45.738,205906264, 1343.6468495263825, 1991501, 69.4205430619992, 108205, 0, 0.0, 5, 
2019-12-04 14:57:46.763,233772600, 1343.6468495263825, 1993040, 69.4205430619992, 108293, 0, 0.0, 5, 
2019-12-04 14:57:47.791,259996568, 1343.6468495263825, 1994497, 69.4205430619992, 108372, 0, 0.0, 5, 
2019-12-04 14:57:48.817,287322584, 1343.6468495263825, 1996024, 69.4205430619992, 108450, 0, 0.0, 5, 
2019-12-04 14:57:49.844,313249096, 1351.510733245551, 1997440, 70.20246526608437, 108526, 0, 0.0, 5, 
2019-12-04 14:57:50.869,338748232, 1351.510733245551, 1998877, 70.20246526608437, 108604, 0, 0.0, 5, 
2019-12-04 14:57:51.893,366692944, 1351.510733245551, 2000366, 70.20246526608437, 108687, 0, 0.0, 5, 
2019-12-04 14:57:52.917,108512056, 1351.510733245551, 2001785, 70.20246526608437, 108763, 0, 0.0, 5, 
2019-12-04 14:57:53.939,133634640, 1351.510733245551, 2003265, 70.20246526608437, 108838, 0, 0.0, 5, 
2019-12-04 14:57:54.962,160551568, 1357.1147615971045, 2004703, 70.77794836896038, 108925, 0, 0.0, 5, 
2019-12-04 14:57:55.986,185997192, 1357.1147615971045, 2006088, 70.77794836896038, 108998, 0, 0.0, 5, 
2019-12-04 14:57:57.008,212790544, 1357.1147615971045, 2007558, 70.77794836896038, 109066, 0, 0.0, 5, 
2019-12-04 14:57:58.033,239164696, 1357.1147615971045, 2009007, 70.77794836896038, 109137, 0, 0.0, 5, 
2019-12-04 14:57:59.057,264110992, 1357.1147615971045, 2010451, 70.77794836896038, 109219, 0, 0.0, 5, 
2019-12-04 14:58:00.088,292015040, 1360.6875959910362, 2011955, 71.06755162736296, 109303, 0, 0.0, 5, 
2019-12-04 14:58:01.12,319372776, 1360.6875959910362, 2013428, 71.06755162736296, 109383, 0, 0.0, 5, 
2019-12-04 14:58:02.145,346242216, 1360.6875959910362, 2014933, 71.06755162736296, 109461, 0, 0.0, 5, 
2019-12-04 14:58:03.169,373102000, 1360.6875959910362, 2016445, 71.06755162736296, 109541, 0, 0.0, 5, 
2019-12-04 14:58:04.196,115042280, 1360.6875959910362, 2017742, 71.06755162736296, 109602, 0, 0.0, 5, 
2019-12-04 14:58:05.221,142035688, 1364.9182382269425, 2019175, 71.20607055112163, 109676, 0, 0.0, 5, 
2019-12-04 14:58:06.25,167873992, 1364.9182382269425, 2020651, 71.20607055112163, 109745, 0, 0.0, 5, 
2019-12-04 14:58:07.278,194433984, 1364.9182382269425, 2022076, 71.20607055112163, 109819, 0, 0.0, 5, 
2019-12-04 14:58:08.309,220427008, 1364.9182382269425, 2023523, 71.20607055112163, 109902, 0, 0.0, 5, 
2019-12-04 14:58:09.334,245250912, 1364.9182382269425, 2024855, 71.20607055112163, 109979, 0, 0.0, 5, 
2019-12-04 14:58:10.357,270542024, 1366.316002722818, 2026297, 71.44545193276521, 110057, 0, 0.0, 5, 
2019-12-04 14:58:11.381,297240944, 1366.316002722818, 2027751, 71.44545193276521, 110117, 0, 0.0, 5, 
2019-12-04 14:58:12.405,323287576, 1366.316002722818, 2029216, 71.44545193276521, 110200, 0, 0.0, 5, 
2019-12-04 14:58:13.428,351927984, 1366.316002722818, 2030740, 71.44545193276521, 110291, 0, 0.0, 5, 
2019-12-04 14:58:14.453,378448208, 1372.1594765063442, 2032233, 71.9215513090988, 110375, 0, 0.0, 5, 
2019-12-04 14:58:15.476,122560144, 1372.1594765063442, 2033680, 71.9215513090988, 110452, 0, 0.0, 5, 
2019-12-04 14:58:16.5,147795776, 1372.1594765063442, 2035110, 71.9215513090988, 110514, 0, 0.0, 5, 
2019-12-04 14:58:17.525,173707752, 1372.1594765063442, 2036547, 71.9215513090988, 110612, 0, 0.0, 5, 
2019-12-04 14:58:18.547,200998760, 1372.1594765063442, 2038042, 71.9215513090988, 110697, 0, 0.0, 5, 
2019-12-04 14:58:19.577,230820896, 1377.7915897960963, 2039602, 72.3915661152513, 110772, 0, 0.0, 5, 
2019-12-04 14:58:20.602,255817416, 1377.7915897960963, 2041128, 72.3915661152513, 110849, 0, 0.0, 5, 
2019-12-04 14:58:21.629,284766528, 1377.7915897960963, 2042589, 72.3915661152513, 110931, 0, 0.0, 5, 
2019-12-04 14:58:22.651,308659088, 1377.7915897960963, 2044038, 72.3915661152513, 111003, 0, 0.0, 5, 
2019-12-04 14:58:23.673,335821480, 1377.7915897960963, 2045499, 72.3915661152513, 111086, 0, 0.0, 5, 
2019-12-04 14:58:24.696,363080712, 1383.4850999172647, 2047024, 72.72805391000017, 111169, 0, 0.0, 5, 
2019-12-04 14:58:25.724,388641088, 1383.4850999172647, 2048445, 72.72805391000017, 111251, 0, 0.0, 5, 
2019-12-04 14:58:26.749,128742896, 1383.4850999172647, 2049860, 72.72805391000017, 111321, 0, 0.0, 5, 
2019-12-04 14:58:27.774,156037792, 1383.4850999172647, 2051312, 72.72805391000017, 111409, 0, 0.0, 5, 
2019-12-04 14:58:28.797,181372392, 1383.4850999172647, 2052755, 72.72805391000017, 111472, 0, 0.0, 5, 
2019-12-04 14:58:29.829,207647448, 1384.453753845087, 2054132, 72.95768204077912, 111543, 0, 0.0, 5, 
2019-12-04 14:58:30.853,232055768, 1384.453753845087, 2055580, 72.95768204077912, 111605, 0, 0.0, 5, 
2019-12-04 14:58:31.878,259824232, 1384.453753845087, 2057066, 72.95768204077912, 111689, 0, 0.0, 5, 
2019-12-04 14:58:32.901,285203712, 1384.453753845087, 2058485, 72.95768204077912, 111758, 0, 0.0, 5, 
2019-12-04 14:58:33.938,301161792, 1384.453753845087, 2059225, 72.95768204077912, 111816, 0, 0.0, 5, 
2019-12-04 14:58:34.962,312703336, 1367.9786053385778, 2059745, 72.00159857353219, 111837, 0, 0.0, 5, 
2019-12-04 14:58:35.986,325194896, 1367.9786053385778, 2060232, 72.00159857353219, 111860, 0, 0.0, 5, 
2019-12-04 14:58:37.011,335730944, 1367.9786053385778, 2060736, 72.00159857353219, 111881, 0, 0.0, 5, 
2019-12-04 14:58:38.045,346524904, 1367.9786053385778, 2061238, 72.00159857353219, 111905, 0, 0.0, 5, 
2019-12-04 14:58:39.072,356115856, 1367.9786053385778, 2061740, 72.00159857353219, 111929, 0, 0.0, 5, 
2019-12-04 14:58:40.095,367544344, 1298.1630988155807, 2062253, 68.08364707548651, 111951, 0, 0.0, 5, 
2019-12-04 14:58:41.12,378421624, 1298.1630988155807, 2062726, 68.08364707548651, 111982, 0, 0.0, 5, 
2019-12-04 14:58:42.146,389239208, 1298.1630988155807, 2063212, 68.08364707548651, 112009, 0, 0.0, 5, 
2019-12-04 14:58:43.17,115740904, 1298.1630988155807, 2063727, 68.08364707548651, 112037, 0, 0.0, 5, 
2019-12-04 14:58:44.193,127818608, 1298.1630988155807, 2064241, 68.08364707548651, 112063, 0, 0.0, 5, 
2019-12-04 14:58:45.217,138260712, 1233.1141850137994, 2064730, 64.68684220488475, 112085, 0, 0.0, 5, 
2019-12-04 14:58:46.242,148164528, 1233.1141850137994, 2065187, 64.68684220488475, 112120, 0, 0.0, 5, 
2019-12-04 14:58:47.268,159905112, 1233.1141850137994, 2065685, 64.68684220488475, 112151, 0, 0.0, 5, 
2019-12-04 14:58:48.291,170943168, 1233.1141850137994, 2066200, 64.68684220488475, 112184, 0, 0.0, 5, 
2019-12-04 14:58:49.316,180845712, 1233.1141850137994, 2066679, 64.68684220488475, 112208, 0, 0.0, 5, 
2019-12-04 14:58:50.341,191928496, 1172.562686041504, 2067164, 61.785506495139806, 112235, 0, 0.0, 5, 
2019-12-04 14:58:51.366,203978136, 1172.562686041504, 2067675, 61.785506495139806, 112269, 0, 0.0, 5, 
2019-12-04 14:58:52.392,212699352, 1172.562686041504, 2068157, 61.785506495139806, 112282, 0, 0.0, 5, 
2019-12-04 14:58:53.417,223136040, 1172.562686041504, 2068622, 61.785506495139806, 112311, 0, 0.0, 5, 
2019-12-04 14:58:54.441,234369384, 1116.4528396877572, 2069094, 58.7643442047934, 112332, 0, 0.0, 5, 
2019-12-04 14:58:55.465,245385192, 1116.4528396877572, 2069571, 58.7643442047934, 112360, 0, 0.0, 5, 
2019-12-04 14:58:56.495,256191688, 1116.4528396877572, 2070061, 58.7643442047934, 112381, 0, 0.0, 5, 
2019-12-04 14:58:57.522,265714144, 1116.4528396877572, 2070525, 58.7643442047934, 112410, 0, 0.0, 5, 
2019-12-04 14:58:58.547,277102112, 1116.4528396877572, 2071045, 58.7643442047934, 112439, 0, 0.0, 5, 
2019-12-04 14:58:59.574,287135096, 1065.3410046906554, 2071544, 56.144651884612806, 112464, 0, 0.0, 5, 
2019-12-04 14:59:00.6,298478784, 1065.3410046906554, 2072027, 56.144651884612806, 112490, 0, 0.0, 5, 
2019-12-04 14:59:01.623,309793432, 1065.3410046906554, 2072494, 56.144651884612806, 112524, 0, 0.0, 5, 
2019-12-04 14:59:02.652,319792224, 1065.3410046906554, 2072987, 56.144651884612806, 112547, 0, 0.0, 5, 
2019-12-04 14:59:03.686,331259248, 1065.3410046906554, 2073507, 56.144651884612806, 112568, 0, 0.0, 5, 
2019-12-04 14:59:04.709,342268192, 1018.6836420728212, 2074016, 53.71842748030918, 112603, 0, 0.0, 5, 
2019-12-04 14:59:05.737,353520608, 1018.6836420728212, 2074499, 53.71842748030918, 112628, 0, 0.0, 5, 
2019-12-04 14:59:06.78,363652344, 1018.6836420728212, 2074988, 53.71842748030918, 112653, 0, 0.0, 5, 
2019-12-04 14:59:07.805,375123624, 1018.6836420728212, 2075504, 53.71842748030918, 112679, 0, 0.0, 5, 
2019-12-04 14:59:08.832,385062776, 1018.6836420728212, 2075976, 53.71842748030918, 112714, 0, 0.0, 5, 
2019-12-04 14:59:09.856,111504568, 975.6768406095771, 2076498, 51.63011332215949, 112741, 0, 0.0, 5, 
2019-12-04 14:59:10.883,121691064, 975.6768406095771, 2076969, 51.63011332215949, 112770, 0, 0.0, 5, 
2019-12-04 14:59:11.906,132766680, 975.6768406095771, 2077437, 51.63011332215949, 112801, 0, 0.0, 5, 
2019-12-04 14:59:12.938,143290256, 975.6768406095771, 2077958, 51.63011332215949, 112836, 0, 0.0, 5, 
2019-12-04 14:59:13.961,153710976, 975.6768406095771, 2078418, 51.63011332215949, 112865, 0, 0.0, 5, 
2019-12-04 14:59:14.985,166585280, 935.5170018005043, 2078935, 49.72476266203667, 112886, 0, 0.0, 5, 
2019-12-04 14:59:16.009,177048144, 935.5170018005043, 2079413, 49.72476266203667, 112915, 0, 0.0, 5, 
2019-12-04 14:59:17.033,187712456, 935.5170018005043, 2079918, 49.72476266203667, 112937, 0, 0.0, 5, 
2019-12-04 14:59:18.062,198195760, 935.5170018005043, 2080445, 49.72476266203667, 112963, 0, 0.0, 5, 
2019-12-04 14:59:19.085,209783336, 935.5170018005043, 2080928, 49.72476266203667, 112998, 0, 0.0, 5, 
2019-12-04 14:59:20.111,220353600, 899.3837133825839, 2081382, 47.9397731951321, 113027, 0, 0.0, 5, 
2019-12-04 14:59:21.136,230268568, 899.3837133825839, 2081859, 47.9397731951321, 113056, 0, 0.0, 5, 
2019-12-04 14:59:22.166,241600264, 899.3837133825839, 2082347, 47.9397731951321, 113080, 0, 0.0, 5, 
2019-12-04 14:59:23.194,252000616, 899.3837133825839, 2082826, 47.9397731951321, 113115, 0, 0.0, 5, 
2019-12-04 14:59:24.221,262793784, 899.3837133825839, 2083318, 47.9397731951321, 113143, 0, 0.0, 5, 
2019-12-04 14:59:25.247,272230608, 865.1000605816669, 2083791, 46.47340589374987, 113181, 0, 0.0, 5, 
2019-12-04 14:59:26.277,282981224, 865.1000605816669, 2084297, 46.47340589374987, 113214, 0, 0.0, 5, 
2019-12-04 14:59:27.302,294632984, 865.1000605816669, 2084806, 46.47340589374987, 113241, 0, 0.0, 5, 
2019-12-04 14:59:28.327,305846488, 865.1000605816669, 2085316, 46.47340589374987, 113270, 0, 0.0, 5, 
2019-12-04 14:59:29.354,316690448, 865.1000605816669, 2085828, 46.47340589374987, 113299, 0, 0.0, 5, 
2019-12-04 14:59:30.378,326843304, 834.9967778457644, 2086317, 45.124282848318074, 113325, 0, 0.0, 5, 
2019-12-04 14:59:31.403,336866992, 834.9967778457644, 2086787, 45.124282848318074, 113345, 0, 0.0, 5, 
2019-12-04 14:59:32.429,347928960, 834.9967778457644, 2087270, 45.124282848318074, 113372, 0, 0.0, 5, 
2019-12-04 14:59:33.456,358883608, 834.9967778457644, 2087778, 45.124282848318074, 113390, 0, 0.0, 5, 
2019-12-04 14:59:34.481,372035328, 806.8046960732919, 2088303, 43.195411691533025, 113410, 0, 0.0, 5, 
2019-12-04 14:59:35.51,381632176, 806.8046960732919, 2088779, 43.195411691533025, 113432, 0, 0.0, 5, 
2019-12-04 14:59:36.534,110896280, 806.8046960732919, 2089278, 43.195411691533025, 113457, 0, 0.0, 5, 
2019-12-04 14:59:37.559,121549200, 806.8046960732919, 2089792, 43.195411691533025, 113481, 0, 0.0, 5, 
2019-12-04 14:59:38.586,132285712, 806.8046960732919, 2090309, 43.195411691533025, 113506, 0, 0.0, 5, 
2019-12-04 14:59:39.617,142800352, 781.0106487554226, 2090788, 41.56468461086055, 113525, 0, 0.0, 5, 
2019-12-04 14:59:40.643,154129000, 781.0106487554226, 2091234, 41.56468461086055, 113550, 0, 0.0, 5, 
2019-12-04 14:59:41.668,164274408, 781.0106487554226, 2091740, 41.56468461086055, 113578, 0, 0.0, 5, 
2019-12-04 14:59:42.695,174186552, 781.0106487554226, 2092215, 41.56468461086055, 113603, 0, 0.0, 5, 
2019-12-04 14:59:43.721,185673824, 781.0106487554226, 2092694, 41.56468461086055, 113632, 0, 0.0, 5, 
2019-12-04 14:59:44.752,195697720, 755.5359478288518, 2093172, 40.36817449291164, 113664, 0, 0.0, 5, 
2019-12-04 14:59:45.778,206575744, 755.5359478288518, 2093672, 40.36817449291164, 113687, 0, 0.0, 5, 
2019-12-04 14:59:46.802,217915344, 755.5359478288518, 2094168, 40.36817449291164, 113715, 0, 0.0, 5, 
2019-12-04 14:59:47.827,229239536, 755.5359478288518, 2094666, 40.36817449291164, 113741, 0, 0.0, 5, 
2019-12-04 14:59:48.853,239212064, 755.5359478288518, 2095121, 40.36817449291164, 113761, 0, 0.0, 5, 
2019-12-04 14:59:49.877,249355160, 733.0095852002335, 2095621, 39.13940310525219, 113786, 0, 0.0, 5, 
2019-12-04 14:59:50.906,260388472, 733.0095852002335, 2096150, 39.13940310525219, 113819, 0, 0.0, 5, 
2019-12-04 14:59:51.932,273398424, 733.0095852002335, 2096687, 39.13940310525219, 113846, 0, 0.0, 5, 
2019-12-04 14:59:52.955,283824400, 733.0095852002335, 2097174, 39.13940310525219, 113869, 0, 0.0, 5, 
2019-12-04 14:59:53.983,294705048, 733.0095852002335, 2097668, 39.13940310525219, 113903, 0, 0.0, 5, 
2019-12-04 14:59:55.008,305958480, 714.5070963551633, 2098192, 38.18478114099528, 113928, 0, 0.0, 5, 
2019-12-04 14:59:56.041,317192496, 714.5070963551633, 2098693, 38.18478114099528, 113959, 0, 0.0, 5, 
2019-12-04 14:59:57.064,328716936, 714.5070963551633, 2099207, 38.18478114099528, 113983, 0, 0.0, 5, 
2019-12-04 14:59:58.092,339366760, 714.5070963551633, 2099715, 38.18478114099528, 114002, 0, 0.0, 5, 
2019-12-04 14:59:59.116,350002552, 714.5070963551633, 2100203, 38.18478114099528, 114028, 0, 0.0, 5, 
2019-12-04 15:00:00.144,359970544, 696.764384568179, 2100683, 37.0666197785862, 114061, 0, 0.0, 5, 
2019-12-04 15:00:01.168,370389648, 696.764384568179, 2101188, 37.0666197785862, 114086, 0, 0.0, 5, 
2019-12-04 15:00:02.192,381326200, 696.764384568179, 2101664, 37.0666197785862, 114106, 0, 0.0, 5, 
2019-12-04 15:00:03.213,108983096, 696.764384568179, 2102135, 37.0666197785862, 114127, 0, 0.0, 5, 
2019-12-04 15:00:04.239,118177848, 696.764384568179, 2102627, 37.0666197785862, 114162, 0, 0.0, 5, 
2019-12-04 15:00:05.265,129558024, 679.0490745027365, 2103122, 36.197772833188765, 114187, 0, 0.0, 5, 
2019-12-04 15:00:06.289,141120760, 679.0490745027365, 2103630, 36.197772833188765, 114212, 0, 0.0, 5, 
2019-12-04 15:00:07.313,150776992, 679.0490745027365, 2104116, 36.197772833188765, 114234, 0, 0.0, 5, 
2019-12-04 15:00:08.34,161612640, 679.0490745027365, 2104616, 36.197772833188765, 114261, 0, 0.0, 5, 
2019-12-04 15:00:09.366,173630600, 679.0490745027365, 2105108, 36.197772833188765, 114291, 0, 0.0, 5, 
2019-12-04 15:00:10.392,184162040, 663.2619181699719, 2105600, 35.318439468537434, 114311, 0, 0.0, 5, 
2019-12-04 15:00:11.418,195273336, 663.2619181699719, 2106100, 35.318439468537434, 114341, 0, 0.0, 5, 
2019-12-04 15:00:12.455,206169776, 663.2619181699719, 2106584, 35.318439468537434, 114367, 0, 0.0, 5, 
2019-12-04 15:00:13.48,215378072, 663.2619181699719, 2107076, 35.318439468537434, 114389, 0, 0.0, 5, 
2019-12-04 15:00:14.506,225997696, 648.641086460687, 2107578, 34.50941371779276, 114422, 0, 0.0, 5, 
2019-12-04 15:00:15.531,237713504, 648.641086460687, 2108062, 34.50941371779276, 114450, 0, 0.0, 5, 
2019-12-04 15:00:16.556,249955368, 648.641086460687, 2108601, 34.50941371779276, 114473, 0, 0.0, 5, 
2019-12-04 15:00:17.582,259444176, 648.641086460687, 2109065, 34.50941371779276, 114504, 0, 0.0, 5, 
2019-12-04 15:00:18.605,270296120, 648.641086460687, 2109567, 34.50941371779276, 114522, 0, 0.0, 5, 
2019-12-04 15:00:19.631,280593272, 635.5570676020293, 2110046, 33.7490829774547, 114550, 0, 0.0, 5, 
2019-12-04 15:00:20.654,292028320, 635.5570676020293, 2110544, 33.7490829774547, 114580, 0, 0.0, 5, 
2019-12-04 15:00:21.684,303896680, 635.5570676020293, 2111047, 33.7490829774547, 114607, 0, 0.0, 5, 
2019-12-04 15:00:22.709,313898072, 635.5570676020293, 2111544, 33.7490829774547, 114628, 0, 0.0, 5, 
2019-12-04 15:00:23.734,325109352, 635.5570676020293, 2112063, 33.7490829774547, 114653, 0, 0.0, 5, 
2019-12-04 15:00:24.759,335845488, 623.9829315253664, 2112549, 33.11350939483223, 114681, 0, 0.0, 5, 
2019-12-04 15:00:25.784,347153280, 623.9829315253664, 2113048, 33.11350939483223, 114715, 0, 0.0, 5, 
2019-12-04 15:00:26.809,358555088, 623.9829315253664, 2113511, 33.11350939483223, 114733, 0, 0.0, 5, 
2019-12-04 15:00:27.834,368974656, 623.9829315253664, 2114017, 33.11350939483223, 114761, 0, 0.0, 5, 
2019-12-04 15:00:28.86,380687552, 623.9829315253664, 2114507, 33.11350939483223, 114790, 0, 0.0, 5, 
2019-12-04 15:00:29.889,390182344, 611.7510916835336, 2114991, 32.592717938351015, 114818, 0, 0.0, 5, 
2019-12-04 15:00:30.915,119309656, 611.7510916835336, 2115519, 32.592717938351015, 114844, 0, 0.0, 5, 
2019-12-04 15:00:31.938,130691312, 611.7510916835336, 2116039, 32.592717938351015, 114867, 0, 0.0, 5, 
2019-12-04 15:00:32.963,141410464, 611.7510916835336, 2116552, 32.592717938351015, 114887, 0, 0.0, 5, 
2019-12-04 15:00:33.99,152199440, 611.7510916835336, 2116991, 32.592717938351015, 114908, 0, 0.0, 5, 
2019-12-04 15:00:35.015,161648320, 601.4727138979372, 2117449, 31.80973544322023, 114933, 0, 0.0, 5, 
2019-12-04 15:00:36.041,172610416, 601.4727138979372, 2117991, 31.80973544322023, 114956, 0, 0.0, 5, 
2019-12-04 15:00:37.077,184819984, 601.4727138979372, 2118469, 31.80973544322023, 114987, 0, 0.0, 5, 
2019-12-04 15:00:38.103,196508584, 601.4727138979372, 2118965, 31.80973544322023, 115016, 0, 0.0, 5, 
2019-12-04 15:00:39.129,207930264, 601.4727138979372, 2119480, 31.80973544322023, 115040, 0, 0.0, 5, 
2019-12-04 15:00:40.157,217213920, 592.2080432297387, 2119975, 31.29724129378638, 115063, 0, 0.0, 5, 
2019-12-04 15:00:41.183,228241616, 592.2080432297387, 2120458, 31.29724129378638, 115085, 0, 0.0, 5, 
2019-12-04 15:00:42.209,239290640, 592.2080432297387, 2120950, 31.29724129378638, 115104, 0, 0.0, 5, 
2019-12-04 15:00:43.235,251113224, 592.2080432297387, 2121447, 31.29724129378638, 115125, 0, 0.0, 5, 
2019-12-04 15:00:44.261,260396624, 592.2080432297387, 2121955, 31.29724129378638, 115151, 0, 0.0, 5, 
2019-12-04 15:00:45.292,272214224, 583.5721969085636, 2122466, 30.537883806735127, 115183, 0, 0.0, 5, 
2019-12-04 15:00:46.318,282806456, 583.5721969085636, 2122962, 30.537883806735127, 115217, 0, 0.0, 5, 
2019-12-04 15:00:47.345,293870032, 583.5721969085636, 2123471, 30.537883806735127, 115237, 0, 0.0, 5, 
2019-12-04 15:00:48.369,305235288, 583.5721969085636, 2123966, 30.537883806735127, 115263, 0, 0.0, 5, 
2019-12-04 15:00:49.396,315724552, 576.4743639400984, 2124494, 30.271001353068318, 115290, 0, 0.0, 5, 
2019-12-04 15:00:50.423,326742872, 576.4743639400984, 2124994, 30.271001353068318, 115315, 0, 0.0, 5, 
2019-12-04 15:00:51.456,338471080, 576.4743639400984, 2125486, 30.271001353068318, 115346, 0, 0.0, 5, 
2019-12-04 15:00:52.481,348639224, 576.4743639400984, 2125987, 30.271001353068318, 115365, 0, 0.0, 5, 
2019-12-04 15:00:53.505,358811768, 576.4743639400984, 2126462, 30.271001353068318, 115391, 0, 0.0, 5, 
2019-12-04 15:00:54.53,369910520, 568.1690283662612, 2126919, 29.881537588542386, 115418, 0, 0.0, 5, 
2019-12-04 15:00:55.554,378885944, 568.1690283662612, 2127414, 29.881537588542386, 115443, 0, 0.0, 5, 
2019-12-04 15:00:56.58,119423744, 568.1690283662612, 2127905, 29.881537588542386, 115465, 0, 0.0, 5, 
2019-12-04 15:00:57.604,131452456, 568.1690283662612, 2128418, 29.881537588542386, 115488, 0, 0.0, 5, 
2019-12-04 15:00:58.63,142177744, 568.1690283662612, 2128916, 29.881537588542386, 115508, 0, 0.0, 5, 
2019-12-04 15:00:59.658,152756560, 561.119422091673, 2129391, 29.395284690696705, 115543, 0, 0.0, 5, 
2019-12-04 15:01:00.683,163469816, 561.119422091673, 2129865, 29.395284690696705, 115575, 0, 0.0, 5, 
2019-12-04 15:01:01.707,174650416, 561.119422091673, 2130363, 29.395284690696705, 115597, 0, 0.0, 5, 
2019-12-04 15:01:02.731,185604592, 561.119422091673, 2130840, 29.395284690696705, 115631, 0, 0.0, 5, 
2019-12-04 15:01:03.761,196513328, 561.119422091673, 2131347, 29.395284690696705, 115657, 0, 0.0, 5, 
2019-12-04 15:01:04.79,206923248, 554.6334712134022, 2131834, 29.187777184048496, 115679, 0, 0.0, 5, 
2019-12-04 15:01:05.814,218702024, 554.6334712134022, 2132317, 29.187777184048496, 115712, 0, 0.0, 5, 
2019-12-04 15:01:06.837,229138984, 554.6334712134022, 2132829, 29.187777184048496, 115736, 0, 0.0, 5, 
2019-12-04 15:01:07.861,239943232, 554.6334712134022, 2133330, 29.187777184048496, 115756, 0, 0.0, 5, 
2019-12-04 15:01:08.885,250499128, 554.6334712134022, 2133830, 29.187777184048496, 115780, 0, 0.0, 5, 
2019-12-04 15:01:09.908,261797808, 549.4656641879958, 2134361, 28.677038720080446, 115795, 0, 0.0, 5, 
2019-12-04 15:01:10.931,273172488, 549.4656641879958, 2134855, 28.677038720080446, 115814, 0, 0.0, 5, 
2019-12-04 15:01:11.956,283147576, 549.4656641879958, 2135339, 28.677038720080446, 115841, 0, 0.0, 5, 
2019-12-04 15:01:12.981,294569376, 549.4656641879958, 2135847, 28.677038720080446, 115863, 0, 0.0, 5, 
2019-12-04 15:01:14.006,305786800, 549.4656641879958, 2136345, 28.677038720080446, 115893, 0, 0.0, 5, 
2019-12-04 15:01:15.028,315140088, 544.3912298569059, 2136818, 28.271101117266824, 115917, 0, 0.0, 5, 
2019-12-04 15:01:16.053,326871080, 544.3912298569059, 2137305, 28.271101117266824, 115946, 0, 0.0, 5, 
2019-12-04 15:01:17.079,337391072, 544.3912298569059, 2137754, 28.271101117266824, 115971, 0, 0.0, 5, 
2019-12-04 15:01:18.109,346577560, 544.3912298569059, 2138224, 28.271101117266824, 115990, 0, 0.0, 5, 
2019-12-04 15:01:19.134,358850928, 544.3912298569059, 2138719, 28.271101117266824, 116013, 0, 0.0, 5, 
2019-12-04 15:01:20.161,369462424, 537.2758839808405, 2139188, 27.881629376036, 116043, 0, 0.0, 5, 
2019-12-04 15:01:21.185,380210288, 537.2758839808405, 2139649, 27.881629376036, 116066, 0, 0.0, 5, 
2019-12-04 15:01:22.211,390821648, 537.2758839808405, 2140139, 27.881629376036, 116099, 0, 0.0, 5, 
2019-12-04 15:01:23.241,116490400, 537.2758839808405, 2140632, 27.881629376036, 116120, 0, 0.0, 5, 
2019-12-04 15:01:24.266,127535832, 537.2758839808405, 2141139, 27.881629376036, 116154, 0, 0.0, 5, 
2019-12-04 15:01:25.29,139614584, 532.5044637446398, 2141647, 27.82712930026919, 116178, 0, 0.0, 5, 
2019-12-04 15:01:26.316,150686048, 532.5044637446398, 2142124, 27.82712930026919, 116208, 0, 0.0, 5, 
2019-12-04 15:01:27.39,161118056, 532.5044637446398, 2142626, 27.82712930026919, 116245, 0, 0.0, 5, 
2019-12-04 15:01:28.415,171775720, 532.5044637446398, 2143140, 27.82712930026919, 116280, 0, 0.0, 5, 
2019-12-04 15:01:29.44,182764080, 528.4503586650308, 2143635, 27.904915746556146, 116301, 0, 0.0, 5, 
2019-12-04 15:01:30.465,194416976, 528.4503586650308, 2144123, 27.904915746556146, 116328, 0, 0.0, 5, 
2019-12-04 15:01:31.488,205423288, 528.4503586650308, 2144613, 27.904915746556146, 116348, 0, 0.0, 5, 
2019-12-04 15:01:32.518,216691216, 528.4503586650308, 2145114, 27.904915746556146, 116366, 0, 0.0, 5, 
2019-12-04 15:01:33.544,227352784, 528.4503586650308, 2145621, 27.904915746556146, 116389, 0, 0.0, 5, 
2019-12-04 15:01:34.568,237386136, 524.92828645218, 2146104, 27.432784751475722, 116414, 0, 0.0, 5, 
2019-12-04 15:01:35.591,248584608, 524.92828645218, 2146604, 27.432784751475722, 116444, 0, 0.0, 5, 
2019-12-04 15:01:36.626,259257088, 524.92828645218, 2147075, 27.432784751475722, 116474, 0, 0.0, 5, 
2019-12-04 15:01:37.651,268457776, 524.92828645218, 2147555, 27.432784751475722, 116497, 0, 0.0, 5, 
2019-12-04 15:01:38.676,279984208, 524.92828645218, 2148063, 27.432784751475722, 116525, 0, 0.0, 5, 
2019-12-04 15:01:39.701,290576488, 520.5044809213396, 2148542, 27.334216725035436, 116547, 0, 0.0, 5, 
2019-12-04 15:01:40.727,301692320, 520.5044809213396, 2149006, 27.334216725035436, 116586, 0, 0.0, 5, 
2019-12-04 15:01:41.754,312352040, 520.5044809213396, 2149459, 27.334216725035436, 116613, 0, 0.0, 5, 
2019-12-04 15:01:42.78,323560360, 520.5044809213396, 2149959, 27.334216725035436, 116639, 0, 0.0, 5, 
2019-12-04 15:01:43.805,333482656, 520.5044809213396, 2150429, 27.334216725035436, 116657, 0, 0.0, 5, 
2019-12-04 15:01:44.832,344365632, 516.0026231902817, 2150892, 27.147583060403203, 116673, 0, 0.0, 5, 
2019-12-04 15:01:45.861,355195256, 516.0026231902817, 2151422, 27.147583060403203, 116692, 0, 0.0, 5, 
2019-12-04 15:01:46.906,366457928, 516.0026231902817, 2151932, 27.147583060403203, 116714, 0, 0.0, 5, 
2019-12-04 15:01:47.933,377510800, 516.0026231902817, 2152435, 27.147583060403203, 116747, 0, 0.0, 5, 
2019-12-04 15:01:48.958,388011256, 516.0026231902817, 2152912, 27.147583060403203, 116769, 0, 0.0, 5, 
2019-12-04 15:01:49.983,116623648, 513.4438347197056, 2153392, 26.799969511861025, 116790, 0, 0.0, 5, 
2019-12-04 15:01:51.014,126694408, 513.4438347197056, 2153924, 26.799969511861025, 116814, 0, 0.0, 5, 
2019-12-04 15:01:52.04,137374096, 513.4438347197056, 2154398, 26.799969511861025, 116838, 0, 0.0, 5, 
2019-12-04 15:01:53.066,148628728, 513.4438347197056, 2154904, 26.799969511861025, 116862, 0, 0.0, 5, 
2019-12-04 15:01:54.094,159654672, 513.4438347197056, 2155393, 26.799969511861025, 116888, 0, 0.0, 5, 
2019-12-04 15:01:55.12,170893560, 511.1376090303565, 2155904, 26.51213184222359, 116911, 0, 0.0, 5, 
2019-12-04 15:01:56.146,180923728, 511.1376090303565, 2156396, 26.51213184222359, 116939, 0, 0.0, 5, 
2019-12-04 15:01:57.171,191475992, 511.1376090303565, 2156859, 26.51213184222359, 116971, 0, 0.0, 5, 
2019-12-04 15:01:58.196,201871360, 511.1376090303565, 2157351, 26.51213184222359, 117001, 0, 0.0, 5, 
2019-12-04 15:01:59.222,213398552, 511.1376090303565, 2157844, 26.51213184222359, 117025, 0, 0.0, 5, 
2019-12-04 15:02:00.246,224916416, 508.3441520488825, 2158328, 26.551139626362314, 117058, 0, 0.0, 5, 
2019-12-04 15:02:01.27,235988552, 508.3441520488825, 2158812, 26.551139626362314, 117084, 0, 0.0, 5, 
2019-12-04 15:02:02.3,246451040, 508.3441520488825, 2159303, 26.551139626362314, 117106, 0, 0.0, 5, 
2019-12-04 15:02:03.324,257094200, 508.3441520488825, 2159781, 26.551139626362314, 117130, 0, 0.0, 5, 
2019-12-04 15:02:04.349,266799008, 508.3441520488825, 2160278, 26.551139626362314, 117157, 0, 0.0, 5, 
2019-12-04 15:02:05.382,278932200, 505.6301275019029, 2160784, 26.50707293491554, 117185, 0, 0.0, 5, 
2019-12-04 15:02:06.408,289689928, 505.6301275019029, 2161269, 26.50707293491554, 117210, 0, 0.0, 5, 
2019-12-04 15:02:07.435,299245496, 505.6301275019029, 2161747, 26.50707293491554, 117228, 0, 0.0, 5, 
2019-12-04 15:02:08.465,310590720, 505.6301275019029, 2162228, 26.50707293491554, 117253, 0, 0.0, 5, 
2019-12-04 15:02:09.489,321011352, 503.4689178348442, 2162734, 26.194680631318437, 117274, 0, 0.0, 5, 
2019-12-04 15:02:10.515,331970832, 503.4689178348442, 2163237, 26.194680631318437, 117310, 0, 0.0, 5, 
2019-12-04 15:02:11.54,342950592, 503.4689178348442, 2163724, 26.194680631318437, 117340, 0, 0.0, 5, 
2019-12-04 15:02:12.563,354147488, 503.4689178348442, 2164216, 26.194680631318437, 117369, 0, 0.0, 5, 
2019-12-04 15:02:13.589,364486184, 503.4689178348442, 2164705, 26.194680631318437, 117395, 0, 0.0, 5, 
2019-12-04 15:02:14.615,374625176, 501.3845622493791, 2165165, 26.35501711529653, 117419, 0, 0.0, 5, 
2019-12-04 15:02:15.637,385612152, 501.3845622493791, 2165656, 26.35501711529653, 117444, 0, 0.0, 5, 
2019-12-04 15:02:16.661,111686864, 501.3845622493791, 2166136, 26.35501711529653, 117465, 0, 0.0, 5, 
2019-12-04 15:02:17.684,122556496, 501.3845622493791, 2166630, 26.35501711529653, 117496, 0, 0.0, 5, 
2019-12-04 15:02:18.71,132799536, 501.3845622493791, 2167136, 26.35501711529653, 117520, 0, 0.0, 5, 
2019-12-04 15:02:19.733,143714792, 499.7387115251309, 2167633, 26.134738109136762, 117542, 0, 0.0, 5, 
2019-12-04 15:02:20.759,153444280, 499.7387115251309, 2168102, 26.134738109136762, 117571, 0, 0.0, 5, 
2019-12-04 15:02:21.785,166498056, 499.7387115251309, 2168618, 26.134738109136762, 117601, 0, 0.0, 5, 
2019-12-04 15:02:22.813,177133664, 499.7387115251309, 2169102, 26.134738109136762, 117624, 0, 0.0, 5, 
2019-12-04 15:02:23.84,187780280, 499.7387115251309, 2169600, 26.134738109136762, 117656, 0, 0.0, 5, 
2019-12-04 15:02:24.863,200095456, 498.4163491638623, 2170121, 26.28387621549035, 117682, 0, 0.0, 5, 
2019-12-04 15:02:25.888,209807144, 498.4163491638623, 2170628, 26.28387621549035, 117713, 0, 0.0, 5, 
2019-12-04 15:02:26.911,220945440, 498.4163491638623, 2171091, 26.28387621549035, 117751, 0, 0.0, 5, 
2019-12-04 15:02:27.935,232336920, 498.4163491638623, 2171606, 26.28387621549035, 117779, 0, 0.0, 5, 
2019-12-04 15:02:28.961,243288424, 498.4163491638623, 2172123, 26.28387621549035, 117807, 0, 0.0, 5, 
2019-12-04 15:02:29.985,253871016, 497.2157081763352, 2172587, 26.517036599694173, 117828, 0, 0.0, 5, 
2019-12-04 15:02:31.009,264204152, 497.2157081763352, 2173104, 26.517036599694173, 117857, 0, 0.0, 5, 
2019-12-04 15:02:32.035,275235776, 497.2157081763352, 2173612, 26.517036599694173, 117891, 0, 0.0, 5, 
2019-12-04 15:02:33.059,286587672, 497.2157081763352, 2174097, 26.517036599694173, 117916, 0, 0.0, 5, 
2019-12-04 15:02:34.085,297933424, 497.2157081763352, 2174594, 26.517036599694173, 117947, 0, 0.0, 5, 
2019-12-04 15:02:35.11,309453616, 495.9831362051928, 2175039, 26.57164333815237, 117978, 0, 0.0, 5, 
2019-12-04 15:02:36.133,319393104, 495.9831362051928, 2175560, 26.57164333815237, 118008, 0, 0.0, 5, 
2019-12-04 15:02:37.157,329765144, 495.9831362051928, 2176056, 26.57164333815237, 118034, 0, 0.0, 5, 
2019-12-04 15:02:38.181,340990472, 495.9831362051928, 2176543, 26.57164333815237, 118063, 0, 0.0, 5, 
2019-12-04 15:02:39.205,351915464, 495.9831362051928, 2177048, 26.57164333815237, 118090, 0, 0.0, 5, 
2019-12-04 15:02:40.233,363242144, 495.15294647192314, 2177555, 26.66985731409437, 118117, 0, 0.0, 5, 
2019-12-04 15:02:41.257,374944384, 495.15294647192314, 2178045, 26.66985731409437, 118151, 0, 0.0, 5, 
2019-12-04 15:02:42.281,385403808, 495.15294647192314, 2178524, 26.66985731409437, 118174, 0, 0.0, 5, 
2019-12-04 15:02:43.305,111772920, 495.15294647192314, 2179004, 26.66985731409437, 118192, 0, 0.0, 5, 
2019-12-04 15:02:44.33,122546568, 495.15294647192314, 2179486, 26.66985731409437, 118219, 0, 0.0, 5, 
2019-12-04 15:02:45.359,133097616, 493.4136769032236, 2179965, 26.56832512920872, 118245, 0, 0.0, 5, 
2019-12-04 15:02:46.395,144015640, 493.4136769032236, 2180446, 26.56832512920872, 118271, 0, 0.0, 5, 
2019-12-04 15:02:47.419,154707624, 493.4136769032236, 2180958, 26.56832512920872, 118300, 0, 0.0, 5, 
2019-12-04 15:02:48.443,165702600, 493.4136769032236, 2181468, 26.56832512920872, 118322, 0, 0.0, 5, 
2019-12-04 15:02:49.469,176389176, 492.54906303641695, 2181970, 26.42693765837716, 118344, 0, 0.0, 5, 
2019-12-04 15:02:50.494,185904784, 492.54906303641695, 2182436, 26.42693765837716, 118380, 0, 0.0, 5, 
2019-12-04 15:02:51.519,197396784, 492.54906303641695, 2182939, 26.42693765837716, 118414, 0, 0.0, 5, 
2019-12-04 15:02:52.55,209352776, 492.54906303641695, 2183424, 26.42693765837716, 118430, 0, 0.0, 5, 
2019-12-04 15:02:53.575,219365080, 492.54906303641695, 2183903, 26.42693765837716, 118457, 0, 0.0, 5, 
2019-12-04 15:02:54.611,231082704, 491.2898374823005, 2184410, 26.52073054457791, 118486, 0, 0.0, 5, 
2019-12-04 15:02:55.637,241185968, 491.2898374823005, 2184904, 26.52073054457791, 118517, 0, 0.0, 5, 
2019-12-04 15:02:56.661,252426568, 491.2898374823005, 2185401, 26.52073054457791, 118535, 0, 0.0, 5, 
2019-12-04 15:02:57.687,263481832, 491.2898374823005, 2185935, 26.52073054457791, 118560, 0, 0.0, 5, 
2019-12-04 15:02:58.711,273295952, 491.2898374823005, 2186422, 26.52073054457791, 118592, 0, 0.0, 5, 
2019-12-04 15:02:59.736,285647176, 491.05877883477706, 2186929, 26.463104111991655, 118618, 0, 0.0, 5, 
2019-12-04 15:03:00.76,296623360, 491.05877883477706, 2187366, 26.463104111991655, 118652, 0, 0.0, 5, 
2019-12-04 15:03:01.785,307260888, 491.05877883477706, 2187856, 26.463104111991655, 118676, 0, 0.0, 5, 
2019-12-04 15:03:02.816,308128104, 491.05877883477706, 2187879, 26.463104111991655, 118678, 0, 0.0, 5, 
2019-12-04 15:03:03.856,309101280, 491.05877883477706, 2187879, 26.463104111991655, 118678, 0, 0.0, 5, 
2019-12-04 15:03:04.883,309963960, 469.8178756641833, 2187879, 25.41863597595927, 118678, 0, 0.0, 5, 
