Timestamp, MemoryUsed, ReadLatency1, ReadCount, WriteLatency1, WriteCount, PendingTasks, WaitingOnCommit1, SRDelay, 
2019-12-04 14:52:43.107,686891872, 263.6544439944882, 1672022, 13.764362521626056, 91056, 0, 0.0, 1, 
2019-12-04 14:52:44.19,687940448, 263.6544439944882, 1672022, 13.764362521626056, 91056, 0, 0.0, 1, 
2019-12-04 14:52:45.246,688989024, 242.57379858932856, 1672022, 12.663824858955241, 91056, 0, 0.0, 1, 
2019-12-04 14:52:46.295,690037600, 242.57379858932856, 1672022, 12.663824858955241, 91056, 0, 0.0, 1, 
2019-12-04 14:52:47.348,692134752, 242.57379858932856, 1672022, 12.663824858955241, 91056, 0, 0.0, 1, 
2019-12-04 14:52:48.39,693183328, 242.57379858932856, 1672022, 12.663824858955241, 91056, 0, 0.0, 1, 
2019-12-04 14:52:49.447,694231904, 242.57379858932856, 1672022, 12.663824858955241, 91056, 0, 0.0, 1, 
2019-12-04 14:52:50.499,694231904, 223.17866852753016, 1672022, 11.651281329325746, 91056, 0, 0.0, 1, 
2019-12-04 14:52:51.535,696329056, 223.17866852753016, 1672022, 11.651281329325746, 91056, 0, 0.0, 1, 
2019-12-04 14:52:52.578,697377632, 223.17866852753016, 1672022, 11.651281329325746, 91056, 0, 0.0, 1, 
2019-12-04 14:52:53.617,698426208, 223.17866852753016, 1672022, 11.651281329325746, 91056, 0, 0.0, 1, 
2019-12-04 14:52:54.658,701571936, 223.17866852753016, 1672022, 11.651281329325746, 91135, 0, 0.0, 1, 
2019-12-04 14:52:55.691,706814816, 205.33428744316325, 1672022, 12.974443817774153, 91288, 0, 0.0, 1, 
2019-12-04 14:52:56.74,708911968, 205.33428744316325, 1672022, 12.974443817774153, 91288, 0, 0.0, 1, 
2019-12-04 14:52:57.779,709960544, 205.33428744316325, 1672022, 12.974443817774153, 91288, 0, 0.0, 1, 
