Timestamp, MemoryUsed, ReadLatency1, ReadCount, WriteLatency1, WriteCount, PendingTasks, WaitingOnCommit1, SRDelay, 
2019-12-04 14:52:43.155,377176920, 265.81317859809513, 1651771, 14.139367251763092, 90905, 0, 0.0, 1, 
2019-12-04 14:52:44.215,377989216, 265.81317859809513, 1651771, 14.139367251763092, 90905, 0, 0.0, 1, 
2019-12-04 14:52:45.275,378746688, 244.5599303040442, 1651771, 13.008845866377397, 90905, 0, 0.0, 1, 
2019-12-04 14:52:46.326,379540656, 244.5599303040442, 1651771, 13.008845866377397, 90905, 0, 0.0, 1, 
2019-12-04 14:52:47.374,380795144, 244.5599303040442, 1651771, 13.008845866377397, 90905, 0, 0.0, 1, 
2019-12-04 14:52:48.424,381582088, 244.5599303040442, 1651771, 13.008845866377397, 90905, 0, 0.0, 1, 
2019-12-04 14:52:49.476,382339656, 244.5599303040442, 1651771, 13.008845866377397, 90905, 0, 0.0, 1, 
2019-12-04 14:52:50.516,383371920, 225.00599791837246, 1651771, 11.968715980134284, 90905, 0, 0.0, 1, 
2019-12-04 14:52:51.554,384290848, 225.00599791837246, 1651771, 11.968715980134284, 90905, 0, 0.0, 1, 
2019-12-04 14:52:52.601,385055752, 225.00599791837246, 1651771, 11.968715980134284, 90905, 0, 0.0, 1, 
2019-12-04 14:52:53.644,386170144, 225.00599791837246, 1651771, 11.968715980134284, 90905, 0, 0.0, 1, 
2019-12-04 14:52:54.671,109037144, 207.01551164289572, 1651771, 11.843288375662313, 90980, 0, 0.0, 1, 
2019-12-04 14:52:55.707,112084984, 207.01551164289572, 1651771, 11.843288375662313, 91174, 0, 0.0, 1, 
2019-12-04 14:52:56.759,113461872, 207.01551164289572, 1651771, 11.843288375662313, 91174, 0, 0.0, 1, 
2019-12-04 14:52:57.795,114349152, 207.01551164289572, 1651771, 11.843288375662313, 91174, 0, 0.0, 1, 
