Timestamp, MemoryUsed, ReadLatency1, ReadCount, WriteLatency1, WriteCount, PendingTasks, WaitingOnCommit1, SRDelay, 
2019-12-06 16:48:29.777,173229304, 946.0280131338657, 1052262, 50.44111739281953, 57238, 0, 0.0, 10, 
2019-12-06 16:48:30.953,200910776, 954.4850742595671, 1053757, 51.157430095943816, 57321, 0, 0.0, 10, 
2019-12-06 16:48:32.006,225437968, 954.4850742595671, 1055069, 51.157430095943816, 57381, 0, 0.0, 10, 
2019-12-06 16:48:33.052,251230064, 954.4850742595671, 1056498, 51.157430095943816, 57462, 0, 0.0, 10, 
2019-12-06 16:48:34.086,277704192, 954.4850742595671, 1057892, 51.157430095943816, 57538, 0, 0.0, 10, 
2019-12-06 16:48:35.116,303926240, 954.4850742595671, 1059263, 51.157430095943816, 57619, 0, 0.0, 10, 
2019-12-06 16:48:36.158,328902360, 981.9989845819302, 1060659, 52.72796327080707, 57696, 0, 0.0, 10, 
2019-12-06 16:48:37.202,354182040, 981.9989845819302, 1062084, 52.72796327080707, 57778, 0, 0.0, 10, 
2019-12-06 16:48:38.229,94835928, 981.9989845819302, 1063502, 52.72796327080707, 57851, 0, 0.0, 10, 
2019-12-06 16:48:39.262,123150416, 981.9989845819302, 1065033, 52.72796327080707, 57933, 0, 0.0, 10, 
2019-12-06 16:48:40.29,149209184, 981.9989845819302, 1066537, 52.72796327080707, 58001, 0, 0.0, 10, 
2019-12-06 16:48:41.333,166175616, 1011.5506501232785, 1067316, 54.02900349266284, 58049, 0, 0.0, 10, 
2019-12-06 16:48:42.357,181828232, 1011.5506501232785, 1068103, 54.02900349266284, 58089, 0, 0.0, 10, 
2019-12-06 16:48:43.769,204147896, 1011.5506501232785, 1069203, 54.02900349266284, 58135, 0, 0.0, 10, 
2019-12-06 16:48:44.794,221521232, 1011.5506501232785, 1070119, 54.02900349266284, 58180, 0, 0.0, 10, 
2019-12-06 16:48:45.824,243110528, 999.6092314671806, 1071218, 53.099199711129344, 58233, 0, 0.0, 10, 
2019-12-06 16:48:46.85,265365784, 999.6092314671806, 1072381, 53.099199711129344, 58301, 0, 0.0, 10, 
2019-12-06 16:48:47.878,287016088, 999.6092314671806, 1073545, 53.099199711129344, 58363, 0, 0.0, 10, 
2019-12-06 16:48:48.906,308310304, 999.6092314671806, 1074714, 53.099199711129344, 58425, 0, 0.0, 10, 
2019-12-06 16:48:49.935,331919832, 999.6092314671806, 1075905, 53.099199711129344, 58486, 0, 0.0, 10, 
2019-12-06 16:48:50.966,353149464, 1010.082675043377, 1077045, 53.82685952556762, 58544, 0, 0.0, 10, 
2019-12-06 16:48:51.992,95728704, 1010.082675043377, 1078305, 53.82685952556762, 58609, 0, 0.0, 10, 
2019-12-06 16:48:53.018,118969672, 1010.082675043377, 1079502, 53.82685952556762, 58685, 0, 0.0, 10, 
2019-12-06 16:48:54.043,142086320, 1010.082675043377, 1080724, 53.82685952556762, 58752, 0, 0.0, 10, 
2019-12-06 16:48:55.068,163297392, 1010.082675043377, 1081892, 53.82685952556762, 58806, 0, 0.0, 10, 
2019-12-06 16:48:56.092,188365216, 1024.0043276834601, 1083165, 54.464356639443494, 58862, 0, 0.0, 10, 
2019-12-06 16:48:57.124,209696112, 1024.0043276834601, 1084413, 54.464356639443494, 58902, 0, 0.0, 10, 
2019-12-06 16:48:58.147,233042976, 1024.0043276834601, 1085675, 54.464356639443494, 58971, 0, 0.0, 10, 
2019-12-06 16:48:59.173,256999792, 1024.0043276834601, 1086955, 54.464356639443494, 59043, 0, 0.0, 10, 
2019-12-06 16:49:00.2,280618016, 1024.0043276834601, 1088088, 54.464356639443494, 59098, 0, 0.0, 10, 
2019-12-06 16:49:01.226,302520040, 1038.9396850082383, 1089383, 54.81101554229528, 59168, 0, 0.0, 10, 
2019-12-06 16:49:02.252,327157920, 1038.9396850082383, 1090664, 54.81101554229528, 59254, 0, 0.0, 10, 
2019-12-06 16:49:03.284,351179888, 1038.9396850082383, 1091960, 54.81101554229528, 59310, 0, 0.0, 10, 
2019-12-06 16:49:04.308,90015520, 1038.9396850082383, 1093214, 54.81101554229528, 59372, 0, 0.0, 10, 
2019-12-06 16:49:05.333,113585720, 1038.9396850082383, 1094529, 54.81101554229528, 59431, 0, 0.0, 10, 
2019-12-06 16:49:06.36,137967904, 1056.150949500481, 1095837, 55.46577058820243, 59492, 0, 0.0, 10, 
2019-12-06 16:49:07.385,160120160, 1056.150949500481, 1097056, 55.46577058820243, 59553, 0, 0.0, 10, 
2019-12-06 16:49:08.414,183634608, 1056.150949500481, 1098328, 55.46577058820243, 59612, 0, 0.0, 10, 
2019-12-06 16:49:09.441,208627840, 1056.150949500481, 1099682, 55.46577058820243, 59682, 0, 0.0, 10, 
2019-12-06 16:49:10.465,234224464, 1056.150949500481, 1101082, 55.46577058820243, 59759, 0, 0.0, 10, 
2019-12-06 16:49:11.49,259962008, 1074.6086204654348, 1102458, 56.18011213065862, 59842, 0, 0.0, 10, 
2019-12-06 16:49:12.514,283812944, 1074.6086204654348, 1103775, 56.18011213065862, 59904, 0, 0.0, 10, 
2019-12-06 16:49:13.54,308178272, 1074.6086204654348, 1105114, 56.18011213065862, 59980, 0, 0.0, 10, 
2019-12-06 16:49:14.566,333119624, 1074.6086204654348, 1106441, 56.18011213065862, 60063, 0, 0.0, 10, 
2019-12-06 16:49:15.591,359253824, 1074.6086204654348, 1107815, 56.18011213065862, 60134, 0, 0.0, 10, 
2019-12-06 16:49:16.614,103254152, 1093.077671431701, 1109205, 57.57292946234336, 60217, 0, 0.0, 10, 
2019-12-06 16:49:17.639,129696936, 1093.077671431701, 1110740, 57.57292946234336, 60294, 0, 0.0, 10, 
2019-12-06 16:49:18.665,156839352, 1093.077671431701, 1112219, 57.57292946234336, 60358, 0, 0.0, 10, 
2019-12-06 16:49:19.696,184253560, 1093.077671431701, 1113704, 57.57292946234336, 60443, 0, 0.0, 10, 
2019-12-06 16:49:20.721,210497800, 1093.077671431701, 1115183, 57.57292946234336, 60519, 0, 0.0, 10, 
2019-12-06 16:49:21.752,237434992, 1120.9279871100566, 1116637, 58.96632108847777, 60594, 0, 0.0, 10, 
2019-12-06 16:49:22.795,264960216, 1120.9279871100566, 1118140, 58.96632108847777, 60675, 0, 0.0, 10, 
2019-12-06 16:49:23.838,291825272, 1120.9279871100566, 1119660, 58.96632108847777, 60753, 0, 0.0, 10, 
2019-12-06 16:49:24.861,318161560, 1120.9279871100566, 1121144, 58.96632108847777, 60828, 0, 0.0, 10, 
2019-12-06 16:49:25.913,345721112, 1147.2071502956308, 1122602, 60.392223325161225, 60918, 0, 0.0, 10, 
2019-12-06 16:49:26.95,371299928, 1147.2071502956308, 1124058, 60.392223325161225, 61020, 0, 0.0, 10, 
2019-12-06 16:49:27.974,112744528, 1147.2071502956308, 1125536, 60.392223325161225, 61098, 0, 0.0, 10, 
2019-12-06 16:49:29.001,139232168, 1147.2071502956308, 1127032, 60.392223325161225, 61174, 0, 0.0, 10, 
2019-12-06 16:49:30.027,163598952, 1147.2071502956308, 1128337, 60.392223325161225, 61245, 0, 0.0, 10, 
2019-12-06 16:49:31.062,188132952, 1162.1262908197261, 1129601, 61.80006341627411, 61322, 0, 0.0, 10, 
2019-12-06 16:49:32.088,213691840, 1162.1262908197261, 1131026, 61.80006341627411, 61408, 0, 0.0, 10, 
