Timestamp, MemoryUsed, ReadLatency1, ReadCount, WriteLatency1, WriteCount, PendingTasks, WaitingOnCommit1, SRDelay, 
2019-12-06 16:45:26.131,402088984, 67.54652454517172, 848068, 5.991408552734406, 46352, 0, 0.0, 10, 
2019-12-06 16:45:27.278,412574744, 66.76723546983285, 848444, 5.736237613743542, 46375, 0, 0.0, 10, 
2019-12-06 16:45:28.352,423060504, 66.76723546983285, 848936, 5.736237613743542, 46396, 0, 0.0, 10, 
2019-12-06 16:45:29.412,438789144, 66.76723546983285, 849651, 5.736237613743542, 46419, 0, 0.0, 10, 
2019-12-06 16:45:30.484,457663512, 66.76723546983285, 850307, 5.736237613743542, 46456, 0, 0.0, 10, 
2019-12-06 16:45:31.536,473392152, 106.69967451113772, 851060, 7.372429714223113, 46494, 0, 0.0, 10, 
2019-12-06 16:45:32.584,487023640, 106.69967451113772, 851694, 7.372429714223113, 46532, 0, 0.0, 10, 
2019-12-06 16:45:33.669,498557976, 106.69967451113772, 852219, 7.372429714223113, 46562, 0, 0.0, 10, 
2019-12-06 16:45:34.728,510092312, 106.69967451113772, 852704, 7.372429714223113, 46587, 0, 0.0, 10, 
2019-12-06 16:45:35.773,521626648, 106.69967451113772, 853209, 7.372429714223113, 46612, 0, 0.0, 10, 
2019-12-06 16:45:36.824,533160984, 138.72191247674627, 853683, 8.925772468752369, 46631, 0, 0.0, 10, 
2019-12-06 16:45:37.857,544695320, 138.72191247674627, 854173, 8.925772468752369, 46649, 0, 0.0, 10, 
2019-12-06 16:45:38.885,558326808, 138.72191247674627, 854706, 8.925772468752369, 46672, 0, 0.0, 10, 
2019-12-06 16:45:39.931,568812568, 138.72191247674627, 855212, 8.925772468752369, 46696, 0, 0.0, 10, 
2019-12-06 16:45:41.422,587686936, 167.89595355360103, 856032, 10.019103335505097, 46736, 0, 0.0, 10, 
2019-12-06 16:45:42.458,602367000, 167.89595355360103, 856740, 10.019103335505097, 46767, 0, 0.0, 10, 
2019-12-06 16:45:43.489,619144216, 167.89595355360103, 857587, 10.019103335505097, 46823, 0, 0.0, 10, 
2019-12-06 16:45:44.52,636970008, 167.89595355360103, 858418, 10.019103335505097, 46871, 0, 0.0, 10, 
2019-12-06 16:45:45.55,655844376, 167.89595355360103, 859341, 10.019103335505097, 46915, 0, 0.0, 10, 
2019-12-06 16:45:46.58,672621592, 218.78800717802724, 860210, 12.672101351438721, 46958, 0, 0.0, 10, 
2019-12-06 16:45:47.61,691495960, 218.78800717802724, 861137, 12.672101351438721, 47003, 0, 0.0, 10, 
2019-12-06 16:45:48.635,709321752, 218.78800717802724, 862083, 12.672101351438721, 47056, 0, 0.0, 10, 
2019-12-06 16:45:49.675,727147544, 218.78800717802724, 862971, 12.672101351438721, 47096, 0, 0.0, 10, 
2019-12-06 16:45:50.7,744973336, 218.78800717802724, 863792, 12.672101351438721, 47138, 0, 0.0, 10, 
2019-12-06 16:45:51.726,125401032, 270.5841942742527, 864609, 15.240906294614213, 47191, 0, 0.0, 10, 
2019-12-06 16:45:52.752,142178248, 270.5841942742527, 865427, 15.240906294614213, 47245, 0, 0.0, 10, 
2019-12-06 16:45:53.78,160004040, 270.5841942742527, 866300, 15.240906294614213, 47283, 0, 0.0, 10, 
2019-12-06 16:45:54.806,178878408, 270.5841942742527, 867219, 15.240906294614213, 47331, 0, 0.0, 10, 
2019-12-06 16:45:55.832,196704200, 270.5841942742527, 868143, 15.240906294614213, 47388, 0, 0.0, 10, 
2019-12-06 16:45:56.861,216627144, 317.29551100385635, 869085, 17.79621433974464, 47435, 0, 0.0, 10, 
2019-12-06 16:45:57.886,234452936, 317.29551100385635, 869992, 17.79621433974464, 47485, 0, 0.0, 10, 
2019-12-06 16:45:58.914,253327304, 317.29551100385635, 870897, 17.79621433974464, 47545, 0, 0.0, 10, 
2019-12-06 16:45:59.946,272201672, 317.29551100385635, 871819, 17.79621433974464, 47594, 0, 0.0, 10, 
2019-12-06 16:46:00.972,288978888, 317.29551100385635, 872607, 17.79621433974464, 47651, 0, 0.0, 10, 
2019-12-06 16:46:01.998,306804680, 361.2954285536542, 873512, 20.45104245873284, 47692, 0, 0.0, 10, 
2019-12-06 16:46:03.023,325679048, 361.2954285536542, 874485, 20.45104245873284, 47739, 0, 0.0, 10, 
2019-12-06 16:46:04.055,345601992, 361.2954285536542, 875382, 20.45104245873284, 47786, 0, 0.0, 10, 
2019-12-06 16:46:05.084,363427784, 361.2954285536542, 876336, 20.45104245873284, 47834, 0, 0.0, 10, 
2019-12-06 16:46:06.11,383350728, 361.2954285536542, 877291, 20.45104245873284, 47883, 0, 0.0, 10, 
2019-12-06 16:46:07.137,402225096, 405.9989618470681, 878307, 22.46184208040715, 47926, 0, 0.0, 10, 
2019-12-06 16:46:08.161,421099464, 405.9989618470681, 879276, 22.46184208040715, 47975, 0, 0.0, 10, 
2019-12-06 16:46:09.187,442070984, 405.9989618470681, 880357, 22.46184208040715, 48020, 0, 0.0, 10, 
2019-12-06 16:46:10.211,464091080, 405.9989618470681, 881340, 22.46184208040715, 48070, 0, 0.0, 10, 
2019-12-06 16:46:11.257,482965448, 405.9989618470681, 882349, 22.46184208040715, 48113, 0, 0.0, 10, 
2019-12-06 16:46:12.284,504985544, 452.45323995355665, 883450, 24.29587592419322, 48193, 0, 0.0, 10, 
2019-12-06 16:46:13.315,527005640, 452.45323995355665, 884558, 24.29587592419322, 48257, 0, 0.0, 10, 
2019-12-06 16:46:14.34,549025736, 452.45323995355665, 885697, 24.29587592419322, 48314, 0, 0.0, 10, 
2019-12-06 16:46:15.365,567900104, 452.45323995355665, 886638, 24.29587592419322, 48355, 0, 0.0, 10, 
2019-12-06 16:46:16.395,587823048, 452.45323995355665, 887713, 24.29587592419322, 48412, 0, 0.0, 10, 
2019-12-06 16:46:17.421,605648840, 499.41489396864046, 888585, 26.99070889408027, 48456, 0, 0.0, 10, 
2019-12-06 16:46:18.448,625571784, 499.41489396864046, 889665, 26.99070889408027, 48520, 0, 0.0, 10, 
2019-12-06 16:46:19.476,647591880, 499.41489396864046, 890748, 26.99070889408027, 48572, 0, 0.0, 10, 
2019-12-06 16:46:20.501,668563400, 499.41489396864046, 891858, 26.99070889408027, 48629, 0, 0.0, 10, 
2019-12-06 16:46:21.531,690583496, 541.4863321347094, 892988, 29.262190394420042, 48697, 0, 0.0, 10, 
2019-12-06 16:46:22.556,711555016, 541.4863321347094, 894114, 29.262190394420042, 48744, 0, 0.0, 10, 
2019-12-06 16:46:23.586,730429384, 541.4863321347094, 895208, 29.262190394420042, 48796, 0, 0.0, 10, 
2019-12-06 16:46:24.609,755595208, 541.4863321347094, 896531, 29.262190394420042, 48873, 0, 0.0, 10, 
2019-12-06 16:46:25.639,135099888, 541.4863321347094, 897700, 29.262190394420042, 48942, 0, 0.0, 10, 
2019-12-06 16:46:26.67,159217136, 589.6926473768605, 898965, 31.799805539817275, 49012, 0, 0.0, 10, 
2019-12-06 16:46:27.703,185431536, 589.6926473768605, 900388, 31.799805539817275, 49097, 0, 0.0, 10, 
2019-12-06 16:46:28.727,214791664, 589.6926473768605, 901838, 31.799805539817275, 49185, 0, 0.0, 10, 
2019-12-06 16:46:29.766,239957488, 589.6926473768605, 903197, 31.799805539817275, 49264, 0, 0.0, 10, 
2019-12-06 16:46:30.794,264074736, 589.6926473768605, 904541, 31.799805539817275, 49335, 0, 0.0, 10, 
2019-12-06 16:46:31.87,291337712, 652.594294271259, 906021, 35.47777801504614, 49413, 0, 0.0, 10, 
2019-12-06 16:46:32.902,318600688, 652.594294271259, 907575, 35.47777801504614, 49487, 0, 0.0, 10, 
2019-12-06 16:46:33.935,345863664, 652.594294271259, 909024, 35.47777801504614, 49574, 0, 0.0, 10, 
2019-12-06 16:46:34.96,373126640, 652.594294271259, 910556, 35.47777801504614, 49655, 0, 0.0, 10, 
2019-12-06 16:46:35.99,399341040, 652.594294271259, 912018, 35.47777801504614, 49748, 0, 0.0, 10, 
2019-12-06 16:46:37.017,426604016, 715.3598849921217, 913516, 38.95762275048566, 49813, 0, 0.0, 10, 
2019-12-06 16:46:38.042,454915568, 715.3598849921217, 915019, 38.95762275048566, 49905, 0, 0.0, 10, 
2019-12-06 16:46:39.065,480081392, 715.3598849921217, 916483, 38.95762275048566, 49960, 0, 0.0, 10, 
2019-12-06 16:46:40.089,506295792, 715.3598849921217, 917931, 38.95762275048566, 50032, 0, 0.0, 10, 
2019-12-06 16:46:41.112,532510192, 715.3598849921217, 919374, 38.95762275048566, 50120, 0, 0.0, 10, 
2019-12-06 16:46:42.137,559773168, 772.1315580242392, 920799, 41.63152759965758, 50187, 0, 0.0, 10, 
2019-12-06 16:46:43.16,585987568, 772.1315580242392, 922220, 41.63152759965758, 50257, 0, 0.0, 10, 
2019-12-06 16:46:44.186,611153392, 772.1315580242392, 923677, 41.63152759965758, 50318, 0, 0.0, 10, 
2019-12-06 16:46:45.211,638416368, 772.1315580242392, 925132, 41.63152759965758, 50390, 0, 0.0, 10, 
2019-12-06 16:46:46.233,661485040, 772.1315580242392, 926414, 41.63152759965758, 50457, 0, 0.0, 10, 
2019-12-06 16:46:47.258,688748016, 820.4941683746604, 927900, 43.69186089453508, 50546, 0, 0.0, 10, 
2019-12-06 16:46:48.282,713913840, 820.4941683746604, 929338, 43.69186089453508, 50622, 0, 0.0, 10, 
2019-12-06 16:46:49.313,740128240, 820.4941683746604, 930763, 43.69186089453508, 50701, 0, 0.0, 10, 
2019-12-06 16:46:50.336,767391216, 820.4941683746604, 932156, 43.69186089453508, 50776, 0, 0.0, 10, 
2019-12-06 16:46:51.359,150764024, 820.4941683746604, 933425, 43.69186089453508, 50849, 0, 0.0, 10, 
2019-12-06 16:46:52.385,176978424, 864.1583798166046, 934857, 46.1951214835791, 50928, 0, 0.0, 10, 
2019-12-06 16:46:53.414,204241400, 864.1583798166046, 936388, 46.1951214835791, 51021, 0, 0.0, 10, 
2019-12-06 16:46:54.438,231504376, 864.1583798166046, 937929, 46.1951214835791, 51104, 0, 0.0, 10, 
2019-12-06 16:46:55.477,257718776, 864.1583798166046, 939315, 46.1951214835791, 51178, 0, 0.0, 10, 
2019-12-06 16:46:56.515,286030328, 910.4080181611306, 940847, 48.70611692885453, 51250, 0, 0.0, 10, 
2019-12-06 16:46:57.544,312244728, 910.4080181611306, 942274, 48.70611692885453, 51333, 0, 0.0, 10, 
2019-12-06 16:46:58.568,338459128, 910.4080181611306, 943662, 48.70611692885453, 51402, 0, 0.0, 10, 
2019-12-06 16:46:59.596,362576376, 910.4080181611306, 945044, 48.70611692885453, 51459, 0, 0.0, 10, 
2019-12-06 16:47:00.622,387742200, 910.4080181611306, 946479, 48.70611692885453, 51526, 0, 0.0, 10, 
2019-12-06 16:47:01.651,412908024, 946.7072128226511, 947873, 50.232779526807214, 51595, 0, 0.0, 10, 
2019-12-06 16:47:02.681,440171000, 946.7072128226511, 949296, 50.232779526807214, 51658, 0, 0.0, 10, 
2019-12-06 16:47:03.703,466385400, 946.7072128226511, 950814, 50.232779526807214, 51739, 0, 0.0, 10, 
2019-12-06 16:47:04.725,494696952, 946.7072128226511, 952256, 50.232779526807214, 51814, 0, 0.0, 10, 
2019-12-06 16:47:05.752,520911352, 946.7072128226511, 953723, 50.232779526807214, 51889, 0, 0.0, 10, 
2019-12-06 16:47:06.778,547125752, 984.8054725463212, 955165, 52.06913708407873, 51978, 0, 0.0, 10, 
2019-12-06 16:47:07.803,573340152, 984.8054725463212, 956618, 52.06913708407873, 52061, 0, 0.0, 10, 
2019-12-06 16:47:08.828,601651704, 984.8054725463212, 958157, 52.06913708407873, 52140, 0, 0.0, 10, 
2019-12-06 16:47:09.858,626817528, 984.8054725463212, 959515, 52.06913708407873, 52191, 0, 0.0, 10, 
2019-12-06 16:47:10.883,648837624, 984.8054725463212, 960595, 52.06913708407873, 52241, 0, 0.0, 10, 
2019-12-06 16:47:11.914,667711992, 1009.2554529920295, 961576, 53.1030317978692, 52296, 0, 0.0, 10, 
2019-12-06 16:47:12.944,685537784, 1009.2554529920295, 962537, 53.1030317978692, 52345, 0, 0.0, 10, 
2019-12-06 16:47:13.975,705460728, 1009.2554529920295, 963501, 53.1030317978692, 52399, 0, 0.0, 10, 
2019-12-06 16:47:14.998,722237944, 1009.2554529920295, 964414, 53.1030317978692, 52448, 0, 0.0, 10, 
2019-12-06 16:47:16.028,743209464, 1009.2554529920295, 965445, 53.1030317978692, 52500, 0, 0.0, 10, 
2019-12-06 16:47:17.061,761035256, 1003.8780038786819, 966452, 52.838935956972605, 52555, 0, 0.0, 10, 
2019-12-06 16:47:18.086,132854584, 1003.8780038786819, 967352, 52.838935956972605, 52595, 0, 0.0, 10, 
2019-12-06 16:47:19.111,150680376, 1003.8780038786819, 968290, 52.838935956972605, 52637, 0, 0.0, 10, 
2019-12-06 16:47:20.162,168506168, 1003.8780038786819, 969177, 52.838935956972605, 52676, 0, 0.0, 10, 
2019-12-06 16:47:21.187,186331960, 1003.8780038786819, 970074, 52.838935956972605, 52716, 0, 0.0, 10, 
2019-12-06 16:47:22.211,203109176, 994.7248480664952, 970904, 51.90833801944105, 52766, 0, 0.0, 10, 
2019-12-06 16:47:23.239,220934968, 994.7248480664952, 971806, 51.90833801944105, 52806, 0, 0.0, 10, 
2019-12-06 16:47:24.263,238760760, 994.7248480664952, 972686, 51.90833801944105, 52848, 0, 0.0, 10, 
2019-12-06 16:47:25.295,256586552, 994.7248480664952, 973552, 51.90833801944105, 52888, 0, 0.0, 10, 
2019-12-06 16:47:26.321,273363768, 994.7248480664952, 974434, 51.90833801944105, 52947, 0, 0.0, 10, 
2019-12-06 16:47:27.35,290140984, 983.3451815265458, 975303, 51.38796004330641, 52994, 0, 0.0, 10, 
2019-12-06 16:47:28.375,309015352, 983.3451815265458, 976162, 51.38796004330641, 53033, 0, 0.0, 10, 
2019-12-06 16:47:29.405,326841144, 983.3451815265458, 977131, 51.38796004330641, 53091, 0, 0.0, 10, 
2019-12-06 16:47:30.429,343618360, 983.3451815265458, 978055, 51.38796004330641, 53148, 0, 0.0, 10, 
2019-12-06 16:47:31.453,363541304, 976.1855441204673, 979048, 51.16504706605379, 53197, 0, 0.0, 10, 
2019-12-06 16:47:32.477,382415672, 976.1855441204673, 980058, 51.16504706605379, 53244, 0, 0.0, 10, 
2019-12-06 16:47:33.504,406532920, 976.1855441204673, 980996, 51.16504706605379, 53303, 0, 0.0, 10, 
2019-12-06 16:47:34.529,423310136, 976.1855441204673, 981863, 51.16504706605379, 53354, 0, 0.0, 10, 
2019-12-06 16:47:35.554,437990200, 976.1855441204673, 982694, 51.16504706605379, 53394, 0, 0.0, 10, 
2019-12-06 16:47:36.579,456864568, 969.2465551386027, 983590, 50.76806382149449, 53435, 0, 0.0, 10, 
2019-12-06 16:47:37.602,473641784, 969.2465551386027, 984518, 50.76806382149449, 53490, 0, 0.0, 10, 
2019-12-06 16:47:38.632,492516152, 969.2465551386027, 985488, 50.76806382149449, 53540, 0, 0.0, 10, 
2019-12-06 16:47:39.656,510341944, 969.2465551386027, 986406, 50.76806382149449, 53596, 0, 0.0, 10, 
2019-12-06 16:47:40.684,529216312, 969.2465551386027, 987309, 50.76806382149449, 53633, 0, 0.0, 10, 
2019-12-06 16:47:41.707,550187832, 966.2684850194545, 988428, 50.54674165830351, 53682, 0, 0.0, 10, 
2019-12-06 16:47:42.735,564867896, 966.2684850194545, 989215, 50.54674165830351, 53723, 0, 0.0, 10, 
2019-12-06 16:47:43.759,582693688, 966.2684850194545, 990086, 50.54674165830351, 53769, 0, 0.0, 10, 
2019-12-06 16:47:44.781,599470904, 966.2684850194545, 990932, 50.54674165830351, 53803, 0, 0.0, 10, 
2019-12-06 16:47:45.806,617296696, 966.2684850194545, 991817, 50.54674165830351, 53850, 0, 0.0, 10, 
2019-12-06 16:47:46.829,634073912, 957.3879392834898, 992729, 49.91135527722431, 53896, 0, 0.0, 10, 
2019-12-06 16:47:47.855,653996856, 957.3879392834898, 993673, 49.91135527722431, 53965, 0, 0.0, 10, 
2019-12-06 16:47:48.878,668676920, 957.3879392834898, 994469, 49.91135527722431, 54003, 0, 0.0, 10, 
2019-12-06 16:47:49.9,686502712, 957.3879392834898, 995318, 49.91135527722431, 54056, 0, 0.0, 10, 
2019-12-06 16:47:50.924,701182776, 957.3879392834898, 995998, 49.91135527722431, 54084, 0, 0.0, 10, 
2019-12-06 16:47:51.95,715862840, 944.5000632433852, 996749, 49.40672717155153, 54115, 0, 0.0, 10, 
2019-12-06 16:47:52.974,732640056, 944.5000632433852, 997636, 49.40672717155153, 54159, 0, 0.0, 10, 
2019-12-06 16:47:53.996,749417272, 944.5000632433852, 998428, 49.40672717155153, 54204, 0, 0.0, 10, 
2019-12-06 16:47:55.021,764097336, 944.5000632433852, 999230, 49.40672717155153, 54249, 0, 0.0, 10, 
2019-12-06 16:47:56.044,137156088, 944.5000632433852, 1000160, 49.40672717155153, 54296, 0, 0.0, 10, 
2019-12-06 16:47:57.067,156030456, 935.5850104178928, 1001132, 48.94244690146232, 54340, 0, 0.0, 10, 
2019-12-06 16:47:58.089,173856248, 935.5850104178928, 1002050, 48.94244690146232, 54383, 0, 0.0, 10, 
2019-12-06 16:47:59.113,192730616, 935.5850104178928, 1002967, 48.94244690146232, 54429, 0, 0.0, 10, 
2019-12-06 16:48:00.136,208459256, 935.5850104178928, 1003827, 48.94244690146232, 54471, 0, 0.0, 10, 
2019-12-06 16:48:01.165,225236472, 935.5850104178928, 1004711, 48.94244690146232, 54517, 0, 0.0, 10, 
2019-12-06 16:48:02.188,243062264, 930.7249093281675, 1005604, 48.38735949555105, 54558, 0, 0.0, 10, 
2019-12-06 16:48:03.211,260888056, 930.7249093281675, 1006558, 48.38735949555105, 54607, 0, 0.0, 10, 
2019-12-06 16:48:04.235,280811000, 930.7249093281675, 1007551, 48.38735949555105, 54664, 0, 0.0, 10, 
2019-12-06 16:48:05.26,301782520, 930.7249093281675, 1008649, 48.38735949555105, 54725, 0, 0.0, 10, 
2019-12-06 16:48:06.283,319608312, 930.7249093281675, 1009598, 48.38735949555105, 54768, 0, 0.0, 10, 
2019-12-06 16:48:07.307,338482680, 933.3694475640222, 1010471, 48.468325759854324, 54813, 0, 0.0, 10, 
2019-12-06 16:48:08.33,357357048, 933.3694475640222, 1011389, 48.468325759854324, 54863, 0, 0.0, 10, 
2019-12-06 16:48:09.352,375182840, 933.3694475640222, 1012349, 48.468325759854324, 54912, 0, 0.0, 10, 
2019-12-06 16:48:10.376,393008632, 933.3694475640222, 1013227, 48.468325759854324, 54964, 0, 0.0, 10, 
2019-12-06 16:48:11.405,408737272, 929.8058712943931, 1014144, 48.468325759854324, 55020, 0, 0.0, 10, 
2019-12-06 16:48:12.433,427611640, 929.8058712943931, 1015031, 48.558809436174094, 55064, 0, 0.0, 10, 
2019-12-06 16:48:13.457,443340280, 929.8058712943931, 1015868, 48.558809436174094, 55115, 0, 0.0, 10, 
2019-12-06 16:48:14.48,461166072, 929.8058712943931, 1016763, 48.558809436174094, 55166, 0, 0.0, 10, 
2019-12-06 16:48:15.505,478991864, 929.8058712943931, 1017650, 48.558809436174094, 55218, 0, 0.0, 10, 
2019-12-06 16:48:16.529,495769080, 924.6562621537414, 1018566, 48.56210285181654, 55268, 0, 0.0, 10, 
2019-12-06 16:48:17.551,514643448, 924.6562621537414, 1019497, 48.56210285181654, 55326, 0, 0.0, 10, 
2019-12-06 16:48:18.577,534566392, 924.6562621537414, 1020423, 48.56210285181654, 55389, 0, 0.0, 10, 
2019-12-06 16:48:19.602,551343608, 924.6562621537414, 1021345, 48.56210285181654, 55429, 0, 0.0, 10, 
2019-12-06 16:48:20.626,571266552, 924.6562621537414, 1022387, 48.56210285181654, 55487, 0, 0.0, 10, 
2019-12-06 16:48:21.65,592238072, 926.458759909682, 1023470, 48.948919750262675, 55540, 0, 0.0, 10, 
2019-12-06 16:48:22.68,610063864, 926.458759909682, 1024391, 48.948919750262675, 55593, 0, 0.0, 10, 
2019-12-06 16:48:23.704,629986808, 926.458759909682, 1025385, 48.948919750262675, 55640, 0, 0.0, 10, 
2019-12-06 16:48:24.727,647812600, 926.458759909682, 1026282, 48.948919750262675, 55691, 0, 0.0, 10, 
2019-12-06 16:48:25.756,665638392, 926.458759909682, 1027264, 48.948919750262675, 55747, 0, 0.0, 10, 
2019-12-06 16:48:26.781,682415608, 925.8304081608159, 1028064, 49.16088842349506, 55808, 0, 0.0, 10, 
2019-12-06 16:48:27.81,700241400, 925.8304081608159, 1028973, 49.16088842349506, 55853, 0, 0.0, 10, 
2019-12-06 16:48:28.836,724358648, 925.8304081608159, 1030047, 49.16088842349506, 55895, 0, 0.0, 10, 
2019-12-06 16:48:29.86,747427320, 925.8304081608159, 1031241, 49.16088842349506, 55963, 0, 0.0, 10, 
2019-12-06 16:48:30.943,133979640, 925.8304081608159, 1032605, 49.16088842349506, 56042, 0, 0.0, 10, 
2019-12-06 16:48:31.98,154951160, 935.7104872103334, 1033855, 49.59577577349094, 56109, 0, 0.0, 10, 
2019-12-06 16:48:33.007,181165560, 935.7104872103334, 1035242, 49.59577577349094, 56178, 0, 0.0, 10, 
2019-12-06 16:48:34.036,205282808, 935.7104872103334, 1036531, 49.59577577349094, 56244, 0, 0.0, 10, 
2019-12-06 16:48:35.058,230448632, 935.7104872103334, 1037900, 49.59577577349094, 56326, 0, 0.0, 10, 
2019-12-06 16:48:36.082,256663032, 935.7104872103334, 1039294, 49.59577577349094, 56388, 0, 0.0, 10, 
2019-12-06 16:48:37.105,281828856, 966.7564024987261, 1040654, 51.163242997259474, 56454, 0, 0.0, 10, 
2019-12-06 16:48:38.128,306994680, 966.7564024987261, 1042068, 51.163242997259474, 56522, 0, 0.0, 10, 
2019-12-06 16:48:39.149,336354808, 966.7564024987261, 1043583, 51.163242997259474, 56593, 0, 0.0, 10, 
2019-12-06 16:48:40.181,361520632, 966.7564024987261, 1045014, 51.163242997259474, 56688, 0, 0.0, 10, 
2019-12-06 16:48:41.204,378297848, 966.7564024987261, 1045808, 51.163242997259474, 56723, 0, 0.0, 10, 
2019-12-06 16:48:42.23,395075064, 989.7231324809195, 1046559, 52.30155123719367, 56772, 0, 0.0, 10, 
2019-12-06 16:48:43.254,412900856, 989.7231324809195, 1047372, 52.30155123719367, 56825, 0, 0.0, 10, 
2019-12-06 16:48:44.285,430726648, 989.7231324809195, 1048255, 52.30155123719367, 56866, 0, 0.0, 10, 
2019-12-06 16:48:45.308,449601016, 989.7231324809195, 1049236, 52.30155123719367, 56902, 0, 0.0, 10, 
2019-12-06 16:48:46.331,472669688, 989.7231324809195, 1050361, 52.30155123719367, 56961, 0, 0.0, 10, 
2019-12-06 16:48:47.355,494689784, 982.6132313704134, 1051530, 51.82968925342881, 57022, 0, 0.0, 10, 
2019-12-06 16:48:48.377,518807032, 982.6132313704134, 1052735, 51.82968925342881, 57081, 0, 0.0, 10, 
2019-12-06 16:48:49.4,540827128, 982.6132313704134, 1053875, 51.82968925342881, 57146, 0, 0.0, 10, 
2019-12-06 16:48:50.421,562847224, 982.6132313704134, 1054974, 51.82968925342881, 57203, 0, 0.0, 10, 
2019-12-06 16:48:51.445,585915896, 994.4775823174552, 1056139, 52.371013412312294, 57263, 0, 0.0, 10, 
2019-12-06 16:48:52.467,606887416, 994.4775823174552, 1057265, 52.371013412312294, 57333, 0, 0.0, 10, 
2019-12-06 16:48:53.489,629956088, 994.4775823174552, 1058411, 52.371013412312294, 57408, 0, 0.0, 10, 
2019-12-06 16:48:54.51,654073336, 994.4775823174552, 1059562, 52.371013412312294, 57476, 0, 0.0, 10, 
2019-12-06 16:48:55.531,675044856, 994.4775823174552, 1060664, 52.371013412312294, 57545, 0, 0.0, 10, 
2019-12-06 16:48:56.553,697064952, 1003.9381204857368, 1061831, 53.50870036416237, 57600, 0, 0.0, 10, 
2019-12-06 16:48:57.576,721182200, 1003.9381204857368, 1063051, 53.50870036416237, 57663, 0, 0.0, 10, 
2019-12-06 16:48:58.597,744250872, 1003.9381204857368, 1064242, 53.50870036416237, 57729, 0, 0.0, 10, 
2019-12-06 16:48:59.622,768368120, 1003.9381204857368, 1065449, 53.50870036416237, 57807, 0, 0.0, 10, 
2019-12-06 16:49:00.645,142276248, 1003.9381204857368, 1066605, 53.50870036416237, 57860, 0, 0.0, 10, 
2019-12-06 16:49:01.669,164296344, 1016.3042015968288, 1067768, 54.36352948491907, 57930, 0, 0.0, 10, 
2019-12-06 16:49:02.691,187365016, 1016.3042015968288, 1068929, 54.36352948491907, 58000, 0, 0.0, 10, 
2019-12-06 16:49:03.713,211482264, 1016.3042015968288, 1070143, 54.36352948491907, 58071, 0, 0.0, 10, 
2019-12-06 16:49:04.734,234550936, 1016.3042015968288, 1071354, 54.36352948491907, 58122, 0, 0.0, 10, 
2019-12-06 16:49:05.76,259716760, 1016.3042015968288, 1072621, 54.36352948491907, 58204, 0, 0.0, 10, 
2019-12-06 16:49:06.784,281736856, 1030.1281863662848, 1073890, 55.277939179526854, 58270, 0, 0.0, 10, 
2019-12-06 16:49:07.807,305854104, 1030.1281863662848, 1075135, 55.277939179526854, 58338, 0, 0.0, 10, 
2019-12-06 16:49:08.831,332068504, 1030.1281863662848, 1076488, 55.277939179526854, 58411, 0, 0.0, 10, 
2019-12-06 16:49:09.852,357234328, 1030.1281863662848, 1077813, 55.277939179526854, 58485, 0, 0.0, 10, 
2019-12-06 16:49:10.875,384497304, 1030.1281863662848, 1079107, 55.277939179526854, 58560, 0, 0.0, 10, 
2019-12-06 16:49:11.898,407565976, 1049.8829578539635, 1080421, 56.43905905321635, 58628, 0, 0.0, 10, 
2019-12-06 16:49:12.921,433780376, 1049.8829578539635, 1081787, 56.43905905321635, 58716, 0, 0.0, 10, 
2019-12-06 16:49:13.953,459994776, 1049.8829578539635, 1083138, 56.43905905321635, 58780, 0, 0.0, 10, 
2019-12-06 16:49:14.977,485160600, 1049.8829578539635, 1084491, 56.43905905321635, 58853, 0, 0.0, 10, 
2019-12-06 16:49:15.999,510326424, 1049.8829578539635, 1085889, 56.43905905321635, 58915, 0, 0.0, 10, 
2019-12-06 16:49:17.033,535492248, 1071.4003684919749, 1087219, 57.619278727238424, 58981, 0, 0.0, 10, 
2019-12-06 16:49:18.053,562755224, 1071.4003684919749, 1088670, 57.619278727238424, 59054, 0, 0.0, 10, 
2019-12-06 16:49:19.075,591066776, 1071.4003684919749, 1090088, 57.619278727238424, 59134, 0, 0.0, 10, 
2019-12-06 16:49:20.097,617281176, 1071.4003684919749, 1091513, 57.619278727238424, 59194, 0, 0.0, 10, 
2019-12-06 16:49:21.121,644544152, 1071.4003684919749, 1092927, 57.619278727238424, 59269, 0, 0.0, 10, 
2019-12-06 16:49:22.148,670758552, 1096.3944550158567, 1094369, 58.401302021949505, 59344, 0, 0.0, 10, 
2019-12-06 16:49:23.175,698021528, 1096.3944550158567, 1095859, 58.401302021949505, 59427, 0, 0.0, 10, 
2019-12-06 16:49:24.242,727381656, 1096.3944550158567, 1097360, 58.401302021949505, 59520, 0, 0.0, 10, 
2019-12-06 16:49:25.265,754644632, 1096.3944550158567, 1098847, 58.401302021949505, 59588, 0, 0.0, 10, 
2019-12-06 16:49:26.286,139138936, 1096.3944550158567, 1100252, 58.401302021949505, 59652, 0, 0.0, 10, 
2019-12-06 16:49:27.308,167450488, 1122.65231260404, 1101740, 59.776433986398004, 59733, 0, 0.0, 10, 
2019-12-06 16:49:28.331,193664888, 1122.65231260404, 1103180, 59.776433986398004, 59816, 0, 0.0, 10, 
2019-12-06 16:49:29.355,217782136, 1122.65231260404, 1104460, 59.776433986398004, 59888, 0, 0.0, 10, 
2019-12-06 16:49:30.377,240850808, 1122.65231260404, 1105710, 59.776433986398004, 59955, 0, 0.0, 10, 
2019-12-06 16:49:31.401,267065208, 1122.65231260404, 1107135, 59.776433986398004, 60017, 0, 0.0, 10, 
2019-12-06 16:49:32.425,290133880, 1140.2383587007107, 1108408, 60.67382077696199, 60076, 0, 0.0, 10, 
2019-12-06 16:49:33.448,318445432, 1140.2383587007107, 1109837, 60.67382077696199, 60157, 0, 0.0, 10, 
2019-12-06 16:49:34.471,343611256, 1140.2383587007107, 1111271, 60.67382077696199, 60225, 0, 0.0, 10, 
2019-12-06 16:49:35.496,369825656, 1140.2383587007107, 1112710, 60.67382077696199, 60296, 0, 0.0, 10, 
2019-12-06 16:49:36.519,397088632, 1160.0003124119726, 1114254, 61.38751866186357, 60376, 0, 0.0, 10, 
2019-12-06 16:49:37.542,430643064, 1160.0003124119726, 1115809, 61.38751866186357, 60460, 0, 0.0, 10, 
2019-12-06 16:49:38.571,465246072, 1160.0003124119726, 1117186, 61.38751866186357, 60531, 0, 0.0, 10, 
2019-12-06 16:49:39.595,489363320, 1160.0003124119726, 1118542, 61.38751866186357, 60609, 0, 0.0, 10, 
2019-12-06 16:49:40.619,516626296, 1160.0003124119726, 1119981, 61.38751866186357, 60693, 0, 0.0, 10, 
2019-12-06 16:49:41.644,544937848, 1179.685352551151, 1121475, 62.49190369267581, 60755, 0, 0.0, 10, 
2019-12-06 16:49:42.666,571152248, 1179.685352551151, 1122975, 62.49190369267581, 60837, 0, 0.0, 10, 
2019-12-06 16:49:43.691,597366648, 1179.685352551151, 1124413, 62.49190369267581, 60899, 0, 0.0, 10, 
2019-12-06 16:49:44.713,623581048, 1179.685352551151, 1125889, 62.49190369267581, 60980, 0, 0.0, 10, 
2019-12-06 16:49:45.735,649795448, 1179.685352551151, 1127402, 62.49190369267581, 61045, 0, 0.0, 10, 
2019-12-06 16:49:46.758,677058424, 1201.3784740075625, 1128880, 63.09221792794733, 61119, 0, 0.0, 10, 
2019-12-06 16:49:47.781,705369976, 1201.3784740075625, 1130300, 63.09221792794733, 61189, 0, 0.0, 10, 
2019-12-06 16:49:48.808,713758584, 1201.3784740075625, 1130769, 63.09221792794733, 61214, 0, 0.0, 10, 
2019-12-06 16:49:49.85,714807160, 1201.3784740075625, 1130769, 63.09221792794733, 61214, 0, 0.0, 10, 
2019-12-06 16:49:50.883,715855736, 1201.3784740075625, 1130769, 63.09221792794733, 61214, 0, 0.0, 10, 
