Timestamp, MemoryUsed, ReadLatency1, ReadCount, WriteLatency1, WriteCount, PendingTasks, WaitingOnCommit1, SRDelay, 
2019-12-06 16:45:26.176,355339384, 66.91820127250443, 865866, 6.063162595238745, 47405, 0, 0.0, 10, 
2019-12-06 16:45:27.297,363799864, 66.91820127250443, 866223, 6.063162595238745, 47422, 0, 0.0, 10, 
2019-12-06 16:45:28.371,89077240, 66.91820127250443, 866713, 6.063162595238745, 47442, 0, 0.0, 10, 
2019-12-06 16:45:29.42,103102480, 66.91820127250443, 867380, 6.063162595238745, 47469, 0, 0.0, 10, 
2019-12-06 16:45:30.492,118205624, 66.91820127250443, 868098, 6.063162595238745, 47500, 0, 0.0, 10, 
2019-12-06 16:45:31.544,135976688, 101.0337942567746, 868904, 7.305419524745456, 47543, 0, 0.0, 10, 
2019-12-06 16:45:32.599,148835392, 101.0337942567746, 869497, 7.305419524745456, 47576, 0, 0.0, 10, 
2019-12-06 16:45:33.691,160288616, 101.0337942567746, 870015, 7.305419524745456, 47594, 0, 0.0, 10, 
2019-12-06 16:45:34.739,172974920, 101.0337942567746, 870526, 7.305419524745456, 47624, 0, 0.0, 10, 
2019-12-06 16:45:35.786,183190512, 136.62731882421727, 871008, 8.944075703570874, 47649, 0, 0.0, 10, 
2019-12-06 16:45:36.83,195214560, 136.62731882421727, 871475, 8.944075703570874, 47678, 0, 0.0, 10, 
2019-12-06 16:45:37.863,206383792, 136.62731882421727, 872004, 8.944075703570874, 47706, 0, 0.0, 10, 
2019-12-06 16:45:38.892,219026776, 136.62731882421727, 872552, 8.944075703570874, 47734, 0, 0.0, 10, 
2019-12-06 16:45:39.937,231630480, 136.62731882421727, 873119, 8.944075703570874, 47771, 0, 0.0, 10, 
2019-12-06 16:45:41.435,250783696, 167.07222144078904, 874045, 10.403738817174624, 47808, 0, 0.0, 10, 
2019-12-06 16:45:42.467,264954832, 167.07222144078904, 874775, 10.403738817174624, 47851, 0, 0.0, 10, 
2019-12-06 16:45:43.496,282899504, 167.07222144078904, 875607, 10.403738817174624, 47891, 0, 0.0, 10, 
2019-12-06 16:45:44.527,300569200, 167.07222144078904, 876479, 10.403738817174624, 47941, 0, 0.0, 10, 
2019-12-06 16:45:45.558,318101624, 167.07222144078904, 877385, 10.403738817174624, 47985, 0, 0.0, 10, 
2019-12-06 16:45:46.588,335506632, 217.23058119477702, 878321, 12.866071907275675, 48021, 0, 0.0, 10, 
2019-12-06 16:45:47.615,354643712, 217.23058119477702, 879229, 12.866071907275675, 48081, 0, 0.0, 10, 
2019-12-06 16:45:48.643,92429968, 217.23058119477702, 880162, 12.866071907275675, 48145, 0, 0.0, 10, 
2019-12-06 16:45:49.68,110284064, 217.23058119477702, 881093, 12.866071907275675, 48188, 0, 0.0, 10, 
2019-12-06 16:45:50.706,127135952, 217.23058119477702, 881928, 12.866071907275675, 48232, 0, 0.0, 10, 
2019-12-06 16:45:51.732,143865088, 270.1427424557611, 882804, 15.707207928448982, 48270, 0, 0.0, 10, 
2019-12-06 16:45:52.758,161862760, 270.1427424557611, 883708, 15.707207928448982, 48314, 0, 0.0, 10, 
2019-12-06 16:45:53.786,178980648, 270.1427424557611, 884575, 15.707207928448982, 48352, 0, 0.0, 10, 
2019-12-06 16:45:54.812,196767616, 270.1427424557611, 885442, 15.707207928448982, 48401, 0, 0.0, 10, 
2019-12-06 16:45:55.839,213646904, 317.7049026947061, 886373, 17.905410212004142, 48450, 0, 0.0, 10, 
2019-12-06 16:45:56.867,232176800, 317.7049026947061, 887299, 17.905410212004142, 48496, 0, 0.0, 10, 
2019-12-06 16:45:57.892,250389648, 317.7049026947061, 888216, 17.905410212004142, 48550, 0, 0.0, 10, 
2019-12-06 16:45:58.919,269073112, 317.7049026947061, 889147, 17.905410212004142, 48607, 0, 0.0, 10, 
2019-12-06 16:45:59.952,287749800, 317.7049026947061, 890056, 17.905410212004142, 48646, 0, 0.0, 10, 
2019-12-06 16:46:00.978,306207568, 363.97480795089166, 890973, 20.2476762866972, 48696, 0, 0.0, 10, 
2019-12-06 16:46:02.004,324166744, 363.97480795089166, 891908, 20.2476762866972, 48748, 0, 0.0, 10, 
2019-12-06 16:46:03.03,341814432, 363.97480795089166, 892833, 20.2476762866972, 48813, 0, 0.0, 10, 
2019-12-06 16:46:04.061,361325528, 363.97480795089166, 893779, 20.2476762866972, 48862, 0, 0.0, 10, 
2019-12-06 16:46:05.09,96351776, 363.97480795089166, 894746, 20.2476762866972, 48916, 0, 0.0, 10, 
2019-12-06 16:46:06.116,114647760, 408.3041987254279, 895703, 22.818434150221815, 48962, 0, 0.0, 10, 
2019-12-06 16:46:07.143,134869544, 408.3041987254279, 896733, 22.818434150221815, 49009, 0, 0.0, 10, 
2019-12-06 16:46:08.167,153774368, 408.3041987254279, 897720, 22.818434150221815, 49071, 0, 0.0, 10, 
2019-12-06 16:46:09.194,175039408, 408.3041987254279, 898786, 22.818434150221815, 49133, 0, 0.0, 10, 
2019-12-06 16:46:10.222,194849656, 408.3041987254279, 899804, 22.818434150221815, 49187, 0, 0.0, 10, 
2019-12-06 16:46:11.264,215036544, 455.29376053622525, 900879, 25.24761003221859, 49235, 0, 0.0, 10, 
2019-12-06 16:46:12.29,235509184, 455.29376053622525, 901930, 25.24761003221859, 49302, 0, 0.0, 10, 
2019-12-06 16:46:13.322,256951200, 455.29376053622525, 903066, 25.24761003221859, 49366, 0, 0.0, 10, 
2019-12-06 16:46:14.346,277210680, 455.29376053622525, 904184, 25.24761003221859, 49420, 0, 0.0, 10, 
2019-12-06 16:46:15.372,297361256, 455.29376053622525, 905167, 25.24761003221859, 49488, 0, 0.0, 10, 
2019-12-06 16:46:16.402,316531696, 502.2681658214764, 906233, 27.882337661455367, 49527, 0, 0.0, 10, 
2019-12-06 16:46:17.428,334523768, 502.2681658214764, 907130, 27.882337661455367, 49580, 0, 0.0, 10, 
2019-12-06 16:46:18.454,357042624, 502.2681658214764, 908253, 27.882337661455367, 49634, 0, 0.0, 10, 
2019-12-06 16:46:19.482,95671024, 502.2681658214764, 909352, 27.882337661455367, 49692, 0, 0.0, 10, 
2019-12-06 16:46:20.508,116547088, 502.2681658214764, 910453, 27.882337661455367, 49751, 0, 0.0, 10, 
2019-12-06 16:46:21.537,137562496, 545.03895375663, 911637, 29.90662617395084, 49818, 0, 0.0, 10, 
2019-12-06 16:46:22.566,158010344, 545.03895375663, 912804, 29.90662617395084, 49881, 0, 0.0, 10, 
2019-12-06 16:46:23.592,179804672, 545.03895375663, 913974, 29.90662617395084, 49935, 0, 0.0, 10, 
2019-12-06 16:46:24.615,202279552, 545.03895375663, 915275, 29.90662617395084, 49989, 0, 0.0, 10, 
2019-12-06 16:46:25.648,224363544, 545.03895375663, 916419, 29.90662617395084, 50053, 0, 0.0, 10, 
2019-12-06 16:46:26.682,247170264, 593.4569416866981, 917670, 32.120866089101575, 50108, 0, 0.0, 10, 
2019-12-06 16:46:27.708,270706176, 593.4569416866981, 919071, 32.120866089101575, 50193, 0, 0.0, 10, 
2019-12-06 16:46:28.734,296997592, 593.4569416866981, 920548, 32.120866089101575, 50260, 0, 0.0, 10, 
2019-12-06 16:46:29.772,323020328, 593.4569416866981, 922005, 32.120866089101575, 50330, 0, 0.0, 10, 
2019-12-06 16:46:30.801,346225688, 654.6024205722997, 923350, 34.73374537035419, 50383, 0, 0.0, 10, 
2019-12-06 16:46:31.876,88820760, 654.6024205722997, 924825, 34.73374537035419, 50450, 0, 0.0, 10, 
2019-12-06 16:46:32.908,114253832, 654.6024205722997, 926280, 34.73374537035419, 50530, 0, 0.0, 10, 
2019-12-06 16:46:33.941,141749328, 654.6024205722997, 927812, 34.73374537035419, 50618, 0, 0.0, 10, 
2019-12-06 16:46:34.965,169817912, 654.6024205722997, 929398, 34.73374537035419, 50677, 0, 0.0, 10, 
2019-12-06 16:46:35.996,195978824, 718.2948463403055, 930895, 37.649426105543675, 50765, 0, 0.0, 10, 
2019-12-06 16:46:37.023,222123672, 718.2948463403055, 932356, 37.649426105543675, 50848, 0, 0.0, 10, 
2019-12-06 16:46:38.047,249180504, 718.2948463403055, 933913, 37.649426105543675, 50916, 0, 0.0, 10, 
2019-12-06 16:46:39.071,275185472, 718.2948463403055, 935338, 37.649426105543675, 50996, 0, 0.0, 10, 
2019-12-06 16:46:40.094,301768120, 718.2948463403055, 936876, 37.649426105543675, 51077, 0, 0.0, 10, 
2019-12-06 16:46:41.117,330358272, 778.6057564492846, 938423, 40.76374204179872, 51148, 0, 0.0, 10, 
2019-12-06 16:46:42.142,354432784, 778.6057564492846, 939844, 40.76374204179872, 51229, 0, 0.0, 10, 
2019-12-06 16:46:43.166,99954960, 778.6057564492846, 941381, 40.76374204179872, 51294, 0, 0.0, 10, 
2019-12-06 16:46:44.192,125845848, 778.6057564492846, 942900, 40.76374204179872, 51371, 0, 0.0, 10, 
2019-12-06 16:46:45.216,150666656, 778.6057564492846, 944306, 40.76374204179872, 51444, 0, 0.0, 10, 
2019-12-06 16:46:46.239,173872976, 828.3856436407958, 945618, 43.2292730974879, 51514, 0, 0.0, 10, 
2019-12-06 16:46:47.263,201043232, 828.3856436407958, 947155, 43.2292730974879, 51588, 0, 0.0, 10, 
2019-12-06 16:46:48.287,227760568, 828.3856436407958, 948661, 43.2292730974879, 51659, 0, 0.0, 10, 
2019-12-06 16:46:49.318,254561744, 828.3856436407958, 950165, 43.2292730974879, 51727, 0, 0.0, 10, 
2019-12-06 16:46:50.342,279197936, 828.3856436407958, 951521, 43.2292730974879, 51799, 0, 0.0, 10, 
2019-12-06 16:46:51.365,301663520, 875.0488711342267, 952830, 45.321768886554366, 51864, 0, 0.0, 10, 
2019-12-06 16:46:52.39,329442688, 875.0488711342267, 954370, 45.321768886554366, 51938, 0, 0.0, 10, 
2019-12-06 16:46:53.419,356385896, 875.0488711342267, 955892, 45.321768886554366, 52032, 0, 0.0, 10, 
2019-12-06 16:46:54.454,98359312, 875.0488711342267, 957369, 45.321768886554366, 52111, 0, 0.0, 10, 
2019-12-06 16:46:55.483,124476184, 875.0488711342267, 958802, 45.321768886554366, 52187, 0, 0.0, 10, 
2019-12-06 16:46:56.52,150626544, 919.74013583629, 960258, 47.838629281663366, 52277, 0, 0.0, 10, 
2019-12-06 16:46:57.549,176304016, 919.74013583629, 961743, 47.838629281663366, 52360, 0, 0.0, 10, 
2019-12-06 16:46:58.575,200992432, 919.74013583629, 963162, 47.838629281663366, 52448, 0, 0.0, 10, 
2019-12-06 16:46:59.602,226564800, 919.74013583629, 964559, 47.838629281663366, 52519, 0, 0.0, 10, 
2019-12-06 16:47:00.628,253082336, 919.74013583629, 966025, 47.838629281663366, 52591, 0, 0.0, 10, 
2019-12-06 16:47:01.66,277551008, 959.051088078767, 967446, 50.298172684252364, 52673, 0, 0.0, 10, 
2019-12-06 16:47:02.686,304721856, 959.051088078767, 968947, 50.298172684252364, 52730, 0, 0.0, 10, 
2019-12-06 16:47:03.709,332597032, 959.051088078767, 970523, 50.298172684252364, 52812, 0, 0.0, 10, 
2019-12-06 16:47:04.731,358660096, 959.051088078767, 972075, 50.298172684252364, 52888, 0, 0.0, 10, 
2019-12-06 16:47:05.758,102129360, 1000.6398988113497, 973599, 52.209257278711796, 52974, 0, 0.0, 10, 
2019-12-06 16:47:06.785,128490808, 1000.6398988113497, 975091, 52.209257278711796, 53046, 0, 0.0, 10, 
2019-12-06 16:47:07.809,152846736, 1000.6398988113497, 976526, 52.209257278711796, 53128, 0, 0.0, 10, 
2019-12-06 16:47:08.834,179151240, 1000.6398988113497, 978011, 52.209257278711796, 53212, 0, 0.0, 10, 
2019-12-06 16:47:09.864,204656040, 1000.6398988113497, 979397, 52.209257278711796, 53304, 0, 0.0, 10, 
2019-12-06 16:47:10.889,225244664, 1028.4612523875282, 980471, 54.1274511564697, 53362, 0, 0.0, 10, 
2019-12-06 16:47:11.921,242732144, 1028.4612523875282, 981425, 54.1274511564697, 53408, 0, 0.0, 10, 
2019-12-06 16:47:12.951,261499064, 1028.4612523875282, 982390, 54.1274511564697, 53459, 0, 0.0, 10, 
2019-12-06 16:47:13.981,279410504, 1028.4612523875282, 983368, 54.1274511564697, 53524, 0, 0.0, 10, 
2019-12-06 16:47:15.004,297611896, 1028.4612523875282, 984330, 54.1274511564697, 53563, 0, 0.0, 10, 
2019-12-06 16:47:16.037,317793032, 1021.8840057995585, 985359, 53.76545614901701, 53614, 0, 0.0, 10, 
2019-12-06 16:47:17.067,335526184, 1021.8840057995585, 986393, 53.76545614901701, 53677, 0, 0.0, 10, 
2019-12-06 16:47:18.091,352215960, 1021.8840057995585, 987239, 53.76545614901701, 53724, 0, 0.0, 10, 
2019-12-06 16:47:19.142,369558536, 1021.8840057995585, 988212, 53.76545614901701, 53781, 0, 0.0, 10, 
2019-12-06 16:47:20.167,103695872, 1021.8840057995585, 989080, 53.76545614901701, 53819, 0, 0.0, 10, 
2019-12-06 16:47:21.193,122105312, 1013.7378104759454, 990049, 53.49636913258302, 53872, 0, 0.0, 10, 
2019-12-06 16:47:22.219,137666384, 1013.7378104759454, 990888, 53.49636913258302, 53910, 0, 0.0, 10, 
2019-12-06 16:47:23.245,154027512, 1013.7378104759454, 991723, 53.49636913258302, 53959, 0, 0.0, 10, 
2019-12-06 16:47:24.269,169666288, 1013.7378104759454, 992546, 53.49636913258302, 54009, 0, 0.0, 10, 
2019-12-06 16:47:25.301,186298200, 1013.7378104759454, 993422, 53.49636913258302, 54064, 0, 0.0, 10, 
2019-12-06 16:47:26.326,205386392, 998.9509995821699, 994333, 52.91298366750681, 54113, 0, 0.0, 10, 
2019-12-06 16:47:27.356,221046208, 998.9509995821699, 995185, 52.91298366750681, 54159, 0, 0.0, 10, 
2019-12-06 16:47:28.382,236715528, 998.9509995821699, 996031, 52.91298366750681, 54215, 0, 0.0, 10, 
2019-12-06 16:47:29.41,256692208, 998.9509995821699, 997034, 52.91298366750681, 54267, 0, 0.0, 10, 
2019-12-06 16:47:30.435,274557592, 998.9509995821699, 997954, 52.91298366750681, 54318, 0, 0.0, 10, 
2019-12-06 16:47:31.458,294112416, 990.0158829948193, 998955, 52.58412765075126, 54365, 0, 0.0, 10, 
2019-12-06 16:47:32.483,312548016, 990.0158829948193, 999945, 52.58412765075126, 54422, 0, 0.0, 10, 
2019-12-06 16:47:33.51,330491632, 990.0158829948193, 1000934, 52.58412765075126, 54477, 0, 0.0, 10, 
2019-12-06 16:47:34.534,348284888, 990.0158829948193, 1001816, 52.58412765075126, 54518, 0, 0.0, 10, 
2019-12-06 16:47:35.56,366336544, 990.0158829948193, 1002739, 52.58412765075126, 54564, 0, 0.0, 10, 
2019-12-06 16:47:36.584,99409384, 985.1053401189116, 1003632, 52.281565509318085, 54612, 0, 0.0, 10, 
2019-12-06 16:47:37.608,116706576, 985.1053401189116, 1004541, 52.281565509318085, 54664, 0, 0.0, 10, 
2019-12-06 16:47:38.638,134123008, 985.1053401189116, 1005473, 52.281565509318085, 54713, 0, 0.0, 10, 
2019-12-06 16:47:39.662,152203904, 985.1053401189116, 1006386, 52.281565509318085, 54760, 0, 0.0, 10, 
2019-12-06 16:47:40.69,168675048, 985.1053401189116, 1007256, 52.281565509318085, 54815, 0, 0.0, 10, 
2019-12-06 16:47:41.713,190946320, 977.2292879875665, 1008423, 52.01918601808834, 54879, 0, 0.0, 10, 
2019-12-06 16:47:42.741,206685136, 977.2292879875665, 1009259, 52.01918601808834, 54930, 0, 0.0, 10, 
2019-12-06 16:47:43.765,225066976, 977.2292879875665, 1010160, 52.01918601808834, 54982, 0, 0.0, 10, 
2019-12-06 16:47:44.788,240789168, 977.2292879875665, 1011013, 52.01918601808834, 55016, 0, 0.0, 10, 
2019-12-06 16:47:45.812,256543872, 971.1023484099825, 1011863, 51.713820764372585, 55063, 0, 0.0, 10, 
2019-12-06 16:47:46.837,273686152, 971.1023484099825, 1012751, 51.713820764372585, 55113, 0, 0.0, 10, 
2019-12-06 16:47:47.86,293555632, 971.1023484099825, 1013768, 51.713820764372585, 55166, 0, 0.0, 10, 
2019-12-06 16:47:48.884,309612176, 971.1023484099825, 1014622, 51.713820764372585, 55215, 0, 0.0, 10, 
2019-12-06 16:47:49.906,326083296, 971.1023484099825, 1015481, 51.713820764372585, 55256, 0, 0.0, 10, 
2019-12-06 16:47:50.933,341303080, 962.3150418092503, 1016261, 51.36890669997299, 55303, 0, 0.0, 10, 
2019-12-06 16:47:51.955,357624696, 962.3150418092503, 1017053, 51.36890669997299, 55339, 0, 0.0, 10, 
2019-12-06 16:47:52.98,88233024, 962.3150418092503, 1017971, 51.36890669997299, 55390, 0, 0.0, 10, 
2019-12-06 16:47:54.003,105481032, 962.3150418092503, 1018745, 51.36890669997299, 55427, 0, 0.0, 10, 
2019-12-06 16:47:55.026,121590304, 962.3150418092503, 1019635, 51.36890669997299, 55467, 0, 0.0, 10, 
2019-12-06 16:47:56.049,139046968, 951.6397684856013, 1020547, 50.459899109752044, 55519, 0, 0.0, 10, 
2019-12-06 16:47:57.072,156522784, 951.6397684856013, 1021477, 50.459899109752044, 55566, 0, 0.0, 10, 
2019-12-06 16:47:58.095,175076840, 951.6397684856013, 1022481, 50.459899109752044, 55623, 0, 0.0, 10, 
2019-12-06 16:47:59.119,192052488, 951.6397684856013, 1023398, 50.459899109752044, 55665, 0, 0.0, 10, 
2019-12-06 16:48:00.145,209082824, 951.6397684856013, 1024279, 50.459899109752044, 55727, 0, 0.0, 10, 
2019-12-06 16:48:01.171,227688184, 948.358409772858, 1025232, 50.61502101210999, 55775, 0, 0.0, 10, 
2019-12-06 16:48:02.193,246023600, 948.358409772858, 1026146, 50.61502101210999, 55840, 0, 0.0, 10, 
2019-12-06 16:48:03.217,262656728, 948.358409772858, 1027087, 50.61502101210999, 55905, 0, 0.0, 10, 
2019-12-06 16:48:04.241,281324976, 948.358409772858, 1028114, 50.61502101210999, 55964, 0, 0.0, 10, 
2019-12-06 16:48:05.266,302939408, 948.358409772858, 1029155, 50.61502101210999, 56033, 0, 0.0, 10, 
2019-12-06 16:48:06.289,322315896, 949.5930511585233, 1030133, 51.33342026662997, 56079, 0, 0.0, 10, 
2019-12-06 16:48:07.312,338991736, 949.5930511585233, 1031038, 51.33342026662997, 56124, 0, 0.0, 10, 
2019-12-06 16:48:08.335,355527392, 949.5930511585233, 1031968, 51.33342026662997, 56177, 0, 0.0, 10, 
2019-12-06 16:48:09.358,90410792, 949.5930511585233, 1032966, 51.33342026662997, 56220, 0, 0.0, 10, 
2019-12-06 16:48:10.382,108828992, 949.5930511585233, 1033889, 51.33342026662997, 56271, 0, 0.0, 10, 
2019-12-06 16:48:11.414,125038080, 946.3314188740876, 1034790, 50.95495687840615, 56326, 0, 0.0, 10, 
2019-12-06 16:48:12.439,143502072, 946.3314188740876, 1035718, 50.95495687840615, 56374, 0, 0.0, 10, 
2019-12-06 16:48:13.462,160218008, 946.3314188740876, 1036628, 50.95495687840615, 56415, 0, 0.0, 10, 
2019-12-06 16:48:14.486,178595400, 946.3314188740876, 1037549, 50.95495687840615, 56462, 0, 0.0, 10, 
2019-12-06 16:48:15.511,197466328, 946.3314188740876, 1038470, 50.95495687840615, 56508, 0, 0.0, 10, 
2019-12-06 16:48:16.535,216401088, 942.6749365081782, 1039406, 50.57477151778086, 56566, 0, 0.0, 10, 
2019-12-06 16:48:17.558,233259432, 942.6749365081782, 1040313, 50.57477151778086, 56609, 0, 0.0, 10, 
2019-12-06 16:48:18.583,252576960, 942.6749365081782, 1041322, 50.57477151778086, 56656, 0, 0.0, 10, 
2019-12-06 16:48:19.609,269166280, 942.6749365081782, 1042258, 50.57477151778086, 56706, 0, 0.0, 10, 
2019-12-06 16:48:20.632,289365656, 942.6749365081782, 1043331, 50.57477151778086, 56762, 0, 0.0, 10, 
2019-12-06 16:48:21.656,309161304, 943.7883231109907, 1044390, 50.496833090474034, 56821, 0, 0.0, 10, 
2019-12-06 16:48:22.686,328201072, 943.7883231109907, 1045381, 50.496833090474034, 56866, 0, 0.0, 10, 
2019-12-06 16:48:23.71,344013224, 943.7883231109907, 1046293, 50.496833090474034, 56912, 0, 0.0, 10, 
2019-12-06 16:48:24.733,363091648, 943.7883231109907, 1047290, 50.496833090474034, 56968, 0, 0.0, 10, 
2019-12-06 16:48:25.762,99732448, 946.0280131338657, 1048333, 50.44111739281953, 57018, 0, 0.0, 10, 
2019-12-06 16:48:26.787,117409968, 946.0280131338657, 1049180, 50.44111739281953, 57062, 0, 0.0, 10, 
2019-12-06 16:48:27.817,135044240, 946.0280131338657, 1050077, 50.44111739281953, 57111, 0, 0.0, 10, 
2019-12-06 16:48:28.841,153286728, 946.0280131338657, 1051151, 50.44111739281953, 57171, 0, 0.0, 10, 
2019-12-06 16:48:29.875,175237704, 946.0280131338657, 1052316, 50.44111739281953, 57244, 0, 0.0, 10, 
2019-12-06 16:48:30.956,201584568, 954.4850742595671, 1053757, 51.157430095943816, 57321, 0, 0.0, 10, 
2019-12-06 16:48:31.986,224903672, 954.4850742595671, 1055055, 51.157430095943816, 57380, 0, 0.0, 10, 
2019-12-06 16:48:33.016,250691016, 954.4850742595671, 1056479, 51.157430095943816, 57462, 0, 0.0, 10, 
2019-12-06 16:48:34.041,276414184, 954.4850742595671, 1057848, 51.157430095943816, 57537, 0, 0.0, 10, 
2019-12-06 16:48:35.064,300831464, 954.4850742595671, 1059209, 51.157430095943816, 57618, 0, 0.0, 10, 
2019-12-06 16:48:36.087,327751392, 981.9989845819302, 1060578, 52.72796327080707, 57694, 0, 0.0, 10, 
2019-12-06 16:48:37.11,353373192, 981.9989845819302, 1061983, 52.72796327080707, 57775, 0, 0.0, 10, 
2019-12-06 16:48:38.133,93500008, 981.9989845819302, 1063356, 52.72796327080707, 57842, 0, 0.0, 10, 
2019-12-06 16:48:39.162,120286448, 981.9989845819302, 1064896, 52.72796327080707, 57926, 0, 0.0, 10, 
2019-12-06 16:48:40.186,146264064, 981.9989845819302, 1066396, 52.72796327080707, 57995, 0, 0.0, 10, 
2019-12-06 16:48:41.21,162709312, 1011.5506501232785, 1067210, 54.02900349266284, 58044, 0, 0.0, 10, 
2019-12-06 16:48:42.235,179976232, 1011.5506501232785, 1068004, 54.02900349266284, 58085, 0, 0.0, 10, 
2019-12-06 16:48:43.26,197100152, 1011.5506501232785, 1068806, 54.02900349266284, 58124, 0, 0.0, 10, 
2019-12-06 16:48:44.29,214123336, 1011.5506501232785, 1069665, 54.02900349266284, 58157, 0, 0.0, 10, 
2019-12-06 16:48:45.314,231721568, 1011.5506501232785, 1070636, 54.02900349266284, 58199, 0, 0.0, 10, 
2019-12-06 16:48:46.337,254226384, 999.6092314671806, 1071811, 53.099199711129344, 58263, 0, 0.0, 10, 
2019-12-06 16:48:47.361,274737992, 999.6092314671806, 1072946, 53.099199711129344, 58333, 0, 0.0, 10, 
2019-12-06 16:48:48.382,297289064, 999.6092314671806, 1074108, 53.099199711129344, 58391, 0, 0.0, 10, 
2019-12-06 16:48:49.406,319498464, 999.6092314671806, 1075277, 53.099199711129344, 58451, 0, 0.0, 10, 
2019-12-06 16:48:50.427,341445544, 999.6092314671806, 1076457, 53.099199711129344, 58519, 0, 0.0, 10, 
2019-12-06 16:48:51.449,365823000, 1010.082675043377, 1077637, 53.82685952556762, 58579, 0, 0.0, 10, 
2019-12-06 16:48:52.472,105759240, 1010.082675043377, 1078857, 53.82685952556762, 58639, 0, 0.0, 10, 
2019-12-06 16:48:53.494,128457488, 1010.082675043377, 1080068, 53.82685952556762, 58722, 0, 0.0, 10, 
2019-12-06 16:48:54.516,151551152, 1010.082675043377, 1081271, 53.82685952556762, 58780, 0, 0.0, 10, 
2019-12-06 16:48:55.537,174991328, 1010.082675043377, 1082478, 53.82685952556762, 58833, 0, 0.0, 10, 
2019-12-06 16:48:56.559,196671296, 1024.0043276834601, 1083731, 54.464356639443494, 58878, 0, 0.0, 10, 
2019-12-06 16:48:57.581,221388592, 1024.0043276834601, 1085001, 54.464356639443494, 58928, 0, 0.0, 10, 
2019-12-06 16:48:58.604,245079288, 1024.0043276834601, 1086251, 54.464356639443494, 59008, 0, 0.0, 10, 
2019-12-06 16:48:59.628,268972832, 1024.0043276834601, 1087508, 54.464356639443494, 59070, 0, 0.0, 10, 
2019-12-06 16:49:00.651,290088344, 1024.0043276834601, 1088665, 54.464356639443494, 59133, 0, 0.0, 10, 
2019-12-06 16:49:01.674,314940792, 1038.9396850082383, 1089960, 54.81101554229528, 59201, 0, 0.0, 10, 
2019-12-06 16:49:02.696,336533560, 1038.9396850082383, 1091193, 54.81101554229528, 59278, 0, 0.0, 10, 
2019-12-06 16:49:03.718,360655936, 1038.9396850082383, 1092483, 54.81101554229528, 59342, 0, 0.0, 10, 
2019-12-06 16:49:04.741,98741424, 1038.9396850082383, 1093754, 54.81101554229528, 59391, 0, 0.0, 10, 
2019-12-06 16:49:05.766,123151840, 1056.150949500481, 1095067, 55.46577058820243, 59455, 0, 0.0, 10, 
2019-12-06 16:49:06.789,146625800, 1056.150949500481, 1096372, 55.46577058820243, 59512, 0, 0.0, 10, 
2019-12-06 16:49:07.813,169568712, 1056.150949500481, 1097582, 55.46577058820243, 59580, 0, 0.0, 10, 
2019-12-06 16:49:08.836,194017664, 1056.150949500481, 1098862, 55.46577058820243, 59644, 0, 0.0, 10, 
2019-12-06 16:49:09.858,220229384, 1056.150949500481, 1100255, 55.46577058820243, 59718, 0, 0.0, 10, 
2019-12-06 16:49:10.88,245405640, 1074.6086204654348, 1101649, 56.18011213065862, 59787, 0, 0.0, 10, 
2019-12-06 16:49:11.904,270168544, 1074.6086204654348, 1103020, 56.18011213065862, 59862, 0, 0.0, 10, 
2019-12-06 16:49:12.927,294207288, 1074.6086204654348, 1104309, 56.18011213065862, 59936, 0, 0.0, 10, 
2019-12-06 16:49:13.959,318861160, 1074.6086204654348, 1105646, 56.18011213065862, 60008, 0, 0.0, 10, 
2019-12-06 16:49:14.982,344050160, 1074.6086204654348, 1107008, 56.18011213065862, 60092, 0, 0.0, 10, 
2019-12-06 16:49:16.004,368744472, 1093.077671431701, 1108350, 57.57292946234336, 60163, 0, 0.0, 10, 
2019-12-06 16:49:17.038,114232712, 1093.077671431701, 1109808, 57.57292946234336, 60248, 0, 0.0, 10, 
2019-12-06 16:49:18.059,141076736, 1093.077671431701, 1111330, 57.57292946234336, 60319, 0, 0.0, 10, 
2019-12-06 16:49:19.08,168365496, 1093.077671431701, 1112821, 57.57292946234336, 60401, 0, 0.0, 10, 
2019-12-06 16:49:20.103,193704752, 1093.077671431701, 1114289, 57.57292946234336, 60476, 0, 0.0, 10, 
2019-12-06 16:49:21.128,219921192, 1120.9279871100566, 1115726, 58.96632108847777, 60543, 0, 0.0, 10, 
2019-12-06 16:49:22.153,246641328, 1120.9279871100566, 1117224, 58.96632108847777, 60629, 0, 0.0, 10, 
2019-12-06 16:49:23.181,273991712, 1120.9279871100566, 1118693, 58.96632108847777, 60704, 0, 0.0, 10, 
2019-12-06 16:49:24.248,303331776, 1120.9279871100566, 1120251, 58.96632108847777, 60788, 0, 0.0, 10, 
2019-12-06 16:49:25.27,329653952, 1120.9279871100566, 1121747, 58.96632108847777, 60869, 0, 0.0, 10, 
2019-12-06 16:49:26.292,355456040, 1147.2071502956308, 1123164, 60.392223325161225, 60965, 0, 0.0, 10, 
2019-12-06 16:49:27.314,94491112, 1147.2071502956308, 1124603, 60.392223325161225, 61049, 0, 0.0, 10, 
2019-12-06 16:49:28.337,121220928, 1147.2071502956308, 1126038, 60.392223325161225, 61124, 0, 0.0, 10, 
2019-12-06 16:49:29.36,147614432, 1147.2071502956308, 1127416, 60.392223325161225, 61200, 0, 0.0, 10, 
2019-12-06 16:49:30.383,172463144, 1147.2071502956308, 1128697, 60.392223325161225, 61270, 0, 0.0, 10, 
2019-12-06 16:49:31.407,196115784, 1162.1262908197261, 1130084, 61.80006341627411, 61356, 0, 0.0, 10, 
2019-12-06 16:49:32.43,221090872, 1162.1262908197261, 1131423, 61.80006341627411, 61431, 0, 0.0, 10, 
2019-12-06 16:49:33.453,246918944, 1162.1262908197261, 1132882, 61.80006341627411, 61515, 0, 0.0, 10, 
2019-12-06 16:49:34.477,271796744, 1162.1262908197261, 1134301, 61.80006341627411, 61584, 0, 0.0, 10, 
2019-12-06 16:49:35.501,297781936, 1162.1262908197261, 1135799, 61.80006341627411, 61647, 0, 0.0, 10, 
2019-12-06 16:49:36.525,325149376, 1181.0976491303068, 1137254, 62.839480955607584, 61720, 0, 0.0, 10, 
2019-12-06 16:49:37.548,352301632, 1181.0976491303068, 1138790, 62.839480955607584, 61801, 0, 0.0, 10, 
2019-12-06 16:49:38.577,94586216, 1181.0976491303068, 1140243, 62.839480955607584, 61884, 0, 0.0, 10, 
2019-12-06 16:49:39.602,117723184, 1181.0976491303068, 1141612, 62.839480955607584, 61963, 0, 0.0, 10, 
2019-12-06 16:49:40.625,144393440, 1181.0976491303068, 1143085, 62.839480955607584, 62028, 0, 0.0, 10, 
2019-12-06 16:49:41.649,172792904, 1200.5990043673771, 1144645, 63.87574684250978, 62132, 0, 0.0, 10, 
2019-12-06 16:49:42.672,198524408, 1200.5990043673771, 1146137, 63.87574684250978, 62195, 0, 0.0, 10, 
2019-12-06 16:49:43.697,225152928, 1200.5990043673771, 1147647, 63.87574684250978, 62276, 0, 0.0, 10, 
2019-12-06 16:49:44.718,252856416, 1200.5990043673771, 1149163, 63.87574684250978, 62363, 0, 0.0, 10, 
2019-12-06 16:49:45.741,278687656, 1223.0346212287782, 1150658, 63.87574684250978, 62428, 0, 0.0, 10, 
2019-12-06 16:49:46.763,304943816, 1223.0346212287782, 1152161, 64.86113971797332, 62513, 0, 0.0, 10, 
2019-12-06 16:49:47.786,330255312, 1223.0346212287782, 1153564, 64.86113971797332, 62582, 0, 0.0, 10, 
2019-12-06 16:49:48.816,339232432, 1223.0346212287782, 1154011, 64.86113971797332, 62604, 0, 0.0, 10, 
2019-12-06 16:49:49.861,353180208, 1223.0346212287782, 1154011, 64.86113971797332, 62604, 0, 0.0, 10, 
2019-12-06 16:49:50.891,354576360, 1178.8643877094032, 1154011, 62.489565929061335, 62604, 0, 0.0, 10, 
