Timestamp, MemoryUsed, ReadLatency1, ReadCount, WriteLatency1, WriteCount, PendingTasks, WaitingOnCommit1, SRDelay, 
2019-12-06 16:48:29.742,744281592, 925.8304081608159, 1031040, 49.16088842349506, 55954, 0, 0.0, 10, 
2019-12-06 16:48:30.929,772593144, 925.8304081608159, 1032592, 49.16088842349506, 56041, 0, 0.0, 10, 
2019-12-06 16:48:31.999,155999736, 935.7104872103334, 1033871, 49.59577577349094, 56109, 0, 0.0, 10, 
2019-12-06 16:48:33.042,181165560, 935.7104872103334, 1035262, 49.59577577349094, 56178, 0, 0.0, 10, 
2019-12-06 16:48:34.078,205282808, 935.7104872103334, 1036581, 49.59577577349094, 56245, 0, 0.0, 10, 
2019-12-06 16:48:35.108,232545784, 935.7104872103334, 1037965, 49.59577577349094, 56332, 0, 0.0, 10, 
2019-12-06 16:48:36.149,258760184, 935.7104872103334, 1039359, 49.59577577349094, 56392, 0, 0.0, 10, 
2019-12-06 16:48:37.192,283926008, 966.7564024987261, 1040755, 51.163242997259474, 56459, 0, 0.0, 10, 
2019-12-06 16:48:38.222,311188984, 966.7564024987261, 1042207, 51.163242997259474, 56529, 0, 0.0, 10, 
2019-12-06 16:48:39.254,339500536, 966.7564024987261, 1043720, 51.163242997259474, 56598, 0, 0.0, 10, 
2019-12-06 16:48:40.283,365714936, 966.7564024987261, 1045162, 51.163242997259474, 56695, 0, 0.0, 10, 
2019-12-06 16:48:41.326,382492152, 966.7564024987261, 1045897, 51.163242997259474, 56730, 0, 0.0, 10, 
2019-12-06 16:48:42.352,398220792, 989.7231324809195, 1046662, 52.30155123719367, 56777, 0, 0.0, 10, 
2019-12-06 16:48:43.756,414998008, 989.7231324809195, 1047452, 52.30155123719367, 56831, 0, 0.0, 10, 
2019-12-06 16:48:44.789,439115256, 989.7231324809195, 1048687, 52.30155123719367, 56882, 0, 0.0, 10, 
2019-12-06 16:48:45.818,462183928, 989.7231324809195, 1049800, 52.30155123719367, 56928, 0, 0.0, 10, 
2019-12-06 16:48:46.844,484204024, 982.6132313704134, 1050978, 51.82968925342881, 56997, 0, 0.0, 10, 
2019-12-06 16:48:47.872,506224120, 982.6132313704134, 1052133, 51.82968925342881, 57048, 0, 0.0, 10, 
2019-12-06 16:48:48.898,530341368, 982.6132313704134, 1053340, 51.82968925342881, 57109, 0, 0.0, 10, 
2019-12-06 16:48:49.927,551312888, 982.6132313704134, 1054420, 51.82968925342881, 57175, 0, 0.0, 10, 
2019-12-06 16:48:50.959,572284408, 982.6132313704134, 1055567, 51.82968925342881, 57232, 0, 0.0, 10, 
2019-12-06 16:48:51.986,595353080, 994.4775823174552, 1056757, 52.371013412312294, 57294, 0, 0.0, 10, 
2019-12-06 16:48:53.011,618421752, 994.4775823174552, 1057893, 52.371013412312294, 57371, 0, 0.0, 10, 
2019-12-06 16:48:54.037,641490424, 994.4775823174552, 1059006, 52.371013412312294, 57443, 0, 0.0, 10, 
2019-12-06 16:48:55.062,666656248, 994.4775823174552, 1060155, 52.371013412312294, 57513, 0, 0.0, 10, 
2019-12-06 16:48:56.086,687627768, 994.4775823174552, 1061312, 52.371013412312294, 57573, 0, 0.0, 10, 
2019-12-06 16:48:57.113,710696440, 1003.9381204857368, 1062557, 53.50870036416237, 57630, 0, 0.0, 10, 
2019-12-06 16:48:58.142,733765112, 1003.9381204857368, 1063715, 53.50870036416237, 57705, 0, 0.0, 10, 
2019-12-06 16:48:59.166,756833784, 1003.9381204857368, 1064885, 53.50870036416237, 57778, 0, 0.0, 10, 
2019-12-06 16:49:00.194,131790488, 1003.9381204857368, 1066061, 53.50870036416237, 57838, 0, 0.0, 10, 
2019-12-06 16:49:01.22,153810584, 1003.9381204857368, 1067254, 53.50870036416237, 57907, 0, 0.0, 10, 
2019-12-06 16:49:02.246,176879256, 1016.3042015968288, 1068426, 54.36352948491907, 57964, 0, 0.0, 10, 
2019-12-06 16:49:03.279,202045080, 1016.3042015968288, 1069624, 54.36352948491907, 58040, 0, 0.0, 10, 
2019-12-06 16:49:04.302,225113752, 1016.3042015968288, 1070858, 54.36352948491907, 58103, 0, 0.0, 10, 
2019-12-06 16:49:05.328,248182424, 1016.3042015968288, 1072091, 54.36352948491907, 58173, 0, 0.0, 10, 
2019-12-06 16:49:06.354,273348248, 1016.3042015968288, 1073357, 54.36352948491907, 58239, 0, 0.0, 10, 
2019-12-06 16:49:07.378,297465496, 1030.1281863662848, 1074650, 55.277939179526854, 58311, 0, 0.0, 10, 
2019-12-06 16:49:08.406,320534168, 1030.1281863662848, 1075923, 55.277939179526854, 58388, 0, 0.0, 10, 
2019-12-06 16:49:09.435,346748568, 1030.1281863662848, 1077259, 55.277939179526854, 58460, 0, 0.0, 10, 
2019-12-06 16:49:10.458,371914392, 1030.1281863662848, 1078550, 55.277939179526854, 58526, 0, 0.0, 10, 
2019-12-06 16:49:11.485,397080216, 1049.8829578539635, 1079880, 56.43905905321635, 58592, 0, 0.0, 10, 
2019-12-06 16:49:12.509,422246040, 1049.8829578539635, 1081225, 56.43905905321635, 58677, 0, 0.0, 10, 
2019-12-06 16:49:13.535,449509016, 1049.8829578539635, 1082585, 56.43905905321635, 58753, 0, 0.0, 10, 
2019-12-06 16:49:14.561,474674840, 1049.8829578539635, 1083949, 56.43905905321635, 58825, 0, 0.0, 10, 
2019-12-06 16:49:15.585,499840664, 1049.8829578539635, 1085312, 56.43905905321635, 58892, 0, 0.0, 10, 
2019-12-06 16:49:16.609,523957912, 1071.4003684919749, 1086640, 57.619278727238424, 58954, 0, 0.0, 10, 
2019-12-06 16:49:17.633,552269464, 1071.4003684919749, 1088130, 57.619278727238424, 59026, 0, 0.0, 10, 
2019-12-06 16:49:18.66,579532440, 1071.4003684919749, 1089494, 57.619278727238424, 59109, 0, 0.0, 10, 
2019-12-06 16:49:19.689,607843992, 1071.4003684919749, 1090991, 57.619278727238424, 59172, 0, 0.0, 10, 
2019-12-06 16:49:20.715,633009816, 1071.4003684919749, 1092388, 57.619278727238424, 59240, 0, 0.0, 10, 
2019-12-06 16:49:21.744,660272792, 1096.3944550158567, 1093776, 58.401302021949505, 59309, 0, 0.0, 10, 
2019-12-06 16:49:22.776,687535768, 1096.3944550158567, 1095286, 58.401302021949505, 59398, 0, 0.0, 10, 
2019-12-06 16:49:23.832,715847320, 1096.3944550158567, 1096761, 58.401302021949505, 59484, 0, 0.0, 10, 
2019-12-06 16:49:24.856,743110296, 1096.3944550158567, 1098233, 58.401302021949505, 59557, 0, 0.0, 10, 
2019-12-06 16:49:25.905,130750328, 1096.3944550158567, 1099700, 58.401302021949505, 59627, 0, 0.0, 10, 
2019-12-06 16:49:26.943,155916152, 1122.65231260404, 1101181, 59.776433986398004, 59706, 0, 0.0, 10, 
2019-12-06 16:49:27.968,183179128, 1122.65231260404, 1102666, 59.776433986398004, 59787, 0, 0.0, 10, 
2019-12-06 16:49:28.994,209393528, 1122.65231260404, 1104104, 59.776433986398004, 59857, 0, 0.0, 10, 
2019-12-06 16:49:30.021,233510776, 1122.65231260404, 1105359, 59.776433986398004, 59939, 0, 0.0, 10, 
2019-12-06 16:49:31.055,257628024, 1122.65231260404, 1106639, 59.776433986398004, 59991, 0, 0.0, 10, 
2019-12-06 16:49:32.081,282793848, 1140.2383587007107, 1108038, 60.67382077696199, 60053, 0, 0.0, 10, 
