Timestamp, MemoryUsed, ReadLatency1, ReadCount, WriteLatency1, WriteCount, PendingTasks, WaitingOnCommit1, SRDelay, 
2019-12-06 16:48:29.814,108845728, 911.9337582114856, 1018350, 47.875025776854606, 55583, 0, 0.0, 10, 
2019-12-06 16:48:30.969,134787584, 921.5816982081659, 1019748, 48.63660066650681, 55670, 0, 0.0, 10, 
2019-12-06 16:48:32.018,159658416, 921.5816982081659, 1021034, 48.63660066650681, 55751, 0, 0.0, 10, 
2019-12-06 16:48:33.06,184416384, 921.5816982081659, 1022431, 48.63660066650681, 55820, 0, 0.0, 10, 
2019-12-06 16:48:34.094,210358088, 921.5816982081659, 1023776, 48.63660066650681, 55894, 0, 0.0, 10, 
2019-12-06 16:48:35.13,235486088, 921.5816982081659, 1025166, 48.63660066650681, 55953, 0, 0.0, 10, 
2019-12-06 16:48:36.165,261348992, 952.5259730770972, 1026549, 50.248777063278965, 56036, 0, 0.0, 10, 
2019-12-06 16:48:37.208,286779336, 952.5259730770972, 1027966, 50.248777063278965, 56116, 0, 0.0, 10, 
2019-12-06 16:48:38.236,312159872, 952.5259730770972, 1029343, 50.248777063278965, 56178, 0, 0.0, 10, 
2019-12-06 16:48:39.27,338374328, 952.5259730770972, 1030721, 50.248777063278965, 56260, 0, 0.0, 10, 
2019-12-06 16:48:40.306,365865544, 952.5259730770972, 1032197, 50.248777063278965, 56335, 0, 0.0, 10, 
2019-12-06 16:48:41.339,99069800, 977.9417769738521, 1032944, 51.780024303748824, 56375, 0, 0.0, 10, 
2019-12-06 16:48:42.363,115066864, 977.9417769738521, 1033730, 51.780024303748824, 56412, 0, 0.0, 10, 
2019-12-06 16:48:43.775,136566520, 977.9417769738521, 1034896, 51.780024303748824, 56476, 0, 0.0, 10, 
2019-12-06 16:48:44.8,155332072, 977.9417769738521, 1035789, 51.780024303748824, 56517, 0, 0.0, 10, 
2019-12-06 16:48:45.83,175361216, 977.9417769738521, 1036872, 51.780024303748824, 56571, 0, 0.0, 10, 
2019-12-06 16:48:46.857,198068440, 969.0553711367705, 1038034, 51.157967906344496, 56647, 0, 0.0, 10, 
2019-12-06 16:48:47.884,219355824, 969.0553711367705, 1039147, 51.157967906344496, 56705, 0, 0.0, 10, 
2019-12-06 16:48:48.912,242263336, 969.0553711367705, 1040296, 51.157967906344496, 56752, 0, 0.0, 10, 
2019-12-06 16:48:49.94,262752256, 969.0553711367705, 1041440, 51.157967906344496, 56819, 0, 0.0, 10, 
2019-12-06 16:48:50.972,286079672, 981.8598286814998, 1042638, 51.73700882166595, 56874, 0, 0.0, 10, 
2019-12-06 16:48:51.998,309333592, 981.8598286814998, 1043796, 51.73700882166595, 56939, 0, 0.0, 10, 
2019-12-06 16:48:53.024,329640904, 981.8598286814998, 1044936, 51.73700882166595, 56991, 0, 0.0, 10, 
2019-12-06 16:48:54.049,352962816, 981.8598286814998, 1046177, 51.73700882166595, 57057, 0, 0.0, 10, 
2019-12-06 16:48:55.074,90650784, 981.8598286814998, 1047314, 51.73700882166595, 57117, 0, 0.0, 10, 
2019-12-06 16:48:56.1,111977048, 995.1116810987068, 1048503, 52.46164558653893, 57186, 0, 0.0, 10, 
2019-12-06 16:48:57.129,134700688, 995.1116810987068, 1049739, 52.46164558653893, 57256, 0, 0.0, 10, 
2019-12-06 16:48:58.153,158339120, 995.1116810987068, 1050914, 52.46164558653893, 57323, 0, 0.0, 10, 
2019-12-06 16:48:59.18,180892080, 995.1116810987068, 1052139, 52.46164558653893, 57401, 0, 0.0, 10, 
2019-12-06 16:49:00.206,204034808, 995.1116810987068, 1053288, 52.46164558653893, 57450, 0, 0.0, 10, 
2019-12-06 16:49:01.233,226956392, 1008.8711033719153, 1054541, 53.65605045814184, 57529, 0, 0.0, 10, 
2019-12-06 16:49:02.26,248753048, 1008.8711033719153, 1055701, 53.65605045814184, 57580, 0, 0.0, 10, 
2019-12-06 16:49:03.29,270744240, 1008.8711033719153, 1056860, 53.65605045814184, 57633, 0, 0.0, 10, 
2019-12-06 16:49:04.314,293227200, 1008.8711033719153, 1058040, 53.65605045814184, 57692, 0, 0.0, 10, 
2019-12-06 16:49:05.338,315423848, 1008.8711033719153, 1059244, 53.65605045814184, 57757, 0, 0.0, 10, 
2019-12-06 16:49:06.366,338419032, 1020.0592002120867, 1060446, 53.90742678413698, 57819, 0, 0.0, 10, 
2019-12-06 16:49:07.39,362086328, 1020.0592002120867, 1061759, 53.90742678413698, 57877, 0, 0.0, 10, 
2019-12-06 16:49:08.419,104541536, 1020.0592002120867, 1063015, 53.90742678413698, 57947, 0, 0.0, 10, 
2019-12-06 16:49:09.447,127995440, 1020.0592002120867, 1064350, 53.90742678413698, 58033, 0, 0.0, 10, 
2019-12-06 16:49:10.469,153707864, 1020.0592002120867, 1065712, 53.90742678413698, 58096, 0, 0.0, 10, 
2019-12-06 16:49:11.496,178560176, 1040.6510256159615, 1067049, 55.0661889591387, 58165, 0, 0.0, 10, 
2019-12-06 16:49:12.522,201784112, 1040.6510256159615, 1068307, 55.0661889591387, 58239, 0, 0.0, 10, 
2019-12-06 16:49:13.548,227987976, 1040.6510256159615, 1069660, 55.0661889591387, 58316, 0, 0.0, 10, 
2019-12-06 16:49:14.572,252990744, 1040.6510256159615, 1071019, 55.0661889591387, 58387, 0, 0.0, 10, 
2019-12-06 16:49:15.596,278208608, 1040.6510256159615, 1072334, 55.0661889591387, 58468, 0, 0.0, 10, 
2019-12-06 16:49:16.62,301519224, 1060.667824409786, 1073656, 56.388159499318924, 58538, 0, 0.0, 10, 
2019-12-06 16:49:17.645,327828816, 1060.667824409786, 1075035, 56.388159499318924, 58612, 0, 0.0, 10, 
2019-12-06 16:49:18.67,353645448, 1060.667824409786, 1076487, 56.388159499318924, 58680, 0, 0.0, 10, 
2019-12-06 16:49:19.702,94839568, 1060.667824409786, 1077960, 56.388159499318924, 58760, 0, 0.0, 10, 
2019-12-06 16:49:20.727,121177224, 1060.667824409786, 1079387, 56.388159499318924, 58835, 0, 0.0, 10, 
2019-12-06 16:49:21.76,147684200, 1086.424091075831, 1080776, 57.44451994037489, 58905, 0, 0.0, 10, 
2019-12-06 16:49:22.809,174803656, 1086.424091075831, 1082202, 57.44451994037489, 58984, 0, 0.0, 10, 
2019-12-06 16:49:23.844,200723696, 1086.424091075831, 1083672, 57.44451994037489, 59059, 0, 0.0, 10, 
2019-12-06 16:49:24.867,227045936, 1086.424091075831, 1085187, 57.44451994037489, 59144, 0, 0.0, 10, 
2019-12-06 16:49:25.924,253620832, 1086.424091075831, 1086586, 57.44451994037489, 59199, 0, 0.0, 10, 
2019-12-06 16:49:26.955,278441736, 1110.3768582368155, 1087935, 58.528356283522754, 59281, 0, 0.0, 10, 
2019-12-06 16:49:27.979,304376248, 1110.3768582368155, 1089388, 58.528356283522754, 59366, 0, 0.0, 10, 
2019-12-06 16:49:29.007,331259848, 1110.3768582368155, 1090808, 58.528356283522754, 59433, 0, 0.0, 10, 
2019-12-06 16:49:30.034,355431656, 1110.3768582368155, 1092123, 58.528356283522754, 59493, 0, 0.0, 10, 
2019-12-06 16:49:31.068,94355528, 1126.05000328269, 1093311, 59.41359603788927, 59556, 0, 0.0, 10, 
2019-12-06 16:49:32.094,118124424, 1126.05000328269, 1094663, 59.41359603788927, 59632, 0, 0.0, 10, 
