Timestamp, MemoryUsed, ReadLatency1, ReadCount, WriteLatency1, WriteCount, PendingTasks, WaitingOnCommit1, SRDelay, 
2019-12-06 16:48:29.85,238447032, 948.1291029079792, 1055810, 49.21170084567646, 57867, 0, 0.0, 10, 
2019-12-06 16:48:30.988,266522968, 948.1291029079792, 1057342, 49.21170084567646, 57954, 0, 0.0, 10, 
2019-12-06 16:48:32.025,291821488, 960.7997362491881, 1058690, 50.346134609974676, 58020, 0, 0.0, 10, 
2019-12-06 16:48:33.07,318212768, 960.7997362491881, 1060152, 50.346134609974676, 58089, 0, 0.0, 10, 
2019-12-06 16:48:34.1,343906136, 960.7997362491881, 1061599, 50.346134609974676, 58161, 0, 0.0, 10, 
2019-12-06 16:48:35.141,369467824, 960.7997362491881, 1063017, 50.346134609974676, 58229, 0, 0.0, 10, 
2019-12-06 16:48:36.177,109095744, 960.7997362491881, 1064373, 50.346134609974676, 58306, 0, 0.0, 10, 
2019-12-06 16:48:37.214,137554344, 993.8853785639247, 1065826, 51.77365086836341, 58388, 0, 0.0, 10, 
2019-12-06 16:48:38.244,162898448, 993.8853785639247, 1067306, 51.77365086836341, 58459, 0, 0.0, 10, 
2019-12-06 16:48:39.276,188978128, 993.8853785639247, 1068767, 51.77365086836341, 58537, 0, 0.0, 10, 
2019-12-06 16:48:40.32,215848472, 993.8853785639247, 1070269, 51.77365086836341, 58597, 0, 0.0, 10, 
2019-12-06 16:48:41.345,232089264, 1018.1850500235537, 1071030, 52.6232868335366, 58628, 0, 0.0, 10, 
2019-12-06 16:48:42.369,247581384, 1018.1850500235537, 1071818, 52.6232868335366, 58663, 0, 0.0, 10, 
2019-12-06 16:48:43.781,271080632, 1018.1850500235537, 1072955, 52.6232868335366, 58715, 0, 0.0, 10, 
2019-12-06 16:48:44.805,288994944, 1018.1850500235537, 1073807, 52.6232868335366, 58757, 0, 0.0, 10, 
2019-12-06 16:48:45.837,310279408, 1018.1850500235537, 1074893, 52.6232868335366, 58823, 0, 0.0, 10, 
2019-12-06 16:48:46.864,332319464, 1007.5361613862975, 1076123, 51.901824652793664, 58878, 0, 0.0, 10, 
2019-12-06 16:48:47.892,355362584, 1007.5361613862975, 1077308, 51.901824652793664, 58940, 0, 0.0, 10, 
2019-12-06 16:48:48.918,93495240, 1007.5361613862975, 1078484, 51.901824652793664, 59004, 0, 0.0, 10, 
2019-12-06 16:48:49.949,117749704, 1007.5361613862975, 1079683, 51.901824652793664, 59063, 0, 0.0, 10, 
2019-12-06 16:48:50.978,140603160, 1007.5361613862975, 1080895, 51.901824652793664, 59124, 0, 0.0, 10, 
2019-12-06 16:48:52.004,161246816, 1020.2222214798147, 1082051, 52.46936341774325, 59179, 0, 0.0, 10, 
2019-12-06 16:48:53.03,184286736, 1020.2222214798147, 1083303, 52.46936341774325, 59227, 0, 0.0, 10, 
2019-12-06 16:48:54.055,209409880, 1020.2222214798147, 1084564, 52.46936341774325, 59287, 0, 0.0, 10, 
2019-12-06 16:48:55.08,231443232, 1020.2222214798147, 1085711, 52.46936341774325, 59350, 0, 0.0, 10, 
2019-12-06 16:48:56.106,255468112, 1020.2222214798147, 1086978, 52.46936341774325, 59404, 0, 0.0, 10, 
2019-12-06 16:48:57.136,278744152, 1033.5730275052913, 1088281, 52.70368418118631, 59476, 0, 0.0, 10, 
2019-12-06 16:48:58.159,301453784, 1033.5730275052913, 1089526, 52.70368418118631, 59543, 0, 0.0, 10, 
2019-12-06 16:48:59.187,324784992, 1033.5730275052913, 1090805, 52.70368418118631, 59610, 0, 0.0, 10, 
2019-12-06 16:49:00.212,347299360, 1033.5730275052913, 1091979, 52.70368418118631, 59673, 0, 0.0, 10, 
2019-12-06 16:49:01.239,370221824, 1033.5730275052913, 1093202, 52.70368418118631, 59734, 0, 0.0, 10, 
2019-12-06 16:49:02.272,106143320, 1047.7113316004304, 1094430, 53.62287884208573, 59808, 0, 0.0, 10, 
2019-12-06 16:49:03.296,130959040, 1047.7113316004304, 1095714, 53.62287884208573, 59873, 0, 0.0, 10, 
2019-12-06 16:49:04.321,155217968, 1047.7113316004304, 1096987, 53.62287884208573, 59940, 0, 0.0, 10, 
2019-12-06 16:49:05.345,178629576, 1047.7113316004304, 1098262, 53.62287884208573, 59997, 0, 0.0, 10, 
2019-12-06 16:49:06.372,200939984, 1062.2863287887592, 1099512, 54.54853434117401, 60069, 0, 0.0, 10, 
2019-12-06 16:49:07.397,225530208, 1062.2863287887592, 1100840, 54.54853434117401, 60136, 0, 0.0, 10, 
2019-12-06 16:49:08.426,250172696, 1062.2863287887592, 1102136, 54.54853434117401, 60212, 0, 0.0, 10, 
2019-12-06 16:49:09.452,274417080, 1062.2863287887592, 1103461, 54.54853434117401, 60287, 0, 0.0, 10, 
2019-12-06 16:49:10.477,299527416, 1062.2863287887592, 1104845, 54.54853434117401, 60360, 0, 0.0, 10, 
2019-12-06 16:49:11.502,325568576, 1081.3248467552148, 1106218, 55.81594755690862, 60428, 0, 0.0, 10, 
2019-12-06 16:49:12.528,349898880, 1081.3248467552148, 1107564, 55.81594755690862, 60502, 0, 0.0, 10, 
2019-12-06 16:49:13.554,93461280, 1081.3248467552148, 1108904, 55.81594755690862, 60571, 0, 0.0, 10, 
2019-12-06 16:49:14.578,118408896, 1081.3248467552148, 1110232, 55.81594755690862, 60656, 0, 0.0, 10, 
2019-12-06 16:49:15.602,143665976, 1081.3248467552148, 1111598, 55.81594755690862, 60729, 0, 0.0, 10, 
2019-12-06 16:49:16.626,167788960, 1100.0564537707066, 1112949, 56.950041772924365, 60790, 0, 0.0, 10, 
2019-12-06 16:49:17.652,193652496, 1100.0564537707066, 1114375, 56.950041772924365, 60855, 0, 0.0, 10, 
2019-12-06 16:49:18.683,221658736, 1100.0564537707066, 1115863, 56.950041772924365, 60930, 0, 0.0, 10, 
2019-12-06 16:49:19.708,247154672, 1100.0564537707066, 1117285, 56.950041772924365, 61005, 0, 0.0, 10, 
2019-12-06 16:49:20.732,273429704, 1100.0564537707066, 1118728, 56.950041772924365, 61082, 0, 0.0, 10, 
2019-12-06 16:49:21.769,298810920, 1123.8307310656626, 1120160, 57.99345882203308, 61160, 0, 0.0, 10, 
2019-12-06 16:49:22.825,326320504, 1123.8307310656626, 1121597, 57.99345882203308, 61233, 0, 0.0, 10, 
2019-12-06 16:49:23.849,352297448, 1123.8307310656626, 1123109, 57.99345882203308, 61302, 0, 0.0, 10, 
2019-12-06 16:49:24.872,92967488, 1123.8307310656626, 1124608, 57.99345882203308, 61369, 0, 0.0, 10, 
2019-12-06 16:49:25.936,120488280, 1123.8307310656626, 1126090, 57.99345882203308, 61439, 0, 0.0, 10, 
2019-12-06 16:49:26.962,148223352, 1148.0068429614112, 1127584, 59.065386669713504, 61514, 0, 0.0, 10, 
2019-12-06 16:49:27.986,174565352, 1148.0068429614112, 1129048, 59.065386669713504, 61592, 0, 0.0, 10, 
2019-12-06 16:49:29.012,200310288, 1148.0068429614112, 1130478, 59.065386669713504, 61672, 0, 0.0, 10, 
2019-12-06 16:49:30.043,224956096, 1148.0068429614112, 1131841, 59.065386669713504, 61738, 0, 0.0, 10, 
2019-12-06 16:49:31.074,249052840, 1148.0068429614112, 1133148, 59.065386669713504, 61809, 0, 0.0, 10, 
2019-12-06 16:49:32.1,275724480, 1165.612515727049, 1134584, 60.0036345476351, 61894, 0, 0.0, 10, 
