Timestamp, MemoryUsed, ReadLatency1, ReadCount, WriteLatency1, WriteCount, PendingTasks, WaitingOnCommit1, SRDelay, 
2019-12-06 16:44:05.722,319251480, 256.249081564447, 847844, 13.594321776923646, 46055, 0, 0.0, 1, 
2019-12-06 16:44:06.91,323445784, 235.76053624726336, 847844, 15.913487758323205, 46098, 0, 0.0, 1, 
2019-12-06 16:44:07.983,325542936, 235.76053624726336, 847844, 15.913487758323205, 46098, 0, 0.0, 1, 
2019-12-06 16:44:09.046,326591512, 235.76053624726336, 847844, 15.913487758323205, 46098, 0, 0.0, 1, 
2019-12-06 16:44:10.132,327640088, 235.76053624726336, 847844, 15.913487758323205, 46098, 0, 0.0, 1, 
2019-12-06 16:44:11.199,328688664, 235.76053624726336, 847844, 15.913487758323205, 46098, 0, 0.0, 1, 
2019-12-06 16:44:12.279,329737240, 216.91016456430876, 847844, 14.641115529317375, 46098, 0, 0.0, 1, 
2019-12-06 16:44:13.344,330785816, 216.91016456430876, 847844, 14.641115529317375, 46098, 0, 0.0, 1, 
2019-12-06 16:44:14.383,332882968, 216.91016456430876, 847844, 14.641115529317375, 46098, 0, 0.0, 1, 
2019-12-06 16:44:15.424,332882968, 216.91016456430876, 847844, 14.641115529317375, 46098, 0, 0.0, 1, 
2019-12-06 16:44:16.467,333931544, 199.56698538371964, 847844, 13.982192313063429, 46134, 0, 0.0, 1, 
2019-12-06 16:44:17.615,341271576, 199.56698538371964, 847844, 13.982192313063429, 46331, 0, 0.0, 1, 
2019-12-06 16:44:18.661,343368728, 199.56698538371964, 847844, 13.982192313063429, 46344, 0, 0.0, 1, 
2019-12-06 16:44:19.703,344417304, 199.56698538371964, 847844, 13.982192313063429, 46344, 0, 0.0, 1, 
2019-12-06 16:44:20.741,345465880, 199.56698538371964, 847844, 13.982192313063429, 46344, 0, 0.0, 1, 
