Timestamp, MemoryUsed, ReadLatency1, ReadCount, WriteLatency1, WriteCount, PendingTasks, WaitingOnCommit1, SRDelay, 
2019-12-06 16:44:05.9,321027688, 263.6144719292719, 868503, 14.105020432720336, 47851, 0, 0.0, 1, 
2019-12-06 16:44:06.968,322387536, 242.5690047481334, 868503, 16.687184428556225, 47860, 0, 0.0, 1, 
2019-12-06 16:44:08.035,323389816, 242.5690047481334, 868503, 16.687184428556225, 47860, 0, 0.0, 1, 
2019-12-06 16:44:09.118,324773128, 242.5690047481334, 868503, 16.687184428556225, 47860, 0, 0.0, 1, 
2019-12-06 16:44:10.183,326565744, 242.5690047481334, 868503, 16.687184428556225, 47860, 0, 0.0, 1, 
2019-12-06 16:44:11.265,327562368, 223.17425798071392, 868503, 15.35295082938257, 47860, 0, 0.0, 1, 
2019-12-06 16:44:12.325,328595600, 223.17425798071392, 868503, 15.35295082938257, 47860, 0, 0.0, 1, 
2019-12-06 16:44:13.372,329368656, 223.17425798071392, 868503, 15.35295082938257, 47860, 0, 0.0, 1, 
2019-12-06 16:44:14.411,330377368, 223.17425798071392, 868503, 15.35295082938257, 47860, 0, 0.0, 1, 
2019-12-06 16:44:15.458,331575720, 223.17425798071392, 868503, 15.35295082938257, 47860, 0, 0.0, 1, 
2019-12-06 16:44:16.492,334318936, 205.33022954419954, 868503, 14.42922788306064, 47896, 0, 0.0, 1, 
2019-12-06 16:44:17.649,341605536, 205.33022954419954, 868503, 14.42922788306064, 48110, 0, 0.0, 1, 
2019-12-06 16:44:18.694,342376928, 205.33022954419954, 868503, 14.42922788306064, 48110, 0, 0.0, 1, 
2019-12-06 16:44:19.733,343927312, 205.33022954419954, 868503, 14.42922788306064, 48110, 0, 0.0, 1, 
2019-12-06 16:44:20.771,345122256, 205.33022954419954, 868503, 14.42922788306064, 48110, 0, 0.0, 1, 
