Timestamp, MemoryUsed, ReadLatency1, ReadCount, WriteLatency1, WriteCount, PendingTasks, WaitingOnCommit1, SRDelay, 
2019-12-08 10:39:39.811,563348032, 24.008173717065265, 2495688, 4.316982664856341, 136319, 0, 0.0, 5, 
2019-12-08 10:39:41.001,572785216, 24.008173717065265, 2496018, 4.316982664856341, 136332, 0, 0.0, 5, 
2019-12-08 10:39:42.086,581173824, 32.86659904180364, 2496323, 4.451549301076748, 136349, 0, 0.0, 5, 
2019-12-08 10:39:43.268,589562432, 32.86659904180364, 2496646, 4.451549301076748, 136373, 0, 0.0, 5, 
2019-12-08 10:39:44.423,603193920, 32.86659904180364, 2497173, 4.451549301076748, 136403, 0, 0.0, 5, 
2019-12-08 10:39:45.473,617873984, 32.86659904180364, 2497810, 4.451549301076748, 136443, 0, 0.0, 5, 
2019-12-08 10:39:46.517,632554048, 67.24217578582208, 2498525, 6.142486056392054, 136470, 0, 0.0, 5, 
2019-12-08 10:39:47.562,647234112, 67.24217578582208, 2499215, 6.142486056392054, 136514, 0, 0.0, 5, 
2019-12-08 10:39:48.599,666108480, 67.24217578582208, 2499921, 6.142486056392054, 136552, 0, 0.0, 5, 
2019-12-08 10:39:49.64,679739968, 67.24217578582208, 2500614, 6.142486056392054, 136573, 0, 0.0, 5, 
2019-12-08 10:39:50.674,695468608, 67.24217578582208, 2501364, 6.142486056392054, 136613, 0, 0.0, 5, 
2019-12-08 10:39:51.711,711197248, 116.9072132284426, 2502112, 8.513769944392234, 136652, 0, 0.0, 5, 
2019-12-08 10:39:52.75,727974464, 116.9072132284426, 2502801, 8.513769944392234, 136686, 0, 0.0, 5, 
2019-12-08 10:39:53.796,741605952, 116.9072132284426, 2503480, 8.513769944392234, 136724, 0, 0.0, 5, 
2019-12-08 10:39:54.83,757334592, 116.9072132284426, 2504201, 8.513769944392234, 136766, 0, 0.0, 5, 
2019-12-08 10:39:55.872,772014656, 116.9072132284426, 2504904, 8.513769944392234, 136811, 0, 0.0, 5, 
2019-12-08 10:39:56.905,788791872, 161.7857065591009, 2505658, 10.775412026417984, 136845, 0, 0.0, 5, 
2019-12-08 10:39:57.942,805569088, 161.7857065591009, 2506446, 10.775412026417984, 136881, 0, 0.0, 5, 
2019-12-08 10:39:59.106,182969096, 161.7857065591009, 2507211, 10.775412026417984, 136927, 0, 0.0, 5, 
2019-12-08 10:40:00.148,202892040, 161.7857065591009, 2508004, 10.775412026417984, 136974, 0, 0.0, 5, 
2019-12-08 10:40:01.18,218620680, 161.7857065591009, 2508831, 10.775412026417984, 137019, 0, 0.0, 5, 
2019-12-08 10:40:02.208,236446472, 208.62483130967735, 2509680, 13.128072182136707, 137064, 0, 0.0, 5, 
2019-12-08 10:40:03.244,255320840, 208.62483130967735, 2510544, 13.128072182136707, 137112, 0, 0.0, 5, 
2019-12-08 10:40:04.271,273146632, 208.62483130967735, 2511381, 13.128072182136707, 137152, 0, 0.0, 5, 
2019-12-08 10:40:05.301,288875272, 208.62483130967735, 2512180, 13.128072182136707, 137201, 0, 0.0, 5, 
2019-12-08 10:40:06.326,306701064, 208.62483130967735, 2513065, 13.128072182136707, 137253, 0, 0.0, 5, 
2019-12-08 10:40:07.353,324526856, 257.05993952533254, 2513853, 15.64442859355765, 137301, 0, 0.0, 5, 
2019-12-08 10:40:08.38,342352648, 257.05993952533254, 2514777, 15.64442859355765, 137337, 0, 0.0, 5, 
2019-12-08 10:40:09.404,361227016, 257.05993952533254, 2515688, 15.64442859355765, 137384, 0, 0.0, 5, 
2019-12-08 10:40:10.448,378004232, 257.05993952533254, 2516573, 15.64442859355765, 137425, 0, 0.0, 5, 
2019-12-08 10:40:11.477,395830024, 306.21184091138974, 2517522, 17.799677084360827, 137468, 0, 0.0, 5, 
2019-12-08 10:40:12.508,428335880, 306.21184091138974, 2518498, 17.799677084360827, 137509, 0, 0.0, 5, 
2019-12-08 10:40:13.541,448258824, 306.21184091138974, 2519427, 17.799677084360827, 137555, 0, 0.0, 5, 
2019-12-08 10:40:14.574,470278920, 306.21184091138974, 2520479, 17.799677084360827, 137615, 0, 0.0, 5, 
2019-12-08 10:40:15.599,491250440, 306.21184091138974, 2521536, 17.799677084360827, 137664, 0, 0.0, 5, 
2019-12-08 10:40:16.626,511173384, 359.3014028505176, 2522520, 20.214361581464217, 137716, 0, 0.0, 5, 
2019-12-08 10:40:17.654,531096328, 359.3014028505176, 2523542, 20.214361581464217, 137763, 0, 0.0, 5, 
2019-12-08 10:40:18.695,551019272, 359.3014028505176, 2524507, 20.214361581464217, 137816, 0, 0.0, 5, 
2019-12-08 10:40:19.728,571990792, 359.3014028505176, 2525561, 20.214361581464217, 137869, 0, 0.0, 5, 
2019-12-08 10:40:20.757,595059464, 359.3014028505176, 2526759, 20.214361581464217, 137918, 0, 0.0, 5, 
2019-12-08 10:40:21.784,617079560, 413.8230043490477, 2527944, 22.73980979052478, 137994, 0, 0.0, 5, 
2019-12-08 10:40:22.808,641196808, 413.8230043490477, 2529185, 22.73980979052478, 138063, 0, 0.0, 5, 
2019-12-08 10:40:23.834,666362632, 413.8230043490477, 2530423, 22.73980979052478, 138130, 0, 0.0, 5, 
2019-12-08 10:40:24.864,690479880, 413.8230043490477, 2531678, 22.73980979052478, 138194, 0, 0.0, 5, 
2019-12-08 10:40:25.938,714597128, 413.8230043490477, 2532920, 22.73980979052478, 138244, 0, 0.0, 5, 
2019-12-08 10:40:26.965,739762952, 477.78563331939495, 2534220, 26.102756919525376, 138329, 0, 0.0, 5, 
2019-12-08 10:40:27.987,762831624, 477.78563331939495, 2535479, 26.102756919525376, 138401, 0, 0.0, 5, 
2019-12-08 10:40:29.012,786948872, 477.78563331939495, 2536707, 26.102756919525376, 138466, 0, 0.0, 5, 
2019-12-08 10:40:30.04,811066120, 477.78563331939495, 2537947, 26.102756919525376, 138532, 0, 0.0, 5, 
2019-12-08 10:40:31.064,196580160, 477.78563331939495, 2539107, 26.102756919525376, 138583, 0, 0.0, 5, 
2019-12-08 10:40:32.087,220697408, 534.3313719898952, 2540309, 28.988933120292334, 138649, 0, 0.0, 5, 
2019-12-08 10:40:33.111,244814656, 534.3313719898952, 2541638, 28.988933120292334, 138719, 0, 0.0, 5, 
2019-12-08 10:40:34.134,267883328, 534.3313719898952, 2542774, 28.988933120292334, 138795, 0, 0.0, 5, 
2019-12-08 10:40:35.162,285709120, 534.3313719898952, 2543708, 28.988933120292334, 138847, 0, 0.0, 5, 
2019-12-08 10:40:36.195,306680640, 534.3313719898952, 2544787, 28.988933120292334, 138919, 0, 0.0, 5, 
2019-12-08 10:40:37.222,326603584, 579.847578375605, 2545844, 31.916192403704354, 138975, 0, 0.0, 5, 
