Timestamp, MemoryUsed, ReadLatency1, ReadCount, WriteLatency1, WriteCount, PendingTasks, WaitingOnCommit1, SRDelay, 
2019-12-08 10:39:39.857,356652352, 24.88034703357427, 2549619, 4.58599802839411, 139289, 0, 0.0, 5, 
2019-12-08 10:39:40.987,364503304, 30.646716103234905, 2549863, 4.539144213007797, 139299, 0, 0.0, 5, 
2019-12-08 10:39:42.103,374563720, 30.646716103234905, 2550165, 4.539144213007797, 139314, 0, 0.0, 5, 
2019-12-08 10:39:43.333,380745232, 30.646716103234905, 2550466, 4.539144213007797, 139329, 0, 0.0, 5, 
2019-12-08 10:39:44.467,393295608, 30.646716103234905, 2550997, 4.539144213007797, 139350, 0, 0.0, 5, 
2019-12-08 10:39:45.504,121231736, 30.646716103234905, 2551651, 4.539144213007797, 139388, 0, 0.0, 5, 
2019-12-08 10:39:46.546,134706896, 60.018662955041144, 2552347, 5.759334870714237, 139426, 0, 0.0, 5, 
2019-12-08 10:39:47.587,148043456, 60.018662955041144, 2553025, 5.759334870714237, 139457, 0, 0.0, 5, 
2019-12-08 10:39:48.616,163390280, 60.018662955041144, 2553714, 5.759334870714237, 139498, 0, 0.0, 5, 
2019-12-08 10:39:49.655,178378800, 60.018662955041144, 2554390, 5.759334870714237, 139529, 0, 0.0, 5, 
2019-12-08 10:39:50.694,192947944, 60.018662955041144, 2555129, 5.759334870714237, 139587, 0, 0.0, 5, 
2019-12-08 10:39:51.742,208209552, 108.74210447243647, 2555857, 8.401120592162785, 139619, 0, 0.0, 5, 
2019-12-08 10:39:52.78,223786240, 108.74210447243647, 2556549, 8.401120592162785, 139658, 0, 0.0, 5, 
2019-12-08 10:39:53.815,237833800, 108.74210447243647, 2557267, 8.401120592162785, 139698, 0, 0.0, 5, 
2019-12-08 10:39:54.844,252573960, 108.74210447243647, 2557987, 8.401120592162785, 139733, 0, 0.0, 5, 
2019-12-08 10:39:55.885,266938112, 155.26489311189286, 2558716, 10.815689672754885, 139785, 0, 0.0, 5, 
2019-12-08 10:39:56.925,282600856, 155.26489311189286, 2559495, 10.815689672754885, 139828, 0, 0.0, 5, 
2019-12-08 10:39:57.964,298798040, 155.26489311189286, 2560250, 10.815689672754885, 139857, 0, 0.0, 5, 
2019-12-08 10:39:59.127,315525664, 155.26489311189286, 2561096, 10.815689672754885, 139905, 0, 0.0, 5, 
2019-12-08 10:40:00.176,333682680, 155.26489311189286, 2561967, 10.815689672754885, 139949, 0, 0.0, 5, 
2019-12-08 10:40:01.199,350514184, 204.40040731396286, 2562813, 12.95724488371963, 139992, 0, 0.0, 5, 
2019-12-08 10:40:02.227,368501320, 204.40040731396286, 2563724, 12.95724488371963, 140030, 0, 0.0, 5, 
2019-12-08 10:40:03.256,386117072, 204.40040731396286, 2564609, 12.95724488371963, 140075, 0, 0.0, 5, 
2019-12-08 10:40:04.286,123049512, 204.40040731396286, 2565468, 12.95724488371963, 140115, 0, 0.0, 5, 
2019-12-08 10:40:05.317,139280616, 204.40040731396286, 2566348, 12.95724488371963, 140154, 0, 0.0, 5, 
2019-12-08 10:40:06.356,156388240, 256.3075407695799, 2567232, 15.103473082003553, 140187, 0, 0.0, 5, 
2019-12-08 10:40:07.383,172918168, 256.3075407695799, 2568052, 15.103473082003553, 140229, 0, 0.0, 5, 
2019-12-08 10:40:08.408,189952440, 256.3075407695799, 2568967, 15.103473082003553, 140270, 0, 0.0, 5, 
2019-12-08 10:40:09.437,207926176, 256.3075407695799, 2569862, 15.103473082003553, 140331, 0, 0.0, 5, 
2019-12-08 10:40:10.462,224755552, 256.3075407695799, 2570767, 15.103473082003553, 140379, 0, 0.0, 5, 
2019-12-08 10:40:11.491,245212448, 305.0078848922131, 2571769, 17.49386739228215, 140423, 0, 0.0, 5, 
2019-12-08 10:40:12.518,262373952, 305.0078848922131, 2572673, 17.49386739228215, 140465, 0, 0.0, 5, 
2019-12-08 10:40:13.555,281412616, 305.0078848922131, 2573603, 17.49386739228215, 140511, 0, 0.0, 5, 
2019-12-08 10:40:14.585,300757152, 305.0078848922131, 2574570, 17.49386739228215, 140563, 0, 0.0, 5, 
2019-12-08 10:40:15.612,318494152, 305.0078848922131, 2575566, 17.49386739228215, 140608, 0, 0.0, 5, 
2019-12-08 10:40:16.638,338601592, 354.8355752540464, 2576585, 19.677145209141553, 140658, 0, 0.0, 5, 
2019-12-08 10:40:17.664,358233136, 354.8355752540464, 2577642, 19.677145209141553, 140708, 0, 0.0, 5, 
2019-12-08 10:40:18.696,379776552, 354.8355752540464, 2578784, 19.677145209141553, 140768, 0, 0.0, 5, 
2019-12-08 10:40:19.722,401460280, 354.8355752540464, 2579895, 19.677145209141553, 140825, 0, 0.0, 5, 
2019-12-08 10:40:20.758,138183696, 411.58520530989074, 2581021, 22.325502453092565, 140880, 0, 0.0, 5, 
2019-12-08 10:40:21.784,161071960, 411.58520530989074, 2582230, 22.325502453092565, 140945, 0, 0.0, 5, 
2019-12-08 10:40:22.809,183452952, 411.58520530989074, 2583410, 22.325502453092565, 141014, 0, 0.0, 5, 
2019-12-08 10:40:23.833,206738216, 411.58520530989074, 2584684, 22.325502453092565, 141086, 0, 0.0, 5, 
2019-12-08 10:40:24.863,243103960, 411.58520530989074, 2585961, 22.325502453092565, 141158, 0, 0.0, 5, 
2019-12-08 10:40:25.888,266114160, 474.9911674269454, 2587191, 25.993424758041222, 141227, 0, 0.0, 5, 
2019-12-08 10:40:26.91,288991280, 474.9911674269454, 2588429, 25.993424758041222, 141289, 0, 0.0, 5, 
2019-12-08 10:40:27.934,311346920, 474.9911674269454, 2589669, 25.993424758041222, 141350, 0, 0.0, 5, 
2019-12-08 10:40:28.958,336086520, 474.9911674269454, 2590948, 25.993424758041222, 141425, 0, 0.0, 5, 
2019-12-08 10:40:29.99,358438352, 474.9911674269454, 2592183, 25.993424758041222, 141487, 0, 0.0, 5, 
2019-12-08 10:40:31.013,381801248, 533.1035930879021, 2593303, 28.888342675779487, 141553, 0, 0.0, 5, 
2019-12-08 10:40:32.037,403966608, 533.1035930879021, 2594601, 28.888342675779487, 141611, 0, 0.0, 5, 
2019-12-08 10:40:33.062,148151800, 533.1035930879021, 2595932, 28.888342675779487, 141693, 0, 0.0, 5, 
2019-12-08 10:40:34.087,170297392, 533.1035930879021, 2597139, 28.888342675779487, 141746, 0, 0.0, 5, 
2019-12-08 10:40:35.11,191023184, 533.1035930879021, 2598150, 28.888342675779487, 141795, 0, 0.0, 5, 
2019-12-08 10:40:36.133,210072904, 582.7317376400347, 2599232, 31.279946746544628, 141846, 0, 0.0, 5, 
2019-12-08 10:40:37.164,230150528, 582.7317376400347, 2600284, 31.279946746544628, 141897, 0, 0.0, 5, 
2019-12-08 10:40:38.19,252533864, 582.7317376400347, 2601450, 31.279946746544628, 141962, 0, 0.0, 5, 
2019-12-08 10:40:39.221,272052280, 582.7317376400347, 2602554, 31.279946746544628, 142012, 0, 0.0, 5, 
2019-12-08 10:40:40.264,283034648, 582.7317376400347, 2603029, 31.279946746544628, 142029, 0, 0.0, 5, 
2019-12-08 10:40:41.303,292240240, 607.2835603057822, 2603505, 32.23302158207429, 142063, 0, 0.0, 5, 
2019-12-08 10:40:42.337,302571376, 607.2835603057822, 2603975, 32.23302158207429, 142087, 0, 0.0, 5, 
2019-12-08 10:40:43.366,312852520, 607.2835603057822, 2604471, 32.23302158207429, 142105, 0, 0.0, 5, 
2019-12-08 10:40:44.402,324521840, 607.2835603057822, 2604987, 32.23302158207429, 142130, 0, 0.0, 5, 
2019-12-08 10:40:45.435,334076056, 607.2835603057822, 2605478, 32.23302158207429, 142161, 0, 0.0, 5, 
2019-12-08 10:40:46.474,344417696, 596.8346797432093, 2605972, 31.6547011074808, 142185, 0, 0.0, 5, 
2019-12-08 10:40:47.503,356482752, 596.8346797432093, 2606477, 31.6547011074808, 142220, 0, 0.0, 5, 
2019-12-08 10:40:48.535,366260392, 596.8346797432093, 2606985, 31.6547011074808, 142240, 0, 0.0, 5, 
2019-12-08 10:40:49.569,376427192, 596.8346797432093, 2607460, 31.6547011074808, 142269, 0, 0.0, 5, 
2019-12-08 10:40:50.607,387168808, 596.8346797432093, 2607956, 31.6547011074808, 142289, 0, 0.0, 5, 
2019-12-08 10:40:51.645,396895552, 587.0453432546697, 2608426, 31.13861170203942, 142315, 0, 0.0, 5, 
2019-12-08 10:40:52.704,407519848, 587.0453432546697, 2608928, 31.13861170203942, 142349, 0, 0.0, 5, 
2019-12-08 10:40:53.732,134604240, 587.0453432546697, 2609447, 31.13861170203942, 142374, 0, 0.0, 5, 
2019-12-08 10:40:54.766,144883632, 587.0453432546697, 2609934, 31.13861170203942, 142397, 0, 0.0, 5, 
2019-12-08 10:40:55.81,155327336, 578.3905234710927, 2610428, 30.807706580780923, 142430, 0, 0.0, 5, 
2019-12-08 10:40:56.839,166775168, 578.3905234710927, 2610910, 30.807706580780923, 142461, 0, 0.0, 5, 
2019-12-08 10:40:57.872,176800832, 578.3905234710927, 2611425, 30.807706580780923, 142493, 0, 0.0, 5, 
2019-12-08 10:40:58.897,187611464, 578.3905234710927, 2611896, 30.807706580780923, 142520, 0, 0.0, 5, 
2019-12-08 10:40:59.928,198943736, 578.3905234710927, 2612397, 30.807706580780923, 142551, 0, 0.0, 5, 
2019-12-08 10:41:00.963,210341944, 570.4436959866634, 2612920, 30.63118810878789, 142574, 0, 0.0, 5, 
2019-12-08 10:41:01.992,219701144, 570.4436959866634, 2613381, 30.63118810878789, 142597, 0, 0.0, 5, 
2019-12-08 10:41:03.024,231121616, 570.4436959866634, 2613895, 30.63118810878789, 142624, 0, 0.0, 5, 
2019-12-08 10:41:04.052,241565264, 570.4436959866634, 2614388, 30.63118810878789, 142644, 0, 0.0, 5, 
2019-12-08 10:41:05.081,250929912, 570.4436959866634, 2614858, 30.63118810878789, 142669, 0, 0.0, 5, 
2019-12-08 10:41:06.113,260509752, 562.7644660528865, 2615335, 30.021031996476005, 142696, 0, 0.0, 5, 
2019-12-08 10:41:07.138,272403264, 562.7644660528865, 2615836, 30.021031996476005, 142724, 0, 0.0, 5, 
2019-12-08 10:41:08.173,283072032, 562.7644660528865, 2616350, 30.021031996476005, 142745, 0, 0.0, 5, 
2019-12-08 10:41:09.2,293523968, 562.7644660528865, 2616845, 30.021031996476005, 142776, 0, 0.0, 5, 
2019-12-08 10:41:10.225,304009520, 562.7644660528865, 2617345, 30.021031996476005, 142800, 0, 0.0, 5, 
2019-12-08 10:41:11.258,314434904, 556.6267182339604, 2617837, 29.715519146477682, 142833, 0, 0.0, 5, 
2019-12-08 10:41:12.294,325785776, 556.6267182339604, 2618372, 29.715519146477682, 142861, 0, 0.0, 5, 
2019-12-08 10:41:13.329,336358072, 556.6267182339604, 2618857, 29.715519146477682, 142890, 0, 0.0, 5, 
2019-12-08 10:41:14.359,346242168, 556.6267182339604, 2619339, 29.715519146477682, 142913, 0, 0.0, 5, 
2019-12-08 10:41:15.391,356588400, 556.6267182339604, 2619822, 29.715519146477682, 142939, 0, 0.0, 5, 
2019-12-08 10:41:16.417,367313224, 550.6119219420492, 2620349, 29.370469286942697, 142964, 0, 0.0, 5, 
2019-12-08 10:41:17.444,377686440, 550.6119219420492, 2620813, 29.370469286942697, 142995, 0, 0.0, 5, 
2019-12-08 10:41:18.474,388567576, 550.6119219420492, 2621336, 29.370469286942697, 143024, 0, 0.0, 5, 
2019-12-08 10:41:19.505,399767672, 550.6119219420492, 2621825, 29.370469286942697, 143048, 0, 0.0, 5, 
2019-12-08 10:41:20.536,126575720, 550.6119219420492, 2622327, 29.370469286942697, 143073, 0, 0.0, 5, 
2019-12-08 10:41:21.566,136456824, 545.2539444963586, 2622819, 29.212919261650253, 143095, 0, 0.0, 5, 
2019-12-08 10:41:22.597,147438648, 545.2539444963586, 2623334, 29.212919261650253, 143116, 0, 0.0, 5, 
2019-12-08 10:41:23.628,157643856, 545.2539444963586, 2623829, 29.212919261650253, 143134, 0, 0.0, 5, 
2019-12-08 10:41:24.654,168155472, 545.2539444963586, 2624308, 29.212919261650253, 143156, 0, 0.0, 5, 
2019-12-08 10:41:25.698,179007176, 545.2539444963586, 2624828, 29.212919261650253, 143181, 0, 0.0, 5, 
2019-12-08 10:41:26.726,190746640, 540.548242912779, 2625335, 28.49228602618636, 143206, 0, 0.0, 5, 
2019-12-08 10:41:27.754,200292880, 540.548242912779, 2625813, 28.49228602618636, 143229, 0, 0.0, 5, 
2019-12-08 10:41:28.785,210710464, 540.548242912779, 2626307, 28.49228602618636, 143260, 0, 0.0, 5, 
2019-12-08 10:41:29.814,222332624, 540.548242912779, 2626836, 28.49228602618636, 143301, 0, 0.0, 5, 
2019-12-08 10:41:30.841,232701048, 536.3147351563389, 2627353, 28.516889477089368, 143328, 0, 0.0, 5, 
2019-12-08 10:41:31.869,243651560, 536.3147351563389, 2627843, 28.516889477089368, 143369, 0, 0.0, 5, 
2019-12-08 10:41:32.897,254339424, 536.3147351563389, 2628346, 28.516889477089368, 143393, 0, 0.0, 5, 
2019-12-08 10:41:33.924,264746272, 536.3147351563389, 2628824, 28.516889477089368, 143427, 0, 0.0, 5, 
2019-12-08 10:41:34.951,275077184, 536.3147351563389, 2629304, 28.516889477089368, 143461, 0, 0.0, 5, 
2019-12-08 10:41:35.978,284479032, 531.5402085516589, 2629787, 28.715428032488774, 143487, 0, 0.0, 5, 
2019-12-08 10:41:37.005,295873048, 531.5402085516589, 2630258, 28.715428032488774, 143512, 0, 0.0, 5, 
2019-12-08 10:41:38.039,304918944, 531.5402085516589, 2630727, 28.715428032488774, 143535, 0, 0.0, 5, 
2019-12-08 10:41:39.076,314974672, 531.5402085516589, 2631198, 28.715428032488774, 143566, 0, 0.0, 5, 
2019-12-08 10:41:40.104,327713312, 531.5402085516589, 2631695, 28.715428032488774, 143592, 0, 0.0, 5, 
2019-12-08 10:41:41.131,336802944, 525.7881870652225, 2632140, 28.482323277545053, 143619, 0, 0.0, 5, 
2019-12-08 10:41:42.159,347643328, 525.7881870652225, 2632643, 28.482323277545053, 143652, 0, 0.0, 5, 
2019-12-08 10:41:43.192,358285736, 525.7881870652225, 2633134, 28.482323277545053, 143681, 0, 0.0, 5, 
2019-12-08 10:41:44.217,368423360, 525.7881870652225, 2633609, 28.482323277545053, 143714, 0, 0.0, 5, 
2019-12-08 10:41:45.243,379956176, 525.7881870652225, 2634108, 28.482323277545053, 143743, 0, 0.0, 5, 
2019-12-08 10:41:46.268,389801120, 521.6474322531365, 2634604, 28.587678891218253, 143771, 0, 0.0, 5, 
2019-12-08 10:41:47.294,399440176, 521.6474322531365, 2635073, 28.587678891218253, 143795, 0, 0.0, 5, 
2019-12-08 10:41:48.323,126064208, 521.6474322531365, 2635532, 28.587678891218253, 143824, 0, 0.0, 5, 
2019-12-08 10:41:49.355,136312744, 521.6474322531365, 2636021, 28.587678891218253, 143853, 0, 0.0, 5, 
2019-12-08 10:41:50.382,146826896, 521.6474322531365, 2636511, 28.587678891218253, 143884, 0, 0.0, 5, 
2019-12-08 10:41:51.413,157437432, 517.4219848719997, 2637013, 28.492717330238502, 143906, 0, 0.0, 5, 
2019-12-08 10:41:52.445,168266888, 517.4219848719997, 2637486, 28.492717330238502, 143929, 0, 0.0, 5, 
2019-12-08 10:41:53.472,178334776, 517.4219848719997, 2637988, 28.492717330238502, 143953, 0, 0.0, 5, 
2019-12-08 10:41:54.504,189253608, 517.4219848719997, 2638509, 28.492717330238502, 143983, 0, 0.0, 5, 
2019-12-08 10:41:55.536,199287048, 517.4219848719997, 2638991, 28.492717330238502, 144011, 0, 0.0, 5, 
2019-12-08 10:41:56.572,209325768, 514.5578171024194, 2639484, 28.117508369120163, 144036, 0, 0.0, 5, 
2019-12-08 10:41:57.6,220819032, 514.5578171024194, 2640001, 28.117508369120163, 144057, 0, 0.0, 5, 
2019-12-08 10:41:58.627,231242744, 514.5578171024194, 2640498, 28.117508369120163, 144086, 0, 0.0, 5, 
2019-12-08 10:41:59.656,243515792, 514.5578171024194, 2641015, 28.117508369120163, 144108, 0, 0.0, 5, 
2019-12-08 10:42:00.684,253600824, 514.5578171024194, 2641525, 28.117508369120163, 144132, 0, 0.0, 5, 
2019-12-08 10:42:01.71,264430640, 512.8661314508297, 2642023, 27.772299460124366, 144151, 0, 0.0, 5, 
2019-12-08 10:42:02.738,274873296, 512.8661314508297, 2642504, 27.772299460124366, 144179, 0, 0.0, 5, 
2019-12-08 10:42:03.764,285588056, 512.8661314508297, 2643004, 27.772299460124366, 144196, 0, 0.0, 5, 
2019-12-08 10:42:04.789,295441592, 512.8661314508297, 2643500, 27.772299460124366, 144217, 0, 0.0, 5, 
2019-12-08 10:42:05.818,307131568, 510.23830067180904, 2643994, 27.358745229077687, 144249, 0, 0.0, 5, 
2019-12-08 10:42:06.844,316762664, 510.23830067180904, 2644482, 27.358745229077687, 144263, 0, 0.0, 5, 
2019-12-08 10:42:07.872,327540096, 510.23830067180904, 2645000, 27.358745229077687, 144294, 0, 0.0, 5, 
2019-12-08 10:42:08.906,337967832, 510.23830067180904, 2645488, 27.358745229077687, 144327, 0, 0.0, 5, 
2019-12-08 10:42:09.932,348278504, 510.23830067180904, 2645949, 27.358745229077687, 144350, 0, 0.0, 5, 
2019-12-08 10:42:10.958,359401640, 506.94106820190257, 2646414, 27.12217702232408, 144373, 0, 0.0, 5, 
2019-12-08 10:42:11.984,368544056, 506.94106820190257, 2646878, 27.12217702232408, 144396, 0, 0.0, 5, 
2019-12-08 10:42:13.014,379234864, 506.94106820190257, 2647395, 27.12217702232408, 144432, 0, 0.0, 5, 
2019-12-08 10:42:14.046,389368152, 506.94106820190257, 2647885, 27.12217702232408, 144463, 0, 0.0, 5, 
2019-12-08 10:42:15.074,399878144, 506.94106820190257, 2648384, 27.12217702232408, 144485, 0, 0.0, 5, 
2019-12-08 10:42:16.1,124876568, 504.5631036842702, 2648877, 27.144390521133587, 144516, 0, 0.0, 5, 
2019-12-08 10:42:17.131,135526056, 504.5631036842702, 2649365, 27.144390521133587, 144537, 0, 0.0, 5, 
2019-12-08 10:42:18.158,145850744, 504.5631036842702, 2649847, 27.144390521133587, 144560, 0, 0.0, 5, 
2019-12-08 10:42:19.186,155569832, 504.5631036842702, 2650328, 27.144390521133587, 144581, 0, 0.0, 5, 
2019-12-08 10:42:20.212,167612832, 504.5631036842702, 2650824, 27.144390521133587, 144598, 0, 0.0, 5, 
2019-12-08 10:42:21.24,178714592, 502.1194128384497, 2651317, 26.573156594899636, 144625, 0, 0.0, 5, 
2019-12-08 10:42:22.266,189246680, 502.1194128384497, 2651816, 26.573156594899636, 144646, 0, 0.0, 5, 
2019-12-08 10:42:23.306,198557712, 502.1194128384497, 2652278, 26.573156594899636, 144680, 0, 0.0, 5, 
2019-12-08 10:42:24.339,208436832, 502.1194128384497, 2652770, 26.573156594899636, 144705, 0, 0.0, 5, 
2019-12-08 10:42:25.372,219355176, 502.1194128384497, 2653267, 26.573156594899636, 144726, 0, 0.0, 5, 
2019-12-08 10:42:26.401,229642320, 499.95106431004234, 2653736, 26.559311757993644, 144751, 0, 0.0, 5, 
2019-12-08 10:42:27.427,240383112, 499.95106431004234, 2654229, 26.559311757993644, 144772, 0, 0.0, 5, 
2019-12-08 10:42:28.457,251487344, 499.95106431004234, 2654724, 26.559311757993644, 144788, 0, 0.0, 5, 
2019-12-08 10:42:29.486,261835680, 499.95106431004234, 2655210, 26.559311757993644, 144815, 0, 0.0, 5, 
2019-12-08 10:42:30.517,272074792, 499.95106431004234, 2655710, 26.559311757993644, 144839, 0, 0.0, 5, 
2019-12-08 10:42:31.546,282354400, 497.9880695916598, 2656182, 26.13080484919931, 144861, 0, 0.0, 5, 
2019-12-08 10:42:32.574,292191944, 497.9880695916598, 2656666, 26.13080484919931, 144888, 0, 0.0, 5, 
2019-12-08 10:42:33.601,302583608, 497.9880695916598, 2657138, 26.13080484919931, 144908, 0, 0.0, 5, 
2019-12-08 10:42:34.631,314001536, 497.9880695916598, 2657635, 26.13080484919931, 144938, 0, 0.0, 5, 
2019-12-08 10:42:35.66,323879656, 497.9880695916598, 2658112, 26.13080484919931, 144968, 0, 0.0, 5, 
2019-12-08 10:42:36.696,333260352, 495.6383292845444, 2658594, 26.07237291968985, 144996, 0, 0.0, 5, 
2019-12-08 10:42:37.726,343861872, 495.6383292845444, 2659065, 26.07237291968985, 145016, 0, 0.0, 5, 
2019-12-08 10:42:38.755,354255752, 495.6383292845444, 2659550, 26.07237291968985, 145044, 0, 0.0, 5, 
2019-12-08 10:42:39.826,365490192, 495.6383292845444, 2660076, 26.07237291968985, 145074, 0, 0.0, 5, 
2019-12-08 10:42:40.852,377079272, 493.7163305952656, 2660573, 26.098568534679337, 145103, 0, 0.0, 5, 
2019-12-08 10:42:41.88,388665336, 493.7163305952656, 2661060, 26.098568534679337, 145132, 0, 0.0, 5, 
2019-12-08 10:42:42.918,398499600, 493.7163305952656, 2661581, 26.098568534679337, 145150, 0, 0.0, 5, 
2019-12-08 10:42:43.946,127349840, 493.7163305952656, 2662073, 26.098568534679337, 145181, 0, 0.0, 5, 
2019-12-08 10:42:44.993,138182296, 493.7163305952656, 2662578, 26.098568534679337, 145203, 0, 0.0, 5, 
2019-12-08 10:42:46.019,149022264, 492.9394556948662, 2663076, 26.15465189808646, 145243, 0, 0.0, 5, 
2019-12-08 10:42:47.046,159443160, 492.9394556948662, 2663555, 26.15465189808646, 145266, 0, 0.0, 5, 
2019-12-08 10:42:48.077,170523488, 492.9394556948662, 2664056, 26.15465189808646, 145304, 0, 0.0, 5, 
2019-12-08 10:42:49.109,180904680, 492.9394556948662, 2664573, 26.15465189808646, 145336, 0, 0.0, 5, 
2019-12-08 10:42:50.176,191502608, 492.9394556948662, 2665094, 26.15465189808646, 145366, 0, 0.0, 5, 
2019-12-08 10:42:51.205,202521856, 492.17672293066556, 2665578, 26.222242200416947, 145379, 0, 0.0, 5, 
2019-12-08 10:42:52.231,213361584, 492.17672293066556, 2666079, 26.222242200416947, 145409, 0, 0.0, 5, 
2019-12-08 10:42:53.261,223139320, 492.17672293066556, 2666588, 26.222242200416947, 145433, 0, 0.0, 5, 
2019-12-08 10:42:54.288,235736784, 492.17672293066556, 2667099, 26.222242200416947, 145470, 0, 0.0, 5, 
2019-12-08 10:42:55.318,246318272, 492.17672293066556, 2667614, 26.222242200416947, 145505, 0, 0.0, 5, 
2019-12-08 10:42:56.344,257004520, 492.1466018282216, 2668109, 26.348392748855762, 145522, 0, 0.0, 5, 
2019-12-08 10:42:57.375,267732344, 492.1466018282216, 2668614, 26.348392748855762, 145544, 0, 0.0, 5, 
2019-12-08 10:42:58.42,278079472, 492.1466018282216, 2669123, 26.348392748855762, 145575, 0, 0.0, 5, 
2019-12-08 10:42:59.449,287486080, 492.1466018282216, 2669605, 26.348392748855762, 145609, 0, 0.0, 5, 
2019-12-08 10:43:00.478,299137848, 492.1466018282216, 2670089, 26.348392748855762, 145635, 0, 0.0, 5, 
2019-12-08 10:43:01.504,310460512, 491.223386520004, 2670611, 26.368510153904506, 145659, 0, 0.0, 5, 
2019-12-08 10:43:02.535,320733176, 491.223386520004, 2671074, 26.368510153904506, 145686, 0, 0.0, 5, 
2019-12-08 10:43:03.562,330933472, 491.223386520004, 2671560, 26.368510153904506, 145709, 0, 0.0, 5, 
2019-12-08 10:43:04.59,340984120, 491.223386520004, 2672022, 26.368510153904506, 145732, 0, 0.0, 5, 
2019-12-08 10:43:05.621,351915208, 491.223386520004, 2672531, 26.368510153904506, 145757, 0, 0.0, 5, 
2019-12-08 10:43:06.647,361872672, 489.68636939799035, 2672991, 26.099178952722003, 145777, 0, 0.0, 5, 
2019-12-08 10:43:07.674,372622048, 489.68636939799035, 2673491, 26.099178952722003, 145797, 0, 0.0, 5, 
2019-12-08 10:43:08.701,382739832, 489.68636939799035, 2673982, 26.099178952722003, 145828, 0, 0.0, 5, 
2019-12-08 10:43:09.727,392711360, 489.68636939799035, 2674448, 26.099178952722003, 145854, 0, 0.0, 5, 
2019-12-08 10:43:10.764,404110400, 487.3767428235404, 2674893, 25.931337870759315, 145879, 0, 0.0, 5, 
2019-12-08 10:43:11.795,130288040, 487.3767428235404, 2675374, 25.931337870759315, 145907, 0, 0.0, 5, 
2019-12-08 10:43:12.822,139610448, 487.3767428235404, 2675864, 25.931337870759315, 145940, 0, 0.0, 5, 
2019-12-08 10:43:13.849,150364952, 487.3767428235404, 2676363, 25.931337870759315, 145971, 0, 0.0, 5, 
2019-12-08 10:43:14.88,161672184, 487.3767428235404, 2676843, 25.931337870759315, 146000, 0, 0.0, 5, 
2019-12-08 10:43:15.905,172611104, 486.6270198622139, 2677358, 26.11273007931104, 146023, 0, 0.0, 5, 
2019-12-08 10:43:16.942,183950744, 486.6270198622139, 2677863, 26.11273007931104, 146055, 0, 0.0, 5, 
2019-12-08 10:43:17.968,194337416, 486.6270198622139, 2678371, 26.11273007931104, 146087, 0, 0.0, 5, 
2019-12-08 10:43:18.994,204619632, 486.6270198622139, 2678870, 26.11273007931104, 146109, 0, 0.0, 5, 
2019-12-08 10:43:20.019,214173184, 486.6270198622139, 2679340, 26.11273007931104, 146141, 0, 0.0, 5, 
2019-12-08 10:43:21.044,225607944, 486.49693053672087, 2679823, 26.311601201794602, 146170, 0, 0.0, 5, 
2019-12-08 10:43:22.072,237445184, 486.49693053672087, 2680310, 26.311601201794602, 146201, 0, 0.0, 5, 
2019-12-08 10:43:23.099,246425224, 486.49693053672087, 2680798, 26.311601201794602, 146229, 0, 0.0, 5, 
2019-12-08 10:43:24.127,257740744, 486.49693053672087, 2681294, 26.311601201794602, 146260, 0, 0.0, 5, 
2019-12-08 10:43:25.153,269141272, 486.49693053672087, 2681819, 26.311601201794602, 146287, 0, 0.0, 5, 
2019-12-08 10:43:26.179,279474200, 486.16935805743435, 2682336, 26.494571467266667, 146315, 0, 0.0, 5, 
2019-12-08 10:43:27.205,289888256, 486.16935805743435, 2682830, 26.494571467266667, 146345, 0, 0.0, 5, 
2019-12-08 10:43:28.231,299144776, 486.16935805743435, 2683321, 26.494571467266667, 146364, 0, 0.0, 5, 
2019-12-08 10:43:29.257,310910320, 486.16935805743435, 2683812, 26.494571467266667, 146395, 0, 0.0, 5, 
2019-12-08 10:43:30.288,322300944, 486.16935805743435, 2684338, 26.494571467266667, 146424, 0, 0.0, 5, 
2019-12-08 10:43:31.319,332629944, 486.76347938363216, 2684843, 26.534983301464404, 146458, 0, 0.0, 5, 
2019-12-08 10:43:32.346,343343280, 486.76347938363216, 2685341, 26.534983301464404, 146484, 0, 0.0, 5, 
2019-12-08 10:43:33.371,355176824, 486.76347938363216, 2685843, 26.534983301464404, 146513, 0, 0.0, 5, 
2019-12-08 10:43:34.396,366496384, 486.76347938363216, 2686351, 26.534983301464404, 146542, 0, 0.0, 5, 
2019-12-08 10:43:35.426,376976080, 486.76347938363216, 2686867, 26.534983301464404, 146565, 0, 0.0, 5, 
2019-12-08 10:43:36.456,387421576, 487.02225728407814, 2687371, 26.60414621795123, 146599, 0, 0.0, 5, 
2019-12-08 10:43:37.482,397353360, 487.02225728407814, 2687841, 26.60414621795123, 146630, 0, 0.0, 5, 
2019-12-08 10:43:38.533,407631496, 487.02225728407814, 2688360, 26.60414621795123, 146648, 0, 0.0, 5, 
2019-12-08 10:43:39.559,135193776, 487.02225728407814, 2688899, 26.60414621795123, 146682, 0, 0.0, 5, 
2019-12-08 10:43:40.585,144830328, 487.02225728407814, 2689401, 26.60414621795123, 146700, 0, 0.0, 5, 
2019-12-08 10:43:41.611,155417424, 487.2283622118647, 2689876, 26.475885768074782, 146726, 0, 0.0, 5, 
2019-12-08 10:43:42.637,166924040, 487.2283622118647, 2690371, 26.475885768074782, 146762, 0, 0.0, 5, 
2019-12-08 10:43:43.668,177502528, 487.2283622118647, 2690852, 26.475885768074782, 146789, 0, 0.0, 5, 
2019-12-08 10:43:44.698,187425992, 487.2283622118647, 2691345, 26.475885768074782, 146811, 0, 0.0, 5, 
2019-12-08 10:43:45.725,198107032, 487.2283622118647, 2691854, 26.475885768074782, 146836, 0, 0.0, 5, 
2019-12-08 10:43:46.753,208628680, 486.3625741726093, 2692343, 26.517791628289462, 146870, 0, 0.0, 5, 
2019-12-08 10:43:47.781,219157424, 486.3625741726093, 2692839, 26.517791628289462, 146894, 0, 0.0, 5, 
2019-12-08 10:43:48.807,229271416, 486.3625741726093, 2693328, 26.517791628289462, 146925, 0, 0.0, 5, 
2019-12-08 10:43:49.836,240155520, 486.3625741726093, 2693777, 26.517791628289462, 146957, 0, 0.0, 5, 
2019-12-08 10:43:50.863,250260384, 485.11825944476374, 2694270, 26.572337997994357, 146978, 0, 0.0, 5, 
2019-12-08 10:43:51.889,260804248, 485.11825944476374, 2694783, 26.572337997994357, 147002, 0, 0.0, 5, 
2019-12-08 10:43:52.915,271427776, 485.11825944476374, 2695269, 26.572337997994357, 147029, 0, 0.0, 5, 
2019-12-08 10:43:53.941,282950840, 485.11825944476374, 2695748, 26.572337997994357, 147060, 0, 0.0, 5, 
2019-12-08 10:43:54.971,291534672, 485.11825944476374, 2696218, 26.572337997994357, 147087, 0, 0.0, 5, 
2019-12-08 10:43:55.999,302099024, 483.90947016107185, 2696710, 26.558558612483107, 147114, 0, 0.0, 5, 
2019-12-08 10:43:57.027,313385056, 483.90947016107185, 2697210, 26.558558612483107, 147138, 0, 0.0, 5, 
2019-12-08 10:43:58.054,323551384, 483.90947016107185, 2697707, 26.558558612483107, 147161, 0, 0.0, 5, 
2019-12-08 10:43:59.08,334490568, 483.90947016107185, 2698176, 26.558558612483107, 147189, 0, 0.0, 5, 
2019-12-08 10:44:00.111,345574280, 483.90947016107185, 2698682, 26.558558612483107, 147225, 0, 0.0, 5, 
2019-12-08 10:44:01.139,356481288, 484.3004953371161, 2699192, 26.689801019473677, 147256, 0, 0.0, 5, 
2019-12-08 10:44:02.167,366652368, 484.3004953371161, 2699672, 26.689801019473677, 147284, 0, 0.0, 5, 
2019-12-08 10:44:03.201,377684920, 484.3004953371161, 2700170, 26.689801019473677, 147315, 0, 0.0, 5, 
2019-12-08 10:44:04.244,388197536, 484.3004953371161, 2700678, 26.689801019473677, 147343, 0, 0.0, 5, 
2019-12-08 10:44:05.272,398485680, 484.3004953371161, 2701182, 26.689801019473677, 147381, 0, 0.0, 5, 
2019-12-08 10:44:06.311,127299024, 483.7967355443118, 2701671, 26.890505448358535, 147411, 0, 0.0, 5, 
2019-12-08 10:44:07.338,138012248, 483.7967355443118, 2702150, 26.890505448358535, 147441, 0, 0.0, 5, 
2019-12-08 10:44:08.366,147548800, 483.7967355443118, 2702625, 26.890505448358535, 147466, 0, 0.0, 5, 
2019-12-08 10:44:09.394,159177680, 483.7967355443118, 2703106, 26.890505448358535, 147495, 0, 0.0, 5, 
2019-12-08 10:44:10.419,168967936, 483.7967355443118, 2703591, 26.890505448358535, 147513, 0, 0.0, 5, 
2019-12-08 10:44:11.442,178402576, 483.0614051703671, 2704074, 26.707366744440304, 147536, 0, 0.0, 5, 
2019-12-08 10:44:12.472,188268600, 483.0614051703671, 2704553, 26.707366744440304, 147566, 0, 0.0, 5, 
2019-12-08 10:44:13.5,197645000, 483.0614051703671, 2705015, 26.707366744440304, 147586, 0, 0.0, 5, 
2019-12-08 10:44:14.526,209088896, 483.0614051703671, 2705553, 26.707366744440304, 147608, 0, 0.0, 5, 
2019-12-08 10:44:15.553,220279464, 483.0614051703671, 2706046, 26.707366744440304, 147634, 0, 0.0, 5, 
2019-12-08 10:44:16.579,231241456, 482.28892186446706, 2706538, 26.47490653450134, 147657, 0, 0.0, 5, 
2019-12-08 10:44:17.606,242486432, 482.28892186446706, 2707059, 26.47490653450134, 147676, 0, 0.0, 5, 
2019-12-08 10:44:18.634,254375824, 482.28892186446706, 2707580, 26.47490653450134, 147708, 0, 0.0, 5, 
2019-12-08 10:44:19.67,264727976, 482.28892186446706, 2708070, 26.47490653450134, 147729, 0, 0.0, 5, 
2019-12-08 10:44:20.7,273284648, 482.28892186446706, 2708554, 26.47490653450134, 147758, 0, 0.0, 5, 
2019-12-08 10:44:21.726,285795120, 482.82551004526204, 2709040, 26.340988402094116, 147780, 0, 0.0, 5, 
2019-12-08 10:44:22.754,296113048, 482.82551004526204, 2709548, 26.340988402094116, 147801, 0, 0.0, 5, 
2019-12-08 10:44:23.78,307077680, 482.82551004526204, 2710047, 26.340988402094116, 147827, 0, 0.0, 5, 
2019-12-08 10:44:24.807,317185440, 482.82551004526204, 2710522, 26.340988402094116, 147845, 0, 0.0, 5, 
2019-12-08 10:44:25.836,327293472, 482.1678345746207, 2711003, 26.041875484539766, 147874, 0, 0.0, 5, 
2019-12-08 10:44:26.862,338414784, 482.1678345746207, 2711493, 26.041875484539766, 147899, 0, 0.0, 5, 
2019-12-08 10:44:27.888,349501080, 482.1678345746207, 2712007, 26.041875484539766, 147925, 0, 0.0, 5, 
2019-12-08 10:44:28.914,358948304, 482.1678345746207, 2712498, 26.041875484539766, 147956, 0, 0.0, 5, 
2019-12-08 10:44:29.939,370071912, 482.1678345746207, 2712979, 26.041875484539766, 147989, 0, 0.0, 5, 
2019-12-08 10:44:30.972,380620328, 482.570184306889, 2713481, 26.2144295934762, 148024, 0, 0.0, 5, 
2019-12-08 10:44:31.999,391734424, 482.570184306889, 2713981, 26.2144295934762, 148058, 0, 0.0, 5, 
2019-12-08 10:44:33.035,402502512, 482.570184306889, 2714466, 26.2144295934762, 148079, 0, 0.0, 5, 
2019-12-08 10:44:34.066,128070424, 482.570184306889, 2714976, 26.2144295934762, 148108, 0, 0.0, 5, 
2019-12-08 10:44:35.094,139825728, 482.570184306889, 2715457, 26.2144295934762, 148137, 0, 0.0, 5, 
2019-12-08 10:44:36.121,150265240, 482.1887814283057, 2715982, 26.293231452253828, 148156, 0, 0.0, 5, 
2019-12-08 10:44:37.165,161638264, 482.1887814283057, 2716489, 26.293231452253828, 148183, 0, 0.0, 5, 
2019-12-08 10:44:38.192,173465192, 482.1887814283057, 2716994, 26.293231452253828, 148208, 0, 0.0, 5, 
2019-12-08 10:44:39.225,183509376, 482.1887814283057, 2717512, 26.293231452253828, 148226, 0, 0.0, 5, 
2019-12-08 10:44:40.252,194574064, 482.1887814283057, 2717968, 26.293231452253828, 148253, 0, 0.0, 5, 
2019-12-08 10:44:41.287,203763616, 483.02121650362756, 2718473, 26.077892554950154, 148281, 0, 0.0, 5, 
2019-12-08 10:44:42.32,215350984, 483.02121650362756, 2718968, 26.077892554950154, 148304, 0, 0.0, 5, 
2019-12-08 10:44:43.35,225943816, 483.02121650362756, 2719484, 26.077892554950154, 148334, 0, 0.0, 5, 
2019-12-08 10:44:44.376,238948544, 483.02121650362756, 2720048, 26.077892554950154, 148360, 0, 0.0, 5, 
2019-12-08 10:44:45.402,248977576, 483.02121650362756, 2720550, 26.077892554950154, 148384, 0, 0.0, 5, 
2019-12-08 10:44:46.451,259589744, 483.78709374521895, 2721055, 26.039682375974827, 148411, 0, 0.0, 5, 
2019-12-08 10:44:47.479,270307912, 483.78709374521895, 2721595, 26.039682375974827, 148439, 0, 0.0, 5, 
2019-12-08 10:44:48.509,281918024, 483.78709374521895, 2722095, 26.039682375974827, 148468, 0, 0.0, 5, 
2019-12-08 10:44:49.54,292471656, 483.78709374521895, 2722573, 26.039682375974827, 148499, 0, 0.0, 5, 
2019-12-08 10:44:50.568,301670176, 483.78709374521895, 2723037, 26.039682375974827, 148531, 0, 0.0, 5, 
2019-12-08 10:44:51.599,311698656, 483.82010790652316, 2723526, 26.212411836190352, 148565, 0, 0.0, 5, 
2019-12-08 10:44:52.629,322943480, 483.82010790652316, 2724009, 26.212411836190352, 148592, 0, 0.0, 5, 
2019-12-08 10:44:53.655,333295144, 483.82010790652316, 2724521, 26.212411836190352, 148617, 0, 0.0, 5, 
2019-12-08 10:44:54.681,343842584, 483.82010790652316, 2725018, 26.212411836190352, 148636, 0, 0.0, 5, 
2019-12-08 10:44:55.707,355652848, 483.82010790652316, 2725556, 26.212411836190352, 148661, 0, 0.0, 5, 
2019-12-08 10:44:56.736,367301312, 484.21827809393994, 2726046, 26.115472738117415, 148686, 0, 0.0, 5, 
2019-12-08 10:44:57.765,376869440, 484.21827809393994, 2726535, 26.115472738117415, 148704, 0, 0.0, 5, 
2019-12-08 10:44:58.791,386694616, 484.21827809393994, 2727005, 26.115472738117415, 148725, 0, 0.0, 5, 
2019-12-08 10:44:59.817,398579488, 484.21827809393994, 2727509, 26.115472738117415, 148745, 0, 0.0, 5, 
2019-12-08 10:45:00.843,407574344, 482.8255894727898, 2727958, 25.754435472115905, 148771, 0, 0.0, 5, 
2019-12-08 10:45:01.871,131240992, 482.8255894727898, 2728441, 25.754435472115905, 148798, 0, 0.0, 5, 
2019-12-08 10:45:02.902,142332848, 482.8255894727898, 2728948, 25.754435472115905, 148820, 0, 0.0, 5, 
2019-12-08 10:45:03.931,154720320, 482.8255894727898, 2729478, 25.754435472115905, 148850, 0, 0.0, 5, 
2019-12-08 10:45:04.958,166512080, 482.8255894727898, 2729993, 25.754435472115905, 148874, 0, 0.0, 5, 
2019-12-08 10:45:05.987,176602968, 483.81499271010995, 2730472, 25.74208749354088, 148902, 0, 0.0, 5, 
2019-12-08 10:45:07.015,185603608, 483.81499271010995, 2730941, 25.74208749354088, 148932, 0, 0.0, 5, 
2019-12-08 10:45:08.042,196494976, 483.81499271010995, 2731410, 25.74208749354088, 148964, 0, 0.0, 5, 
2019-12-08 10:45:09.07,207014336, 483.81499271010995, 2731883, 25.74208749354088, 148989, 0, 0.0, 5, 
2019-12-08 10:45:10.104,218210392, 483.81499271010995, 2732396, 25.74208749354088, 149016, 0, 0.0, 5, 
2019-12-08 10:45:11.13,228378232, 482.1347266664126, 2732875, 25.938611326784724, 149051, 0, 0.0, 5, 
2019-12-08 10:45:12.158,238100968, 482.1347266664126, 2733379, 25.938611326784724, 149076, 0, 0.0, 5, 
2019-12-08 10:45:13.184,249738088, 482.1347266664126, 2733886, 25.938611326784724, 149101, 0, 0.0, 5, 
2019-12-08 10:45:14.211,260114400, 482.1347266664126, 2734361, 25.938611326784724, 149127, 0, 0.0, 5, 
2019-12-08 10:45:15.236,271275344, 482.1347266664126, 2734882, 25.938611326784724, 149154, 0, 0.0, 5, 
2019-12-08 10:45:16.262,282233976, 482.77959031697407, 2735397, 25.97550192823505, 149182, 0, 0.0, 5, 
2019-12-08 10:45:17.288,293870368, 482.77959031697407, 2735951, 25.97550192823505, 149205, 0, 0.0, 5, 
2019-12-08 10:45:18.313,303386840, 482.77959031697407, 2736459, 25.97550192823505, 149225, 0, 0.0, 5, 
2019-12-08 10:45:19.34,313813000, 482.77959031697407, 2736940, 25.97550192823505, 149244, 0, 0.0, 5, 
2019-12-08 10:45:20.367,325260952, 482.77959031697407, 2737487, 25.97550192823505, 149272, 0, 0.0, 5, 
2019-12-08 10:45:21.392,335884560, 484.6521828828014, 2737938, 25.625656110272494, 149297, 0, 0.0, 5, 
2019-12-08 10:45:22.418,346785184, 484.6521828828014, 2738427, 25.625656110272494, 149325, 0, 0.0, 5, 
2019-12-08 10:45:23.443,357665320, 484.6521828828014, 2738915, 25.625656110272494, 149348, 0, 0.0, 5, 
2019-12-08 10:45:24.467,369139680, 484.6521828828014, 2739428, 25.625656110272494, 149369, 0, 0.0, 5, 
2019-12-08 10:45:25.496,393948352, 484.6521828828014, 2739938, 25.625656110272494, 149395, 0, 0.0, 5, 
2019-12-08 10:45:26.522,402682848, 483.8164724820056, 2740413, 25.527658058512507, 149413, 0, 0.0, 5, 
2019-12-08 10:45:27.553,132411680, 483.8164724820056, 2740904, 25.527658058512507, 149433, 0, 0.0, 5, 
2019-12-08 10:45:28.58,142554920, 483.8164724820056, 2741387, 25.527658058512507, 149462, 0, 0.0, 5, 
2019-12-08 10:45:29.606,151992840, 483.8164724820056, 2741872, 25.527658058512507, 149485, 0, 0.0, 5, 
2019-12-08 10:45:30.635,162191264, 483.8164724820056, 2742384, 25.527658058512507, 149516, 0, 0.0, 5, 
2019-12-08 10:45:31.662,172990472, 483.4313686052852, 2742878, 25.389522147123774, 149535, 0, 0.0, 5, 
2019-12-08 10:45:32.69,184224304, 483.4313686052852, 2743367, 25.389522147123774, 149566, 0, 0.0, 5, 
2019-12-08 10:45:33.717,194608624, 483.4313686052852, 2743842, 25.389522147123774, 149593, 0, 0.0, 5, 
2019-12-08 10:45:34.749,205213064, 483.4313686052852, 2744311, 25.389522147123774, 149627, 0, 0.0, 5, 
2019-12-08 10:45:35.774,215886136, 482.4534023685651, 2744813, 25.534279963651137, 149656, 0, 0.0, 5, 
2019-12-08 10:45:36.805,227009632, 482.4534023685651, 2745277, 25.534279963651137, 149678, 0, 0.0, 5, 
2019-12-08 10:45:37.839,236972928, 482.4534023685651, 2745782, 25.534279963651137, 149701, 0, 0.0, 5, 
2019-12-08 10:45:38.864,247992808, 482.4534023685651, 2746307, 25.534279963651137, 149731, 0, 0.0, 5, 
2019-12-08 10:45:39.894,259090032, 482.4534023685651, 2746794, 25.534279963651137, 149754, 0, 0.0, 5, 
2019-12-08 10:45:40.921,270122096, 482.2572391460367, 2747284, 25.45957906225732, 149780, 0, 0.0, 5, 
2019-12-08 10:45:41.953,279774920, 482.2572391460367, 2747761, 25.45957906225732, 149805, 0, 0.0, 5, 
2019-12-08 10:45:42.988,289740472, 482.2572391460367, 2748248, 25.45957906225732, 149836, 0, 0.0, 5, 
2019-12-08 10:45:44.013,300504968, 482.2572391460367, 2748757, 25.45957906225732, 149868, 0, 0.0, 5, 
2019-12-08 10:45:45.044,311065816, 482.2572391460367, 2749211, 25.45957906225732, 149899, 0, 0.0, 5, 
2019-12-08 10:45:46.07,322710672, 481.3411688833835, 2749729, 25.694682139570727, 149930, 0, 0.0, 5, 
2019-12-08 10:45:47.105,333544152, 481.3411688833835, 2750226, 25.694682139570727, 149956, 0, 0.0, 5, 
2019-12-08 10:45:48.133,343965320, 481.3411688833835, 2750731, 25.694682139570727, 149980, 0, 0.0, 5, 
2019-12-08 10:45:49.169,353329968, 481.3411688833835, 2751195, 25.694682139570727, 150001, 0, 0.0, 5, 
2019-12-08 10:45:50.195,365012552, 481.3411688833835, 2751684, 25.694682139570727, 150024, 0, 0.0, 5, 
2019-12-08 10:45:51.22,375605136, 481.4897928134178, 2752201, 25.607156188306526, 150056, 0, 0.0, 5, 
2019-12-08 10:45:52.248,386474520, 481.4897928134178, 2752667, 25.607156188306526, 150082, 0, 0.0, 5, 
2019-12-08 10:45:53.283,397142808, 481.4897928134178, 2753171, 25.607156188306526, 150107, 0, 0.0, 5, 
2019-12-08 10:45:54.309,405964320, 481.4897928134178, 2753634, 25.607156188306526, 150136, 0, 0.0, 5, 
2019-12-08 10:45:55.335,135071928, 481.4897928134178, 2754149, 25.607156188306526, 150160, 0, 0.0, 5, 
2019-12-08 10:45:56.361,145288192, 480.73103087397453, 2754618, 25.65455736230386, 150188, 0, 0.0, 5, 
2019-12-08 10:45:57.387,154744912, 480.73103087397453, 2755122, 25.65455736230386, 150220, 0, 0.0, 5, 
2019-12-08 10:45:58.412,165674080, 480.73103087397453, 2755609, 25.65455736230386, 150249, 0, 0.0, 5, 
2019-12-08 10:45:59.438,177169344, 480.73103087397453, 2756115, 25.65455736230386, 150273, 0, 0.0, 5, 
2019-12-08 10:46:00.466,188002904, 480.73103087397453, 2756609, 25.65455736230386, 150297, 0, 0.0, 5, 
2019-12-08 10:46:01.501,198903248, 481.20028773596835, 2757122, 25.650195196464576, 150324, 0, 0.0, 5, 
2019-12-08 10:46:02.531,209409136, 481.20028773596835, 2757612, 25.650195196464576, 150354, 0, 0.0, 5, 
2019-12-08 10:46:03.557,218379560, 481.20028773596835, 2758094, 25.650195196464576, 150379, 0, 0.0, 5, 
2019-12-08 10:46:04.581,231161776, 481.20028773596835, 2758578, 25.650195196464576, 150407, 0, 0.0, 5, 
2019-12-08 10:46:05.606,241929928, 481.20028773596835, 2759077, 25.650195196464576, 150437, 0, 0.0, 5, 
2019-12-08 10:46:06.632,252631576, 480.76850456886893, 2759589, 25.79010186381567, 150459, 0, 0.0, 5, 
2019-12-08 10:46:07.668,262799512, 480.76850456886893, 2760080, 25.79010186381567, 150478, 0, 0.0, 5, 
2019-12-08 10:46:08.693,274212096, 480.76850456886893, 2760556, 25.79010186381567, 150506, 0, 0.0, 5, 
2019-12-08 10:46:09.722,284194328, 480.76850456886893, 2761062, 25.79010186381567, 150530, 0, 0.0, 5, 
2019-12-08 10:46:10.748,294416944, 480.59512051668605, 2761535, 25.79010186381567, 150566, 0, 0.0, 5, 
2019-12-08 10:46:11.774,305904816, 480.59512051668605, 2762032, 25.7589110409401, 150593, 0, 0.0, 5, 
2019-12-08 10:46:12.803,316687232, 480.59512051668605, 2762534, 25.7589110409401, 150621, 0, 0.0, 5, 
2019-12-08 10:46:13.829,326190216, 480.59512051668605, 2763058, 25.7589110409401, 150644, 0, 0.0, 5, 
2019-12-08 10:46:14.862,338385048, 480.59512051668605, 2763574, 25.7589110409401, 150670, 0, 0.0, 5, 
2019-12-08 10:46:15.907,348439384, 481.9707467270063, 2764082, 25.762196332714005, 150701, 0, 0.0, 5, 
2019-12-08 10:46:16.934,359467376, 481.9707467270063, 2764566, 25.762196332714005, 150729, 0, 0.0, 5, 
2019-12-08 10:46:17.962,369494720, 481.9707467270063, 2765070, 25.762196332714005, 150757, 0, 0.0, 5, 
2019-12-08 10:46:18.991,381236984, 481.9707467270063, 2765584, 25.762196332714005, 150782, 0, 0.0, 5, 
2019-12-08 10:46:20.016,392402728, 481.9707467270063, 2766071, 25.762196332714005, 150800, 0, 0.0, 5, 
2019-12-08 10:46:21.043,401752736, 481.62128111394156, 2766531, 25.733236712912742, 150830, 0, 0.0, 5, 
2019-12-08 10:46:22.07,127586696, 481.62128111394156, 2767028, 25.733236712912742, 150848, 0, 0.0, 5, 
2019-12-08 10:46:23.096,137810256, 481.62128111394156, 2767506, 25.733236712912742, 150873, 0, 0.0, 5, 
2019-12-08 10:46:24.121,148194040, 481.62128111394156, 2767997, 25.733236712912742, 150896, 0, 0.0, 5, 
2019-12-08 10:46:25.147,160156240, 481.62128111394156, 2768491, 25.733236712912742, 150925, 0, 0.0, 5, 
2019-12-08 10:46:26.171,170728960, 481.2517838773139, 2769003, 25.626636991094127, 150958, 0, 0.0, 5, 
2019-12-08 10:46:27.2,180999240, 481.2517838773139, 2769505, 25.626636991094127, 150989, 0, 0.0, 5, 
2019-12-08 10:46:28.224,191756064, 481.2517838773139, 2770012, 25.626636991094127, 151016, 0, 0.0, 5, 
2019-12-08 10:46:29.254,202044952, 481.2517838773139, 2770551, 25.626636991094127, 151042, 0, 0.0, 5, 
2019-12-08 10:46:30.281,212501024, 481.2517838773139, 2770997, 25.626636991094127, 151071, 0, 0.0, 5, 
2019-12-08 10:46:31.309,222624712, 481.58345692564734, 2771498, 25.73644503439763, 151093, 0, 0.0, 5, 
2019-12-08 10:46:32.34,234312472, 481.58345692564734, 2771973, 25.73644503439763, 151122, 0, 0.0, 5, 
2019-12-08 10:46:33.367,244273016, 481.58345692564734, 2772472, 25.73644503439763, 151145, 0, 0.0, 5, 
2019-12-08 10:46:34.393,253845744, 481.58345692564734, 2772976, 25.73644503439763, 151170, 0, 0.0, 5, 
2019-12-08 10:46:35.42,265435040, 481.58345692564734, 2773459, 25.73644503439763, 151197, 0, 0.0, 5, 
2019-12-08 10:46:36.445,275131400, 481.344912880729, 2773962, 25.70954437472731, 151222, 0, 0.0, 5, 
2019-12-08 10:46:37.474,285848464, 481.344912880729, 2774460, 25.70954437472731, 151246, 0, 0.0, 5, 
2019-12-08 10:46:38.5,297370544, 481.344912880729, 2774993, 25.70954437472731, 151267, 0, 0.0, 5, 
2019-12-08 10:46:39.525,309017696, 481.344912880729, 2775529, 25.70954437472731, 151290, 0, 0.0, 5, 
2019-12-08 10:46:40.549,319170176, 481.344912880729, 2776013, 25.70954437472731, 151305, 0, 0.0, 5, 
2019-12-08 10:46:41.578,328424936, 482.5166689500086, 2776483, 25.269025529120267, 151326, 0, 0.0, 5, 
2019-12-08 10:46:42.607,340144864, 482.5166689500086, 2776963, 25.269025529120267, 151349, 0, 0.0, 5, 
2019-12-08 10:46:43.633,350284600, 482.5166689500086, 2777440, 25.269025529120267, 151378, 0, 0.0, 5, 
2019-12-08 10:46:44.662,360434048, 482.5166689500086, 2777936, 25.269025529120267, 151402, 0, 0.0, 5, 
2019-12-08 10:46:45.687,371518000, 482.5166689500086, 2778461, 25.269025529120267, 151434, 0, 0.0, 5, 
2019-12-08 10:46:46.714,381896136, 482.28346497677813, 2778935, 25.295488786682206, 151468, 0, 0.0, 5, 
2019-12-08 10:46:47.74,392978488, 482.28346497677813, 2779442, 25.295488786682206, 151485, 0, 0.0, 5, 
2019-12-08 10:46:48.769,403787344, 482.28346497677813, 2779958, 25.295488786682206, 151514, 0, 0.0, 5, 
2019-12-08 10:46:49.796,132439064, 482.28346497677813, 2780447, 25.295488786682206, 151534, 0, 0.0, 5, 
2019-12-08 10:46:50.865,144130280, 482.82048946622245, 2780994, 25.09596051995707, 151553, 0, 0.0, 5, 
2019-12-08 10:46:51.891,152703456, 482.82048946622245, 2781508, 25.09596051995707, 151574, 0, 0.0, 5, 
2019-12-08 10:46:52.917,162853176, 482.82048946622245, 2781990, 25.09596051995707, 151600, 0, 0.0, 5, 
2019-12-08 10:46:53.943,174244208, 482.82048946622245, 2782487, 25.09596051995707, 151630, 0, 0.0, 5, 
2019-12-08 10:46:54.968,185822264, 482.82048946622245, 2783024, 25.09596051995707, 151655, 0, 0.0, 5, 
2019-12-08 10:46:55.995,196782000, 483.92223829707206, 2783542, 25.024323472114887, 151677, 0, 0.0, 5, 
2019-12-08 10:46:57.02,206865720, 483.92223829707206, 2784030, 25.024323472114887, 151703, 0, 0.0, 5, 
2019-12-08 10:46:58.052,215896976, 483.92223829707206, 2784506, 25.024323472114887, 151728, 0, 0.0, 5, 
2019-12-08 10:46:59.079,227186328, 483.92223829707206, 2785015, 25.024323472114887, 151749, 0, 0.0, 5, 
2019-12-08 10:47:00.109,239014408, 483.92223829707206, 2785536, 25.024323472114887, 151778, 0, 0.0, 5, 
2019-12-08 10:47:01.135,249210152, 484.0244024819939, 2786025, 24.97440532344129, 151808, 0, 0.0, 5, 
2019-12-08 10:47:02.161,260728872, 484.0244024819939, 2786549, 24.97440532344129, 151836, 0, 0.0, 5, 
2019-12-08 10:47:03.188,270236376, 484.0244024819939, 2787055, 24.97440532344129, 151861, 0, 0.0, 5, 
2019-12-08 10:47:04.214,280478288, 484.0244024819939, 2787528, 24.97440532344129, 151885, 0, 0.0, 5, 
2019-12-08 10:47:05.24,291272512, 484.0244024819939, 2788046, 24.97440532344129, 151909, 0, 0.0, 5, 
2019-12-08 10:47:06.266,302245720, 484.5021848794856, 2788549, 25.29627410227062, 151953, 0, 0.0, 5, 
2019-12-08 10:47:07.291,313230448, 484.5021848794856, 2789006, 25.29627410227062, 151967, 0, 0.0, 5, 
2019-12-08 10:47:08.316,324184600, 484.5021848794856, 2789505, 25.29627410227062, 152011, 0, 0.0, 5, 
2019-12-08 10:47:09.344,334484232, 484.5021848794856, 2790015, 25.29627410227062, 152031, 0, 0.0, 5, 
2019-12-08 10:47:10.37,345550216, 484.5021848794856, 2790520, 25.29627410227062, 152060, 0, 0.0, 5, 
2019-12-08 10:47:11.395,356661880, 484.0782455837028, 2791005, 25.43249650373475, 152086, 0, 0.0, 5, 
2019-12-08 10:47:12.419,367195184, 484.0782455837028, 2791512, 25.43249650373475, 152117, 0, 0.0, 5, 
2019-12-08 10:47:13.446,378218008, 484.0782455837028, 2792014, 25.43249650373475, 152153, 0, 0.0, 5, 
2019-12-08 10:47:14.473,389676776, 484.0782455837028, 2792527, 25.43249650373475, 152182, 0, 0.0, 5, 
2019-12-08 10:47:15.499,399270312, 484.0782455837028, 2793019, 25.43249650373475, 152203, 0, 0.0, 5, 
2019-12-08 10:47:16.524,128192960, 484.519740690331, 2793493, 25.589809397497493, 152229, 0, 0.0, 5, 
2019-12-08 10:47:17.551,139561176, 484.519740690331, 2794010, 25.589809397497493, 152254, 0, 0.0, 5, 
2019-12-08 10:47:18.58,146584464, 484.519740690331, 2794488, 25.589809397497493, 152276, 0, 0.0, 5, 
2019-12-08 10:47:19.614,157686248, 484.519740690331, 2794950, 25.589809397497493, 152302, 0, 0.0, 5, 
2019-12-08 10:47:20.649,167928984, 484.519740690331, 2795410, 25.589809397497493, 152325, 0, 0.0, 5, 
2019-12-08 10:47:21.676,179080280, 482.7991172264105, 2795910, 25.478686373566912, 152347, 0, 0.0, 5, 
2019-12-08 10:47:22.706,189846352, 482.7991172264105, 2796428, 25.478686373566912, 152373, 0, 0.0, 5, 
2019-12-08 10:47:23.732,199584624, 482.7991172264105, 2796877, 25.478686373566912, 152397, 0, 0.0, 5, 
2019-12-08 10:47:24.757,208901416, 482.7991172264105, 2797347, 25.478686373566912, 152417, 0, 0.0, 5, 
2019-12-08 10:47:25.783,220926568, 482.735223340793, 2797883, 25.21653708532151, 152441, 0, 0.0, 5, 
2019-12-08 10:47:26.806,230577456, 482.735223340793, 2798356, 25.21653708532151, 152465, 0, 0.0, 5, 
2019-12-08 10:47:27.831,240050848, 482.735223340793, 2798854, 25.21653708532151, 152493, 0, 0.0, 5, 
2019-12-08 10:47:28.903,252868512, 482.735223340793, 2799403, 25.21653708532151, 152524, 0, 0.0, 5, 
2019-12-08 10:47:29.928,263816000, 482.735223340793, 2799883, 25.21653708532151, 152550, 0, 0.0, 5, 
2019-12-08 10:47:30.954,274345352, 482.43657137208976, 2800360, 25.311161555429113, 152583, 0, 0.0, 5, 
2019-12-08 10:47:31.98,284135920, 482.43657137208976, 2800909, 25.311161555429113, 152613, 0, 0.0, 5, 
2019-12-08 10:47:33.003,295254968, 482.43657137208976, 2801415, 25.311161555429113, 152636, 0, 0.0, 5, 
2019-12-08 10:47:34.027,307365240, 482.43657137208976, 2801936, 25.311161555429113, 152664, 0, 0.0, 5, 
2019-12-08 10:47:35.052,318190832, 482.43657137208976, 2802425, 25.311161555429113, 152689, 0, 0.0, 5, 
2019-12-08 10:47:36.092,329548080, 484.09672346233657, 2802949, 25.41421138771301, 152711, 0, 0.0, 5, 
2019-12-08 10:47:37.123,338892944, 484.09672346233657, 2803442, 25.41421138771301, 152733, 0, 0.0, 5, 
2019-12-08 10:47:38.147,348646240, 484.09672346233657, 2803927, 25.41421138771301, 152753, 0, 0.0, 5, 
2019-12-08 10:47:39.171,359130968, 484.09672346233657, 2804444, 25.41421138771301, 152776, 0, 0.0, 5, 
2019-12-08 10:47:40.196,370383664, 484.09672346233657, 2804924, 25.41421138771301, 152801, 0, 0.0, 5, 
2019-12-08 10:47:41.22,380901888, 483.9930431788415, 2805404, 25.04527941518437, 152824, 0, 0.0, 5, 
2019-12-08 10:47:42.246,391513976, 483.9930431788415, 2805865, 25.04527941518437, 152856, 0, 0.0, 5, 
2019-12-08 10:47:43.273,402971056, 483.9930431788415, 2806389, 25.04527941518437, 152883, 0, 0.0, 5, 
2019-12-08 10:47:44.299,127940424, 483.9930431788415, 2806918, 25.04527941518437, 152906, 0, 0.0, 5, 
2019-12-08 10:47:45.324,138713856, 483.9930431788415, 2807423, 25.04527941518437, 152932, 0, 0.0, 5, 
2019-12-08 10:47:46.35,148701672, 484.6492352155891, 2807955, 25.12161465840874, 152952, 0, 0.0, 5, 
2019-12-08 10:47:47.375,158319560, 484.6492352155891, 2808450, 25.12161465840874, 152982, 0, 0.0, 5, 
2019-12-08 10:47:48.402,170511224, 484.6492352155891, 2808969, 25.12161465840874, 153009, 0, 0.0, 5, 
2019-12-08 10:47:49.429,181801880, 484.6492352155891, 2809470, 25.12161465840874, 153032, 0, 0.0, 5, 
2019-12-08 10:47:50.456,192289352, 484.6492352155891, 2809965, 25.12161465840874, 153061, 0, 0.0, 5, 
2019-12-08 10:47:51.483,203109312, 485.09304986318165, 2810460, 25.12788200428015, 153082, 0, 0.0, 5, 
2019-12-08 10:47:52.513,214217888, 485.09304986318165, 2810977, 25.12788200428015, 153105, 0, 0.0, 5, 
2019-12-08 10:47:53.54,224645608, 485.09304986318165, 2811441, 25.12788200428015, 153129, 0, 0.0, 5, 
2019-12-08 10:47:54.567,234754088, 485.09304986318165, 2811935, 25.12788200428015, 153163, 0, 0.0, 5, 
2019-12-08 10:47:55.592,245137200, 485.09304986318165, 2812419, 25.12788200428015, 153200, 0, 0.0, 5, 
2019-12-08 10:47:56.618,254631456, 484.3020452702697, 2812889, 25.325541645733313, 153229, 0, 0.0, 5, 
2019-12-08 10:47:57.643,265301672, 484.3020452702697, 2813352, 25.325541645733313, 153247, 0, 0.0, 5, 
2019-12-08 10:47:58.679,267274960, 484.3020452702697, 2813406, 25.325541645733313, 153249, 0, 0.0, 5, 
2019-12-08 10:47:59.709,268369928, 484.3020452702697, 2813406, 25.325541645733313, 153249, 0, 0.0, 5, 
2019-12-08 10:48:00.739,269261160, 484.3020452702697, 2813406, 25.325541645733313, 153249, 0, 0.0, 5, 
