Timestamp, MemoryUsed, ReadLatency1, ReadCount, WriteLatency1, WriteCount, PendingTasks, WaitingOnCommit1, SRDelay, 
2019-12-08 10:39:39.949,268179064, 23.86824015413738, 2467459, 4.386207408340555, 135226, 0, 0.0, 5, 
2019-12-08 10:39:41.021,276090208, 30.27522191939581, 2467704, 4.435283554302871, 135233, 0, 0.0, 5, 
2019-12-08 10:39:42.106,282721184, 30.27522191939581, 2467975, 4.435283554302871, 135242, 0, 0.0, 5, 
2019-12-08 10:39:43.305,292768408, 30.27522191939581, 2468317, 4.435283554302871, 135257, 0, 0.0, 5, 
2019-12-08 10:39:44.441,303959264, 30.27522191939581, 2468817, 4.435283554302871, 135285, 0, 0.0, 5, 
2019-12-08 10:39:45.49,317726088, 30.27522191939581, 2469462, 4.435283554302871, 135315, 0, 0.0, 5, 
2019-12-08 10:39:46.539,332135816, 61.06809899158248, 2470134, 5.551840632254101, 135342, 0, 0.0, 5, 
2019-12-08 10:39:47.582,344885224, 61.06809899158248, 2470799, 5.551840632254101, 135379, 0, 0.0, 5, 
2019-12-08 10:39:48.619,359803864, 61.06809899158248, 2471483, 5.551840632254101, 135426, 0, 0.0, 5, 
2019-12-08 10:39:49.657,374567656, 61.06809899158248, 2472159, 5.551840632254101, 135468, 0, 0.0, 5, 
2019-12-08 10:39:50.695,389847464, 61.06809899158248, 2472885, 5.551840632254101, 135505, 0, 0.0, 5, 
2019-12-08 10:39:51.728,405602960, 109.02001420217925, 2473611, 8.114269974554961, 135542, 0, 0.0, 5, 
2019-12-08 10:39:52.774,135978280, 109.02001420217925, 2474393, 8.114269974554961, 135575, 0, 0.0, 5, 
2019-12-08 10:39:53.814,150141104, 109.02001420217925, 2475072, 8.114269974554961, 135607, 0, 0.0, 5, 
2019-12-08 10:39:54.846,164151264, 109.02001420217925, 2475794, 8.114269974554961, 135633, 0, 0.0, 5, 
2019-12-08 10:39:55.889,180557488, 109.02001420217925, 2476463, 8.114269974554961, 135667, 0, 0.0, 5, 
2019-12-08 10:39:56.925,195411312, 155.10481336258636, 2477227, 9.960103032448826, 135713, 0, 0.0, 5, 
2019-12-08 10:39:57.957,211010200, 155.10481336258636, 2477983, 9.960103032448826, 135752, 0, 0.0, 5, 
2019-12-08 10:39:59.125,228371480, 155.10481336258636, 2478816, 9.960103032448826, 135797, 0, 0.0, 5, 
2019-12-08 10:40:00.162,246371496, 155.10481336258636, 2479670, 9.960103032448826, 135836, 0, 0.0, 5, 
2019-12-08 10:40:01.192,263206048, 204.31709130301465, 2480538, 12.409933930186602, 135883, 0, 0.0, 5, 
2019-12-08 10:40:02.226,280521568, 204.31709130301465, 2481447, 12.409933930186602, 135934, 0, 0.0, 5, 
2019-12-08 10:40:03.258,298717192, 204.31709130301465, 2482310, 12.409933930186602, 135973, 0, 0.0, 5, 
2019-12-08 10:40:04.288,315115032, 204.31709130301465, 2483181, 12.409933930186602, 136015, 0, 0.0, 5, 
2019-12-08 10:40:05.313,332447816, 204.31709130301465, 2484069, 12.409933930186602, 136059, 0, 0.0, 5, 
2019-12-08 10:40:06.337,350658832, 255.79912617805613, 2484925, 14.903753920548613, 136103, 0, 0.0, 5, 
2019-12-08 10:40:07.366,366101504, 255.79912617805613, 2485748, 14.903753920548613, 136152, 0, 0.0, 5, 
2019-12-08 10:40:08.391,382785768, 255.79912617805613, 2486620, 14.903753920548613, 136188, 0, 0.0, 5, 
2019-12-08 10:40:09.43,400860984, 255.79912617805613, 2487541, 14.903753920548613, 136236, 0, 0.0, 5, 
2019-12-08 10:40:10.461,139236504, 255.79912617805613, 2488451, 14.903753920548613, 136284, 0, 0.0, 5, 
2019-12-08 10:40:11.49,156611640, 303.90047620400026, 2489396, 17.294125776216948, 136333, 0, 0.0, 5, 
2019-12-08 10:40:12.519,174591632, 303.90047620400026, 2490325, 17.294125776216948, 136382, 0, 0.0, 5, 
2019-12-08 10:40:13.558,192547472, 303.90047620400026, 2491227, 17.294125776216948, 136425, 0, 0.0, 5, 
2019-12-08 10:40:14.586,211081360, 303.90047620400026, 2492186, 17.294125776216948, 136475, 0, 0.0, 5, 
2019-12-08 10:40:15.613,231267304, 303.90047620400026, 2493155, 17.294125776216948, 136528, 0, 0.0, 5, 
2019-12-08 10:40:16.641,249400192, 353.6248166708545, 2494186, 19.541347402134136, 136573, 0, 0.0, 5, 
2019-12-08 10:40:17.669,270088688, 353.6248166708545, 2495238, 19.541347402134136, 136615, 0, 0.0, 5, 
2019-12-08 10:40:18.714,290932552, 353.6248166708545, 2496283, 19.541347402134136, 136663, 0, 0.0, 5, 
2019-12-08 10:40:19.74,311915504, 353.6248166708545, 2497403, 19.541347402134136, 136730, 0, 0.0, 5, 
2019-12-08 10:40:20.769,334902656, 353.6248166708545, 2498501, 19.541347402134136, 136797, 0, 0.0, 5, 
2019-12-08 10:40:21.795,356385280, 408.79218634517633, 2499702, 22.18457132216234, 136864, 0, 0.0, 5, 
2019-12-08 10:40:22.819,381033688, 408.79218634517633, 2500910, 22.18457132216234, 136934, 0, 0.0, 5, 
2019-12-08 10:40:23.85,400759384, 408.79218634517633, 2502020, 22.18457132216234, 137001, 0, 0.0, 5, 
2019-12-08 10:40:24.92,143668648, 408.79218634517633, 2503370, 22.18457132216234, 137060, 0, 0.0, 5, 
2019-12-08 10:40:25.953,165553640, 469.52707373808767, 2504569, 22.18457132216234, 137123, 0, 0.0, 5, 
2019-12-08 10:40:26.976,188472904, 469.52707373808767, 2505771, 25.5119572825505, 137173, 0, 0.0, 5, 
2019-12-08 10:40:28.0,211352736, 469.52707373808767, 2507003, 25.5119572825505, 137236, 0, 0.0, 5, 
2019-12-08 10:40:29.024,233908352, 469.52707373808767, 2508147, 25.5119572825505, 137297, 0, 0.0, 5, 
2019-12-08 10:40:30.052,257473640, 469.52707373808767, 2509431, 25.5119572825505, 137367, 0, 0.0, 5, 
2019-12-08 10:40:31.074,282709472, 525.5657788278179, 2510544, 28.205504458016538, 137427, 0, 0.0, 5, 
2019-12-08 10:40:32.098,305484760, 525.5657788278179, 2511793, 28.205504458016538, 137482, 0, 0.0, 5, 
2019-12-08 10:40:33.122,329623808, 525.5657788278179, 2513089, 28.205504458016538, 137545, 0, 0.0, 5, 
2019-12-08 10:40:34.15,352820736, 525.5657788278179, 2514300, 28.205504458016538, 137601, 0, 0.0, 5, 
2019-12-08 10:40:35.177,370392888, 525.5657788278179, 2515251, 28.205504458016538, 137663, 0, 0.0, 5, 
2019-12-08 10:40:36.207,390455872, 574.1335375558208, 2516325, 30.53976743867744, 137723, 0, 0.0, 5, 
2019-12-08 10:40:37.237,128416536, 574.1335375558208, 2517371, 30.53976743867744, 137789, 0, 0.0, 5, 
