Timestamp, MemoryUsed, ReadLatency1, ReadCount, WriteLatency1, WriteCount, PendingTasks, WaitingOnCommit1, SRDelay, 
2019-12-08 10:39:39.919,267434736, 23.86824015413738, 2467453, 4.386207408340555, 135226, 0, 0.0, 5, 
2019-12-08 10:39:41.005,275610936, 30.27522191939581, 2467702, 4.435283554302871, 135233, 0, 0.0, 5, 
2019-12-08 10:39:42.119,283193640, 30.27522191939581, 2467975, 4.435283554302871, 135242, 0, 0.0, 5, 
2019-12-08 10:39:43.355,293410416, 30.27522191939581, 2468333, 4.435283554302871, 135257, 0, 0.0, 5, 
2019-12-08 10:39:44.475,304666576, 30.27522191939581, 2468828, 4.435283554302871, 135287, 0, 0.0, 5, 
2019-12-08 10:39:45.512,318239080, 30.27522191939581, 2469470, 4.435283554302871, 135316, 0, 0.0, 5, 
2019-12-08 10:39:46.554,332885352, 61.06809899158248, 2470134, 5.551840632254101, 135342, 0, 0.0, 5, 
2019-12-08 10:39:47.594,345357680, 61.06809899158248, 2470799, 5.551840632254101, 135379, 0, 0.0, 5, 
2019-12-08 10:39:48.628,360277712, 61.06809899158248, 2471486, 5.551840632254101, 135426, 0, 0.0, 5, 
2019-12-08 10:39:49.661,375040112, 61.06809899158248, 2472159, 5.551840632254101, 135468, 0, 0.0, 5, 
2019-12-08 10:39:50.703,390557200, 61.06809899158248, 2472885, 5.551840632254101, 135505, 0, 0.0, 5, 
2019-12-08 10:39:51.748,406075392, 109.02001420217925, 2473614, 8.114269974554961, 135542, 0, 0.0, 5, 
2019-12-08 10:39:52.786,137104320, 109.02001420217925, 2474397, 8.114269974554961, 135575, 0, 0.0, 5, 
2019-12-08 10:39:53.822,150481336, 109.02001420217925, 2475074, 8.114269974554961, 135607, 0, 0.0, 5, 
2019-12-08 10:39:54.858,164918776, 109.02001420217925, 2475794, 8.114269974554961, 135633, 0, 0.0, 5, 
2019-12-08 10:39:55.893,181235384, 109.02001420217925, 2476465, 8.114269974554961, 135667, 0, 0.0, 5, 
2019-12-08 10:39:56.935,196086192, 155.10481336258636, 2477227, 9.960103032448826, 135713, 0, 0.0, 5, 
2019-12-08 10:39:57.969,211686400, 155.10481336258636, 2477983, 9.960103032448826, 135752, 0, 0.0, 5, 
2019-12-08 10:39:59.14,228711584, 155.10481336258636, 2478818, 9.960103032448826, 135798, 0, 0.0, 5, 
2019-12-08 10:40:00.182,246709048, 155.10481336258636, 2479678, 9.960103032448826, 135837, 0, 0.0, 5, 
2019-12-08 10:40:01.205,263546384, 204.31709130301465, 2480544, 12.409933930186602, 135883, 0, 0.0, 5, 
2019-12-08 10:40:02.236,281229192, 204.31709130301465, 2481447, 12.409933930186602, 135934, 0, 0.0, 5, 
2019-12-08 10:40:03.261,299397456, 204.31709130301465, 2482312, 12.409933930186602, 135973, 0, 0.0, 5, 
2019-12-08 10:40:04.294,315792592, 204.31709130301465, 2483181, 12.409933930186602, 136015, 0, 0.0, 5, 
2019-12-08 10:40:05.322,333124016, 204.31709130301465, 2484070, 12.409933930186602, 136059, 0, 0.0, 5, 
2019-12-08 10:40:06.363,350996288, 255.79912617805613, 2484930, 14.903753920548613, 136103, 0, 0.0, 5, 
2019-12-08 10:40:07.388,366674752, 255.79912617805613, 2485765, 14.903753920548613, 136152, 0, 0.0, 5, 
2019-12-08 10:40:08.414,383123448, 255.79912617805613, 2486631, 14.903753920548613, 136189, 0, 0.0, 5, 
2019-12-08 10:40:09.443,401571264, 255.79912617805613, 2487541, 14.903753920548613, 136236, 0, 0.0, 5, 
2019-12-08 10:40:10.467,139583360, 255.79912617805613, 2488456, 14.903753920548613, 136284, 0, 0.0, 5, 
2019-12-08 10:40:11.499,156961424, 303.90047620400026, 2489396, 17.294125776216948, 136333, 0, 0.0, 5, 
2019-12-08 10:40:12.526,174938512, 303.90047620400026, 2490327, 17.294125776216948, 136383, 0, 0.0, 5, 
2019-12-08 10:40:13.563,193243920, 303.90047620400026, 2491230, 17.294125776216948, 136425, 0, 0.0, 5, 
2019-12-08 10:40:14.59,211934680, 303.90047620400026, 2492186, 17.294125776216948, 136475, 0, 0.0, 5, 
2019-12-08 10:40:15.617,231646944, 303.90047620400026, 2493157, 17.294125776216948, 136529, 0, 0.0, 5, 
2019-12-08 10:40:16.644,249803760, 353.6248166708545, 2494189, 19.541347402134136, 136573, 0, 0.0, 5, 
2019-12-08 10:40:17.673,270468976, 353.6248166708545, 2495238, 19.541347402134136, 136615, 0, 0.0, 5, 
2019-12-08 10:40:18.702,290550256, 353.6248166708545, 2496280, 19.541347402134136, 136661, 0, 0.0, 5, 
2019-12-08 10:40:19.728,311495184, 353.6248166708545, 2497398, 19.541347402134136, 136730, 0, 0.0, 5, 
2019-12-08 10:40:20.765,334523008, 353.6248166708545, 2498501, 19.541347402134136, 136797, 0, 0.0, 5, 
2019-12-08 10:40:21.789,356002960, 408.79218634517633, 2499698, 22.18457132216234, 136864, 0, 0.0, 5, 
2019-12-08 10:40:22.815,380339856, 408.79218634517633, 2500907, 22.18457132216234, 136933, 0, 0.0, 5, 
2019-12-08 10:40:23.84,400030192, 408.79218634517633, 2502020, 22.18457132216234, 137001, 0, 0.0, 5, 
2019-12-08 10:40:24.87,142227176, 408.79218634517633, 2503316, 22.18457132216234, 137058, 0, 0.0, 5, 
2019-12-08 10:40:25.893,164331776, 408.79218634517633, 2504519, 22.18457132216234, 137120, 0, 0.0, 5, 
2019-12-08 10:40:26.916,186841192, 469.52707373808767, 2505701, 25.5119572825505, 137172, 0, 0.0, 5, 
2019-12-08 10:40:27.94,209888040, 469.52707373808767, 2506944, 25.5119572825505, 137235, 0, 0.0, 5, 
2019-12-08 10:40:28.963,231118880, 469.52707373808767, 2508107, 25.5119572825505, 137295, 0, 0.0, 5, 
2019-12-08 10:40:29.995,256458136, 469.52707373808767, 2509364, 25.5119572825505, 137362, 0, 0.0, 5, 
2019-12-08 10:40:31.019,281551832, 525.5657788278179, 2510485, 28.205504458016538, 137423, 0, 0.0, 5, 
2019-12-08 10:40:32.043,304141416, 525.5657788278179, 2511749, 28.205504458016538, 137477, 0, 0.0, 5, 
2019-12-08 10:40:33.068,327739544, 525.5657788278179, 2513045, 28.205504458016538, 137543, 0, 0.0, 5, 
2019-12-08 10:40:34.092,349517880, 525.5657788278179, 2514230, 28.205504458016538, 137600, 0, 0.0, 5, 
2019-12-08 10:40:35.115,368780552, 525.5657788278179, 2515207, 28.205504458016538, 137661, 0, 0.0, 5, 
2019-12-08 10:40:36.138,389476920, 574.1335375558208, 2516264, 30.53976743867744, 137717, 0, 0.0, 5, 
2019-12-08 10:40:37.17,128068864, 574.1335375558208, 2517321, 30.53976743867744, 137787, 0, 0.0, 5, 
2019-12-08 10:40:38.197,147341936, 574.1335375558208, 2518480, 30.53976743867744, 137844, 0, 0.0, 5, 
2019-12-08 10:40:39.234,166965776, 574.1335375558208, 2519514, 30.53976743867744, 137901, 0, 0.0, 5, 
2019-12-08 10:40:40.27,192362264, 574.1335375558208, 2520029, 30.53976743867744, 137927, 0, 0.0, 5, 
2019-12-08 10:40:41.311,202817688, 596.3345220983502, 2520509, 31.951801670900267, 137951, 0, 0.0, 5, 
2019-12-08 10:40:42.343,212899584, 596.3345220983502, 2521012, 31.951801670900267, 137974, 0, 0.0, 5, 
2019-12-08 10:40:43.372,224436456, 596.3345220983502, 2521518, 31.951801670900267, 137996, 0, 0.0, 5, 
2019-12-08 10:40:44.408,234440640, 596.3345220983502, 2521995, 31.951801670900267, 138019, 0, 0.0, 5, 
2019-12-08 10:40:45.44,245735176, 596.3345220983502, 2522506, 31.951801670900267, 138047, 0, 0.0, 5, 
2019-12-08 10:40:46.483,256135408, 587.176847338826, 2522982, 31.252046245255368, 138082, 0, 0.0, 5, 
2019-12-08 10:40:47.512,266165040, 587.176847338826, 2523442, 31.252046245255368, 138104, 0, 0.0, 5, 
2019-12-08 10:40:48.541,276683672, 587.176847338826, 2523953, 31.252046245255368, 138134, 0, 0.0, 5, 
2019-12-08 10:40:49.576,286226632, 587.176847338826, 2524451, 31.252046245255368, 138158, 0, 0.0, 5, 
2019-12-08 10:40:50.619,296972800, 587.176847338826, 2524947, 31.252046245255368, 138178, 0, 0.0, 5, 
2019-12-08 10:40:51.652,307175784, 578.07975290822, 2525455, 30.720177993803162, 138212, 0, 0.0, 5, 
2019-12-08 10:40:52.71,318670176, 578.07975290822, 2525956, 30.720177993803162, 138244, 0, 0.0, 5, 
2019-12-08 10:40:53.741,329735504, 578.07975290822, 2526452, 30.720177993803162, 138262, 0, 0.0, 5, 
2019-12-08 10:40:54.778,339008432, 578.07975290822, 2526937, 30.720177993803162, 138294, 0, 0.0, 5, 
2019-12-08 10:40:55.815,350816144, 578.07975290822, 2527413, 30.720177993803162, 138324, 0, 0.0, 5, 
2019-12-08 10:40:56.847,360231792, 569.5820930513925, 2527904, 30.518675687070335, 138350, 0, 0.0, 5, 
2019-12-08 10:40:57.88,372131896, 569.5820930513925, 2528382, 30.518675687070335, 138370, 0, 0.0, 5, 
2019-12-08 10:40:58.903,382942456, 569.5820930513925, 2528856, 30.518675687070335, 138394, 0, 0.0, 5, 
2019-12-08 10:40:59.944,392134624, 569.5820930513925, 2529321, 30.518675687070335, 138415, 0, 0.0, 5, 
2019-12-08 10:41:00.969,403293608, 560.900348240695, 2529791, 29.965488922520755, 138445, 0, 0.0, 5, 
2019-12-08 10:41:01.997,130880000, 560.900348240695, 2530288, 29.965488922520755, 138474, 0, 0.0, 5, 
2019-12-08 10:41:03.03,141123920, 560.900348240695, 2530745, 29.965488922520755, 138491, 0, 0.0, 5, 
2019-12-08 10:41:04.059,150712840, 560.900348240695, 2531215, 29.965488922520755, 138512, 0, 0.0, 5, 
2019-12-08 10:41:05.088,160641296, 560.900348240695, 2531674, 29.965488922520755, 138545, 0, 0.0, 5, 
2019-12-08 10:41:06.119,171641224, 552.6568995451897, 2532143, 29.45653252955005, 138570, 0, 0.0, 5, 
2019-12-08 10:41:07.147,181856248, 552.6568995451897, 2532630, 29.45653252955005, 138596, 0, 0.0, 5, 
2019-12-08 10:41:08.178,192052288, 552.6568995451897, 2533111, 29.45653252955005, 138623, 0, 0.0, 5, 
2019-12-08 10:41:09.206,202449240, 552.6568995451897, 2533600, 29.45653252955005, 138643, 0, 0.0, 5, 
2019-12-08 10:41:10.232,212391096, 552.6568995451897, 2534072, 29.45653252955005, 138669, 0, 0.0, 5, 
2019-12-08 10:41:11.265,222760264, 545.5363030107566, 2534525, 29.084216745352276, 138693, 0, 0.0, 5, 
2019-12-08 10:41:12.3,232897160, 545.5363030107566, 2535014, 29.084216745352276, 138715, 0, 0.0, 5, 
2019-12-08 10:41:13.336,243425472, 545.5363030107566, 2535463, 29.084216745352276, 138741, 0, 0.0, 5, 
2019-12-08 10:41:14.366,253714856, 545.5363030107566, 2535973, 29.084216745352276, 138760, 0, 0.0, 5, 
2019-12-08 10:41:15.397,263523976, 545.5363030107566, 2536459, 29.084216745352276, 138789, 0, 0.0, 5, 
2019-12-08 10:41:16.424,275025264, 538.8571090038294, 2536926, 28.725678570548645, 138822, 0, 0.0, 5, 
2019-12-08 10:41:17.451,285288560, 538.8571090038294, 2537423, 28.725678570548645, 138846, 0, 0.0, 5, 
2019-12-08 10:41:18.48,295436608, 538.8571090038294, 2537904, 28.725678570548645, 138865, 0, 0.0, 5, 
2019-12-08 10:41:19.512,307610808, 538.8571090038294, 2538393, 28.725678570548645, 138891, 0, 0.0, 5, 
2019-12-08 10:41:20.545,318447000, 538.8571090038294, 2538906, 28.725678570548645, 138922, 0, 0.0, 5, 
2019-12-08 10:41:21.576,328851384, 534.0232254636094, 2539371, 28.39580752538917, 138957, 0, 0.0, 5, 
2019-12-08 10:41:22.604,338252056, 534.0232254636094, 2539852, 28.39580752538917, 138972, 0, 0.0, 5, 
2019-12-08 10:41:23.634,349033336, 534.0232254636094, 2540368, 28.39580752538917, 139003, 0, 0.0, 5, 
2019-12-08 10:41:24.668,359256928, 534.0232254636094, 2540810, 28.39580752538917, 139021, 0, 0.0, 5, 
2019-12-08 10:41:25.706,368362552, 534.0232254636094, 2541266, 28.39580752538917, 139043, 0, 0.0, 5, 
2019-12-08 10:41:26.732,380096384, 527.992717321122, 2541768, 27.94839145907504, 139066, 0, 0.0, 5, 
2019-12-08 10:41:27.76,389928632, 527.992717321122, 2542252, 27.94839145907504, 139084, 0, 0.0, 5, 
2019-12-08 10:41:28.792,401144792, 527.992717321122, 2542761, 27.94839145907504, 139111, 0, 0.0, 5, 
2019-12-08 10:41:29.821,410297736, 527.992717321122, 2543217, 27.94839145907504, 139136, 0, 0.0, 5, 
2019-12-08 10:41:30.847,134605256, 527.992717321122, 2543681, 27.94839145907504, 139163, 0, 0.0, 5, 
2019-12-08 10:41:31.875,145968520, 523.2119556068083, 2544147, 27.64868662576625, 139188, 0, 0.0, 5, 
2019-12-08 10:41:32.904,155504928, 523.2119556068083, 2544603, 27.64868662576625, 139205, 0, 0.0, 5, 
2019-12-08 10:41:33.929,166795840, 523.2119556068083, 2545091, 27.64868662576625, 139237, 0, 0.0, 5, 
2019-12-08 10:41:34.958,177174280, 523.2119556068083, 2545572, 27.64868662576625, 139263, 0, 0.0, 5, 
2019-12-08 10:41:35.984,186447240, 517.8219932352838, 2546018, 27.404927101991355, 139291, 0, 0.0, 5, 
2019-12-08 10:41:37.011,196846152, 517.8219932352838, 2546481, 27.404927101991355, 139312, 0, 0.0, 5, 
2019-12-08 10:41:38.046,207714976, 517.8219932352838, 2546978, 27.404927101991355, 139331, 0, 0.0, 5, 
2019-12-08 10:41:39.082,217467072, 517.8219932352838, 2547469, 27.404927101991355, 139359, 0, 0.0, 5, 
2019-12-08 10:41:40.11,229026128, 517.8219932352838, 2547935, 27.404927101991355, 139387, 0, 0.0, 5, 
2019-12-08 10:41:41.138,239822456, 513.4546597920436, 2548422, 27.212639747777832, 139420, 0, 0.0, 5, 
2019-12-08 10:41:42.165,249728016, 513.4546597920436, 2548890, 27.212639747777832, 139441, 0, 0.0, 5, 
2019-12-08 10:41:43.199,260136160, 513.4546597920436, 2549370, 27.212639747777832, 139472, 0, 0.0, 5, 
2019-12-08 10:41:44.223,269924784, 513.4546597920436, 2549841, 27.212639747777832, 139503, 0, 0.0, 5, 
2019-12-08 10:41:45.248,281020304, 513.4546597920436, 2550330, 27.212639747777832, 139537, 0, 0.0, 5, 
2019-12-08 10:41:46.274,291194512, 509.4685012849148, 2550776, 27.259602480567725, 139567, 0, 0.0, 5, 
2019-12-08 10:41:47.3,301596728, 509.4685012849148, 2551263, 27.259602480567725, 139590, 0, 0.0, 5, 
2019-12-08 10:41:48.334,311574616, 509.4685012849148, 2551726, 27.259602480567725, 139612, 0, 0.0, 5, 
2019-12-08 10:41:49.361,322561056, 509.4685012849148, 2552191, 27.259602480567725, 139646, 0, 0.0, 5, 
2019-12-08 10:41:50.389,333141592, 509.4685012849148, 2552677, 27.259602480567725, 139680, 0, 0.0, 5, 
2019-12-08 10:41:51.419,342892296, 505.5771827755659, 2553146, 27.25483692934439, 139702, 0, 0.0, 5, 
2019-12-08 10:41:52.451,353427768, 505.5771827755659, 2553651, 27.25483692934439, 139734, 0, 0.0, 5, 
2019-12-08 10:41:53.483,362977896, 505.5771827755659, 2554116, 27.25483692934439, 139751, 0, 0.0, 5, 
2019-12-08 10:41:54.51,373166880, 505.5771827755659, 2554589, 27.25483692934439, 139772, 0, 0.0, 5, 
2019-12-08 10:41:55.545,384276640, 505.5771827755659, 2555044, 27.25483692934439, 139792, 0, 0.0, 5, 
2019-12-08 10:41:56.578,393701216, 501.9490235642733, 2555524, 26.770718898334668, 139811, 0, 0.0, 5, 
2019-12-08 10:41:57.606,404027056, 501.9490235642733, 2556011, 26.770718898334668, 139834, 0, 0.0, 5, 
2019-12-08 10:41:58.634,128374496, 501.9490235642733, 2556448, 26.770718898334668, 139868, 0, 0.0, 5, 
2019-12-08 10:41:59.664,138980376, 501.9490235642733, 2556903, 26.770718898334668, 139893, 0, 0.0, 5, 
2019-12-08 10:42:00.69,149962328, 501.9490235642733, 2557355, 26.770718898334668, 139915, 0, 0.0, 5, 
2019-12-08 10:42:01.716,160466360, 497.3956310489034, 2557842, 26.645131149365536, 139937, 0, 0.0, 5, 
2019-12-08 10:42:02.743,172324640, 497.3956310489034, 2558346, 26.645131149365536, 139961, 0, 0.0, 5, 
2019-12-08 10:42:03.77,181708328, 497.3956310489034, 2558827, 26.645131149365536, 139981, 0, 0.0, 5, 
2019-12-08 10:42:04.795,191636680, 497.3956310489034, 2559301, 26.645131149365536, 140003, 0, 0.0, 5, 
2019-12-08 10:42:05.824,202624368, 497.3956310489034, 2559793, 26.645131149365536, 140029, 0, 0.0, 5, 
2019-12-08 10:42:06.85,212640944, 495.5570019074202, 2560259, 26.27372696919445, 140052, 0, 0.0, 5, 
2019-12-08 10:42:07.878,222575800, 495.5570019074202, 2560753, 26.27372696919445, 140078, 0, 0.0, 5, 
2019-12-08 10:42:08.912,233676320, 495.5570019074202, 2561234, 26.27372696919445, 140106, 0, 0.0, 5, 
2019-12-08 10:42:09.938,244450072, 495.5570019074202, 2561726, 26.27372696919445, 140133, 0, 0.0, 5, 
2019-12-08 10:42:10.963,254973072, 493.3056923376291, 2562185, 26.17188538377009, 140158, 0, 0.0, 5, 
2019-12-08 10:42:11.99,265070112, 493.3056923376291, 2562691, 26.17188538377009, 140181, 0, 0.0, 5, 
2019-12-08 10:42:13.024,274695800, 493.3056923376291, 2563150, 26.17188538377009, 140208, 0, 0.0, 5, 
2019-12-08 10:42:14.053,284217688, 493.3056923376291, 2563617, 26.17188538377009, 140237, 0, 0.0, 5, 
2019-12-08 10:42:15.08,297512664, 493.3056923376291, 2564125, 26.17188538377009, 140266, 0, 0.0, 5, 
2019-12-08 10:42:16.107,307273568, 491.66614770334303, 2564634, 26.286071123887172, 140297, 0, 0.0, 5, 
2019-12-08 10:42:17.138,318669280, 491.66614770334303, 2565142, 26.286071123887172, 140328, 0, 0.0, 5, 
2019-12-08 10:42:18.164,329320288, 491.66614770334303, 2565613, 26.286071123887172, 140363, 0, 0.0, 5, 
2019-12-08 10:42:19.192,339685792, 491.66614770334303, 2566093, 26.286071123887172, 140391, 0, 0.0, 5, 
2019-12-08 10:42:20.219,350187704, 491.66614770334303, 2566590, 26.286071123887172, 140422, 0, 0.0, 5, 
2019-12-08 10:42:21.246,360812424, 490.62143621518254, 2567072, 26.535047129979425, 140451, 0, 0.0, 5, 
2019-12-08 10:42:22.278,372211336, 490.62143621518254, 2567545, 26.535047129979425, 140479, 0, 0.0, 5, 
2019-12-08 10:42:23.317,382523416, 490.62143621518254, 2568056, 26.535047129979425, 140510, 0, 0.0, 5, 
2019-12-08 10:42:24.347,392408760, 490.62143621518254, 2568550, 26.535047129979425, 140539, 0, 0.0, 5, 
2019-12-08 10:42:25.381,402609688, 490.62143621518254, 2569036, 26.535047129979425, 140556, 0, 0.0, 5, 
2019-12-08 10:42:26.408,130292968, 489.2284950845997, 2569498, 26.46028488935275, 140585, 0, 0.0, 5, 
2019-12-08 10:42:27.437,141157248, 489.2284950845997, 2569987, 26.46028488935275, 140609, 0, 0.0, 5, 
2019-12-08 10:42:28.464,151588008, 489.2284950845997, 2570468, 26.46028488935275, 140637, 0, 0.0, 5, 
2019-12-08 10:42:29.496,162903064, 489.2284950845997, 2570961, 26.46028488935275, 140665, 0, 0.0, 5, 
2019-12-08 10:42:30.524,172937376, 489.2284950845997, 2571415, 26.46028488935275, 140697, 0, 0.0, 5, 
2019-12-08 10:42:31.552,183712496, 487.16336264086686, 2571922, 26.567402595254492, 140725, 0, 0.0, 5, 
2019-12-08 10:42:32.581,193668464, 487.16336264086686, 2572402, 26.567402595254492, 140743, 0, 0.0, 5, 
2019-12-08 10:42:33.607,204090440, 487.16336264086686, 2572882, 26.567402595254492, 140773, 0, 0.0, 5, 
2019-12-08 10:42:34.637,213916984, 487.16336264086686, 2573367, 26.567402595254492, 140796, 0, 0.0, 5, 
2019-12-08 10:42:35.671,224531464, 487.16336264086686, 2573858, 26.567402595254492, 140825, 0, 0.0, 5, 
2019-12-08 10:42:36.702,235969240, 486.25479832913703, 2574358, 26.426088886165267, 140854, 0, 0.0, 5, 
2019-12-08 10:42:37.732,246421904, 486.25479832913703, 2574817, 26.426088886165267, 140886, 0, 0.0, 5, 
2019-12-08 10:42:38.761,255771240, 486.25479832913703, 2575277, 26.426088886165267, 140909, 0, 0.0, 5, 
2019-12-08 10:42:39.831,266902864, 486.25479832913703, 2575799, 26.426088886165267, 140930, 0, 0.0, 5, 
2019-12-08 10:42:40.86,277369192, 486.25479832913703, 2576273, 26.426088886165267, 140952, 0, 0.0, 5, 
2019-12-08 10:42:41.891,288252392, 484.4913940184987, 2576760, 26.216118412036494, 140975, 0, 0.0, 5, 
2019-12-08 10:42:42.925,298785376, 484.4913940184987, 2577235, 26.216118412036494, 141003, 0, 0.0, 5, 
2019-12-08 10:42:43.972,310086136, 484.4913940184987, 2577711, 26.216118412036494, 141024, 0, 0.0, 5, 
2019-12-08 10:42:45.0,318940104, 484.4913940184987, 2578179, 26.216118412036494, 141054, 0, 0.0, 5, 
2019-12-08 10:42:46.025,330395704, 482.54916139027983, 2578661, 26.1828474208186, 141082, 0, 0.0, 5, 
2019-12-08 10:42:47.056,340774176, 482.54916139027983, 2579152, 26.1828474208186, 141117, 0, 0.0, 5, 
2019-12-08 10:42:48.084,351052344, 482.54916139027983, 2579625, 26.1828474208186, 141138, 0, 0.0, 5, 
2019-12-08 10:42:49.115,360224256, 482.54916139027983, 2580087, 26.1828474208186, 141167, 0, 0.0, 5, 
2019-12-08 10:42:50.183,370725072, 482.54916139027983, 2580576, 26.1828474208186, 141195, 0, 0.0, 5, 
2019-12-08 10:42:51.21,382211768, 481.0340700990365, 2581070, 26.200209982401798, 141219, 0, 0.0, 5, 
2019-12-08 10:42:52.238,392551656, 481.0340700990365, 2581586, 26.200209982401798, 141241, 0, 0.0, 5, 
2019-12-08 10:42:53.268,402352144, 481.0340700990365, 2582034, 26.200209982401798, 141262, 0, 0.0, 5, 
2019-12-08 10:42:54.294,127871296, 481.0340700990365, 2582490, 26.200209982401798, 141283, 0, 0.0, 5, 
2019-12-08 10:42:55.323,138243496, 481.0340700990365, 2582962, 26.200209982401798, 141311, 0, 0.0, 5, 
2019-12-08 10:42:56.352,149156872, 479.80002998961595, 2583449, 25.896361968727373, 141334, 0, 0.0, 5, 
2019-12-08 10:42:57.382,158984240, 479.80002998961595, 2583930, 25.896361968727373, 141365, 0, 0.0, 5, 
2019-12-08 10:42:58.427,169473200, 479.80002998961595, 2584433, 25.896361968727373, 141388, 0, 0.0, 5, 
2019-12-08 10:42:59.455,180352384, 479.80002998961595, 2584939, 25.896361968727373, 141409, 0, 0.0, 5, 
2019-12-08 10:43:00.484,191325576, 479.80002998961595, 2585431, 25.896361968727373, 141434, 0, 0.0, 5, 
2019-12-08 10:43:01.511,201929680, 479.7520542405563, 2585912, 25.760728354517223, 141455, 0, 0.0, 5, 
2019-12-08 10:43:02.542,212606744, 479.7520542405563, 2586379, 25.760728354517223, 141478, 0, 0.0, 5, 
2019-12-08 10:43:03.568,223213360, 479.7520542405563, 2586889, 25.760728354517223, 141494, 0, 0.0, 5, 
2019-12-08 10:43:04.597,233671384, 479.7520542405563, 2587388, 25.760728354517223, 141514, 0, 0.0, 5, 
2019-12-08 10:43:05.626,244589280, 479.7520542405563, 2587869, 25.760728354517223, 141536, 0, 0.0, 5, 
2019-12-08 10:43:06.653,255978112, 479.1802075571498, 2588340, 25.252152595547937, 141557, 0, 0.0, 5, 
2019-12-08 10:43:07.68,266481544, 479.1802075571498, 2588838, 25.252152595547937, 141580, 0, 0.0, 5, 
2019-12-08 10:43:08.707,277173992, 479.1802075571498, 2589337, 25.252152595547937, 141602, 0, 0.0, 5, 
2019-12-08 10:43:09.734,288067592, 479.1802075571498, 2589841, 25.252152595547937, 141630, 0, 0.0, 5, 
2019-12-08 10:43:10.769,298475768, 479.1802075571498, 2590383, 25.252152595547937, 141654, 0, 0.0, 5, 
2019-12-08 10:43:11.801,308943480, 479.77346140524685, 2590857, 25.104062650575084, 141680, 0, 0.0, 5, 
2019-12-08 10:43:12.829,319891256, 479.77346140524685, 2591330, 25.104062650575084, 141715, 0, 0.0, 5, 
2019-12-08 10:43:13.854,329347200, 479.77346140524685, 2591818, 25.104062650575084, 141740, 0, 0.0, 5, 
2019-12-08 10:43:14.885,340267136, 479.77346140524685, 2592277, 25.104062650575084, 141777, 0, 0.0, 5, 
2019-12-08 10:43:15.922,349430784, 479.77346140524685, 2592754, 25.104062650575084, 141803, 0, 0.0, 5, 
2019-12-08 10:43:16.947,359057544, 478.4643117140461, 2593208, 25.36759125069343, 141825, 0, 0.0, 5, 
2019-12-08 10:43:17.974,370584432, 478.4643117140461, 2593702, 25.36759125069343, 141850, 0, 0.0, 5, 
2019-12-08 10:43:19.0,381233424, 478.4643117140461, 2594174, 25.36759125069343, 141872, 0, 0.0, 5, 
2019-12-08 10:43:20.025,392110560, 478.4643117140461, 2594655, 25.36759125069343, 141901, 0, 0.0, 5, 
2019-12-08 10:43:21.05,402366576, 477.64362266252243, 2595164, 25.24225357462229, 141925, 0, 0.0, 5, 
2019-12-08 10:43:22.078,128967048, 477.64362266252243, 2595643, 25.24225357462229, 141950, 0, 0.0, 5, 
2019-12-08 10:43:23.106,139318936, 477.64362266252243, 2596113, 25.24225357462229, 141970, 0, 0.0, 5, 
2019-12-08 10:43:24.133,151335984, 477.64362266252243, 2596591, 25.24225357462229, 141998, 0, 0.0, 5, 
2019-12-08 10:43:25.159,162180232, 477.64362266252243, 2597077, 25.24225357462229, 142026, 0, 0.0, 5, 
2019-12-08 10:43:26.185,172214296, 476.28088983570353, 2597523, 25.206892931181088, 142054, 0, 0.0, 5, 
2019-12-08 10:43:27.211,181905512, 476.28088983570353, 2598008, 25.206892931181088, 142081, 0, 0.0, 5, 
2019-12-08 10:43:28.237,193200088, 476.28088983570353, 2598517, 25.206892931181088, 142112, 0, 0.0, 5, 
2019-12-08 10:43:29.263,202286608, 476.28088983570353, 2598972, 25.206892931181088, 142135, 0, 0.0, 5, 
2019-12-08 10:43:30.294,213058480, 476.28088983570353, 2599431, 25.206892931181088, 142163, 0, 0.0, 5, 
2019-12-08 10:43:31.326,223877344, 475.23499963172054, 2599917, 25.318279622352534, 142185, 0, 0.0, 5, 
2019-12-08 10:43:32.353,233262680, 475.23499963172054, 2600402, 25.318279622352534, 142211, 0, 0.0, 5, 
2019-12-08 10:43:33.377,243464840, 475.23499963172054, 2600857, 25.318279622352534, 142235, 0, 0.0, 5, 
2019-12-08 10:43:34.405,253531520, 475.23499963172054, 2601322, 25.318279622352534, 142256, 0, 0.0, 5, 
2019-12-08 10:43:35.433,264358032, 475.23499963172054, 2601799, 25.318279622352534, 142280, 0, 0.0, 5, 
2019-12-08 10:43:36.461,274892624, 474.3686808936753, 2602291, 25.22886692053924, 142318, 0, 0.0, 5, 
2019-12-08 10:43:37.489,286634744, 474.3686808936753, 2602804, 25.22886692053924, 142341, 0, 0.0, 5, 
2019-12-08 10:43:38.539,296512704, 474.3686808936753, 2603277, 25.22886692053924, 142368, 0, 0.0, 5, 
2019-12-08 10:43:39.565,306264088, 474.3686808936753, 2603760, 25.22886692053924, 142383, 0, 0.0, 5, 
2019-12-08 10:43:40.59,316799840, 474.3686808936753, 2604234, 25.22886692053924, 142409, 0, 0.0, 5, 
2019-12-08 10:43:41.618,326344560, 474.21127386041337, 2604717, 25.09862991241659, 142436, 0, 0.0, 5, 
2019-12-08 10:43:42.647,337434336, 474.21127386041337, 2605182, 25.09862991241659, 142457, 0, 0.0, 5, 
2019-12-08 10:43:43.673,348409976, 474.21127386041337, 2605686, 25.09862991241659, 142487, 0, 0.0, 5, 
2019-12-08 10:43:44.704,359241640, 474.21127386041337, 2606176, 25.09862991241659, 142507, 0, 0.0, 5, 
2019-12-08 10:43:45.732,370187920, 474.21127386041337, 2606657, 25.09862991241659, 142524, 0, 0.0, 5, 
2019-12-08 10:43:46.759,380885400, 473.66667447178406, 2607119, 24.818894909773963, 142544, 0, 0.0, 5, 
2019-12-08 10:43:47.787,392001864, 473.66667447178406, 2607602, 24.818894909773963, 142569, 0, 0.0, 5, 
2019-12-08 10:43:48.814,400992960, 473.66667447178406, 2608073, 24.818894909773963, 142602, 0, 0.0, 5, 
2019-12-08 10:43:49.843,129866312, 473.66667447178406, 2608567, 24.818894909773963, 142625, 0, 0.0, 5, 
2019-12-08 10:43:50.87,141062912, 473.66667447178406, 2609047, 24.818894909773963, 142650, 0, 0.0, 5, 
2019-12-08 10:43:51.895,150609360, 473.06967214362027, 2609539, 24.81738415620246, 142671, 0, 0.0, 5, 
2019-12-08 10:43:52.921,161107112, 473.06967214362027, 2610020, 24.81738415620246, 142698, 0, 0.0, 5, 
2019-12-08 10:43:53.947,170750608, 473.06967214362027, 2610495, 24.81738415620246, 142726, 0, 0.0, 5, 
2019-12-08 10:43:54.977,181076008, 473.06967214362027, 2610992, 24.81738415620246, 142752, 0, 0.0, 5, 
2019-12-08 10:43:56.005,192139544, 472.92018141292584, 2611464, 24.815994195817115, 142774, 0, 0.0, 5, 
2019-12-08 10:43:57.034,201965320, 472.92018141292584, 2611956, 24.815994195817115, 142801, 0, 0.0, 5, 
2019-12-08 10:43:58.06,212925648, 472.92018141292584, 2612453, 24.815994195817115, 142824, 0, 0.0, 5, 
2019-12-08 10:43:59.087,223962672, 472.92018141292584, 2612932, 24.815994195817115, 142857, 0, 0.0, 5, 
2019-12-08 10:44:00.118,234464752, 472.92018141292584, 2613404, 24.815994195817115, 142882, 0, 0.0, 5, 
2019-12-08 10:44:01.145,243537784, 472.44682984255473, 2613874, 24.94264430712111, 142911, 0, 0.0, 5, 
2019-12-08 10:44:02.178,255192368, 472.44682984255473, 2614381, 24.94264430712111, 142939, 0, 0.0, 5, 
2019-12-08 10:44:03.207,265266368, 472.44682984255473, 2614864, 24.94264430712111, 142970, 0, 0.0, 5, 
2019-12-08 10:44:04.25,275869128, 472.44682984255473, 2615326, 24.94264430712111, 143005, 0, 0.0, 5, 
2019-12-08 10:44:05.279,285657920, 472.44682984255473, 2615817, 24.94264430712111, 143024, 0, 0.0, 5, 
2019-12-08 10:44:06.318,298524440, 472.2831743643391, 2616302, 25.107141385860935, 143049, 0, 0.0, 5, 
2019-12-08 10:44:07.345,308705176, 472.2831743643391, 2616786, 25.107141385860935, 143074, 0, 0.0, 5, 
2019-12-08 10:44:08.373,318967240, 472.2831743643391, 2617253, 25.107141385860935, 143115, 0, 0.0, 5, 
2019-12-08 10:44:09.399,329910304, 472.2831743643391, 2617760, 25.107141385860935, 143152, 0, 0.0, 5, 
2019-12-08 10:44:10.425,340032016, 472.2831743643391, 2618261, 25.107141385860935, 143181, 0, 0.0, 5, 
2019-12-08 10:44:11.449,350603568, 472.67630203620394, 2618738, 25.49835276049038, 143206, 0, 0.0, 5, 
2019-12-08 10:44:12.478,360043472, 472.67630203620394, 2619181, 25.49835276049038, 143232, 0, 0.0, 5, 
2019-12-08 10:44:13.505,371317440, 472.67630203620394, 2619702, 25.49835276049038, 143263, 0, 0.0, 5, 
2019-12-08 10:44:14.532,381612480, 472.67630203620394, 2620169, 25.49835276049038, 143291, 0, 0.0, 5, 
2019-12-08 10:44:15.558,391802360, 472.67630203620394, 2620655, 25.49835276049038, 143313, 0, 0.0, 5, 
2019-12-08 10:44:16.585,402692040, 472.2224499841585, 2621153, 25.45850667380428, 143329, 0, 0.0, 5, 
2019-12-08 10:44:17.613,131000448, 472.2224499841585, 2621630, 25.45850667380428, 143350, 0, 0.0, 5, 
2019-12-08 10:44:18.64,137949592, 472.2224499841585, 2622086, 25.45850667380428, 143369, 0, 0.0, 5, 
2019-12-08 10:44:19.676,148806840, 472.2224499841585, 2622580, 25.45850667380428, 143394, 0, 0.0, 5, 
2019-12-08 10:44:20.706,159845464, 472.2224499841585, 2623076, 25.45850667380428, 143415, 0, 0.0, 5, 
2019-12-08 10:44:21.733,171098832, 471.7569125873836, 2623555, 25.181979748191864, 143441, 0, 0.0, 5, 
2019-12-08 10:44:22.762,181677616, 471.7569125873836, 2624032, 25.181979748191864, 143475, 0, 0.0, 5, 
2019-12-08 10:44:23.786,192938856, 471.7569125873836, 2624504, 25.181979748191864, 143502, 0, 0.0, 5, 
2019-12-08 10:44:24.814,202430296, 471.7569125873836, 2624990, 25.181979748191864, 143532, 0, 0.0, 5, 
2019-12-08 10:44:25.842,211914112, 471.7569125873836, 2625454, 25.181979748191864, 143556, 0, 0.0, 5, 
2019-12-08 10:44:26.868,222935536, 471.0887307495678, 2625927, 25.29535838749266, 143580, 0, 0.0, 5, 
2019-12-08 10:44:27.894,233983944, 471.0887307495678, 2626382, 25.29535838749266, 143602, 0, 0.0, 5, 
2019-12-08 10:44:28.92,244368912, 471.0887307495678, 2626873, 25.29535838749266, 143623, 0, 0.0, 5, 
2019-12-08 10:44:29.945,253845312, 471.0887307495678, 2627354, 25.29535838749266, 143647, 0, 0.0, 5, 
2019-12-08 10:44:30.978,265633360, 470.5699204841734, 2627831, 25.01588496154038, 143669, 0, 0.0, 5, 
2019-12-08 10:44:32.006,275436960, 470.5699204841734, 2628294, 25.01588496154038, 143698, 0, 0.0, 5, 
2019-12-08 10:44:33.041,287270064, 470.5699204841734, 2628797, 25.01588496154038, 143719, 0, 0.0, 5, 
2019-12-08 10:44:34.072,297006088, 470.5699204841734, 2629325, 25.01588496154038, 143749, 0, 0.0, 5, 
2019-12-08 10:44:35.101,306294184, 470.5699204841734, 2629807, 25.01588496154038, 143776, 0, 0.0, 5, 
2019-12-08 10:44:36.127,316605864, 470.7642189143586, 2630281, 24.99862375306769, 143795, 0, 0.0, 5, 
2019-12-08 10:44:37.172,327794936, 470.7642189143586, 2630760, 24.99862375306769, 143819, 0, 0.0, 5, 
2019-12-08 10:44:38.203,338207912, 470.7642189143586, 2631234, 24.99862375306769, 143835, 0, 0.0, 5, 
2019-12-08 10:44:39.232,348845896, 470.7642189143586, 2631688, 24.99862375306769, 143853, 0, 0.0, 5, 
2019-12-08 10:44:40.259,358781080, 470.7642189143586, 2632166, 24.99862375306769, 143881, 0, 0.0, 5, 
2019-12-08 10:44:41.298,370366216, 470.0634706607443, 2632675, 24.75886703558475, 143914, 0, 0.0, 5, 
2019-12-08 10:44:42.325,379538944, 470.0634706607443, 2633155, 24.75886703558475, 143935, 0, 0.0, 5, 
2019-12-08 10:44:43.357,390003440, 470.0634706607443, 2633648, 24.75886703558475, 143951, 0, 0.0, 5, 
2019-12-08 10:44:44.381,400278384, 470.0634706607443, 2634070, 24.75886703558475, 143976, 0, 0.0, 5, 
2019-12-08 10:44:45.43,411714112, 470.0634706607443, 2634565, 24.75886703558475, 144002, 0, 0.0, 5, 
2019-12-08 10:44:46.457,136426088, 469.73857348542793, 2635069, 24.55427132386884, 144027, 0, 0.0, 5, 
2019-12-08 10:44:47.487,147202880, 469.73857348542793, 2635516, 24.55427132386884, 144053, 0, 0.0, 5, 
2019-12-08 10:44:48.516,157928888, 469.73857348542793, 2635984, 24.55427132386884, 144086, 0, 0.0, 5, 
2019-12-08 10:44:49.547,170124760, 469.73857348542793, 2636437, 24.55427132386884, 144114, 0, 0.0, 5, 
2019-12-08 10:44:50.576,179452432, 469.73857348542793, 2636920, 24.55427132386884, 144138, 0, 0.0, 5, 
2019-12-08 10:44:51.606,189761240, 468.11239093679603, 2637363, 24.78180322597503, 144165, 0, 0.0, 5, 
2019-12-08 10:44:52.635,198620512, 468.11239093679603, 2637842, 24.78180322597503, 144194, 0, 0.0, 5, 
2019-12-08 10:44:53.662,209578568, 468.11239093679603, 2638290, 24.78180322597503, 144221, 0, 0.0, 5, 
2019-12-08 10:44:54.686,221236416, 468.11239093679603, 2638774, 24.78180322597503, 144261, 0, 0.0, 5, 
2019-12-08 10:44:55.714,231675320, 468.11239093679603, 2639296, 24.78180322597503, 144289, 0, 0.0, 5, 
2019-12-08 10:44:56.742,241622040, 467.95948459998687, 2639784, 25.1190716182509, 144310, 0, 0.0, 5, 
2019-12-08 10:44:57.77,252669808, 467.95948459998687, 2640273, 25.1190716182509, 144331, 0, 0.0, 5, 
2019-12-08 10:44:58.797,263203592, 467.95948459998687, 2640756, 25.1190716182509, 144357, 0, 0.0, 5, 
2019-12-08 10:44:59.823,273943352, 467.95948459998687, 2641242, 25.1190716182509, 144380, 0, 0.0, 5, 
2019-12-08 10:45:00.85,283958840, 467.95948459998687, 2641733, 25.1190716182509, 144398, 0, 0.0, 5, 
2019-12-08 10:45:01.877,294784824, 468.45844866180965, 2642201, 24.83770218705231, 144432, 0, 0.0, 5, 
2019-12-08 10:45:02.909,304566848, 468.45844866180965, 2642658, 24.83770218705231, 144453, 0, 0.0, 5, 
2019-12-08 10:45:03.937,314306304, 468.45844866180965, 2643093, 24.83770218705231, 144486, 0, 0.0, 5, 
2019-12-08 10:45:04.965,323999544, 468.45844866180965, 2643524, 24.83770218705231, 144520, 0, 0.0, 5, 
2019-12-08 10:45:05.993,334334552, 466.47087684764773, 2644016, 25.026581091506415, 144539, 0, 0.0, 5, 
2019-12-08 10:45:07.021,345432992, 466.47087684764773, 2644478, 25.026581091506415, 144564, 0, 0.0, 5, 
2019-12-08 10:45:08.048,353998608, 466.47087684764773, 2644969, 25.026581091506415, 144587, 0, 0.0, 5, 
2019-12-08 10:45:09.076,365282304, 466.47087684764773, 2645447, 25.026581091506415, 144610, 0, 0.0, 5, 
2019-12-08 10:45:10.11,376309520, 466.47087684764773, 2645910, 25.026581091506415, 144637, 0, 0.0, 5, 
2019-12-08 10:45:11.137,387684648, 466.1453875063221, 2646394, 24.960491316478684, 144664, 0, 0.0, 5, 
2019-12-08 10:45:12.164,397558480, 466.1453875063221, 2646851, 24.960491316478684, 144694, 0, 0.0, 5, 
2019-12-08 10:45:13.19,405331056, 466.1453875063221, 2647323, 24.960491316478684, 144719, 0, 0.0, 5, 
2019-12-08 10:45:14.217,134481200, 466.1453875063221, 2647794, 24.960491316478684, 144745, 0, 0.0, 5, 
2019-12-08 10:45:15.242,143526952, 466.1453875063221, 2648262, 24.960491316478684, 144776, 0, 0.0, 5, 
2019-12-08 10:45:16.268,153231968, 465.20627817284867, 2648730, 25.01162360761926, 144802, 0, 0.0, 5, 
2019-12-08 10:45:17.293,163556952, 465.20627817284867, 2649187, 25.01162360761926, 144826, 0, 0.0, 5, 
2019-12-08 10:45:18.32,174494232, 465.20627817284867, 2649643, 25.01162360761926, 144860, 0, 0.0, 5, 
2019-12-08 10:45:19.346,185026584, 465.20627817284867, 2650123, 25.01162360761926, 144885, 0, 0.0, 5, 
2019-12-08 10:45:20.374,194874256, 465.20627817284867, 2650587, 25.01162360761926, 144908, 0, 0.0, 5, 
2019-12-08 10:45:21.398,203909112, 464.21432693926715, 2651070, 25.106640937712758, 144925, 0, 0.0, 5, 
2019-12-08 10:45:22.425,214252592, 464.21432693926715, 2651576, 25.106640937712758, 144947, 0, 0.0, 5, 
2019-12-08 10:45:23.449,226128848, 464.21432693926715, 2652029, 25.106640937712758, 144980, 0, 0.0, 5, 
2019-12-08 10:45:24.474,236047888, 464.21432693926715, 2652492, 25.106640937712758, 144996, 0, 0.0, 5, 
2019-12-08 10:45:25.502,246469960, 464.21432693926715, 2652989, 25.106640937712758, 145018, 0, 0.0, 5, 
2019-12-08 10:45:26.528,257813536, 464.9167905717134, 2653491, 24.794283174704884, 145032, 0, 0.0, 5, 
2019-12-08 10:45:27.56,266920064, 464.9167905717134, 2653933, 24.794283174704884, 145063, 0, 0.0, 5, 
2019-12-08 10:45:28.585,276371536, 464.9167905717134, 2654385, 24.794283174704884, 145089, 0, 0.0, 5, 
2019-12-08 10:45:29.612,286370624, 464.9167905717134, 2654851, 24.794283174704884, 145113, 0, 0.0, 5, 
2019-12-08 10:45:30.64,297021504, 464.9167905717134, 2655311, 24.794283174704884, 145138, 0, 0.0, 5, 
2019-12-08 10:45:31.67,309128008, 463.48424309358825, 2655784, 24.79474026681782, 145170, 0, 0.0, 5, 
2019-12-08 10:45:32.696,319863120, 463.48424309358825, 2656293, 24.79474026681782, 145199, 0, 0.0, 5, 
2019-12-08 10:45:33.722,329174520, 463.48424309358825, 2656749, 24.79474026681782, 145232, 0, 0.0, 5, 
2019-12-08 10:45:34.755,339374768, 463.48424309358825, 2657237, 24.79474026681782, 145250, 0, 0.0, 5, 
2019-12-08 10:45:35.781,351002040, 463.48424309358825, 2657690, 24.79474026681782, 145289, 0, 0.0, 5, 
2019-12-08 10:45:36.813,362061928, 463.5094896218752, 2658158, 25.098992036271866, 145312, 0, 0.0, 5, 
2019-12-08 10:45:37.845,371446176, 463.5094896218752, 2658648, 25.098992036271866, 145343, 0, 0.0, 5, 
2019-12-08 10:45:38.87,380635664, 463.5094896218752, 2659126, 25.098992036271866, 145373, 0, 0.0, 5, 
2019-12-08 10:45:39.899,394824608, 463.5094896218752, 2659603, 25.098992036271866, 145397, 0, 0.0, 5, 
2019-12-08 10:45:40.928,135820888, 463.5094896218752, 2660058, 25.098992036271866, 145422, 0, 0.0, 5, 
2019-12-08 10:45:41.96,146129592, 463.29285079310245, 2660536, 25.187023772509527, 145445, 0, 0.0, 5, 
2019-12-08 10:45:42.994,156139280, 463.29285079310245, 2661021, 25.187023772509527, 145465, 0, 0.0, 5, 
2019-12-08 10:45:44.022,165975792, 463.29285079310245, 2661493, 25.187023772509527, 145483, 0, 0.0, 5, 
2019-12-08 10:45:45.051,176923200, 463.29285079310245, 2661990, 25.187023772509527, 145504, 0, 0.0, 5, 
2019-12-08 10:45:46.083,185506432, 463.3653824389585, 2662453, 24.756301133372776, 145525, 0, 0.0, 5, 
2019-12-08 10:45:47.111,196194208, 463.3653824389585, 2662904, 24.756301133372776, 145553, 0, 0.0, 5, 
2019-12-08 10:45:48.139,206822968, 463.3653824389585, 2663389, 24.756301133372776, 145578, 0, 0.0, 5, 
2019-12-08 10:45:49.176,216911040, 463.3653824389585, 2663879, 24.756301133372776, 145593, 0, 0.0, 5, 
2019-12-08 10:45:50.201,226738288, 463.3653824389585, 2664318, 24.756301133372776, 145615, 0, 0.0, 5, 
2019-12-08 10:45:51.228,237610200, 462.4406655160158, 2664778, 24.503937228647825, 145635, 0, 0.0, 5, 
2019-12-08 10:45:52.258,248429624, 462.4406655160158, 2665300, 24.503937228647825, 145656, 0, 0.0, 5, 
2019-12-08 10:45:53.289,261344072, 462.4406655160158, 2665815, 24.503937228647825, 145685, 0, 0.0, 5, 
2019-12-08 10:45:54.315,271432416, 462.4406655160158, 2666279, 24.503937228647825, 145718, 0, 0.0, 5, 
2019-12-08 10:45:55.342,281865272, 462.4406655160158, 2666764, 24.503937228647825, 145740, 0, 0.0, 5, 
2019-12-08 10:45:56.366,293222160, 464.2923836614781, 2667288, 24.60756468620843, 145768, 0, 0.0, 5, 
2019-12-08 10:45:57.393,303700880, 464.2923836614781, 2667770, 24.60756468620843, 145786, 0, 0.0, 5, 
2019-12-08 10:45:58.418,314358896, 464.2923836614781, 2668280, 24.60756468620843, 145818, 0, 0.0, 5, 
2019-12-08 10:45:59.445,324687120, 464.2923836614781, 2668734, 24.60756468620843, 145840, 0, 0.0, 5, 
2019-12-08 10:46:00.473,335590512, 464.2923836614781, 2669221, 24.60756468620843, 145857, 0, 0.0, 5, 
2019-12-08 10:46:01.507,345200008, 465.0205884571562, 2669680, 24.415066442404868, 145884, 0, 0.0, 5, 
2019-12-08 10:46:02.536,354523400, 465.0205884571562, 2670166, 24.415066442404868, 145914, 0, 0.0, 5, 
2019-12-08 10:46:03.562,364771536, 465.0205884571562, 2670635, 24.415066442404868, 145940, 0, 0.0, 5, 
2019-12-08 10:46:04.587,375676904, 465.0205884571562, 2671100, 24.415066442404868, 145964, 0, 0.0, 5, 
2019-12-08 10:46:05.612,387192200, 465.0205884571562, 2671587, 24.415066442404868, 145992, 0, 0.0, 5, 
2019-12-08 10:46:06.638,397259240, 464.5232176657142, 2672035, 24.50980849862774, 146012, 0, 0.0, 5, 
2019-12-08 10:46:07.675,407192576, 464.5232176657142, 2672503, 24.50980849862774, 146042, 0, 0.0, 5, 
2019-12-08 10:46:08.7,131800736, 464.5232176657142, 2672984, 24.50980849862774, 146071, 0, 0.0, 5, 
2019-12-08 10:46:09.729,142741936, 464.5232176657142, 2673449, 24.50980849862774, 146088, 0, 0.0, 5, 
2019-12-08 10:46:10.754,154078912, 464.5232176657142, 2673924, 24.50980849862774, 146125, 0, 0.0, 5, 
2019-12-08 10:46:11.781,162642392, 463.9696677446034, 2674398, 24.628957632434368, 146146, 0, 0.0, 5, 
2019-12-08 10:46:12.808,173708472, 463.9696677446034, 2674866, 24.628957632434368, 146172, 0, 0.0, 5, 
2019-12-08 10:46:13.835,184030664, 463.9696677446034, 2675357, 24.628957632434368, 146194, 0, 0.0, 5, 
2019-12-08 10:46:14.868,195432592, 463.9696677446034, 2675826, 24.628957632434368, 146211, 0, 0.0, 5, 
2019-12-08 10:46:15.913,206679248, 463.9696677446034, 2676319, 24.628957632434368, 146233, 0, 0.0, 5, 
2019-12-08 10:46:16.94,215286776, 463.9880840949134, 2676777, 24.35479331772183, 146256, 0, 0.0, 5, 
2019-12-08 10:46:17.968,225782360, 463.9880840949134, 2677239, 24.35479331772183, 146277, 0, 0.0, 5, 
2019-12-08 10:46:18.996,235699288, 463.9880840949134, 2677694, 24.35479331772183, 146298, 0, 0.0, 5, 
2019-12-08 10:46:20.023,246307624, 463.9880840949134, 2678164, 24.35479331772183, 146328, 0, 0.0, 5, 
2019-12-08 10:46:21.049,257063992, 463.1255165160765, 2678653, 24.326425610317777, 146358, 0, 0.0, 5, 
2019-12-08 10:46:22.076,267932904, 463.1255165160765, 2679158, 24.326425610317777, 146377, 0, 0.0, 5, 
2019-12-08 10:46:23.102,278687648, 463.1255165160765, 2679655, 24.326425610317777, 146397, 0, 0.0, 5, 
2019-12-08 10:46:24.127,289583360, 463.1255165160765, 2680135, 24.326425610317777, 146418, 0, 0.0, 5, 
2019-12-08 10:46:25.152,300843488, 463.1255165160765, 2680639, 24.326425610317777, 146443, 0, 0.0, 5, 
2019-12-08 10:46:26.177,310170280, 464.49071683793557, 2681106, 24.236361591268295, 146473, 0, 0.0, 5, 
2019-12-08 10:46:27.205,319801320, 464.49071683793557, 2681547, 24.236361591268295, 146493, 0, 0.0, 5, 
2019-12-08 10:46:28.231,329136352, 464.49071683793557, 2681990, 24.236361591268295, 146514, 0, 0.0, 5, 
2019-12-08 10:46:29.26,339786568, 464.49071683793557, 2682445, 24.236361591268295, 146532, 0, 0.0, 5, 
2019-12-08 10:46:30.288,350274880, 464.49071683793557, 2682938, 24.236361591268295, 146559, 0, 0.0, 5, 
2019-12-08 10:46:31.315,359845272, 462.7884051101971, 2683385, 23.929623054544862, 146586, 0, 0.0, 5, 
2019-12-08 10:46:32.346,370506664, 462.7884051101971, 2683852, 23.929623054544862, 146611, 0, 0.0, 5, 
2019-12-08 10:46:33.373,380401632, 462.7884051101971, 2684336, 23.929623054544862, 146629, 0, 0.0, 5, 
2019-12-08 10:46:34.399,390604736, 462.7884051101971, 2684815, 23.929623054544862, 146652, 0, 0.0, 5, 
2019-12-08 10:46:35.425,400817208, 462.7884051101971, 2685310, 23.929623054544862, 146673, 0, 0.0, 5, 
2019-12-08 10:46:36.452,410944560, 462.9972167083623, 2685765, 23.775338913673973, 146691, 0, 0.0, 5, 
2019-12-08 10:46:37.481,137523480, 462.9972167083623, 2686236, 23.775338913673973, 146708, 0, 0.0, 5, 
2019-12-08 10:46:38.506,148839000, 462.9972167083623, 2686729, 23.775338913673973, 146732, 0, 0.0, 5, 
2019-12-08 10:46:39.53,158715712, 462.9972167083623, 2687204, 23.775338913673973, 146762, 0, 0.0, 5, 
2019-12-08 10:46:40.556,169288896, 462.9972167083623, 2687670, 23.775338913673973, 146782, 0, 0.0, 5, 
2019-12-08 10:46:41.584,180615368, 462.93347477977795, 2688185, 23.63339065159983, 146810, 0, 0.0, 5, 
2019-12-08 10:46:42.613,191274344, 462.93347477977795, 2688702, 23.63339065159983, 146837, 0, 0.0, 5, 
2019-12-08 10:46:43.64,201236736, 462.93347477977795, 2689178, 23.63339065159983, 146861, 0, 0.0, 5, 
2019-12-08 10:46:44.667,211014168, 462.93347477977795, 2689638, 23.63339065159983, 146885, 0, 0.0, 5, 
2019-12-08 10:46:45.693,222546320, 462.93347477977795, 2690108, 23.63339065159983, 146911, 0, 0.0, 5, 
2019-12-08 10:46:46.719,232553160, 463.73834969640944, 2690553, 23.726667584950068, 146933, 0, 0.0, 5, 
2019-12-08 10:46:47.746,243641680, 463.73834969640944, 2691043, 23.726667584950068, 146960, 0, 0.0, 5, 
2019-12-08 10:46:48.776,252636632, 463.73834969640944, 2691512, 23.726667584950068, 146985, 0, 0.0, 5, 
2019-12-08 10:46:49.802,262538992, 463.73834969640944, 2692001, 23.726667584950068, 147012, 0, 0.0, 5, 
2019-12-08 10:46:50.871,274764768, 463.73834969640944, 2692501, 23.726667584950068, 147040, 0, 0.0, 5, 
2019-12-08 10:46:51.898,284617872, 463.6473322800765, 2692980, 23.84446874064098, 147081, 0, 0.0, 5, 
2019-12-08 10:46:52.923,294656432, 463.6473322800765, 2693444, 23.84446874064098, 147103, 0, 0.0, 5, 
2019-12-08 10:46:53.949,305469080, 463.6473322800765, 2693942, 23.84446874064098, 147124, 0, 0.0, 5, 
2019-12-08 10:46:54.974,315366848, 463.6473322800765, 2694440, 23.84446874064098, 147143, 0, 0.0, 5, 
2019-12-08 10:46:56.001,326313384, 463.9473790243247, 2694901, 23.808930982304062, 147161, 0, 0.0, 5, 
2019-12-08 10:46:57.031,336515160, 463.9473790243247, 2695351, 23.808930982304062, 147196, 0, 0.0, 5, 
2019-12-08 10:46:58.059,347453048, 463.9473790243247, 2695836, 23.808930982304062, 147221, 0, 0.0, 5, 
2019-12-08 10:46:59.086,357820168, 463.9473790243247, 2696324, 23.808930982304062, 147245, 0, 0.0, 5, 
2019-12-08 10:47:00.115,367383656, 463.9473790243247, 2696792, 23.808930982304062, 147273, 0, 0.0, 5, 
2019-12-08 10:47:01.141,378467048, 463.5677995554583, 2697264, 24.0320925394239, 147293, 0, 0.0, 5, 
2019-12-08 10:47:02.167,388503344, 463.5677995554583, 2697746, 24.0320925394239, 147313, 0, 0.0, 5, 
2019-12-08 10:47:03.194,399491000, 463.5677995554583, 2698223, 24.0320925394239, 147342, 0, 0.0, 5, 
2019-12-08 10:47:04.22,408714472, 463.5677995554583, 2698691, 24.0320925394239, 147372, 0, 0.0, 5, 
2019-12-08 10:47:05.246,134960160, 463.5677995554583, 2699150, 24.0320925394239, 147401, 0, 0.0, 5, 
2019-12-08 10:47:06.272,142827736, 463.02667618033024, 2699608, 24.125473264093042, 147422, 0, 0.0, 5, 
2019-12-08 10:47:07.296,153483144, 463.02667618033024, 2700086, 24.125473264093042, 147448, 0, 0.0, 5, 
2019-12-08 10:47:08.324,163464280, 463.02667618033024, 2700573, 24.125473264093042, 147465, 0, 0.0, 5, 
2019-12-08 10:47:09.35,173460232, 463.02667618033024, 2701057, 24.125473264093042, 147493, 0, 0.0, 5, 
2019-12-08 10:47:10.376,184859104, 463.02667618033024, 2701564, 24.125473264093042, 147514, 0, 0.0, 5, 
2019-12-08 10:47:11.4,196669632, 464.1119392317577, 2702030, 23.939538687998624, 147539, 0, 0.0, 5, 
2019-12-08 10:47:12.426,206067832, 464.1119392317577, 2702491, 23.939538687998624, 147567, 0, 0.0, 5, 
2019-12-08 10:47:13.452,216551192, 464.1119392317577, 2702970, 23.939538687998624, 147594, 0, 0.0, 5, 
2019-12-08 10:47:14.479,225487304, 464.1119392317577, 2703442, 23.939538687998624, 147618, 0, 0.0, 5, 
2019-12-08 10:47:15.505,236604376, 464.1119392317577, 2703918, 23.939538687998624, 147652, 0, 0.0, 5, 
2019-12-08 10:47:16.53,248249256, 463.3993799136946, 2704415, 24.20023078077814, 147676, 0, 0.0, 5, 
2019-12-08 10:47:17.556,257636680, 463.3993799136946, 2704873, 24.20023078077814, 147698, 0, 0.0, 5, 
2019-12-08 10:47:18.585,267948392, 463.3993799136946, 2705354, 24.20023078077814, 147722, 0, 0.0, 5, 
2019-12-08 10:47:19.62,279697800, 463.3993799136946, 2705832, 24.20023078077814, 147754, 0, 0.0, 5, 
2019-12-08 10:47:20.654,290966576, 463.3993799136946, 2706332, 24.20023078077814, 147785, 0, 0.0, 5, 
2019-12-08 10:47:21.685,301618184, 464.3109231662839, 2706831, 24.34413238223315, 147803, 0, 0.0, 5, 
2019-12-08 10:47:22.712,311743096, 464.3109231662839, 2707351, 24.34413238223315, 147834, 0, 0.0, 5, 
2019-12-08 10:47:23.738,322020992, 464.3109231662839, 2707882, 24.34413238223315, 147855, 0, 0.0, 5, 
2019-12-08 10:47:24.763,333969760, 464.3109231662839, 2708366, 24.34413238223315, 147875, 0, 0.0, 5, 
2019-12-08 10:47:25.788,344283192, 464.3109231662839, 2708844, 24.34413238223315, 147899, 0, 0.0, 5, 
2019-12-08 10:47:26.812,355304760, 465.9811215323767, 2709348, 24.124723671277067, 147917, 0, 0.0, 5, 
2019-12-08 10:47:27.84,364442232, 465.9811215323767, 2709825, 24.124723671277067, 147941, 0, 0.0, 5, 
2019-12-08 10:47:28.908,374566896, 465.9811215323767, 2710293, 24.124723671277067, 147975, 0, 0.0, 5, 
2019-12-08 10:47:29.934,384195440, 465.9811215323767, 2710753, 24.124723671277067, 147997, 0, 0.0, 5, 
2019-12-08 10:47:30.96,395636760, 465.8866842688616, 2711246, 24.098760200056397, 148020, 0, 0.0, 5, 
2019-12-08 10:47:31.986,405022336, 465.8866842688616, 2711716, 24.098760200056397, 148046, 0, 0.0, 5, 
2019-12-08 10:47:33.009,131104088, 465.8866842688616, 2712181, 24.098760200056397, 148068, 0, 0.0, 5, 
2019-12-08 10:47:34.033,142372432, 465.8866842688616, 2712682, 24.098760200056397, 148091, 0, 0.0, 5, 
2019-12-08 10:47:35.062,152514224, 465.8866842688616, 2713124, 24.098760200056397, 148121, 0, 0.0, 5, 
2019-12-08 10:47:36.105,163921656, 465.3200642798076, 2713595, 24.026899302153023, 148138, 0, 0.0, 5, 
2019-12-08 10:47:37.128,174638216, 465.3200642798076, 2714081, 24.026899302153023, 148166, 0, 0.0, 5, 
2019-12-08 10:47:38.153,185484824, 465.3200642798076, 2714578, 24.026899302153023, 148185, 0, 0.0, 5, 
2019-12-08 10:47:39.177,194756544, 465.3200642798076, 2715038, 24.026899302153023, 148203, 0, 0.0, 5, 
2019-12-08 10:47:40.202,204326544, 465.3200642798076, 2715539, 24.026899302153023, 148229, 0, 0.0, 5, 
2019-12-08 10:47:41.226,216025000, 466.0940292066661, 2716040, 23.89681961611023, 148255, 0, 0.0, 5, 
2019-12-08 10:47:42.251,227124608, 466.0940292066661, 2716522, 23.89681961611023, 148278, 0, 0.0, 5, 
2019-12-08 10:47:43.279,238229168, 466.0940292066661, 2716997, 23.89681961611023, 148305, 0, 0.0, 5, 
2019-12-08 10:47:44.305,248094992, 466.0940292066661, 2717449, 23.89681961611023, 148318, 0, 0.0, 5, 
2019-12-08 10:47:45.33,257596464, 466.0940292066661, 2717939, 23.89681961611023, 148343, 0, 0.0, 5, 
2019-12-08 10:47:46.356,267649792, 465.5108308317363, 2718375, 23.793131644583962, 148373, 0, 0.0, 5, 
2019-12-08 10:47:47.381,277417872, 465.5108308317363, 2718841, 23.793131644583962, 148398, 0, 0.0, 5, 
2019-12-08 10:47:48.409,287900584, 465.5108308317363, 2719313, 23.793131644583962, 148419, 0, 0.0, 5, 
2019-12-08 10:47:49.436,298492256, 465.5108308317363, 2719754, 23.793131644583962, 148445, 0, 0.0, 5, 
2019-12-08 10:47:50.463,309018120, 465.5108308317363, 2720232, 23.793131644583962, 148478, 0, 0.0, 5, 
2019-12-08 10:47:51.489,318247960, 464.2226799217769, 2720679, 24.08152091529622, 148510, 0, 0.0, 5, 
2019-12-08 10:47:52.519,329858304, 464.2226799217769, 2721164, 24.08152091529622, 148531, 0, 0.0, 5, 
2019-12-08 10:47:53.546,340365944, 464.2226799217769, 2721680, 24.08152091529622, 148566, 0, 0.0, 5, 
2019-12-08 10:47:54.573,350216136, 464.2226799217769, 2722125, 24.08152091529622, 148591, 0, 0.0, 5, 
2019-12-08 10:47:55.598,360145688, 464.2226799217769, 2722591, 24.08152091529622, 148620, 0, 0.0, 5, 
2019-12-08 10:47:56.624,370733920, 463.91703531094646, 2723091, 24.28288738475752, 148651, 0, 0.0, 5, 
2019-12-08 10:47:57.649,382420016, 463.91703531094646, 2723573, 24.28288738475752, 148675, 0, 0.0, 5, 
2019-12-08 10:47:58.686,383321856, 463.91703531094646, 2723627, 24.28288738475752, 148680, 0, 0.0, 5, 
2019-12-08 10:47:59.717,383947424, 463.91703531094646, 2723627, 24.28288738475752, 148680, 0, 0.0, 5, 
2019-12-08 10:48:00.746,385075136, 463.91703531094646, 2723627, 24.28288738475752, 148680, 0, 0.0, 5, 
