Timestamp, MemoryUsed, ReadLatency1, ReadCount, WriteLatency1, WriteCount, PendingTasks, WaitingOnCommit1, SRDelay, 
2019-12-08 10:38:31.205,218122352, 70.51899066680151, 2467171, 7.151150761648771, 134948, 0, 0.0, 1, 
2019-12-08 10:38:32.316,219525608, 70.51899066680151, 2467171, 7.151150761648771, 134959, 0, 0.0, 1, 
2019-12-08 10:38:33.369,221063304, 70.51899066680151, 2467171, 7.151150761648771, 134959, 0, 0.0, 1, 
2019-12-08 10:38:34.42,222372096, 70.51899066680151, 2467171, 7.151150761648771, 134959, 0, 0.0, 1, 
2019-12-08 10:38:35.499,223648808, 70.51899066680151, 2467171, 7.151150761648771, 134959, 0, 0.0, 1, 
2019-12-08 10:38:36.549,224500600, 64.88060348828812, 2467171, 7.219020999392597, 134959, 0, 0.0, 1, 
2019-12-08 10:38:37.612,225314056, 64.88060348828812, 2467171, 7.219020999392597, 134959, 0, 0.0, 1, 
2019-12-08 10:38:38.671,226106696, 64.88060348828812, 2467171, 7.219020999392597, 134959, 0, 0.0, 1, 
2019-12-08 10:38:39.719,226938504, 64.88060348828812, 2467171, 7.219020999392597, 134959, 0, 0.0, 1, 
2019-12-08 10:38:40.772,228279648, 64.88060348828812, 2467171, 7.219020999392597, 134959, 0, 0.0, 1, 
2019-12-08 10:38:41.804,231449784, 59.693036857179266, 2467171, 6.6418199495829535, 135015, 0, 0.0, 1, 
2019-12-08 10:38:42.836,237933352, 59.693036857179266, 2467171, 6.6418199495829535, 135208, 0, 0.0, 1, 
2019-12-08 10:38:43.878,239195928, 59.693036857179266, 2467171, 6.6418199495829535, 135208, 0, 0.0, 1, 
2019-12-08 10:38:44.913,240232160, 59.693036857179266, 2467171, 6.6418199495829535, 135208, 0, 0.0, 1, 
2019-12-08 10:38:45.945,241280304, 59.693036857179266, 2467171, 6.6418199495829535, 135208, 0, 0.0, 1, 
