Timestamp, MemoryUsed, ReadLatency1, ReadCount, WriteLatency1, WriteCount, PendingTasks, WaitingOnCommit1, SRDelay, 
2019-12-08 10:38:31.065,504627776, 76.99403744610058, 2495453, 4.103379053723011, 136003, 0, 0.0, 1, 
2019-12-08 10:38:32.29,507773504, 70.83793411204582, 2495453, 7.645141311425569, 136059, 0, 0.0, 1, 
2019-12-08 10:38:33.342,508822080, 70.83793411204582, 2495453, 7.645141311425569, 136059, 0, 0.0, 1, 
2019-12-08 10:38:34.393,510919232, 70.83793411204582, 2495453, 7.645141311425569, 136059, 0, 0.0, 1, 
2019-12-08 10:38:35.464,511967808, 70.83793411204582, 2495453, 7.645141311425569, 136059, 0, 0.0, 1, 
2019-12-08 10:38:36.525,513016384, 65.17404562366775, 2495453, 7.033869562628994, 136059, 0, 0.0, 1, 
2019-12-08 10:38:37.585,514064960, 65.17404562366775, 2495453, 7.033869562628994, 136059, 0, 0.0, 1, 
2019-12-08 10:38:38.639,514064960, 65.17404562366775, 2495453, 7.033869562628994, 136059, 0, 0.0, 1, 
2019-12-08 10:38:39.697,515113536, 65.17404562366775, 2495453, 7.033869562628994, 136059, 0, 0.0, 1, 
2019-12-08 10:38:40.745,517210688, 65.17404562366775, 2495453, 7.033869562628994, 136059, 0, 0.0, 1, 
2019-12-08 10:38:41.79,519307840, 59.963016654852204, 2495453, 6.503454638476278, 136100, 0, 0.0, 1, 
2019-12-08 10:38:42.819,525599296, 59.963016654852204, 2495453, 6.503454638476278, 136308, 0, 0.0, 1, 
2019-12-08 10:38:43.851,526647872, 59.963016654852204, 2495453, 6.503454638476278, 136308, 0, 0.0, 1, 
2019-12-08 10:38:44.898,527696448, 59.963016654852204, 2495453, 6.503454638476278, 136308, 0, 0.0, 1, 
2019-12-08 10:38:45.928,528745024, 59.963016654852204, 2495453, 6.503454638476278, 136308, 0, 0.0, 1, 
