Timestamp, MemoryUsed, ReadLatency1, ReadCount, WriteLatency1, WriteCount, PendingTasks, WaitingOnCommit1, SRDelay, 
2019-12-08 10:38:31.275,296577024, 79.19556866081953, 2556640, 4.06234734618197, 140099, 0, 0.0, 1, 
2019-12-08 10:38:32.331,299429472, 72.92740507807663, 2556640, 7.4794613814866455, 140103, 0, 0.0, 1, 
2019-12-08 10:38:33.382,300938456, 72.92740507807663, 2556640, 7.4794613814866455, 140103, 0, 0.0, 1, 
2019-12-08 10:38:34.44,302668344, 72.92740507807663, 2556640, 7.4794613814866455, 140103, 0, 0.0, 1, 
2019-12-08 10:38:35.511,303702576, 72.92740507807663, 2556640, 7.4794613814866455, 140103, 0, 0.0, 1, 
2019-12-08 10:38:36.565,304545152, 67.09645171549455, 2556640, 6.929410019694917, 140103, 0, 0.0, 1, 
2019-12-08 10:38:37.629,305357520, 67.09645171549455, 2556640, 6.929410019694917, 140103, 0, 0.0, 1, 
2019-12-08 10:38:38.679,306398440, 67.09645171549455, 2556640, 6.929410019694917, 140103, 0, 0.0, 1, 
2019-12-08 10:38:39.728,307372720, 67.09645171549455, 2556640, 6.929410019694917, 140103, 0, 0.0, 1, 
2019-12-08 10:38:40.782,308223144, 67.09645171549455, 2556640, 6.929410019694917, 140103, 0, 0.0, 1, 
2019-12-08 10:38:41.811,312381984, 61.731715642286844, 2556640, 6.375364985296778, 140155, 0, 0.0, 1, 
2019-12-08 10:38:42.844,318086288, 61.731715642286844, 2556640, 6.375364985296778, 140358, 0, 0.0, 1, 
2019-12-08 10:38:43.886,318924312, 61.731715642286844, 2556640, 6.375364985296778, 140358, 0, 0.0, 1, 
2019-12-08 10:38:44.921,320179352, 61.731715642286844, 2556640, 6.375364985296778, 140358, 0, 0.0, 1, 
2019-12-08 10:38:45.955,320998856, 61.731715642286844, 2556640, 6.375364985296778, 140358, 0, 0.0, 1, 
