Timestamp, MemoryUsed, ReadLatency1, ReadCount, WriteLatency1, WriteCount, PendingTasks, WaitingOnCommit1, SRDelay, 
2019-12-08 11:25:32.955,370946368, 17.254706803578983, 3491688, 3.462171604791486, 191059, 0, 0.0, 40, 
2019-12-08 11:25:34.031,372179184, 17.254706803578983, 3491688, 3.462171604791486, 191059, 0, 0.0, 40, 
2019-12-08 11:25:35.091,373647680, 17.254706803578983, 3491688, 3.462171604791486, 191059, 0, 0.0, 40, 
2019-12-08 11:25:36.152,375116864, 15.875096620699427, 3491688, 3.1853516474766477, 191059, 0, 0.0, 40, 
2019-12-08 11:25:37.204,376543704, 15.875096620699427, 3491688, 3.1853516474766477, 191059, 0, 0.0, 40, 
2019-12-08 11:25:38.255,378076720, 15.875096620699427, 3491688, 3.1853516474766477, 191059, 0, 0.0, 40, 
2019-12-08 11:25:39.308,379548256, 15.875096620699427, 3491688, 3.1853516474766477, 191059, 0, 0.0, 40, 
2019-12-08 11:25:40.366,380760312, 15.875096620699427, 3491688, 3.1853516474766477, 191059, 0, 0.0, 40, 
2019-12-08 11:25:41.407,395791160, 14.605793977575352, 3491688, 2.9306649918912027, 191059, 0, 0.0, 40, 
2019-12-08 11:25:42.458,397261720, 14.605793977575352, 3491688, 2.9306649918912027, 191059, 0, 0.0, 40, 
2019-12-08 11:25:43.5,398724120, 14.605793977575352, 3491688, 2.9306649918912027, 191059, 0, 0.0, 40, 
2019-12-08 11:25:44.534,401132744, 14.605793977575352, 3491759, 2.9306649918912027, 191060, 0, 0.0, 40, 
2019-12-08 11:25:45.566,408006816, 14.605793977575352, 3491949, 2.9306649918912027, 191064, 0, 0.0, 40, 
2019-12-08 11:25:46.592,415078720, 18.85896785842669, 3492180, 2.7922886593840044, 191075, 0, 0.0, 40, 
2019-12-08 11:25:47.703,422201672, 18.85896785842669, 3492404, 2.7922886593840044, 191087, 0, 0.0, 40, 
2019-12-08 11:25:48.771,430762240, 18.85896785842669, 3492720, 2.7922886593840044, 191106, 0, 0.0, 40, 
2019-12-08 11:25:49.797,150727104, 18.85896785842669, 3493148, 2.7922886593840044, 191124, 0, 0.0, 40, 
2019-12-08 11:25:50.828,165197312, 18.85896785842669, 3493769, 2.7922886593840044, 191145, 0, 0.0, 40, 
2019-12-08 11:25:51.856,180766944, 46.598841172412946, 3494475, 3.864310068104017, 191173, 0, 0.0, 40, 
2019-12-08 11:25:52.887,194399384, 46.598841172412946, 3495167, 3.864310068104017, 191200, 0, 0.0, 40, 
2019-12-08 11:25:53.918,208700352, 46.598841172412946, 3495879, 3.864310068104017, 191231, 0, 0.0, 40, 
2019-12-08 11:25:54.947,225060880, 46.598841172412946, 3496564, 3.864310068104017, 191261, 0, 0.0, 40, 
2019-12-08 11:25:55.972,238391200, 97.05090819604801, 3497251, 6.033960041045938, 191302, 0, 0.0, 40, 
2019-12-08 11:25:56.998,256738944, 97.05090819604801, 3498037, 6.033960041045938, 191333, 0, 0.0, 40, 
2019-12-08 11:25:58.024,269675856, 97.05090819604801, 3498726, 6.033960041045938, 191375, 0, 0.0, 40, 
2019-12-08 11:25:59.054,286268960, 97.05090819604801, 3499500, 6.033960041045938, 191408, 0, 0.0, 40, 
2019-12-08 11:26:00.085,300941968, 97.05090819604801, 3500244, 6.033960041045938, 191458, 0, 0.0, 40, 
2019-12-08 11:26:01.11,316378424, 146.23551392147314, 3500942, 8.589823477946553, 191497, 0, 0.0, 40, 
2019-12-08 11:26:02.136,333824520, 146.23551392147314, 3501709, 8.589823477946553, 191534, 0, 0.0, 40, 
2019-12-08 11:26:03.165,348841600, 146.23551392147314, 3502483, 8.589823477946553, 191576, 0, 0.0, 40, 
2019-12-08 11:26:04.193,363803680, 146.23551392147314, 3503220, 8.589823477946553, 191614, 0, 0.0, 40, 
2019-12-08 11:26:05.219,379981048, 146.23551392147314, 3504002, 8.589823477946553, 191645, 0, 0.0, 40, 
2019-12-08 11:26:06.249,395468544, 194.46188348068512, 3504788, 10.717455718584374, 191678, 0, 0.0, 40, 
2019-12-08 11:26:07.272,414420768, 194.46188348068512, 3505663, 10.717455718584374, 191735, 0, 0.0, 40, 
2019-12-08 11:26:08.297,150838936, 194.46188348068512, 3506522, 10.717455718584374, 191778, 0, 0.0, 40, 
2019-12-08 11:26:09.321,167522040, 194.46188348068512, 3507426, 10.717455718584374, 191829, 0, 0.0, 40, 
2019-12-08 11:26:10.343,186447448, 194.46188348068512, 3508381, 10.717455718584374, 191886, 0, 0.0, 40, 
2019-12-08 11:26:11.368,205713648, 249.91412956386353, 3509377, 13.746376721935542, 191930, 0, 0.0, 40, 
2019-12-08 11:26:12.393,224871896, 249.91412956386353, 3510346, 13.746376721935542, 191982, 0, 0.0, 40, 
2019-12-08 11:26:13.416,243938872, 249.91412956386353, 3511342, 13.746376721935542, 192053, 0, 0.0, 40, 
2019-12-08 11:26:14.438,264150672, 249.91412956386353, 3512351, 13.746376721935542, 192109, 0, 0.0, 40, 
2019-12-08 11:26:15.462,283739664, 249.91412956386353, 3513408, 13.746376721935542, 192157, 0, 0.0, 40, 
2019-12-08 11:26:16.488,304649856, 308.09667930055525, 3514452, 17.028843202720424, 192218, 0, 0.0, 40, 
2019-12-08 11:26:17.511,322563544, 308.09667930055525, 3515365, 17.028843202720424, 192278, 0, 0.0, 40, 
2019-12-08 11:26:18.534,344550800, 308.09667930055525, 3516453, 17.028843202720424, 192338, 0, 0.0, 40, 
2019-12-08 11:26:19.557,365189360, 308.09667930055525, 3517551, 17.028843202720424, 192385, 0, 0.0, 40, 
2019-12-08 11:26:20.581,386897632, 308.09667930055525, 3518671, 17.028843202720424, 192451, 0, 0.0, 40, 
2019-12-08 11:26:21.607,407838304, 366.3605798686353, 3519818, 20.080840388722798, 192503, 0, 0.0, 40, 
2019-12-08 11:26:22.655,147465320, 366.3605798686353, 3520893, 20.080840388722798, 192557, 0, 0.0, 40, 
2019-12-08 11:26:23.679,168505704, 366.3605798686353, 3522105, 20.080840388722798, 192628, 0, 0.0, 40, 
2019-12-08 11:26:24.707,191283312, 366.3605798686353, 3523344, 20.080840388722798, 192683, 0, 0.0, 40, 
2019-12-08 11:26:25.731,214545784, 366.3605798686353, 3524572, 20.080840388722798, 192744, 0, 0.0, 40, 
2019-12-08 11:26:26.754,237156912, 429.46467970285204, 3525862, 23.160662343428996, 192813, 0, 0.0, 40, 
2019-12-08 11:26:27.777,263822952, 429.46467970285204, 3527137, 23.160662343428996, 192858, 0, 0.0, 40, 
2019-12-08 11:26:28.8,286257624, 429.46467970285204, 3528417, 23.160662343428996, 192945, 0, 0.0, 40, 
2019-12-08 11:26:29.824,310999536, 429.46467970285204, 3529691, 23.160662343428996, 193002, 0, 0.0, 40, 
2019-12-08 11:26:30.85,335061520, 429.46467970285204, 3531049, 23.160662343428996, 193078, 0, 0.0, 40, 
2019-12-08 11:26:31.885,362720648, 496.19043974971567, 3532495, 26.585906662652203, 193179, 0, 0.0, 40, 
2019-12-08 11:26:32.911,389792440, 496.19043974971567, 3533979, 26.585906662652203, 193255, 0, 0.0, 40, 
2019-12-08 11:26:33.933,415222136, 496.19043974971567, 3535392, 26.585906662652203, 193333, 0, 0.0, 40, 
2019-12-08 11:26:34.956,160170944, 496.19043974971567, 3536799, 26.585906662652203, 193399, 0, 0.0, 40, 
2019-12-08 11:26:35.983,186314000, 569.3665558763668, 3538262, 30.584812772223504, 193469, 0, 0.0, 40, 
2019-12-08 11:26:37.018,213451192, 569.3665558763668, 3539752, 30.584812772223504, 193548, 0, 0.0, 40, 
2019-12-08 11:26:38.05,240600264, 569.3665558763668, 3541230, 30.584812772223504, 193617, 0, 0.0, 40, 
2019-12-08 11:26:39.085,260318264, 569.3665558763668, 3542261, 30.584812772223504, 193675, 0, 0.0, 40, 
2019-12-08 11:26:40.115,283614120, 569.3665558763668, 3543531, 30.584812772223504, 193748, 0, 0.0, 40, 
2019-12-08 11:26:41.147,307077456, 625.2102107437297, 3544840, 33.30451697851354, 193803, 0, 0.0, 40, 
2019-12-08 11:26:42.176,332650576, 625.2102107437297, 3546161, 33.30451697851354, 193884, 0, 0.0, 40, 
2019-12-08 11:26:43.202,358470616, 625.2102107437297, 3547614, 33.30451697851354, 193953, 0, 0.0, 40, 
2019-12-08 11:26:44.235,374473472, 625.2102107437297, 3548436, 33.30451697851354, 193997, 0, 0.0, 40, 
2019-12-08 11:26:45.277,385193472, 625.2102107437297, 3548922, 33.30451697851354, 194022, 0, 0.0, 40, 
2019-12-08 11:26:46.316,395799192, 650.2674747929077, 3549391, 34.47950292580133, 194038, 0, 0.0, 40, 
2019-12-08 11:26:47.35,406055360, 650.2674747929077, 3549876, 34.47950292580133, 194070, 0, 0.0, 40, 
2019-12-08 11:26:48.376,417334096, 650.2674747929077, 3550371, 34.47950292580133, 194089, 0, 0.0, 40, 
2019-12-08 11:26:49.404,427086600, 650.2674747929077, 3550850, 34.47950292580133, 194114, 0, 0.0, 40, 
2019-12-08 11:26:50.437,155503456, 650.2674747929077, 3551334, 34.47950292580133, 194145, 0, 0.0, 40, 
2019-12-08 11:26:51.467,164943000, 635.5022787469161, 3551794, 33.78552818864238, 194176, 0, 0.0, 40, 
2019-12-08 11:26:52.498,176665680, 635.5022787469161, 3552299, 33.78552818864238, 194194, 0, 0.0, 40, 
2019-12-08 11:26:53.524,187226056, 635.5022787469161, 3552811, 33.78552818864238, 194231, 0, 0.0, 40, 
2019-12-08 11:26:54.551,199013624, 635.5022787469161, 3553301, 33.78552818864238, 194248, 0, 0.0, 40, 
2019-12-08 11:26:55.584,208686368, 635.5022787469161, 3553780, 33.78552818864238, 194275, 0, 0.0, 40, 
2019-12-08 11:26:56.616,218573088, 622.5412961597858, 3554236, 33.1310494907513, 194303, 0, 0.0, 40, 
2019-12-08 11:26:57.65,229464696, 622.5412961597858, 3554739, 33.1310494907513, 194322, 0, 0.0, 40, 
2019-12-08 11:26:58.68,238962760, 622.5412961597858, 3555180, 33.1310494907513, 194350, 0, 0.0, 40, 
2019-12-08 11:26:59.71,250643200, 622.5412961597858, 3555644, 33.1310494907513, 194381, 0, 0.0, 40, 
2019-12-08 11:27:00.745,259744800, 622.5412961597858, 3556107, 33.1310494907513, 194408, 0, 0.0, 40, 
2019-12-08 11:27:01.776,271214256, 608.9695314637528, 3556609, 32.56088225441101, 194428, 0, 0.0, 40, 
2019-12-08 11:27:02.803,281839888, 608.9695314637528, 3557109, 32.56088225441101, 194459, 0, 0.0, 40, 
2019-12-08 11:27:03.832,293336072, 608.9695314637528, 3557595, 32.56088225441101, 194483, 0, 0.0, 40, 
2019-12-08 11:27:04.875,302099280, 608.9695314637528, 3558059, 32.56088225441101, 194505, 0, 0.0, 40, 
2019-12-08 11:27:05.904,313573072, 608.9695314637528, 3558546, 32.56088225441101, 194524, 0, 0.0, 40, 
2019-12-08 11:27:06.932,323955896, 598.0500346317694, 3559051, 31.70048961465466, 194551, 0, 0.0, 40, 
2019-12-08 11:27:07.962,333492464, 598.0500346317694, 3559506, 31.70048961465466, 194576, 0, 0.0, 40, 
2019-12-08 11:27:08.99,344965016, 598.0500346317694, 3559993, 31.70048961465466, 194601, 0, 0.0, 40, 
2019-12-08 11:27:10.02,354434536, 598.0500346317694, 3560458, 31.70048961465466, 194624, 0, 0.0, 40, 
2019-12-08 11:27:11.054,365091920, 587.5718523999388, 3560962, 31.164748045244806, 194651, 0, 0.0, 40, 
2019-12-08 11:27:12.101,376751696, 587.5718523999388, 3561449, 31.164748045244806, 194678, 0, 0.0, 40, 
2019-12-08 11:27:13.135,386670696, 587.5718523999388, 3561907, 31.164748045244806, 194699, 0, 0.0, 40, 
2019-12-08 11:27:14.165,397009096, 587.5718523999388, 3562387, 31.164748045244806, 194730, 0, 0.0, 40, 
2019-12-08 11:27:15.191,407105928, 587.5718523999388, 3562847, 31.164748045244806, 194761, 0, 0.0, 40, 
2019-12-08 11:27:16.222,418656768, 576.9240189864045, 3563316, 30.7517975919952, 194786, 0, 0.0, 40, 
2019-12-08 11:27:17.245,429045952, 576.9240189864045, 3563826, 30.7517975919952, 194806, 0, 0.0, 40, 
2019-12-08 11:27:18.281,153286592, 576.9240189864045, 3564301, 30.7517975919952, 194832, 0, 0.0, 40, 
2019-12-08 11:27:19.314,163130208, 576.9240189864045, 3564773, 30.7517975919952, 194858, 0, 0.0, 40, 
2019-12-08 11:27:20.355,174933600, 576.9240189864045, 3565268, 30.7517975919952, 194883, 0, 0.0, 40, 
2019-12-08 11:27:21.382,186482616, 568.7906155020886, 3565759, 30.13199807785222, 194909, 0, 0.0, 40, 
2019-12-08 11:27:22.419,197422640, 568.7906155020886, 3566245, 30.13199807785222, 194938, 0, 0.0, 40, 
2019-12-08 11:27:23.447,207968896, 568.7906155020886, 3566690, 30.13199807785222, 194967, 0, 0.0, 40, 
2019-12-08 11:27:24.475,217713952, 568.7906155020886, 3567177, 30.13199807785222, 194988, 0, 0.0, 40, 
2019-12-08 11:27:25.5,227526880, 568.7906155020886, 3567649, 30.13199807785222, 195001, 0, 0.0, 40, 
2019-12-08 11:27:26.527,238708184, 560.2521093275243, 3568112, 29.57774611374914, 195023, 0, 0.0, 40, 
2019-12-08 11:27:27.554,248382080, 560.2521093275243, 3568615, 29.57774611374914, 195050, 0, 0.0, 40, 
2019-12-08 11:27:28.597,259383360, 560.2521093275243, 3569109, 29.57774611374914, 195077, 0, 0.0, 40, 
2019-12-08 11:27:29.624,268879968, 560.2521093275243, 3569547, 29.57774611374914, 195094, 0, 0.0, 40, 
2019-12-08 11:27:30.651,280799640, 560.2521093275243, 3570036, 29.57774611374914, 195121, 0, 0.0, 40, 
2019-12-08 11:27:31.681,291301696, 552.2204021245229, 3570521, 29.09979192402704, 195143, 0, 0.0, 40, 
2019-12-08 11:27:32.707,301348192, 552.2204021245229, 3570984, 29.09979192402704, 195170, 0, 0.0, 40, 
2019-12-08 11:27:33.734,311567256, 552.2204021245229, 3571468, 29.09979192402704, 195204, 0, 0.0, 40, 
2019-12-08 11:27:34.762,321558784, 552.2204021245229, 3571920, 29.09979192402704, 195236, 0, 0.0, 40, 
2019-12-08 11:27:35.787,331408808, 552.2204021245229, 3572409, 29.09979192402704, 195268, 0, 0.0, 40, 
2019-12-08 11:27:36.815,341599024, 545.2946171676133, 3572876, 29.09181300232619, 195297, 0, 0.0, 40, 
2019-12-08 11:27:37.843,354245720, 545.2946171676133, 3573359, 29.09181300232619, 195324, 0, 0.0, 40, 
2019-12-08 11:27:38.871,363900448, 545.2946171676133, 3573846, 29.09181300232619, 195355, 0, 0.0, 40, 
2019-12-08 11:27:39.9,374026792, 545.2946171676133, 3574305, 29.09181300232619, 195378, 0, 0.0, 40, 
2019-12-08 11:27:40.927,384007400, 545.2946171676133, 3574813, 29.09181300232619, 195404, 0, 0.0, 40, 
2019-12-08 11:27:41.954,395249952, 539.0025429864555, 3575276, 28.844605283868532, 195427, 0, 0.0, 40, 
2019-12-08 11:27:42.992,407312448, 539.0025429864555, 3575760, 28.844605283868532, 195456, 0, 0.0, 40, 
2019-12-08 11:27:44.022,417736040, 539.0025429864555, 3576280, 28.844605283868532, 195480, 0, 0.0, 40, 
2019-12-08 11:27:45.063,428124544, 539.0025429864555, 3576782, 28.844605283868532, 195505, 0, 0.0, 40, 
2019-12-08 11:27:46.093,154217704, 533.7572532601685, 3577253, 28.48923426665522, 195530, 0, 0.0, 40, 
2019-12-08 11:27:47.121,165308648, 533.7572532601685, 3577718, 28.48923426665522, 195546, 0, 0.0, 40, 
2019-12-08 11:27:48.151,175919264, 533.7572532601685, 3578224, 28.48923426665522, 195572, 0, 0.0, 40, 
2019-12-08 11:27:49.183,186723200, 533.7572532601685, 3578715, 28.48923426665522, 195600, 0, 0.0, 40, 
2019-12-08 11:27:50.211,197015768, 533.7572532601685, 3579187, 28.48923426665522, 195628, 0, 0.0, 40, 
2019-12-08 11:27:51.243,207784744, 528.643513637051, 3579662, 28.210250498369376, 195660, 0, 0.0, 40, 
2019-12-08 11:27:52.271,218615736, 528.643513637051, 3580164, 28.210250498369376, 195691, 0, 0.0, 40, 
2019-12-08 11:27:53.302,229074480, 528.643513637051, 3580641, 28.210250498369376, 195717, 0, 0.0, 40, 
2019-12-08 11:27:54.332,239954176, 528.643513637051, 3581123, 28.210250498369376, 195745, 0, 0.0, 40, 
2019-12-08 11:27:55.362,250509136, 528.643513637051, 3581630, 28.210250498369376, 195777, 0, 0.0, 40, 
2019-12-08 11:27:56.388,260790112, 524.0505838784521, 3582101, 28.14546644547537, 195799, 0, 0.0, 40, 
2019-12-08 11:27:57.42,271469288, 524.0505838784521, 3582570, 28.14546644547537, 195824, 0, 0.0, 40, 
2019-12-08 11:27:58.448,282052280, 524.0505838784521, 3583036, 28.14546644547537, 195848, 0, 0.0, 40, 
2019-12-08 11:27:59.475,292130776, 524.0505838784521, 3583511, 28.14546644547537, 195862, 0, 0.0, 40, 
2019-12-08 11:28:00.509,302642144, 524.0505838784521, 3583963, 28.14546644547537, 195883, 0, 0.0, 40, 
2019-12-08 11:28:01.544,312874000, 518.353701736448, 3584446, 27.574146493080857, 195900, 0, 0.0, 40, 
2019-12-08 11:28:02.573,324078736, 518.353701736448, 3584946, 27.574146493080857, 195925, 0, 0.0, 40, 
2019-12-08 11:28:03.601,336135328, 518.353701736448, 3585401, 27.574146493080857, 195961, 0, 0.0, 40, 
2019-12-08 11:28:04.629,345486056, 518.353701736448, 3585840, 27.574146493080857, 195986, 0, 0.0, 40, 
2019-12-08 11:28:05.659,354202328, 518.353701736448, 3586297, 27.574146493080857, 196011, 0, 0.0, 40, 
2019-12-08 11:28:06.706,364484848, 513.3361927799334, 3586765, 27.400311337544974, 196039, 0, 0.0, 40, 
2019-12-08 11:28:07.734,375570752, 513.3361927799334, 3587213, 27.400311337544974, 196060, 0, 0.0, 40, 
2019-12-08 11:28:08.76,384974152, 513.3361927799334, 3587697, 27.400311337544974, 196089, 0, 0.0, 40, 
2019-12-08 11:28:09.787,395478672, 513.3361927799334, 3588176, 27.400311337544974, 196121, 0, 0.0, 40, 
2019-12-08 11:28:10.812,406492264, 513.3361927799334, 3588685, 27.400311337544974, 196140, 0, 0.0, 40, 
2019-12-08 11:28:11.854,417691656, 509.15162185014134, 3589153, 27.17641080533142, 196167, 0, 0.0, 40, 
2019-12-08 11:28:12.881,427952184, 509.15162185014134, 3589628, 27.17641080533142, 196193, 0, 0.0, 40, 
2019-12-08 11:28:13.909,153590992, 509.15162185014134, 3590117, 27.17641080533142, 196220, 0, 0.0, 40, 
2019-12-08 11:28:14.941,165446176, 509.15162185014134, 3590584, 27.17641080533142, 196246, 0, 0.0, 40, 
2019-12-08 11:28:15.989,176411832, 505.7333908995675, 3591087, 27.018385722458216, 196271, 0, 0.0, 40, 
2019-12-08 11:28:17.025,186468224, 505.7333908995675, 3591590, 27.018385722458216, 196298, 0, 0.0, 40, 
2019-12-08 11:28:18.055,197338072, 505.7333908995675, 3592040, 27.018385722458216, 196316, 0, 0.0, 40, 
2019-12-08 11:28:19.081,207265656, 505.7333908995675, 3592516, 27.018385722458216, 196340, 0, 0.0, 40, 
2019-12-08 11:28:20.107,218670208, 505.7333908995675, 3592996, 27.018385722458216, 196361, 0, 0.0, 40, 
2019-12-08 11:28:21.132,227895016, 502.30062649824447, 3593487, 26.79304004221871, 196393, 0, 0.0, 40, 
2019-12-08 11:28:22.16,238241992, 502.30062649824447, 3593971, 26.79304004221871, 196417, 0, 0.0, 40, 
2019-12-08 11:28:23.186,250277752, 502.30062649824447, 3594479, 26.79304004221871, 196441, 0, 0.0, 40, 
2019-12-08 11:28:24.213,261015488, 502.30062649824447, 3594951, 26.79304004221871, 196464, 0, 0.0, 40, 
2019-12-08 11:28:25.243,271325520, 502.30062649824447, 3595403, 26.79304004221871, 196495, 0, 0.0, 40, 
2019-12-08 11:28:26.27,281323200, 500.00585110607216, 3595892, 26.633685358975917, 196519, 0, 0.0, 40, 
2019-12-08 11:28:27.294,291461384, 500.00585110607216, 3596360, 26.633685358975917, 196547, 0, 0.0, 40, 
2019-12-08 11:28:28.322,304100280, 500.00585110607216, 3596866, 26.633685358975917, 196579, 0, 0.0, 40, 
2019-12-08 11:28:29.347,314944136, 500.00585110607216, 3597371, 26.633685358975917, 196604, 0, 0.0, 40, 
2019-12-08 11:28:30.377,324845920, 500.00585110607216, 3597880, 26.633685358975917, 196632, 0, 0.0, 40, 
2019-12-08 11:28:31.407,335846984, 498.02248476026836, 3598331, 26.61500090930644, 196658, 0, 0.0, 40, 
2019-12-08 11:28:32.438,345722472, 498.02248476026836, 3598806, 26.61500090930644, 196684, 0, 0.0, 40, 
2019-12-08 11:28:33.463,355859888, 498.02248476026836, 3599278, 26.61500090930644, 196709, 0, 0.0, 40, 
2019-12-08 11:28:34.491,366403360, 498.02248476026836, 3599764, 26.61500090930644, 196740, 0, 0.0, 40, 
2019-12-08 11:28:35.52,376951288, 498.02248476026836, 3600254, 26.61500090930644, 196771, 0, 0.0, 40, 
2019-12-08 11:28:36.546,388426640, 495.25422372427374, 3600717, 26.70974820526656, 196800, 0, 0.0, 40, 
2019-12-08 11:28:37.572,396997928, 495.25422372427374, 3601146, 26.70974820526656, 196827, 0, 0.0, 40, 
2019-12-08 11:28:38.598,408264104, 495.25422372427374, 3601639, 26.70974820526656, 196862, 0, 0.0, 40, 
2019-12-08 11:28:39.627,419017504, 495.25422372427374, 3602121, 26.70974820526656, 196885, 0, 0.0, 40, 
2019-12-08 11:28:40.655,428829816, 495.25422372427374, 3602600, 26.70974820526656, 196910, 0, 0.0, 40, 
2019-12-08 11:28:41.684,157048960, 492.5473894491296, 3603109, 26.668990989122822, 196927, 0, 0.0, 40, 
2019-12-08 11:28:42.713,167687448, 492.5473894491296, 3603555, 26.668990989122822, 196939, 0, 0.0, 40, 
2019-12-08 11:28:43.739,177245496, 492.5473894491296, 3604023, 26.668990989122822, 196969, 0, 0.0, 40, 
2019-12-08 11:28:44.767,188422064, 492.5473894491296, 3604501, 26.668990989122822, 197000, 0, 0.0, 40, 
2019-12-08 11:28:45.791,200077136, 492.5473894491296, 3605000, 26.668990989122822, 197028, 0, 0.0, 40, 
2019-12-08 11:28:46.818,210589520, 490.34482180029045, 3605474, 26.35964354979363, 197054, 0, 0.0, 40, 
2019-12-08 11:28:47.845,221644656, 490.34482180029045, 3605960, 26.35964354979363, 197085, 0, 0.0, 40, 
2019-12-08 11:28:48.871,231658808, 490.34482180029045, 3606442, 26.35964354979363, 197108, 0, 0.0, 40, 
2019-12-08 11:28:49.898,242540800, 490.34482180029045, 3606911, 26.35964354979363, 197131, 0, 0.0, 40, 
2019-12-08 11:28:50.934,252646760, 490.34482180029045, 3607417, 26.35964354979363, 197155, 0, 0.0, 40, 
2019-12-08 11:28:51.961,262609696, 488.63818407861544, 3607894, 26.25093245387442, 197170, 0, 0.0, 40, 
2019-12-08 11:28:52.992,273311392, 488.63818407861544, 3608395, 26.25093245387442, 197196, 0, 0.0, 40, 
2019-12-08 11:28:54.02,284574552, 488.63818407861544, 3608865, 26.25093245387442, 197229, 0, 0.0, 40, 
2019-12-08 11:28:55.046,294932088, 488.63818407861544, 3609334, 26.25093245387442, 197258, 0, 0.0, 40, 
2019-12-08 11:28:56.075,305888176, 486.9720548725478, 3609813, 26.214877885562252, 197285, 0, 0.0, 40, 
2019-12-08 11:28:57.102,316345096, 486.9720548725478, 3610298, 26.214877885562252, 197310, 0, 0.0, 40, 
2019-12-08 11:28:58.127,326810704, 486.9720548725478, 3610767, 26.214877885562252, 197331, 0, 0.0, 40, 
2019-12-08 11:28:59.154,338300936, 486.9720548725478, 3611283, 26.214877885562252, 197362, 0, 0.0, 40, 
2019-12-08 11:29:00.18,347953792, 486.9720548725478, 3611764, 26.214877885562252, 197392, 0, 0.0, 40, 
2019-12-08 11:29:01.208,358983536, 485.72698210978893, 3612259, 26.181706081364776, 197418, 0, 0.0, 40, 
2019-12-08 11:29:02.233,369792704, 485.72698210978893, 3612755, 26.181706081364776, 197443, 0, 0.0, 40, 
2019-12-08 11:29:03.26,379218008, 485.72698210978893, 3613239, 26.181706081364776, 197462, 0, 0.0, 40, 
2019-12-08 11:29:04.285,390538960, 485.72698210978893, 3613747, 26.181706081364776, 197483, 0, 0.0, 40, 
2019-12-08 11:29:05.312,401586024, 485.72698210978893, 3614238, 26.181706081364776, 197501, 0, 0.0, 40, 
2019-12-08 11:29:06.338,411258000, 485.55691801012784, 3614730, 25.735417504262188, 197522, 0, 0.0, 40, 
2019-12-08 11:29:07.365,423552864, 485.55691801012784, 3615237, 25.735417504262188, 197550, 0, 0.0, 40, 
2019-12-08 11:29:08.39,150352296, 485.55691801012784, 3615707, 25.735417504262188, 197572, 0, 0.0, 40, 
2019-12-08 11:29:09.417,161107912, 485.55691801012784, 3616175, 25.735417504262188, 197595, 0, 0.0, 40, 
2019-12-08 11:29:10.444,172321024, 485.55691801012784, 3616656, 25.735417504262188, 197617, 0, 0.0, 40, 
2019-12-08 11:29:11.47,182199648, 484.137153236249, 3617120, 25.468732245253303, 197644, 0, 0.0, 40, 
2019-12-08 11:29:12.497,193200632, 484.137153236249, 3617603, 25.468732245253303, 197682, 0, 0.0, 40, 
2019-12-08 11:29:13.524,203897784, 484.137153236249, 3618098, 25.468732245253303, 197711, 0, 0.0, 40, 
2019-12-08 11:29:14.551,214500488, 484.137153236249, 3618568, 25.468732245253303, 197742, 0, 0.0, 40, 
2019-12-08 11:29:15.577,225099744, 484.137153236249, 3619047, 25.468732245253303, 197766, 0, 0.0, 40, 
2019-12-08 11:29:16.605,235840632, 482.7829332347319, 3619520, 25.703103474462264, 197787, 0, 0.0, 40, 
2019-12-08 11:29:17.633,245805504, 482.7829332347319, 3619975, 25.703103474462264, 197806, 0, 0.0, 40, 
2019-12-08 11:29:18.659,255480168, 482.7829332347319, 3620445, 25.703103474462264, 197831, 0, 0.0, 40, 
2019-12-08 11:29:19.693,266649088, 482.7829332347319, 3620930, 25.703103474462264, 197852, 0, 0.0, 40, 
2019-12-08 11:29:20.719,276087264, 482.7829332347319, 3621384, 25.703103474462264, 197886, 0, 0.0, 40, 
2019-12-08 11:29:21.745,285367144, 480.62549701293096, 3621827, 25.59891307336307, 197914, 0, 0.0, 40, 
2019-12-08 11:29:22.771,296638280, 480.62549701293096, 3622321, 25.59891307336307, 197938, 0, 0.0, 40, 
2019-12-08 11:29:23.809,306043416, 480.62549701293096, 3622778, 25.59891307336307, 197960, 0, 0.0, 40, 
2019-12-08 11:29:24.846,315626352, 480.62549701293096, 3623231, 25.59891307336307, 197996, 0, 0.0, 40, 
2019-12-08 11:29:25.872,326894064, 480.62549701293096, 3623728, 25.59891307336307, 198019, 0, 0.0, 40, 
2019-12-08 11:29:26.897,337532720, 478.6405598671441, 3624195, 25.583008862144446, 198042, 0, 0.0, 40, 
2019-12-08 11:29:27.93,347647080, 478.6405598671441, 3624681, 25.583008862144446, 198066, 0, 0.0, 40, 
2019-12-08 11:29:28.954,357674576, 478.6405598671441, 3625152, 25.583008862144446, 198099, 0, 0.0, 40, 
2019-12-08 11:29:29.981,368396440, 478.6405598671441, 3625589, 25.583008862144446, 198126, 0, 0.0, 40, 
2019-12-08 11:29:31.009,378539680, 476.5584716595864, 3626071, 25.472429578998852, 198140, 0, 0.0, 40, 
2019-12-08 11:29:32.04,388230840, 476.5584716595864, 3626534, 25.472429578998852, 198170, 0, 0.0, 40, 
2019-12-08 11:29:33.066,399366672, 476.5584716595864, 3627011, 25.472429578998852, 198189, 0, 0.0, 40, 
2019-12-08 11:29:34.092,408799512, 476.5584716595864, 3627478, 25.472429578998852, 198211, 0, 0.0, 40, 
2019-12-08 11:29:35.118,418874640, 476.5584716595864, 3627952, 25.472429578998852, 198233, 0, 0.0, 40, 
2019-12-08 11:29:36.144,429621176, 475.4104316530159, 3628426, 25.25875390764809, 198255, 0, 0.0, 40, 
2019-12-08 11:29:37.183,156011496, 475.4104316530159, 3628897, 25.25875390764809, 198276, 0, 0.0, 40, 
2019-12-08 11:29:38.209,167155896, 475.4104316530159, 3629389, 25.25875390764809, 198299, 0, 0.0, 40, 
2019-12-08 11:29:39.235,177674104, 475.4104316530159, 3629871, 25.25875390764809, 198318, 0, 0.0, 40, 
2019-12-08 11:29:40.261,189073600, 475.4104316530159, 3630379, 25.25875390764809, 198339, 0, 0.0, 40, 
2019-12-08 11:29:41.291,199431480, 474.8339173694237, 3630838, 24.83828716064175, 198359, 0, 0.0, 40, 
2019-12-08 11:29:42.318,208605776, 474.8339173694237, 3631297, 24.83828716064175, 198383, 0, 0.0, 40, 
2019-12-08 11:29:43.344,218825176, 474.8339173694237, 3631776, 24.83828716064175, 198408, 0, 0.0, 40, 
2019-12-08 11:29:44.37,229928456, 474.8339173694237, 3632289, 24.83828716064175, 198430, 0, 0.0, 40, 
2019-12-08 11:29:45.396,241001480, 474.8339173694237, 3632766, 24.83828716064175, 198459, 0, 0.0, 40, 
2019-12-08 11:29:46.422,251421680, 474.15957856918357, 3633249, 24.915181473671137, 198491, 0, 0.0, 40, 
2019-12-08 11:29:47.449,262470792, 474.15957856918357, 3633736, 24.915181473671137, 198513, 0, 0.0, 40, 
2019-12-08 11:29:48.475,272890048, 474.15957856918357, 3634185, 24.915181473671137, 198540, 0, 0.0, 40, 
2019-12-08 11:29:49.5,281907376, 474.15957856918357, 3634645, 24.915181473671137, 198564, 0, 0.0, 40, 
2019-12-08 11:29:50.53,294196560, 474.15957856918357, 3635118, 24.915181473671137, 198594, 0, 0.0, 40, 
2019-12-08 11:29:51.556,304839896, 473.07541452730476, 3635594, 24.82601648614923, 198611, 0, 0.0, 40, 
2019-12-08 11:29:52.585,315190392, 473.07541452730476, 3636047, 24.82601648614923, 198639, 0, 0.0, 40, 
2019-12-08 11:29:53.613,325485896, 473.07541452730476, 3636520, 24.82601648614923, 198673, 0, 0.0, 40, 
2019-12-08 11:29:54.643,335755560, 473.07541452730476, 3637032, 24.82601648614923, 198697, 0, 0.0, 40, 
2019-12-08 11:29:55.673,346907272, 473.07541452730476, 3637521, 24.82601648614923, 198720, 0, 0.0, 40, 
2019-12-08 11:29:56.733,358017576, 472.42974003166324, 3638003, 24.77596297154747, 198749, 0, 0.0, 40, 
2019-12-08 11:29:57.761,368602816, 472.42974003166324, 3638502, 24.77596297154747, 198776, 0, 0.0, 40, 
2019-12-08 11:29:58.792,377855912, 472.42974003166324, 3638956, 24.77596297154747, 198790, 0, 0.0, 40, 
2019-12-08 11:29:59.819,388361400, 472.42974003166324, 3639439, 24.77596297154747, 198813, 0, 0.0, 40, 
2019-12-08 11:30:00.846,398778184, 472.42974003166324, 3639925, 24.77596297154747, 198837, 0, 0.0, 40, 
2019-12-08 11:30:01.872,410020920, 471.83569081827966, 3640385, 24.713920397931425, 198867, 0, 0.0, 40, 
2019-12-08 11:30:02.908,420025104, 471.83569081827966, 3640864, 24.713920397931425, 198900, 0, 0.0, 40, 
2019-12-08 11:30:03.935,430027720, 471.83569081827966, 3641344, 24.713920397931425, 198924, 0, 0.0, 40, 
2019-12-08 11:30:04.979,155957560, 471.83569081827966, 3641810, 24.713920397931425, 198952, 0, 0.0, 40, 
2019-12-08 11:30:06.005,166548280, 470.95332569893435, 3642302, 24.848731879496377, 198976, 0, 0.0, 40, 
2019-12-08 11:30:07.039,177578600, 470.95332569893435, 3642798, 24.848731879496377, 198990, 0, 0.0, 40, 
2019-12-08 11:30:08.07,188105672, 470.95332569893435, 3643249, 24.848731879496377, 199017, 0, 0.0, 40, 
2019-12-08 11:30:09.095,197457816, 470.95332569893435, 3643721, 24.848731879496377, 199043, 0, 0.0, 40, 
2019-12-08 11:30:10.121,207253328, 470.95332569893435, 3644189, 24.848731879496377, 199068, 0, 0.0, 40, 
2019-12-08 11:30:11.146,217564960, 470.1095283650686, 3644655, 24.684924322803678, 199092, 0, 0.0, 40, 
2019-12-08 11:30:12.187,227726696, 470.1095283650686, 3645115, 24.684924322803678, 199112, 0, 0.0, 40, 
2019-12-08 11:30:13.213,237823824, 470.1095283650686, 3645590, 24.684924322803678, 199133, 0, 0.0, 40, 
2019-12-08 11:30:14.242,249223416, 470.1095283650686, 3646049, 24.684924322803678, 199158, 0, 0.0, 40, 
2019-12-08 11:30:15.274,258954920, 470.1095283650686, 3646524, 24.684924322803678, 199179, 0, 0.0, 40, 
2019-12-08 11:30:16.307,269634384, 468.8694549458164, 3647000, 24.406285158601403, 199202, 0, 0.0, 40, 
2019-12-08 11:30:17.333,279343568, 468.8694549458164, 3647479, 24.406285158601403, 199232, 0, 0.0, 40, 
2019-12-08 11:30:18.36,291115480, 468.8694549458164, 3647959, 24.406285158601403, 199256, 0, 0.0, 40, 
2019-12-08 11:30:19.386,301327512, 468.8694549458164, 3648455, 24.406285158601403, 199280, 0, 0.0, 40, 
2019-12-08 11:30:20.415,312943344, 468.8694549458164, 3648958, 24.406285158601403, 199312, 0, 0.0, 40, 
2019-12-08 11:30:21.451,322555200, 468.84791051789267, 3649415, 24.533711561659363, 199335, 0, 0.0, 40, 
2019-12-08 11:30:22.475,332747008, 468.84791051789267, 3649902, 24.533711561659363, 199354, 0, 0.0, 40, 
2019-12-08 11:30:23.502,342462824, 468.84791051789267, 3650376, 24.533711561659363, 199382, 0, 0.0, 40, 
2019-12-08 11:30:24.528,352882232, 468.84791051789267, 3650834, 24.533711561659363, 199405, 0, 0.0, 40, 
2019-12-08 11:30:25.556,364633344, 468.84791051789267, 3651361, 24.533711561659363, 199426, 0, 0.0, 40, 
2019-12-08 11:30:26.582,374933744, 469.067955443427, 3651836, 24.331127170586434, 199446, 0, 0.0, 40, 
2019-12-08 11:30:27.621,386394552, 469.067955443427, 3652349, 24.331127170586434, 199480, 0, 0.0, 40, 
2019-12-08 11:30:28.65,397845704, 469.067955443427, 3652816, 24.331127170586434, 199513, 0, 0.0, 40, 
2019-12-08 11:30:29.688,406764992, 469.067955443427, 3653323, 24.331127170586434, 199541, 0, 0.0, 40, 
2019-12-08 11:30:30.714,416991032, 469.067955443427, 3653805, 24.331127170586434, 199563, 0, 0.0, 40, 
2019-12-08 11:30:31.749,428165080, 469.3663532505773, 3654306, 24.496545108719683, 199577, 0, 0.0, 40, 
2019-12-08 11:30:32.776,153562136, 469.3663532505773, 3654799, 24.496545108719683, 199609, 0, 0.0, 40, 
2019-12-08 11:30:33.802,164672368, 469.3663532505773, 3655259, 24.496545108719683, 199629, 0, 0.0, 40, 
2019-12-08 11:30:34.827,175263704, 469.3663532505773, 3655728, 24.496545108719683, 199652, 0, 0.0, 40, 
2019-12-08 11:30:35.854,184008584, 469.3663532505773, 3656225, 24.496545108719683, 199673, 0, 0.0, 40, 
2019-12-08 11:30:36.882,194298168, 469.3850346131973, 3656694, 24.264950148999432, 199695, 0, 0.0, 40, 
2019-12-08 11:30:37.908,205861320, 469.3850346131973, 3657186, 24.264950148999432, 199721, 0, 0.0, 40, 
2019-12-08 11:30:38.936,216593232, 469.3850346131973, 3657662, 24.264950148999432, 199750, 0, 0.0, 40, 
2019-12-08 11:30:39.963,226731144, 469.3850346131973, 3658133, 24.264950148999432, 199783, 0, 0.0, 40, 
2019-12-08 11:30:40.995,236557960, 468.82654208186466, 3658602, 24.515614895002432, 199813, 0, 0.0, 40, 
2019-12-08 11:30:42.028,261211880, 468.82654208186466, 3659070, 24.515614895002432, 199841, 0, 0.0, 40, 
2019-12-08 11:30:43.053,271344648, 468.82654208186466, 3659539, 24.515614895002432, 199861, 0, 0.0, 40, 
2019-12-08 11:30:44.079,281961440, 468.82654208186466, 3660024, 24.515614895002432, 199889, 0, 0.0, 40, 
2019-12-08 11:30:45.104,294139736, 468.82654208186466, 3660511, 24.515614895002432, 199913, 0, 0.0, 40, 
2019-12-08 11:30:46.127,302191328, 468.10481962583617, 3660961, 24.506370838394943, 199939, 0, 0.0, 40, 
2019-12-08 11:30:47.154,312451224, 468.10481962583617, 3661426, 24.506370838394943, 199960, 0, 0.0, 40, 
2019-12-08 11:30:48.179,323794960, 468.10481962583617, 3661913, 24.506370838394943, 199987, 0, 0.0, 40, 
2019-12-08 11:30:49.205,334722208, 468.10481962583617, 3662410, 24.506370838394943, 200017, 0, 0.0, 40, 
2019-12-08 11:30:50.232,344014824, 468.10481962583617, 3662894, 24.506370838394943, 200040, 0, 0.0, 40, 
2019-12-08 11:30:51.258,354415800, 468.09643871129407, 3663349, 24.481874778670573, 200062, 0, 0.0, 40, 
2019-12-08 11:30:52.284,365536096, 468.09643871129407, 3663818, 24.481874778670573, 200091, 0, 0.0, 40, 
2019-12-08 11:30:53.31,376239144, 468.09643871129407, 3664291, 24.481874778670573, 200114, 0, 0.0, 40, 
2019-12-08 11:30:54.336,384427624, 468.09643871129407, 3664754, 24.481874778670573, 200134, 0, 0.0, 40, 
2019-12-08 11:30:55.362,396441776, 468.09643871129407, 3665226, 24.481874778670573, 200153, 0, 0.0, 40, 
2019-12-08 11:30:56.388,406541152, 466.6815095951563, 3665669, 24.34739949622179, 200179, 0, 0.0, 40, 
2019-12-08 11:30:57.415,416390648, 466.6815095951563, 3666152, 24.34739949622179, 200203, 0, 0.0, 40, 
2019-12-08 11:30:58.44,426522616, 466.6815095951563, 3666649, 24.34739949622179, 200229, 0, 0.0, 40, 
2019-12-08 11:30:59.467,155318648, 466.6815095951563, 3667118, 24.34739949622179, 200251, 0, 0.0, 40, 
2019-12-08 11:31:00.492,165586672, 466.6815095951563, 3667588, 24.34739949622179, 200281, 0, 0.0, 40, 
2019-12-08 11:31:01.518,176028992, 466.57904574531744, 3668039, 24.367596317366306, 200304, 0, 0.0, 40, 
2019-12-08 11:31:02.546,186192272, 466.57904574531744, 3668517, 24.367596317366306, 200327, 0, 0.0, 40, 
2019-12-08 11:31:03.576,195398560, 466.57904574531744, 3668991, 24.367596317366306, 200348, 0, 0.0, 40, 
2019-12-08 11:31:04.602,205634504, 466.57904574531744, 3669473, 24.367596317366306, 200381, 0, 0.0, 40, 
2019-12-08 11:31:05.628,215572784, 466.57904574531744, 3669960, 24.367596317366306, 200404, 0, 0.0, 40, 
2019-12-08 11:31:06.654,226628072, 466.14896099401494, 3670417, 24.354196055705316, 200434, 0, 0.0, 40, 
2019-12-08 11:31:07.682,237083440, 466.14896099401494, 3670880, 24.354196055705316, 200463, 0, 0.0, 40, 
2019-12-08 11:31:08.708,247013888, 466.14896099401494, 3671350, 24.354196055705316, 200493, 0, 0.0, 40, 
2019-12-08 11:31:09.733,259088968, 466.14896099401494, 3671848, 24.354196055705316, 200522, 0, 0.0, 40, 
2019-12-08 11:31:10.758,269216048, 466.14896099401494, 3672325, 24.354196055705316, 200539, 0, 0.0, 40, 
2019-12-08 11:31:11.784,279773488, 465.8811928573549, 3672814, 24.5017783905509, 200557, 0, 0.0, 40, 
2019-12-08 11:31:12.81,290185440, 465.8811928573549, 3673326, 24.5017783905509, 200575, 0, 0.0, 40, 
2019-12-08 11:31:13.836,301236496, 465.8811928573549, 3673825, 24.5017783905509, 200599, 0, 0.0, 40, 
2019-12-08 11:31:14.864,311298016, 465.8811928573549, 3674305, 24.5017783905509, 200631, 0, 0.0, 40, 
2019-12-08 11:31:15.888,321527152, 465.8811928573549, 3674760, 24.5017783905509, 200663, 0, 0.0, 40, 
2019-12-08 11:31:16.915,332742112, 466.5463279520309, 3675196, 24.509631756830455, 200692, 0, 0.0, 40, 
2019-12-08 11:31:17.94,343720240, 466.5463279520309, 3675650, 24.509631756830455, 200714, 0, 0.0, 40, 
2019-12-08 11:31:18.965,352960192, 466.5463279520309, 3676157, 24.509631756830455, 200739, 0, 0.0, 40, 
2019-12-08 11:31:19.998,364014664, 466.5463279520309, 3676644, 24.509631756830455, 200770, 0, 0.0, 40, 
2019-12-08 11:31:21.022,374593800, 466.40669927837706, 3677139, 24.644786139205078, 200799, 0, 0.0, 40, 
2019-12-08 11:31:22.053,385532960, 466.40669927837706, 3677596, 24.644786139205078, 200819, 0, 0.0, 40, 
2019-12-08 11:31:23.083,396940416, 466.40669927837706, 3678107, 24.644786139205078, 200838, 0, 0.0, 40, 
2019-12-08 11:31:24.115,406008648, 466.40669927837706, 3678576, 24.644786139205078, 200863, 0, 0.0, 40, 
2019-12-08 11:31:25.142,416458256, 466.40669927837706, 3679067, 24.644786139205078, 200900, 0, 0.0, 40, 
2019-12-08 11:31:26.168,428489664, 466.64603038976486, 3679567, 24.545258534783635, 200919, 0, 0.0, 40, 
2019-12-08 11:31:27.195,155257520, 466.64603038976486, 3680071, 24.545258534783635, 200950, 0, 0.0, 40, 
2019-12-08 11:31:28.221,165775320, 466.64603038976486, 3680545, 24.545258534783635, 200971, 0, 0.0, 40, 
2019-12-08 11:31:29.246,175659088, 466.64603038976486, 3681011, 24.545258534783635, 200995, 0, 0.0, 40, 
2019-12-08 11:31:30.271,186223592, 466.64603038976486, 3681551, 24.545258534783635, 201015, 0, 0.0, 40, 
2019-12-08 11:31:31.296,196538872, 468.28943506164234, 3682050, 24.50166206945665, 201046, 0, 0.0, 40, 
2019-12-08 11:31:32.335,205726608, 468.28943506164234, 3682510, 24.50166206945665, 201072, 0, 0.0, 40, 
2019-12-08 11:31:33.359,216810232, 468.28943506164234, 3683021, 24.50166206945665, 201097, 0, 0.0, 40, 
2019-12-08 11:31:34.384,228343728, 468.28943506164234, 3683480, 24.50166206945665, 201127, 0, 0.0, 40, 
2019-12-08 11:31:35.414,239114176, 468.28943506164234, 3683954, 24.50166206945665, 201154, 0, 0.0, 40, 
2019-12-08 11:31:36.44,250250432, 468.3302575801585, 3684468, 24.685427024072876, 201188, 0, 0.0, 40, 
2019-12-08 11:31:37.466,261177008, 468.3302575801585, 3684945, 24.685427024072876, 201208, 0, 0.0, 40, 
2019-12-08 11:31:38.496,272273896, 468.3302575801585, 3685449, 24.685427024072876, 201235, 0, 0.0, 40, 
2019-12-08 11:31:39.521,281982800, 468.3302575801585, 3685934, 24.685427024072876, 201260, 0, 0.0, 40, 
2019-12-08 11:31:40.546,292532968, 468.3302575801585, 3686425, 24.685427024072876, 201292, 0, 0.0, 40, 
2019-12-08 11:31:41.58,303378200, 468.7196206859413, 3686898, 24.870490061246276, 201321, 0, 0.0, 40, 
2019-12-08 11:31:42.606,314144720, 468.7196206859413, 3687404, 24.870490061246276, 201343, 0, 0.0, 40, 
2019-12-08 11:31:43.63,325545200, 468.7196206859413, 3687896, 24.870490061246276, 201362, 0, 0.0, 40, 
2019-12-08 11:31:44.655,335534504, 468.7196206859413, 3688366, 24.870490061246276, 201381, 0, 0.0, 40, 
2019-12-08 11:31:45.687,346337040, 468.7196206859413, 3688865, 24.870490061246276, 201406, 0, 0.0, 40, 
2019-12-08 11:31:46.711,358009288, 469.3976743781623, 3689382, 24.593004996876214, 201426, 0, 0.0, 40, 
2019-12-08 11:31:47.735,367403912, 469.3976743781623, 3689816, 24.593004996876214, 201453, 0, 0.0, 40, 
2019-12-08 11:31:48.763,378334488, 469.3976743781623, 3690293, 24.593004996876214, 201487, 0, 0.0, 40, 
2019-12-08 11:31:49.787,388373264, 469.3976743781623, 3690781, 24.593004996876214, 201513, 0, 0.0, 40, 
2019-12-08 11:31:50.812,399363832, 469.3976743781623, 3691276, 24.593004996876214, 201537, 0, 0.0, 40, 
2019-12-08 11:31:51.837,409964344, 469.4138514416918, 3691776, 24.70550210596459, 201568, 0, 0.0, 40, 
2019-12-08 11:31:52.862,420376520, 469.4138514416918, 3692241, 24.70550210596459, 201588, 0, 0.0, 40, 
2019-12-08 11:31:53.893,149438096, 469.4138514416918, 3692725, 24.70550210596459, 201606, 0, 0.0, 40, 
2019-12-08 11:31:54.926,157545080, 469.4138514416918, 3693223, 24.70550210596459, 201629, 0, 0.0, 40, 
2019-12-08 11:31:55.949,167225176, 469.4138514416918, 3693717, 24.70550210596459, 201654, 0, 0.0, 40, 
2019-12-08 11:31:56.973,179264880, 469.9564419220837, 3694198, 24.553146569657134, 201677, 0, 0.0, 40, 
2019-12-08 11:31:57.999,190296408, 469.9564419220837, 3694654, 24.553146569657134, 201701, 0, 0.0, 40, 
2019-12-08 11:31:59.021,201246152, 469.9564419220837, 3695125, 24.553146569657134, 201722, 0, 0.0, 40, 
2019-12-08 11:32:00.047,212218784, 469.9564419220837, 3695636, 24.553146569657134, 201748, 0, 0.0, 40, 
2019-12-08 11:32:01.079,221908216, 469.25631548243916, 3696083, 24.444954943587874, 201774, 0, 0.0, 40, 
2019-12-08 11:32:02.105,231377416, 469.25631548243916, 3696545, 24.444954943587874, 201796, 0, 0.0, 40, 
2019-12-08 11:32:03.132,243209664, 469.25631548243916, 3697024, 24.444954943587874, 201818, 0, 0.0, 40, 
2019-12-08 11:32:04.157,252607632, 469.25631548243916, 3697498, 24.444954943587874, 201838, 0, 0.0, 40, 
2019-12-08 11:32:05.182,262436360, 469.25631548243916, 3697968, 24.444954943587874, 201861, 0, 0.0, 40, 
2019-12-08 11:32:06.209,272865504, 468.9319904035926, 3698468, 24.28144937401665, 201890, 0, 0.0, 40, 
2019-12-08 11:32:07.238,284414656, 468.9319904035926, 3698924, 24.28144937401665, 201919, 0, 0.0, 40, 
2019-12-08 11:32:08.266,294864800, 468.9319904035926, 3699405, 24.28144937401665, 201940, 0, 0.0, 40, 
2019-12-08 11:32:09.293,306253880, 468.9319904035926, 3699902, 24.28144937401665, 201970, 0, 0.0, 40, 
2019-12-08 11:32:10.316,315258168, 468.9319904035926, 3700372, 24.28144937401665, 202004, 0, 0.0, 40, 
2019-12-08 11:32:11.343,326607472, 468.9054459165359, 3700900, 24.5148037977511, 202026, 0, 0.0, 40, 
2019-12-08 11:32:12.369,336858056, 468.9054459165359, 3701359, 24.5148037977511, 202048, 0, 0.0, 40, 
2019-12-08 11:32:13.407,347268264, 468.9054459165359, 3701848, 24.5148037977511, 202079, 0, 0.0, 40, 
2019-12-08 11:32:14.433,356668256, 468.9054459165359, 3702280, 24.5148037977511, 202103, 0, 0.0, 40, 
2019-12-08 11:32:15.46,366552840, 468.9054459165359, 3702726, 24.5148037977511, 202124, 0, 0.0, 40, 
2019-12-08 11:32:16.486,377894392, 467.7616456142907, 3703202, 24.361704539231916, 202142, 0, 0.0, 40, 
2019-12-08 11:32:17.515,388006760, 467.7616456142907, 3703666, 24.361704539231916, 202159, 0, 0.0, 40, 
2019-12-08 11:32:18.541,397841488, 467.7616456142907, 3704095, 24.361704539231916, 202185, 0, 0.0, 40, 
2019-12-08 11:32:19.569,407005632, 467.7616456142907, 3704577, 24.361704539231916, 202219, 0, 0.0, 40, 
2019-12-08 11:32:20.595,417507688, 467.7616456142907, 3705049, 24.361704539231916, 202240, 0, 0.0, 40, 
2019-12-08 11:32:21.62,428029832, 466.06965385179325, 3705473, 24.22084642154745, 202260, 0, 0.0, 40, 
2019-12-08 11:32:22.646,155087472, 466.06965385179325, 3705937, 24.22084642154745, 202290, 0, 0.0, 40, 
2019-12-08 11:32:23.673,165818176, 466.06965385179325, 3706403, 24.22084642154745, 202307, 0, 0.0, 40, 
2019-12-08 11:32:24.703,175757936, 466.06965385179325, 3706870, 24.22084642154745, 202334, 0, 0.0, 40, 
2019-12-08 11:32:25.727,185735608, 466.06965385179325, 3707378, 24.22084642154745, 202354, 0, 0.0, 40, 
2019-12-08 11:32:26.754,196251856, 465.53637777385336, 3707881, 24.07525958004252, 202375, 0, 0.0, 40, 
2019-12-08 11:32:27.78,207282504, 465.53637777385336, 3708376, 24.07525958004252, 202401, 0, 0.0, 40, 
2019-12-08 11:32:28.807,217917704, 465.53637777385336, 3708858, 24.07525958004252, 202426, 0, 0.0, 40, 
2019-12-08 11:32:29.834,228814960, 465.53637777385336, 3709327, 24.07525958004252, 202447, 0, 0.0, 40, 
2019-12-08 11:32:30.861,239504040, 465.53637777385336, 3709793, 24.07525958004252, 202468, 0, 0.0, 40, 
2019-12-08 11:32:31.887,249401592, 465.5414647261875, 3710282, 23.95730433674652, 202494, 0, 0.0, 40, 
2019-12-08 11:32:32.914,260646528, 465.5414647261875, 3710754, 23.95730433674652, 202512, 0, 0.0, 40, 
2019-12-08 11:32:33.94,270601448, 465.5414647261875, 3711222, 23.95730433674652, 202529, 0, 0.0, 40, 
2019-12-08 11:32:34.974,281058808, 465.5414647261875, 3711710, 23.95730433674652, 202561, 0, 0.0, 40, 
2019-12-08 11:32:36.0,290911688, 465.8499761726786, 3712201, 23.992700327643014, 202593, 0, 0.0, 40, 
2019-12-08 11:32:37.027,301665872, 465.8499761726786, 3712679, 23.992700327643014, 202622, 0, 0.0, 40, 
2019-12-08 11:32:38.056,313076888, 465.8499761726786, 3713186, 23.992700327643014, 202650, 0, 0.0, 40, 
2019-12-08 11:32:39.1,324696872, 465.8499761726786, 3713662, 23.992700327643014, 202675, 0, 0.0, 40, 
2019-12-08 11:32:40.125,335077776, 465.8499761726786, 3714175, 23.992700327643014, 202708, 0, 0.0, 40, 
2019-12-08 11:32:41.15,345020176, 466.7734650888374, 3714644, 24.2971152016279, 202739, 0, 0.0, 40, 
2019-12-08 11:32:42.175,356501728, 466.7734650888374, 3715144, 24.2971152016279, 202766, 0, 0.0, 40, 
2019-12-08 11:32:43.201,368087216, 466.7734650888374, 3715641, 24.2971152016279, 202795, 0, 0.0, 40, 
2019-12-08 11:32:44.226,378932792, 466.7734650888374, 3716126, 24.2971152016279, 202819, 0, 0.0, 40, 
2019-12-08 11:32:45.25,389200520, 466.7734650888374, 3716629, 24.2971152016279, 202844, 0, 0.0, 40, 
2019-12-08 11:32:46.276,400459496, 467.99091160082645, 3717108, 24.417279235426435, 202869, 0, 0.0, 40, 
2019-12-08 11:32:47.302,410262760, 467.99091160082645, 3717593, 24.417279235426435, 202888, 0, 0.0, 40, 
2019-12-08 11:32:48.328,420276552, 467.99091160082645, 3718085, 24.417279235426435, 202916, 0, 0.0, 40, 
2019-12-08 11:32:49.355,149818432, 467.99091160082645, 3718561, 24.417279235426435, 202939, 0, 0.0, 40, 
2019-12-08 11:32:50.382,159479592, 467.99091160082645, 3719035, 24.417279235426435, 202953, 0, 0.0, 40, 
2019-12-08 11:32:51.405,168321728, 467.9116826837317, 3719509, 24.12805755670872, 202979, 0, 0.0, 40, 
2019-12-08 11:32:52.438,178750424, 467.9116826837317, 3719956, 24.12805755670872, 203001, 0, 0.0, 40, 
2019-12-08 11:32:53.465,189533936, 467.9116826837317, 3720425, 24.12805755670872, 203025, 0, 0.0, 40, 
2019-12-08 11:32:54.49,201059592, 467.9116826837317, 3720946, 24.12805755670872, 203051, 0, 0.0, 40, 
2019-12-08 11:32:55.516,211213704, 467.9116826837317, 3721413, 24.12805755670872, 203071, 0, 0.0, 40, 
2019-12-08 11:32:56.541,222179272, 467.37504616593174, 3721897, 24.005880820281988, 203096, 0, 0.0, 40, 
2019-12-08 11:32:57.567,231835992, 467.37504616593174, 3722355, 24.005880820281988, 203120, 0, 0.0, 40, 
2019-12-08 11:32:58.591,239868368, 467.37504616593174, 3722803, 24.005880820281988, 203141, 0, 0.0, 40, 
2019-12-08 11:32:59.617,251857536, 467.37504616593174, 3723306, 24.005880820281988, 203161, 0, 0.0, 40, 
2019-12-08 11:33:00.64,262633512, 467.37504616593174, 3723793, 24.005880820281988, 203181, 0, 0.0, 40, 
2019-12-08 11:33:01.666,273412936, 467.08920125700746, 3724246, 23.813517210964257, 203208, 0, 0.0, 40, 
2019-12-08 11:33:02.692,284003480, 467.08920125700746, 3724738, 23.813517210964257, 203228, 0, 0.0, 40, 
2019-12-08 11:33:03.717,295274920, 467.08920125700746, 3725228, 23.813517210964257, 203251, 0, 0.0, 40, 
2019-12-08 11:33:04.743,305140952, 467.08920125700746, 3725692, 23.813517210964257, 203277, 0, 0.0, 40, 
2019-12-08 11:33:05.768,314298144, 467.08920125700746, 3726189, 23.813517210964257, 203307, 0, 0.0, 40, 
2019-12-08 11:33:06.797,326150968, 467.5138292792893, 3726702, 23.972347605190386, 203338, 0, 0.0, 40, 
2019-12-08 11:33:07.822,337212560, 467.5138292792893, 3727152, 23.972347605190386, 203358, 0, 0.0, 40, 
2019-12-08 11:33:08.849,347586952, 467.5138292792893, 3727641, 23.972347605190386, 203379, 0, 0.0, 40, 
2019-12-08 11:33:09.873,357220712, 467.5138292792893, 3728137, 23.972347605190386, 203411, 0, 0.0, 40, 
2019-12-08 11:33:10.905,367768832, 467.5138292792893, 3728608, 23.972347605190386, 203431, 0, 0.0, 40, 
2019-12-08 11:33:11.935,379070848, 467.5527013438538, 3729067, 23.94257633445602, 203459, 0, 0.0, 40, 
2019-12-08 11:33:12.964,389489008, 467.5527013438538, 3729559, 23.94257633445602, 203484, 0, 0.0, 40, 
2019-12-08 11:33:13.995,401093176, 467.5527013438538, 3730053, 23.94257633445602, 203516, 0, 0.0, 40, 
2019-12-08 11:33:15.019,409091752, 467.5527013438538, 3730520, 23.94257633445602, 203540, 0, 0.0, 40, 
2019-12-08 11:33:16.046,418995568, 467.2686430282588, 3730993, 24.123069965064207, 203563, 0, 0.0, 40, 
2019-12-08 11:33:17.072,148851912, 467.2686430282588, 3731502, 24.123069965064207, 203581, 0, 0.0, 40, 
2019-12-08 11:33:18.101,155677720, 467.2686430282588, 3731975, 24.123069965064207, 203607, 0, 0.0, 40, 
2019-12-08 11:33:19.126,166691216, 467.2686430282588, 3732441, 24.123069965064207, 203631, 0, 0.0, 40, 
2019-12-08 11:33:20.151,177954992, 467.2686430282588, 3732924, 24.123069965064207, 203654, 0, 0.0, 40, 
2019-12-08 11:33:21.176,189414264, 467.8228437323475, 3733428, 23.921336429076327, 203677, 0, 0.0, 40, 
2019-12-08 11:33:22.2,199970064, 467.8228437323475, 3733907, 23.921336429076327, 203701, 0, 0.0, 40, 
2019-12-08 11:33:23.224,210662656, 467.8228437323475, 3734359, 23.921336429076327, 203721, 0, 0.0, 40, 
2019-12-08 11:33:24.249,219323296, 467.8228437323475, 3734844, 23.921336429076327, 203750, 0, 0.0, 40, 
2019-12-08 11:33:25.274,231428936, 467.8228437323475, 3735346, 23.921336429076327, 203776, 0, 0.0, 40, 
2019-12-08 11:33:26.3,242399272, 467.5811504922436, 3735798, 23.927626020936874, 203801, 0, 0.0, 40, 
2019-12-08 11:33:27.33,253820120, 467.5811504922436, 3736304, 23.927626020936874, 203823, 0, 0.0, 40, 
2019-12-08 11:33:28.356,263880952, 467.5811504922436, 3736813, 23.927626020936874, 203840, 0, 0.0, 40, 
2019-12-08 11:33:29.38,274019576, 467.5811504922436, 3737282, 23.927626020936874, 203859, 0, 0.0, 40, 
2019-12-08 11:33:30.405,283308448, 467.5811504922436, 3737754, 23.927626020936874, 203879, 0, 0.0, 40, 
2019-12-08 11:33:31.432,293882496, 467.678604318115, 3738206, 23.66156373453817, 203910, 0, 0.0, 40, 
2019-12-08 11:33:32.457,304992424, 467.678604318115, 3738678, 23.66156373453817, 203941, 0, 0.0, 40, 
2019-12-08 11:33:33.506,315119616, 467.678604318115, 3739156, 23.66156373453817, 203963, 0, 0.0, 40, 
2019-12-08 11:33:34.532,326080352, 467.678604318115, 3739649, 23.66156373453817, 203989, 0, 0.0, 40, 
2019-12-08 11:33:35.56,335527896, 467.678604318115, 3740085, 23.66156373453817, 204015, 0, 0.0, 40, 
2019-12-08 11:33:36.585,345712584, 466.5049679174356, 3740537, 23.84853477499519, 204042, 0, 0.0, 40, 
2019-12-08 11:33:37.612,356651616, 466.5049679174356, 3741021, 23.84853477499519, 204064, 0, 0.0, 40, 
2019-12-08 11:33:38.637,366837488, 466.5049679174356, 3741500, 23.84853477499519, 204084, 0, 0.0, 40, 
2019-12-08 11:33:39.663,376523336, 466.5049679174356, 3741991, 23.84853477499519, 204114, 0, 0.0, 40, 
2019-12-08 11:33:40.687,387622584, 466.5049679174356, 3742453, 23.84853477499519, 204136, 0, 0.0, 40, 
2019-12-08 11:33:41.712,397231320, 466.160761687595, 3742931, 23.780689680353074, 204150, 0, 0.0, 40, 
2019-12-08 11:33:42.736,409080312, 466.160761687595, 3743404, 23.780689680353074, 204176, 0, 0.0, 40, 
2019-12-08 11:33:43.76,418626776, 466.160761687595, 3743886, 23.780689680353074, 204208, 0, 0.0, 40, 
2019-12-08 11:33:44.794,428046288, 466.160761687595, 3744349, 23.780689680353074, 204232, 0, 0.0, 40, 
2019-12-08 11:33:45.821,155268232, 466.160761687595, 3744816, 23.780689680353074, 204260, 0, 0.0, 40, 
2019-12-08 11:33:46.854,166810664, 465.97200560494275, 3745316, 23.83020699948655, 204279, 0, 0.0, 40, 
2019-12-08 11:33:47.877,177155688, 465.97200560494275, 3745774, 23.83020699948655, 204296, 0, 0.0, 40, 
2019-12-08 11:33:48.903,187401048, 465.97200560494275, 3746261, 23.83020699948655, 204334, 0, 0.0, 40, 
2019-12-08 11:33:49.928,197518176, 465.97200560494275, 3746708, 23.83020699948655, 204364, 0, 0.0, 40, 
2019-12-08 11:33:50.955,208089896, 464.950812420442, 3747152, 24.035676303124067, 204393, 0, 0.0, 40, 
2019-12-08 11:33:51.982,215199880, 464.950812420442, 3747509, 24.035676303124067, 204414, 0, 0.0, 40, 
2019-12-08 11:33:53.011,216098096, 464.950812420442, 3747509, 24.035676303124067, 204414, 0, 0.0, 40, 
2019-12-08 11:33:54.039,216932216, 464.950812420442, 3747509, 24.035676303124067, 204414, 0, 0.0, 40, 
