Timestamp, MemoryUsed, ReadLatency1, ReadCount, WriteLatency1, WriteCount, PendingTasks, WaitingOnCommit1, SRDelay, 
2019-12-08 11:25:32.94,367062872, 17.944382325591548, 3607690, 3.8232234850299616, 197085, 0, 0.0, 40, 
2019-12-08 11:25:34.017,368685672, 17.944382325591548, 3607690, 3.8232234850299616, 197085, 0, 0.0, 40, 
2019-12-08 11:25:35.071,370189024, 17.944382325591548, 3607690, 3.8232234850299616, 197085, 0, 0.0, 40, 
2019-12-08 11:25:36.139,371631848, 16.50962873263365, 3607690, 3.5175354132814722, 197085, 0, 0.0, 40, 
2019-12-08 11:25:37.193,373112272, 16.50962873263365, 3607690, 3.5175354132814722, 197085, 0, 0.0, 40, 
2019-12-08 11:25:38.24,374565880, 16.50962873263365, 3607690, 3.5175354132814722, 197085, 0, 0.0, 40, 
2019-12-08 11:25:39.298,376023496, 16.50962873263365, 3607690, 3.5175354132814722, 197085, 0, 0.0, 40, 
2019-12-08 11:25:40.356,377645624, 16.50962873263365, 3607690, 3.5175354132814722, 197085, 0, 0.0, 40, 
2019-12-08 11:25:41.396,379128416, 15.189591703063384, 3607690, 3.2362888102504668, 197085, 0, 0.0, 40, 
2019-12-08 11:25:42.449,380575816, 15.189591703063384, 3607690, 3.2362888102504668, 197085, 0, 0.0, 40, 
2019-12-08 11:25:43.489,382019304, 15.189591703063384, 3607690, 3.2362888102504668, 197085, 0, 0.0, 40, 
2019-12-08 11:25:44.528,384905480, 15.189591703063384, 3607761, 3.2362888102504668, 197090, 0, 0.0, 40, 
2019-12-08 11:25:45.56,391714456, 15.189591703063384, 3607942, 3.2362888102504668, 197103, 0, 0.0, 40, 
2019-12-08 11:25:46.586,398808056, 18.756443012069845, 3608191, 3.265369551332756, 197109, 0, 0.0, 40, 
2019-12-08 11:25:47.691,405196096, 18.756443012069845, 3608418, 3.265369551332756, 197124, 0, 0.0, 40, 
2019-12-08 11:25:48.734,414758224, 18.756443012069845, 3608756, 3.265369551332756, 197147, 0, 0.0, 40, 
2019-12-08 11:25:49.79,138769448, 18.756443012069845, 3609198, 3.265369551332756, 197163, 0, 0.0, 40, 
2019-12-08 11:25:50.822,150530880, 45.321171096675585, 3609797, 4.555423373595489, 197201, 0, 0.0, 40, 
2019-12-08 11:25:51.85,166489232, 45.321171096675585, 3610497, 4.555423373595489, 197243, 0, 0.0, 40, 
2019-12-08 11:25:52.881,182413408, 45.321171096675585, 3611256, 4.555423373595489, 197288, 0, 0.0, 40, 
2019-12-08 11:25:53.912,196681488, 45.321171096675585, 3611938, 4.555423373595489, 197322, 0, 0.0, 40, 
2019-12-08 11:25:54.94,210639352, 45.321171096675585, 3612651, 4.555423373595489, 197376, 0, 0.0, 40, 
2019-12-08 11:25:55.965,226290456, 97.89027573046788, 3613415, 7.405406363049603, 197409, 0, 0.0, 40, 
2019-12-08 11:25:56.992,243015960, 97.89027573046788, 3614236, 7.405406363049603, 197444, 0, 0.0, 40, 
2019-12-08 11:25:58.018,258886008, 97.89027573046788, 3615004, 7.405406363049603, 197490, 0, 0.0, 40, 
2019-12-08 11:25:59.047,273412136, 97.89027573046788, 3615760, 7.405406363049603, 197532, 0, 0.0, 40, 
2019-12-08 11:26:00.08,290160120, 97.89027573046788, 3616538, 7.405406363049603, 197566, 0, 0.0, 40, 
2019-12-08 11:26:01.104,304107864, 150.158019396942, 3617268, 9.883597240618222, 197609, 0, 0.0, 40, 
2019-12-08 11:26:02.128,319613232, 150.158019396942, 3618021, 9.883597240618222, 197661, 0, 0.0, 40, 
2019-12-08 11:26:03.159,337427944, 150.158019396942, 3618867, 9.883597240618222, 197716, 0, 0.0, 40, 
2019-12-08 11:26:04.186,353270040, 150.158019396942, 3619701, 9.883597240618222, 197755, 0, 0.0, 40, 
2019-12-08 11:26:05.213,372334496, 150.158019396942, 3620574, 9.883597240618222, 197803, 0, 0.0, 40, 
2019-12-08 11:26:06.243,388451328, 201.58880849105296, 3621398, 12.65936754520877, 197840, 0, 0.0, 40, 
2019-12-08 11:26:07.267,405737488, 201.58880849105296, 3622242, 12.65936754520877, 197888, 0, 0.0, 40, 
2019-12-08 11:26:08.292,141115544, 201.58880849105296, 3623130, 12.65936754520877, 197924, 0, 0.0, 40, 
2019-12-08 11:26:09.315,157486288, 201.58880849105296, 3624052, 12.65936754520877, 197967, 0, 0.0, 40, 
2019-12-08 11:26:10.337,176911480, 201.58880849105296, 3625011, 12.65936754520877, 198017, 0, 0.0, 40, 
2019-12-08 11:26:11.363,194677128, 255.68765237650186, 3625962, 15.245181744389509, 198072, 0, 0.0, 40, 
2019-12-08 11:26:12.387,214196824, 255.68765237650186, 3626934, 15.245181744389509, 198123, 0, 0.0, 40, 
2019-12-08 11:26:13.411,232394440, 255.68765237650186, 3627930, 15.245181744389509, 198168, 0, 0.0, 40, 
2019-12-08 11:26:14.433,254597080, 255.68765237650186, 3629002, 15.245181744389509, 198227, 0, 0.0, 40, 
2019-12-08 11:26:15.457,274904848, 255.68765237650186, 3630110, 15.245181744389509, 198286, 0, 0.0, 40, 
2019-12-08 11:26:16.48,296476264, 316.06310215136455, 3631213, 18.279881455654493, 198351, 0, 0.0, 40, 
2019-12-08 11:26:17.506,315695496, 316.06310215136455, 3632204, 18.279881455654493, 198403, 0, 0.0, 40, 
2019-12-08 11:26:18.529,337543968, 316.06310215136455, 3633327, 18.279881455654493, 198474, 0, 0.0, 40, 
2019-12-08 11:26:19.551,359094808, 316.06310215136455, 3634505, 18.279881455654493, 198543, 0, 0.0, 40, 
2019-12-08 11:26:20.575,379451240, 316.06310215136455, 3635612, 18.279881455654493, 198600, 0, 0.0, 40, 
2019-12-08 11:26:21.598,401786568, 376.37655038555255, 3636776, 21.69559354097234, 198653, 0, 0.0, 40, 
2019-12-08 11:26:22.628,142589960, 376.37655038555255, 3637976, 21.69559354097234, 198720, 0, 0.0, 40, 
2019-12-08 11:26:23.673,164030784, 376.37655038555255, 3639252, 21.69559354097234, 198778, 0, 0.0, 40, 
2019-12-08 11:26:24.701,190008792, 376.37655038555255, 3640564, 21.69559354097234, 198843, 0, 0.0, 40, 
2019-12-08 11:26:25.726,211711672, 376.37655038555255, 3641797, 21.69559354097234, 198914, 0, 0.0, 40, 
2019-12-08 11:26:26.748,235900872, 442.78953452208646, 3643133, 24.838200367050902, 198979, 0, 0.0, 40, 
2019-12-08 11:26:27.771,260564064, 442.78953452208646, 3644389, 24.838200367050902, 199045, 0, 0.0, 40, 
2019-12-08 11:26:28.795,284822504, 442.78953452208646, 3645746, 24.838200367050902, 199118, 0, 0.0, 40, 
2019-12-08 11:26:29.819,308848392, 442.78953452208646, 3647011, 24.838200367050902, 199194, 0, 0.0, 40, 
2019-12-08 11:26:30.842,333174168, 510.09698306053485, 3648382, 28.57706742968964, 199283, 0, 0.0, 40, 
2019-12-08 11:26:31.874,360451160, 510.09698306053485, 3649862, 28.57706742968964, 199362, 0, 0.0, 40, 
2019-12-08 11:26:32.905,389888032, 510.09698306053485, 3651482, 28.57706742968964, 199451, 0, 0.0, 40, 
2019-12-08 11:26:33.927,416404176, 510.09698306053485, 3652923, 28.57706742968964, 199538, 0, 0.0, 40, 
2019-12-08 11:26:34.95,163601432, 510.09698306053485, 3654502, 28.57706742968964, 199624, 0, 0.0, 40, 
2019-12-08 11:26:35.977,189839096, 588.0459244595686, 3656004, 32.92848486093767, 199713, 0, 0.0, 40, 
2019-12-08 11:26:37.009,218219224, 588.0459244595686, 3657563, 32.92848486093767, 199786, 0, 0.0, 40, 
2019-12-08 11:26:38.038,244545000, 588.0459244595686, 3659045, 32.92848486093767, 199854, 0, 0.0, 40, 
2019-12-08 11:26:39.076,266057496, 588.0459244595686, 3660173, 32.92848486093767, 199929, 0, 0.0, 40, 
2019-12-08 11:26:40.11,290633200, 588.0459244595686, 3661484, 32.92848486093767, 199991, 0, 0.0, 40, 
2019-12-08 11:26:41.141,316034528, 646.3618565118926, 3662858, 35.74863950079209, 200067, 0, 0.0, 40, 
2019-12-08 11:26:42.17,339442568, 646.3618565118926, 3664195, 35.74863950079209, 200136, 0, 0.0, 40, 
2019-12-08 11:26:43.197,366223840, 646.3618565118926, 3665668, 35.74863950079209, 200227, 0, 0.0, 40, 
2019-12-08 11:26:44.222,381435840, 646.3618565118926, 3666511, 35.74863950079209, 200272, 0, 0.0, 40, 
2019-12-08 11:26:45.266,393376184, 646.3618565118926, 3667035, 35.74863950079209, 200301, 0, 0.0, 40, 
2019-12-08 11:26:46.309,403513168, 674.7491391034025, 3667523, 37.4318133523554, 200326, 0, 0.0, 40, 
2019-12-08 11:26:47.34,413101824, 674.7491391034025, 3668006, 37.4318133523554, 200355, 0, 0.0, 40, 
2019-12-08 11:26:48.37,141569152, 674.7491391034025, 3668544, 37.4318133523554, 200384, 0, 0.0, 40, 
2019-12-08 11:26:49.397,149813768, 674.7491391034025, 3669007, 37.4318133523554, 200408, 0, 0.0, 40, 
2019-12-08 11:26:50.425,162009288, 674.7491391034025, 3669490, 37.4318133523554, 200436, 0, 0.0, 40, 
2019-12-08 11:26:51.458,171836944, 658.9060086956944, 3669972, 36.485793789771236, 200455, 0, 0.0, 40, 
2019-12-08 11:26:52.489,182622744, 658.9060086956944, 3670468, 36.485793789771236, 200483, 0, 0.0, 40, 
2019-12-08 11:26:53.517,193143224, 658.9060086956944, 3670961, 36.485793789771236, 200509, 0, 0.0, 40, 
2019-12-08 11:26:54.544,203001816, 658.9060086956944, 3671450, 36.485793789771236, 200538, 0, 0.0, 40, 
2019-12-08 11:26:55.578,214295168, 658.9060086956944, 3671945, 36.485793789771236, 200563, 0, 0.0, 40, 
2019-12-08 11:26:56.608,225134304, 644.4415628733574, 3672420, 35.55144930678906, 200591, 0, 0.0, 40, 
2019-12-08 11:26:57.643,234862608, 644.4415628733574, 3672942, 35.55144930678906, 200622, 0, 0.0, 40, 
2019-12-08 11:26:58.674,246115880, 644.4415628733574, 3673451, 35.55144930678906, 200645, 0, 0.0, 40, 
2019-12-08 11:26:59.703,258025232, 644.4415628733574, 3673954, 35.55144930678906, 200671, 0, 0.0, 40, 
2019-12-08 11:27:00.738,267687632, 644.4415628733574, 3674443, 35.55144930678906, 200696, 0, 0.0, 40, 
2019-12-08 11:27:01.766,279136080, 631.5014259765129, 3674941, 34.78775758632639, 200721, 0, 0.0, 40, 
2019-12-08 11:27:02.797,288453920, 631.5014259765129, 3675400, 34.78775758632639, 200747, 0, 0.0, 40, 
2019-12-08 11:27:03.827,299190416, 631.5014259765129, 3675903, 34.78775758632639, 200767, 0, 0.0, 40, 
2019-12-08 11:27:04.863,310109472, 631.5014259765129, 3676408, 34.78775758632639, 200792, 0, 0.0, 40, 
2019-12-08 11:27:05.897,320861248, 619.6598897683289, 3676942, 33.90922499660058, 200820, 0, 0.0, 40, 
2019-12-08 11:27:06.925,331356328, 619.6598897683289, 3677425, 33.90922499660058, 200845, 0, 0.0, 40, 
2019-12-08 11:27:07.955,342666280, 619.6598897683289, 3677927, 33.90922499660058, 200868, 0, 0.0, 40, 
2019-12-08 11:27:08.984,353144632, 619.6598897683289, 3678424, 33.90922499660058, 200894, 0, 0.0, 40, 
2019-12-08 11:27:10.014,364208040, 619.6598897683289, 3678928, 33.90922499660058, 200925, 0, 0.0, 40, 
2019-12-08 11:27:11.048,372746056, 608.6532126998394, 3679406, 33.292829399243125, 200954, 0, 0.0, 40, 
2019-12-08 11:27:12.088,386722440, 608.6532126998394, 3679916, 33.292829399243125, 200978, 0, 0.0, 40, 
2019-12-08 11:27:13.129,396462800, 608.6532126998394, 3680392, 33.292829399243125, 200999, 0, 0.0, 40, 
2019-12-08 11:27:14.159,406247240, 608.6532126998394, 3680897, 33.292829399243125, 201026, 0, 0.0, 40, 
2019-12-08 11:27:15.184,418020072, 608.6532126998394, 3681410, 33.292829399243125, 201055, 0, 0.0, 40, 
2019-12-08 11:27:16.215,149219432, 598.5905454076434, 3681917, 32.56580690195094, 201076, 0, 0.0, 40, 
2019-12-08 11:27:17.24,158254816, 598.5905454076434, 3682405, 32.56580690195094, 201109, 0, 0.0, 40, 
2019-12-08 11:27:18.275,169354464, 598.5905454076434, 3682913, 32.56580690195094, 201138, 0, 0.0, 40, 
2019-12-08 11:27:19.304,180705992, 598.5905454076434, 3683409, 32.56580690195094, 201164, 0, 0.0, 40, 
2019-12-08 11:27:20.349,191684648, 598.5905454076434, 3683917, 32.56580690195094, 201182, 0, 0.0, 40, 
2019-12-08 11:27:21.375,200495368, 589.6682580277421, 3684419, 32.10479843597117, 201220, 0, 0.0, 40, 
2019-12-08 11:27:22.414,212411840, 589.6682580277421, 3684942, 32.10479843597117, 201245, 0, 0.0, 40, 
2019-12-08 11:27:23.441,224243920, 589.6682580277421, 3685498, 32.10479843597117, 201264, 0, 0.0, 40, 
2019-12-08 11:27:24.469,233974144, 589.6682580277421, 3686010, 32.10479843597117, 201291, 0, 0.0, 40, 
2019-12-08 11:27:25.494,245186448, 589.6682580277421, 3686512, 32.10479843597117, 201321, 0, 0.0, 40, 
2019-12-08 11:27:26.52,255817152, 582.7386467240772, 3687010, 31.664659054675507, 201351, 0, 0.0, 40, 
2019-12-08 11:27:27.548,266923968, 582.7386467240772, 3687471, 31.664659054675507, 201382, 0, 0.0, 40, 
2019-12-08 11:27:28.592,277242192, 582.7386467240772, 3687980, 31.664659054675507, 201413, 0, 0.0, 40, 
2019-12-08 11:27:29.617,288549144, 582.7386467240772, 3688517, 31.664659054675507, 201439, 0, 0.0, 40, 
2019-12-08 11:27:30.644,299750752, 582.7386467240772, 3689013, 31.664659054675507, 201468, 0, 0.0, 40, 
2019-12-08 11:27:31.675,310523408, 574.8759226606934, 3689486, 31.307684626478437, 201502, 0, 0.0, 40, 
2019-12-08 11:27:32.701,321087056, 574.8759226606934, 3689957, 31.307684626478437, 201531, 0, 0.0, 40, 
2019-12-08 11:27:33.728,332828928, 574.8759226606934, 3690451, 31.307684626478437, 201556, 0, 0.0, 40, 
2019-12-08 11:27:34.755,342126408, 574.8759226606934, 3690945, 31.307684626478437, 201582, 0, 0.0, 40, 
2019-12-08 11:27:35.782,353922256, 566.6983913950316, 3691439, 30.91528782935368, 201603, 0, 0.0, 40, 
2019-12-08 11:27:36.81,363670384, 566.6983913950316, 3691926, 30.91528782935368, 201627, 0, 0.0, 40, 
2019-12-08 11:27:37.836,375264088, 566.6983913950316, 3692448, 30.91528782935368, 201656, 0, 0.0, 40, 
2019-12-08 11:27:38.865,386157600, 566.6983913950316, 3692981, 30.91528782935368, 201683, 0, 0.0, 40, 
2019-12-08 11:27:39.894,396855696, 566.6983913950316, 3693502, 30.91528782935368, 201711, 0, 0.0, 40, 
2019-12-08 11:27:40.92,407489080, 561.1895801799438, 3693984, 30.57025646491475, 201742, 0, 0.0, 40, 
2019-12-08 11:27:41.949,418043104, 561.1895801799438, 3694467, 30.57025646491475, 201773, 0, 0.0, 40, 
2019-12-08 11:27:42.974,144463936, 561.1895801799438, 3694958, 30.57025646491475, 201803, 0, 0.0, 40, 
2019-12-08 11:27:44.014,154190248, 561.1895801799438, 3695460, 30.57025646491475, 201833, 0, 0.0, 40, 
2019-12-08 11:27:45.057,164449144, 561.1895801799438, 3695941, 30.57025646491475, 201863, 0, 0.0, 40, 
2019-12-08 11:27:46.087,176545304, 553.9624283852467, 3696427, 30.49267904130281, 201898, 0, 0.0, 40, 
2019-12-08 11:27:47.113,186234696, 553.9624283852467, 3696918, 30.49267904130281, 201923, 0, 0.0, 40, 
2019-12-08 11:27:48.144,196570256, 553.9624283852467, 3697381, 30.49267904130281, 201945, 0, 0.0, 40, 
2019-12-08 11:27:49.176,207661056, 553.9624283852467, 3697872, 30.49267904130281, 201962, 0, 0.0, 40, 
2019-12-08 11:27:50.205,218197344, 553.9624283852467, 3698330, 30.49267904130281, 201988, 0, 0.0, 40, 
2019-12-08 11:27:51.237,227914960, 546.8174031135591, 3698826, 29.909588619634977, 202015, 0, 0.0, 40, 
2019-12-08 11:27:52.265,240082256, 546.8174031135591, 3699313, 29.909588619634977, 202053, 0, 0.0, 40, 
2019-12-08 11:27:53.295,250885184, 546.8174031135591, 3699816, 29.909588619634977, 202075, 0, 0.0, 40, 
2019-12-08 11:27:54.324,261514088, 546.8174031135591, 3700341, 29.909588619634977, 202091, 0, 0.0, 40, 
2019-12-08 11:27:55.356,271991544, 546.8174031135591, 3700840, 29.909588619634977, 202118, 0, 0.0, 40, 
2019-12-08 11:27:56.382,281971072, 542.2905255054469, 3701334, 29.644968524215933, 202148, 0, 0.0, 40, 
2019-12-08 11:27:57.415,292591352, 542.2905255054469, 3701836, 29.644968524215933, 202177, 0, 0.0, 40, 
2019-12-08 11:27:58.442,303533160, 542.2905255054469, 3702316, 29.644968524215933, 202202, 0, 0.0, 40, 
2019-12-08 11:27:59.469,314329808, 542.2905255054469, 3702791, 29.644968524215933, 202233, 0, 0.0, 40, 
2019-12-08 11:28:00.502,325810896, 542.2905255054469, 3703294, 29.644968524215933, 202260, 0, 0.0, 40, 
2019-12-08 11:28:01.537,335314384, 536.8942810316844, 3703791, 29.369524049278695, 202281, 0, 0.0, 40, 
2019-12-08 11:28:02.566,346221496, 536.8942810316844, 3704324, 29.369524049278695, 202304, 0, 0.0, 40, 
2019-12-08 11:28:03.595,358247608, 536.8942810316844, 3704851, 29.369524049278695, 202336, 0, 0.0, 40, 
2019-12-08 11:28:04.622,369629504, 536.8942810316844, 3705358, 29.369524049278695, 202351, 0, 0.0, 40, 
2019-12-08 11:28:05.651,380103680, 536.8942810316844, 3705894, 29.369524049278695, 202369, 0, 0.0, 40, 
2019-12-08 11:28:06.686,390589408, 534.3121728876708, 3706405, 28.732316088792928, 202391, 0, 0.0, 40, 
2019-12-08 11:28:07.728,401352912, 534.3121728876708, 3706931, 28.732316088792928, 202419, 0, 0.0, 40, 
2019-12-08 11:28:08.754,412423840, 534.3121728876708, 3707416, 28.732316088792928, 202450, 0, 0.0, 40, 
2019-12-08 11:28:09.781,422924400, 534.3121728876708, 3707914, 28.732316088792928, 202475, 0, 0.0, 40, 
2019-12-08 11:28:10.807,149843640, 530.4013714726854, 3708386, 28.433896571125096, 202497, 0, 0.0, 40, 
2019-12-08 11:28:11.848,159951152, 530.4013714726854, 3708889, 28.433896571125096, 202525, 0, 0.0, 40, 
2019-12-08 11:28:12.875,172230928, 530.4013714726854, 3709396, 28.433896571125096, 202544, 0, 0.0, 40, 
2019-12-08 11:28:13.904,182971392, 530.4013714726854, 3709878, 28.433896571125096, 202577, 0, 0.0, 40, 
2019-12-08 11:28:14.936,192584112, 530.4013714726854, 3710367, 28.433896571125096, 202600, 0, 0.0, 40, 
2019-12-08 11:28:15.977,203300784, 526.0996513228415, 3710845, 28.079381775307752, 202625, 0, 0.0, 40, 
2019-12-08 11:28:17.013,214489128, 526.0996513228415, 3711339, 28.079381775307752, 202652, 0, 0.0, 40, 
2019-12-08 11:28:18.049,224695536, 526.0996513228415, 3711866, 28.079381775307752, 202669, 0, 0.0, 40, 
2019-12-08 11:28:19.075,235362552, 526.0996513228415, 3712367, 28.079381775307752, 202690, 0, 0.0, 40, 
2019-12-08 11:28:20.101,246199496, 526.0996513228415, 3712857, 28.079381775307752, 202713, 0, 0.0, 40, 
2019-12-08 11:28:21.127,257149088, 522.5096734183845, 3713329, 27.57731012969706, 202735, 0, 0.0, 40, 
2019-12-08 11:28:22.152,268057032, 522.5096734183845, 3713829, 27.57731012969706, 202758, 0, 0.0, 40, 
2019-12-08 11:28:23.18,278406792, 522.5096734183845, 3714363, 27.57731012969706, 202777, 0, 0.0, 40, 
2019-12-08 11:28:24.207,288663088, 522.5096734183845, 3714875, 27.57731012969706, 202802, 0, 0.0, 40, 
2019-12-08 11:28:25.237,299439408, 522.5096734183845, 3715359, 27.57731012969706, 202840, 0, 0.0, 40, 
2019-12-08 11:28:26.264,311590640, 520.15021020612, 3715886, 27.40322202374363, 202864, 0, 0.0, 40, 
2019-12-08 11:28:27.288,322491856, 520.15021020612, 3716417, 27.40322202374363, 202885, 0, 0.0, 40, 
2019-12-08 11:28:28.317,333167704, 520.15021020612, 3716907, 27.40322202374363, 202904, 0, 0.0, 40, 
2019-12-08 11:28:29.341,342746400, 520.15021020612, 3717380, 27.40322202374363, 202930, 0, 0.0, 40, 
2019-12-08 11:28:30.37,353917584, 520.15021020612, 3717877, 27.40322202374363, 202952, 0, 0.0, 40, 
2019-12-08 11:28:31.398,364964704, 517.8514703195598, 3718394, 27.083142063466422, 202984, 0, 0.0, 40, 
2019-12-08 11:28:32.428,375927784, 517.8514703195598, 3718897, 27.083142063466422, 203007, 0, 0.0, 40, 
2019-12-08 11:28:33.457,387052944, 517.8514703195598, 3719381, 27.083142063466422, 203029, 0, 0.0, 40, 
2019-12-08 11:28:34.485,398066632, 517.8514703195598, 3719861, 27.083142063466422, 203057, 0, 0.0, 40, 
2019-12-08 11:28:35.514,409090256, 517.8514703195598, 3720346, 27.083142063466422, 203084, 0, 0.0, 40, 
2019-12-08 11:28:36.539,419678504, 514.3932736920169, 3720842, 26.884600986223415, 203106, 0, 0.0, 40, 
2019-12-08 11:28:37.566,147404528, 514.3932736920169, 3721343, 26.884600986223415, 203128, 0, 0.0, 40, 
2019-12-08 11:28:38.592,157252968, 514.3932736920169, 3721848, 26.884600986223415, 203153, 0, 0.0, 40, 
2019-12-08 11:28:39.621,167657792, 514.3932736920169, 3722363, 26.884600986223415, 203174, 0, 0.0, 40, 
2019-12-08 11:28:40.647,179666792, 514.3932736920169, 3722857, 26.884600986223415, 203204, 0, 0.0, 40, 
2019-12-08 11:28:41.677,188688296, 512.3469485124198, 3723317, 26.574005440438413, 203227, 0, 0.0, 40, 
2019-12-08 11:28:42.707,198457840, 512.3469485124198, 3723827, 26.574005440438413, 203258, 0, 0.0, 40, 
2019-12-08 11:28:43.734,211038456, 512.3469485124198, 3724329, 26.574005440438413, 203293, 0, 0.0, 40, 
2019-12-08 11:28:44.76,220412424, 512.3469485124198, 3724811, 26.574005440438413, 203316, 0, 0.0, 40, 
2019-12-08 11:28:45.786,230574592, 509.60071813841273, 3725296, 26.560092733590476, 203342, 0, 0.0, 40, 
2019-12-08 11:28:46.811,240110976, 509.60071813841273, 3725765, 26.560092733590476, 203371, 0, 0.0, 40, 
2019-12-08 11:28:47.839,249754304, 509.60071813841273, 3726240, 26.560092733590476, 203403, 0, 0.0, 40, 
2019-12-08 11:28:48.864,262678080, 509.60071813841273, 3726749, 26.560092733590476, 203439, 0, 0.0, 40, 
2019-12-08 11:28:49.892,272996792, 509.60071813841273, 3727234, 26.560092733590476, 203453, 0, 0.0, 40, 
2019-12-08 11:28:50.928,283026880, 506.49838400685337, 3727707, 26.531301308288526, 203474, 0, 0.0, 40, 
2019-12-08 11:28:51.954,293451808, 506.49838400685337, 3728196, 26.531301308288526, 203498, 0, 0.0, 40, 
2019-12-08 11:28:52.986,303655936, 506.49838400685337, 3728688, 26.531301308288526, 203521, 0, 0.0, 40, 
2019-12-08 11:28:54.014,314729600, 506.49838400685337, 3729207, 26.531301308288526, 203548, 0, 0.0, 40, 
2019-12-08 11:28:55.039,326646952, 506.49838400685337, 3729697, 26.531301308288526, 203572, 0, 0.0, 40, 
2019-12-08 11:28:56.068,336514192, 504.0598678607257, 3730168, 26.31291851336062, 203595, 0, 0.0, 40, 
2019-12-08 11:28:57.096,347549664, 504.0598678607257, 3730657, 26.31291851336062, 203620, 0, 0.0, 40, 
2019-12-08 11:28:58.122,358947792, 504.0598678607257, 3731158, 26.31291851336062, 203646, 0, 0.0, 40, 
2019-12-08 11:28:59.147,367811064, 504.0598678607257, 3731660, 26.31291851336062, 203676, 0, 0.0, 40, 
2019-12-08 11:29:00.174,380090704, 504.0598678607257, 3732161, 26.31291851336062, 203701, 0, 0.0, 40, 
2019-12-08 11:29:01.2,389769024, 502.34403156394404, 3732624, 26.1279877597102, 203718, 0, 0.0, 40, 
2019-12-08 11:29:02.227,399135880, 502.34403156394404, 3733103, 26.1279877597102, 203747, 0, 0.0, 40, 
2019-12-08 11:29:03.253,410211392, 502.34403156394404, 3733603, 26.1279877597102, 203765, 0, 0.0, 40, 
2019-12-08 11:29:04.28,420150400, 502.34403156394404, 3734116, 26.1279877597102, 203792, 0, 0.0, 40, 
2019-12-08 11:29:05.306,149318088, 502.34403156394404, 3734614, 26.1279877597102, 203831, 0, 0.0, 40, 
2019-12-08 11:29:06.332,159032824, 500.5415103236339, 3735113, 26.18171889175883, 203859, 0, 0.0, 40, 
2019-12-08 11:29:07.359,169502872, 500.5415103236339, 3735644, 26.18171889175883, 203879, 0, 0.0, 40, 
2019-12-08 11:29:08.384,181037008, 500.5415103236339, 3736170, 26.18171889175883, 203901, 0, 0.0, 40, 
2019-12-08 11:29:09.41,191299128, 500.5415103236339, 3736674, 26.18171889175883, 203926, 0, 0.0, 40, 
2019-12-08 11:29:10.438,203117472, 500.5415103236339, 3737180, 26.18171889175883, 203946, 0, 0.0, 40, 
2019-12-08 11:29:11.464,212997632, 500.3702846121304, 3737655, 25.79939375869023, 203965, 0, 0.0, 40, 
2019-12-08 11:29:12.491,223191296, 500.3702846121304, 3738138, 25.79939375869023, 203995, 0, 0.0, 40, 
2019-12-08 11:29:13.518,233997632, 500.3702846121304, 3738631, 25.79939375869023, 204016, 0, 0.0, 40, 
2019-12-08 11:29:14.544,243917328, 500.3702846121304, 3739118, 25.79939375869023, 204041, 0, 0.0, 40, 
2019-12-08 11:29:15.571,254068256, 500.3702846121304, 3739628, 25.79939375869023, 204067, 0, 0.0, 40, 
2019-12-08 11:29:16.6,265225664, 498.6136376452071, 3740138, 25.671513294475943, 204092, 0, 0.0, 40, 
2019-12-08 11:29:17.626,277521992, 498.6136376452071, 3740629, 25.671513294475943, 204120, 0, 0.0, 40, 
2019-12-08 11:29:18.653,287597680, 498.6136376452071, 3741134, 25.671513294475943, 204141, 0, 0.0, 40, 
2019-12-08 11:29:19.686,297629784, 498.6136376452071, 3741609, 25.671513294475943, 204161, 0, 0.0, 40, 
2019-12-08 11:29:20.713,308517520, 498.6136376452071, 3742096, 25.671513294475943, 204188, 0, 0.0, 40, 
2019-12-08 11:29:21.739,318418128, 497.1893378197035, 3742604, 25.48989311933885, 204208, 0, 0.0, 40, 
2019-12-08 11:29:22.764,330084064, 497.1893378197035, 3743103, 25.48989311933885, 204238, 0, 0.0, 40, 
2019-12-08 11:29:23.804,340349464, 497.1893378197035, 3743616, 25.48989311933885, 204261, 0, 0.0, 40, 
2019-12-08 11:29:24.839,352395496, 497.1893378197035, 3744141, 25.48989311933885, 204284, 0, 0.0, 40, 
2019-12-08 11:29:25.866,362805072, 496.98230579860666, 3744649, 25.29081225747169, 204304, 0, 0.0, 40, 
2019-12-08 11:29:26.891,373103096, 496.98230579860666, 3745142, 25.29081225747169, 204338, 0, 0.0, 40, 
2019-12-08 11:29:27.917,383464920, 496.98230579860666, 3745627, 25.29081225747169, 204355, 0, 0.0, 40, 
2019-12-08 11:29:28.948,393828848, 496.98230579860666, 3746101, 25.29081225747169, 204371, 0, 0.0, 40, 
2019-12-08 11:29:29.975,405295096, 496.98230579860666, 3746621, 25.29081225747169, 204396, 0, 0.0, 40, 
2019-12-08 11:29:31.004,415702328, 496.02425352438854, 3747127, 25.043684554154677, 204421, 0, 0.0, 40, 
2019-12-08 11:29:32.027,143685360, 496.02425352438854, 3747610, 25.043684554154677, 204451, 0, 0.0, 40, 
2019-12-08 11:29:33.06,154368224, 496.02425352438854, 3748110, 25.043684554154677, 204488, 0, 0.0, 40, 
2019-12-08 11:29:34.086,165510336, 496.02425352438854, 3748630, 25.043684554154677, 204508, 0, 0.0, 40, 
2019-12-08 11:29:35.111,177185512, 496.02425352438854, 3749152, 25.043684554154677, 204534, 0, 0.0, 40, 
2019-12-08 11:29:36.138,188155416, 495.1428028805713, 3749648, 25.280058486167615, 204560, 0, 0.0, 40, 
2019-12-08 11:29:37.173,197312424, 495.1428028805713, 3750122, 25.280058486167615, 204571, 0, 0.0, 40, 
2019-12-08 11:29:38.202,208586520, 495.1428028805713, 3750616, 25.280058486167615, 204605, 0, 0.0, 40, 
2019-12-08 11:29:39.229,219990176, 495.1428028805713, 3751146, 25.280058486167615, 204628, 0, 0.0, 40, 
2019-12-08 11:29:40.255,230031368, 495.1428028805713, 3751619, 25.280058486167615, 204654, 0, 0.0, 40, 
2019-12-08 11:29:41.285,240949008, 494.2998469048075, 3752111, 25.03379060693016, 204681, 0, 0.0, 40, 
2019-12-08 11:29:42.311,251090944, 494.2998469048075, 3752633, 25.03379060693016, 204712, 0, 0.0, 40, 
2019-12-08 11:29:43.338,261905392, 494.2998469048075, 3753128, 25.03379060693016, 204737, 0, 0.0, 40, 
2019-12-08 11:29:44.364,272751976, 494.2998469048075, 3753621, 25.03379060693016, 204764, 0, 0.0, 40, 
2019-12-08 11:29:45.39,282573488, 494.2998469048075, 3754102, 25.03379060693016, 204784, 0, 0.0, 40, 
2019-12-08 11:29:46.416,294366624, 493.47631661630527, 3754608, 25.0630710933213, 204807, 0, 0.0, 40, 
2019-12-08 11:29:47.444,303705496, 493.47631661630527, 3755079, 25.0630710933213, 204827, 0, 0.0, 40, 
2019-12-08 11:29:48.469,314722000, 493.47631661630527, 3755608, 25.0630710933213, 204855, 0, 0.0, 40, 
2019-12-08 11:29:49.494,327023672, 493.47631661630527, 3756118, 25.0630710933213, 204888, 0, 0.0, 40, 
2019-12-08 11:29:50.523,337997008, 493.47631661630527, 3756628, 25.0630710933213, 204917, 0, 0.0, 40, 
2019-12-08 11:29:51.55,348126200, 493.40625020827855, 3757135, 25.090010441283102, 204940, 0, 0.0, 40, 
2019-12-08 11:29:52.579,358567088, 493.40625020827855, 3757645, 25.090010441283102, 204963, 0, 0.0, 40, 
2019-12-08 11:29:53.607,369661200, 493.40625020827855, 3758171, 25.090010441283102, 204989, 0, 0.0, 40, 
2019-12-08 11:29:54.631,380572456, 493.40625020827855, 3758643, 25.090010441283102, 205020, 0, 0.0, 40, 
2019-12-08 11:29:55.666,391354664, 493.40625020827855, 3759168, 25.090010441283102, 205046, 0, 0.0, 40, 
2019-12-08 11:29:56.726,401503984, 493.16588371310485, 3759663, 25.17876030620565, 205071, 0, 0.0, 40, 
2019-12-08 11:29:57.755,411556728, 493.16588371310485, 3760172, 25.17876030620565, 205091, 0, 0.0, 40, 
2019-12-08 11:29:58.786,423261480, 493.16588371310485, 3760697, 25.17876030620565, 205121, 0, 0.0, 40, 
2019-12-08 11:29:59.813,152336344, 493.16588371310485, 3761217, 25.17876030620565, 205145, 0, 0.0, 40, 
2019-12-08 11:30:00.839,163033056, 492.88077139345984, 3761682, 25.116494070059527, 205178, 0, 0.0, 40, 
2019-12-08 11:30:01.866,173604896, 492.88077139345984, 3762161, 25.116494070059527, 205210, 0, 0.0, 40, 
2019-12-08 11:30:02.892,184674672, 492.88077139345984, 3762665, 25.116494070059527, 205231, 0, 0.0, 40, 
2019-12-08 11:30:03.929,195932792, 492.88077139345984, 3763193, 25.116494070059527, 205253, 0, 0.0, 40, 
2019-12-08 11:30:04.973,205946264, 492.88077139345984, 3763680, 25.116494070059527, 205270, 0, 0.0, 40, 
2019-12-08 11:30:05.999,216210184, 491.93083736204056, 3764178, 25.075197484347438, 205301, 0, 0.0, 40, 
2019-12-08 11:30:07.029,227132272, 491.93083736204056, 3764667, 25.075197484347438, 205327, 0, 0.0, 40, 
2019-12-08 11:30:08.064,238044072, 491.93083736204056, 3765170, 25.075197484347438, 205354, 0, 0.0, 40, 
2019-12-08 11:30:09.089,248072952, 491.93083736204056, 3765657, 25.075197484347438, 205379, 0, 0.0, 40, 
2019-12-08 11:30:10.116,258125456, 491.93083736204056, 3766160, 25.075197484347438, 205410, 0, 0.0, 40, 
2019-12-08 11:30:11.14,268775912, 491.1208203304635, 3766650, 25.11715837669044, 205434, 0, 0.0, 40, 
2019-12-08 11:30:12.181,280261488, 491.1208203304635, 3767145, 25.11715837669044, 205456, 0, 0.0, 40, 
2019-12-08 11:30:13.208,290659232, 491.1208203304635, 3767628, 25.11715837669044, 205490, 0, 0.0, 40, 
2019-12-08 11:30:14.237,302239856, 491.1208203304635, 3768126, 25.11715837669044, 205514, 0, 0.0, 40, 
2019-12-08 11:30:15.268,312141320, 491.1208203304635, 3768630, 25.11715837669044, 205540, 0, 0.0, 40, 
2019-12-08 11:30:16.295,322258544, 490.0717374603978, 3769115, 25.20373761254589, 205569, 0, 0.0, 40, 
2019-12-08 11:30:17.325,333756832, 490.0717374603978, 3769619, 25.20373761254589, 205592, 0, 0.0, 40, 
2019-12-08 11:30:18.355,342733440, 490.0717374603978, 3770094, 25.20373761254589, 205621, 0, 0.0, 40, 
2019-12-08 11:30:19.38,354457848, 490.0717374603978, 3770569, 25.20373761254589, 205655, 0, 0.0, 40, 
2019-12-08 11:30:20.409,364489192, 490.0717374603978, 3771023, 25.20373761254589, 205683, 0, 0.0, 40, 
2019-12-08 11:30:21.435,374325320, 488.1630587179366, 3771528, 25.37934105736238, 205710, 0, 0.0, 40, 
2019-12-08 11:30:22.47,385288288, 488.1630587179366, 3772048, 25.37934105736238, 205726, 0, 0.0, 40, 
2019-12-08 11:30:23.496,395206248, 488.1630587179366, 3772520, 25.37934105736238, 205748, 0, 0.0, 40, 
2019-12-08 11:30:24.522,405356672, 488.1630587179366, 3772987, 25.37934105736238, 205775, 0, 0.0, 40, 
2019-12-08 11:30:25.551,416616240, 488.1630587179366, 3773489, 25.37934105736238, 205802, 0, 0.0, 40, 
2019-12-08 11:30:26.576,155901792, 487.766234452915, 3773984, 25.189099450324488, 205824, 0, 0.0, 40, 
2019-12-08 11:30:27.611,166039936, 487.766234452915, 3774457, 25.189099450324488, 205853, 0, 0.0, 40, 
2019-12-08 11:30:28.645,175312256, 487.766234452915, 3774947, 25.189099450324488, 205883, 0, 0.0, 40, 
2019-12-08 11:30:29.682,186530752, 487.766234452915, 3775419, 25.189099450324488, 205910, 0, 0.0, 40, 
2019-12-08 11:30:30.708,197245248, 487.766234452915, 3775897, 25.189099450324488, 205935, 0, 0.0, 40, 
2019-12-08 11:30:31.743,207200296, 485.85000014810134, 3776376, 25.285917712599467, 205964, 0, 0.0, 40, 
2019-12-08 11:30:32.769,217926640, 485.85000014810134, 3776893, 25.285917712599467, 205993, 0, 0.0, 40, 
2019-12-08 11:30:33.796,229108888, 485.85000014810134, 3777428, 25.285917712599467, 206015, 0, 0.0, 40, 
2019-12-08 11:30:34.821,239062072, 485.85000014810134, 3777908, 25.285917712599467, 206036, 0, 0.0, 40, 
2019-12-08 11:30:35.847,249651824, 485.84600235699133, 3778389, 25.19909252622419, 206062, 0, 0.0, 40, 
2019-12-08 11:30:36.874,259981576, 485.84600235699133, 3778886, 25.19909252622419, 206087, 0, 0.0, 40, 
2019-12-08 11:30:37.903,270739056, 485.84600235699133, 3779353, 25.19909252622419, 206113, 0, 0.0, 40, 
2019-12-08 11:30:38.929,281751488, 485.84600235699133, 3779816, 25.19909252622419, 206138, 0, 0.0, 40, 
2019-12-08 11:30:39.956,292706136, 485.84600235699133, 3780314, 25.19909252622419, 206169, 0, 0.0, 40, 
2019-12-08 11:30:40.989,303647424, 484.54704372860465, 3780811, 25.21515620089528, 206190, 0, 0.0, 40, 
2019-12-08 11:30:42.022,315641560, 484.54704372860465, 3781331, 25.21515620089528, 206213, 0, 0.0, 40, 
2019-12-08 11:30:43.047,326558968, 484.54704372860465, 3781842, 25.21515620089528, 206234, 0, 0.0, 40, 
2019-12-08 11:30:44.073,337498184, 484.54704372860465, 3782338, 25.21515620089528, 206260, 0, 0.0, 40, 
2019-12-08 11:30:45.099,347168696, 484.54704372860465, 3782787, 25.21515620089528, 206288, 0, 0.0, 40, 
2019-12-08 11:30:46.122,357536240, 484.7271801660986, 3783291, 25.086015441387616, 206317, 0, 0.0, 40, 
2019-12-08 11:30:47.148,367430616, 484.7271801660986, 3783767, 25.086015441387616, 206335, 0, 0.0, 40, 
2019-12-08 11:30:48.174,377166424, 484.7271801660986, 3784267, 25.086015441387616, 206368, 0, 0.0, 40, 
2019-12-08 11:30:49.198,387680896, 484.7271801660986, 3784730, 25.086015441387616, 206392, 0, 0.0, 40, 
2019-12-08 11:30:50.226,398868608, 484.7271801660986, 3785276, 25.086015441387616, 206415, 0, 0.0, 40, 
2019-12-08 11:30:51.252,410902264, 484.8129581039155, 3785789, 25.11112026056882, 206445, 0, 0.0, 40, 
2019-12-08 11:30:52.278,422097784, 484.8129581039155, 3786304, 25.11112026056882, 206472, 0, 0.0, 40, 
2019-12-08 11:30:53.303,149096104, 484.8129581039155, 3786804, 25.11112026056882, 206499, 0, 0.0, 40, 
2019-12-08 11:30:54.331,160318112, 484.8129581039155, 3787293, 25.11112026056882, 206527, 0, 0.0, 40, 
2019-12-08 11:30:55.355,170388176, 484.8129581039155, 3787813, 25.11112026056882, 206550, 0, 0.0, 40, 
2019-12-08 11:30:56.383,181532328, 485.21169995798493, 3788315, 25.262146745829853, 206576, 0, 0.0, 40, 
2019-12-08 11:30:57.408,191967696, 485.21169995798493, 3788805, 25.262146745829853, 206609, 0, 0.0, 40, 
2019-12-08 11:30:58.434,202157184, 485.21169995798493, 3789282, 25.262146745829853, 206632, 0, 0.0, 40, 
2019-12-08 11:30:59.46,212908856, 485.21169995798493, 3789786, 25.262146745829853, 206655, 0, 0.0, 40, 
2019-12-08 11:31:00.486,224383336, 485.21169995798493, 3790310, 25.262146745829853, 206679, 0, 0.0, 40, 
2019-12-08 11:31:01.513,236211528, 485.30671118344026, 3790801, 25.161231063943333, 206703, 0, 0.0, 40, 
2019-12-08 11:31:02.54,244804160, 485.30671118344026, 3791289, 25.161231063943333, 206730, 0, 0.0, 40, 
2019-12-08 11:31:03.57,255500096, 485.30671118344026, 3791776, 25.161231063943333, 206762, 0, 0.0, 40, 
2019-12-08 11:31:04.596,265935264, 485.30671118344026, 3792268, 25.161231063943333, 206792, 0, 0.0, 40, 
2019-12-08 11:31:05.622,277863816, 485.30671118344026, 3792793, 25.161231063943333, 206820, 0, 0.0, 40, 
2019-12-08 11:31:06.647,288036480, 485.17025009170965, 3793312, 25.34023314473543, 206855, 0, 0.0, 40, 
2019-12-08 11:31:07.675,299272728, 485.17025009170965, 3793833, 25.34023314473543, 206888, 0, 0.0, 40, 
2019-12-08 11:31:08.702,310330128, 485.17025009170965, 3794354, 25.34023314473543, 206918, 0, 0.0, 40, 
2019-12-08 11:31:09.727,320420864, 485.17025009170965, 3794830, 25.34023314473543, 206943, 0, 0.0, 40, 
2019-12-08 11:31:10.752,331777968, 485.92421126552614, 3795330, 25.66483418011658, 206970, 0, 0.0, 40, 
2019-12-08 11:31:11.778,342777208, 485.92421126552614, 3795819, 25.66483418011658, 206998, 0, 0.0, 40, 
2019-12-08 11:31:12.804,354284896, 485.92421126552614, 3796308, 25.66483418011658, 207022, 0, 0.0, 40, 
2019-12-08 11:31:13.831,362722536, 485.92421126552614, 3796792, 25.66483418011658, 207041, 0, 0.0, 40, 
2019-12-08 11:31:14.857,375453488, 485.92421126552614, 3797318, 25.66483418011658, 207070, 0, 0.0, 40, 
2019-12-08 11:31:15.882,385817432, 485.73837759326585, 3797807, 25.563703622848518, 207098, 0, 0.0, 40, 
2019-12-08 11:31:16.91,395291968, 485.73837759326585, 3798303, 25.563703622848518, 207124, 0, 0.0, 40, 
2019-12-08 11:31:17.935,404799592, 485.73837759326585, 3798798, 25.563703622848518, 207139, 0, 0.0, 40, 
2019-12-08 11:31:18.959,415974320, 485.73837759326585, 3799264, 25.563703622848518, 207163, 0, 0.0, 40, 
2019-12-08 11:31:19.992,143759864, 485.73837759326585, 3799756, 25.563703622848518, 207194, 0, 0.0, 40, 
2019-12-08 11:31:21.017,155241048, 484.767846507346, 3800260, 25.3427300818926, 207215, 0, 0.0, 40, 
2019-12-08 11:31:22.048,166787824, 484.767846507346, 3800783, 25.3427300818926, 207240, 0, 0.0, 40, 
2019-12-08 11:31:23.075,177572048, 484.767846507346, 3801301, 25.3427300818926, 207259, 0, 0.0, 40, 
2019-12-08 11:31:24.11,187589880, 484.767846507346, 3801803, 25.3427300818926, 207281, 0, 0.0, 40, 
2019-12-08 11:31:25.136,199105128, 484.767846507346, 3802276, 25.3427300818926, 207310, 0, 0.0, 40, 
2019-12-08 11:31:26.162,209303304, 485.6339376806761, 3802795, 25.187397960977655, 207334, 0, 0.0, 40, 
2019-12-08 11:31:27.189,220476096, 485.6339376806761, 3803305, 25.187397960977655, 207354, 0, 0.0, 40, 
2019-12-08 11:31:28.215,230122048, 485.6339376806761, 3803836, 25.187397960977655, 207380, 0, 0.0, 40, 
2019-12-08 11:31:29.24,240934536, 485.6339376806761, 3804290, 25.187397960977655, 207405, 0, 0.0, 40, 
2019-12-08 11:31:30.265,251800888, 485.6339376806761, 3804759, 25.187397960977655, 207427, 0, 0.0, 40, 
2019-12-08 11:31:31.292,262796640, 485.15149066132744, 3805249, 24.996512159494927, 207451, 0, 0.0, 40, 
2019-12-08 11:31:32.33,273337088, 485.15149066132744, 3805753, 24.996512159494927, 207479, 0, 0.0, 40, 
2019-12-08 11:31:33.354,284378024, 485.15149066132744, 3806247, 24.996512159494927, 207508, 0, 0.0, 40, 
2019-12-08 11:31:34.378,294236968, 485.15149066132744, 3806683, 24.996512159494927, 207531, 0, 0.0, 40, 
2019-12-08 11:31:35.408,303948080, 485.15149066132744, 3807180, 24.996512159494927, 207554, 0, 0.0, 40, 
2019-12-08 11:31:36.435,314628440, 483.95603547333684, 3807668, 24.996791031824188, 207584, 0, 0.0, 40, 
2019-12-08 11:31:37.459,325956000, 483.95603547333684, 3808171, 24.996791031824188, 207617, 0, 0.0, 40, 
2019-12-08 11:31:38.49,336271096, 483.95603547333684, 3808649, 24.996791031824188, 207634, 0, 0.0, 40, 
2019-12-08 11:31:39.515,347296848, 483.95603547333684, 3809181, 24.996791031824188, 207652, 0, 0.0, 40, 
2019-12-08 11:31:40.541,357067176, 483.95603547333684, 3809691, 24.996791031824188, 207674, 0, 0.0, 40, 
2019-12-08 11:31:41.574,367809128, 484.3913108438034, 3810179, 24.8531275530859, 207693, 0, 0.0, 40, 
2019-12-08 11:31:42.599,377505760, 484.3913108438034, 3810653, 24.8531275530859, 207714, 0, 0.0, 40, 
2019-12-08 11:31:43.623,389790960, 484.3913108438034, 3811152, 24.8531275530859, 207746, 0, 0.0, 40, 
2019-12-08 11:31:44.649,400295488, 484.3913108438034, 3811664, 24.8531275530859, 207769, 0, 0.0, 40, 
2019-12-08 11:31:45.681,411300648, 484.3913108438034, 3812172, 24.8531275530859, 207788, 0, 0.0, 40, 
2019-12-08 11:31:46.706,422239768, 484.4239878245217, 3812636, 24.65698630358998, 207812, 0, 0.0, 40, 
2019-12-08 11:31:47.73,149478936, 484.4239878245217, 3813165, 24.65698630358998, 207833, 0, 0.0, 40, 
2019-12-08 11:31:48.757,159159040, 484.4239878245217, 3813649, 24.65698630358998, 207857, 0, 0.0, 40, 
2019-12-08 11:31:49.781,169864088, 484.4239878245217, 3814142, 24.65698630358998, 207894, 0, 0.0, 40, 
2019-12-08 11:31:50.806,179782632, 483.9423363517463, 3814627, 24.524500993735252, 207905, 0, 0.0, 40, 
2019-12-08 11:31:51.832,190529496, 483.9423363517463, 3815131, 24.524500993735252, 207931, 0, 0.0, 40, 
2019-12-08 11:31:52.856,201454112, 483.9423363517463, 3815630, 24.524500993735252, 207960, 0, 0.0, 40, 
2019-12-08 11:31:53.886,212464208, 483.9423363517463, 3816124, 24.524500993735252, 207982, 0, 0.0, 40, 
2019-12-08 11:31:54.918,224004008, 483.9423363517463, 3816635, 24.524500993735252, 208006, 0, 0.0, 40, 
2019-12-08 11:31:55.942,234077376, 484.07487581909015, 3817117, 24.70643984879154, 208043, 0, 0.0, 40, 
2019-12-08 11:31:56.968,244356568, 484.07487581909015, 3817604, 24.70643984879154, 208071, 0, 0.0, 40, 
2019-12-08 11:31:57.992,255010024, 484.07487581909015, 3818073, 24.70643984879154, 208103, 0, 0.0, 40, 
2019-12-08 11:31:59.016,266097248, 484.07487581909015, 3818582, 24.70643984879154, 208131, 0, 0.0, 40, 
2019-12-08 11:32:00.041,275494064, 484.07487581909015, 3819031, 24.70643984879154, 208158, 0, 0.0, 40, 
2019-12-08 11:32:01.073,286265208, 482.80559083028794, 3819535, 24.921805027412542, 208185, 0, 0.0, 40, 
2019-12-08 11:32:02.099,295979272, 482.80559083028794, 3820047, 24.921805027412542, 208197, 0, 0.0, 40, 
2019-12-08 11:32:03.126,308095352, 482.80559083028794, 3820539, 24.921805027412542, 208236, 0, 0.0, 40, 
2019-12-08 11:32:04.151,319243176, 482.80559083028794, 3821059, 24.921805027412542, 208258, 0, 0.0, 40, 
2019-12-08 11:32:05.177,329957000, 482.80559083028794, 3821549, 24.921805027412542, 208280, 0, 0.0, 40, 
2019-12-08 11:32:06.203,340525072, 483.444788495145, 3822055, 24.816119332699866, 208307, 0, 0.0, 40, 
2019-12-08 11:32:07.229,352237776, 483.444788495145, 3822579, 24.816119332699866, 208329, 0, 0.0, 40, 
2019-12-08 11:32:08.261,362500560, 483.444788495145, 3823088, 24.816119332699866, 208353, 0, 0.0, 40, 
2019-12-08 11:32:09.287,372686344, 483.444788495145, 3823564, 24.816119332699866, 208377, 0, 0.0, 40, 
2019-12-08 11:32:10.311,384907520, 483.444788495145, 3824091, 24.816119332699866, 208398, 0, 0.0, 40, 
2019-12-08 11:32:11.336,394392224, 484.41666554632013, 3824574, 24.67091044835085, 208426, 0, 0.0, 40, 
2019-12-08 11:32:12.363,405969096, 484.41666554632013, 3825090, 24.67091044835085, 208449, 0, 0.0, 40, 
2019-12-08 11:32:13.401,416325376, 484.41666554632013, 3825597, 24.67091044835085, 208483, 0, 0.0, 40, 
2019-12-08 11:32:14.427,144328672, 484.41666554632013, 3826134, 24.67091044835085, 208510, 0, 0.0, 40, 
2019-12-08 11:32:15.453,155125712, 484.41666554632013, 3826646, 24.67091044835085, 208533, 0, 0.0, 40, 
2019-12-08 11:32:16.481,166014744, 485.19889777944127, 3827146, 24.745196347314735, 208558, 0, 0.0, 40, 
2019-12-08 11:32:17.508,177029240, 485.19889777944127, 3827642, 24.745196347314735, 208590, 0, 0.0, 40, 
2019-12-08 11:32:18.535,187877384, 485.19889777944127, 3828153, 24.745196347314735, 208616, 0, 0.0, 40, 
2019-12-08 11:32:19.563,197028008, 485.19889777944127, 3828660, 24.745196347314735, 208646, 0, 0.0, 40, 
2019-12-08 11:32:20.588,208410336, 485.19889777944127, 3829148, 24.745196347314735, 208670, 0, 0.0, 40, 
2019-12-08 11:32:21.615,219889728, 485.59876383498465, 3829654, 25.005436078631803, 208700, 0, 0.0, 40, 
2019-12-08 11:32:22.64,230299312, 485.59876383498465, 3830172, 25.005436078631803, 208724, 0, 0.0, 40, 
2019-12-08 11:32:23.667,241938272, 485.59876383498465, 3830691, 25.005436078631803, 208749, 0, 0.0, 40, 
2019-12-08 11:32:24.697,252751896, 485.59876383498465, 3831180, 25.005436078631803, 208775, 0, 0.0, 40, 
2019-12-08 11:32:25.722,264023528, 485.59876383498465, 3831673, 25.005436078631803, 208801, 0, 0.0, 40, 
2019-12-08 11:32:26.749,274977792, 486.1265695367286, 3832135, 24.98901031670854, 208837, 0, 0.0, 40, 
2019-12-08 11:32:27.775,284598936, 486.1265695367286, 3832643, 24.98901031670854, 208862, 0, 0.0, 40, 
2019-12-08 11:32:28.801,295237080, 486.1265695367286, 3833127, 24.98901031670854, 208893, 0, 0.0, 40, 
2019-12-08 11:32:29.828,305109440, 486.1265695367286, 3833614, 24.98901031670854, 208920, 0, 0.0, 40, 
2019-12-08 11:32:30.856,316581488, 484.99707140013993, 3834100, 25.229755759381177, 208946, 0, 0.0, 40, 
2019-12-08 11:32:31.881,327242608, 484.99707140013993, 3834600, 25.229755759381177, 208968, 0, 0.0, 40, 
2019-12-08 11:32:32.907,337267192, 484.99707140013993, 3835097, 25.229755759381177, 208993, 0, 0.0, 40, 
2019-12-08 11:32:33.934,348991728, 484.99707140013993, 3835604, 25.229755759381177, 209015, 0, 0.0, 40, 
2019-12-08 11:32:34.968,360087368, 484.99707140013993, 3836093, 25.229755759381177, 209037, 0, 0.0, 40, 
2019-12-08 11:32:35.994,370746576, 484.981314440982, 3836565, 25.035483215332082, 209064, 0, 0.0, 40, 
2019-12-08 11:32:37.019,381561160, 484.981314440982, 3837059, 25.035483215332082, 209094, 0, 0.0, 40, 
2019-12-08 11:32:38.047,392195936, 484.981314440982, 3837544, 25.035483215332082, 209114, 0, 0.0, 40, 
2019-12-08 11:32:39.094,400921048, 484.981314440982, 3838029, 25.035483215332082, 209153, 0, 0.0, 40, 
2019-12-08 11:32:40.12,412101776, 484.981314440982, 3838507, 25.035483215332082, 209184, 0, 0.0, 40, 
2019-12-08 11:32:41.144,423567688, 483.70351908986044, 3839022, 25.384450709710347, 209212, 0, 0.0, 40, 
2019-12-08 11:32:42.17,150493720, 483.70351908986044, 3839500, 25.384450709710347, 209237, 0, 0.0, 40, 
2019-12-08 11:32:43.195,161002264, 483.70351908986044, 3839986, 25.384450709710347, 209255, 0, 0.0, 40, 
2019-12-08 11:32:44.22,173092664, 483.70351908986044, 3840452, 25.384450709710347, 209281, 0, 0.0, 40, 
2019-12-08 11:32:45.245,183300640, 483.70351908986044, 3840935, 25.384450709710347, 209308, 0, 0.0, 40, 
2019-12-08 11:32:46.27,193205680, 482.5118994969476, 3841421, 25.161818323279658, 209329, 0, 0.0, 40, 
2019-12-08 11:32:47.296,203531144, 482.5118994969476, 3841921, 25.161818323279658, 209354, 0, 0.0, 40, 
2019-12-08 11:32:48.321,213136488, 482.5118994969476, 3842411, 25.161818323279658, 209383, 0, 0.0, 40, 
2019-12-08 11:32:49.349,223218104, 482.5118994969476, 3842890, 25.161818323279658, 209415, 0, 0.0, 40, 
2019-12-08 11:32:50.377,234924664, 482.5118994969476, 3843386, 25.161818323279658, 209442, 0, 0.0, 40, 
2019-12-08 11:32:51.4,246465152, 482.2950679852027, 3843874, 25.340773449407756, 209476, 0, 0.0, 40, 
2019-12-08 11:32:52.432,256083504, 482.2950679852027, 3844354, 25.340773449407756, 209498, 0, 0.0, 40, 
2019-12-08 11:32:53.459,266364224, 482.2950679852027, 3844883, 25.340773449407756, 209522, 0, 0.0, 40, 
2019-12-08 11:32:54.485,277701288, 482.2950679852027, 3845359, 25.340773449407756, 209538, 0, 0.0, 40, 
2019-12-08 11:32:55.511,289806504, 482.2950679852027, 3845888, 25.340773449407756, 209569, 0, 0.0, 40, 
2019-12-08 11:32:56.536,300931728, 483.05504038835426, 3846403, 25.31352670878157, 209594, 0, 0.0, 40, 
2019-12-08 11:32:57.56,309559952, 483.05504038835426, 3846872, 25.31352670878157, 209619, 0, 0.0, 40, 
2019-12-08 11:32:58.586,320485888, 483.05504038835426, 3847372, 25.31352670878157, 209640, 0, 0.0, 40, 
2019-12-08 11:32:59.611,331227488, 483.05504038835426, 3847849, 25.31352670878157, 209665, 0, 0.0, 40, 
2019-12-08 11:33:00.635,342379576, 483.05504038835426, 3848338, 25.31352670878157, 209685, 0, 0.0, 40, 
2019-12-08 11:33:01.66,353023680, 482.4909505042897, 3848860, 25.096565092361974, 209711, 0, 0.0, 40, 
2019-12-08 11:33:02.686,364065152, 482.4909505042897, 3849356, 25.096565092361974, 209740, 0, 0.0, 40, 
2019-12-08 11:33:03.712,373701616, 482.4909505042897, 3849862, 25.096565092361974, 209770, 0, 0.0, 40, 
2019-12-08 11:33:04.737,385828056, 482.4909505042897, 3850355, 25.096565092361974, 209789, 0, 0.0, 40, 
2019-12-08 11:33:05.763,396929400, 482.59561632299835, 3850827, 24.944924120208583, 209806, 0, 0.0, 40, 
2019-12-08 11:33:06.791,407047656, 482.59561632299835, 3851323, 24.944924120208583, 209833, 0, 0.0, 40, 
2019-12-08 11:33:07.816,418083240, 482.59561632299835, 3851819, 24.944924120208583, 209859, 0, 0.0, 40, 
2019-12-08 11:33:08.842,145028808, 482.59561632299835, 3852282, 24.944924120208583, 209885, 0, 0.0, 40, 
2019-12-08 11:33:09.868,155731656, 482.59561632299835, 3852768, 24.944924120208583, 209909, 0, 0.0, 40, 
2019-12-08 11:33:10.899,165174984, 482.4200645346436, 3853292, 25.04527444686192, 209937, 0, 0.0, 40, 
2019-12-08 11:33:11.929,175272456, 482.4200645346436, 3853812, 25.04527444686192, 209969, 0, 0.0, 40, 
2019-12-08 11:33:12.958,186430704, 482.4200645346436, 3854302, 25.04527444686192, 209994, 0, 0.0, 40, 
2019-12-08 11:33:13.988,197292960, 482.4200645346436, 3854812, 25.04527444686192, 210017, 0, 0.0, 40, 
2019-12-08 11:33:15.014,208390504, 482.4200645346436, 3855343, 25.04527444686192, 210040, 0, 0.0, 40, 
2019-12-08 11:33:16.04,219360864, 483.4578828728498, 3855846, 24.865752214145253, 210055, 0, 0.0, 40, 
2019-12-08 11:33:17.066,229404928, 483.4578828728498, 3856295, 24.865752214145253, 210093, 0, 0.0, 40, 
2019-12-08 11:33:18.094,240114904, 483.4578828728498, 3856792, 24.865752214145253, 210124, 0, 0.0, 40, 
2019-12-08 11:33:19.12,251562256, 483.4578828728498, 3857271, 24.865752214145253, 210153, 0, 0.0, 40, 
2019-12-08 11:33:20.144,261323080, 483.4578828728498, 3857739, 24.865752214145253, 210183, 0, 0.0, 40, 
2019-12-08 11:33:21.17,271942664, 482.3338766186787, 3858226, 25.260272884227234, 210212, 0, 0.0, 40, 
2019-12-08 11:33:22.194,281825888, 482.3338766186787, 3858737, 25.260272884227234, 210241, 0, 0.0, 40, 
2019-12-08 11:33:23.219,292491984, 482.3338766186787, 3859241, 25.260272884227234, 210271, 0, 0.0, 40, 
2019-12-08 11:33:24.244,304352584, 482.3338766186787, 3859766, 25.260272884227234, 210295, 0, 0.0, 40, 
2019-12-08 11:33:25.268,313766784, 482.3338766186787, 3860230, 25.260272884227234, 210319, 0, 0.0, 40, 
2019-12-08 11:33:26.295,326214312, 482.4351102547837, 3860714, 25.255453730486867, 210336, 0, 0.0, 40, 
2019-12-08 11:33:27.32,336159336, 482.4351102547837, 3861172, 25.255453730486867, 210368, 0, 0.0, 40, 
2019-12-08 11:33:28.35,346681600, 482.4351102547837, 3861660, 25.255453730486867, 210395, 0, 0.0, 40, 
2019-12-08 11:33:29.374,356485552, 482.4351102547837, 3862156, 25.255453730486867, 210416, 0, 0.0, 40, 
2019-12-08 11:33:30.399,367149792, 482.4351102547837, 3862682, 25.255453730486867, 210438, 0, 0.0, 40, 
2019-12-08 11:33:31.426,378752048, 481.88860501328935, 3863174, 25.235028777930665, 210466, 0, 0.0, 40, 
2019-12-08 11:33:32.451,388331896, 481.88860501328935, 3863651, 25.235028777930665, 210500, 0, 0.0, 40, 
2019-12-08 11:33:33.5,399372008, 481.88860501328935, 3864163, 25.235028777930665, 210529, 0, 0.0, 40, 
2019-12-08 11:33:34.527,410896248, 481.88860501328935, 3864664, 25.235028777930665, 210556, 0, 0.0, 40, 
2019-12-08 11:33:35.554,421579664, 481.88860501328935, 3865172, 25.235028777930665, 210583, 0, 0.0, 40, 
2019-12-08 11:33:36.58,149311904, 482.2812984744385, 3865673, 25.44011255345016, 210606, 0, 0.0, 40, 
2019-12-08 11:33:37.605,159140592, 482.2812984744385, 3866185, 25.44011255345016, 210639, 0, 0.0, 40, 
2019-12-08 11:33:38.631,171173616, 482.2812984744385, 3866717, 25.44011255345016, 210670, 0, 0.0, 40, 
2019-12-08 11:33:39.657,180616848, 482.2812984744385, 3867216, 25.44011255345016, 210699, 0, 0.0, 40, 
2019-12-08 11:33:40.682,192203320, 482.2812984744385, 3867726, 25.44011255345016, 210726, 0, 0.0, 40, 
2019-12-08 11:33:41.706,202811328, 483.50611422203343, 3868207, 25.58082538442556, 210756, 0, 0.0, 40, 
2019-12-08 11:33:42.73,212528808, 483.50611422203343, 3868682, 25.58082538442556, 210782, 0, 0.0, 40, 
2019-12-08 11:33:43.754,223319944, 483.50611422203343, 3869171, 25.58082538442556, 210807, 0, 0.0, 40, 
2019-12-08 11:33:44.789,234339344, 483.50611422203343, 3869711, 25.58082538442556, 210834, 0, 0.0, 40, 
2019-12-08 11:33:45.814,247267328, 483.91339884122215, 3870240, 25.614340736186342, 210856, 0, 0.0, 40, 
2019-12-08 11:33:46.848,257395184, 483.91339884122215, 3870729, 25.614340736186342, 210877, 0, 0.0, 40, 
2019-12-08 11:33:47.871,268081112, 483.91339884122215, 3871234, 25.614340736186342, 210906, 0, 0.0, 40, 
2019-12-08 11:33:48.897,278534960, 483.91339884122215, 3871736, 25.614340736186342, 210928, 0, 0.0, 40, 
2019-12-08 11:33:49.923,289606760, 483.91339884122215, 3872230, 25.614340736186342, 210955, 0, 0.0, 40, 
2019-12-08 11:33:50.95,300736304, 483.9523053217143, 3872715, 25.469274060562697, 210982, 0, 0.0, 40, 
2019-12-08 11:33:51.977,308518824, 483.9523053217143, 3873088, 25.469274060562697, 210998, 0, 0.0, 40, 
2019-12-08 11:33:53.004,309407248, 483.9523053217143, 3873088, 25.469274060562697, 210998, 0, 0.0, 40, 
2019-12-08 11:33:54.032,310325264, 483.9523053217143, 3873088, 25.469274060562697, 210998, 0, 0.0, 40, 
