Timestamp, MemoryUsed, ReadLatency1, ReadCount, WriteLatency1, WriteCount, PendingTasks, WaitingOnCommit1, SRDelay, 
2019-12-08 11:25:32.977,380159368, 17.88326802097729, 3616689, 3.641129928915739, 198636, 0, 0.0, 40, 
2019-12-08 11:25:34.047,381634720, 17.88326802097729, 3616689, 3.641129928915739, 198636, 0, 0.0, 40, 
2019-12-08 11:25:35.104,383351568, 17.88326802097729, 3616689, 3.641129928915739, 198636, 0, 0.0, 40, 
2019-12-08 11:25:36.166,384793656, 17.88326802097729, 3616689, 3.641129928915739, 198636, 0, 0.0, 40, 
2019-12-08 11:25:37.214,386266328, 16.453400858019346, 3616689, 3.3500012540385904, 198636, 0, 0.0, 40, 
2019-12-08 11:25:38.269,387427640, 16.453400858019346, 3616689, 3.3500012540385904, 198636, 0, 0.0, 40, 
2019-12-08 11:25:39.324,388868600, 16.453400858019346, 3616689, 3.3500012540385904, 198636, 0, 0.0, 40, 
2019-12-08 11:25:40.375,390579224, 16.453400858019346, 3616689, 3.3500012540385904, 198636, 0, 0.0, 40, 
2019-12-08 11:25:41.418,392047632, 15.137859561078013, 3616689, 3.082149942779434, 198636, 0, 0.0, 40, 
2019-12-08 11:25:42.468,393508016, 15.137859561078013, 3616689, 3.082149942779434, 198636, 0, 0.0, 40, 
2019-12-08 11:25:43.513,394738384, 15.137859561078013, 3616689, 3.082149942779434, 198636, 0, 0.0, 40, 
2019-12-08 11:25:44.544,397433088, 15.137859561078013, 3616752, 3.082149942779434, 198639, 0, 0.0, 40, 
2019-12-08 11:25:45.572,403376744, 15.137859561078013, 3616933, 3.082149942779434, 198650, 0, 0.0, 40, 
2019-12-08 11:25:46.599,425051200, 20.37192331948947, 3617170, 3.23549276675769, 198663, 0, 0.0, 40, 
2019-12-08 11:25:47.721,147339296, 20.37192331948947, 3617402, 3.23549276675769, 198677, 0, 0.0, 40, 
2019-12-08 11:25:48.777,153768984, 20.37192331948947, 3617735, 3.23549276675769, 198691, 0, 0.0, 40, 
2019-12-08 11:25:49.803,164854040, 20.37192331948947, 3618159, 3.23549276675769, 198727, 0, 0.0, 40, 
2019-12-08 11:25:50.835,178108152, 20.37192331948947, 3618779, 3.23549276675769, 198768, 0, 0.0, 40, 
2019-12-08 11:25:51.864,192804416, 49.74985027210158, 3619450, 4.943704448747636, 198812, 0, 0.0, 40, 
2019-12-08 11:25:52.895,208728856, 49.74985027210158, 3620170, 4.943704448747636, 198845, 0, 0.0, 40, 
2019-12-08 11:25:53.925,222965656, 49.74985027210158, 3620893, 4.943704448747636, 198890, 0, 0.0, 40, 
2019-12-08 11:25:54.953,239371568, 49.74985027210158, 3621653, 4.943704448747636, 198932, 0, 0.0, 40, 
2019-12-08 11:25:55.978,254470920, 49.74985027210158, 3622456, 4.943704448747636, 198965, 0, 0.0, 40, 
2019-12-08 11:25:57.005,271356896, 103.77185349938107, 3623255, 7.5547576755858445, 199003, 0, 0.0, 40, 
2019-12-08 11:25:58.032,287334232, 103.77185349938107, 3624028, 7.5547576755858445, 199037, 0, 0.0, 40, 
2019-12-08 11:25:59.065,301274368, 103.77185349938107, 3624791, 7.5547576755858445, 199072, 0, 0.0, 40, 
2019-12-08 11:26:00.091,318737000, 103.77185349938107, 3625557, 7.5547576755858445, 199121, 0, 0.0, 40, 
2019-12-08 11:26:01.116,333323632, 103.77185349938107, 3626309, 7.5547576755858445, 199162, 0, 0.0, 40, 
2019-12-08 11:26:02.143,349360672, 155.52135882121613, 3627084, 10.068980432757158, 199205, 0, 0.0, 40, 
2019-12-08 11:26:03.171,365669872, 155.52135882121613, 3627889, 10.068980432757158, 199249, 0, 0.0, 40, 
2019-12-08 11:26:04.2,382020552, 155.52135882121613, 3628689, 10.068980432757158, 199289, 0, 0.0, 40, 
2019-12-08 11:26:05.229,399290560, 155.52135882121613, 3629535, 10.068980432757158, 199335, 0, 0.0, 40, 
2019-12-08 11:26:06.254,416246016, 206.69922125993313, 3630393, 12.733981613257539, 199384, 0, 0.0, 40, 
2019-12-08 11:26:07.279,151177616, 206.69922125993313, 3631243, 12.733981613257539, 199425, 0, 0.0, 40, 
2019-12-08 11:26:08.302,168703984, 206.69922125993313, 3632154, 12.733981613257539, 199469, 0, 0.0, 40, 
2019-12-08 11:26:09.326,186123880, 206.69922125993313, 3633102, 12.733981613257539, 199514, 0, 0.0, 40, 
2019-12-08 11:26:10.349,204802208, 206.69922125993313, 3634038, 12.733981613257539, 199563, 0, 0.0, 40, 
2019-12-08 11:26:11.373,224071936, 262.2764109157084, 3635016, 15.201892181431603, 199608, 0, 0.0, 40, 
2019-12-08 11:26:12.398,244167032, 262.2764109157084, 3636051, 15.201892181431603, 199662, 0, 0.0, 40, 
2019-12-08 11:26:13.421,264271920, 262.2764109157084, 3637096, 15.201892181431603, 199707, 0, 0.0, 40, 
2019-12-08 11:26:14.444,284687512, 262.2764109157084, 3638114, 15.201892181431603, 199772, 0, 0.0, 40, 
2019-12-08 11:26:15.467,304230792, 262.2764109157084, 3639160, 15.201892181431603, 199833, 0, 0.0, 40, 
2019-12-08 11:26:16.493,325217360, 322.57280392277863, 3640238, 18.19207978382092, 199880, 0, 0.0, 40, 
2019-12-08 11:26:17.516,344840408, 322.57280392277863, 3641228, 18.19207978382092, 199942, 0, 0.0, 40, 
2019-12-08 11:26:18.54,364121256, 322.57280392277863, 3642289, 18.19207978382092, 200013, 0, 0.0, 40, 
2019-12-08 11:26:19.562,386646032, 322.57280392277863, 3643469, 18.19207978382092, 200064, 0, 0.0, 40, 
2019-12-08 11:26:20.586,409600440, 322.57280392277863, 3644677, 18.19207978382092, 200123, 0, 0.0, 40, 
2019-12-08 11:26:21.616,150786208, 384.41262812673403, 3645947, 21.470892049539525, 200176, 0, 0.0, 40, 
2019-12-08 11:26:22.661,172820992, 384.41262812673403, 3647108, 21.470892049539525, 200242, 0, 0.0, 40, 
2019-12-08 11:26:23.684,196444760, 384.41262812673403, 3648358, 21.470892049539525, 200306, 0, 0.0, 40, 
2019-12-08 11:26:24.712,220869192, 384.41262812673403, 3649694, 21.470892049539525, 200371, 0, 0.0, 40, 
2019-12-08 11:26:25.737,245677728, 384.41262812673403, 3651018, 21.470892049539525, 200442, 0, 0.0, 40, 
2019-12-08 11:26:26.759,269333696, 452.7896350464716, 3652275, 24.775385068566482, 200505, 0, 0.0, 40, 
2019-12-08 11:26:27.781,292826064, 452.7896350464716, 3653567, 24.775385068566482, 200568, 0, 0.0, 40, 
2019-12-08 11:26:28.805,317218776, 452.7896350464716, 3654894, 24.775385068566482, 200634, 0, 0.0, 40, 
2019-12-08 11:26:29.83,343053728, 452.7896350464716, 3656257, 24.775385068566482, 200704, 0, 0.0, 40, 
2019-12-08 11:26:30.861,369854632, 452.7896350464716, 3657739, 24.775385068566482, 200777, 0, 0.0, 40, 
2019-12-08 11:26:31.891,398273000, 523.055432206149, 3659220, 28.03954105294172, 200844, 0, 0.0, 40, 
2019-12-08 11:26:32.916,426575712, 523.055432206149, 3660833, 28.03954105294172, 200926, 0, 0.0, 40, 
2019-12-08 11:26:33.938,168975536, 523.055432206149, 3662242, 28.03954105294172, 201012, 0, 0.0, 40, 
2019-12-08 11:26:34.966,196787928, 523.055432206149, 3663746, 28.03954105294172, 201099, 0, 0.0, 40, 
2019-12-08 11:26:35.993,224553440, 523.055432206149, 3665321, 28.03954105294172, 201200, 0, 0.0, 40, 
2019-12-08 11:26:37.023,253576160, 598.9608328425784, 3666867, 32.54587453981376, 201295, 0, 0.0, 40, 
2019-12-08 11:26:38.059,279837304, 598.9608328425784, 3668345, 32.54587453981376, 201363, 0, 0.0, 40, 
2019-12-08 11:26:39.093,300989680, 598.9608328425784, 3669396, 32.54587453981376, 201424, 0, 0.0, 40, 
2019-12-08 11:26:40.13,323995896, 598.9608328425784, 3670626, 32.54587453981376, 201480, 0, 0.0, 40, 
2019-12-08 11:26:41.152,347140968, 598.9608328425784, 3671976, 32.54587453981376, 201550, 0, 0.0, 40, 
2019-12-08 11:26:42.185,373236632, 653.7335404544908, 3673353, 35.30067430941768, 201628, 0, 0.0, 40, 
2019-12-08 11:26:43.207,399025536, 653.7335404544908, 3674816, 35.30067430941768, 201725, 0, 0.0, 40, 
2019-12-08 11:26:44.241,415806280, 653.7335404544908, 3675692, 35.30067430941768, 201782, 0, 0.0, 40, 
2019-12-08 11:26:45.284,428010080, 653.7335404544908, 3676204, 35.30067430941768, 201801, 0, 0.0, 40, 
2019-12-08 11:26:46.322,154788384, 674.4953242285832, 3676704, 36.747816489822725, 201829, 0, 0.0, 40, 
2019-12-08 11:26:47.356,166329096, 674.4953242285832, 3677210, 36.747816489822725, 201843, 0, 0.0, 40, 
2019-12-08 11:26:48.382,176668560, 674.4953242285832, 3677688, 36.747816489822725, 201870, 0, 0.0, 40, 
2019-12-08 11:26:49.411,187271592, 674.4953242285832, 3678183, 36.747816489822725, 201900, 0, 0.0, 40, 
2019-12-08 11:26:50.444,198078112, 674.4953242285832, 3678664, 36.747816489822725, 201922, 0, 0.0, 40, 
2019-12-08 11:26:51.474,209761264, 659.1202390158428, 3679180, 35.61661954066203, 201947, 0, 0.0, 40, 
2019-12-08 11:26:52.504,218510520, 659.1202390158428, 3679647, 35.61661954066203, 201970, 0, 0.0, 40, 
2019-12-08 11:26:53.53,230089952, 659.1202390158428, 3680136, 35.61661954066203, 201992, 0, 0.0, 40, 
2019-12-08 11:26:54.563,239855576, 659.1202390158428, 3680641, 35.61661954066203, 202020, 0, 0.0, 40, 
2019-12-08 11:26:55.591,250772712, 659.1202390158428, 3681128, 35.61661954066203, 202037, 0, 0.0, 40, 
2019-12-08 11:26:56.623,261348976, 644.4627619950388, 3681641, 34.62384145696341, 202065, 0, 0.0, 40, 
2019-12-08 11:26:57.656,271966888, 644.4627619950388, 3682124, 34.62384145696341, 202093, 0, 0.0, 40, 
2019-12-08 11:26:58.688,283729992, 644.4627619950388, 3682617, 34.62384145696341, 202122, 0, 0.0, 40, 
2019-12-08 11:26:59.718,293423800, 644.4627619950388, 3683145, 34.62384145696341, 202142, 0, 0.0, 40, 
2019-12-08 11:27:00.752,305910960, 644.4627619950388, 3683652, 34.62384145696341, 202170, 0, 0.0, 40, 
2019-12-08 11:27:01.784,315604688, 632.1285925588281, 3684173, 33.90233493097973, 202195, 0, 0.0, 40, 
2019-12-08 11:27:02.809,326748640, 632.1285925588281, 3684679, 33.90233493097973, 202226, 0, 0.0, 40, 
2019-12-08 11:27:03.839,338513488, 632.1285925588281, 3685164, 33.90233493097973, 202252, 0, 0.0, 40, 
2019-12-08 11:27:04.882,348415744, 632.1285925588281, 3685699, 33.90233493097973, 202284, 0, 0.0, 40, 
2019-12-08 11:27:05.911,360714912, 632.1285925588281, 3686177, 33.90233493097973, 202305, 0, 0.0, 40, 
2019-12-08 11:27:06.939,370444144, 620.4128131672456, 3686651, 33.35045470114877, 202342, 0, 0.0, 40, 
2019-12-08 11:27:07.968,381652160, 620.4128131672456, 3687174, 33.35045470114877, 202379, 0, 0.0, 40, 
2019-12-08 11:27:08.997,391406408, 620.4128131672456, 3687650, 33.35045470114877, 202406, 0, 0.0, 40, 
2019-12-08 11:27:10.028,403129880, 620.4128131672456, 3688145, 33.35045470114877, 202436, 0, 0.0, 40, 
2019-12-08 11:27:11.065,413782096, 620.4128131672456, 3688649, 33.35045470114877, 202467, 0, 0.0, 40, 
2019-12-08 11:27:12.114,424363104, 609.297962316434, 3689159, 33.08256713426048, 202486, 0, 0.0, 40, 
2019-12-08 11:27:13.14,151693008, 609.297962316434, 3689684, 33.08256713426048, 202516, 0, 0.0, 40, 
2019-12-08 11:27:14.171,161531368, 609.297962316434, 3690154, 33.08256713426048, 202539, 0, 0.0, 40, 
2019-12-08 11:27:15.202,172538904, 609.297962316434, 3690642, 33.08256713426048, 202566, 0, 0.0, 40, 
2019-12-08 11:27:16.227,183547440, 609.297962316434, 3691139, 33.08256713426048, 202595, 0, 0.0, 40, 
2019-12-08 11:27:17.257,194052824, 599.0238325204843, 3691595, 32.50028521603944, 202628, 0, 0.0, 40, 
2019-12-08 11:27:18.287,204770736, 599.0238325204843, 3692098, 32.50028521603944, 202647, 0, 0.0, 40, 
2019-12-08 11:27:19.327,214787984, 599.0238325204843, 3692588, 32.50028521603944, 202678, 0, 0.0, 40, 
2019-12-08 11:27:20.361,225880352, 599.0238325204843, 3693076, 32.50028521603944, 202702, 0, 0.0, 40, 
2019-12-08 11:27:21.398,236558424, 588.4997719425771, 3693549, 31.980551106514643, 202733, 0, 0.0, 40, 
2019-12-08 11:27:22.426,246187176, 588.4997719425771, 3694038, 31.980551106514643, 202758, 0, 0.0, 40, 
2019-12-08 11:27:23.453,257428440, 588.4997719425771, 3694536, 31.980551106514643, 202775, 0, 0.0, 40, 
2019-12-08 11:27:24.48,267405328, 588.4997719425771, 3695034, 31.980551106514643, 202797, 0, 0.0, 40, 
2019-12-08 11:27:25.506,278136120, 588.4997719425771, 3695524, 31.980551106514643, 202817, 0, 0.0, 40, 
2019-12-08 11:27:26.533,289812120, 579.312893417951, 3695997, 31.198541417545442, 202846, 0, 0.0, 40, 
2019-12-08 11:27:27.57,300991176, 579.312893417951, 3696501, 31.198541417545442, 202872, 0, 0.0, 40, 
2019-12-08 11:27:28.603,310963528, 579.312893417951, 3697014, 31.198541417545442, 202896, 0, 0.0, 40, 
2019-12-08 11:27:29.629,322609464, 579.312893417951, 3697497, 31.198541417545442, 202924, 0, 0.0, 40, 
2019-12-08 11:27:30.657,332388608, 579.312893417951, 3697981, 31.198541417545442, 202950, 0, 0.0, 40, 
2019-12-08 11:27:31.687,343635096, 571.6920952313459, 3698488, 30.798880112506023, 202983, 0, 0.0, 40, 
2019-12-08 11:27:32.713,354107072, 571.6920952313459, 3699000, 30.798880112506023, 203004, 0, 0.0, 40, 
2019-12-08 11:27:33.741,364073848, 571.6920952313459, 3699486, 30.798880112506023, 203031, 0, 0.0, 40, 
2019-12-08 11:27:34.767,375675960, 571.6920952313459, 3699996, 30.798880112506023, 203060, 0, 0.0, 40, 
2019-12-08 11:27:35.793,385745200, 571.6920952313459, 3700471, 30.798880112506023, 203081, 0, 0.0, 40, 
2019-12-08 11:27:36.822,396272160, 564.3927823174081, 3700977, 30.319236141542095, 203114, 0, 0.0, 40, 
2019-12-08 11:27:37.848,407124664, 564.3927823174081, 3701471, 30.319236141542095, 203140, 0, 0.0, 40, 
2019-12-08 11:27:38.877,417222568, 564.3927823174081, 3701913, 30.319236141542095, 203165, 0, 0.0, 40, 
2019-12-08 11:27:39.906,427796824, 564.3927823174081, 3702394, 30.319236141542095, 203189, 0, 0.0, 40, 
2019-12-08 11:27:40.933,155471808, 564.3927823174081, 3702877, 30.319236141542095, 203206, 0, 0.0, 40, 
2019-12-08 11:27:41.96,166698320, 556.8455521524528, 3703386, 29.797986799675428, 203229, 0, 0.0, 40, 
2019-12-08 11:27:42.998,179547248, 556.8455521524528, 3703942, 29.797986799675428, 203249, 0, 0.0, 40, 
2019-12-08 11:27:44.042,188506136, 556.8455521524528, 3704422, 29.797986799675428, 203272, 0, 0.0, 40, 
2019-12-08 11:27:45.069,199382456, 556.8455521524528, 3704896, 29.797986799675428, 203289, 0, 0.0, 40, 
2019-12-08 11:27:46.1,211602464, 556.8455521524528, 3705391, 29.797986799675428, 203316, 0, 0.0, 40, 
2019-12-08 11:27:47.128,222124088, 551.3889390811584, 3705895, 29.110529732098026, 203354, 0, 0.0, 40, 
2019-12-08 11:27:48.157,232459624, 551.3889390811584, 3706403, 29.110529732098026, 203372, 0, 0.0, 40, 
2019-12-08 11:27:49.189,242928200, 551.3889390811584, 3706877, 29.110529732098026, 203394, 0, 0.0, 40, 
2019-12-08 11:27:50.218,253241768, 551.3889390811584, 3707393, 29.110529732098026, 203431, 0, 0.0, 40, 
2019-12-08 11:27:51.25,265612704, 545.4571190288949, 3707854, 29.110529732098026, 203463, 0, 0.0, 40, 
2019-12-08 11:27:52.277,275707232, 545.4571190288949, 3708339, 29.08570114559313, 203484, 0, 0.0, 40, 
2019-12-08 11:27:53.308,286851496, 545.4571190288949, 3708846, 29.08570114559313, 203507, 0, 0.0, 40, 
2019-12-08 11:27:54.342,296576264, 545.4571190288949, 3709338, 29.08570114559313, 203527, 0, 0.0, 40, 
2019-12-08 11:27:55.368,306815544, 545.4571190288949, 3709813, 29.08570114559313, 203556, 0, 0.0, 40, 
2019-12-08 11:27:56.401,317413448, 539.5518298431479, 3710290, 28.567133113957965, 203580, 0, 0.0, 40, 
2019-12-08 11:27:57.427,327897368, 539.5518298431479, 3710790, 28.567133113957965, 203600, 0, 0.0, 40, 
2019-12-08 11:27:58.454,338044416, 539.5518298431479, 3711270, 28.567133113957965, 203636, 0, 0.0, 40, 
2019-12-08 11:27:59.486,349186984, 539.5518298431479, 3711758, 28.567133113957965, 203677, 0, 0.0, 40, 
2019-12-08 11:28:00.523,359958824, 539.5518298431479, 3712283, 28.567133113957965, 203704, 0, 0.0, 40, 
2019-12-08 11:28:01.551,372174312, 535.4299731111095, 3712804, 28.617734356293177, 203734, 0, 0.0, 40, 
2019-12-08 11:28:02.58,382055248, 535.4299731111095, 3713275, 28.617734356293177, 203755, 0, 0.0, 40, 
2019-12-08 11:28:03.607,392870056, 535.4299731111095, 3713752, 28.617734356293177, 203771, 0, 0.0, 40, 
2019-12-08 11:28:04.635,403875736, 535.4299731111095, 3714285, 28.617734356293177, 203803, 0, 0.0, 40, 
2019-12-08 11:28:05.664,414344760, 535.4299731111095, 3714773, 28.617734356293177, 203825, 0, 0.0, 40, 
2019-12-08 11:28:06.714,425607760, 531.0300193980781, 3715255, 28.168565117378794, 203844, 0, 0.0, 40, 
2019-12-08 11:28:07.74,152831688, 531.0300193980781, 3715767, 28.168565117378794, 203867, 0, 0.0, 40, 
2019-12-08 11:28:08.766,163091016, 531.0300193980781, 3716288, 28.168565117378794, 203894, 0, 0.0, 40, 
2019-12-08 11:28:09.792,174515136, 531.0300193980781, 3716771, 28.168565117378794, 203913, 0, 0.0, 40, 
2019-12-08 11:28:10.828,184458240, 531.0300193980781, 3717246, 28.168565117378794, 203934, 0, 0.0, 40, 
2019-12-08 11:28:11.859,195498392, 526.8059642719605, 3717768, 27.69134499959577, 203966, 0, 0.0, 40, 
2019-12-08 11:28:12.89,205501984, 526.8059642719605, 3718240, 27.69134499959577, 203994, 0, 0.0, 40, 
2019-12-08 11:28:13.916,217080016, 526.8059642719605, 3718753, 27.69134499959577, 204016, 0, 0.0, 40, 
2019-12-08 11:28:14.948,228634696, 526.8059642719605, 3719235, 27.69134499959577, 204042, 0, 0.0, 40, 
2019-12-08 11:28:15.997,238938656, 526.8059642719605, 3719750, 27.69134499959577, 204076, 0, 0.0, 40, 
2019-12-08 11:28:17.031,250085520, 523.3514061070915, 3720236, 27.588094754237595, 204097, 0, 0.0, 40, 
2019-12-08 11:28:18.061,261173264, 523.3514061070915, 3720747, 27.588094754237595, 204119, 0, 0.0, 40, 
2019-12-08 11:28:19.087,272242480, 523.3514061070915, 3721249, 27.588094754237595, 204141, 0, 0.0, 40, 
2019-12-08 11:28:20.113,282359136, 523.3514061070915, 3721731, 27.588094754237595, 204160, 0, 0.0, 40, 
2019-12-08 11:28:21.138,293079976, 523.3514061070915, 3722212, 27.588094754237595, 204191, 0, 0.0, 40, 
2019-12-08 11:28:22.166,303748072, 519.981165757602, 3722704, 27.2212509524264, 204225, 0, 0.0, 40, 
2019-12-08 11:28:23.193,313161696, 519.981165757602, 3723153, 27.2212509524264, 204247, 0, 0.0, 40, 
2019-12-08 11:28:24.221,324118896, 519.981165757602, 3723614, 27.2212509524264, 204283, 0, 0.0, 40, 
2019-12-08 11:28:25.25,335618560, 519.981165757602, 3724134, 27.2212509524264, 204309, 0, 0.0, 40, 
2019-12-08 11:28:26.276,346494472, 515.5531322309424, 3724608, 27.267525171307867, 204335, 0, 0.0, 40, 
2019-12-08 11:28:27.3,357224008, 515.5531322309424, 3725129, 27.267525171307867, 204362, 0, 0.0, 40, 
2019-12-08 11:28:28.328,366858616, 515.5531322309424, 3725589, 27.267525171307867, 204392, 0, 0.0, 40, 
2019-12-08 11:28:29.355,377760944, 515.5531322309424, 3726106, 27.267525171307867, 204423, 0, 0.0, 40, 
2019-12-08 11:28:30.383,388325072, 515.5531322309424, 3726590, 27.267525171307867, 204450, 0, 0.0, 40, 
2019-12-08 11:28:31.413,399635032, 513.1262297755837, 3727102, 27.230143922560423, 204472, 0, 0.0, 40, 
2019-12-08 11:28:32.444,410508392, 513.1262297755837, 3727609, 27.230143922560423, 204503, 0, 0.0, 40, 
2019-12-08 11:28:33.471,422171904, 513.1262297755837, 3728121, 27.230143922560423, 204531, 0, 0.0, 40, 
2019-12-08 11:28:34.498,148947416, 513.1262297755837, 3728593, 27.230143922560423, 204557, 0, 0.0, 40, 
2019-12-08 11:28:35.525,160016416, 513.1262297755837, 3729103, 27.230143922560423, 204587, 0, 0.0, 40, 
2019-12-08 11:28:36.551,169932216, 511.14922959986706, 3729605, 27.195751513438466, 204617, 0, 0.0, 40, 
2019-12-08 11:28:37.578,181380056, 511.14922959986706, 3730146, 27.195751513438466, 204647, 0, 0.0, 40, 
2019-12-08 11:28:38.604,192224952, 511.14922959986706, 3730651, 27.195751513438466, 204665, 0, 0.0, 40, 
2019-12-08 11:28:39.634,202580008, 511.14922959986706, 3731145, 27.195751513438466, 204698, 0, 0.0, 40, 
2019-12-08 11:28:40.661,213956352, 511.14922959986706, 3731645, 27.195751513438466, 204728, 0, 0.0, 40, 
2019-12-08 11:28:41.693,225146104, 510.0339107817397, 3732174, 27.37199349148392, 204760, 0, 0.0, 40, 
2019-12-08 11:28:42.719,235405064, 510.0339107817397, 3732681, 27.37199349148392, 204778, 0, 0.0, 40, 
2019-12-08 11:28:43.746,245740896, 510.0339107817397, 3733178, 27.37199349148392, 204801, 0, 0.0, 40, 
2019-12-08 11:28:44.772,257563632, 510.0339107817397, 3733698, 27.37199349148392, 204835, 0, 0.0, 40, 
2019-12-08 11:28:45.797,267824256, 510.0339107817397, 3734170, 27.37199349148392, 204855, 0, 0.0, 40, 
2019-12-08 11:28:46.823,279989464, 508.22420319595795, 3734674, 27.13436601215448, 204885, 0, 0.0, 40, 
2019-12-08 11:28:47.851,290423904, 508.22420319595795, 3735153, 27.13436601215448, 204904, 0, 0.0, 40, 
2019-12-08 11:28:48.877,300800216, 508.22420319595795, 3735644, 27.13436601215448, 204926, 0, 0.0, 40, 
2019-12-08 11:28:49.914,312724736, 508.22420319595795, 3736149, 27.13436601215448, 204954, 0, 0.0, 40, 
2019-12-08 11:28:50.94,323894464, 508.22420319595795, 3736650, 27.13436601215448, 204979, 0, 0.0, 40, 
2019-12-08 11:28:51.967,333617128, 506.2553606151387, 3737148, 26.755827006293632, 205004, 0, 0.0, 40, 
2019-12-08 11:28:53.0,344572168, 506.2553606151387, 3737643, 26.755827006293632, 205029, 0, 0.0, 40, 
2019-12-08 11:28:54.025,354858512, 506.2553606151387, 3738129, 26.755827006293632, 205052, 0, 0.0, 40, 
2019-12-08 11:28:55.053,366751152, 506.2553606151387, 3738632, 26.755827006293632, 205074, 0, 0.0, 40, 
2019-12-08 11:28:56.081,377387536, 506.2553606151387, 3739130, 26.755827006293632, 205114, 0, 0.0, 40, 
2019-12-08 11:28:57.108,388493728, 504.39596464414916, 3739635, 26.839314469233678, 205142, 0, 0.0, 40, 
2019-12-08 11:28:58.133,398782584, 504.39596464414916, 3740124, 26.839314469233678, 205170, 0, 0.0, 40, 
2019-12-08 11:28:59.16,408319624, 504.39596464414916, 3740603, 26.839314469233678, 205202, 0, 0.0, 40, 
2019-12-08 11:29:00.186,418650872, 504.39596464414916, 3741078, 26.839314469233678, 205224, 0, 0.0, 40, 
2019-12-08 11:29:01.213,429061376, 504.39596464414916, 3741567, 26.839314469233678, 205249, 0, 0.0, 40, 
2019-12-08 11:29:02.239,157020440, 501.8856819127491, 3742062, 26.724233238313612, 205266, 0, 0.0, 40, 
2019-12-08 11:29:03.265,167222448, 501.8856819127491, 3742579, 26.724233238313612, 205291, 0, 0.0, 40, 
2019-12-08 11:29:04.292,176626600, 501.8856819127491, 3743044, 26.724233238313612, 205317, 0, 0.0, 40, 
2019-12-08 11:29:05.318,188102544, 501.8856819127491, 3743521, 26.724233238313612, 205346, 0, 0.0, 40, 
2019-12-08 11:29:06.346,198633400, 499.6720570090289, 3743996, 26.506415575057993, 205372, 0, 0.0, 40, 
2019-12-08 11:29:07.372,209783008, 499.6720570090289, 3744444, 26.506415575057993, 205391, 0, 0.0, 40, 
2019-12-08 11:29:08.396,221131672, 499.6720570090289, 3744954, 26.506415575057993, 205410, 0, 0.0, 40, 
2019-12-08 11:29:09.422,231976504, 499.6720570090289, 3745436, 26.506415575057993, 205447, 0, 0.0, 40, 
2019-12-08 11:29:10.45,242713440, 499.6720570090289, 3745937, 26.506415575057993, 205467, 0, 0.0, 40, 
2019-12-08 11:29:11.477,253681744, 498.1311484095749, 3746470, 26.258040299349645, 205491, 0, 0.0, 40, 
2019-12-08 11:29:12.504,263195752, 498.1311484095749, 3746953, 26.258040299349645, 205517, 0, 0.0, 40, 
2019-12-08 11:29:13.53,274380040, 498.1311484095749, 3747449, 26.258040299349645, 205539, 0, 0.0, 40, 
2019-12-08 11:29:14.557,285129168, 498.1311484095749, 3747962, 26.258040299349645, 205575, 0, 0.0, 40, 
2019-12-08 11:29:15.584,296682808, 498.1311484095749, 3748493, 26.258040299349645, 205599, 0, 0.0, 40, 
2019-12-08 11:29:16.612,307669856, 497.3530887421584, 3749006, 26.189435184943513, 205613, 0, 0.0, 40, 
2019-12-08 11:29:17.639,317564592, 497.3530887421584, 3749514, 26.189435184943513, 205642, 0, 0.0, 40, 
2019-12-08 11:29:18.665,329689768, 497.3530887421584, 3750026, 26.189435184943513, 205665, 0, 0.0, 40, 
2019-12-08 11:29:19.699,340352552, 497.3530887421584, 3750541, 26.189435184943513, 205699, 0, 0.0, 40, 
2019-12-08 11:29:20.724,351400032, 497.3530887421584, 3751085, 26.189435184943513, 205725, 0, 0.0, 40, 
2019-12-08 11:29:21.751,361885480, 498.01247535927916, 3751588, 26.126315432619148, 205750, 0, 0.0, 40, 
2019-12-08 11:29:22.789,373184664, 498.01247535927916, 3752059, 26.126315432619148, 205779, 0, 0.0, 40, 
2019-12-08 11:29:23.825,384580384, 498.01247535927916, 3752595, 26.126315432619148, 205804, 0, 0.0, 40, 
2019-12-08 11:29:24.852,392992520, 498.01247535927916, 3753099, 26.126315432619148, 205824, 0, 0.0, 40, 
2019-12-08 11:29:25.878,405084784, 498.01247535927916, 3753574, 26.126315432619148, 205842, 0, 0.0, 40, 
2019-12-08 11:29:26.903,414408248, 496.7321885186944, 3754058, 25.796393466780025, 205874, 0, 0.0, 40, 
2019-12-08 11:29:27.935,425588472, 496.7321885186944, 3754563, 25.796393466780025, 205896, 0, 0.0, 40, 
2019-12-08 11:29:28.96,155680672, 496.7321885186944, 3755070, 25.796393466780025, 205919, 0, 0.0, 40, 
2019-12-08 11:29:29.987,165538392, 496.7321885186944, 3755547, 25.796393466780025, 205949, 0, 0.0, 40, 
2019-12-08 11:29:31.014,176136376, 496.7321885186944, 3756062, 25.796393466780025, 205974, 0, 0.0, 40, 
2019-12-08 11:29:32.046,186835840, 496.08197462533747, 3756554, 25.78069071218065, 206011, 0, 0.0, 40, 
2019-12-08 11:29:33.072,197644168, 496.08197462533747, 3757044, 25.78069071218065, 206045, 0, 0.0, 40, 
2019-12-08 11:29:34.098,208773440, 496.08197462533747, 3757509, 25.78069071218065, 206075, 0, 0.0, 40, 
2019-12-08 11:29:35.124,219544952, 496.08197462533747, 3757991, 25.78069071218065, 206102, 0, 0.0, 40, 
2019-12-08 11:29:36.15,229234616, 496.08197462533747, 3758465, 25.78069071218065, 206125, 0, 0.0, 40, 
2019-12-08 11:29:37.189,239194112, 493.59679714969207, 3758973, 26.134039173222313, 206154, 0, 0.0, 40, 
2019-12-08 11:29:38.215,250024992, 493.59679714969207, 3759474, 26.134039173222313, 206179, 0, 0.0, 40, 
2019-12-08 11:29:39.241,260651944, 493.59679714969207, 3759930, 26.134039173222313, 206209, 0, 0.0, 40, 
2019-12-08 11:29:40.268,270640792, 493.59679714969207, 3760416, 26.134039173222313, 206239, 0, 0.0, 40, 
2019-12-08 11:29:41.297,281861952, 492.65357732808934, 3760939, 26.363188748776754, 206274, 0, 0.0, 40, 
2019-12-08 11:29:42.324,293500176, 492.65357732808934, 3761425, 26.363188748776754, 206302, 0, 0.0, 40, 
2019-12-08 11:29:43.35,304128560, 492.65357732808934, 3761908, 26.363188748776754, 206330, 0, 0.0, 40, 
2019-12-08 11:29:44.377,314920784, 492.65357732808934, 3762382, 26.363188748776754, 206351, 0, 0.0, 40, 
2019-12-08 11:29:45.402,325476160, 492.65357732808934, 3762858, 26.363188748776754, 206382, 0, 0.0, 40, 
2019-12-08 11:29:46.427,336164576, 491.2420752189355, 3763369, 26.398114248064807, 206411, 0, 0.0, 40, 
2019-12-08 11:29:47.455,345845312, 491.2420752189355, 3763839, 26.398114248064807, 206437, 0, 0.0, 40, 
2019-12-08 11:29:48.48,356310760, 491.2420752189355, 3764327, 26.398114248064807, 206462, 0, 0.0, 40, 
2019-12-08 11:29:49.506,366811304, 491.2420752189355, 3764813, 26.398114248064807, 206487, 0, 0.0, 40, 
2019-12-08 11:29:50.536,378250232, 491.2420752189355, 3765298, 26.398114248064807, 206512, 0, 0.0, 40, 
2019-12-08 11:29:51.562,388424960, 489.3357681383538, 3765776, 26.318309439093973, 206542, 0, 0.0, 40, 
2019-12-08 11:29:52.592,399950032, 489.3357681383538, 3766305, 26.318309439093973, 206570, 0, 0.0, 40, 
2019-12-08 11:29:53.619,409916720, 489.3357681383538, 3766796, 26.318309439093973, 206593, 0, 0.0, 40, 
2019-12-08 11:29:54.649,421790448, 489.3357681383538, 3767289, 26.318309439093973, 206618, 0, 0.0, 40, 
2019-12-08 11:29:55.707,431846744, 489.3357681383538, 3767791, 26.318309439093973, 206650, 0, 0.0, 40, 
2019-12-08 11:29:56.74,158775376, 489.3409038344512, 3768315, 26.340832172784605, 206679, 0, 0.0, 40, 
2019-12-08 11:29:57.769,167927152, 489.3409038344512, 3768791, 26.340832172784605, 206702, 0, 0.0, 40, 
2019-12-08 11:29:58.799,178293504, 489.3409038344512, 3769270, 26.340832172784605, 206726, 0, 0.0, 40, 
2019-12-08 11:29:59.825,188198752, 489.3409038344512, 3769725, 26.340832172784605, 206750, 0, 0.0, 40, 
2019-12-08 11:30:00.852,199175608, 489.3409038344512, 3770239, 26.340832172784605, 206780, 0, 0.0, 40, 
2019-12-08 11:30:01.879,210267144, 488.06633953703, 3770743, 26.201642917377505, 206797, 0, 0.0, 40, 
2019-12-08 11:30:02.914,220997824, 488.06633953703, 3771216, 26.201642917377505, 206820, 0, 0.0, 40, 
2019-12-08 11:30:03.946,230965752, 488.06633953703, 3771712, 26.201642917377505, 206839, 0, 0.0, 40, 
2019-12-08 11:30:04.985,242171872, 488.06633953703, 3772209, 26.201642917377505, 206875, 0, 0.0, 40, 
2019-12-08 11:30:06.011,253925184, 488.06633953703, 3772710, 26.201642917377505, 206896, 0, 0.0, 40, 
2019-12-08 11:30:07.049,264489808, 487.3574261692516, 3773178, 25.945653683770708, 206931, 0, 0.0, 40, 
2019-12-08 11:30:08.076,274202928, 487.3574261692516, 3773671, 25.945653683770708, 206959, 0, 0.0, 40, 
2019-12-08 11:30:09.102,284804160, 487.3574261692516, 3774169, 25.945653683770708, 206981, 0, 0.0, 40, 
2019-12-08 11:30:10.127,297026056, 487.3574261692516, 3774675, 25.945653683770708, 207004, 0, 0.0, 40, 
2019-12-08 11:30:11.158,307760904, 487.3574261692516, 3775185, 25.945653683770708, 207042, 0, 0.0, 40, 
2019-12-08 11:30:12.192,318457304, 486.8331233213641, 3775698, 26.109910146038914, 207073, 0, 0.0, 40, 
2019-12-08 11:30:13.22,329042104, 486.8331233213641, 3776199, 26.109910146038914, 207091, 0, 0.0, 40, 
2019-12-08 11:30:14.25,339608520, 486.8331233213641, 3776712, 26.109910146038914, 207111, 0, 0.0, 40, 
2019-12-08 11:30:15.281,350704592, 486.8331233213641, 3777187, 26.109910146038914, 207138, 0, 0.0, 40, 
2019-12-08 11:30:16.313,361772504, 486.52664370240643, 3777683, 25.94121104523284, 207167, 0, 0.0, 40, 
2019-12-08 11:30:17.339,371934152, 486.52664370240643, 3778164, 25.94121104523284, 207198, 0, 0.0, 40, 
2019-12-08 11:30:18.366,383908936, 486.52664370240643, 3778684, 25.94121104523284, 207228, 0, 0.0, 40, 
2019-12-08 11:30:19.392,394596960, 486.52664370240643, 3779168, 25.94121104523284, 207264, 0, 0.0, 40, 
2019-12-08 11:30:20.42,404223120, 486.52664370240643, 3779640, 25.94121104523284, 207299, 0, 0.0, 40, 
2019-12-08 11:30:21.458,414114240, 485.71696197734025, 3780129, 26.345689477377963, 207323, 0, 0.0, 40, 
2019-12-08 11:30:22.482,425652360, 485.71696197734025, 3780639, 26.345689477377963, 207344, 0, 0.0, 40, 
2019-12-08 11:30:23.507,153826128, 485.71696197734025, 3781146, 26.345689477377963, 207371, 0, 0.0, 40, 
2019-12-08 11:30:24.534,164354008, 485.71696197734025, 3781635, 26.345689477377963, 207396, 0, 0.0, 40, 
2019-12-08 11:30:25.563,173343480, 485.71696197734025, 3782124, 26.345689477377963, 207413, 0, 0.0, 40, 
2019-12-08 11:30:26.588,183482424, 485.243867818826, 3782608, 26.030209565523286, 207445, 0, 0.0, 40, 
2019-12-08 11:30:27.631,194102360, 485.243867818826, 3783094, 26.030209565523286, 207464, 0, 0.0, 40, 
2019-12-08 11:30:28.666,205373768, 485.243867818826, 3783620, 26.030209565523286, 207486, 0, 0.0, 40, 
2019-12-08 11:30:29.694,217380736, 485.243867818826, 3784138, 26.030209565523286, 207503, 0, 0.0, 40, 
2019-12-08 11:30:30.72,228446656, 485.243867818826, 3784637, 26.030209565523286, 207525, 0, 0.0, 40, 
2019-12-08 11:30:31.755,238646704, 485.8959961417324, 3785147, 25.675989566397103, 207557, 0, 0.0, 40, 
2019-12-08 11:30:32.782,249630816, 485.8959961417324, 3785590, 25.675989566397103, 207579, 0, 0.0, 40, 
2019-12-08 11:30:33.807,259463064, 485.8959961417324, 3786104, 25.675989566397103, 207612, 0, 0.0, 40, 
2019-12-08 11:30:34.833,271207168, 485.8959961417324, 3786631, 25.675989566397103, 207646, 0, 0.0, 40, 
2019-12-08 11:30:35.861,282223728, 485.8959961417324, 3787125, 25.675989566397103, 207682, 0, 0.0, 40, 
2019-12-08 11:30:36.888,293341344, 485.9522851823234, 3787640, 26.053700585913006, 207708, 0, 0.0, 40, 
2019-12-08 11:30:37.914,304063616, 485.9522851823234, 3788126, 26.053700585913006, 207741, 0, 0.0, 40, 
2019-12-08 11:30:38.943,314940280, 485.9522851823234, 3788639, 26.053700585913006, 207763, 0, 0.0, 40, 
2019-12-08 11:30:39.974,324798272, 485.9522851823234, 3789110, 26.053700585913006, 207783, 0, 0.0, 40, 
2019-12-08 11:30:41.0,335779024, 485.9522851823234, 3789606, 26.053700585913006, 207813, 0, 0.0, 40, 
2019-12-08 11:30:42.034,345833448, 485.5563223216483, 3790098, 26.01742468998331, 207846, 0, 0.0, 40, 
2019-12-08 11:30:43.06,356453984, 485.5563223216483, 3790593, 26.01742468998331, 207870, 0, 0.0, 40, 
2019-12-08 11:30:44.085,368043512, 485.5563223216483, 3791080, 26.01742468998331, 207883, 0, 0.0, 40, 
2019-12-08 11:30:45.11,378737256, 485.5563223216483, 3791589, 26.01742468998331, 207913, 0, 0.0, 40, 
2019-12-08 11:30:46.134,388744248, 485.5563223216483, 3792090, 26.01742468998331, 207936, 0, 0.0, 40, 
2019-12-08 11:30:47.16,413751664, 485.27197448865405, 3792625, 25.7921558496579, 207965, 0, 0.0, 40, 
2019-12-08 11:30:48.185,424602880, 485.27197448865405, 3793109, 25.7921558496579, 208002, 0, 0.0, 40, 
2019-12-08 11:30:49.211,149593576, 485.27197448865405, 3793613, 25.7921558496579, 208021, 0, 0.0, 40, 
2019-12-08 11:30:50.238,161862120, 485.27197448865405, 3794085, 25.7921558496579, 208054, 0, 0.0, 40, 
2019-12-08 11:30:51.264,172786104, 485.1702730238372, 3794575, 26.09661425769881, 208085, 0, 0.0, 40, 
2019-12-08 11:30:52.29,183544440, 485.1702730238372, 3795032, 26.09661425769881, 208111, 0, 0.0, 40, 
2019-12-08 11:30:53.316,194385984, 485.1702730238372, 3795534, 26.09661425769881, 208138, 0, 0.0, 40, 
2019-12-08 11:30:54.342,204618608, 485.1702730238372, 3796051, 26.09661425769881, 208163, 0, 0.0, 40, 
2019-12-08 11:30:55.367,215804832, 485.1702730238372, 3796524, 26.09661425769881, 208190, 0, 0.0, 40, 
2019-12-08 11:30:56.394,226545352, 484.5330051786521, 3797022, 25.91298712035386, 208208, 0, 0.0, 40, 
2019-12-08 11:30:57.42,236453184, 484.5330051786521, 3797521, 25.91298712035386, 208235, 0, 0.0, 40, 
2019-12-08 11:30:58.446,246130056, 484.5330051786521, 3798011, 25.91298712035386, 208263, 0, 0.0, 40, 
2019-12-08 11:30:59.472,257253704, 484.5330051786521, 3798526, 25.91298712035386, 208299, 0, 0.0, 40, 
2019-12-08 11:31:00.498,268190816, 484.5330051786521, 3799003, 25.91298712035386, 208325, 0, 0.0, 40, 
2019-12-08 11:31:01.526,279653160, 484.5383617888098, 3799515, 26.063864339747973, 208348, 0, 0.0, 40, 
2019-12-08 11:31:02.553,289677752, 484.5383617888098, 3799976, 26.063864339747973, 208381, 0, 0.0, 40, 
2019-12-08 11:31:03.582,301279360, 484.5383617888098, 3800492, 26.063864339747973, 208415, 0, 0.0, 40, 
2019-12-08 11:31:04.608,310199352, 484.5383617888098, 3800990, 26.063864339747973, 208432, 0, 0.0, 40, 
2019-12-08 11:31:05.634,321430128, 484.5383617888098, 3801477, 26.063864339747973, 208466, 0, 0.0, 40, 
2019-12-08 11:31:06.66,331531616, 484.20747664950994, 3801950, 26.09074026322738, 208482, 0, 0.0, 40, 
2019-12-08 11:31:07.687,341855312, 484.20747664950994, 3802422, 26.09074026322738, 208507, 0, 0.0, 40, 
2019-12-08 11:31:08.715,352624232, 484.20747664950994, 3802903, 26.09074026322738, 208532, 0, 0.0, 40, 
2019-12-08 11:31:09.738,365362368, 484.20747664950994, 3803396, 26.09074026322738, 208557, 0, 0.0, 40, 
2019-12-08 11:31:10.763,373988008, 484.20747664950994, 3803890, 26.09074026322738, 208585, 0, 0.0, 40, 
2019-12-08 11:31:11.791,384593440, 482.6717316105047, 3804335, 25.93956501869713, 208610, 0, 0.0, 40, 
2019-12-08 11:31:12.816,395893624, 482.6717316105047, 3804831, 25.93956501869713, 208635, 0, 0.0, 40, 
2019-12-08 11:31:13.842,405764816, 482.6717316105047, 3805303, 25.93956501869713, 208667, 0, 0.0, 40, 
2019-12-08 11:31:14.869,416392112, 482.6717316105047, 3805791, 25.93956501869713, 208687, 0, 0.0, 40, 
2019-12-08 11:31:15.894,427209064, 482.6717316105047, 3806294, 25.93956501869713, 208707, 0, 0.0, 40, 
2019-12-08 11:31:16.92,156181280, 482.23423610659563, 3806829, 25.736512611040308, 208729, 0, 0.0, 40, 
2019-12-08 11:31:17.946,166539880, 482.23423610659563, 3807332, 25.736512611040308, 208753, 0, 0.0, 40, 
2019-12-08 11:31:18.977,177473936, 482.23423610659563, 3807839, 25.736512611040308, 208781, 0, 0.0, 40, 
2019-12-08 11:31:20.003,187510064, 482.23423610659563, 3808338, 25.736512611040308, 208819, 0, 0.0, 40, 
2019-12-08 11:31:21.029,197687312, 482.23423610659563, 3808817, 25.736512611040308, 208841, 0, 0.0, 40, 
2019-12-08 11:31:22.059,207838272, 482.19951650450366, 3809295, 25.86951771898132, 208860, 0, 0.0, 40, 
2019-12-08 11:31:23.09,218147736, 482.19951650450366, 3809742, 25.86951771898132, 208879, 0, 0.0, 40, 
2019-12-08 11:31:24.121,229385304, 482.19951650450366, 3810219, 25.86951771898132, 208898, 0, 0.0, 40, 
2019-12-08 11:31:25.147,240182440, 482.19951650450366, 3810733, 25.86951771898132, 208923, 0, 0.0, 40, 
2019-12-08 11:31:26.174,249686496, 482.19951650450366, 3811201, 25.86951771898132, 208945, 0, 0.0, 40, 
2019-12-08 11:31:27.201,260240544, 481.03220361625716, 3811659, 25.32026140854593, 208969, 0, 0.0, 40, 
2019-12-08 11:31:28.227,270579488, 481.03220361625716, 3812166, 25.32026140854593, 208992, 0, 0.0, 40, 
2019-12-08 11:31:29.252,282647920, 481.03220361625716, 3812689, 25.32026140854593, 209016, 0, 0.0, 40, 
2019-12-08 11:31:30.278,292858360, 481.03220361625716, 3813182, 25.32026140854593, 209041, 0, 0.0, 40, 
2019-12-08 11:31:31.302,304142184, 481.07760210849074, 3813681, 25.246681368931597, 209068, 0, 0.0, 40, 
2019-12-08 11:31:32.34,316470872, 481.07760210849074, 3814201, 25.246681368931597, 209093, 0, 0.0, 40, 
2019-12-08 11:31:33.365,325395768, 481.07760210849074, 3814669, 25.246681368931597, 209114, 0, 0.0, 40, 
2019-12-08 11:31:34.394,336984456, 481.07760210849074, 3815203, 25.246681368931597, 209141, 0, 0.0, 40, 
2019-12-08 11:31:35.42,349448104, 481.07760210849074, 3815730, 25.246681368931597, 209167, 0, 0.0, 40, 
2019-12-08 11:31:36.446,356953480, 481.79099765481647, 3816196, 25.178984464456224, 209194, 0, 0.0, 40, 
2019-12-08 11:31:37.472,369973504, 481.79099765481647, 3816701, 25.178984464456224, 209220, 0, 0.0, 40, 
2019-12-08 11:31:38.501,380293416, 481.79099765481647, 3817178, 25.178984464456224, 209250, 0, 0.0, 40, 
2019-12-08 11:31:39.527,389803584, 481.79099765481647, 3817646, 25.178984464456224, 209277, 0, 0.0, 40, 
2019-12-08 11:31:40.555,400310888, 481.79099765481647, 3818114, 25.178984464456224, 209300, 0, 0.0, 40, 
2019-12-08 11:31:41.586,411680800, 480.8322504181471, 3818603, 25.30859371049559, 209337, 0, 0.0, 40, 
2019-12-08 11:31:42.611,421978768, 480.8322504181471, 3819088, 25.30859371049559, 209367, 0, 0.0, 40, 
2019-12-08 11:31:43.637,150360120, 480.8322504181471, 3819586, 25.30859371049559, 209402, 0, 0.0, 40, 
2019-12-08 11:31:44.667,157249984, 480.8322504181471, 3820042, 25.30859371049559, 209429, 0, 0.0, 40, 
2019-12-08 11:31:45.692,167353744, 480.8322504181471, 3820520, 25.30859371049559, 209450, 0, 0.0, 40, 
2019-12-08 11:31:46.718,179204736, 480.23800048534275, 3821033, 25.5077955587691, 209470, 0, 0.0, 40, 
2019-12-08 11:31:47.742,189297752, 480.23800048534275, 3821513, 25.5077955587691, 209501, 0, 0.0, 40, 
2019-12-08 11:31:48.768,200015720, 480.23800048534275, 3821981, 25.5077955587691, 209523, 0, 0.0, 40, 
2019-12-08 11:31:49.793,210655408, 480.23800048534275, 3822452, 25.5077955587691, 209550, 0, 0.0, 40, 
2019-12-08 11:31:50.817,221428272, 480.23800048534275, 3822933, 25.5077955587691, 209585, 0, 0.0, 40, 
2019-12-08 11:31:51.843,230793752, 478.8277438317689, 3823391, 25.611114521286304, 209614, 0, 0.0, 40, 
2019-12-08 11:31:52.867,242580184, 478.8277438317689, 3823890, 25.611114521286304, 209632, 0, 0.0, 40, 
2019-12-08 11:31:53.899,253537864, 478.8277438317689, 3824375, 25.611114521286304, 209657, 0, 0.0, 40, 
2019-12-08 11:31:54.931,263776376, 478.8277438317689, 3824858, 25.611114521286304, 209687, 0, 0.0, 40, 
2019-12-08 11:31:55.954,275203480, 478.8277438317689, 3825354, 25.611114521286304, 209718, 0, 0.0, 40, 
2019-12-08 11:31:56.979,285658736, 478.5856588013474, 3825853, 25.706172555675554, 209754, 0, 0.0, 40, 
2019-12-08 11:31:58.004,296405368, 478.5856588013474, 3826351, 25.706172555675554, 209786, 0, 0.0, 40, 
2019-12-08 11:31:59.027,307337800, 478.5856588013474, 3826825, 25.706172555675554, 209806, 0, 0.0, 40, 
2019-12-08 11:32:00.053,317635944, 478.5856588013474, 3827313, 25.706172555675554, 209838, 0, 0.0, 40, 
2019-12-08 11:32:01.086,327717296, 478.5856588013474, 3827804, 25.706172555675554, 209866, 0, 0.0, 40, 
2019-12-08 11:32:02.111,338388568, 478.29896535294614, 3828321, 25.905567988799973, 209905, 0, 0.0, 40, 
2019-12-08 11:32:03.137,350528976, 478.29896535294614, 3828823, 25.905567988799973, 209939, 0, 0.0, 40, 
2019-12-08 11:32:04.163,360056792, 478.29896535294614, 3829308, 25.905567988799973, 209961, 0, 0.0, 40, 
2019-12-08 11:32:05.189,371174800, 478.29896535294614, 3829813, 25.905567988799973, 209989, 0, 0.0, 40, 
2019-12-08 11:32:06.215,382473512, 478.29896535294614, 3830288, 25.905567988799973, 210014, 0, 0.0, 40, 
2019-12-08 11:32:07.247,392475392, 478.91470608611115, 3830777, 26.12100287749696, 210039, 0, 0.0, 40, 
2019-12-08 11:32:08.273,402554560, 478.91470608611115, 3831278, 26.12100287749696, 210059, 0, 0.0, 40, 
2019-12-08 11:32:09.299,412620408, 478.91470608611115, 3831754, 26.12100287749696, 210087, 0, 0.0, 40, 
2019-12-08 11:32:10.323,422848272, 478.91470608611115, 3832235, 26.12100287749696, 210111, 0, 0.0, 40, 
2019-12-08 11:32:11.348,150309512, 478.5217478840713, 3832714, 25.983399085002073, 210137, 0, 0.0, 40, 
2019-12-08 11:32:12.381,161246168, 478.5217478840713, 3833217, 25.983399085002073, 210152, 0, 0.0, 40, 
2019-12-08 11:32:13.412,172845728, 478.5217478840713, 3833693, 25.983399085002073, 210176, 0, 0.0, 40, 
2019-12-08 11:32:14.44,183521160, 478.5217478840713, 3834176, 25.983399085002073, 210207, 0, 0.0, 40, 
2019-12-08 11:32:15.465,195173608, 478.5217478840713, 3834680, 25.983399085002073, 210232, 0, 0.0, 40, 
2019-12-08 11:32:16.493,206306816, 478.6399423973258, 3835189, 25.792833015988798, 210258, 0, 0.0, 40, 
2019-12-08 11:32:17.521,216951264, 478.6399423973258, 3835708, 25.792833015988798, 210288, 0, 0.0, 40, 
2019-12-08 11:32:18.546,227210584, 478.6399423973258, 3836216, 25.792833015988798, 210323, 0, 0.0, 40, 
2019-12-08 11:32:19.575,237683032, 478.6399423973258, 3836678, 25.792833015988798, 210348, 0, 0.0, 40, 
2019-12-08 11:32:20.601,246983672, 478.6399423973258, 3837155, 25.792833015988798, 210362, 0, 0.0, 40, 
2019-12-08 11:32:21.626,257581408, 478.82864218445616, 3837670, 25.745432705168348, 210387, 0, 0.0, 40, 
2019-12-08 11:32:22.652,268575480, 478.82864218445616, 3838171, 25.745432705168348, 210408, 0, 0.0, 40, 
2019-12-08 11:32:23.682,279934056, 478.82864218445616, 3838663, 25.745432705168348, 210443, 0, 0.0, 40, 
2019-12-08 11:32:24.708,291340736, 478.82864218445616, 3839176, 25.745432705168348, 210471, 0, 0.0, 40, 
2019-12-08 11:32:25.733,302173240, 478.82864218445616, 3839634, 25.745432705168348, 210501, 0, 0.0, 40, 
2019-12-08 11:32:26.76,311632192, 478.8743254330541, 3840135, 25.76578678224284, 210524, 0, 0.0, 40, 
2019-12-08 11:32:27.786,321562096, 478.8743254330541, 3840598, 25.76578678224284, 210562, 0, 0.0, 40, 
2019-12-08 11:32:28.814,333273112, 478.8743254330541, 3841097, 25.76578678224284, 210595, 0, 0.0, 40, 
2019-12-08 11:32:29.839,344204544, 478.8743254330541, 3841590, 25.76578678224284, 210625, 0, 0.0, 40, 
2019-12-08 11:32:30.868,353886472, 478.8743254330541, 3842091, 25.76578678224284, 210650, 0, 0.0, 40, 
2019-12-08 11:32:31.892,365200376, 479.2521695093256, 3842595, 26.10433577865287, 210675, 0, 0.0, 40, 
2019-12-08 11:32:32.92,375883760, 479.2521695093256, 3843098, 26.10433577865287, 210701, 0, 0.0, 40, 
2019-12-08 11:32:33.949,388217240, 479.2521695093256, 3843596, 26.10433577865287, 210722, 0, 0.0, 40, 
2019-12-08 11:32:34.979,400338968, 479.2521695093256, 3844103, 26.10433577865287, 210743, 0, 0.0, 40, 
2019-12-08 11:32:36.006,410137416, 479.2521695093256, 3844619, 26.10433577865287, 210771, 0, 0.0, 40, 
2019-12-08 11:32:37.034,421383928, 479.9675985340051, 3845106, 25.936082379654223, 210795, 0, 0.0, 40, 
2019-12-08 11:32:38.08,431299336, 479.9675985340051, 3845582, 25.936082379654223, 210822, 0, 0.0, 40, 
2019-12-08 11:32:39.106,157588328, 479.9675985340051, 3846078, 25.936082379654223, 210851, 0, 0.0, 40, 
2019-12-08 11:32:40.131,168319736, 479.9675985340051, 3846562, 25.936082379654223, 210880, 0, 0.0, 40, 
2019-12-08 11:32:41.155,180115216, 479.9675985340051, 3847066, 25.936082379654223, 210906, 0, 0.0, 40, 
2019-12-08 11:32:42.181,191498824, 479.41050011459083, 3847572, 25.94119295040447, 210938, 0, 0.0, 40, 
2019-12-08 11:32:43.206,201284296, 479.41050011459083, 3848062, 25.94119295040447, 210966, 0, 0.0, 40, 
2019-12-08 11:32:44.231,213157112, 479.41050011459083, 3848574, 25.94119295040447, 210989, 0, 0.0, 40, 
2019-12-08 11:32:45.256,223326384, 479.41050011459083, 3849056, 25.94119295040447, 211022, 0, 0.0, 40, 
2019-12-08 11:32:46.281,234047848, 480.1292608401183, 3849564, 26.169770541516698, 211054, 0, 0.0, 40, 
2019-12-08 11:32:47.307,244606280, 480.1292608401183, 3850044, 26.169770541516698, 211086, 0, 0.0, 40, 
2019-12-08 11:32:48.333,255071352, 480.1292608401183, 3850516, 26.169770541516698, 211109, 0, 0.0, 40, 
2019-12-08 11:32:49.361,264750576, 480.1292608401183, 3851006, 26.169770541516698, 211143, 0, 0.0, 40, 
2019-12-08 11:32:50.387,276794608, 480.1292608401183, 3851539, 26.169770541516698, 211163, 0, 0.0, 40, 
2019-12-08 11:32:51.418,286368384, 480.0869434798329, 3852017, 26.06024973604622, 211182, 0, 0.0, 40, 
2019-12-08 11:32:52.445,298728768, 480.0869434798329, 3852556, 26.06024973604622, 211210, 0, 0.0, 40, 
2019-12-08 11:32:53.472,308916648, 480.0869434798329, 3853029, 26.06024973604622, 211242, 0, 0.0, 40, 
2019-12-08 11:32:54.497,321463864, 480.0869434798329, 3853482, 26.06024973604622, 211271, 0, 0.0, 40, 
2019-12-08 11:32:55.521,331052408, 480.0869434798329, 3853959, 26.06024973604622, 211297, 0, 0.0, 40, 
2019-12-08 11:32:56.547,341717048, 479.1205248385605, 3854438, 26.183361369725297, 211326, 0, 0.0, 40, 
2019-12-08 11:32:57.572,352880584, 479.1205248385605, 3854959, 26.183361369725297, 211358, 0, 0.0, 40, 
2019-12-08 11:32:58.597,363649208, 479.1205248385605, 3855474, 26.183361369725297, 211377, 0, 0.0, 40, 
2019-12-08 11:32:59.622,374477376, 479.1205248385605, 3855954, 26.183361369725297, 211403, 0, 0.0, 40, 
2019-12-08 11:33:00.646,384291984, 479.1205248385605, 3856459, 26.183361369725297, 211418, 0, 0.0, 40, 
2019-12-08 11:33:01.672,395243280, 480.31022198510186, 3856944, 25.97680719918492, 211444, 0, 0.0, 40, 
2019-12-08 11:33:02.697,405104976, 480.31022198510186, 3857419, 25.97680719918492, 211475, 0, 0.0, 40, 
2019-12-08 11:33:03.724,415841840, 480.31022198510186, 3857893, 25.97680719918492, 211497, 0, 0.0, 40, 
2019-12-08 11:33:04.748,427242368, 480.31022198510186, 3858403, 25.97680719918492, 211521, 0, 0.0, 40, 
2019-12-08 11:33:05.775,155118664, 480.31022198510186, 3858901, 25.97680719918492, 211553, 0, 0.0, 40, 
2019-12-08 11:33:06.802,165569168, 479.9975778973538, 3859397, 25.96267047607634, 211584, 0, 0.0, 40, 
2019-12-08 11:33:07.828,174937512, 479.9975778973538, 3859879, 25.96267047607634, 211613, 0, 0.0, 40, 
2019-12-08 11:33:08.854,184154968, 479.9975778973538, 3860365, 25.96267047607634, 211637, 0, 0.0, 40, 
2019-12-08 11:33:09.885,195520960, 479.9975778973538, 3860841, 25.96267047607634, 211664, 0, 0.0, 40, 
2019-12-08 11:33:10.914,206877736, 479.9975778973538, 3861342, 25.96267047607634, 211697, 0, 0.0, 40, 
2019-12-08 11:33:11.942,217836768, 479.51803804576457, 3861840, 26.189530819051157, 211726, 0, 0.0, 40, 
2019-12-08 11:33:12.97,228581744, 479.51803804576457, 3862322, 26.189530819051157, 211746, 0, 0.0, 40, 
2019-12-08 11:33:14.001,238335000, 479.51803804576457, 3862801, 26.189530819051157, 211786, 0, 0.0, 40, 
2019-12-08 11:33:15.026,250214776, 479.51803804576457, 3863274, 26.189530819051157, 211818, 0, 0.0, 40, 
2019-12-08 11:33:16.051,261888008, 479.51803804576457, 3863778, 26.189530819051157, 211848, 0, 0.0, 40, 
2019-12-08 11:33:17.08,270331608, 478.9489111471247, 3864244, 26.414243527580172, 211880, 0, 0.0, 40, 
2019-12-08 11:33:18.106,281480456, 478.9489111471247, 3864760, 26.414243527580172, 211910, 0, 0.0, 40, 
2019-12-08 11:33:19.132,293039656, 478.9489111471247, 3865257, 26.414243527580172, 211932, 0, 0.0, 40, 
2019-12-08 11:33:20.157,303219520, 478.9489111471247, 3865778, 26.414243527580172, 211960, 0, 0.0, 40, 
2019-12-08 11:33:21.181,314366184, 478.9489111471247, 3866224, 26.414243527580172, 212001, 0, 0.0, 40, 
2019-12-08 11:33:22.206,325111464, 478.8570492838175, 3866703, 26.70094478532919, 212033, 0, 0.0, 40, 
2019-12-08 11:33:23.23,335118368, 478.8570492838175, 3867191, 26.70094478532919, 212051, 0, 0.0, 40, 
2019-12-08 11:33:24.255,346474184, 478.8570492838175, 3867679, 26.70094478532919, 212079, 0, 0.0, 40, 
2019-12-08 11:33:25.28,357259216, 478.8570492838175, 3868190, 26.70094478532919, 212102, 0, 0.0, 40, 
2019-12-08 11:33:26.307,367513120, 479.0283901627503, 3868690, 26.564944749334995, 212128, 0, 0.0, 40, 
2019-12-08 11:33:27.336,378471184, 479.0283901627503, 3869163, 26.564944749334995, 212150, 0, 0.0, 40, 
2019-12-08 11:33:28.362,389576808, 479.0283901627503, 3869661, 26.564944749334995, 212182, 0, 0.0, 40, 
2019-12-08 11:33:29.386,400129944, 479.0283901627503, 3870149, 26.564944749334995, 212216, 0, 0.0, 40, 
2019-12-08 11:33:30.412,410676152, 479.0283901627503, 3870628, 26.564944749334995, 212241, 0, 0.0, 40, 
2019-12-08 11:33:31.437,420459104, 478.4824222301483, 3871114, 26.663694314867044, 212269, 0, 0.0, 40, 
2019-12-08 11:33:32.486,431116632, 478.4824222301483, 3871625, 26.663694314867044, 212290, 0, 0.0, 40, 
2019-12-08 11:33:33.512,158444752, 478.4824222301483, 3872120, 26.663694314867044, 212307, 0, 0.0, 40, 
2019-12-08 11:33:34.539,168768416, 478.4824222301483, 3872579, 26.663694314867044, 212335, 0, 0.0, 40, 
2019-12-08 11:33:35.565,182184984, 478.4824222301483, 3873094, 26.663694314867044, 212355, 0, 0.0, 40, 
2019-12-08 11:33:36.592,192267736, 478.5717788149341, 3873588, 26.242832554709544, 212381, 0, 0.0, 40, 
2019-12-08 11:33:37.618,202471160, 478.5717788149341, 3874070, 26.242832554709544, 212401, 0, 0.0, 40, 
2019-12-08 11:33:38.643,214056824, 478.5717788149341, 3874535, 26.242832554709544, 212422, 0, 0.0, 40, 
2019-12-08 11:33:39.668,223740376, 478.5717788149341, 3875017, 26.242832554709544, 212447, 0, 0.0, 40, 
2019-12-08 11:33:40.693,234520784, 478.5717788149341, 3875532, 26.242832554709544, 212470, 0, 0.0, 40, 
2019-12-08 11:33:41.717,245736544, 478.14227509530417, 3876027, 25.887603277093845, 212488, 0, 0.0, 40, 
2019-12-08 11:33:42.741,255134056, 478.14227509530417, 3876535, 25.887603277093845, 212517, 0, 0.0, 40, 
2019-12-08 11:33:43.776,265823464, 478.14227509530417, 3877026, 25.887603277093845, 212553, 0, 0.0, 40, 
2019-12-08 11:33:44.8,278569600, 478.14227509530417, 3877570, 25.887603277093845, 212579, 0, 0.0, 40, 
2019-12-08 11:33:45.826,289479008, 478.14227509530417, 3878058, 25.887603277093845, 212605, 0, 0.0, 40, 
2019-12-08 11:33:46.86,300623664, 479.63406441174425, 3878561, 25.94456337408996, 212631, 0, 0.0, 40, 
2019-12-08 11:33:47.884,310908560, 479.63406441174425, 3879062, 25.94456337408996, 212660, 0, 0.0, 40, 
2019-12-08 11:33:48.908,321000528, 479.63406441174425, 3879521, 25.94456337408996, 212683, 0, 0.0, 40, 
2019-12-08 11:33:49.935,331283728, 479.63406441174425, 3879988, 25.94456337408996, 212716, 0, 0.0, 40, 
2019-12-08 11:33:50.964,342599280, 479.63406441174425, 3880473, 25.94456337408996, 212751, 0, 0.0, 40, 
2019-12-08 11:33:51.989,350324928, 478.7678204497596, 3880823, 26.15688036392933, 212781, 0, 0.0, 40, 
2019-12-08 11:33:53.018,351219344, 478.7678204497596, 3880823, 26.15688036392933, 212781, 0, 0.0, 40, 
2019-12-08 11:33:54.046,352131568, 478.7678204497596, 3880823, 26.15688036392933, 212781, 0, 0.0, 40, 
