Timestamp, MemoryUsed, ReadLatency1, ReadCount, WriteLatency1, WriteCount, PendingTasks, WaitingOnCommit1, SRDelay, 
2019-12-08 11:24:04.414,280536864, 80.27780771334379, 3607688, 4.083521598431552, 196543, 0, 0.0, 1, 
2019-12-08 11:24:05.491,282181472, 80.27780771334379, 3607688, 4.083521598431552, 196543, 0, 0.0, 1, 
2019-12-08 11:24:06.537,283593464, 73.85914860534876, 3607688, 3.757021238655155, 196543, 0, 0.0, 1, 
2019-12-08 11:24:07.594,284810544, 73.85914860534876, 3607688, 3.757021238655155, 196543, 0, 0.0, 1, 
2019-12-08 11:24:08.654,286268296, 73.85914860534876, 3607688, 3.757021238655155, 196543, 0, 0.0, 1, 
2019-12-08 11:24:09.7,287712944, 73.85914860534876, 3607688, 3.757021238655155, 196543, 0, 0.0, 1, 
2019-12-08 11:24:10.769,289397608, 67.9536971436283, 3607688, 3.4566264062684176, 196543, 0, 0.0, 1, 
2019-12-08 11:24:11.823,290615208, 67.9536971436283, 3607688, 3.4566264062684176, 196543, 0, 0.0, 1, 
2019-12-08 11:24:12.863,292121872, 67.9536971436283, 3607688, 3.4566264062684176, 196543, 0, 0.0, 1, 
2019-12-08 11:24:13.916,293565336, 67.9536971436283, 3607688, 3.4566264062684176, 196543, 0, 0.0, 1, 
2019-12-08 11:24:14.953,295013512, 67.9536971436283, 3607688, 3.4566264062684176, 196543, 0, 0.0, 1, 
2019-12-08 11:24:16.003,300303184, 62.52041951040782, 3607688, 4.379583599107638, 196666, 0, 0.0, 1, 
2019-12-08 11:24:17.046,306579136, 62.52041951040782, 3607688, 4.379583599107638, 196816, 0, 0.0, 1, 
2019-12-08 11:24:18.081,308026368, 62.52041951040782, 3607688, 4.379583599107638, 196816, 0, 0.0, 1, 
2019-12-08 11:24:19.111,309448600, 62.52041951040782, 3607688, 4.379583599107638, 196816, 0, 0.0, 1, 
2019-12-08 11:24:20.144,310606760, 62.52041951040782, 3607688, 4.379583599107638, 196816, 0, 0.0, 1, 
2019-12-08 11:24:21.194,311222112, 57.52156277083289, 3607688, 7.1956526094399695, 196816, 0, 0.0, 1, 
2019-12-08 11:24:22.233,312105872, 57.52156277083289, 3607688, 7.1956526094399695, 196816, 0, 0.0, 1, 
2019-12-08 11:24:23.268,313266968, 57.52156277083289, 3607688, 7.1956526094399695, 196816, 0, 0.0, 1, 
2019-12-08 11:24:24.322,314152120, 57.52156277083289, 3607688, 7.1956526094399695, 196816, 0, 0.0, 1, 
2019-12-08 11:24:25.386,315276408, 57.52156277083289, 3607688, 7.1956526094399695, 196816, 0, 0.0, 1, 
2019-12-08 11:24:26.421,316158664, 52.92239254805482, 3607688, 6.6203199929281595, 196816, 0, 0.0, 1, 
2019-12-08 11:24:27.46,317939224, 52.92239254805482, 3607688, 6.6203199929281595, 196827, 0, 0.0, 1, 
2019-12-08 11:24:28.487,323103808, 52.92239254805482, 3607688, 6.6203199929281595, 197028, 0, 0.0, 1, 
2019-12-08 11:24:29.518,326187088, 52.92239254805482, 3607688, 6.6203199929281595, 197085, 0, 0.0, 1, 
2019-12-08 11:24:30.558,327270816, 52.92239254805482, 3607688, 6.6203199929281595, 197085, 0, 0.0, 1, 
2019-12-08 11:24:31.61,328168408, 48.69095167265836, 3607688, 10.3925989254948, 197085, 0, 0.0, 1, 
