Timestamp, MemoryUsed, ReadLatency1, ReadCount, WriteLatency1, WriteCount, PendingTasks, WaitingOnCommit1, SRDelay, 
2019-12-08 11:24:04.47,304196856, 79.96915078250429, 3616687, 4.224928893240911, 198130, 0, 0.0, 1, 
2019-12-08 11:24:05.513,306064792, 79.96915078250429, 3616687, 4.224928893240911, 198130, 0, 0.0, 1, 
2019-12-08 11:24:06.569,307507160, 73.60715275424153, 3616687, 3.887122230432348, 198130, 0, 0.0, 1, 
2019-12-08 11:24:07.624,308946488, 73.60715275424153, 3616687, 3.887122230432348, 198130, 0, 0.0, 1, 
2019-12-08 11:24:08.674,310424888, 73.60715275424153, 3616687, 3.887122230432348, 198130, 0, 0.0, 1, 
2019-12-08 11:24:09.738,311868432, 73.60715275424153, 3616687, 3.887122230432348, 198130, 0, 0.0, 1, 
2019-12-08 11:24:10.794,313301920, 73.60715275424153, 3616687, 3.887122230432348, 198130, 0, 0.0, 1, 
2019-12-08 11:24:11.843,314747080, 67.72184976830732, 3616687, 3.576325097090759, 198130, 0, 0.0, 1, 
2019-12-08 11:24:12.888,316244576, 67.72184976830732, 3616687, 3.576325097090759, 198130, 0, 0.0, 1, 
2019-12-08 11:24:13.935,317728808, 67.72184976830732, 3616687, 3.576325097090759, 198130, 0, 0.0, 1, 
2019-12-08 11:24:14.982,319091880, 67.72184976830732, 3616687, 3.576325097090759, 198130, 0, 0.0, 1, 
2019-12-08 11:24:16.016,324583264, 67.72184976830732, 3616687, 3.576325097090759, 198242, 0, 0.0, 1, 
2019-12-08 11:24:17.061,329705576, 62.30710962769729, 3616687, 5.689045491597326, 198372, 0, 0.0, 1, 
2019-12-08 11:24:18.097,331144368, 62.30710962769729, 3616687, 5.689045491597326, 198372, 0, 0.0, 1, 
2019-12-08 11:24:19.125,332612792, 62.30710962769729, 3616687, 5.689045491597326, 198372, 0, 0.0, 1, 
2019-12-08 11:24:20.167,333377184, 62.30710962769729, 3616687, 5.689045491597326, 198372, 0, 0.0, 1, 
2019-12-08 11:24:21.21,334286760, 62.30710962769729, 3616687, 5.689045491597326, 198372, 0, 0.0, 1, 
2019-12-08 11:24:22.248,335231248, 57.32530820465983, 3616687, 6.705357299936703, 198372, 0, 0.0, 1, 
2019-12-08 11:24:23.288,336111128, 57.32530820465983, 3616687, 6.705357299936703, 198372, 0, 0.0, 1, 
2019-12-08 11:24:24.35,336985704, 57.32530820465983, 3616687, 6.705357299936703, 198372, 0, 0.0, 1, 
2019-12-08 11:24:25.403,338145592, 57.32530820465983, 3616687, 6.705357299936703, 198372, 0, 0.0, 1, 
2019-12-08 11:24:26.448,339020768, 52.74182963060179, 3616687, 6.169226531900724, 198372, 0, 0.0, 1, 
2019-12-08 11:24:27.473,340015768, 52.74182963060179, 3616687, 6.169226531900724, 198391, 0, 0.0, 1, 
2019-12-08 11:24:28.501,347232904, 52.74182963060179, 3616687, 6.169226531900724, 198596, 0, 0.0, 1, 
2019-12-08 11:24:29.536,350303128, 52.74182963060179, 3616687, 6.169226531900724, 198636, 0, 0.0, 1, 
2019-12-08 11:24:30.582,351389912, 52.74182963060179, 3616687, 6.169226531900724, 198636, 0, 0.0, 1, 
2019-12-08 11:24:31.636,352285824, 48.52482576896653, 3616687, 9.897617320830022, 198636, 0, 0.0, 1, 
