Timestamp, MemoryUsed, ReadLatency1, ReadCount, WriteLatency1, WriteCount, PendingTasks, WaitingOnCommit1, SRDelay, 
2019-12-08 11:24:04.437,300674136, 77.33023089348768, 3491688, 4.053141738502253, 190580, 0, 0.0, 1, 
2019-12-08 11:24:05.504,302204760, 77.33023089348768, 3491688, 4.053141738502253, 190580, 0, 0.0, 1, 
2019-12-08 11:24:06.551,303891872, 71.14724701554928, 3491688, 3.729070418209984, 190580, 0, 0.0, 1, 
2019-12-08 11:24:07.609,305095536, 71.14724701554928, 3491688, 3.729070418209984, 190580, 0, 0.0, 1, 
2019-12-08 11:24:08.665,306535296, 71.14724701554928, 3491688, 3.729070418209984, 190580, 0, 0.0, 1, 
2019-12-08 11:24:09.716,308017456, 71.14724701554928, 3491688, 3.729070418209984, 190580, 0, 0.0, 1, 
2019-12-08 11:24:10.782,309222400, 71.14724701554928, 3491688, 3.729070418209984, 190580, 0, 0.0, 1, 
2019-12-08 11:24:11.835,310982928, 65.4586272329089, 3491688, 3.4309104100335306, 190580, 0, 0.0, 1, 
2019-12-08 11:24:12.873,312728680, 65.4586272329089, 3491688, 3.4309104100335306, 190580, 0, 0.0, 1, 
2019-12-08 11:24:13.924,314205200, 65.4586272329089, 3491688, 3.4309104100335306, 190580, 0, 0.0, 1, 
2019-12-08 11:24:14.965,315392960, 65.4586272329089, 3491688, 3.4309104100335306, 190580, 0, 0.0, 1, 
2019-12-08 11:24:16.01,319652272, 60.22484437494075, 3491688, 4.787683901406756, 190690, 0, 0.0, 1, 
2019-12-08 11:24:17.054,326731976, 60.22484437494075, 3491688, 4.787683901406756, 190823, 0, 0.0, 1, 
2019-12-08 11:24:18.088,327903752, 60.22484437494075, 3491688, 4.787683901406756, 190823, 0, 0.0, 1, 
2019-12-08 11:24:19.118,329343560, 60.22484437494075, 3491688, 4.787683901406756, 190823, 0, 0.0, 1, 
2019-12-08 11:24:20.152,330233360, 60.22484437494075, 3491688, 4.787683901406756, 190823, 0, 0.0, 1, 
2019-12-08 11:24:21.202,331382256, 55.40953168908445, 3491688, 6.6596293399530975, 190823, 0, 0.0, 1, 
2019-12-08 11:24:22.24,331977392, 55.40953168908445, 3491688, 6.6596293399530975, 190823, 0, 0.0, 1, 
2019-12-08 11:24:23.277,332868176, 55.40953168908445, 3491688, 6.6596293399530975, 190823, 0, 0.0, 1, 
2019-12-08 11:24:24.33,333751280, 55.40953168908445, 3491688, 6.6596293399530975, 190823, 0, 0.0, 1, 
2019-12-08 11:24:25.395,334646104, 55.40953168908445, 3491688, 6.6596293399530975, 190823, 0, 0.0, 1, 
2019-12-08 11:24:26.429,335860776, 50.97923014776865, 3491688, 6.127154777725414, 190823, 0, 0.0, 1, 
2019-12-08 11:24:27.467,337192000, 50.97923014776865, 3491688, 6.127154777725414, 190832, 0, 0.0, 1, 
2019-12-08 11:24:28.493,343312312, 50.97923014776865, 3491688, 6.127154777725414, 191015, 0, 0.0, 1, 
2019-12-08 11:24:29.527,345410520, 50.97923014776865, 3491688, 6.127154777725414, 191059, 0, 0.0, 1, 
2019-12-08 11:24:30.57,346294592, 50.97923014776865, 3491688, 6.127154777725414, 191059, 0, 0.0, 1, 
2019-12-08 11:24:31.628,347363776, 46.90315595955736, 3491688, 9.411158160311581, 191059, 0, 0.0, 1, 
