Timestamp, MemoryUsed, ReadLatency1, ReadCount, WriteLatency1, WriteCount, PendingTasks, WaitingOnCommit1, SRDelay, 
2019-12-06 16:52:37.016,244625640, 78.3661983140237, 1158301, 6.897027271485555, 63630, 0, 0.0, 20, 
2019-12-06 16:52:38.08,253194776, 78.3661983140237, 1158566, 6.897027271485555, 63644, 0, 0.0, 20, 
2019-12-06 16:52:39.116,260143064, 78.3661983140237, 1158877, 6.897027271485555, 63665, 0, 0.0, 20, 
2019-12-06 16:52:40.41,270345856, 78.3661983140237, 1159259, 6.897027271485555, 63679, 0, 0.0, 20, 
2019-12-06 16:52:41.464,283066288, 96.31093430479231, 1159783, 7.528914082162422, 63700, 0, 0.0, 20, 
2019-12-06 16:52:42.498,296949696, 96.31093430479231, 1160476, 7.528914082162422, 63729, 0, 0.0, 20, 
2019-12-06 16:52:43.538,310473192, 96.31093430479231, 1161128, 7.528914082162422, 63770, 0, 0.0, 20, 
2019-12-06 16:52:44.57,326184584, 96.31093430479231, 1161811, 7.528914082162422, 63808, 0, 0.0, 20, 
2019-12-06 16:52:45.602,339227696, 96.31093430479231, 1162508, 7.528914082162422, 63852, 0, 0.0, 20, 
2019-12-06 16:52:46.632,353753232, 139.95781409990443, 1163160, 9.837318657010227, 63885, 0, 0.0, 20, 
2019-12-06 16:52:47.663,367151296, 139.95781409990443, 1163827, 9.837318657010227, 63918, 0, 0.0, 20, 
2019-12-06 16:52:48.697,93898464, 139.95781409990443, 1164502, 9.837318657010227, 63960, 0, 0.0, 20, 
2019-12-06 16:52:49.728,110266824, 139.95781409990443, 1165212, 9.837318657010227, 64012, 0, 0.0, 20, 
2019-12-06 16:52:50.756,123066056, 139.95781409990443, 1165854, 9.837318657010227, 64048, 0, 0.0, 20, 
2019-12-06 16:52:51.793,138205904, 182.09778058858757, 1166574, 12.041108978174403, 64087, 0, 0.0, 20, 
2019-12-06 16:52:52.824,153655248, 182.09778058858757, 1167297, 12.041108978174403, 64130, 0, 0.0, 20, 
2019-12-06 16:52:53.854,167949464, 182.09778058858757, 1168060, 12.041108978174403, 64167, 0, 0.0, 20, 
2019-12-06 16:52:54.88,184263368, 182.09778058858757, 1168832, 12.041108978174403, 64200, 0, 0.0, 20, 
2019-12-06 16:52:55.911,200148720, 182.09778058858757, 1169636, 12.041108978174403, 64246, 0, 0.0, 20, 
2019-12-06 16:52:56.941,215988520, 226.12949890655787, 1170409, 14.196622890768749, 64286, 0, 0.0, 20, 
2019-12-06 16:52:57.969,232970928, 226.12949890655787, 1171217, 14.196622890768749, 64328, 0, 0.0, 20, 
2019-12-06 16:52:58.997,248118744, 226.12949890655787, 1172029, 14.196622890768749, 64376, 0, 0.0, 20, 
2019-12-06 16:53:00.024,265900664, 226.12949890655787, 1172906, 14.196622890768749, 64429, 0, 0.0, 20, 
2019-12-06 16:53:01.05,283203296, 226.12949890655787, 1173733, 14.196622890768749, 64473, 0, 0.0, 20, 
2019-12-06 16:53:02.076,299232128, 271.709819524039, 1174579, 16.643533821856902, 64512, 0, 0.0, 20, 
2019-12-06 16:53:03.105,318276984, 271.709819524039, 1175446, 16.643533821856902, 64557, 0, 0.0, 20, 
2019-12-06 16:53:04.131,334691160, 271.709819524039, 1176295, 16.643533821856902, 64592, 0, 0.0, 20, 
2019-12-06 16:53:05.157,351899344, 271.709819524039, 1177168, 16.643533821856902, 64634, 0, 0.0, 20, 
2019-12-06 16:53:06.184,369055112, 271.709819524039, 1178026, 16.643533821856902, 64692, 0, 0.0, 20, 
2019-12-06 16:53:07.209,105104280, 317.3556780863658, 1178991, 18.73488938635864, 64739, 0, 0.0, 20, 
2019-12-06 16:53:08.235,123682288, 317.3556780863658, 1179944, 18.73488938635864, 64786, 0, 0.0, 20, 
2019-12-06 16:53:09.266,140911336, 317.3556780863658, 1180837, 18.73488938635864, 64833, 0, 0.0, 20, 
2019-12-06 16:53:10.293,159980792, 317.3556780863658, 1181744, 18.73488938635864, 64888, 0, 0.0, 20, 
2019-12-06 16:53:11.317,180095872, 365.92424442506416, 1182773, 20.914887265668586, 64931, 0, 0.0, 20, 
2019-12-06 16:53:12.34,198733568, 365.92424442506416, 1183789, 20.914887265668586, 64984, 0, 0.0, 20, 
2019-12-06 16:53:13.365,218455096, 365.92424442506416, 1184826, 20.914887265668586, 65034, 0, 0.0, 20, 
2019-12-06 16:53:14.389,240453576, 365.92424442506416, 1185927, 20.914887265668586, 65098, 0, 0.0, 20, 
2019-12-06 16:53:15.413,260215880, 365.92424442506416, 1186987, 20.914887265668586, 65153, 0, 0.0, 20, 
2019-12-06 16:53:16.438,282348872, 420.3480729096858, 1188155, 23.864058045805454, 65222, 0, 0.0, 20, 
2019-12-06 16:53:17.462,304114376, 420.3480729096858, 1189302, 23.864058045805454, 65292, 0, 0.0, 20, 
2019-12-06 16:53:18.484,327022096, 420.3480729096858, 1190531, 23.864058045805454, 65356, 0, 0.0, 20, 
2019-12-06 16:53:19.507,350624320, 420.3480729096858, 1191804, 23.864058045805454, 65427, 0, 0.0, 20, 
2019-12-06 16:53:20.534,91567288, 420.3480729096858, 1193018, 23.864058045805454, 65491, 0, 0.0, 20, 
2019-12-06 16:53:21.56,111470016, 481.26238970596995, 1194236, 27.31301753526861, 65569, 0, 0.0, 20, 
2019-12-06 16:53:22.585,136233752, 481.26238970596995, 1195506, 27.31301753526861, 65655, 0, 0.0, 20, 
2019-12-06 16:53:23.608,159756000, 481.26238970596995, 1196758, 27.31301753526861, 65712, 0, 0.0, 20, 
2019-12-06 16:53:24.633,182836872, 481.26238970596995, 1198009, 27.31301753526861, 65776, 0, 0.0, 20, 
2019-12-06 16:53:25.662,206640592, 481.26238970596995, 1199297, 27.31301753526861, 65845, 0, 0.0, 20, 
2019-12-06 16:53:26.687,231901136, 542.3274774066309, 1200625, 30.342293396164774, 65904, 0, 0.0, 20, 
2019-12-06 16:53:27.712,255245368, 542.3274774066309, 1201938, 30.342293396164774, 65979, 0, 0.0, 20, 
2019-12-06 16:53:28.734,280955120, 542.3274774066309, 1203292, 30.342293396164774, 66055, 0, 0.0, 20, 
2019-12-06 16:53:29.761,305064736, 542.3274774066309, 1204555, 30.342293396164774, 66130, 0, 0.0, 20, 
2019-12-06 16:53:30.784,323038728, 542.3274774066309, 1205479, 30.342293396164774, 66179, 0, 0.0, 20, 
2019-12-06 16:53:31.807,343547008, 593.8886374400487, 1206603, 33.24129955187267, 66233, 0, 0.0, 20, 
2019-12-06 16:53:32.832,364161728, 593.8886374400487, 1207664, 33.24129955187267, 66291, 0, 0.0, 20, 
2019-12-06 16:53:33.857,97323296, 593.8886374400487, 1208637, 33.24129955187267, 66346, 0, 0.0, 20, 
2019-12-06 16:53:34.881,119303512, 593.8886374400487, 1209804, 33.24129955187267, 66397, 0, 0.0, 20, 
2019-12-06 16:53:35.912,141839280, 593.8886374400487, 1211048, 33.24129955187267, 66452, 0, 0.0, 20, 
2019-12-06 16:53:36.945,166202304, 633.7314141303891, 1212433, 34.83710912944068, 66521, 0, 0.0, 20, 
2019-12-06 16:53:37.979,192098056, 633.7314141303891, 1213936, 34.83710912944068, 66589, 0, 0.0, 20, 
2019-12-06 16:53:39.006,219204840, 633.7314141303891, 1215428, 34.83710912944068, 66658, 0, 0.0, 20, 
2019-12-06 16:53:40.04,246149528, 633.7314141303891, 1216906, 34.83710912944068, 66747, 0, 0.0, 20, 
2019-12-06 16:53:41.069,270814096, 633.7314141303891, 1218381, 34.83710912944068, 66821, 0, 0.0, 20, 
2019-12-06 16:53:42.098,297936704, 697.7013662502833, 1219894, 37.76051647184042, 66893, 0, 0.0, 20, 
2019-12-06 16:53:43.173,323663240, 697.7013662502833, 1221307, 37.76051647184042, 66967, 0, 0.0, 20, 
2019-12-06 16:53:44.205,348668600, 697.7013662502833, 1222720, 37.76051647184042, 67043, 0, 0.0, 20, 
2019-12-06 16:53:45.231,92255568, 697.7013662502833, 1224242, 37.76051647184042, 67127, 0, 0.0, 20, 
2019-12-06 16:53:46.257,118504584, 754.4457359485115, 1225691, 40.690047825013686, 67204, 0, 0.0, 20, 
2019-12-06 16:53:47.283,144304984, 754.4457359485115, 1227199, 40.690047825013686, 67289, 0, 0.0, 20, 
2019-12-06 16:53:48.315,170304256, 754.4457359485115, 1228709, 40.690047825013686, 67364, 0, 0.0, 20, 
2019-12-06 16:53:49.339,197504480, 754.4457359485115, 1230176, 40.690047825013686, 67449, 0, 0.0, 20, 
2019-12-06 16:53:50.363,222723824, 754.4457359485115, 1231562, 40.690047825013686, 67531, 0, 0.0, 20, 
2019-12-06 16:53:51.389,249717680, 809.7553530634099, 1233124, 43.89706253035457, 67617, 0, 0.0, 20, 
2019-12-06 16:53:52.419,276401784, 809.7553530634099, 1234628, 43.89706253035457, 67700, 0, 0.0, 20, 
2019-12-06 16:53:53.448,303206280, 809.7553530634099, 1236193, 43.89706253035457, 67777, 0, 0.0, 20, 
2019-12-06 16:53:54.476,327747800, 809.7553530634099, 1237541, 43.89706253035457, 67847, 0, 0.0, 20, 
2019-12-06 16:53:55.509,352536656, 809.7553530634099, 1239003, 43.89706253035457, 67927, 0, 0.0, 20, 
2019-12-06 16:53:56.536,93166808, 859.8111192774035, 1240429, 46.4638716878583, 68014, 0, 0.0, 20, 
2019-12-06 16:53:57.568,119382744, 859.8111192774035, 1241885, 46.4638716878583, 68087, 0, 0.0, 20, 
2019-12-06 16:53:58.598,146803392, 859.8111192774035, 1243429, 46.4638716878583, 68157, 0, 0.0, 20, 
2019-12-06 16:53:59.623,172897200, 859.8111192774035, 1244857, 46.4638716878583, 68234, 0, 0.0, 20, 
2019-12-06 16:54:00.645,197076184, 859.8111192774035, 1246187, 46.4638716878583, 68299, 0, 0.0, 20, 
2019-12-06 16:54:01.67,221224736, 900.1398274900391, 1247550, 48.537610009304565, 68384, 0, 0.0, 20, 
2019-12-06 16:54:02.697,247687640, 900.1398274900391, 1249101, 48.537610009304565, 68488, 0, 0.0, 20, 
2019-12-06 16:54:03.722,274096896, 900.1398274900391, 1250551, 48.537610009304565, 68561, 0, 0.0, 20, 
2019-12-06 16:54:04.752,299165688, 900.1398274900391, 1252032, 48.537610009304565, 68648, 0, 0.0, 20, 
2019-12-06 16:54:05.775,329115584, 900.1398274900391, 1253623, 48.537610009304565, 68740, 0, 0.0, 20, 
2019-12-06 16:54:06.799,357130944, 947.1745139333283, 1255209, 51.7568129694331, 68826, 0, 0.0, 20, 
2019-12-06 16:54:07.831,98282912, 947.1745139333283, 1256610, 51.7568129694331, 68901, 0, 0.0, 20, 
2019-12-06 16:54:08.859,124743896, 947.1745139333283, 1258067, 51.7568129694331, 68978, 0, 0.0, 20, 
2019-12-06 16:54:09.883,151627104, 947.1745139333283, 1259667, 51.7568129694331, 69050, 0, 0.0, 20, 
2019-12-06 16:54:10.905,180191360, 947.1745139333283, 1261193, 51.7568129694331, 69128, 0, 0.0, 20, 
2019-12-06 16:54:11.928,206419328, 988.9773317184976, 1262745, 53.23144878456295, 69193, 0, 0.0, 20, 
2019-12-06 16:54:12.952,235057368, 988.9773317184976, 1264361, 53.23144878456295, 69271, 0, 0.0, 20, 
2019-12-06 16:54:13.976,261556736, 988.9773317184976, 1265888, 53.23144878456295, 69349, 0, 0.0, 20, 
2019-12-06 16:54:15.001,288102376, 988.9773317184976, 1267398, 53.23144878456295, 69429, 0, 0.0, 20, 
2019-12-06 16:54:16.03,315506360, 988.9773317184976, 1268923, 53.23144878456295, 69502, 0, 0.0, 20, 
2019-12-06 16:54:17.059,343972424, 1030.6519952694114, 1270529, 54.97196603966477, 69584, 0, 0.0, 20, 
2019-12-06 16:54:18.086,370362256, 1030.6519952694114, 1272049, 54.97196603966477, 69678, 0, 0.0, 20, 
2019-12-06 16:54:19.11,112553600, 1030.6519952694114, 1273537, 54.97196603966477, 69752, 0, 0.0, 20, 
2019-12-06 16:54:20.133,139669056, 1030.6519952694114, 1275034, 54.97196603966477, 69844, 0, 0.0, 20, 
2019-12-06 16:54:21.159,165186560, 1030.6519952694114, 1276503, 54.97196603966477, 69904, 0, 0.0, 20, 
2019-12-06 16:54:22.184,191414848, 1066.084153393493, 1277993, 56.8611593261216, 69977, 0, 0.0, 20, 
2019-12-06 16:54:23.211,217161168, 1066.084153393493, 1279517, 56.8611593261216, 70062, 0, 0.0, 20, 
2019-12-06 16:54:24.235,243563272, 1066.084153393493, 1280986, 56.8611593261216, 70148, 0, 0.0, 20, 
2019-12-06 16:54:25.258,270046720, 1066.084153393493, 1282483, 56.8611593261216, 70246, 0, 0.0, 20, 
2019-12-06 16:54:26.289,297448144, 1098.6993036908912, 1284034, 58.839167813593455, 70323, 0, 0.0, 20, 
2019-12-06 16:54:27.313,326189864, 1098.6993036908912, 1285569, 58.839167813593455, 70413, 0, 0.0, 20, 
2019-12-06 16:54:28.338,353116720, 1098.6993036908912, 1287129, 58.839167813593455, 70492, 0, 0.0, 20, 
2019-12-06 16:54:29.361,97427192, 1098.6993036908912, 1288566, 58.839167813593455, 70580, 0, 0.0, 20, 
2019-12-06 16:54:30.392,122116456, 1098.6993036908912, 1289963, 58.839167813593455, 70651, 0, 0.0, 20, 
2019-12-06 16:54:31.423,142249784, 1121.3028033489838, 1291096, 60.21127219650555, 70709, 0, 0.0, 20, 
2019-12-06 16:54:32.451,161193032, 1121.3028033489838, 1292120, 60.21127219650555, 70765, 0, 0.0, 20, 
2019-12-06 16:54:33.478,180879800, 1121.3028033489838, 1293096, 60.21127219650555, 70824, 0, 0.0, 20, 
2019-12-06 16:54:34.505,196686368, 1121.3028033489838, 1293988, 60.21127219650555, 70885, 0, 0.0, 20, 
2019-12-06 16:54:35.542,214964288, 1121.3028033489838, 1294953, 60.21127219650555, 70929, 0, 0.0, 20, 
2019-12-06 16:54:36.566,234296768, 1108.085920943802, 1295987, 59.76261964335974, 70990, 0, 0.0, 20, 
2019-12-06 16:54:37.592,255244992, 1108.085920943802, 1297122, 59.76261964335974, 71049, 0, 0.0, 20, 
2019-12-06 16:54:38.666,273046560, 1108.085920943802, 1298075, 59.76261964335974, 71097, 0, 0.0, 20, 
2019-12-06 16:54:39.694,290651024, 1108.085920943802, 1298992, 59.76261964335974, 71139, 0, 0.0, 20, 
2019-12-06 16:54:40.719,306447128, 1108.085920943802, 1299813, 59.76261964335974, 71182, 0, 0.0, 20, 
2019-12-06 16:54:41.743,323263032, 1092.9674454493868, 1300691, 58.63023909939267, 71222, 0, 0.0, 20, 
2019-12-06 16:54:42.768,340254832, 1092.9674454493868, 1301563, 58.63023909939267, 71270, 0, 0.0, 20, 
2019-12-06 16:54:43.796,356737344, 1092.9674454493868, 1302393, 58.63023909939267, 71315, 0, 0.0, 20, 
2019-12-06 16:54:44.821,374123320, 1092.9674454493868, 1303341, 58.63023909939267, 71372, 0, 0.0, 20, 
2019-12-06 16:54:45.85,109148184, 1092.9674454493868, 1304261, 58.63023909939267, 71419, 0, 0.0, 20, 
2019-12-06 16:54:46.878,126430312, 1075.0440061274319, 1305197, 57.556416470532575, 71450, 0, 0.0, 20, 
2019-12-06 16:54:47.906,143243312, 1075.0440061274319, 1306041, 57.556416470532575, 71501, 0, 0.0, 20, 
2019-12-06 16:54:48.931,159806024, 1075.0440061274319, 1306894, 57.556416470532575, 71540, 0, 0.0, 20, 
2019-12-06 16:54:49.962,176098720, 1075.0440061274319, 1307828, 57.556416470532575, 71580, 0, 0.0, 20, 
2019-12-06 16:54:50.986,193726848, 1075.0440061274319, 1308713, 57.556416470532575, 71645, 0, 0.0, 20, 
2019-12-06 16:54:52.017,212231264, 1058.617610356616, 1309651, 56.68038977806622, 71708, 0, 0.0, 20, 
2019-12-06 16:54:53.042,230323848, 1058.617610356616, 1310641, 56.68038977806622, 71761, 0, 0.0, 20, 
2019-12-06 16:54:54.072,247742920, 1058.617610356616, 1311580, 56.68038977806622, 71810, 0, 0.0, 20, 
2019-12-06 16:54:55.103,265632896, 1058.617610356616, 1312481, 56.68038977806622, 71854, 0, 0.0, 20, 
2019-12-06 16:54:56.126,283327936, 1058.617610356616, 1313485, 56.68038977806622, 71908, 0, 0.0, 20, 
2019-12-06 16:54:57.151,302329648, 1047.8541805193513, 1314484, 56.194228654079055, 71955, 0, 0.0, 20, 
2019-12-06 16:54:58.176,319867160, 1047.8541805193513, 1315383, 56.194228654079055, 72015, 0, 0.0, 20, 
2019-12-06 16:54:59.206,339460456, 1047.8541805193513, 1316418, 56.194228654079055, 72055, 0, 0.0, 20, 
2019-12-06 16:55:00.231,355586272, 1047.8541805193513, 1317357, 56.194228654079055, 72100, 0, 0.0, 20, 
2019-12-06 16:55:01.271,91563232, 1039.4545120202897, 1318313, 55.3151786663431, 72140, 0, 0.0, 20, 
2019-12-06 16:55:02.294,109992208, 1039.4545120202897, 1319381, 55.3151786663431, 72190, 0, 0.0, 20, 
2019-12-06 16:55:03.32,126070152, 1039.4545120202897, 1320232, 55.3151786663431, 72236, 0, 0.0, 20, 
2019-12-06 16:55:04.35,143219200, 1039.4545120202897, 1321156, 55.3151786663431, 72291, 0, 0.0, 20, 
2019-12-06 16:55:05.373,160791544, 1039.4545120202897, 1321971, 55.3151786663431, 72340, 0, 0.0, 20, 
2019-12-06 16:55:06.396,176661040, 1027.424833440048, 1322864, 54.49042251787252, 72374, 0, 0.0, 20, 
2019-12-06 16:55:07.422,194749376, 1027.424833440048, 1323854, 54.49042251787252, 72427, 0, 0.0, 20, 
2019-12-06 16:55:08.445,214373312, 1027.424833440048, 1324840, 54.49042251787252, 72475, 0, 0.0, 20, 
2019-12-06 16:55:09.471,230204880, 1027.424833440048, 1325700, 54.49042251787252, 72526, 0, 0.0, 20, 
2019-12-06 16:55:10.495,254448304, 1027.424833440048, 1326470, 54.49042251787252, 72569, 0, 0.0, 20, 
2019-12-06 16:55:11.52,276568144, 1015.2056344231727, 1327365, 53.93949475200473, 72618, 0, 0.0, 20, 
2019-12-06 16:55:12.548,293894704, 1015.2056344231727, 1328265, 53.93949475200473, 72673, 0, 0.0, 20, 
2019-12-06 16:55:13.571,311261784, 1015.2056344231727, 1329171, 53.93949475200473, 72726, 0, 0.0, 20, 
2019-12-06 16:55:14.594,327495096, 1015.2056344231727, 1330084, 53.93949475200473, 72766, 0, 0.0, 20, 
2019-12-06 16:55:15.616,346098176, 1015.2056344231727, 1331093, 53.93949475200473, 72823, 0, 0.0, 20, 
2019-12-06 16:55:16.639,367566928, 1008.4569325142845, 1332172, 53.65649237719175, 72869, 0, 0.0, 20, 
2019-12-06 16:55:17.664,104283776, 1008.4569325142845, 1333165, 53.65649237719175, 72938, 0, 0.0, 20, 
2019-12-06 16:55:18.691,121389064, 1008.4569325142845, 1334160, 53.65649237719175, 72984, 0, 0.0, 20, 
2019-12-06 16:55:19.721,139613160, 1008.4569325142845, 1335130, 53.65649237719175, 73029, 0, 0.0, 20, 
2019-12-06 16:55:20.759,156678096, 1008.4569325142845, 1336015, 53.65649237719175, 73081, 0, 0.0, 20, 
2019-12-06 16:55:21.784,174849048, 1002.2798092511621, 1336960, 53.3321531546217, 73127, 0, 0.0, 20, 
2019-12-06 16:55:22.806,193767064, 1002.2798092511621, 1337958, 53.3321531546217, 73180, 0, 0.0, 20, 
2019-12-06 16:55:23.827,211433184, 1002.2798092511621, 1338938, 53.3321531546217, 73231, 0, 0.0, 20, 
2019-12-06 16:55:24.849,228770880, 1002.2798092511621, 1339884, 53.3321531546217, 73279, 0, 0.0, 20, 
2019-12-06 16:55:25.874,249248480, 1002.2798092511621, 1340914, 53.3321531546217, 73330, 0, 0.0, 20, 
2019-12-06 16:55:26.896,267006448, 999.6508848556092, 1341834, 52.98577331322849, 73379, 0, 0.0, 20, 
2019-12-06 16:55:27.919,284439320, 999.6508848556092, 1342739, 52.98577331322849, 73418, 0, 0.0, 20, 
2019-12-06 16:55:28.943,301608296, 999.6508848556092, 1343693, 52.98577331322849, 73474, 0, 0.0, 20, 
2019-12-06 16:55:29.966,320554120, 999.6508848556092, 1344647, 52.98577331322849, 73520, 0, 0.0, 20, 
2019-12-06 16:55:30.989,339151296, 999.6508848556092, 1345630, 52.98577331322849, 73561, 0, 0.0, 20, 
2019-12-06 16:55:32.015,356636616, 993.1864050292419, 1346604, 52.427221718702455, 73609, 0, 0.0, 20, 
2019-12-06 16:55:33.043,91348736, 993.1864050292419, 1347518, 52.427221718702455, 73659, 0, 0.0, 20, 
2019-12-06 16:55:34.066,109286920, 993.1864050292419, 1348453, 52.427221718702455, 73703, 0, 0.0, 20, 
2019-12-06 16:55:35.089,126222688, 993.1864050292419, 1349338, 52.427221718702455, 73755, 0, 0.0, 20, 
2019-12-06 16:55:36.112,142750688, 993.1864050292419, 1350280, 52.427221718702455, 73816, 0, 0.0, 20, 
2019-12-06 16:55:37.135,162347768, 986.1034271592449, 1351278, 52.105222848766104, 73859, 0, 0.0, 20, 
2019-12-06 16:55:38.163,180310032, 986.1034271592449, 1352208, 52.105222848766104, 73913, 0, 0.0, 20, 
2019-12-06 16:55:39.189,197475416, 986.1034271592449, 1353143, 52.105222848766104, 73964, 0, 0.0, 20, 
2019-12-06 16:55:40.215,215888792, 986.1034271592449, 1354150, 52.105222848766104, 74030, 0, 0.0, 20, 
2019-12-06 16:55:41.238,237741944, 986.1034271592449, 1355256, 52.105222848766104, 74085, 0, 0.0, 20, 
2019-12-06 16:55:42.261,258592440, 985.1196994386621, 1356343, 52.17676527966931, 74139, 0, 0.0, 20, 
2019-12-06 16:55:43.287,277383488, 985.1196994386621, 1357333, 52.17676527966931, 74179, 0, 0.0, 20, 
2019-12-06 16:55:44.31,294883512, 985.1196994386621, 1358289, 52.17676527966931, 74238, 0, 0.0, 20, 
2019-12-06 16:55:45.397,315059264, 985.1196994386621, 1359332, 52.17676527966931, 74286, 0, 0.0, 20, 
2019-12-06 16:55:46.466,332818296, 984.7743153414186, 1360362, 51.81082733262917, 74331, 0, 0.0, 20, 
2019-12-06 16:55:47.496,350290096, 984.7743153414186, 1361274, 51.81082733262917, 74379, 0, 0.0, 20, 
2019-12-06 16:55:48.519,368870784, 984.7743153414186, 1362231, 51.81082733262917, 74430, 0, 0.0, 20, 
2019-12-06 16:55:49.546,101629072, 984.7743153414186, 1363105, 51.81082733262917, 74478, 0, 0.0, 20, 
2019-12-06 16:55:50.57,117565328, 984.7743153414186, 1363827, 51.81082733262917, 74518, 0, 0.0, 20, 
2019-12-06 16:55:51.602,133415584, 972.6391111140617, 1364632, 51.26626364639019, 74570, 0, 0.0, 20, 
2019-12-06 16:55:52.626,151219472, 972.6391111140617, 1365535, 51.26626364639019, 74618, 0, 0.0, 20, 
2019-12-06 16:55:53.662,169978672, 972.6391111140617, 1366437, 51.26626364639019, 74663, 0, 0.0, 20, 
2019-12-06 16:55:54.693,189031136, 972.6391111140617, 1367448, 51.26626364639019, 74716, 0, 0.0, 20, 
2019-12-06 16:55:55.717,209978280, 972.6391111140617, 1368631, 51.26626364639019, 74775, 0, 0.0, 20, 
2019-12-06 16:55:56.741,233051392, 973.8832910938249, 1369858, 51.37290331727322, 74841, 0, 0.0, 20, 
2019-12-06 16:55:57.769,255016208, 973.8832910938249, 1371025, 51.37290331727322, 74895, 0, 0.0, 20, 
2019-12-06 16:55:58.791,275077008, 973.8832910938249, 1372062, 51.37290331727322, 74958, 0, 0.0, 20, 
2019-12-06 16:55:59.815,295163856, 973.8832910938249, 1373144, 51.37290331727322, 75007, 0, 0.0, 20, 
2019-12-06 16:56:00.838,317103176, 973.8832910938249, 1374300, 51.37290331727322, 75069, 0, 0.0, 20, 
2019-12-06 16:56:01.868,340131032, 984.3348220721466, 1375500, 51.83881224355217, 75133, 0, 0.0, 20, 
2019-12-06 16:56:02.891,362206408, 984.3348220721466, 1376595, 51.83881224355217, 75205, 0, 0.0, 20, 
2019-12-06 16:56:03.915,99154688, 984.3348220721466, 1377759, 51.83881224355217, 75259, 0, 0.0, 20, 
2019-12-06 16:56:04.945,120241504, 984.3348220721466, 1378944, 51.83881224355217, 75322, 0, 0.0, 20, 
2019-12-06 16:56:05.967,144609984, 984.3348220721466, 1380207, 51.83881224355217, 75379, 0, 0.0, 20, 
2019-12-06 16:56:06.993,168608208, 998.0604118611295, 1381511, 52.49134478793896, 75456, 0, 0.0, 20, 
2019-12-06 16:56:08.016,191967896, 998.0604118611295, 1382766, 52.49134478793896, 75522, 0, 0.0, 20, 
2019-12-06 16:56:09.039,214332944, 998.0604118611295, 1384015, 52.49134478793896, 75585, 0, 0.0, 20, 
2019-12-06 16:56:10.062,238378040, 998.0604118611295, 1385280, 52.49134478793896, 75660, 0, 0.0, 20, 
2019-12-06 16:56:11.084,262300944, 998.0604118611295, 1386529, 52.49134478793896, 75721, 0, 0.0, 20, 
2019-12-06 16:56:12.111,285549488, 1016.189508357479, 1387756, 53.57143722298994, 75787, 0, 0.0, 20, 
2019-12-06 16:56:13.134,308218312, 1016.189508357479, 1388952, 53.57143722298994, 75857, 0, 0.0, 20, 
2019-12-06 16:56:14.156,331112208, 1016.189508357479, 1390211, 53.57143722298994, 75928, 0, 0.0, 20, 
2019-12-06 16:56:15.179,355274560, 1016.189508357479, 1391532, 53.57143722298994, 75998, 0, 0.0, 20, 
2019-12-06 16:56:16.201,95239488, 1016.189508357479, 1392811, 53.57143722298994, 76054, 0, 0.0, 20, 
2019-12-06 16:56:17.222,117785704, 1033.4767447800386, 1394052, 54.53318800099371, 76112, 0, 0.0, 20, 
2019-12-06 16:56:18.244,143803176, 1033.4767447800386, 1395395, 54.53318800099371, 76185, 0, 0.0, 20, 
2019-12-06 16:56:19.265,168996848, 1033.4767447800386, 1396804, 54.53318800099371, 76258, 0, 0.0, 20, 
2019-12-06 16:56:20.289,193317016, 1033.4767447800386, 1398106, 54.53318800099371, 76323, 0, 0.0, 20, 
2019-12-06 16:56:21.311,218568440, 1055.0586166563091, 1399464, 55.70588153989592, 76405, 0, 0.0, 20, 
2019-12-06 16:56:22.341,243078960, 1055.0586166563091, 1400850, 55.70588153989592, 76483, 0, 0.0, 20, 
2019-12-06 16:56:23.363,269971704, 1055.0586166563091, 1402254, 55.70588153989592, 76570, 0, 0.0, 20, 
2019-12-06 16:56:24.385,294772272, 1055.0586166563091, 1403664, 55.70588153989592, 76659, 0, 0.0, 20, 
2019-12-06 16:56:25.407,322741232, 1055.0586166563091, 1405157, 55.70588153989592, 76754, 0, 0.0, 20, 
2019-12-06 16:56:26.435,350766040, 1083.1343315094232, 1406679, 57.90418987562427, 76831, 0, 0.0, 20, 
2019-12-06 16:56:27.461,93528312, 1083.1343315094232, 1408197, 57.90418987562427, 76924, 0, 0.0, 20, 
2019-12-06 16:56:28.482,120076008, 1083.1343315094232, 1409702, 57.90418987562427, 77001, 0, 0.0, 20, 
2019-12-06 16:56:29.504,148033184, 1083.1343315094232, 1411273, 57.90418987562427, 77076, 0, 0.0, 20, 
2019-12-06 16:56:30.526,175776544, 1083.1343315094232, 1412811, 57.90418987562427, 77159, 0, 0.0, 20, 
2019-12-06 16:56:31.548,204172024, 1115.5375852642258, 1414337, 59.782811127877004, 77250, 0, 0.0, 20, 
2019-12-06 16:56:32.569,232000864, 1115.5375852642258, 1415896, 59.782811127877004, 77323, 0, 0.0, 20, 
2019-12-06 16:56:33.596,256859336, 1115.5375852642258, 1417261, 59.782811127877004, 77402, 0, 0.0, 20, 
2019-12-06 16:56:34.619,280703336, 1115.5375852642258, 1418552, 59.782811127877004, 77483, 0, 0.0, 20, 
2019-12-06 16:56:35.649,305181112, 1115.5375852642258, 1419834, 59.782811127877004, 77569, 0, 0.0, 20, 
2019-12-06 16:56:36.671,329378120, 1134.5720049891813, 1421142, 61.1114481913627, 77637, 0, 0.0, 20, 
2019-12-06 16:56:37.693,352680912, 1134.5720049891813, 1422434, 61.1114481913627, 77694, 0, 0.0, 20, 
2019-12-06 16:56:38.715,94087528, 1134.5720049891813, 1423765, 61.1114481913627, 77760, 0, 0.0, 20, 
2019-12-06 16:56:39.736,119505768, 1134.5720049891813, 1425154, 61.1114481913627, 77811, 0, 0.0, 20, 
2019-12-06 16:56:40.759,146028784, 1134.5720049891813, 1426652, 61.1114481913627, 77898, 0, 0.0, 20, 
2019-12-06 16:56:41.825,171105472, 1151.8126675525768, 1428002, 61.58227079820785, 77972, 0, 0.0, 20, 
2019-12-06 16:56:42.848,198452872, 1151.8126675525768, 1429586, 61.58227079820785, 78049, 0, 0.0, 20, 
2019-12-06 16:56:43.87,224749024, 1151.8126675525768, 1431076, 61.58227079820785, 78131, 0, 0.0, 20, 
2019-12-06 16:56:44.892,250376312, 1151.8126675525768, 1432532, 61.58227079820785, 78190, 0, 0.0, 20, 
2019-12-06 16:56:45.913,275064120, 1151.8126675525768, 1433925, 61.58227079820785, 78246, 0, 0.0, 20, 
2019-12-06 16:56:46.936,304249784, 1173.0798404195953, 1435508, 62.031439624991094, 78325, 0, 0.0, 20, 
2019-12-06 16:56:47.96,330240816, 1173.0798404195953, 1436990, 62.031439624991094, 78409, 0, 0.0, 20, 
2019-12-06 16:56:48.983,355356312, 1173.0798404195953, 1438501, 62.031439624991094, 78487, 0, 0.0, 20, 
2019-12-06 16:56:50.011,96289696, 1173.0798404195953, 1439935, 62.031439624991094, 78559, 0, 0.0, 20, 
2019-12-06 16:56:51.033,123590416, 1173.0798404195953, 1441466, 62.031439624991094, 78632, 0, 0.0, 20, 
2019-12-06 16:56:52.055,150925200, 1196.4684610115705, 1443008, 63.05235734411576, 78726, 0, 0.0, 20, 
2019-12-06 16:56:53.077,177049608, 1196.4684610115705, 1444510, 63.05235734411576, 78813, 0, 0.0, 20, 
2019-12-06 16:56:54.101,202303440, 1196.4684610115705, 1445948, 63.05235734411576, 78870, 0, 0.0, 20, 
2019-12-06 16:56:55.138,225741568, 1196.4684610115705, 1447228, 63.05235734411576, 78922, 0, 0.0, 20, 
2019-12-06 16:56:56.173,226766560, 1196.4684610115705, 1447240, 63.05235734411576, 78923, 0, 0.0, 20, 
2019-12-06 16:56:57.206,227689904, 1187.955712887875, 1447240, 62.36055304783071, 78923, 0, 0.0, 20, 
2019-12-06 16:56:58.24,228646144, 1187.955712887875, 1447240, 62.36055304783071, 78923, 0, 0.0, 20, 
