Timestamp, MemoryUsed, ReadLatency1, ReadCount, WriteLatency1, WriteCount, PendingTasks, WaitingOnCommit1, SRDelay, 
2019-12-06 16:52:36.964,363067144, 75.13705234694123, 1117484, 6.845368954197236, 61370, 0, 0.0, 20, 
2019-12-06 16:52:38.043,369230072, 75.13705234694123, 1117718, 6.845368954197236, 61378, 0, 0.0, 20, 
2019-12-06 16:52:39.104,91232096, 75.13705234694123, 1117997, 6.845368954197236, 61395, 0, 0.0, 20, 
2019-12-06 16:52:40.329,102275656, 75.13705234694123, 1118356, 6.845368954197236, 61413, 0, 0.0, 20, 
2019-12-06 16:52:41.449,113377008, 89.59805519840762, 1118870, 7.353457199279071, 61443, 0, 0.0, 20, 
2019-12-06 16:52:42.488,127272208, 89.59805519840762, 1119480, 7.353457199279071, 61481, 0, 0.0, 20, 
2019-12-06 16:52:43.526,140567080, 89.59805519840762, 1120117, 7.353457199279071, 61516, 0, 0.0, 20, 
2019-12-06 16:52:44.564,153561032, 89.59805519840762, 1120763, 7.353457199279071, 61557, 0, 0.0, 20, 
2019-12-06 16:52:45.592,168165448, 89.59805519840762, 1121409, 7.353457199279071, 61588, 0, 0.0, 20, 
2019-12-06 16:52:46.625,183724368, 130.79132827913, 1122060, 9.56395271238618, 61619, 0, 0.0, 20, 
2019-12-06 16:52:47.656,197335864, 130.79132827913, 1122739, 9.56395271238618, 61655, 0, 0.0, 20, 
2019-12-06 16:52:48.69,210127976, 130.79132827913, 1123394, 9.56395271238618, 61692, 0, 0.0, 20, 
2019-12-06 16:52:49.721,224928136, 130.79132827913, 1124053, 9.56395271238618, 61728, 0, 0.0, 20, 
2019-12-06 16:52:50.75,239615376, 130.79132827913, 1124701, 9.56395271238618, 61760, 0, 0.0, 20, 
2019-12-06 16:52:51.784,252907912, 171.23355671213662, 1125378, 11.437795592042203, 61790, 0, 0.0, 20, 
2019-12-06 16:52:52.814,268472808, 171.23355671213662, 1126104, 11.437795592042203, 61832, 0, 0.0, 20, 
2019-12-06 16:52:53.847,283096376, 171.23355671213662, 1126832, 11.437795592042203, 61863, 0, 0.0, 20, 
2019-12-06 16:52:54.874,298173152, 171.23355671213662, 1127583, 11.437795592042203, 61896, 0, 0.0, 20, 
2019-12-06 16:52:55.905,314546064, 171.23355671213662, 1128369, 11.437795592042203, 61935, 0, 0.0, 20, 
2019-12-06 16:52:56.934,330615512, 214.67873875600034, 1129136, 13.289743203955737, 61973, 0, 0.0, 20, 
2019-12-06 16:52:57.961,346552752, 214.67873875600034, 1129935, 13.289743203955737, 62026, 0, 0.0, 20, 
2019-12-06 16:52:58.991,363270728, 214.67873875600034, 1130744, 13.289743203955737, 62054, 0, 0.0, 20, 
2019-12-06 16:53:00.018,97276800, 214.67873875600034, 1131571, 13.289743203955737, 62095, 0, 0.0, 20, 
2019-12-06 16:53:01.043,113351320, 259.7833844188088, 1132386, 15.409386304410416, 62141, 0, 0.0, 20, 
2019-12-06 16:53:02.069,130169056, 259.7833844188088, 1133211, 15.409386304410416, 62188, 0, 0.0, 20, 
2019-12-06 16:53:03.096,147087944, 259.7833844188088, 1134058, 15.409386304410416, 62234, 0, 0.0, 20, 
2019-12-06 16:53:04.125,162710240, 259.7833844188088, 1134830, 15.409386304410416, 62284, 0, 0.0, 20, 
2019-12-06 16:53:05.15,180852736, 259.7833844188088, 1135726, 15.409386304410416, 62323, 0, 0.0, 20, 
2019-12-06 16:53:06.177,198437696, 304.99160089590976, 1136602, 17.871267846363658, 62377, 0, 0.0, 20, 
2019-12-06 16:53:07.203,216746824, 304.99160089590976, 1137526, 17.871267846363658, 62415, 0, 0.0, 20, 
2019-12-06 16:53:08.23,233565576, 304.99160089590976, 1138403, 17.871267846363658, 62464, 0, 0.0, 20, 
2019-12-06 16:53:09.254,252773568, 304.99160089590976, 1139329, 17.871267846363658, 62517, 0, 0.0, 20, 
2019-12-06 16:53:10.286,271093440, 304.99160089590976, 1140301, 17.871267846363658, 62563, 0, 0.0, 20, 
2019-12-06 16:53:11.31,289915816, 352.53386351259826, 1141247, 19.928423686553, 62605, 0, 0.0, 20, 
2019-12-06 16:53:12.335,310583736, 352.53386351259826, 1142219, 19.928423686553, 62646, 0, 0.0, 20, 
2019-12-06 16:53:13.358,329440040, 352.53386351259826, 1143282, 19.928423686553, 62712, 0, 0.0, 20, 
2019-12-06 16:53:14.384,349151144, 352.53386351259826, 1144339, 19.928423686553, 62760, 0, 0.0, 20, 
2019-12-06 16:53:15.408,368895040, 352.53386351259826, 1145320, 19.928423686553, 62808, 0, 0.0, 20, 
2019-12-06 16:53:16.432,107593752, 403.5188327265063, 1146376, 22.220876354194683, 62854, 0, 0.0, 20, 
2019-12-06 16:53:17.457,128222104, 403.5188327265063, 1147490, 22.220876354194683, 62906, 0, 0.0, 20, 
2019-12-06 16:53:18.479,150268960, 403.5188327265063, 1148668, 22.220876354194683, 62967, 0, 0.0, 20, 
2019-12-06 16:53:19.502,172435080, 403.5188327265063, 1149832, 22.220876354194683, 63030, 0, 0.0, 20, 
2019-12-06 16:53:20.529,194023040, 403.5188327265063, 1151039, 22.220876354194683, 63085, 0, 0.0, 20, 
2019-12-06 16:53:21.554,218835744, 461.15730843855516, 1152226, 24.921705958603514, 63149, 0, 0.0, 20, 
2019-12-06 16:53:22.58,240976984, 461.15730843855516, 1153454, 24.921705958603514, 63207, 0, 0.0, 20, 
2019-12-06 16:53:23.603,263018984, 461.15730843855516, 1154646, 24.921705958603514, 63264, 0, 0.0, 20, 
2019-12-06 16:53:24.627,286660968, 461.15730843855516, 1155871, 24.921705958603514, 63324, 0, 0.0, 20, 
2019-12-06 16:53:25.651,309666624, 461.15730843855516, 1157112, 24.921705958603514, 63397, 0, 0.0, 20, 
2019-12-06 16:53:26.68,336526544, 519.5442903050091, 1158403, 27.838349312007036, 63465, 0, 0.0, 20, 
2019-12-06 16:53:27.705,360164464, 519.5442903050091, 1159669, 27.838349312007036, 63527, 0, 0.0, 20, 
2019-12-06 16:53:28.729,99630992, 519.5442903050091, 1160923, 27.838349312007036, 63594, 0, 0.0, 20, 
2019-12-06 16:53:29.755,124748656, 519.5442903050091, 1162135, 27.838349312007036, 63650, 0, 0.0, 20, 
2019-12-06 16:53:30.779,141925584, 519.5442903050091, 1162979, 27.838349312007036, 63689, 0, 0.0, 20, 
2019-12-06 16:53:31.801,162059992, 569.5209854629558, 1164089, 30.329897333882062, 63758, 0, 0.0, 20, 
2019-12-06 16:53:32.825,181028624, 569.5209854629558, 1165048, 30.329897333882062, 63807, 0, 0.0, 20, 
2019-12-06 16:53:33.851,198696936, 569.5209854629558, 1165963, 30.329897333882062, 63861, 0, 0.0, 20, 
2019-12-06 16:53:34.875,217876616, 569.5209854629558, 1167023, 30.329897333882062, 63916, 0, 0.0, 20, 
2019-12-06 16:53:35.906,240620432, 569.5209854629558, 1168245, 30.329897333882062, 63987, 0, 0.0, 20, 
2019-12-06 16:53:36.939,264808392, 605.8431299918793, 1169579, 32.33439206785448, 64051, 0, 0.0, 20, 
2019-12-06 16:53:37.968,289696248, 605.8431299918793, 1171022, 32.33439206785448, 64131, 0, 0.0, 20, 
2019-12-06 16:53:39.001,315587184, 605.8431299918793, 1172411, 32.33439206785448, 64197, 0, 0.0, 20, 
2019-12-06 16:53:40.03,339695312, 605.8431299918793, 1173770, 32.33439206785448, 64270, 0, 0.0, 20, 
2019-12-06 16:53:41.059,366343272, 665.9023172385839, 1175202, 35.32997668133745, 64343, 0, 0.0, 20, 
2019-12-06 16:53:42.089,109702216, 665.9023172385839, 1176631, 35.32997668133745, 64431, 0, 0.0, 20, 
2019-12-06 16:53:43.166,132525680, 665.9023172385839, 1178012, 35.32997668133745, 64499, 0, 0.0, 20, 
2019-12-06 16:53:44.199,157048552, 665.9023172385839, 1179426, 35.32997668133745, 64558, 0, 0.0, 20, 
2019-12-06 16:53:45.224,183772640, 665.9023172385839, 1180904, 35.32997668133745, 64632, 0, 0.0, 20, 
2019-12-06 16:53:46.249,211136264, 722.1988596219101, 1182337, 38.102038690596125, 64715, 0, 0.0, 20, 
2019-12-06 16:53:47.278,236687592, 722.1988596219101, 1183807, 38.102038690596125, 64782, 0, 0.0, 20, 
2019-12-06 16:53:48.309,263305328, 722.1988596219101, 1185314, 38.102038690596125, 64862, 0, 0.0, 20, 
2019-12-06 16:53:49.333,289421056, 722.1988596219101, 1186782, 38.102038690596125, 64936, 0, 0.0, 20, 
2019-12-06 16:53:50.356,314411144, 722.1988596219101, 1188188, 38.102038690596125, 65014, 0, 0.0, 20, 
2019-12-06 16:53:51.384,341249688, 779.287238756171, 1189678, 41.10021013729649, 65105, 0, 0.0, 20, 
2019-12-06 16:53:52.413,368803224, 779.287238756171, 1191169, 41.10021013729649, 65175, 0, 0.0, 20, 
2019-12-06 16:53:53.443,110866656, 779.287238756171, 1192664, 41.10021013729649, 65249, 0, 0.0, 20, 
2019-12-06 16:53:54.47,133941056, 779.287238756171, 1193964, 41.10021013729649, 65317, 0, 0.0, 20, 
2019-12-06 16:53:55.5,160373304, 779.287238756171, 1195416, 41.10021013729649, 65380, 0, 0.0, 20, 
2019-12-06 16:53:56.528,185683840, 828.3410107138016, 1196830, 43.49086533822918, 65468, 0, 0.0, 20, 
2019-12-06 16:53:57.558,211127464, 828.3410107138016, 1198260, 43.49086533822918, 65543, 0, 0.0, 20, 
2019-12-06 16:53:58.588,237260832, 828.3410107138016, 1199792, 43.49086533822918, 65637, 0, 0.0, 20, 
2019-12-06 16:53:59.617,264647024, 828.3410107138016, 1201266, 43.49086533822918, 65721, 0, 0.0, 20, 
2019-12-06 16:54:00.639,289513696, 828.3410107138016, 1202626, 43.49086533822918, 65777, 0, 0.0, 20, 
2019-12-06 16:54:01.664,314334952, 872.6890948832875, 1203983, 46.10614334707935, 65854, 0, 0.0, 20, 
2019-12-06 16:54:02.691,339501848, 872.6890948832875, 1205450, 46.10614334707935, 65932, 0, 0.0, 20, 
2019-12-06 16:54:03.717,365354704, 872.6890948832875, 1206870, 46.10614334707935, 66007, 0, 0.0, 20, 
2019-12-06 16:54:04.747,105989872, 872.6890948832875, 1208311, 46.10614334707935, 66088, 0, 0.0, 20, 
2019-12-06 16:54:05.77,132729472, 872.6890948832875, 1209839, 46.10614334707935, 66180, 0, 0.0, 20, 
2019-12-06 16:54:06.793,161286848, 916.913401076799, 1211372, 48.60826197426967, 66256, 0, 0.0, 20, 
2019-12-06 16:54:07.825,185697600, 916.913401076799, 1212739, 48.60826197426967, 66335, 0, 0.0, 20, 
2019-12-06 16:54:08.851,210694776, 916.913401076799, 1214077, 48.60826197426967, 66407, 0, 0.0, 20, 
2019-12-06 16:54:09.877,236703856, 916.913401076799, 1215646, 48.60826197426967, 66489, 0, 0.0, 20, 
2019-12-06 16:54:10.899,262363648, 916.913401076799, 1217067, 48.60826197426967, 66575, 0, 0.0, 20, 
2019-12-06 16:54:11.921,289422120, 955.8746863369896, 1218549, 50.926313359030246, 66646, 0, 0.0, 20, 
2019-12-06 16:54:12.947,316995584, 955.8746863369896, 1220117, 50.926313359030246, 66727, 0, 0.0, 20, 
2019-12-06 16:54:13.97,343084176, 955.8746863369896, 1221569, 50.926313359030246, 66812, 0, 0.0, 20, 
2019-12-06 16:54:14.993,369693248, 955.8746863369896, 1223072, 50.926313359030246, 66901, 0, 0.0, 20, 
2019-12-06 16:54:16.02,112679008, 995.7345696130158, 1224511, 53.02704135425471, 66972, 0, 0.0, 20, 
2019-12-06 16:54:17.053,139798720, 995.7345696130158, 1226042, 53.02704135425471, 67051, 0, 0.0, 20, 
2019-12-06 16:54:18.081,167529264, 995.7345696130158, 1227587, 53.02704135425471, 67133, 0, 0.0, 20, 
2019-12-06 16:54:19.102,193020120, 995.7345696130158, 1229042, 53.02704135425471, 67199, 0, 0.0, 20, 
2019-12-06 16:54:20.128,220517960, 995.7345696130158, 1230511, 53.02704135425471, 67272, 0, 0.0, 20, 
2019-12-06 16:54:21.152,242884160, 1030.6324185936714, 1231837, 54.719937656804404, 67357, 0, 0.0, 20, 
2019-12-06 16:54:22.178,268809280, 1030.6324185936714, 1233238, 54.719937656804404, 67422, 0, 0.0, 20, 
2019-12-06 16:54:23.202,293529584, 1030.6324185936714, 1234647, 54.719937656804404, 67487, 0, 0.0, 20, 
2019-12-06 16:54:24.229,319390552, 1030.6324185936714, 1236128, 54.719937656804404, 67556, 0, 0.0, 20, 
2019-12-06 16:54:25.253,346089800, 1030.6324185936714, 1237610, 54.719937656804404, 67644, 0, 0.0, 20, 
2019-12-06 16:54:26.279,90604032, 1062.1163360650098, 1239144, 56.1015751566964, 67731, 0, 0.0, 20, 
2019-12-06 16:54:27.307,114991576, 1062.1163360650098, 1240606, 56.1015751566964, 67804, 0, 0.0, 20, 
2019-12-06 16:54:28.33,141658592, 1062.1163360650098, 1242093, 56.1015751566964, 67890, 0, 0.0, 20, 
2019-12-06 16:54:29.355,166982912, 1062.1163360650098, 1243502, 56.1015751566964, 67976, 0, 0.0, 20, 
2019-12-06 16:54:30.386,191660272, 1062.1163360650098, 1244842, 56.1015751566964, 68046, 0, 0.0, 20, 
2019-12-06 16:54:31.417,210402448, 1084.5265804847702, 1245877, 57.660583128848884, 68104, 0, 0.0, 20, 
2019-12-06 16:54:32.445,228343504, 1084.5265804847702, 1246808, 57.660583128848884, 68156, 0, 0.0, 20, 
2019-12-06 16:54:33.471,246838616, 1084.5265804847702, 1247738, 57.660583128848884, 68199, 0, 0.0, 20, 
2019-12-06 16:54:34.5,262863344, 1084.5265804847702, 1248612, 57.660583128848884, 68241, 0, 0.0, 20, 
2019-12-06 16:54:35.53,280079680, 1084.5265804847702, 1249510, 57.660583128848884, 68306, 0, 0.0, 20, 
2019-12-06 16:54:36.56,299865768, 1070.2044098866627, 1250514, 57.12803230587172, 68364, 0, 0.0, 20, 
2019-12-06 16:54:37.585,320662920, 1070.2044098866627, 1251596, 57.12803230587172, 68424, 0, 0.0, 20, 
2019-12-06 16:54:38.616,337841312, 1070.2044098866627, 1252458, 57.12803230587172, 68470, 0, 0.0, 20, 
2019-12-06 16:54:39.688,353953696, 1070.2044098866627, 1253333, 57.12803230587172, 68518, 0, 0.0, 20, 
2019-12-06 16:54:40.713,92143960, 1070.2044098866627, 1254264, 57.12803230587172, 68567, 0, 0.0, 20, 
2019-12-06 16:54:41.737,105088480, 1057.5870659201003, 1255145, 56.6700441298336, 68612, 0, 0.0, 20, 
2019-12-06 16:54:42.761,123236544, 1057.5870659201003, 1256001, 56.6700441298336, 68659, 0, 0.0, 20, 
2019-12-06 16:54:43.79,138923904, 1057.5870659201003, 1256809, 56.6700441298336, 68691, 0, 0.0, 20, 
2019-12-06 16:54:44.815,155079176, 1057.5870659201003, 1257689, 56.6700441298336, 68737, 0, 0.0, 20, 
2019-12-06 16:54:45.844,171424456, 1057.5870659201003, 1258560, 56.6700441298336, 68780, 0, 0.0, 20, 
2019-12-06 16:54:46.873,190577920, 1039.1983154367742, 1259510, 55.337180993277734, 68834, 0, 0.0, 20, 
2019-12-06 16:54:47.899,206342352, 1039.1983154367742, 1260270, 55.337180993277734, 68885, 0, 0.0, 20, 
2019-12-06 16:54:48.924,222811232, 1039.1983154367742, 1261107, 55.337180993277734, 68934, 0, 0.0, 20, 
2019-12-06 16:54:49.949,238759336, 1039.1983154367742, 1261950, 55.337180993277734, 68981, 0, 0.0, 20, 
2019-12-06 16:54:50.98,256002296, 1023.3032797553225, 1262867, 54.702559040767206, 69022, 0, 0.0, 20, 
2019-12-06 16:54:52.011,273544144, 1023.3032797553225, 1263763, 54.702559040767206, 69065, 0, 0.0, 20, 
2019-12-06 16:54:53.037,291136224, 1023.3032797553225, 1264720, 54.702559040767206, 69109, 0, 0.0, 20, 
2019-12-06 16:54:54.066,309352056, 1023.3032797553225, 1265643, 54.702559040767206, 69168, 0, 0.0, 20, 
2019-12-06 16:54:55.096,326924280, 1023.3032797553225, 1266549, 54.702559040767206, 69219, 0, 0.0, 20, 
2019-12-06 16:54:56.12,344222800, 1012.580973522358, 1267443, 53.99074972136565, 69261, 0, 0.0, 20, 
2019-12-06 16:54:57.145,361777152, 1012.580973522358, 1268316, 53.99074972136565, 69315, 0, 0.0, 20, 
2019-12-06 16:54:58.171,93329704, 1012.580973522358, 1269217, 53.99074972136565, 69360, 0, 0.0, 20, 
2019-12-06 16:54:59.195,112253096, 1012.580973522358, 1270145, 53.99074972136565, 69400, 0, 0.0, 20, 
2019-12-06 16:55:00.225,139703792, 1012.580973522358, 1271039, 53.99074972136565, 69439, 0, 0.0, 20, 
2019-12-06 16:55:01.249,161846120, 1001.8844374729189, 1271957, 53.20792459617607, 69490, 0, 0.0, 20, 
2019-12-06 16:55:02.289,181418360, 1001.8844374729189, 1272972, 53.20792459617607, 69533, 0, 0.0, 20, 
2019-12-06 16:55:03.313,197920288, 1001.8844374729189, 1273817, 53.20792459617607, 69572, 0, 0.0, 20, 
2019-12-06 16:55:04.339,213284936, 1001.8844374729189, 1274685, 53.20792459617607, 69619, 0, 0.0, 20, 
2019-12-06 16:55:05.367,229721048, 1001.8844374729189, 1275512, 53.20792459617607, 69660, 0, 0.0, 20, 
2019-12-06 16:55:06.391,247075464, 991.0996733173772, 1276375, 52.359761775520816, 69704, 0, 0.0, 20, 
2019-12-06 16:55:07.416,263549424, 991.0996733173772, 1277237, 52.359761775520816, 69745, 0, 0.0, 20, 
2019-12-06 16:55:08.44,280673680, 991.0996733173772, 1278190, 52.359761775520816, 69777, 0, 0.0, 20, 
2019-12-06 16:55:09.466,297015520, 991.0996733173772, 1279012, 52.359761775520816, 69818, 0, 0.0, 20, 
2019-12-06 16:55:10.489,312362456, 991.0996733173772, 1279769, 52.359761775520816, 69840, 0, 0.0, 20, 
2019-12-06 16:55:11.515,329842144, 978.4587213903735, 1280668, 50.923778509641146, 69877, 0, 0.0, 20, 
2019-12-06 16:55:12.543,346987104, 978.4587213903735, 1281588, 50.923778509641146, 69922, 0, 0.0, 20, 
2019-12-06 16:55:13.566,363964000, 978.4587213903735, 1282473, 50.923778509641146, 69963, 0, 0.0, 20, 
2019-12-06 16:55:14.589,99666248, 978.4587213903735, 1283379, 50.923778509641146, 70015, 0, 0.0, 20, 
2019-12-06 16:55:15.611,117602336, 978.4587213903735, 1284311, 50.923778509641146, 70066, 0, 0.0, 20, 
2019-12-06 16:55:16.633,137108712, 972.1695172770972, 1285382, 50.48212156544482, 70116, 0, 0.0, 20, 
2019-12-06 16:55:17.658,155160168, 972.1695172770972, 1286374, 50.48212156544482, 70163, 0, 0.0, 20, 
2019-12-06 16:55:18.685,173504816, 972.1695172770972, 1287366, 50.48212156544482, 70208, 0, 0.0, 20, 
2019-12-06 16:55:19.715,191689912, 972.1695172770972, 1288325, 50.48212156544482, 70269, 0, 0.0, 20, 
2019-12-06 16:55:20.744,208332384, 972.1695172770972, 1289173, 50.48212156544482, 70311, 0, 0.0, 20, 
2019-12-06 16:55:21.778,226682152, 968.9737311262235, 1290129, 50.23568873149609, 70360, 0, 0.0, 20, 
2019-12-06 16:55:22.801,246488688, 968.9737311262235, 1291099, 50.23568873149609, 70411, 0, 0.0, 20, 
2019-12-06 16:55:23.822,263777824, 968.9737311262235, 1292003, 50.23568873149609, 70460, 0, 0.0, 20, 
2019-12-06 16:55:24.843,281267904, 968.9737311262235, 1292907, 50.23568873149609, 70508, 0, 0.0, 20, 
2019-12-06 16:55:25.869,299767680, 968.9737311262235, 1293855, 50.23568873149609, 70563, 0, 0.0, 20, 
2019-12-06 16:55:26.891,314986456, 965.0580077862401, 1294746, 50.15287963270751, 70604, 0, 0.0, 20, 
2019-12-06 16:55:27.913,332291120, 965.0580077862401, 1295616, 50.15287963270751, 70656, 0, 0.0, 20, 
2019-12-06 16:55:28.937,350310904, 965.0580077862401, 1296552, 50.15287963270751, 70696, 0, 0.0, 20, 
2019-12-06 16:55:29.96,368062424, 965.0580077862401, 1297481, 50.15287963270751, 70744, 0, 0.0, 20, 
2019-12-06 16:55:30.984,100877752, 958.8328251978966, 1298395, 49.66092253995907, 70789, 0, 0.0, 20, 
2019-12-06 16:55:32.01,119066856, 958.8328251978966, 1299330, 49.66092253995907, 70828, 0, 0.0, 20, 
2019-12-06 16:55:33.033,136175744, 958.8328251978966, 1300219, 49.66092253995907, 70866, 0, 0.0, 20, 
2019-12-06 16:55:34.06,154972448, 958.8328251978966, 1301134, 49.66092253995907, 70916, 0, 0.0, 20, 
2019-12-06 16:55:35.084,171737656, 958.8328251978966, 1302013, 49.66092253995907, 70959, 0, 0.0, 20, 
2019-12-06 16:55:36.106,189975664, 952.8815050884054, 1302925, 49.0803712279455, 71007, 0, 0.0, 20, 
2019-12-06 16:55:37.129,206768280, 952.8815050884054, 1303871, 49.0803712279455, 71050, 0, 0.0, 20, 
2019-12-06 16:55:38.157,224256592, 952.8815050884054, 1304780, 49.0803712279455, 71097, 0, 0.0, 20, 
2019-12-06 16:55:39.182,242596272, 952.8815050884054, 1305767, 49.0803712279455, 71149, 0, 0.0, 20, 
2019-12-06 16:55:40.209,260070632, 952.8815050884054, 1306639, 49.0803712279455, 71199, 0, 0.0, 20, 
2019-12-06 16:55:41.232,280466672, 950.1724895158223, 1307735, 49.07394509936815, 71258, 0, 0.0, 20, 
2019-12-06 16:55:42.256,299984912, 950.1724895158223, 1308825, 49.07394509936815, 71308, 0, 0.0, 20, 
2019-12-06 16:55:43.281,317938984, 950.1724895158223, 1309779, 49.07394509936815, 71361, 0, 0.0, 20, 
2019-12-06 16:55:44.305,337556176, 950.1724895158223, 1310717, 49.07394509936815, 71406, 0, 0.0, 20, 
2019-12-06 16:55:45.391,354930680, 950.1724895158223, 1311645, 49.07394509936815, 71450, 0, 0.0, 20, 
2019-12-06 16:55:46.46,92509648, 951.0861828059143, 1312647, 48.956094956143936, 71504, 0, 0.0, 20, 
2019-12-06 16:55:47.49,108881320, 951.0861828059143, 1313418, 48.956094956143936, 71554, 0, 0.0, 20, 
2019-12-06 16:55:48.514,125505288, 951.0861828059143, 1314288, 48.956094956143936, 71607, 0, 0.0, 20, 
2019-12-06 16:55:49.54,140123192, 951.0861828059143, 1315065, 48.956094956143936, 71650, 0, 0.0, 20, 
2019-12-06 16:55:50.565,155489240, 951.0861828059143, 1315773, 48.956094956143936, 71688, 0, 0.0, 20, 
2019-12-06 16:55:51.591,169996128, 936.2075531302727, 1316484, 48.54383636569865, 71716, 0, 0.0, 20, 
2019-12-06 16:55:52.621,188410992, 936.2075531302727, 1317333, 48.54383636569865, 71773, 0, 0.0, 20, 
2019-12-06 16:55:53.648,204219960, 936.2075531302727, 1318172, 48.54383636569865, 71827, 0, 0.0, 20, 
2019-12-06 16:55:54.687,223159696, 936.2075531302727, 1319164, 48.54383636569865, 71875, 0, 0.0, 20, 
2019-12-06 16:55:55.712,246017144, 936.2075531302727, 1320257, 48.54383636569865, 71935, 0, 0.0, 20, 
2019-12-06 16:55:56.736,267580624, 933.4884593127174, 1321447, 48.660264781474716, 71994, 0, 0.0, 20, 
2019-12-06 16:55:57.764,288684552, 933.4884593127174, 1322547, 48.660264781474716, 72044, 0, 0.0, 20, 
2019-12-06 16:55:58.786,308472472, 933.4884593127174, 1323577, 48.660264781474716, 72109, 0, 0.0, 20, 
2019-12-06 16:55:59.809,327761992, 933.4884593127174, 1324601, 48.660264781474716, 72157, 0, 0.0, 20, 
2019-12-06 16:56:00.833,349828120, 933.4884593127174, 1325763, 48.660264781474716, 72205, 0, 0.0, 20, 
2019-12-06 16:56:01.861,371666008, 944.9150352045943, 1326933, 48.99125973415151, 72271, 0, 0.0, 20, 
2019-12-06 16:56:02.886,108182488, 944.9150352045943, 1327992, 48.99125973415151, 72319, 0, 0.0, 20, 
2019-12-06 16:56:03.91,129017096, 944.9150352045943, 1329156, 48.99125973415151, 72378, 0, 0.0, 20, 
2019-12-06 16:56:04.941,152182528, 944.9150352045943, 1330348, 48.99125973415151, 72444, 0, 0.0, 20, 
2019-12-06 16:56:05.962,176473440, 960.7210522837926, 1331636, 49.90345224044944, 72516, 0, 0.0, 20, 
2019-12-06 16:56:06.984,199098016, 960.7210522837926, 1332828, 49.90345224044944, 72591, 0, 0.0, 20, 
2019-12-06 16:56:08.011,222483400, 960.7210522837926, 1334083, 49.90345224044944, 72666, 0, 0.0, 20, 
2019-12-06 16:56:09.034,246266048, 960.7210522837926, 1335371, 49.90345224044944, 72727, 0, 0.0, 20, 
2019-12-06 16:56:10.056,268926136, 960.7210522837926, 1336606, 49.90345224044944, 72784, 0, 0.0, 20, 
2019-12-06 16:56:11.079,291487064, 980.9081543422144, 1337847, 51.126496670714815, 72851, 0, 0.0, 20, 
2019-12-06 16:56:12.106,315216944, 980.9081543422144, 1339019, 51.126496670714815, 72899, 0, 0.0, 20, 
2019-12-06 16:56:13.128,336844960, 980.9081543422144, 1340164, 51.126496670714815, 72965, 0, 0.0, 20, 
2019-12-06 16:56:14.151,361061800, 980.9081543422144, 1341459, 51.126496670714815, 73026, 0, 0.0, 20, 
2019-12-06 16:56:15.174,101183272, 980.9081543422144, 1342730, 51.126496670714815, 73098, 0, 0.0, 20, 
2019-12-06 16:56:16.196,124250008, 998.4417622287988, 1343996, 52.059858462734354, 73172, 0, 0.0, 20, 
2019-12-06 16:56:17.216,148181056, 998.4417622287988, 1345210, 52.059858462734354, 73241, 0, 0.0, 20, 
2019-12-06 16:56:18.239,172698064, 998.4417622287988, 1346561, 52.059858462734354, 73313, 0, 0.0, 20, 
2019-12-06 16:56:19.26,197150560, 998.4417622287988, 1347895, 52.059858462734354, 73377, 0, 0.0, 20, 
2019-12-06 16:56:20.283,222095368, 998.4417622287988, 1349215, 52.059858462734354, 73441, 0, 0.0, 20, 
2019-12-06 16:56:21.305,247386184, 1021.4816228091779, 1350573, 53.14246840534824, 73514, 0, 0.0, 20, 
2019-12-06 16:56:22.336,272588792, 1021.4816228091779, 1351894, 53.14246840534824, 73587, 0, 0.0, 20, 
2019-12-06 16:56:23.359,298121464, 1021.4816228091779, 1353276, 53.14246840534824, 73652, 0, 0.0, 20, 
2019-12-06 16:56:24.38,323676816, 1021.4816228091779, 1354724, 53.14246840534824, 73725, 0, 0.0, 20, 
2019-12-06 16:56:25.402,348897360, 1021.4816228091779, 1356092, 53.14246840534824, 73802, 0, 0.0, 20, 
2019-12-06 16:56:26.423,91944296, 1047.9084131332363, 1357507, 54.57027779727398, 73869, 0, 0.0, 20, 
2019-12-06 16:56:27.455,116576424, 1047.9084131332363, 1358928, 54.57027779727398, 73948, 0, 0.0, 20, 
2019-12-06 16:56:28.477,143681032, 1047.9084131332363, 1360393, 54.57027779727398, 74017, 0, 0.0, 20, 
2019-12-06 16:56:29.499,171018616, 1047.9084131332363, 1361902, 54.57027779727398, 74112, 0, 0.0, 20, 
2019-12-06 16:56:30.521,199221024, 1047.9084131332363, 1363429, 54.57027779727398, 74188, 0, 0.0, 20, 
2019-12-06 16:56:31.543,226081800, 1078.1869206361189, 1364872, 56.41163271691701, 74273, 0, 0.0, 20, 
2019-12-06 16:56:32.564,251936216, 1078.1869206361189, 1366330, 56.41163271691701, 74355, 0, 0.0, 20, 
2019-12-06 16:56:33.591,278072216, 1078.1869206361189, 1367696, 56.41163271691701, 74426, 0, 0.0, 20, 
2019-12-06 16:56:34.614,301005448, 1078.1869206361189, 1368938, 56.41163271691701, 74481, 0, 0.0, 20, 
2019-12-06 16:56:35.635,325279760, 1078.1869206361189, 1370239, 56.41163271691701, 74542, 0, 0.0, 20, 
2019-12-06 16:56:36.666,348372504, 1097.905013756723, 1371537, 57.19426735285909, 74606, 0, 0.0, 20, 
2019-12-06 16:56:37.688,92230840, 1097.905013756723, 1372846, 57.19426735285909, 74673, 0, 0.0, 20, 
2019-12-06 16:56:38.71,113694264, 1097.905013756723, 1374139, 57.19426735285909, 74746, 0, 0.0, 20, 
2019-12-06 16:56:39.731,137646776, 1097.905013756723, 1375443, 57.19426735285909, 74808, 0, 0.0, 20, 
2019-12-06 16:56:40.753,165605240, 1097.905013756723, 1376925, 57.19426735285909, 74898, 0, 0.0, 20, 
2019-12-06 16:56:41.819,188928248, 1115.1510326433245, 1378230, 58.33009502228058, 74970, 0, 0.0, 20, 
2019-12-06 16:56:42.842,215122792, 1115.1510326433245, 1379701, 58.33009502228058, 75038, 0, 0.0, 20, 
2019-12-06 16:56:43.865,241808816, 1115.1510326433245, 1381156, 58.33009502228058, 75110, 0, 0.0, 20, 
2019-12-06 16:56:44.887,267841040, 1115.1510326433245, 1382612, 58.33009502228058, 75196, 0, 0.0, 20, 
2019-12-06 16:56:45.908,291474280, 1115.1510326433245, 1383892, 58.33009502228058, 75271, 0, 0.0, 20, 
2019-12-06 16:56:46.931,315760024, 1133.6886525459145, 1385338, 59.40708915966153, 75361, 0, 0.0, 20, 
2019-12-06 16:56:47.955,342990688, 1133.6886525459145, 1386843, 59.40708915966153, 75435, 0, 0.0, 20, 
2019-12-06 16:56:48.978,369504152, 1133.6886525459145, 1388299, 59.40708915966153, 75513, 0, 0.0, 20, 
2019-12-06 16:56:50.002,109750216, 1133.6886525459145, 1389726, 59.40708915966153, 75586, 0, 0.0, 20, 
2019-12-06 16:56:51.027,135865176, 1156.6128261640213, 1391160, 60.7177939418301, 75658, 0, 0.0, 20, 
2019-12-06 16:56:52.05,163802192, 1156.6128261640213, 1392691, 60.7177939418301, 75726, 0, 0.0, 20, 
2019-12-06 16:56:53.072,189663424, 1156.6128261640213, 1394183, 60.7177939418301, 75807, 0, 0.0, 20, 
2019-12-06 16:56:54.095,215758880, 1156.6128261640213, 1395598, 60.7177939418301, 75882, 0, 0.0, 20, 
2019-12-06 16:56:55.133,237489416, 1156.6128261640213, 1396759, 60.7177939418301, 75937, 0, 0.0, 20, 
2019-12-06 16:56:56.165,238494424, 1155.6203513819726, 1396772, 60.43652666799766, 75939, 0, 0.0, 20, 
2019-12-06 16:56:57.197,239297152, 1155.6203513819726, 1396772, 60.43652666799766, 75939, 0, 0.0, 20, 
2019-12-06 16:56:58.233,240278928, 1155.6203513819726, 1396772, 60.43652666799766, 75939, 0, 0.0, 20, 
