Timestamp, MemoryUsed, ReadLatency1, ReadCount, WriteLatency1, WriteCount, PendingTasks, WaitingOnCommit1, SRDelay, 
2019-12-06 16:55:50.935,221045488, 962.7909587231351, 1331674, 51.74500181430206, 72352, 0, 0.0, 20, 
2019-12-06 16:55:52.093,240968432, 947.8879605106251, 1332709, 50.709976616615066, 72409, 0, 0.0, 20, 
2019-12-06 16:55:53.145,259842800, 947.8879605106251, 1333575, 50.709976616615066, 72465, 0, 0.0, 20, 
2019-12-06 16:55:54.187,277668592, 947.8879605106251, 1334471, 50.709976616615066, 72511, 0, 0.0, 20, 
2019-12-06 16:55:55.231,299688688, 947.8879605106251, 1335631, 50.709976616615066, 72562, 0, 0.0, 20, 
2019-12-06 16:55:56.262,320660208, 947.8879605106251, 1336732, 50.709976616615066, 72617, 0, 0.0, 20, 
2019-12-06 16:55:57.292,342680304, 947.7689897569896, 1337866, 50.66920113770825, 72686, 0, 0.0, 20, 
2019-12-06 16:55:58.327,363651824, 947.7689897569896, 1338915, 50.66920113770825, 72748, 0, 0.0, 20, 
2019-12-06 16:55:59.354,385671920, 947.7689897569896, 1339966, 50.66920113770825, 72820, 0, 0.0, 20, 
2019-12-06 16:56:00.386,407692016, 947.7689897569896, 1341032, 50.66920113770825, 72885, 0, 0.0, 20, 
2019-12-06 16:56:01.414,428663536, 956.8384325801568, 1342185, 51.62313514468259, 72940, 0, 0.0, 20, 
2019-12-06 16:56:02.45,450683632, 956.8384325801568, 1343308, 51.62313514468259, 73005, 0, 0.0, 20, 
2019-12-06 16:56:03.476,472703728, 956.8384325801568, 1344397, 51.62313514468259, 73060, 0, 0.0, 20, 
2019-12-06 16:56:04.51,493675248, 956.8384325801568, 1345554, 51.62313514468259, 73125, 0, 0.0, 20, 
2019-12-06 16:56:05.535,517792496, 956.8384325801568, 1346787, 51.62313514468259, 73186, 0, 0.0, 20, 
2019-12-06 16:56:06.561,546104048, 970.6197025986177, 1348016, 52.30890339483467, 73256, 0, 0.0, 20, 
2019-12-06 16:56:07.594,568124144, 970.6197025986177, 1349253, 52.30890339483467, 73313, 0, 0.0, 20, 
2019-12-06 16:56:08.621,592241392, 970.6197025986177, 1350484, 52.30890339483467, 73374, 0, 0.0, 20, 
2019-12-06 16:56:09.65,616358640, 970.6197025986177, 1351794, 52.30890339483467, 73445, 0, 0.0, 20, 
2019-12-06 16:56:10.677,641524464, 970.6197025986177, 1353072, 52.30890339483467, 73510, 0, 0.0, 20, 
2019-12-06 16:56:11.705,664593136, 991.8383396231895, 1354317, 53.41957415534129, 73601, 0, 0.0, 20, 
2019-12-06 16:56:12.73,690807536, 991.8383396231895, 1355624, 53.41957415534129, 73662, 0, 0.0, 20, 
2019-12-06 16:56:13.759,713876208, 991.8383396231895, 1356859, 53.41957415534129, 73710, 0, 0.0, 20, 
2019-12-06 16:56:14.793,736944880, 991.8383396231895, 1358126, 53.41957415534129, 73773, 0, 0.0, 20, 
2019-12-06 16:56:15.818,761062128, 991.8383396231895, 1359346, 53.41957415534129, 73849, 0, 0.0, 20, 
2019-12-06 16:56:16.842,136265296, 1008.785858254758, 1360534, 54.20157382892547, 73906, 0, 0.0, 20, 
2019-12-06 16:56:17.867,162479696, 1008.785858254758, 1361872, 54.20157382892547, 73973, 0, 0.0, 20, 
2019-12-06 16:56:18.891,186596944, 1008.785858254758, 1363155, 54.20157382892547, 74032, 0, 0.0, 20, 
2019-12-06 16:56:19.916,211762768, 1008.785858254758, 1364525, 54.20157382892547, 74097, 0, 0.0, 20, 
2019-12-06 16:56:20.941,236928592, 1008.785858254758, 1365873, 54.20157382892547, 74151, 0, 0.0, 20, 
2019-12-06 16:56:21.967,262094416, 1031.1905439871405, 1367243, 54.56924368521757, 74225, 0, 0.0, 20, 
2019-12-06 16:56:22.99,288308816, 1031.1905439871405, 1368583, 54.56924368521757, 74293, 0, 0.0, 20, 
2019-12-06 16:56:24.017,315571792, 1031.1905439871405, 1370042, 54.56924368521757, 74358, 0, 0.0, 20, 
2019-12-06 16:56:25.041,342834768, 1031.1905439871405, 1371585, 54.56924368521757, 74425, 0, 0.0, 20, 
2019-12-06 16:56:26.065,371146320, 1031.1905439871405, 1373082, 54.56924368521757, 74507, 0, 0.0, 20, 
2019-12-06 16:56:27.098,397360720, 1062.0541560012653, 1374524, 55.75504548785586, 74579, 0, 0.0, 20, 
2019-12-06 16:56:28.121,424623696, 1062.0541560012653, 1375992, 55.75504548785586, 74657, 0, 0.0, 20, 
2019-12-06 16:56:29.158,453983824, 1062.0541560012653, 1377562, 55.75504548785586, 74735, 0, 0.0, 20, 
2019-12-06 16:56:30.181,484392528, 1062.0541560012653, 1379081, 55.75504548785586, 74810, 0, 0.0, 20, 
2019-12-06 16:56:31.206,514801232, 1062.0541560012653, 1380600, 55.75504548785586, 74884, 0, 0.0, 20, 
2019-12-06 16:56:32.228,542064208, 1094.479811352829, 1382128, 57.19784038886158, 74957, 0, 0.0, 20, 
2019-12-06 16:56:33.251,569327184, 1094.479811352829, 1383563, 57.19784038886158, 75030, 0, 0.0, 20, 
2019-12-06 16:56:34.275,593444432, 1094.479811352829, 1384844, 57.19784038886158, 75110, 0, 0.0, 20, 
2019-12-06 16:56:35.3,617561680, 1094.479811352829, 1386128, 57.19784038886158, 75171, 0, 0.0, 20, 
2019-12-06 16:56:36.325,642727504, 1094.479811352829, 1387426, 57.19784038886158, 75247, 0, 0.0, 20, 
2019-12-06 16:56:37.349,672087632, 1112.9271790929465, 1388757, 58.26941790580139, 75311, 0, 0.0, 20, 
2019-12-06 16:56:38.375,697253456, 1112.9271790929465, 1390088, 58.26941790580139, 75384, 0, 0.0, 20, 
2019-12-06 16:56:39.404,721370704, 1112.9271790929465, 1391402, 58.26941790580139, 75452, 0, 0.0, 20, 
2019-12-06 16:56:40.439,748633680, 1112.9271790929465, 1392840, 58.26941790580139, 75514, 0, 0.0, 20, 
2019-12-06 16:56:41.471,131875832, 1129.691692224891, 1394219, 58.96747670776979, 75590, 0, 0.0, 20, 
