Timestamp, MemoryUsed, ReadLatency1, ReadCount, WriteLatency1, WriteCount, PendingTasks, WaitingOnCommit1, SRDelay, 
2019-12-06 16:52:36.818,191690520, 76.10178584071917, 1130985, 6.877927725708696, 61728, 0, 0.0, 20, 
2019-12-06 16:52:38.026,201127704, 76.10178584071917, 1131285, 6.877927725708696, 61748, 0, 0.0, 20, 
2019-12-06 16:52:39.088,208467736, 76.10178584071917, 1131579, 6.877927725708696, 61763, 0, 0.0, 20, 
2019-12-06 16:52:40.307,218953496, 76.10178584071917, 1131914, 6.877927725708696, 61783, 0, 0.0, 20, 
2019-12-06 16:52:41.421,230487832, 93.33207170015993, 1132425, 7.463368300526059, 61797, 0, 0.0, 20, 
2019-12-06 16:52:42.473,244119320, 93.33207170015993, 1133037, 7.463368300526059, 61828, 0, 0.0, 20, 
2019-12-06 16:52:43.507,259847960, 93.33207170015993, 1133688, 7.463368300526059, 61857, 0, 0.0, 20, 
2019-12-06 16:52:44.548,274528024, 93.33207170015993, 1134332, 7.463368300526059, 61891, 0, 0.0, 20, 
2019-12-06 16:52:45.579,287110936, 93.33207170015993, 1134925, 7.463368300526059, 61924, 0, 0.0, 20, 
2019-12-06 16:52:46.611,299693848, 133.8909758471441, 1135538, 9.345253465711522, 61963, 0, 0.0, 20, 
2019-12-06 16:52:47.64,314373912, 133.8909758471441, 1136233, 9.345253465711522, 61994, 0, 0.0, 20, 
2019-12-06 16:52:48.671,330102552, 133.8909758471441, 1136933, 9.345253465711522, 62013, 0, 0.0, 20, 
2019-12-06 16:52:49.705,345831192, 133.8909758471441, 1137623, 9.345253465711522, 62049, 0, 0.0, 20, 
2019-12-06 16:52:50.735,359462680, 133.8909758471441, 1138305, 9.345253465711522, 62077, 0, 0.0, 20, 
2019-12-06 16:52:51.767,373094168, 176.35610876893458, 1138956, 10.900769113098702, 62108, 0, 0.0, 20, 
2019-12-06 16:52:52.801,389871384, 176.35610876893458, 1139672, 10.900769113098702, 62154, 0, 0.0, 20, 
2019-12-06 16:52:53.831,404551448, 176.35610876893458, 1140429, 10.900769113098702, 62190, 0, 0.0, 20, 
2019-12-06 16:52:54.861,422377240, 176.35610876893458, 1141193, 10.900769113098702, 62222, 0, 0.0, 20, 
2019-12-06 16:52:55.887,438105880, 176.35610876893458, 1141952, 10.900769113098702, 62266, 0, 0.0, 20, 
2019-12-06 16:52:56.919,453834520, 219.40770528157938, 1142690, 13.131468450052559, 62312, 0, 0.0, 20, 
2019-12-06 16:52:57.949,470611736, 219.40770528157938, 1143480, 13.131468450052559, 62363, 0, 0.0, 20, 
2019-12-06 16:52:58.977,488437528, 219.40770528157938, 1144336, 13.131468450052559, 62388, 0, 0.0, 20, 
2019-12-06 16:53:00.004,505214744, 219.40770528157938, 1145160, 13.131468450052559, 62432, 0, 0.0, 20, 
2019-12-06 16:53:01.031,521991960, 219.40770528157938, 1145980, 13.131468450052559, 62477, 0, 0.0, 20, 
2019-12-06 16:53:02.057,538769176, 265.14168403330734, 1146795, 15.327730969401507, 62517, 0, 0.0, 20, 
2019-12-06 16:53:03.083,554497816, 265.14168403330734, 1147624, 15.327730969401507, 62554, 0, 0.0, 20, 
2019-12-06 16:53:04.112,573372184, 265.14168403330734, 1148433, 15.327730969401507, 62603, 0, 0.0, 20, 
2019-12-06 16:53:05.138,591197976, 265.14168403330734, 1149312, 15.327730969401507, 62646, 0, 0.0, 20, 
2019-12-06 16:53:06.163,609023768, 265.14168403330734, 1150183, 15.327730969401507, 62715, 0, 0.0, 20, 
2019-12-06 16:53:07.191,627898136, 309.45773213298975, 1151054, 17.78015019438989, 62767, 0, 0.0, 20, 
2019-12-06 16:53:08.217,646772504, 309.45773213298975, 1151985, 17.78015019438989, 62800, 0, 0.0, 20, 
2019-12-06 16:53:09.242,665646872, 309.45773213298975, 1152915, 17.78015019438989, 62855, 0, 0.0, 20, 
2019-12-06 16:53:10.273,685569816, 309.45773213298975, 1153892, 17.78015019438989, 62905, 0, 0.0, 20, 
2019-12-06 16:53:11.3,704444184, 309.45773213298975, 1154884, 17.78015019438989, 62960, 0, 0.0, 20, 
2019-12-06 16:53:12.324,725415704, 358.32196990505946, 1155904, 20.164413741263107, 63011, 0, 0.0, 20, 
2019-12-06 16:53:13.347,746387224, 358.32196990505946, 1156921, 20.164413741263107, 63065, 0, 0.0, 20, 
2019-12-06 16:53:14.372,765261592, 358.32196990505946, 1157953, 20.164413741263107, 63108, 0, 0.0, 20, 
2019-12-06 16:53:15.397,139337816, 358.32196990505946, 1158989, 20.164413741263107, 63157, 0, 0.0, 20, 
2019-12-06 16:53:16.42,163455064, 411.498673118477, 1160107, 22.549935505457732, 63212, 0, 0.0, 20, 
2019-12-06 16:53:17.445,185475160, 411.498673118477, 1161234, 22.549935505457732, 63271, 0, 0.0, 20, 
2019-12-06 16:53:18.468,207495256, 411.498673118477, 1162403, 22.549935505457732, 63330, 0, 0.0, 20, 
2019-12-06 16:53:19.49,229515352, 411.498673118477, 1163573, 22.549935505457732, 63398, 0, 0.0, 20, 
2019-12-06 16:53:20.513,252584024, 411.498673118477, 1164767, 22.549935505457732, 63460, 0, 0.0, 20, 
2019-12-06 16:53:21.543,275652696, 470.06624549408656, 1165966, 25.86409967577116, 63539, 0, 0.0, 20, 
2019-12-06 16:53:22.566,299769944, 470.06624549408656, 1167218, 25.86409967577116, 63599, 0, 0.0, 20, 
2019-12-06 16:53:23.592,321790040, 470.06624549408656, 1168381, 25.86409967577116, 63656, 0, 0.0, 20, 
2019-12-06 16:53:24.614,345907288, 470.06624549408656, 1169663, 25.86409967577116, 63723, 0, 0.0, 20, 
2019-12-06 16:53:25.64,372121688, 470.06624549408656, 1170947, 25.86409967577116, 63779, 0, 0.0, 20, 
2019-12-06 16:53:26.668,396238936, 529.1321352686846, 1172166, 28.83332232446198, 63857, 0, 0.0, 20, 
2019-12-06 16:53:27.693,420356184, 529.1321352686846, 1173421, 28.83332232446198, 63927, 0, 0.0, 20, 
2019-12-06 16:53:28.717,443424856, 529.1321352686846, 1174702, 28.83332232446198, 64005, 0, 0.0, 20, 
2019-12-06 16:53:29.742,468590680, 529.1321352686846, 1175976, 28.83332232446198, 64060, 0, 0.0, 20, 
2019-12-06 16:53:30.767,485367896, 529.1321352686846, 1176789, 28.83332232446198, 64104, 0, 0.0, 20, 
2019-12-06 16:53:31.79,506339416, 576.8870370163711, 1177943, 31.245316696698147, 64164, 0, 0.0, 20, 
2019-12-06 16:53:32.813,526262360, 576.8870370163711, 1178895, 31.245316696698147, 64223, 0, 0.0, 20, 
2019-12-06 16:53:33.838,544088152, 576.8870370163711, 1179827, 31.245316696698147, 64275, 0, 0.0, 20, 
2019-12-06 16:53:34.863,566108248, 576.8870370163711, 1180915, 31.245316696698147, 64340, 0, 0.0, 20, 
2019-12-06 16:53:35.89,590225496, 576.8870370163711, 1182147, 31.245316696698147, 64408, 0, 0.0, 20, 
2019-12-06 16:53:36.926,613294168, 616.202234806077, 1183468, 33.62436981773275, 64478, 0, 0.0, 20, 
2019-12-06 16:53:37.954,639508568, 616.202234806077, 1184875, 33.62436981773275, 64535, 0, 0.0, 20, 
2019-12-06 16:53:38.989,664674392, 616.202234806077, 1186291, 33.62436981773275, 64620, 0, 0.0, 20, 
2019-12-06 16:53:40.017,690888792, 616.202234806077, 1187702, 33.62436981773275, 64679, 0, 0.0, 20, 
2019-12-06 16:53:41.047,717103192, 616.202234806077, 1189207, 33.62436981773275, 64754, 0, 0.0, 20, 
2019-12-06 16:53:42.076,745414744, 675.9768517439668, 1190648, 36.1330266953298, 64830, 0, 0.0, 20, 
2019-12-06 16:53:43.154,127722312, 675.9768517439668, 1192029, 36.1330266953298, 64909, 0, 0.0, 20, 
2019-12-06 16:53:44.188,152888136, 675.9768517439668, 1193440, 36.1330266953298, 64988, 0, 0.0, 20, 
2019-12-06 16:53:45.213,180151112, 675.9768517439668, 1194947, 36.1330266953298, 65063, 0, 0.0, 20, 
2019-12-06 16:53:46.238,205316936, 675.9768517439668, 1196345, 36.1330266953298, 65149, 0, 0.0, 20, 
2019-12-06 16:53:47.266,232579912, 732.3313991455811, 1197806, 39.544489521899735, 65221, 0, 0.0, 20, 
2019-12-06 16:53:48.293,259842888, 732.3313991455811, 1199292, 39.544489521899735, 65302, 0, 0.0, 20, 
2019-12-06 16:53:49.321,287105864, 732.3313991455811, 1200773, 39.544489521899735, 65378, 0, 0.0, 20, 
2019-12-06 16:53:50.345,312271688, 732.3313991455811, 1202172, 39.544489521899735, 65460, 0, 0.0, 20, 
2019-12-06 16:53:51.369,339534664, 732.3313991455811, 1203653, 39.544489521899735, 65545, 0, 0.0, 20, 
2019-12-06 16:53:52.398,366797640, 787.7461048289321, 1205189, 42.491293436311345, 65611, 0, 0.0, 20, 
2019-12-06 16:53:53.43,394060616, 787.7461048289321, 1206690, 42.491293436311345, 65696, 0, 0.0, 20, 
2019-12-06 16:53:54.456,418177864, 787.7461048289321, 1208016, 42.491293436311345, 65760, 0, 0.0, 20, 
2019-12-06 16:53:55.483,445440840, 787.7461048289321, 1209499, 42.491293436311345, 65847, 0, 0.0, 20, 
2019-12-06 16:53:56.517,472703816, 838.2503617690029, 1210913, 44.834688226068465, 65915, 0, 0.0, 20, 
2019-12-06 16:53:57.542,497869640, 838.2503617690029, 1212358, 44.834688226068465, 65994, 0, 0.0, 20, 
2019-12-06 16:53:58.574,525132616, 838.2503617690029, 1213843, 44.834688226068465, 66079, 0, 0.0, 20, 
2019-12-06 16:53:59.605,552395592, 838.2503617690029, 1215332, 44.834688226068465, 66173, 0, 0.0, 20, 
2019-12-06 16:54:00.629,577561416, 838.2503617690029, 1216723, 44.834688226068465, 66252, 0, 0.0, 20, 
2019-12-06 16:54:01.651,602727240, 881.8061379742267, 1218114, 47.454457908805885, 66306, 0, 0.0, 20, 
2019-12-06 16:54:02.679,629990216, 881.8061379742267, 1219630, 47.454457908805885, 66376, 0, 0.0, 20, 
2019-12-06 16:54:03.705,658301768, 881.8061379742267, 1221087, 47.454457908805885, 66464, 0, 0.0, 20, 
2019-12-06 16:54:04.728,685564744, 881.8061379742267, 1222581, 47.454457908805885, 66543, 0, 0.0, 20, 
2019-12-06 16:54:05.759,713876296, 881.8061379742267, 1224176, 47.454457908805885, 66629, 0, 0.0, 20, 
2019-12-06 16:54:06.782,742187848, 931.042296680167, 1225767, 49.768815670578874, 66706, 0, 0.0, 20, 
2019-12-06 16:54:07.813,768402248, 931.042296680167, 1227251, 49.768815670578874, 66771, 0, 0.0, 20, 
2019-12-06 16:54:08.84,150908232, 931.042296680167, 1228654, 49.768815670578874, 66826, 0, 0.0, 20, 
2019-12-06 16:54:09.865,179219784, 931.042296680167, 1230237, 49.768815670578874, 66901, 0, 0.0, 20, 
2019-12-06 16:54:10.889,204385608, 931.042296680167, 1231629, 49.768815670578874, 66974, 0, 0.0, 20, 
2019-12-06 16:54:11.911,230600008, 971.4804499048334, 1233102, 51.14654510026777, 67058, 0, 0.0, 20, 
2019-12-06 16:54:12.933,257862984, 971.4804499048334, 1234548, 51.14654510026777, 67132, 0, 0.0, 20, 
2019-12-06 16:54:13.96,285125960, 971.4804499048334, 1236127, 51.14654510026777, 67213, 0, 0.0, 20, 
2019-12-06 16:54:14.983,311340360, 971.4804499048334, 1237599, 51.14654510026777, 67293, 0, 0.0, 20, 
2019-12-06 16:54:16.008,338603336, 971.4804499048334, 1239005, 51.14654510026777, 67373, 0, 0.0, 20, 
2019-12-06 16:54:17.037,370060616, 1009.4849027708192, 1240548, 53.43754885966815, 67459, 0, 0.0, 20, 
2019-12-06 16:54:18.067,397323592, 1009.4849027708192, 1242036, 53.43754885966815, 67531, 0, 0.0, 20, 
2019-12-06 16:54:19.092,423537992, 1009.4849027708192, 1243550, 53.43754885966815, 67616, 0, 0.0, 20, 
2019-12-06 16:54:20.117,449752392, 1009.4849027708192, 1244992, 53.43754885966815, 67692, 0, 0.0, 20, 
2019-12-06 16:54:21.14,473869640, 1009.4849027708192, 1246334, 53.43754885966815, 67751, 0, 0.0, 20, 
2019-12-06 16:54:22.164,501132616, 1042.2439132049822, 1247799, 54.985684974804514, 67831, 0, 0.0, 20, 
2019-12-06 16:54:23.192,526298440, 1042.2439132049822, 1249170, 54.985684974804514, 67896, 0, 0.0, 20, 
2019-12-06 16:54:24.218,553561416, 1042.2439132049822, 1250687, 54.985684974804514, 67973, 0, 0.0, 20, 
2019-12-06 16:54:25.241,582921544, 1042.2439132049822, 1252276, 54.985684974804514, 68066, 0, 0.0, 20, 
2019-12-06 16:54:26.266,610184520, 1042.2439132049822, 1253810, 54.985684974804514, 68142, 0, 0.0, 20, 
2019-12-06 16:54:27.296,636398920, 1076.0456235936942, 1255300, 56.71387018503023, 68219, 0, 0.0, 20, 
2019-12-06 16:54:28.319,662613320, 1076.0456235936942, 1256776, 56.71387018503023, 68304, 0, 0.0, 20, 
2019-12-06 16:54:29.345,687779144, 1076.0456235936942, 1258138, 56.71387018503023, 68375, 0, 0.0, 20, 
2019-12-06 16:54:30.368,711896392, 1076.0456235936942, 1259463, 56.71387018503023, 68437, 0, 0.0, 20, 
2019-12-06 16:54:31.4,737062216, 1076.0456235936942, 1260519, 56.71387018503023, 68507, 0, 0.0, 20, 
2019-12-06 16:54:32.429,755936584, 1093.9520268555852, 1261462, 57.79216158877107, 68566, 0, 0.0, 20, 
2019-12-06 16:54:33.461,773762376, 1093.9520268555852, 1262429, 57.79216158877107, 68629, 0, 0.0, 20, 
2019-12-06 16:54:34.488,146694448, 1093.9520268555852, 1263325, 57.79216158877107, 68680, 0, 0.0, 20, 
2019-12-06 16:54:35.515,162423088, 1093.9520268555852, 1264220, 57.79216158877107, 68724, 0, 0.0, 20, 
2019-12-06 16:54:36.548,183394608, 1080.2674663609691, 1265283, 57.409001503750005, 68779, 0, 0.0, 20, 
2019-12-06 16:54:37.572,203317552, 1080.2674663609691, 1266335, 57.409001503750005, 68820, 0, 0.0, 20, 
2019-12-06 16:54:38.601,235823408, 1080.2674663609691, 1267263, 57.409001503750005, 68879, 0, 0.0, 20, 
2019-12-06 16:54:39.675,253649200, 1080.2674663609691, 1268165, 57.409001503750005, 68922, 0, 0.0, 20, 
2019-12-06 16:54:40.701,269377840, 1080.2674663609691, 1268985, 57.409001503750005, 68976, 0, 0.0, 20, 
2019-12-06 16:54:41.726,285106480, 1064.7187062525256, 1269840, 56.48079699294861, 69019, 0, 0.0, 20, 
2019-12-06 16:54:42.75,302932272, 1064.7187062525256, 1270715, 56.48079699294861, 69055, 0, 0.0, 20, 
2019-12-06 16:54:43.775,320758064, 1064.7187062525256, 1271584, 56.48079699294861, 69099, 0, 0.0, 20, 
2019-12-06 16:54:44.803,337535280, 1064.7187062525256, 1272467, 56.48079699294861, 69128, 0, 0.0, 20, 
2019-12-06 16:54:45.833,355361072, 1064.7187062525256, 1273346, 56.48079699294861, 69168, 0, 0.0, 20, 
2019-12-06 16:54:46.861,372138288, 1047.8066042772568, 1274263, 55.067118519557305, 69220, 0, 0.0, 20, 
2019-12-06 16:54:47.885,388915504, 1047.8066042772568, 1275075, 55.067118519557305, 69262, 0, 0.0, 20, 
2019-12-06 16:54:48.912,404644144, 1047.8066042772568, 1275889, 55.067118519557305, 69306, 0, 0.0, 20, 
2019-12-06 16:54:49.937,424567088, 1047.8066042772568, 1276829, 55.067118519557305, 69366, 0, 0.0, 20, 
2019-12-06 16:54:50.968,441344304, 1047.8066042772568, 1277771, 55.067118519557305, 69421, 0, 0.0, 20, 
2019-12-06 16:54:51.998,460218672, 1033.3501063933843, 1278700, 54.661974092183506, 69476, 0, 0.0, 20, 
2019-12-06 16:54:53.026,479093040, 1033.3501063933843, 1279621, 54.661974092183506, 69519, 0, 0.0, 20, 
2019-12-06 16:54:54.048,496918832, 1033.3501063933843, 1280529, 54.661974092183506, 69579, 0, 0.0, 20, 
2019-12-06 16:54:55.08,513696048, 1033.3501063933843, 1281399, 54.661974092183506, 69624, 0, 0.0, 20, 
2019-12-06 16:54:56.109,531521840, 1033.3501063933843, 1282319, 54.661974092183506, 69689, 0, 0.0, 20, 
2019-12-06 16:54:57.133,551444784, 1021.9364380749748, 1283343, 54.369178810030725, 69737, 0, 0.0, 20, 
2019-12-06 16:54:58.16,572416304, 1021.9364380749748, 1284281, 54.369178810030725, 69787, 0, 0.0, 20, 
2019-12-06 16:54:59.183,590242096, 1021.9364380749748, 1285218, 54.369178810030725, 69837, 0, 0.0, 20, 
2019-12-06 16:55:00.214,608067888, 1021.9364380749748, 1286143, 54.369178810030725, 69896, 0, 0.0, 20, 
2019-12-06 16:55:01.237,626942256, 1021.9364380749748, 1287087, 54.369178810030725, 69946, 0, 0.0, 20, 
2019-12-06 16:55:02.278,646865200, 1014.3297484786091, 1288099, 53.97186520946315, 69996, 0, 0.0, 20, 
2019-12-06 16:55:03.301,663642416, 1014.3297484786091, 1288992, 53.97186520946315, 70045, 0, 0.0, 20, 
2019-12-06 16:55:04.326,682516784, 1014.3297484786091, 1289848, 53.97186520946315, 70091, 0, 0.0, 20, 
2019-12-06 16:55:05.356,699294000, 1014.3297484786091, 1290673, 53.97186520946315, 70127, 0, 0.0, 20, 
2019-12-06 16:55:06.38,716071216, 1014.3297484786091, 1291513, 53.97186520946315, 70180, 0, 0.0, 20, 
2019-12-06 16:55:07.404,732848432, 1001.686391874484, 1292443, 53.39843452844093, 70230, 0, 0.0, 20, 
2019-12-06 16:55:08.43,752771376, 1001.686391874484, 1293423, 53.39843452844093, 70290, 0, 0.0, 20, 
2019-12-06 16:55:09.452,768500016, 1001.686391874484, 1294233, 53.39843452844093, 70337, 0, 0.0, 20, 
2019-12-06 16:55:10.478,140288560, 1001.686391874484, 1294985, 53.39843452844093, 70375, 0, 0.0, 20, 
2019-12-06 16:55:11.503,158114352, 989.9420044291729, 1295875, 52.74292389659627, 70413, 0, 0.0, 20, 
2019-12-06 16:55:12.53,174891568, 989.9420044291729, 1296776, 52.74292389659627, 70463, 0, 0.0, 20, 
2019-12-06 16:55:13.555,192717360, 989.9420044291729, 1297684, 52.74292389659627, 70517, 0, 0.0, 20, 
2019-12-06 16:55:14.577,211591728, 989.9420044291729, 1298636, 52.74292389659627, 70563, 0, 0.0, 20, 
2019-12-06 16:55:15.599,232563248, 989.9420044291729, 1299648, 52.74292389659627, 70622, 0, 0.0, 20, 
2019-12-06 16:55:16.622,251437616, 985.9808444646018, 1300713, 52.66753186448391, 70680, 0, 0.0, 20, 
2019-12-06 16:55:17.646,271360560, 985.9808444646018, 1301712, 52.66753186448391, 70736, 0, 0.0, 20, 
2019-12-06 16:55:18.67,289186352, 985.9808444646018, 1302649, 52.66753186448391, 70791, 0, 0.0, 20, 
2019-12-06 16:55:19.698,307012144, 985.9808444646018, 1303577, 52.66753186448391, 70850, 0, 0.0, 20, 
2019-12-06 16:55:20.728,323789360, 985.9808444646018, 1304461, 52.66753186448391, 70899, 0, 0.0, 20, 
2019-12-06 16:55:21.767,341615152, 979.0102490123246, 1305375, 52.6461411976538, 70952, 0, 0.0, 20, 
2019-12-06 16:55:22.79,360489520, 979.0102490123246, 1306280, 52.6461411976538, 71010, 0, 0.0, 20, 
2019-12-06 16:55:23.811,377266736, 979.0102490123246, 1307205, 52.6461411976538, 71049, 0, 0.0, 20, 
2019-12-06 16:55:24.833,396141104, 979.0102490123246, 1308130, 52.6461411976538, 71106, 0, 0.0, 20, 
2019-12-06 16:55:25.857,418161200, 979.0102490123246, 1309173, 52.6461411976538, 71162, 0, 0.0, 20, 
2019-12-06 16:55:26.88,437035568, 975.7152594292729, 1310115, 52.59447859996328, 71215, 0, 0.0, 20, 
2019-12-06 16:55:27.902,454861360, 975.7152594292729, 1311046, 52.59447859996328, 71266, 0, 0.0, 20, 
2019-12-06 16:55:28.926,473735728, 975.7152594292729, 1311999, 52.59447859996328, 71326, 0, 0.0, 20, 
2019-12-06 16:55:29.949,491561520, 975.7152594292729, 1312948, 52.59447859996328, 71379, 0, 0.0, 20, 
2019-12-06 16:55:30.973,510435888, 975.7152594292729, 1313869, 52.59447859996328, 71427, 0, 0.0, 20, 
2019-12-06 16:55:31.996,529310256, 970.7008241499315, 1314867, 52.56293783258701, 71480, 0, 0.0, 20, 
2019-12-06 16:55:33.021,548184624, 970.7008241499315, 1315779, 52.56293783258701, 71528, 0, 0.0, 20, 
2019-12-06 16:55:34.05,566010416, 970.7008241499315, 1316669, 52.56293783258701, 71579, 0, 0.0, 20, 
2019-12-06 16:55:35.073,583836208, 970.7008241499315, 1317542, 52.56293783258701, 71628, 0, 0.0, 20, 
2019-12-06 16:55:36.095,605856304, 970.7008241499315, 1318468, 52.56293783258701, 71672, 0, 0.0, 20, 
2019-12-06 16:55:37.118,623682096, 965.367720710317, 1319427, 52.118149881801834, 71714, 0, 0.0, 20, 
2019-12-06 16:55:38.142,642556464, 965.367720710317, 1320370, 52.118149881801834, 71772, 0, 0.0, 20, 
2019-12-06 16:55:39.168,658285104, 965.367720710317, 1321291, 52.118149881801834, 71825, 0, 0.0, 20, 
2019-12-06 16:55:40.198,677159472, 965.367720710317, 1322207, 52.118149881801834, 71869, 0, 0.0, 20, 
2019-12-06 16:55:41.221,697082416, 965.367720710317, 1323253, 52.118149881801834, 71921, 0, 0.0, 20, 
2019-12-06 16:55:42.244,717005360, 962.8596962391797, 1324330, 51.94879196809954, 71984, 0, 0.0, 20, 
2019-12-06 16:55:43.269,737976880, 962.8596962391797, 1325397, 51.94879196809954, 72037, 0, 0.0, 20, 
2019-12-06 16:55:44.293,755802672, 962.8596962391797, 1326355, 51.94879196809954, 72078, 0, 0.0, 20, 
2019-12-06 16:55:45.378,132965104, 962.8596962391797, 1327267, 51.94879196809954, 72128, 0, 0.0, 20, 
2019-12-06 16:55:46.41,150790896, 962.8596962391797, 1328256, 51.94879196809954, 72182, 0, 0.0, 20, 
2019-12-06 16:55:47.478,168616688, 962.7909587231351, 1329189, 51.74500181430206, 72226, 0, 0.0, 20, 
2019-12-06 16:55:48.503,187491056, 962.7909587231351, 1330068, 51.74500181430206, 72273, 0, 0.0, 20, 
2019-12-06 16:55:49.529,202171120, 962.7909587231351, 1330847, 51.74500181430206, 72310, 0, 0.0, 20, 
2019-12-06 16:55:50.553,216851184, 962.7909587231351, 1331580, 51.74500181430206, 72346, 0, 0.0, 20, 
2019-12-06 16:55:51.578,231531248, 947.8879605106251, 1332293, 50.709976616615066, 72382, 0, 0.0, 20, 
2019-12-06 16:55:52.609,249357040, 947.8879605106251, 1333152, 50.709976616615066, 72434, 0, 0.0, 20, 
2019-12-06 16:55:53.634,268231408, 947.8879605106251, 1334006, 50.709976616615066, 72488, 0, 0.0, 20, 
2019-12-06 16:55:54.675,287105776, 947.8879605106251, 1335014, 50.709976616615066, 72538, 0, 0.0, 20, 
2019-12-06 16:55:55.7,310174448, 947.8879605106251, 1336143, 50.709976616615066, 72584, 0, 0.0, 20, 
2019-12-06 16:55:56.723,329048816, 947.7689897569896, 1337205, 50.66920113770825, 72653, 0, 0.0, 20, 
2019-12-06 16:55:57.747,353166064, 947.7689897569896, 1338355, 50.66920113770825, 72719, 0, 0.0, 20, 
2019-12-06 16:55:58.775,375186160, 947.7689897569896, 1339370, 50.66920113770825, 72782, 0, 0.0, 20, 
2019-12-06 16:55:59.798,394060528, 947.7689897569896, 1340387, 50.66920113770825, 72849, 0, 0.0, 20, 
2019-12-06 16:56:00.822,416080624, 947.7689897569896, 1341496, 50.66920113770825, 72906, 0, 0.0, 20, 
2019-12-06 16:56:01.849,437052144, 956.8384325801568, 1342663, 51.62313514468259, 72972, 0, 0.0, 20, 
2019-12-06 16:56:02.874,459072240, 956.8384325801568, 1343725, 51.62313514468259, 73025, 0, 0.0, 20, 
2019-12-06 16:56:03.899,481092336, 956.8384325801568, 1344848, 51.62313514468259, 73079, 0, 0.0, 20, 
2019-12-06 16:56:04.921,504161008, 956.8384325801568, 1346009, 51.62313514468259, 73156, 0, 0.0, 20, 
2019-12-06 16:56:05.951,527229680, 956.8384325801568, 1347280, 51.62313514468259, 73210, 0, 0.0, 20, 
2019-12-06 16:56:06.973,556589808, 970.6197025986177, 1348534, 52.30890339483467, 73278, 0, 0.0, 20, 
2019-12-06 16:56:08.0,577561328, 970.6197025986177, 1349749, 52.30890339483467, 73339, 0, 0.0, 20, 
2019-12-06 16:56:09.022,602727152, 970.6197025986177, 1350994, 52.30890339483467, 73402, 0, 0.0, 20, 
2019-12-06 16:56:10.045,626844400, 970.6197025986177, 1352317, 52.30890339483467, 73472, 0, 0.0, 20, 
2019-12-06 16:56:11.068,650961648, 970.6197025986177, 1353564, 52.30890339483467, 73543, 0, 0.0, 20, 
2019-12-06 16:56:12.091,676127472, 991.8383396231895, 1354847, 53.41957415534129, 73627, 0, 0.0, 20, 
2019-12-06 16:56:13.118,699196144, 991.8383396231895, 1356066, 53.41957415534129, 73686, 0, 0.0, 20, 
2019-12-06 16:56:14.14,722264816, 991.8383396231895, 1357326, 53.41957415534129, 73731, 0, 0.0, 20, 
2019-12-06 16:56:15.163,746382064, 991.8383396231895, 1358596, 53.41957415534129, 73805, 0, 0.0, 20, 
2019-12-06 16:56:16.186,769450736, 991.8383396231895, 1359763, 53.41957415534129, 73868, 0, 0.0, 20, 
2019-12-06 16:56:17.207,145702480, 1008.785858254758, 1360987, 54.20157382892547, 73926, 0, 0.0, 20, 
2019-12-06 16:56:18.228,170868304, 1008.785858254758, 1362321, 54.20157382892547, 73989, 0, 0.0, 20, 
2019-12-06 16:56:19.25,194985552, 1008.785858254758, 1363654, 54.20157382892547, 74052, 0, 0.0, 20, 
2019-12-06 16:56:20.273,220151376, 1008.785858254758, 1364970, 54.20157382892547, 74118, 0, 0.0, 20, 
2019-12-06 16:56:21.295,245317200, 1008.785858254758, 1366340, 54.20157382892547, 74179, 0, 0.0, 20, 
2019-12-06 16:56:22.325,271531600, 1031.1905439871405, 1367707, 54.56924368521757, 74245, 0, 0.0, 20, 
2019-12-06 16:56:23.348,295648848, 1031.1905439871405, 1369044, 54.56924368521757, 74308, 0, 0.0, 20, 
2019-12-06 16:56:24.37,323960400, 1031.1905439871405, 1370543, 54.56924368521757, 74372, 0, 0.0, 20, 
2019-12-06 16:56:25.391,352271952, 1031.1905439871405, 1372101, 54.56924368521757, 74458, 0, 0.0, 20, 
2019-12-06 16:56:26.413,379534928, 1062.0541560012653, 1373568, 55.75504548785586, 74530, 0, 0.0, 20, 
2019-12-06 16:56:27.445,405749328, 1062.0541560012653, 1374970, 55.75504548785586, 74595, 0, 0.0, 20, 
2019-12-06 16:56:28.467,435109456, 1062.0541560012653, 1376477, 55.75504548785586, 74688, 0, 0.0, 20, 
2019-12-06 16:56:29.489,462372432, 1062.0541560012653, 1378024, 55.75504548785586, 74762, 0, 0.0, 20, 
2019-12-06 16:56:30.511,494878288, 1062.0541560012653, 1379569, 55.75504548785586, 74841, 0, 0.0, 20, 
2019-12-06 16:56:31.533,523189840, 1094.479811352829, 1381085, 57.19784038886158, 74904, 0, 0.0, 20, 
2019-12-06 16:56:32.554,551501392, 1094.479811352829, 1382596, 57.19784038886158, 74976, 0, 0.0, 20, 
2019-12-06 16:56:33.575,576667216, 1094.479811352829, 1383964, 57.19784038886158, 75055, 0, 0.0, 20, 
2019-12-06 16:56:34.603,601833040, 1094.479811352829, 1385265, 57.19784038886158, 75130, 0, 0.0, 20, 
2019-12-06 16:56:35.624,625950288, 1094.479811352829, 1386550, 57.19784038886158, 75197, 0, 0.0, 20, 
2019-12-06 16:56:36.655,650067536, 1112.9271790929465, 1387841, 58.26941790580139, 75265, 0, 0.0, 20, 
2019-12-06 16:56:37.677,680476240, 1112.9271790929465, 1389179, 58.26941790580139, 75332, 0, 0.0, 20, 
2019-12-06 16:56:38.699,705642064, 1112.9271790929465, 1390508, 58.26941790580139, 75404, 0, 0.0, 20, 
2019-12-06 16:56:39.72,729759312, 1112.9271790929465, 1391837, 58.26941790580139, 75467, 0, 0.0, 20, 
2019-12-06 16:56:40.742,757022288, 1112.9271790929465, 1393264, 58.26941790580139, 75531, 0, 0.0, 20, 
2019-12-06 16:56:41.765,138167288, 1129.691692224891, 1394514, 58.96747670776979, 75611, 0, 0.0, 20, 
2019-12-06 16:56:42.831,166478840, 1129.691692224891, 1396069, 58.96747670776979, 75686, 0, 0.0, 20, 
2019-12-06 16:56:43.854,193741816, 1129.691692224891, 1397572, 58.96747670776979, 75781, 0, 0.0, 20, 
2019-12-06 16:56:44.876,218907640, 1129.691692224891, 1399018, 58.96747670776979, 75864, 0, 0.0, 20, 
2019-12-06 16:56:45.898,244073464, 1129.691692224891, 1400351, 58.96747670776979, 75943, 0, 0.0, 20, 
2019-12-06 16:56:46.92,271336440, 1150.456821998678, 1401836, 60.50522436575523, 76017, 0, 0.0, 20, 
2019-12-06 16:56:47.945,299647992, 1150.456821998678, 1403355, 60.50522436575523, 76091, 0, 0.0, 20, 
2019-12-06 16:56:48.968,324813816, 1150.456821998678, 1404806, 60.50522436575523, 76164, 0, 0.0, 20, 
2019-12-06 16:56:49.99,351028216, 1150.456821998678, 1406235, 60.50522436575523, 76233, 0, 0.0, 20, 
2019-12-06 16:56:51.017,377242616, 1150.456821998678, 1407717, 60.50522436575523, 76303, 0, 0.0, 20, 
2019-12-06 16:56:52.039,406602744, 1174.2630520858993, 1409314, 61.34434029492518, 76377, 0, 0.0, 20, 
2019-12-06 16:56:53.061,432817144, 1174.2630520858993, 1410824, 61.34434029492518, 76468, 0, 0.0, 20, 
2019-12-06 16:56:54.084,459031544, 1174.2630520858993, 1412193, 61.34434029492518, 76537, 0, 0.0, 20, 
2019-12-06 16:56:55.11,480003064, 1174.2630520858993, 1413395, 61.34434029492518, 76605, 0, 0.0, 20, 
2019-12-06 16:56:56.147,481051640, 1174.2630520858993, 1413411, 61.34434029492518, 76605, 0, 0.0, 20, 
2019-12-06 16:56:57.182,482100216, 1161.832912752859, 1413411, 60.805092618705395, 76605, 0, 0.0, 20, 
2019-12-06 16:56:58.213,484197368, 1161.832912752859, 1413411, 60.805092618705395, 76605, 0, 0.0, 20, 
