Timestamp, MemoryUsed, ReadLatency1, ReadCount, WriteLatency1, WriteCount, PendingTasks, WaitingOnCommit1, SRDelay, 
2019-12-06 16:55:51.023,162682728, 936.2075531302727, 1316058, 48.54383636569865, 71702, 0, 0.0, 20, 
2019-12-06 16:55:52.109,178698392, 936.2075531302727, 1316905, 48.54383636569865, 71747, 0, 0.0, 20, 
2019-12-06 16:55:53.163,196376200, 936.2075531302727, 1317733, 48.54383636569865, 71795, 0, 0.0, 20, 
2019-12-06 16:55:54.199,214433584, 936.2075531302727, 1318673, 48.54383636569865, 71852, 0, 0.0, 20, 
2019-12-06 16:55:55.247,234787912, 936.2075531302727, 1319768, 48.54383636569865, 71907, 0, 0.0, 20, 
2019-12-06 16:55:56.277,257760184, 933.4884593127174, 1320916, 48.660264781474716, 71970, 0, 0.0, 20, 
2019-12-06 16:55:57.311,279416808, 933.4884593127174, 1322094, 48.660264781474716, 72026, 0, 0.0, 20, 
2019-12-06 16:55:58.34,299443312, 933.4884593127174, 1323130, 48.660264781474716, 72086, 0, 0.0, 20, 
2019-12-06 16:55:59.368,319074912, 933.4884593127174, 1324158, 48.660264781474716, 72143, 0, 0.0, 20, 
2019-12-06 16:56:00.4,341327440, 933.4884593127174, 1325285, 48.660264781474716, 72182, 0, 0.0, 20, 
2019-12-06 16:56:01.429,362468432, 944.9150352045943, 1326453, 48.99125973415151, 72235, 0, 0.0, 20, 
2019-12-06 16:56:02.463,98374424, 944.9150352045943, 1327581, 48.99125973415151, 72301, 0, 0.0, 20, 
2019-12-06 16:56:03.49,120346584, 944.9150352045943, 1328645, 48.99125973415151, 72346, 0, 0.0, 20, 
2019-12-06 16:56:04.523,141899128, 944.9150352045943, 1329880, 48.99125973415151, 72419, 0, 0.0, 20, 
2019-12-06 16:56:05.547,167720376, 944.9150352045943, 1331142, 48.99125973415151, 72486, 0, 0.0, 20, 
2019-12-06 16:56:06.574,190581912, 960.7210522837926, 1332341, 49.90345224044944, 72563, 0, 0.0, 20, 
2019-12-06 16:56:07.608,213131720, 960.7210522837926, 1333588, 49.90345224044944, 72636, 0, 0.0, 20, 
2019-12-06 16:56:08.638,237593912, 960.7210522837926, 1334890, 49.90345224044944, 72707, 0, 0.0, 20, 
2019-12-06 16:56:09.662,260844656, 960.7210522837926, 1336140, 49.90345224044944, 72765, 0, 0.0, 20, 
2019-12-06 16:56:10.69,283356128, 960.7210522837926, 1337373, 49.90345224044944, 72826, 0, 0.0, 20, 
2019-12-06 16:56:11.717,306939152, 980.9081543422144, 1338604, 51.126496670714815, 72889, 0, 0.0, 20, 
2019-12-06 16:56:12.744,328494096, 980.9081543422144, 1339716, 51.126496670714815, 72938, 0, 0.0, 20, 
2019-12-06 16:56:13.78,352855296, 980.9081543422144, 1340947, 51.126496670714815, 73008, 0, 0.0, 20, 
2019-12-06 16:56:14.805,92996048, 980.9081543422144, 1342274, 51.126496670714815, 73077, 0, 0.0, 20, 
2019-12-06 16:56:15.829,117314704, 980.9081543422144, 1343563, 51.126496670714815, 73146, 0, 0.0, 20, 
2019-12-06 16:56:16.854,138064360, 998.4417622287988, 1344761, 52.059858462734354, 73211, 0, 0.0, 20, 
2019-12-06 16:56:17.879,163108000, 998.4417622287988, 1346097, 52.059858462734354, 73284, 0, 0.0, 20, 
2019-12-06 16:56:18.902,187908472, 998.4417622287988, 1347421, 52.059858462734354, 73355, 0, 0.0, 20, 
2019-12-06 16:56:19.929,213805552, 998.4417622287988, 1348796, 52.059858462734354, 73424, 0, 0.0, 20, 
2019-12-06 16:56:20.953,237921616, 1021.4816228091779, 1350129, 52.059858462734354, 73484, 0, 0.0, 20, 
2019-12-06 16:56:21.979,263471656, 1021.4816228091779, 1351439, 53.14246840534824, 73569, 0, 0.0, 20, 
2019-12-06 16:56:23.001,288440720, 1021.4816228091779, 1352819, 53.14246840534824, 73629, 0, 0.0, 20, 
2019-12-06 16:56:24.029,314607544, 1021.4816228091779, 1354243, 53.14246840534824, 73697, 0, 0.0, 20, 
2019-12-06 16:56:25.053,340109528, 1021.4816228091779, 1355609, 53.14246840534824, 73775, 0, 0.0, 20, 
2019-12-06 16:56:26.081,365724752, 1047.9084131332363, 1357045, 54.57027779727398, 73847, 0, 0.0, 20, 
2019-12-06 16:56:27.108,107764664, 1047.9084131332363, 1358429, 54.57027779727398, 73922, 0, 0.0, 20, 
2019-12-06 16:56:28.134,134847080, 1047.9084131332363, 1359895, 54.57027779727398, 73997, 0, 0.0, 20, 
2019-12-06 16:56:29.168,163871304, 1047.9084131332363, 1361431, 54.57027779727398, 74087, 0, 0.0, 20, 
2019-12-06 16:56:30.193,190411096, 1047.9084131332363, 1362959, 54.57027779727398, 74166, 0, 0.0, 20, 
2019-12-06 16:56:31.217,218012960, 1078.1869206361189, 1364423, 56.41163271691701, 74247, 0, 0.0, 20, 
2019-12-06 16:56:32.239,243821960, 1078.1869206361189, 1365852, 56.41163271691701, 74332, 0, 0.0, 20, 
2019-12-06 16:56:33.263,269138280, 1078.1869206361189, 1367267, 56.41163271691701, 74414, 0, 0.0, 20, 
2019-12-06 16:56:34.288,293839768, 1078.1869206361189, 1368541, 56.41163271691701, 74462, 0, 0.0, 20, 
2019-12-06 16:56:35.312,317018728, 1078.1869206361189, 1369803, 56.41163271691701, 74523, 0, 0.0, 20, 
2019-12-06 16:56:36.336,341841592, 1097.905013756723, 1371131, 57.19426735285909, 74583, 0, 0.0, 20, 
2019-12-06 16:56:37.36,365843376, 1097.905013756723, 1372414, 57.19426735285909, 74656, 0, 0.0, 20, 
2019-12-06 16:56:38.387,106824408, 1097.905013756723, 1373733, 57.19426735285909, 74718, 0, 0.0, 20, 
2019-12-06 16:56:39.424,130583896, 1097.905013756723, 1375026, 57.19426735285909, 74786, 0, 0.0, 20, 
2019-12-06 16:56:40.453,156009056, 1097.905013756723, 1376509, 57.19426735285909, 74872, 0, 0.0, 20, 
2019-12-06 16:56:41.49,183674304, 1115.1510326433245, 1377912, 58.33009502228058, 74953, 0, 0.0, 20, 
