Timestamp, MemoryUsed, ReadLatency1, ReadCount, WriteLatency1, WriteCount, PendingTasks, WaitingOnCommit1, SRDelay, 
2019-12-06 16:51:26.521,302458248, 234.1988540578233, 1117208, 14.924555348158092, 61099, 0, 0.0, 1, 
2019-12-06 16:51:27.599,303870896, 234.1988540578233, 1117208, 14.924555348158092, 61104, 0, 0.0, 1, 
2019-12-06 16:51:28.664,305291384, 234.1988540578233, 1117208, 14.924555348158092, 61104, 0, 0.0, 1, 
2019-12-06 16:51:29.732,306672720, 234.1988540578233, 1117208, 14.924555348158092, 61104, 0, 0.0, 1, 
2019-12-06 16:51:30.791,308407720, 234.1988540578233, 1117208, 14.924555348158092, 61104, 0, 0.0, 1, 
2019-12-06 16:51:31.843,309558592, 215.47334758848834, 1117208, 15.218427676793636, 61104, 0, 0.0, 1, 
2019-12-06 16:51:32.896,310556784, 215.47334758848834, 1117208, 15.218427676793636, 61104, 0, 0.0, 1, 
2019-12-06 16:51:33.964,311326576, 215.47334758848834, 1117208, 15.218427676793636, 61104, 0, 0.0, 1, 
2019-12-06 16:51:35.011,312570320, 215.47334758848834, 1117208, 15.218427676793636, 61104, 0, 0.0, 1, 
2019-12-06 16:51:36.063,313327816, 198.24504995027146, 1117208, 14.001629383474294, 61104, 0, 0.0, 1, 
2019-12-06 16:51:37.103,314367168, 198.24504995027146, 1117208, 14.001629383474294, 61110, 0, 0.0, 1, 
2019-12-06 16:51:38.133,323490368, 198.24504995027146, 1117208, 14.001629383474294, 61313, 0, 0.0, 1, 
2019-12-06 16:51:39.178,325443736, 198.24504995027146, 1117208, 14.001629383474294, 61354, 0, 0.0, 1, 
2019-12-06 16:51:40.218,326649608, 198.24504995027146, 1117208, 14.001629383474294, 61354, 0, 0.0, 1, 
2019-12-06 16:51:41.258,327624944, 182.39425093465846, 1117208, 16.879900178509175, 61354, 0, 0.0, 1, 
