Timestamp, MemoryUsed, ReadLatency1, ReadCount, WriteLatency1, WriteCount, PendingTasks, WaitingOnCommit1, SRDelay, 
2019-12-06 16:51:26.433,130873112, 255.22612969039986, 1130773, 13.391056177570936, 61412, 0, 0.0, 1, 
2019-12-06 16:51:27.576,135067416, 234.88333955740822, 1130773, 15.822421081397275, 61452, 0, 0.0, 1, 
2019-12-06 16:51:28.639,136115992, 234.88333955740822, 1130773, 15.822421081397275, 61452, 0, 0.0, 1, 
2019-12-06 16:51:29.693,138213144, 234.88333955740822, 1130773, 15.822421081397275, 61452, 0, 0.0, 1, 
2019-12-06 16:51:30.759,139261720, 234.88333955740822, 1130773, 15.822421081397275, 61452, 0, 0.0, 1, 
2019-12-06 16:51:31.826,140310296, 216.10310464927625, 1130773, 14.861161366261392, 61452, 0, 0.0, 1, 
2019-12-06 16:51:32.87,141358872, 216.10310464927625, 1130773, 14.861161366261392, 61452, 0, 0.0, 1, 
2019-12-06 16:51:33.933,142407448, 216.10310464927625, 1130773, 14.861161366261392, 61452, 0, 0.0, 1, 
2019-12-06 16:51:34.988,143456024, 216.10310464927625, 1130773, 14.861161366261392, 61452, 0, 0.0, 1, 
2019-12-06 16:51:36.035,144504600, 216.10310464927625, 1130773, 14.861161366261392, 61452, 0, 0.0, 1, 
2019-12-06 16:51:37.082,145553176, 198.82445441662276, 1130773, 13.672928509933877, 61459, 0, 0.0, 1, 
2019-12-06 16:51:38.118,153941784, 198.82445441662276, 1130773, 13.672928509933877, 61679, 0, 0.0, 1, 
2019-12-06 16:51:39.162,158136088, 198.82445441662276, 1130773, 13.672928509933877, 61716, 0, 0.0, 1, 
2019-12-06 16:51:40.2,159184664, 198.82445441662276, 1130773, 13.672928509933877, 61716, 0, 0.0, 1, 
2019-12-06 16:51:41.241,160233240, 198.82445441662276, 1130773, 13.672928509933877, 61716, 0, 0.0, 1, 
