Timestamp, MemoryUsed, ReadLatency1, ReadCount, WriteLatency1, WriteCount, PendingTasks, WaitingOnCommit1, SRDelay, 
2019-12-04 15:26:42.017,146702600, 70.58027228863031, 3157299, 5.103247148908772, 171706, 0, 0.0, 30, 
2019-12-04 15:26:43.06,154990864, 70.58027228863031, 3157632, 5.103247148908772, 171725, 0, 0.0, 30, 
2019-12-04 15:26:44.1,167195408, 70.58027228863031, 3158180, 5.103247148908772, 171764, 0, 0.0, 30, 
2019-12-04 15:26:45.138,180100112, 94.344649601506, 3158837, 6.214370157869392, 171791, 0, 0.0, 30, 
2019-12-04 15:26:46.176,193546432, 94.344649601506, 3159500, 6.214370157869392, 171824, 0, 0.0, 30, 
2019-12-04 15:26:47.209,206415112, 94.344649601506, 3160156, 6.214370157869392, 171860, 0, 0.0, 30, 
2019-12-04 15:26:48.243,221342104, 94.344649601506, 3160868, 6.214370157869392, 171888, 0, 0.0, 30, 
2019-12-04 15:26:49.275,234227200, 94.344649601506, 3161599, 6.214370157869392, 171917, 0, 0.0, 30, 
2019-12-04 15:26:50.303,249147848, 140.88322586075193, 3162351, 8.29206640312267, 171962, 0, 0.0, 30, 
2019-12-04 15:26:51.333,265433696, 140.88322586075193, 3163136, 8.29206640312267, 172016, 0, 0.0, 30, 
2019-12-04 15:26:52.366,281009496, 140.88322586075193, 3163924, 8.29206640312267, 172051, 0, 0.0, 30, 
2019-12-04 15:26:53.4,295590160, 140.88322586075193, 3164738, 8.29206640312267, 172095, 0, 0.0, 30, 
2019-12-04 15:26:54.429,311191536, 140.88322586075193, 3165507, 8.29206640312267, 172147, 0, 0.0, 30, 
2019-12-04 15:26:55.462,327679120, 190.65691894012087, 3166304, 11.35499965820201, 172190, 0, 0.0, 30, 
2019-12-04 15:26:56.496,343171568, 190.65691894012087, 3167108, 11.35499965820201, 172246, 0, 0.0, 30, 
2019-12-04 15:26:57.523,360931456, 190.65691894012087, 3167950, 11.35499965820201, 172310, 0, 0.0, 30, 
2019-12-04 15:26:58.565,376766376, 190.65691894012087, 3168788, 11.35499965820201, 172340, 0, 0.0, 30, 
2019-12-04 15:26:59.594,126483560, 190.65691894012087, 3169714, 11.35499965820201, 172392, 0, 0.0, 30, 
2019-12-04 15:27:00.619,157084976, 242.65548067803292, 3170746, 14.157043174846033, 172453, 0, 0.0, 30, 
2019-12-04 15:27:01.646,187489944, 242.65548067803292, 3171811, 14.157043174846033, 172497, 0, 0.0, 30, 
2019-12-04 15:27:02.67,219639864, 242.65548067803292, 3172897, 14.157043174846033, 172543, 0, 0.0, 30, 
2019-12-04 15:27:03.697,251393408, 242.65548067803292, 3174031, 14.157043174846033, 172602, 0, 0.0, 30, 
2019-12-04 15:27:04.723,280897552, 242.65548067803292, 3175130, 14.157043174846033, 172658, 0, 0.0, 30, 
2019-12-04 15:27:05.747,306106128, 308.48647368215927, 3176200, 17.214781174106733, 172721, 0, 0.0, 30, 
2019-12-04 15:27:06.771,333842824, 308.48647368215927, 3177407, 17.214781174106733, 172774, 0, 0.0, 30, 
2019-12-04 15:27:07.805,361545800, 308.48647368215927, 3178596, 17.214781174106733, 172846, 0, 0.0, 30, 
2019-12-04 15:27:08.83,390151432, 308.48647368215927, 3179855, 17.214781174106733, 172914, 0, 0.0, 30, 
2019-12-04 15:27:09.855,130423488, 308.48647368215927, 3180894, 17.214781174106733, 172972, 0, 0.0, 30, 
2019-12-04 15:27:10.881,155804296, 373.16362819316055, 3181937, 20.68367174176593, 173018, 0, 0.0, 30, 
2019-12-04 15:27:11.907,179445576, 373.16362819316055, 3182988, 20.68367174176593, 173072, 0, 0.0, 30, 
2019-12-04 15:27:12.934,204394160, 373.16362819316055, 3184023, 20.68367174176593, 173119, 0, 0.0, 30, 
2019-12-04 15:27:13.966,226846840, 373.16362819316055, 3185021, 20.68367174176593, 173169, 0, 0.0, 30, 
2019-12-04 15:27:14.997,254642160, 373.16362819316055, 3186173, 20.68367174176593, 173231, 0, 0.0, 30, 
2019-12-04 15:27:16.022,282613200, 426.289027242545, 3187386, 23.155604865165028, 173295, 0, 0.0, 30, 
2019-12-04 15:27:17.052,305896760, 426.289027242545, 3188336, 23.155604865165028, 173361, 0, 0.0, 30, 
2019-12-04 15:27:18.085,325820336, 426.289027242545, 3189216, 23.155604865165028, 173407, 0, 0.0, 30, 
2019-12-04 15:27:19.119,349155880, 426.289027242545, 3190090, 23.155604865165028, 173447, 0, 0.0, 30, 
2019-12-04 15:27:20.16,369652096, 465.42816361473666, 3190929, 25.190026372573556, 173484, 0, 0.0, 30, 
2019-12-04 15:27:21.19,390560624, 465.42816361473666, 3191880, 25.190026372573556, 173521, 0, 0.0, 30, 
2019-12-04 15:27:22.221,130419672, 465.42816361473666, 3192666, 25.190026372573556, 173559, 0, 0.0, 30, 
2019-12-04 15:27:23.25,154339368, 465.42816361473666, 3193577, 25.190026372573556, 173600, 0, 0.0, 30, 
2019-12-04 15:27:24.279,174179512, 465.42816361473666, 3194400, 25.190026372573556, 173647, 0, 0.0, 30, 
2019-12-04 15:27:25.31,191001680, 493.09054431468843, 3195083, 26.27821978083391, 173688, 0, 0.0, 30, 
2019-12-04 15:27:26.333,208070152, 493.09054431468843, 3195735, 26.27821978083391, 173723, 0, 0.0, 30, 
2019-12-04 15:27:27.358,228930088, 493.09054431468843, 3196547, 26.27821978083391, 173760, 0, 0.0, 30, 
2019-12-04 15:27:28.383,247878264, 493.09054431468843, 3197312, 26.27821978083391, 173789, 0, 0.0, 30, 
2019-12-04 15:27:29.409,269712120, 493.09054431468843, 3198178, 26.27821978083391, 173824, 0, 0.0, 30, 
2019-12-04 15:27:30.447,296022744, 517.3898027436912, 3199257, 27.23143269691789, 173887, 0, 0.0, 30, 
2019-12-04 15:27:31.481,321690016, 517.3898027436912, 3200340, 27.23143269691789, 173934, 0, 0.0, 30, 
2019-12-04 15:27:32.508,349494088, 517.3898027436912, 3201503, 27.23143269691789, 173990, 0, 0.0, 30, 
2019-12-04 15:27:33.538,377405288, 517.3898027436912, 3202674, 27.23143269691789, 174048, 0, 0.0, 30, 
2019-12-04 15:27:34.57,403499336, 517.3898027436912, 3203769, 27.23143269691789, 174114, 0, 0.0, 30, 
2019-12-04 15:27:35.6,146497488, 562.3096659325347, 3204853, 29.451684750540853, 174163, 0, 0.0, 30, 
2019-12-04 15:27:36.623,175514520, 562.3096659325347, 3206018, 29.451684750540853, 174218, 0, 0.0, 30, 
2019-12-04 15:27:37.647,199987792, 562.3096659325347, 3207058, 29.451684750540853, 174288, 0, 0.0, 30, 
2019-12-04 15:27:38.674,226936504, 562.3096659325347, 3208169, 29.451684750540853, 174351, 0, 0.0, 30, 
2019-12-04 15:27:39.699,254164144, 562.3096659325347, 3209305, 29.451684750540853, 174419, 0, 0.0, 30, 
2019-12-04 15:27:40.729,280933008, 603.813837453159, 3210422, 31.84621982717692, 174477, 0, 0.0, 30, 
2019-12-04 15:27:41.752,310366536, 603.813837453159, 3211580, 31.84621982717692, 174541, 0, 0.0, 30, 
2019-12-04 15:27:42.778,338272800, 603.813837453159, 3212770, 31.84621982717692, 174600, 0, 0.0, 30, 
2019-12-04 15:27:43.802,366692752, 603.813837453159, 3213932, 31.84621982717692, 174661, 0, 0.0, 30, 
2019-12-04 15:27:44.829,394274160, 603.813837453159, 3215133, 31.84621982717692, 174731, 0, 0.0, 30, 
2019-12-04 15:27:45.856,138611000, 646.3171202545434, 3216225, 34.22520073788542, 174790, 0, 0.0, 30, 
2019-12-04 15:27:46.882,167004816, 646.3171202545434, 3217437, 34.22520073788542, 174843, 0, 0.0, 30, 
2019-12-04 15:27:47.912,195783192, 646.3171202545434, 3218614, 34.22520073788542, 174907, 0, 0.0, 30, 
2019-12-04 15:27:48.934,222745440, 646.3171202545434, 3219788, 34.22520073788542, 174988, 0, 0.0, 30, 
2019-12-04 15:27:49.955,252967184, 646.3171202545434, 3221044, 34.22520073788542, 175038, 0, 0.0, 30, 
2019-12-04 15:27:50.98,281686544, 686.1416284677038, 3222238, 36.254057666551205, 175097, 0, 0.0, 30, 
2019-12-04 15:27:52.005,309904856, 686.1416284677038, 3223473, 36.254057666551205, 175163, 0, 0.0, 30, 
2019-12-04 15:27:53.027,340254072, 686.1416284677038, 3224707, 36.254057666551205, 175217, 0, 0.0, 30, 
2019-12-04 15:27:54.052,370480872, 686.1416284677038, 3225960, 36.254057666551205, 175290, 0, 0.0, 30, 
2019-12-04 15:27:55.079,399853856, 686.1416284677038, 3227177, 36.254057666551205, 175362, 0, 0.0, 30, 
2019-12-04 15:27:56.102,148579200, 728.2828890880841, 3228498, 38.45650961040901, 175434, 0, 0.0, 30, 
2019-12-04 15:27:57.129,177953640, 728.2828890880841, 3229735, 38.45650961040901, 175489, 0, 0.0, 30, 
2019-12-04 15:27:58.177,207479344, 728.2828890880841, 3230937, 38.45650961040901, 175565, 0, 0.0, 30, 
2019-12-04 15:27:59.199,240187336, 728.2828890880841, 3232277, 38.45650961040901, 175639, 0, 0.0, 30, 
2019-12-04 15:28:00.225,269804864, 769.8051926840549, 3233580, 40.77070332717931, 175707, 0, 0.0, 30, 
2019-12-04 15:28:01.247,301617792, 769.8051926840549, 3234902, 40.77070332717931, 175785, 0, 0.0, 30, 
2019-12-04 15:28:02.269,334100848, 769.8051926840549, 3236288, 40.77070332717931, 175862, 0, 0.0, 30, 
2019-12-04 15:28:03.301,362813176, 769.8051926840549, 3237592, 40.77070332717931, 175928, 0, 0.0, 30, 
2019-12-04 15:28:04.326,394578720, 769.8051926840549, 3238806, 40.77070332717931, 175986, 0, 0.0, 30, 
2019-12-04 15:28:05.349,139579744, 808.8231031608519, 3240033, 42.995811033108915, 176058, 0, 0.0, 30, 
2019-12-04 15:28:06.373,170012032, 808.8231031608519, 3241339, 42.995811033108915, 176135, 0, 0.0, 30, 
2019-12-04 15:28:07.399,203895968, 808.8231031608519, 3242765, 42.995811033108915, 176215, 0, 0.0, 30, 
2019-12-04 15:28:08.422,235746384, 808.8231031608519, 3244108, 42.995811033108915, 176286, 0, 0.0, 30, 
2019-12-04 15:28:09.45,267869832, 808.8231031608519, 3245477, 42.995811033108915, 176348, 0, 0.0, 30, 
2019-12-04 15:28:10.474,301039488, 850.3022136244092, 3246898, 45.1709378864912, 176425, 0, 0.0, 30, 
2019-12-04 15:28:11.496,333604232, 850.3022136244092, 3248303, 45.1709378864912, 176494, 0, 0.0, 30, 
2019-12-04 15:28:12.524,367659960, 850.3022136244092, 3249726, 45.1709378864912, 176563, 0, 0.0, 30, 
2019-12-04 15:28:13.555,401391536, 850.3022136244092, 3251086, 45.1709378864912, 176628, 0, 0.0, 30, 
2019-12-04 15:28:14.578,149828048, 850.3022136244092, 3252468, 45.1709378864912, 176710, 0, 0.0, 30, 
2019-12-04 15:28:15.601,183912264, 891.5031497742834, 3253911, 47.14016896490755, 176782, 0, 0.0, 30, 
2019-12-04 15:28:16.623,213216040, 891.5031497742834, 3255150, 47.14016896490755, 176848, 0, 0.0, 30, 
2019-12-04 15:28:17.647,241208120, 891.5031497742834, 3256348, 47.14016896490755, 176910, 0, 0.0, 30, 
2019-12-04 15:28:18.671,270212016, 891.5031497742834, 3257566, 47.14016896490755, 176967, 0, 0.0, 30, 
2019-12-04 15:28:19.706,299343904, 891.5031497742834, 3258792, 47.14016896490755, 177046, 0, 0.0, 30, 
2019-12-04 15:28:20.729,329659984, 917.2246097459835, 3260055, 48.63212667823629, 177120, 0, 0.0, 30, 
2019-12-04 15:28:21.755,359579608, 917.2246097459835, 3261334, 48.63212667823629, 177179, 0, 0.0, 30, 
2019-12-04 15:28:22.78,390823816, 917.2246097459835, 3262610, 48.63212667823629, 177240, 0, 0.0, 30, 
2019-12-04 15:28:23.81,137657512, 917.2246097459835, 3263913, 48.63212667823629, 177319, 0, 0.0, 30, 
2019-12-04 15:28:24.833,168735880, 917.2246097459835, 3265252, 48.63212667823629, 177389, 0, 0.0, 30, 
2019-12-04 15:28:25.855,199808832, 944.9352479488141, 3266568, 50.10074074169235, 177454, 0, 0.0, 30, 
2019-12-04 15:28:26.881,229741304, 944.9352479488141, 3267846, 50.10074074169235, 177536, 0, 0.0, 30, 
2019-12-04 15:28:27.904,260741336, 944.9352479488141, 3269171, 50.10074074169235, 177599, 0, 0.0, 30, 
2019-12-04 15:28:28.927,291131704, 944.9352479488141, 3270437, 50.10074074169235, 177673, 0, 0.0, 30, 
2019-12-04 15:28:29.949,322343624, 944.9352479488141, 3271769, 50.10074074169235, 177751, 0, 0.0, 30, 
2019-12-04 15:28:30.976,353415760, 971.3417595263682, 3273036, 51.723779898281464, 177816, 0, 0.0, 30, 
2019-12-04 15:28:31.999,382744952, 971.3417595263682, 3274343, 51.723779898281464, 177880, 0, 0.0, 30, 
2019-12-04 15:28:33.026,132265736, 971.3417595263682, 3275634, 51.723779898281464, 177953, 0, 0.0, 30, 
2019-12-04 15:28:34.048,164358168, 971.3417595263682, 3276986, 51.723779898281464, 178002, 0, 0.0, 30, 
2019-12-04 15:28:35.074,193420096, 971.3417595263682, 3278268, 51.723779898281464, 178073, 0, 0.0, 30, 
2019-12-04 15:28:36.099,224528920, 995.1411983838431, 3279589, 52.641367794357095, 178150, 0, 0.0, 30, 
2019-12-04 15:28:37.121,259056936, 995.1411983838431, 3281039, 52.641367794357095, 178214, 0, 0.0, 30, 
2019-12-04 15:28:38.141,289922280, 995.1411983838431, 3282311, 52.641367794357095, 178283, 0, 0.0, 30, 
2019-12-04 15:28:39.165,319327840, 995.1411983838431, 3283612, 52.641367794357095, 178358, 0, 0.0, 30, 
2019-12-04 15:28:40.19,349037008, 1018.4609485955731, 3284821, 53.77342952040739, 178412, 0, 0.0, 30, 
2019-12-04 15:28:41.211,378703016, 1018.4609485955731, 3286054, 53.77342952040739, 178488, 0, 0.0, 30, 
2019-12-04 15:28:42.235,408990344, 1018.4609485955731, 3287378, 53.77342952040739, 178557, 0, 0.0, 30, 
2019-12-04 15:28:43.261,156676608, 1018.4609485955731, 3288661, 53.77342952040739, 178643, 0, 0.0, 30, 
2019-12-04 15:28:44.282,189640144, 1018.4609485955731, 3290033, 53.77342952040739, 178713, 0, 0.0, 30, 
2019-12-04 15:28:45.303,219795648, 1037.9332560112334, 3291313, 55.342683451922056, 178790, 0, 0.0, 30, 
2019-12-04 15:28:46.325,255513072, 1037.9332560112334, 3292793, 55.342683451922056, 178858, 0, 0.0, 30, 
2019-12-04 15:28:47.362,290199328, 1037.9332560112334, 3294317, 55.342683451922056, 178932, 0, 0.0, 30, 
2019-12-04 15:28:48.385,322668312, 1037.9332560112334, 3295686, 55.342683451922056, 178995, 0, 0.0, 30, 
2019-12-04 15:28:49.405,356860832, 1037.9332560112334, 3297123, 55.342683451922056, 179065, 0, 0.0, 30, 
2019-12-04 15:28:50.425,391655120, 1069.1852353287857, 3298648, 56.242768786226634, 179144, 0, 0.0, 30, 
2019-12-04 15:28:51.447,142576536, 1069.1852353287857, 3300125, 56.242768786226634, 179226, 0, 0.0, 30, 
2019-12-04 15:28:52.481,176146584, 1069.1852353287857, 3301557, 56.242768786226634, 179300, 0, 0.0, 30, 
2019-12-04 15:28:53.505,210287120, 1069.1852353287857, 3303015, 56.242768786226634, 179372, 0, 0.0, 30, 
2019-12-04 15:28:54.527,243158240, 1069.1852353287857, 3304471, 56.242768786226634, 179458, 0, 0.0, 30, 
2019-12-04 15:28:55.556,276803776, 1096.8990217361918, 3305870, 57.9184164756725, 179527, 0, 0.0, 30, 
2019-12-04 15:28:56.58,310210920, 1096.8990217361918, 3307278, 57.9184164756725, 179600, 0, 0.0, 30, 
2019-12-04 15:28:57.612,341836216, 1096.8990217361918, 3308679, 57.9184164756725, 179668, 0, 0.0, 30, 
2019-12-04 15:28:58.634,374676512, 1096.8990217361918, 3310009, 57.9184164756725, 179736, 0, 0.0, 30, 
2019-12-04 15:28:59.656,406643840, 1096.8990217361918, 3311405, 57.9184164756725, 179803, 0, 0.0, 30, 
2019-12-04 15:29:00.68,154402824, 1116.5761695135707, 3312764, 58.69251315367521, 179885, 0, 0.0, 30, 
2019-12-04 15:29:01.708,186969160, 1116.5761695135707, 3314144, 58.69251315367521, 179955, 0, 0.0, 30, 
2019-12-04 15:29:02.738,218939360, 1116.5761695135707, 3315567, 58.69251315367521, 180026, 0, 0.0, 30, 
2019-12-04 15:29:03.769,252819392, 1116.5761695135707, 3316991, 58.69251315367521, 180077, 0, 0.0, 30, 
2019-12-04 15:29:04.794,287116152, 1116.5761695135707, 3318418, 58.69251315367521, 180152, 0, 0.0, 30, 
2019-12-04 15:29:05.824,320147584, 1137.1586425684752, 3319849, 59.48467206402539, 180231, 0, 0.0, 30, 
2019-12-04 15:29:06.849,351792248, 1137.1586425684752, 3321142, 59.48467206402539, 180299, 0, 0.0, 30, 
2019-12-04 15:29:07.873,382740160, 1137.1586425684752, 3322492, 59.48467206402539, 180376, 0, 0.0, 30, 
2019-12-04 15:29:08.908,132856848, 1137.1586425684752, 3323915, 59.48467206402539, 180450, 0, 0.0, 30, 
2019-12-04 15:29:09.933,165282024, 1137.1586425684752, 3325347, 59.48467206402539, 180530, 0, 0.0, 30, 
2019-12-04 15:29:10.965,195571288, 1154.3364090637433, 3326649, 60.6132713718453, 180594, 0, 0.0, 30, 
2019-12-04 15:29:11.995,229277184, 1154.3364090637433, 3328082, 60.6132713718453, 180655, 0, 0.0, 30, 
2019-12-04 15:29:13.023,262617752, 1154.3364090637433, 3329452, 60.6132713718453, 180716, 0, 0.0, 30, 
2019-12-04 15:29:14.054,294240440, 1154.3364090637433, 3330809, 60.6132713718453, 180782, 0, 0.0, 30, 
2019-12-04 15:29:15.096,328698416, 1154.3364090637433, 3332281, 60.6132713718453, 180871, 0, 0.0, 30, 
2019-12-04 15:29:16.121,362431424, 1168.6535432956273, 3333713, 60.99599706131998, 180955, 0, 0.0, 30, 
2019-12-04 15:29:17.146,394588248, 1168.6535432956273, 3335108, 60.99599706131998, 181025, 0, 0.0, 30, 
2019-12-04 15:29:18.173,144287064, 1168.6535432956273, 3336481, 60.99599706131998, 181093, 0, 0.0, 30, 
2019-12-04 15:29:19.211,176878520, 1168.6535432956273, 3337904, 60.99599706131998, 181172, 0, 0.0, 30, 
2019-12-04 15:29:20.239,213184720, 1186.287464342854, 3339382, 61.9717752601476, 181245, 0, 0.0, 30, 
2019-12-04 15:29:21.264,246243016, 1186.287464342854, 3340782, 61.9717752601476, 181323, 0, 0.0, 30, 
2019-12-04 15:29:22.305,279051160, 1186.287464342854, 3342209, 61.9717752601476, 181396, 0, 0.0, 30, 
2019-12-04 15:29:23.337,309959424, 1186.287464342854, 3343548, 61.9717752601476, 181481, 0, 0.0, 30, 
2019-12-04 15:29:24.368,343093744, 1186.287464342854, 3344916, 61.9717752601476, 181558, 0, 0.0, 30, 
2019-12-04 15:29:25.408,376092504, 1199.1213380906527, 3346347, 62.94949012726669, 181636, 0, 0.0, 30, 
2019-12-04 15:29:26.434,408352616, 1199.1213380906527, 3347706, 62.94949012726669, 181699, 0, 0.0, 30, 
2019-12-04 15:29:27.47,155052152, 1199.1213380906527, 3349046, 62.94949012726669, 181767, 0, 0.0, 30, 
2019-12-04 15:29:28.495,185638352, 1199.1213380906527, 3350285, 62.94949012726669, 181853, 0, 0.0, 30, 
2019-12-04 15:29:29.526,218194472, 1199.1213380906527, 3351700, 62.94949012726669, 181943, 0, 0.0, 30, 
2019-12-04 15:29:30.548,248977496, 1206.8993104476906, 3352968, 64.02493351767515, 182014, 0, 0.0, 30, 
2019-12-04 15:29:31.573,281885272, 1206.8993104476906, 3354381, 64.02493351767515, 182090, 0, 0.0, 30, 
2019-12-04 15:29:32.602,312893080, 1206.8993104476906, 3355738, 64.02493351767515, 182157, 0, 0.0, 30, 
2019-12-04 15:29:33.632,345103776, 1206.8993104476906, 3357052, 64.02493351767515, 182224, 0, 0.0, 30, 
2019-12-04 15:29:34.656,376650368, 1206.8993104476906, 3358446, 64.02493351767515, 182302, 0, 0.0, 30, 
2019-12-04 15:29:35.683,409678680, 1215.4466176573744, 3359801, 64.51866457297228, 182385, 0, 0.0, 30, 
2019-12-04 15:29:36.725,158690544, 1215.4466176573744, 3361102, 64.51866457297228, 182463, 0, 0.0, 30, 
2019-12-04 15:29:37.753,186882672, 1215.4466176573744, 3362285, 64.51866457297228, 182537, 0, 0.0, 30, 
2019-12-04 15:29:38.783,218220600, 1215.4466176573744, 3363642, 64.51866457297228, 182614, 0, 0.0, 30, 
2019-12-04 15:29:39.807,249119584, 1215.4466176573744, 3364993, 64.51866457297228, 182688, 0, 0.0, 30, 
2019-12-04 15:29:40.831,280106048, 1219.184811710638, 3366267, 65.21278582883947, 182757, 0, 0.0, 30, 
2019-12-04 15:29:41.859,311603192, 1219.184811710638, 3367617, 65.21278582883947, 182816, 0, 0.0, 30, 
2019-12-04 15:29:42.886,347198208, 1219.184811710638, 3369097, 65.21278582883947, 182883, 0, 0.0, 30, 
2019-12-04 15:29:43.914,379493016, 1219.184811710638, 3370462, 65.21278582883947, 182972, 0, 0.0, 30, 
2019-12-04 15:29:44.941,413684648, 1219.184811710638, 3371870, 65.21278582883947, 183038, 0, 0.0, 30, 
2019-12-04 15:29:45.97,161146240, 1229.8521011876533, 3373259, 65.41964805237393, 183103, 0, 0.0, 30, 
2019-12-04 15:29:46.993,193461848, 1229.8521011876533, 3374536, 65.41964805237393, 183174, 0, 0.0, 30, 
2019-12-04 15:29:48.018,226112928, 1229.8521011876533, 3375942, 65.41964805237393, 183230, 0, 0.0, 30, 
2019-12-04 15:29:49.069,258318520, 1229.8521011876533, 3377269, 65.41964805237393, 183308, 0, 0.0, 30, 
2019-12-04 15:29:50.096,290785480, 1229.8521011876533, 3378691, 65.41964805237393, 183375, 0, 0.0, 30, 
2019-12-04 15:29:51.117,323667560, 1237.2518226120205, 3380049, 65.45005931499324, 183465, 0, 0.0, 30, 
2019-12-04 15:29:52.14,354853856, 1237.2518226120205, 3381378, 65.45005931499324, 183537, 0, 0.0, 30, 
2019-12-04 15:29:53.164,385031384, 1237.2518226120205, 3382647, 65.45005931499324, 183598, 0, 0.0, 30, 
2019-12-04 15:29:54.192,133979816, 1237.2518226120205, 3384031, 65.45005931499324, 183661, 0, 0.0, 30, 
2019-12-04 15:29:55.225,166474512, 1243.5641703490244, 3385432, 65.58997684682691, 183716, 0, 0.0, 30, 
2019-12-04 15:29:56.248,196521304, 1243.5641703490244, 3386776, 65.58997684682691, 183795, 0, 0.0, 30, 
2019-12-04 15:29:57.269,229253224, 1243.5641703490244, 3388134, 65.58997684682691, 183870, 0, 0.0, 30, 
2019-12-04 15:29:58.303,259888520, 1243.5641703490244, 3389386, 65.58997684682691, 183938, 0, 0.0, 30, 
2019-12-04 15:29:59.327,292548760, 1243.5641703490244, 3390736, 65.58997684682691, 184004, 0, 0.0, 30, 
2019-12-04 15:30:00.349,322787208, 1247.7567078031652, 3392084, 66.10249400027845, 184088, 0, 0.0, 30, 
2019-12-04 15:30:01.435,352900864, 1247.7567078031652, 3393423, 66.10249400027845, 184157, 0, 0.0, 30, 
2019-12-04 15:30:02.462,383454200, 1247.7567078031652, 3394702, 66.10249400027845, 184233, 0, 0.0, 30, 
2019-12-04 15:30:03.487,132832568, 1247.7567078031652, 3395978, 66.10249400027845, 184293, 0, 0.0, 30, 
2019-12-04 15:30:04.509,159505424, 1247.7567078031652, 3397208, 66.10249400027845, 184348, 0, 0.0, 30, 
2019-12-04 15:30:05.532,190706352, 1247.0725512219174, 3398532, 65.90240562759959, 184422, 0, 0.0, 30, 
2019-12-04 15:30:06.574,225048496, 1247.0725512219174, 3399936, 65.90240562759959, 184506, 0, 0.0, 30, 
2019-12-04 15:30:07.607,256426216, 1247.0725512219174, 3401234, 65.90240562759959, 184588, 0, 0.0, 30, 
2019-12-04 15:30:08.633,287020544, 1247.0725512219174, 3402546, 65.90240562759959, 184661, 0, 0.0, 30, 
2019-12-04 15:30:09.667,320205008, 1247.0725512219174, 3403980, 65.90240562759959, 184735, 0, 0.0, 30, 
2019-12-04 15:30:10.694,354174232, 1253.591126112747, 3405410, 66.69377357940637, 184801, 0, 0.0, 30, 
2019-12-04 15:30:11.72,385488264, 1253.591126112747, 3406742, 66.69377357940637, 184872, 0, 0.0, 30, 
2019-12-04 15:30:12.742,132387648, 1253.591126112747, 3408060, 66.69377357940637, 184944, 0, 0.0, 30, 
2019-12-04 15:30:13.767,165311056, 1253.591126112747, 3409424, 66.69377357940637, 185020, 0, 0.0, 30, 
2019-12-04 15:30:14.792,198248040, 1253.591126112747, 3410772, 66.69377357940637, 185097, 0, 0.0, 30, 
2019-12-04 15:30:15.813,228265576, 1258.6610197420976, 3412109, 66.8941603799364, 185163, 0, 0.0, 30, 
2019-12-04 15:30:16.84,260155456, 1258.6610197420976, 3413476, 66.8941603799364, 185242, 0, 0.0, 30, 
2019-12-04 15:30:17.868,292305200, 1258.6610197420976, 3414819, 66.8941603799364, 185314, 0, 0.0, 30, 
2019-12-04 15:30:18.892,323530720, 1258.6610197420976, 3416163, 66.8941603799364, 185387, 0, 0.0, 30, 
2019-12-04 15:30:19.921,355522320, 1258.6610197420976, 3417497, 66.8941603799364, 185447, 0, 0.0, 30, 
2019-12-04 15:30:20.949,388216048, 1263.4374848780653, 3418927, 67.11050737067775, 185515, 0, 0.0, 30, 
2019-12-04 15:30:21.973,139754584, 1263.4374848780653, 3420227, 67.11050737067775, 185596, 0, 0.0, 30, 
2019-12-04 15:30:22.998,166752072, 1263.4374848780653, 3421403, 67.11050737067775, 185655, 0, 0.0, 30, 
2019-12-04 15:30:24.02,197743464, 1263.4374848780653, 3422731, 67.11050737067775, 185743, 0, 0.0, 30, 
2019-12-04 15:30:25.044,232536264, 1263.4374848780653, 3424197, 67.11050737067775, 185816, 0, 0.0, 30, 
2019-12-04 15:30:26.074,264485328, 1266.4248266455604, 3425595, 67.46946738187255, 185892, 0, 0.0, 30, 
2019-12-04 15:30:27.097,293949936, 1266.4248266455604, 3426841, 67.46946738187255, 185968, 0, 0.0, 30, 
2019-12-04 15:30:28.123,324842400, 1266.4248266455604, 3428150, 67.46946738187255, 186031, 0, 0.0, 30, 
2019-12-04 15:30:29.147,355641544, 1266.4248266455604, 3429414, 67.46946738187255, 186089, 0, 0.0, 30, 
2019-12-04 15:30:30.169,387394040, 1267.270370821511, 3430754, 67.31999302302353, 186152, 0, 0.0, 30, 
2019-12-04 15:30:31.201,133760696, 1267.270370821511, 3432026, 67.31999302302353, 186221, 0, 0.0, 30, 
2019-12-04 15:30:32.227,166241648, 1267.270370821511, 3433475, 67.31999302302353, 186292, 0, 0.0, 30, 
2019-12-04 15:30:33.253,198995968, 1267.270370821511, 3434873, 67.31999302302353, 186375, 0, 0.0, 30, 
2019-12-04 15:30:34.278,234469312, 1267.270370821511, 3436420, 67.31999302302353, 186454, 0, 0.0, 30, 
2019-12-04 15:30:35.305,267665352, 1276.4436454818378, 3437822, 67.66220348625826, 186517, 0, 0.0, 30, 
2019-12-04 15:30:36.329,301731632, 1276.4436454818378, 3439197, 67.66220348625826, 186592, 0, 0.0, 30, 
2019-12-04 15:30:37.351,333887632, 1276.4436454818378, 3440589, 67.66220348625826, 186659, 0, 0.0, 30, 
2019-12-04 15:30:38.372,366939376, 1276.4436454818378, 3442002, 67.66220348625826, 186742, 0, 0.0, 30, 
2019-12-04 15:30:39.398,401047752, 1276.4436454818378, 3443453, 67.66220348625826, 186829, 0, 0.0, 30, 
2019-12-04 15:30:40.42,151926104, 1283.780078518817, 3444857, 68.50475917503157, 186923, 0, 0.0, 30, 
2019-12-04 15:30:41.448,186328192, 1283.780078518817, 3446297, 68.50475917503157, 187007, 0, 0.0, 30, 
2019-12-04 15:30:42.498,219235768, 1283.780078518817, 3447737, 68.50475917503157, 187092, 0, 0.0, 30, 
2019-12-04 15:30:43.525,250744808, 1283.780078518817, 3449067, 68.50475917503157, 187174, 0, 0.0, 30, 
2019-12-04 15:30:44.549,280908264, 1283.780078518817, 3450397, 68.50475917503157, 187245, 0, 0.0, 30, 
2019-12-04 15:30:45.572,314257352, 1288.4190953040056, 3451744, 69.31193006464987, 187321, 0, 0.0, 30, 
2019-12-04 15:30:46.595,346998472, 1288.4190953040056, 3453170, 69.31193006464987, 187399, 0, 0.0, 30, 
2019-12-04 15:30:47.625,376640192, 1288.4190953040056, 3454469, 69.31193006464987, 187494, 0, 0.0, 30, 
2019-12-04 15:30:48.65,409474432, 1288.4190953040056, 3455839, 69.31193006464987, 187563, 0, 0.0, 30, 
2019-12-04 15:30:49.671,156676656, 1288.4190953040056, 3457231, 69.31193006464987, 187652, 0, 0.0, 30, 
2019-12-04 15:30:50.694,192592520, 1293.5986904598158, 3458729, 70.11852760159113, 187725, 0, 0.0, 30, 
2019-12-04 15:30:51.719,227368848, 1293.5986904598158, 3460212, 70.11852760159113, 187800, 0, 0.0, 30, 
2019-12-04 15:30:52.74,260283504, 1293.5986904598158, 3461613, 70.11852760159113, 187872, 0, 0.0, 30, 
2019-12-04 15:30:53.775,294051064, 1293.5986904598158, 3463072, 70.11852760159113, 187957, 0, 0.0, 30, 
2019-12-04 15:30:54.806,328131816, 1293.5986904598158, 3464495, 70.11852760159113, 188052, 0, 0.0, 30, 
2019-12-04 15:30:55.83,361358640, 1302.61778519468, 3465939, 70.87662427738182, 188136, 0, 0.0, 30, 
2019-12-04 15:30:56.853,395552064, 1302.61778519468, 3467360, 70.87662427738182, 188213, 0, 0.0, 30, 
2019-12-04 15:30:57.875,144406856, 1302.61778519468, 3468815, 70.87662427738182, 188283, 0, 0.0, 30, 
2019-12-04 15:30:58.898,178611896, 1302.61778519468, 3470257, 70.87662427738182, 188357, 0, 0.0, 30, 
2019-12-04 15:30:59.92,211237208, 1302.61778519468, 3471672, 70.87662427738182, 188435, 0, 0.0, 30, 
2019-12-04 15:31:00.944,245509576, 1310.35606383291, 3473091, 71.15833784576458, 188512, 0, 0.0, 30, 
2019-12-04 15:31:01.969,277284832, 1310.35606383291, 3474436, 71.15833784576458, 188591, 0, 0.0, 30, 
2019-12-04 15:31:02.994,309610040, 1310.35606383291, 3475827, 71.15833784576458, 188669, 0, 0.0, 30, 
2019-12-04 15:31:04.03,339789112, 1310.35606383291, 3477144, 71.15833784576458, 188730, 0, 0.0, 30, 
2019-12-04 15:31:05.058,372003096, 1310.35606383291, 3478501, 71.15833784576458, 188800, 0, 0.0, 30, 
2019-12-04 15:31:06.079,406489136, 1311.71882172617, 3480021, 71.03374003110119, 188881, 0, 0.0, 30, 
2019-12-04 15:31:07.102,156619520, 1311.71882172617, 3481443, 71.03374003110119, 188976, 0, 0.0, 30, 
2019-12-04 15:31:08.131,188465688, 1311.71882172617, 3482812, 71.03374003110119, 189043, 0, 0.0, 30, 
2019-12-04 15:31:09.155,224718528, 1311.71882172617, 3484296, 71.03374003110119, 189125, 0, 0.0, 30, 
2019-12-04 15:31:10.184,258642352, 1320.3125422513842, 3485741, 71.79861594672258, 189213, 0, 0.0, 30, 
2019-12-04 15:31:11.213,291134632, 1320.3125422513842, 3487198, 71.79861594672258, 189282, 0, 0.0, 30, 
2019-12-04 15:31:12.238,324441192, 1320.3125422513842, 3488564, 71.79861594672258, 189355, 0, 0.0, 30, 
2019-12-04 15:31:13.269,358085720, 1320.3125422513842, 3490008, 71.79861594672258, 189415, 0, 0.0, 30, 
2019-12-04 15:31:14.294,389452032, 1320.3125422513842, 3491365, 71.79861594672258, 189493, 0, 0.0, 30, 
2019-12-04 15:31:15.329,139699416, 1323.485776167549, 3492758, 71.43093091680744, 189556, 0, 0.0, 30, 
2019-12-04 15:31:16.361,171057104, 1323.485776167549, 3494141, 71.43093091680744, 189619, 0, 0.0, 30, 
2019-12-04 15:31:17.388,203146392, 1323.485776167549, 3495481, 71.43093091680744, 189689, 0, 0.0, 30, 
2019-12-04 15:31:18.413,248736512, 1323.485776167549, 3496798, 71.43093091680744, 189757, 0, 0.0, 30, 
2019-12-04 15:31:19.439,283453200, 1323.485776167549, 3498203, 71.43093091680744, 189836, 0, 0.0, 30, 
2019-12-04 15:31:20.467,313397232, 1323.6388290546029, 3499535, 71.15660882698775, 189910, 0, 0.0, 30, 
2019-12-04 15:31:21.491,347195488, 1323.6388290546029, 3500930, 71.15660882698775, 190003, 0, 0.0, 30, 
2019-12-04 15:31:22.527,379288664, 1323.6388290546029, 3502323, 71.15660882698775, 190071, 0, 0.0, 30, 
2019-12-04 15:31:23.569,412403928, 1323.6388290546029, 3503734, 71.15660882698775, 190137, 0, 0.0, 30, 
2019-12-04 15:31:24.599,159867472, 1323.6388290546029, 3505027, 71.15660882698775, 190215, 0, 0.0, 30, 
2019-12-04 15:31:25.626,192802008, 1323.076035357218, 3506385, 71.49589165218272, 190302, 0, 0.0, 30, 
2019-12-04 15:31:26.652,224200328, 1323.076035357218, 3507755, 71.49589165218272, 190383, 0, 0.0, 30, 
2019-12-04 15:31:27.676,257839656, 1323.076035357218, 3509124, 71.49589165218272, 190445, 0, 0.0, 30, 
2019-12-04 15:31:28.7,287925376, 1323.076035357218, 3510424, 71.49589165218272, 190506, 0, 0.0, 30, 
2019-12-04 15:31:29.723,319827976, 1323.076035357218, 3511762, 71.49589165218272, 190564, 0, 0.0, 30, 
2019-12-04 15:31:30.761,350630080, 1322.638195744721, 3513048, 71.0884466521469, 190633, 0, 0.0, 30, 
2019-12-04 15:31:31.789,381039504, 1322.638195744721, 3514374, 71.0884466521469, 190709, 0, 0.0, 30, 
2019-12-04 15:31:32.821,413148352, 1322.638195744721, 3515737, 71.0884466521469, 190771, 0, 0.0, 30, 
2019-12-04 15:31:33.85,162104344, 1322.638195744721, 3517147, 71.0884466521469, 190834, 0, 0.0, 30, 
2019-12-04 15:31:34.893,194858432, 1322.638195744721, 3518481, 71.0884466521469, 190906, 0, 0.0, 30, 
2019-12-04 15:31:35.951,219051296, 1320.4763409765849, 3519474, 70.5696591019281, 190963, 0, 0.0, 30, 
2019-12-04 15:31:36.983,233092496, 1320.4763409765849, 3519979, 70.5696591019281, 190985, 0, 0.0, 30, 
2019-12-04 15:31:38.011,247510496, 1320.4763409765849, 3520460, 70.5696591019281, 191012, 0, 0.0, 30, 
2019-12-04 15:31:39.043,261990656, 1320.4763409765849, 3520969, 70.5696591019281, 191042, 0, 0.0, 30, 
