Timestamp, MemoryUsed, ReadLatency1, ReadCount, WriteLatency1, WriteCount, PendingTasks, WaitingOnCommit1, SRDelay, 
2019-12-04 15:26:41.987,156275264, 69.43717972495504, 3051403, 5.205801921257119, 165718, 0, 0.0, 30, 
2019-12-04 15:26:43.042,164703520, 69.43717972495504, 3051711, 5.205801921257119, 165735, 0, 0.0, 30, 
2019-12-04 15:26:44.089,175658520, 69.43717972495504, 3052239, 5.205801921257119, 165766, 0, 0.0, 30, 
2019-12-04 15:26:45.123,189672040, 85.6651908285297, 3052892, 5.940929410656956, 165800, 0, 0.0, 30, 
2019-12-04 15:26:46.168,201976288, 85.6651908285297, 3053547, 5.940929410656956, 165834, 0, 0.0, 30, 
2019-12-04 15:26:47.199,215323760, 85.6651908285297, 3054192, 5.940929410656956, 165875, 0, 0.0, 30, 
2019-12-04 15:26:48.236,229559928, 85.6651908285297, 3054876, 5.940929410656956, 165917, 0, 0.0, 30, 
2019-12-04 15:26:49.265,241615064, 85.6651908285297, 3055533, 5.940929410656956, 165944, 0, 0.0, 30, 
2019-12-04 15:26:50.295,255991664, 129.29973695298918, 3056232, 8.200399941659153, 165979, 0, 0.0, 30, 
2019-12-04 15:26:51.326,270543456, 129.29973695298918, 3056988, 8.200399941659153, 166027, 0, 0.0, 30, 
2019-12-04 15:26:52.356,287231576, 129.29973695298918, 3057754, 8.200399941659153, 166068, 0, 0.0, 30, 
2019-12-04 15:26:53.393,303113680, 129.29973695298918, 3058558, 8.200399941659153, 166106, 0, 0.0, 30, 
2019-12-04 15:26:54.423,316854536, 129.29973695298918, 3059343, 8.200399941659153, 166155, 0, 0.0, 30, 
2019-12-04 15:26:55.455,334081608, 178.5124207807184, 3060138, 10.950840100840962, 166202, 0, 0.0, 30, 
2019-12-04 15:26:56.49,349667936, 178.5124207807184, 3060929, 10.950840100840962, 166252, 0, 0.0, 30, 
2019-12-04 15:26:57.516,365357656, 178.5124207807184, 3061769, 10.950840100840962, 166286, 0, 0.0, 30, 
2019-12-04 15:26:58.558,380099024, 178.5124207807184, 3062594, 10.950840100840962, 166331, 0, 0.0, 30, 
2019-12-04 15:26:59.587,399084936, 229.1153176510266, 3063515, 13.641278377809725, 166387, 0, 0.0, 30, 
2019-12-04 15:27:00.614,133380528, 229.1153176510266, 3064503, 13.641278377809725, 166436, 0, 0.0, 30, 
2019-12-04 15:27:01.64,154175312, 229.1153176510266, 3065666, 13.641278377809725, 166502, 0, 0.0, 30, 
2019-12-04 15:27:02.664,173884672, 229.1153176510266, 3066680, 13.641278377809725, 166565, 0, 0.0, 30, 
2019-12-04 15:27:03.692,194691760, 229.1153176510266, 3067808, 13.641278377809725, 166618, 0, 0.0, 30, 
2019-12-04 15:27:04.718,213726856, 293.32642353046276, 3068839, 17.1240414631103, 166681, 0, 0.0, 30, 
2019-12-04 15:27:05.741,233688464, 293.32642353046276, 3069867, 17.1240414631103, 166747, 0, 0.0, 30, 
2019-12-04 15:27:06.766,254805592, 293.32642353046276, 3071007, 17.1240414631103, 166813, 0, 0.0, 30, 
2019-12-04 15:27:07.797,277181608, 293.32642353046276, 3072181, 17.1240414631103, 166878, 0, 0.0, 30, 
2019-12-04 15:27:08.824,299903120, 293.32642353046276, 3073430, 17.1240414631103, 166938, 0, 0.0, 30, 
2019-12-04 15:27:09.849,318445464, 357.9684015938092, 3074438, 20.584196060404448, 166992, 0, 0.0, 30, 
2019-12-04 15:27:10.874,336341392, 357.9684015938092, 3075372, 20.584196060404448, 167040, 0, 0.0, 30, 
2019-12-04 15:27:11.901,356695144, 357.9684015938092, 3076478, 20.584196060404448, 167093, 0, 0.0, 30, 
2019-12-04 15:27:12.927,376312360, 357.9684015938092, 3077498, 20.584196060404448, 167150, 0, 0.0, 30, 
2019-12-04 15:27:13.953,394607544, 357.9684015938092, 3078510, 20.584196060404448, 167208, 0, 0.0, 30, 
2019-12-04 15:27:14.989,131703128, 408.0071333878424, 3079606, 23.192011756730032, 167269, 0, 0.0, 30, 
2019-12-04 15:27:16.015,152780176, 408.0071333878424, 3080809, 23.192011756730032, 167338, 0, 0.0, 30, 
2019-12-04 15:27:17.047,170637024, 408.0071333878424, 3081700, 23.192011756730032, 167375, 0, 0.0, 30, 
2019-12-04 15:27:18.079,187451384, 408.0071333878424, 3082538, 23.192011756730032, 167437, 0, 0.0, 30, 
2019-12-04 15:27:19.112,205315800, 408.0071333878424, 3083409, 23.192011756730032, 167478, 0, 0.0, 30, 
2019-12-04 15:27:20.154,219602400, 449.0877427970955, 3084199, 25.335460149330903, 167514, 0, 0.0, 30, 
2019-12-04 15:27:21.183,238522888, 449.0877427970955, 3085128, 25.335460149330903, 167570, 0, 0.0, 30, 
2019-12-04 15:27:22.212,251857176, 449.0877427970955, 3085870, 25.335460149330903, 167602, 0, 0.0, 30, 
2019-12-04 15:27:23.24,267979392, 449.0877427970955, 3086695, 25.335460149330903, 167640, 0, 0.0, 30, 
2019-12-04 15:27:24.272,283115784, 449.0877427970955, 3087465, 25.335460149330903, 167686, 0, 0.0, 30, 
2019-12-04 15:27:25.303,296593816, 475.83386613542007, 3088146, 26.60391871972758, 167720, 0, 0.0, 30, 
2019-12-04 15:27:26.328,311914792, 475.83386613542007, 3088821, 26.60391871972758, 167743, 0, 0.0, 30, 
2019-12-04 15:27:27.352,327421936, 475.83386613542007, 3089632, 26.60391871972758, 167785, 0, 0.0, 30, 
2019-12-04 15:27:28.377,342774336, 475.83386613542007, 3090383, 26.60391871972758, 167825, 0, 0.0, 30, 
2019-12-04 15:27:29.403,358416240, 475.83386613542007, 3091223, 26.60391871972758, 167864, 0, 0.0, 30, 
2019-12-04 15:27:30.428,379639392, 497.70700650615544, 3092244, 27.307214547459814, 167910, 0, 0.0, 30, 
2019-12-04 15:27:31.469,401086400, 497.70700650615544, 3093351, 27.307214547459814, 167955, 0, 0.0, 30, 
2019-12-04 15:27:32.503,138929632, 497.70700650615544, 3094467, 27.307214547459814, 168012, 0, 0.0, 30, 
2019-12-04 15:27:33.53,159823608, 497.70700650615544, 3095486, 27.307214547459814, 168065, 0, 0.0, 30, 
2019-12-04 15:27:34.563,180106336, 541.2262714141136, 3096572, 29.217576194453653, 168128, 0, 0.0, 30, 
2019-12-04 15:27:35.594,200647096, 541.2262714141136, 3097646, 29.217576194453653, 168184, 0, 0.0, 30, 
2019-12-04 15:27:36.618,220518784, 541.2262714141136, 3098750, 29.217576194453653, 168242, 0, 0.0, 30, 
2019-12-04 15:27:37.642,242157400, 541.2262714141136, 3099837, 29.217576194453653, 168301, 0, 0.0, 30, 
2019-12-04 15:27:38.669,262098104, 541.2262714141136, 3100863, 29.217576194453653, 168360, 0, 0.0, 30, 
2019-12-04 15:27:39.691,283487120, 581.7616526507528, 3101976, 31.406953918694064, 168414, 0, 0.0, 30, 
2019-12-04 15:27:40.723,305025944, 581.7616526507528, 3103095, 31.406953918694064, 168487, 0, 0.0, 30, 
2019-12-04 15:27:41.747,327662904, 581.7616526507528, 3104239, 31.406953918694064, 168549, 0, 0.0, 30, 
2019-12-04 15:27:42.772,348799392, 581.7616526507528, 3105372, 31.406953918694064, 168604, 0, 0.0, 30, 
2019-12-04 15:27:43.795,370410160, 581.7616526507528, 3106499, 31.406953918694064, 168673, 0, 0.0, 30, 
2019-12-04 15:27:44.822,392352256, 623.5335165331508, 3107640, 33.74110100687802, 168732, 0, 0.0, 30, 
2019-12-04 15:27:45.848,130011256, 623.5335165331508, 3108741, 33.74110100687802, 168788, 0, 0.0, 30, 
2019-12-04 15:27:46.873,151981088, 623.5335165331508, 3109906, 33.74110100687802, 168858, 0, 0.0, 30, 
2019-12-04 15:27:47.904,173594136, 623.5335165331508, 3111093, 33.74110100687802, 168921, 0, 0.0, 30, 
2019-12-04 15:27:48.928,195825136, 623.5335165331508, 3112264, 33.74110100687802, 168985, 0, 0.0, 30, 
2019-12-04 15:27:49.95,217231984, 662.2853089282902, 3113356, 35.93659334950737, 169047, 0, 0.0, 30, 
2019-12-04 15:27:50.974,239718656, 662.2853089282902, 3114491, 35.93659334950737, 169103, 0, 0.0, 30, 
2019-12-04 15:27:51.999,262055424, 662.2853089282902, 3115728, 35.93659334950737, 169156, 0, 0.0, 30, 
2019-12-04 15:27:53.022,283777360, 662.2853089282902, 3116842, 35.93659334950737, 169229, 0, 0.0, 30, 
2019-12-04 15:27:54.047,306116552, 662.2853089282902, 3118042, 35.93659334950737, 169297, 0, 0.0, 30, 
2019-12-04 15:27:55.07,328597272, 701.0249646736213, 3119230, 37.98852605085323, 169361, 0, 0.0, 30, 
2019-12-04 15:27:56.096,351712376, 701.0249646736213, 3120499, 37.98852605085323, 169438, 0, 0.0, 30, 
2019-12-04 15:27:57.123,373925912, 701.0249646736213, 3121649, 37.98852605085323, 169484, 0, 0.0, 30, 
2019-12-04 15:27:58.171,396554840, 701.0249646736213, 3122834, 37.98852605085323, 169538, 0, 0.0, 30, 
2019-12-04 15:27:59.194,138463904, 701.0249646736213, 3124115, 37.98852605085323, 169614, 0, 0.0, 30, 
2019-12-04 15:28:00.218,160789736, 740.1532320889374, 3125356, 39.89238638899588, 169677, 0, 0.0, 30, 
2019-12-04 15:28:01.242,184791256, 740.1532320889374, 3126644, 39.89238638899588, 169755, 0, 0.0, 30, 
2019-12-04 15:28:02.264,208426696, 740.1532320889374, 3127926, 39.89238638899588, 169820, 0, 0.0, 30, 
2019-12-04 15:28:03.289,233795584, 740.1532320889374, 3129232, 39.89238638899588, 169891, 0, 0.0, 30, 
2019-12-04 15:28:04.321,254660056, 740.1532320889374, 3130394, 39.89238638899588, 169954, 0, 0.0, 30, 
2019-12-04 15:28:05.343,277301408, 778.1198833786403, 3131584, 41.947853683746885, 170017, 0, 0.0, 30, 
2019-12-04 15:28:06.368,300503256, 778.1198833786403, 3132770, 41.947853683746885, 170092, 0, 0.0, 30, 
2019-12-04 15:28:07.393,327027032, 778.1198833786403, 3134112, 41.947853683746885, 170172, 0, 0.0, 30, 
2019-12-04 15:28:08.416,349817000, 778.1198833786403, 3135394, 41.947853683746885, 170246, 0, 0.0, 30, 
2019-12-04 15:28:09.445,374896040, 778.1198833786403, 3136776, 41.947853683746885, 170330, 0, 0.0, 30, 
2019-12-04 15:28:10.468,400047136, 815.9132987961809, 3138120, 44.510601804849486, 170403, 0, 0.0, 30, 
2019-12-04 15:28:11.49,141954464, 815.9132987961809, 3139527, 44.510601804849486, 170488, 0, 0.0, 30, 
2019-12-04 15:28:12.514,166259984, 815.9132987961809, 3140846, 44.510601804849486, 170551, 0, 0.0, 30, 
2019-12-04 15:28:13.55,190354776, 815.9132987961809, 3142078, 44.510601804849486, 170626, 0, 0.0, 30, 
2019-12-04 15:28:14.572,213670216, 853.2275071756425, 3143358, 46.7245238461045, 170700, 0, 0.0, 30, 
2019-12-04 15:28:15.596,239150584, 853.2275071756425, 3144698, 46.7245238461045, 170763, 0, 0.0, 30, 
2019-12-04 15:28:16.618,262301784, 853.2275071756425, 3145991, 46.7245238461045, 170824, 0, 0.0, 30, 
2019-12-04 15:28:17.642,285166480, 853.2275071756425, 3147182, 46.7245238461045, 170888, 0, 0.0, 30, 
2019-12-04 15:28:18.664,307881312, 853.2275071756425, 3148367, 46.7245238461045, 170956, 0, 0.0, 30, 
2019-12-04 15:28:19.691,331510016, 883.9122614885778, 3149667, 47.99385683502743, 171018, 0, 0.0, 30, 
2019-12-04 15:28:20.724,355388496, 883.9122614885778, 3150936, 47.99385683502743, 171080, 0, 0.0, 30, 
2019-12-04 15:28:21.75,378279488, 883.9122614885778, 3152172, 47.99385683502743, 171157, 0, 0.0, 30, 
2019-12-04 15:28:22.775,402797160, 883.9122614885778, 3153438, 47.99385683502743, 171224, 0, 0.0, 30, 
2019-12-04 15:28:23.802,141111536, 883.9122614885778, 3154658, 47.99385683502743, 171287, 0, 0.0, 30, 
2019-12-04 15:28:24.828,164001816, 910.2566464937189, 3155882, 49.401566317902756, 171355, 0, 0.0, 30, 
2019-12-04 15:28:25.849,187168224, 910.2566464937189, 3157169, 49.401566317902756, 171445, 0, 0.0, 30, 
2019-12-04 15:28:26.876,210489928, 910.2566464937189, 3158401, 49.401566317902756, 171521, 0, 0.0, 30, 
2019-12-04 15:28:27.898,233077168, 910.2566464937189, 3159667, 49.401566317902756, 171579, 0, 0.0, 30, 
2019-12-04 15:28:28.921,257431000, 910.2566464937189, 3160930, 49.401566317902756, 171642, 0, 0.0, 30, 
2019-12-04 15:28:29.943,280541984, 934.8624464672488, 3162116, 50.904606087006684, 171704, 0, 0.0, 30, 
2019-12-04 15:28:30.971,303734752, 934.8624464672488, 3163381, 50.904606087006684, 171772, 0, 0.0, 30, 
2019-12-04 15:28:31.994,327094672, 934.8624464672488, 3164632, 50.904606087006684, 171851, 0, 0.0, 30, 
2019-12-04 15:28:33.021,350553752, 934.8624464672488, 3165900, 50.904606087006684, 171912, 0, 0.0, 30, 
2019-12-04 15:28:34.043,373141696, 934.8624464672488, 3167115, 50.904606087006684, 171978, 0, 0.0, 30, 
2019-12-04 15:28:35.066,397356976, 957.3409641296399, 3168413, 52.22350496323996, 172060, 0, 0.0, 30, 
2019-12-04 15:28:36.093,134152664, 957.3409641296399, 3169702, 52.22350496323996, 172130, 0, 0.0, 30, 
2019-12-04 15:28:37.116,159477136, 957.3409641296399, 3171059, 52.22350496323996, 172201, 0, 0.0, 30, 
2019-12-04 15:28:38.137,182475272, 957.3409641296399, 3172216, 52.22350496323996, 172286, 0, 0.0, 30, 
2019-12-04 15:28:39.159,206370112, 957.3409641296399, 3173525, 52.22350496323996, 172365, 0, 0.0, 30, 
2019-12-04 15:28:40.185,229610064, 980.9005998274139, 3174756, 54.0765951907447, 172423, 0, 0.0, 30, 
2019-12-04 15:28:41.206,252300232, 980.9005998274139, 3175938, 54.0765951907447, 172477, 0, 0.0, 30, 
2019-12-04 15:28:42.23,275693088, 980.9005998274139, 3177253, 54.0765951907447, 172541, 0, 0.0, 30, 
2019-12-04 15:28:43.255,299798760, 980.9005998274139, 3178561, 54.0765951907447, 172609, 0, 0.0, 30, 
2019-12-04 15:28:44.278,325481552, 980.9005998274139, 3179883, 54.0765951907447, 172689, 0, 0.0, 30, 
2019-12-04 15:28:45.298,350095240, 1001.5210973349594, 3181144, 54.77408012869408, 172765, 0, 0.0, 30, 
2019-12-04 15:28:46.318,374656776, 1001.5210973349594, 3182490, 54.77408012869408, 172827, 0, 0.0, 30, 
2019-12-04 15:28:47.357,400025392, 1001.5210973349594, 3183927, 54.77408012869408, 172908, 0, 0.0, 30, 
2019-12-04 15:28:48.379,141117504, 1001.5210973349594, 3185245, 54.77408012869408, 172964, 0, 0.0, 30, 
2019-12-04 15:28:49.401,167438328, 1001.5210973349594, 3186644, 54.77408012869408, 173036, 0, 0.0, 30, 
2019-12-04 15:28:50.421,193322088, 1027.7048646940898, 3188053, 55.847557411144145, 173114, 0, 0.0, 30, 
2019-12-04 15:28:51.442,218069456, 1027.7048646940898, 3189404, 55.847557411144145, 173201, 0, 0.0, 30, 
2019-12-04 15:28:52.468,243373944, 1027.7048646940898, 3190800, 55.847557411144145, 173266, 0, 0.0, 30, 
2019-12-04 15:28:53.499,269098032, 1027.7048646940898, 3192199, 55.847557411144145, 173328, 0, 0.0, 30, 
2019-12-04 15:28:54.521,298988384, 1054.017858880116, 3193589, 55.847557411144145, 173399, 0, 0.0, 30, 
2019-12-04 15:28:55.55,333021704, 1054.017858880116, 3194984, 57.01110647690928, 173469, 0, 0.0, 30, 
2019-12-04 15:28:56.575,362485280, 1054.017858880116, 3196338, 57.01110647690928, 173549, 0, 0.0, 30, 
2019-12-04 15:28:57.607,394215696, 1054.017858880116, 3197709, 57.01110647690928, 173618, 0, 0.0, 30, 
2019-12-04 15:28:58.629,141552936, 1054.017858880116, 3199023, 57.01110647690928, 173687, 0, 0.0, 30, 
2019-12-04 15:28:59.65,171373656, 1075.1886699690574, 3200339, 58.049641061865394, 173759, 0, 0.0, 30, 
2019-12-04 15:29:00.675,201944208, 1075.1886699690574, 3201675, 58.049641061865394, 173828, 0, 0.0, 30, 
2019-12-04 15:29:01.703,232454920, 1075.1886699690574, 3203012, 58.049641061865394, 173904, 0, 0.0, 30, 
2019-12-04 15:29:02.729,265155424, 1075.1886699690574, 3204397, 58.049641061865394, 173984, 0, 0.0, 30, 
2019-12-04 15:29:03.758,295006648, 1075.1886699690574, 3205689, 58.049641061865394, 174053, 0, 0.0, 30, 
2019-12-04 15:29:04.789,327858104, 1093.5953516206434, 3207094, 59.22901464519154, 174125, 0, 0.0, 30, 
2019-12-04 15:29:05.819,358388856, 1093.5953516206434, 3208454, 59.22901464519154, 174194, 0, 0.0, 30, 
2019-12-04 15:29:06.844,389500464, 1093.5953516206434, 3209807, 59.22901464519154, 174259, 0, 0.0, 30, 
2019-12-04 15:29:07.868,138742736, 1093.5953516206434, 3211143, 59.22901464519154, 174340, 0, 0.0, 30, 
2019-12-04 15:29:08.894,171740624, 1093.5953516206434, 3212584, 59.22901464519154, 174409, 0, 0.0, 30, 
2019-12-04 15:29:09.928,203630096, 1113.6645752125758, 3213960, 59.88233056229047, 174474, 0, 0.0, 30, 
2019-12-04 15:29:10.96,232432472, 1113.6645752125758, 3215227, 59.88233056229047, 174542, 0, 0.0, 30, 
2019-12-04 15:29:11.986,265112064, 1113.6645752125758, 3216603, 59.88233056229047, 174619, 0, 0.0, 30, 
2019-12-04 15:29:13.017,296105672, 1113.6645752125758, 3217988, 59.88233056229047, 174697, 0, 0.0, 30, 
2019-12-04 15:29:14.047,328346528, 1113.6645752125758, 3219310, 59.88233056229047, 174760, 0, 0.0, 30, 
2019-12-04 15:29:15.091,362086352, 1129.4106623816772, 3220734, 60.563365808176464, 174828, 0, 0.0, 30, 
2019-12-04 15:29:16.115,391421208, 1129.4106623816772, 3222083, 60.563365808176464, 174902, 0, 0.0, 30, 
2019-12-04 15:29:17.141,141144624, 1129.4106623816772, 3223477, 60.563365808176464, 174971, 0, 0.0, 30, 
2019-12-04 15:29:18.168,173195888, 1129.4106623816772, 3224810, 60.563365808176464, 175043, 0, 0.0, 30, 
2019-12-04 15:29:19.204,203944992, 1129.4106623816772, 3226168, 60.563365808176464, 175110, 0, 0.0, 30, 
2019-12-04 15:29:20.233,236490248, 1144.681326670508, 3227543, 61.25391295061612, 175174, 0, 0.0, 30, 
2019-12-04 15:29:21.256,266839456, 1144.681326670508, 3228893, 61.25391295061612, 175232, 0, 0.0, 30, 
2019-12-04 15:29:22.286,297547080, 1144.681326670508, 3230242, 61.25391295061612, 175315, 0, 0.0, 30, 
2019-12-04 15:29:23.33,330807304, 1144.681326670508, 3231601, 61.25391295061612, 175365, 0, 0.0, 30, 
2019-12-04 15:29:24.362,360409016, 1144.681326670508, 3232969, 61.25391295061612, 175440, 0, 0.0, 30, 
2019-12-04 15:29:25.393,394248648, 1158.7629982912745, 3234386, 61.31356677738708, 175504, 0, 0.0, 30, 
2019-12-04 15:29:26.427,139852376, 1158.7629982912745, 3235682, 61.31356677738708, 175571, 0, 0.0, 30, 
2019-12-04 15:29:27.46,169450552, 1158.7629982912745, 3236923, 61.31356677738708, 175639, 0, 0.0, 30, 
2019-12-04 15:29:28.488,199259808, 1158.7629982912745, 3238154, 61.31356677738708, 175708, 0, 0.0, 30, 
2019-12-04 15:29:29.519,230936568, 1167.2252577167728, 3239512, 61.31356677738708, 175783, 0, 0.0, 30, 
2019-12-04 15:29:30.543,261385416, 1167.2252577167728, 3240775, 61.76822887437236, 175843, 0, 0.0, 30, 
2019-12-04 15:29:31.567,292128144, 1167.2252577167728, 3242153, 61.76822887437236, 175904, 0, 0.0, 30, 
2019-12-04 15:29:32.593,322666848, 1167.2252577167728, 3243448, 61.76822887437236, 175993, 0, 0.0, 30, 
2019-12-04 15:29:33.625,352525944, 1167.2252577167728, 3244708, 61.76822887437236, 176064, 0, 0.0, 30, 
2019-12-04 15:29:34.651,384985784, 1176.9458374023175, 3246116, 62.44239607043348, 176142, 0, 0.0, 30, 
2019-12-04 15:29:35.675,135408800, 1176.9458374023175, 3247463, 62.44239607043348, 176214, 0, 0.0, 30, 
2019-12-04 15:29:36.715,163770104, 1176.9458374023175, 3248703, 62.44239607043348, 176267, 0, 0.0, 30, 
2019-12-04 15:29:37.745,192243408, 1176.9458374023175, 3249876, 62.44239607043348, 176331, 0, 0.0, 30, 
2019-12-04 15:29:38.776,223545736, 1176.9458374023175, 3251211, 62.44239607043348, 176402, 0, 0.0, 30, 
2019-12-04 15:29:39.801,256041792, 1182.227236638985, 3252470, 62.67887302391659, 176477, 0, 0.0, 30, 
2019-12-04 15:29:40.825,285391920, 1182.227236638985, 3253761, 62.67887302391659, 176541, 0, 0.0, 30, 
2019-12-04 15:29:41.851,319185816, 1182.227236638985, 3255126, 62.67887302391659, 176605, 0, 0.0, 30, 
2019-12-04 15:29:42.879,348863752, 1182.227236638985, 3256411, 62.67887302391659, 176682, 0, 0.0, 30, 
2019-12-04 15:29:43.908,380327936, 1182.227236638985, 3257749, 62.67887302391659, 176742, 0, 0.0, 30, 
2019-12-04 15:29:44.934,411147432, 1189.6929105911925, 3259105, 62.75252227049006, 176814, 0, 0.0, 30, 
2019-12-04 15:29:45.962,158519568, 1189.6929105911925, 3260388, 62.75252227049006, 176869, 0, 0.0, 30, 
2019-12-04 15:29:46.988,188808936, 1189.6929105911925, 3261717, 62.75252227049006, 176939, 0, 0.0, 30, 
2019-12-04 15:29:48.01,220947888, 1189.6929105911925, 3263002, 62.75252227049006, 177004, 0, 0.0, 30, 
2019-12-04 15:29:49.035,251138088, 1189.6929105911925, 3264266, 62.75252227049006, 177075, 0, 0.0, 30, 
2019-12-04 15:29:50.09,282218552, 1195.9539997635477, 3265609, 62.932220667960586, 177145, 0, 0.0, 30, 
2019-12-04 15:29:51.113,313126208, 1195.9539997635477, 3266966, 62.932220667960586, 177218, 0, 0.0, 30, 
2019-12-04 15:29:52.135,345276936, 1195.9539997635477, 3268365, 62.932220667960586, 177292, 0, 0.0, 30, 
2019-12-04 15:29:53.158,374313712, 1195.9539997635477, 3269584, 62.932220667960586, 177344, 0, 0.0, 30, 
2019-12-04 15:29:54.18,404628264, 1195.9539997635477, 3270907, 62.932220667960586, 177407, 0, 0.0, 30, 
2019-12-04 15:29:55.219,153713616, 1203.8572895740033, 3272239, 63.14552452609359, 177477, 0, 0.0, 30, 
2019-12-04 15:29:56.243,185989800, 1203.8572895740033, 3273616, 63.14552452609359, 177560, 0, 0.0, 30, 
2019-12-04 15:29:57.264,218621904, 1203.8572895740033, 3274995, 63.14552452609359, 177633, 0, 0.0, 30, 
2019-12-04 15:29:58.286,247286720, 1203.8572895740033, 3276191, 63.14552452609359, 177692, 0, 0.0, 30, 
2019-12-04 15:29:59.321,276683656, 1203.8572895740033, 3277483, 63.14552452609359, 177762, 0, 0.0, 30, 
2019-12-04 15:30:00.344,307876952, 1209.609511099267, 3278816, 63.53366695427737, 177817, 0, 0.0, 30, 
2019-12-04 15:30:01.429,338501120, 1209.609511099267, 3280119, 63.53366695427737, 177881, 0, 0.0, 30, 
2019-12-04 15:30:02.457,369084960, 1209.609511099267, 3281456, 63.53366695427737, 177945, 0, 0.0, 30, 
2019-12-04 15:30:03.481,398449792, 1209.609511099267, 3282686, 63.53366695427737, 177996, 0, 0.0, 30, 
2019-12-04 15:30:04.504,142520136, 1209.609511099267, 3283883, 63.53366695427737, 178063, 0, 0.0, 30, 
2019-12-04 15:30:05.527,171184432, 1211.31980016069, 3285035, 63.139192724924165, 178131, 0, 0.0, 30, 
2019-12-04 15:30:06.564,202129144, 1211.31980016069, 3286388, 63.139192724924165, 178215, 0, 0.0, 30, 
2019-12-04 15:30:07.6,233038992, 1211.31980016069, 3287643, 63.139192724924165, 178291, 0, 0.0, 30, 
2019-12-04 15:30:08.628,261959640, 1211.31980016069, 3288857, 63.139192724924165, 178354, 0, 0.0, 30, 
2019-12-04 15:30:09.659,291602784, 1211.8859016833835, 3290162, 63.91162822575614, 178437, 0, 0.0, 30, 
2019-12-04 15:30:10.689,321865312, 1211.8859016833835, 3291458, 63.91162822575614, 178503, 0, 0.0, 30, 
2019-12-04 15:30:11.711,351017576, 1211.8859016833835, 3292720, 63.91162822575614, 178575, 0, 0.0, 30, 
2019-12-04 15:30:12.736,382920344, 1211.8859016833835, 3294043, 63.91162822575614, 178637, 0, 0.0, 30, 
2019-12-04 15:30:13.761,412680040, 1211.8859016833835, 3295322, 63.91162822575614, 178714, 0, 0.0, 30, 
2019-12-04 15:30:14.786,159206024, 1215.3011324178692, 3296583, 64.19054303295636, 178780, 0, 0.0, 30, 
2019-12-04 15:30:15.808,188991304, 1215.3011324178692, 3297824, 64.19054303295636, 178844, 0, 0.0, 30, 
2019-12-04 15:30:16.835,221778968, 1215.3011324178692, 3299203, 64.19054303295636, 178918, 0, 0.0, 30, 
2019-12-04 15:30:17.862,250439336, 1215.3011324178692, 3300476, 64.19054303295636, 178981, 0, 0.0, 30, 
2019-12-04 15:30:18.887,280169016, 1215.3011324178692, 3301763, 64.19054303295636, 179048, 0, 0.0, 30, 
2019-12-04 15:30:19.917,310958656, 1219.5786656920668, 3303099, 64.2552636385887, 179112, 0, 0.0, 30, 
2019-12-04 15:30:20.944,340247624, 1219.5786656920668, 3304378, 64.2552636385887, 179184, 0, 0.0, 30, 
2019-12-04 15:30:21.968,371712296, 1219.5786656920668, 3305703, 64.2552636385887, 179247, 0, 0.0, 30, 
2019-12-04 15:30:22.992,401007744, 1219.5786656920668, 3306943, 64.2552636385887, 179292, 0, 0.0, 30, 
2019-12-04 15:30:24.014,149012776, 1219.5786656920668, 3308274, 64.2552636385887, 179355, 0, 0.0, 30, 
2019-12-04 15:30:25.036,181786976, 1223.0504438942332, 3309625, 64.04296048005187, 179443, 0, 0.0, 30, 
2019-12-04 15:30:26.069,211704800, 1223.0504438942332, 3310912, 64.04296048005187, 179519, 0, 0.0, 30, 
2019-12-04 15:30:27.091,242190312, 1223.0504438942332, 3312181, 64.04296048005187, 179585, 0, 0.0, 30, 
2019-12-04 15:30:28.117,270271384, 1223.0504438942332, 3313367, 64.04296048005187, 179638, 0, 0.0, 30, 
2019-12-04 15:30:29.143,296634216, 1223.0504438942332, 3314523, 64.04296048005187, 179697, 0, 0.0, 30, 
2019-12-04 15:30:30.164,325739552, 1222.5826682279917, 3315809, 64.08749890094393, 179752, 0, 0.0, 30, 
2019-12-04 15:30:31.186,355584448, 1222.5826682279917, 3317056, 64.08749890094393, 179810, 0, 0.0, 30, 
2019-12-04 15:30:32.221,387557728, 1222.5826682279917, 3318436, 64.08749890094393, 179889, 0, 0.0, 30, 
2019-12-04 15:30:33.247,136577184, 1222.5826682279917, 3319796, 64.08749890094393, 179958, 0, 0.0, 30, 
2019-12-04 15:30:34.273,169234568, 1222.5826682279917, 3321122, 64.08749890094393, 180029, 0, 0.0, 30, 
2019-12-04 15:30:35.298,199308288, 1227.8931048685808, 3322455, 64.1444673433962, 180100, 0, 0.0, 30, 
2019-12-04 15:30:36.323,230822576, 1227.8931048685808, 3323816, 64.1444673433962, 180182, 0, 0.0, 30, 
2019-12-04 15:30:37.345,262117240, 1227.8931048685808, 3325203, 64.1444673433962, 180254, 0, 0.0, 30, 
2019-12-04 15:30:38.368,294129920, 1227.8931048685808, 3326517, 64.1444673433962, 180336, 0, 0.0, 30, 
2019-12-04 15:30:39.393,324083576, 1227.8931048685808, 3327797, 64.1444673433962, 180414, 0, 0.0, 30, 
2019-12-04 15:30:40.415,355915232, 1233.5625071756308, 3329171, 65.04441004561373, 180479, 0, 0.0, 30, 
2019-12-04 15:30:41.443,387582880, 1233.5625071756308, 3330500, 65.04441004561373, 180551, 0, 0.0, 30, 
2019-12-04 15:30:42.493,139038448, 1233.5625071756308, 3331891, 65.04441004561373, 180615, 0, 0.0, 30, 
2019-12-04 15:30:43.518,165861696, 1233.5625071756308, 3333102, 65.04441004561373, 180679, 0, 0.0, 30, 
2019-12-04 15:30:44.543,195756112, 1236.6517905316587, 3334341, 64.9289213949014, 180741, 0, 0.0, 30, 
2019-12-04 15:30:45.567,225901312, 1236.6517905316587, 3335656, 64.9289213949014, 180801, 0, 0.0, 30, 
2019-12-04 15:30:46.589,257026216, 1236.6517905316587, 3336977, 64.9289213949014, 180878, 0, 0.0, 30, 
2019-12-04 15:30:47.613,287181904, 1236.6517905316587, 3338292, 64.9289213949014, 180955, 0, 0.0, 30, 
2019-12-04 15:30:48.645,318887232, 1236.6517905316587, 3339620, 64.9289213949014, 181024, 0, 0.0, 30, 
2019-12-04 15:30:49.667,351097064, 1240.533491038398, 3340945, 65.41433803860345, 181107, 0, 0.0, 30, 
2019-12-04 15:30:50.688,383451736, 1240.533491038398, 3342328, 65.41433803860345, 181171, 0, 0.0, 30, 
2019-12-04 15:30:51.714,416194824, 1240.533491038398, 3343753, 65.41433803860345, 181247, 0, 0.0, 30, 
2019-12-04 15:30:52.735,162500656, 1240.533491038398, 3345063, 65.41433803860345, 181316, 0, 0.0, 30, 
2019-12-04 15:30:53.768,195297120, 1240.533491038398, 3346444, 65.41433803860345, 181380, 0, 0.0, 30, 
2019-12-04 15:30:54.797,226429992, 1248.1026071774215, 3347765, 65.44517386648211, 181444, 0, 0.0, 30, 
2019-12-04 15:30:55.824,257317008, 1248.1026071774215, 3349117, 65.44517386648211, 181529, 0, 0.0, 30, 
2019-12-04 15:30:56.847,288714064, 1248.1026071774215, 3350462, 65.44517386648211, 181598, 0, 0.0, 30, 
2019-12-04 15:30:57.871,320782216, 1248.1026071774215, 3351778, 65.44517386648211, 181675, 0, 0.0, 30, 
2019-12-04 15:30:58.892,354113880, 1248.1026071774215, 3353226, 65.44517386648211, 181747, 0, 0.0, 30, 
2019-12-04 15:30:59.914,385902056, 1254.79468121455, 3354610, 65.92129547576815, 181807, 0, 0.0, 30, 
2019-12-04 15:31:00.939,416929600, 1254.79468121455, 3355934, 65.92129547576815, 181867, 0, 0.0, 30, 
2019-12-04 15:31:01.963,162613488, 1254.79468121455, 3357246, 65.92129547576815, 181950, 0, 0.0, 30, 
2019-12-04 15:31:02.988,193106024, 1254.79468121455, 3358514, 65.92129547576815, 182027, 0, 0.0, 30, 
2019-12-04 15:31:04.011,223265296, 1254.79468121455, 3359817, 65.92129547576815, 182088, 0, 0.0, 30, 
2019-12-04 15:31:05.052,254204272, 1256.650076061754, 3361162, 66.11948174696404, 182157, 0, 0.0, 30, 
2019-12-04 15:31:06.073,287127320, 1256.650076061754, 3362507, 66.11948174696404, 182223, 0, 0.0, 30, 
2019-12-04 15:31:07.097,318935376, 1256.650076061754, 3363882, 66.11948174696404, 182288, 0, 0.0, 30, 
2019-12-04 15:31:08.124,356709296, 1256.650076061754, 3365209, 66.11948174696404, 182362, 0, 0.0, 30, 
2019-12-04 15:31:09.149,399255456, 1256.650076061754, 3366635, 66.11948174696404, 182440, 0, 0.0, 30, 
2019-12-04 15:31:10.178,147237136, 1262.9145900939845, 3367996, 66.4617330895754, 182514, 0, 0.0, 30, 
2019-12-04 15:31:11.207,177388272, 1262.9145900939845, 3369266, 66.4617330895754, 182588, 0, 0.0, 30, 
2019-12-04 15:31:12.233,209047152, 1262.9145900939845, 3370679, 66.4617330895754, 182667, 0, 0.0, 30, 
2019-12-04 15:31:13.262,242424704, 1262.9145900939845, 3372083, 66.4617330895754, 182744, 0, 0.0, 30, 
2019-12-04 15:31:14.289,274754936, 1262.9145900939845, 3373455, 66.4617330895754, 182811, 0, 0.0, 30, 
2019-12-04 15:31:15.323,305937928, 1267.3189762884037, 3374787, 66.76062840867023, 182889, 0, 0.0, 30, 
2019-12-04 15:31:16.355,334931584, 1267.3189762884037, 3376018, 66.76062840867023, 182956, 0, 0.0, 30, 
2019-12-04 15:31:17.382,365390600, 1267.3189762884037, 3377322, 66.76062840867023, 183019, 0, 0.0, 30, 
2019-12-04 15:31:18.407,394557440, 1267.3189762884037, 3378618, 66.76062840867023, 183088, 0, 0.0, 30, 
2019-12-04 15:31:19.434,140606848, 1267.3189762884037, 3379954, 66.76062840867023, 183171, 0, 0.0, 30, 
2019-12-04 15:31:20.461,173738616, 1267.405410172064, 3381313, 67.03562537756228, 183242, 0, 0.0, 30, 
2019-12-04 15:31:21.485,206437936, 1267.405410172064, 3382670, 67.03562537756228, 183316, 0, 0.0, 30, 
2019-12-04 15:31:22.519,239163144, 1267.405410172064, 3384082, 67.03562537756228, 183387, 0, 0.0, 30, 
2019-12-04 15:31:23.558,270632304, 1267.405410172064, 3385472, 67.03562537756228, 183451, 0, 0.0, 30, 
2019-12-04 15:31:24.594,297973016, 1269.7236895743392, 3386644, 67.16070586623833, 183526, 0, 0.0, 30, 
2019-12-04 15:31:25.619,330230264, 1269.7236895743392, 3387978, 67.16070586623833, 183599, 0, 0.0, 30, 
2019-12-04 15:31:26.647,360797304, 1269.7236895743392, 3389326, 67.16070586623833, 183667, 0, 0.0, 30, 
2019-12-04 15:31:27.671,391716192, 1269.7236895743392, 3390645, 67.16070586623833, 183724, 0, 0.0, 30, 
2019-12-04 15:31:28.693,139907240, 1269.7236895743392, 3391975, 67.16070586623833, 183805, 0, 0.0, 30, 
2019-12-04 15:31:29.717,170103880, 1272.4482809216959, 3393300, 67.3557410565945, 183884, 0, 0.0, 30, 
2019-12-04 15:31:30.755,200985304, 1272.4482809216959, 3394568, 67.3557410565945, 183955, 0, 0.0, 30, 
2019-12-04 15:31:31.781,231927976, 1272.4482809216959, 3395924, 67.3557410565945, 184034, 0, 0.0, 30, 
2019-12-04 15:31:32.815,264653224, 1272.4482809216959, 3397272, 67.3557410565945, 184108, 0, 0.0, 30, 
2019-12-04 15:31:33.843,293300672, 1272.4482809216959, 3398550, 67.3557410565945, 184171, 0, 0.0, 30, 
2019-12-04 15:31:34.88,325784480, 1273.116047509453, 3399911, 67.42324427461891, 184226, 0, 0.0, 30, 
2019-12-04 15:31:35.946,348717232, 1273.116047509453, 3400853, 67.42324427461891, 184273, 0, 0.0, 30, 
2019-12-04 15:31:36.971,362969680, 1273.116047509453, 3401389, 67.42324427461891, 184292, 0, 0.0, 30, 
2019-12-04 15:31:38.005,375847632, 1273.116047509453, 3401867, 67.42324427461891, 184316, 0, 0.0, 30, 
2019-12-04 15:31:39.036,390920280, 1273.116047509453, 3402346, 67.42324427461891, 184338, 0, 0.0, 30, 
