Timestamp, MemoryUsed, ReadLatency1, ReadCount, WriteLatency1, WriteCount, PendingTasks, WaitingOnCommit1, SRDelay, 
2019-12-04 15:27:25.959,331433928, 480.00758941991984, 3120271, 26.298201319892033, 168319, 0, 0.0, 30, 
2019-12-04 15:27:27.096,351356872, 480.00758941991984, 3121259, 26.298201319892033, 168365, 0, 0.0, 30, 
2019-12-04 15:27:28.152,367085512, 480.00758941991984, 3122000, 26.298201319892033, 168407, 0, 0.0, 30, 
2019-12-04 15:27:29.214,384911304, 480.00758941991984, 3122858, 26.298201319892033, 168452, 0, 0.0, 30, 
2019-12-04 15:27:30.267,403785672, 502.45851097549354, 3123895, 27.44171000521364, 168517, 0, 0.0, 30, 
2019-12-04 15:27:31.348,426854344, 502.45851097549354, 3125082, 27.44171000521364, 168577, 0, 0.0, 30, 
2019-12-04 15:27:32.38,446777288, 502.45851097549354, 3126111, 27.44171000521364, 168633, 0, 0.0, 30, 
2019-12-04 15:27:33.414,468797384, 502.45851097549354, 3127238, 27.44171000521364, 168685, 0, 0.0, 30, 
2019-12-04 15:27:34.44,489768904, 502.45851097549354, 3128342, 27.44171000521364, 168726, 0, 0.0, 30, 
2019-12-04 15:27:35.471,510740424, 547.0370670988866, 3129452, 29.229380169634126, 168780, 0, 0.0, 30, 
2019-12-04 15:27:36.501,531711944, 547.0370670988866, 3130569, 29.229380169634126, 168843, 0, 0.0, 30, 
2019-12-04 15:27:37.528,554780616, 547.0370670988866, 3131675, 29.229380169634126, 168903, 0, 0.0, 30, 
2019-12-04 15:27:38.575,576800712, 547.0370670988866, 3132722, 29.229380169634126, 168969, 0, 0.0, 30, 
2019-12-04 15:27:39.606,598820808, 547.0370670988866, 3133835, 29.229380169634126, 169031, 0, 0.0, 30, 
2019-12-04 15:27:40.632,618743752, 588.5470433017525, 3134947, 31.65768085624131, 169097, 0, 0.0, 30, 
2019-12-04 15:27:41.665,641812424, 588.5470433017525, 3136140, 31.65768085624131, 169161, 0, 0.0, 30, 
2019-12-04 15:27:42.694,662783944, 588.5470433017525, 3137233, 31.65768085624131, 169211, 0, 0.0, 30, 
2019-12-04 15:27:43.717,685852616, 588.5470433017525, 3138371, 31.65768085624131, 169273, 0, 0.0, 30, 
2019-12-04 15:27:44.74,706824136, 588.5470433017525, 3139547, 31.65768085624131, 169334, 0, 0.0, 30, 
2019-12-04 15:27:45.769,727795656, 629.6644394831621, 3140636, 33.8918253399948, 169395, 0, 0.0, 30, 
2019-12-04 15:27:46.799,752961480, 629.6644394831621, 3141797, 33.8918253399948, 169455, 0, 0.0, 30, 
2019-12-04 15:27:47.823,772884424, 629.6644394831621, 3142910, 33.8918253399948, 169519, 0, 0.0, 30, 
2019-12-04 15:27:48.851,797001672, 629.6644394831621, 3144096, 33.8918253399948, 169582, 0, 0.0, 30, 
2019-12-04 15:27:49.875,817973192, 629.6644394831621, 3145240, 33.8918253399948, 169638, 0, 0.0, 30, 
2019-12-04 15:27:50.901,200521696, 669.0454085401602, 3146442, 35.86738190837644, 169701, 0, 0.0, 30, 
2019-12-04 15:27:51.926,223590368, 669.0454085401602, 3147668, 35.86738190837644, 169757, 0, 0.0, 30, 
2019-12-04 15:27:52.952,246659040, 669.0454085401602, 3148846, 35.86738190837644, 169813, 0, 0.0, 30, 
2019-12-04 15:27:53.977,268679136, 669.0454085401602, 3150052, 35.86738190837644, 169883, 0, 0.0, 30, 
2019-12-04 15:27:55.0,292796384, 669.0454085401602, 3151307, 35.86738190837644, 169948, 0, 0.0, 30, 
2019-12-04 15:27:56.025,317962208, 710.3468332762425, 3152561, 37.92484845101227, 170018, 0, 0.0, 30, 
2019-12-04 15:27:57.048,338933728, 710.3468332762425, 3153760, 37.92484845101227, 170080, 0, 0.0, 30, 
2019-12-04 15:27:58.074,363050976, 710.3468332762425, 3155038, 37.92484845101227, 170139, 0, 0.0, 30, 
2019-12-04 15:27:59.104,387168224, 710.3468332762425, 3156244, 37.92484845101227, 170223, 0, 0.0, 30, 
2019-12-04 15:28:00.128,410236896, 749.8491434258771, 3157471, 40.44146261774234, 170301, 0, 0.0, 30, 
2019-12-04 15:28:01.152,434354144, 749.8491434258771, 3158717, 40.44146261774234, 170378, 0, 0.0, 30, 
2019-12-04 15:28:02.174,458471392, 749.8491434258771, 3160033, 40.44146261774234, 170442, 0, 0.0, 30, 
2019-12-04 15:28:03.195,487831520, 749.8491434258771, 3161406, 40.44146261774234, 170524, 0, 0.0, 30, 
2019-12-04 15:28:04.224,508803040, 749.8491434258771, 3162588, 40.44146261774234, 170578, 0, 0.0, 30, 
2019-12-04 15:28:05.248,532920288, 788.1279484099739, 3163765, 42.43703708413667, 170636, 0, 0.0, 30, 
2019-12-04 15:28:06.272,554940384, 788.1279484099739, 3165005, 42.43703708413667, 170686, 0, 0.0, 30, 
2019-12-04 15:28:07.295,579057632, 788.1279484099739, 3166309, 42.43703708413667, 170750, 0, 0.0, 30, 
2019-12-04 15:28:08.317,603174880, 788.1279484099739, 3167620, 42.43703708413667, 170837, 0, 0.0, 30, 
2019-12-04 15:28:09.341,630437856, 788.1279484099739, 3169078, 42.43703708413667, 170908, 0, 0.0, 30, 
2019-12-04 15:28:10.367,654555104, 829.2468713346333, 3170415, 44.08116082103004, 170963, 0, 0.0, 30, 
2019-12-04 15:28:11.39,684963808, 829.2468713346333, 3171945, 44.08116082103004, 171033, 0, 0.0, 30, 
2019-12-04 15:28:12.413,711178208, 829.2468713346333, 3173305, 44.08116082103004, 171125, 0, 0.0, 30, 
2019-12-04 15:28:13.437,734246880, 829.2468713346333, 3174607, 44.08116082103004, 171195, 0, 0.0, 30, 
2019-12-04 15:28:14.465,759412704, 829.2468713346333, 3175996, 44.08116082103004, 171260, 0, 0.0, 30, 
2019-12-04 15:28:15.492,784578528, 870.3083123560152, 3177337, 46.361401301676764, 171344, 0, 0.0, 30, 
2019-12-04 15:28:16.518,807647200, 870.3083123560152, 3178549, 46.361401301676764, 171410, 0, 0.0, 30, 
2019-12-04 15:28:17.54,184608768, 870.3083123560152, 3179739, 46.361401301676764, 171469, 0, 0.0, 30, 
2019-12-04 15:28:18.565,208726016, 870.3083123560152, 3180975, 46.361401301676764, 171540, 0, 0.0, 30, 
2019-12-04 15:28:19.589,231794688, 870.3083123560152, 3182262, 46.361401301676764, 171584, 0, 0.0, 30, 
2019-12-04 15:28:20.614,255911936, 896.8449065212518, 3183497, 47.6117946149783, 171648, 0, 0.0, 30, 
2019-12-04 15:28:21.637,278980608, 896.8449065212518, 3184765, 47.6117946149783, 171721, 0, 0.0, 30, 
2019-12-04 15:28:22.66,303097856, 896.8449065212518, 3186069, 47.6117946149783, 171788, 0, 0.0, 30, 
2019-12-04 15:28:23.686,327215104, 896.8449065212518, 3187309, 47.6117946149783, 171843, 0, 0.0, 30, 
2019-12-04 15:28:24.712,351332352, 896.8449065212518, 3188564, 47.6117946149783, 171895, 0, 0.0, 30, 
2019-12-04 15:28:25.738,374401024, 924.2660817762002, 3189771, 48.65027417945228, 171951, 0, 0.0, 30, 
2019-12-04 15:28:26.761,397469696, 924.2660817762002, 3190986, 48.65027417945228, 172008, 0, 0.0, 30, 
2019-12-04 15:28:27.782,422635520, 924.2660817762002, 3192262, 48.65027417945228, 172084, 0, 0.0, 30, 
2019-12-04 15:28:28.806,446752768, 924.2660817762002, 3193596, 48.65027417945228, 172158, 0, 0.0, 30, 
2019-12-04 15:28:29.836,470870016, 924.2660817762002, 3194862, 48.65027417945228, 172224, 0, 0.0, 30, 
2019-12-04 15:28:30.858,493938688, 948.631260590084, 3196062, 49.82959714149116, 172288, 0, 0.0, 30, 
2019-12-04 15:28:31.884,519104512, 948.631260590084, 3197312, 49.82959714149116, 172348, 0, 0.0, 30, 
2019-12-04 15:28:32.905,541124608, 948.631260590084, 3198496, 49.82959714149116, 172417, 0, 0.0, 30, 
2019-12-04 15:28:33.957,566290432, 948.631260590084, 3199796, 49.82959714149116, 172480, 0, 0.0, 30, 
2019-12-04 15:28:34.986,592504832, 948.631260590084, 3201086, 49.82959714149116, 172550, 0, 0.0, 30, 
2019-12-04 15:28:36.013,614524928, 969.3692399764584, 3202362, 50.93061776283327, 172613, 0, 0.0, 30, 
2019-12-04 15:28:37.039,640739328, 969.3692399764584, 3203736, 50.93061776283327, 172679, 0, 0.0, 30, 
2019-12-04 15:28:38.074,664856576, 969.3692399764584, 3205008, 50.93061776283327, 172736, 0, 0.0, 30, 
2019-12-04 15:28:39.102,688973824, 969.3692399764584, 3206337, 50.93061776283327, 172810, 0, 0.0, 30, 
2019-12-04 15:28:40.126,712042496, 992.8306681599032, 3207538, 51.847658933445985, 172872, 0, 0.0, 30, 
2019-12-04 15:28:41.158,735111168, 992.8306681599032, 3208700, 51.847658933445985, 172934, 0, 0.0, 30, 
2019-12-04 15:28:42.184,759228416, 992.8306681599032, 3210051, 51.847658933445985, 173002, 0, 0.0, 30, 
2019-12-04 15:28:43.207,787539968, 992.8306681599032, 3211428, 51.847658933445985, 173083, 0, 0.0, 30, 
2019-12-04 15:28:44.233,811657216, 992.8306681599032, 3212768, 51.847658933445985, 173153, 0, 0.0, 30, 
2019-12-04 15:28:45.255,195145888, 1013.4407659777863, 3214002, 53.09115546730672, 173219, 0, 0.0, 30, 
2019-12-04 15:28:46.28,221360288, 1013.4407659777863, 3215386, 53.09115546730672, 173301, 0, 0.0, 30, 
2019-12-04 15:28:47.305,246526112, 1013.4407659777863, 3216796, 53.09115546730672, 173366, 0, 0.0, 30, 
2019-12-04 15:28:48.345,271691936, 1013.4407659777863, 3218130, 53.09115546730672, 173436, 0, 0.0, 30, 
2019-12-04 15:28:49.367,296857760, 1013.4407659777863, 3219474, 53.09115546730672, 173500, 0, 0.0, 30, 
2019-12-04 15:28:50.388,327266464, 1039.5030273410098, 3220916, 54.28320085911863, 173577, 0, 0.0, 30, 
2019-12-04 15:28:51.417,353480864, 1039.5030273410098, 3222402, 54.28320085911863, 173639, 0, 0.0, 30, 
2019-12-04 15:28:52.439,379695264, 1039.5030273410098, 3223819, 54.28320085911863, 173727, 0, 0.0, 30, 
2019-12-04 15:28:53.469,405909664, 1039.5030273410098, 3225263, 54.28320085911863, 173806, 0, 0.0, 30, 
2019-12-04 15:28:54.501,432124064, 1039.5030273410098, 3226683, 54.28320085911863, 173868, 0, 0.0, 30, 
2019-12-04 15:28:55.525,457289888, 1069.0463740826524, 3228120, 55.63579343702596, 173931, 0, 0.0, 30, 
2019-12-04 15:28:56.558,482455712, 1069.0463740826524, 3229483, 55.63579343702596, 173983, 0, 0.0, 30, 
2019-12-04 15:28:57.586,509718688, 1069.0463740826524, 3230851, 55.63579343702596, 174057, 0, 0.0, 30, 
2019-12-04 15:28:58.611,533835936, 1069.0463740826524, 3232235, 55.63579343702596, 174126, 0, 0.0, 30, 
2019-12-04 15:28:59.636,560050336, 1069.0463740826524, 3233599, 55.63579343702596, 174184, 0, 0.0, 30, 
2019-12-04 15:29:00.661,583119008, 1090.0390029340676, 3234905, 56.19262064941086, 174257, 0, 0.0, 30, 
2019-12-04 15:29:01.683,609333408, 1090.0390029340676, 3236301, 56.19262064941086, 174342, 0, 0.0, 30, 
2019-12-04 15:29:02.709,634499232, 1090.0390029340676, 3237676, 56.19262064941086, 174410, 0, 0.0, 30, 
2019-12-04 15:29:03.733,659665056, 1090.0390029340676, 3238985, 56.19262064941086, 174477, 0, 0.0, 30, 
2019-12-04 15:29:04.763,682733728, 1090.0390029340676, 3240282, 56.19262064941086, 174555, 0, 0.0, 30, 
2019-12-04 15:29:05.791,709996704, 1107.4182286912283, 3241661, 57.44051780148943, 174620, 0, 0.0, 30, 
2019-12-04 15:29:06.821,735162528, 1107.4182286912283, 3242984, 57.44051780148943, 174698, 0, 0.0, 30, 
2019-12-04 15:29:07.848,760328352, 1107.4182286912283, 3244340, 57.44051780148943, 174760, 0, 0.0, 30, 
2019-12-04 15:29:08.877,786542752, 1107.4182286912283, 3245747, 57.44051780148943, 174842, 0, 0.0, 30, 
2019-12-04 15:29:09.912,812757152, 1107.4182286912283, 3247142, 57.44051780148943, 174916, 0, 0.0, 30, 
2019-12-04 15:29:10.939,189973568, 1125.534706850546, 3248426, 58.55665637214288, 174985, 0, 0.0, 30, 
2019-12-04 15:29:11.97,216187968, 1125.534706850546, 3249816, 58.55665637214288, 175059, 0, 0.0, 30, 
2019-12-04 15:29:12.998,243450944, 1125.534706850546, 3251267, 58.55665637214288, 175138, 0, 0.0, 30, 
2019-12-04 15:29:14.028,268616768, 1125.534706850546, 3252630, 58.55665637214288, 175200, 0, 0.0, 30, 
2019-12-04 15:29:15.061,294831168, 1142.9542538962646, 3254050, 59.487606727580136, 175278, 0, 0.0, 30, 
2019-12-04 15:29:16.093,321045568, 1142.9542538962646, 3255480, 59.487606727580136, 175354, 0, 0.0, 30, 
2019-12-04 15:29:17.117,346211392, 1142.9542538962646, 3256863, 59.487606727580136, 175428, 0, 0.0, 30, 
2019-12-04 15:29:18.152,370328640, 1142.9542538962646, 3258159, 59.487606727580136, 175483, 0, 0.0, 30, 
2019-12-04 15:29:19.18,396543040, 1142.9542538962646, 3259549, 59.487606727580136, 175553, 0, 0.0, 30, 
2019-12-04 15:29:20.21,421708864, 1158.1494727731958, 3260937, 60.20020234873015, 175634, 0, 0.0, 30, 
2019-12-04 15:29:21.242,447923264, 1158.1494727731958, 3262267, 60.20020234873015, 175703, 0, 0.0, 30, 
2019-12-04 15:29:22.267,474137664, 1158.1494727731958, 3263700, 60.20020234873015, 175763, 0, 0.0, 30, 
2019-12-04 15:29:23.297,500352064, 1158.1494727731958, 3265103, 60.20020234873015, 175827, 0, 0.0, 30, 
2019-12-04 15:29:24.333,526566464, 1158.1494727731958, 3266503, 60.20020234873015, 175903, 0, 0.0, 30, 
2019-12-04 15:29:25.381,552780864, 1173.7448518544743, 3267928, 60.711901916191316, 175973, 0, 0.0, 30, 
2019-12-04 15:29:26.42,574800960, 1173.7448518544743, 3269142, 60.711901916191316, 176035, 0, 0.0, 30, 
2019-12-04 15:29:27.446,599966784, 1173.7448518544743, 3270396, 60.711901916191316, 176113, 0, 0.0, 30, 
2019-12-04 15:29:28.482,625132608, 1173.7448518544743, 3271602, 60.711901916191316, 176178, 0, 0.0, 30, 
2019-12-04 15:29:29.51,651347008, 1173.7448518544743, 3273022, 60.711901916191316, 176254, 0, 0.0, 30, 
2019-12-04 15:29:30.552,675464256, 1179.2022321790118, 3274300, 61.31061718179528, 176324, 0, 0.0, 30, 
2019-12-04 15:29:31.574,699581504, 1179.2022321790118, 3275582, 61.31061718179528, 176413, 0, 0.0, 30, 
2019-12-04 15:29:32.598,722650176, 1179.2022321790118, 3276829, 61.31061718179528, 176494, 0, 0.0, 30, 
2019-12-04 15:29:33.625,747816000, 1179.2022321790118, 3278198, 61.31061718179528, 176574, 0, 0.0, 30, 
2019-12-04 15:29:34.647,774030400, 1179.2022321790118, 3279554, 61.31061718179528, 176659, 0, 0.0, 30, 
2019-12-04 15:29:35.672,801293376, 1186.813825431121, 3280899, 62.7569643740191, 176729, 0, 0.0, 30, 
2019-12-04 15:29:36.699,182841264, 1186.813825431121, 3282168, 62.7569643740191, 176793, 0, 0.0, 30, 
2019-12-04 15:29:37.737,203812784, 1186.813825431121, 3283329, 62.7569643740191, 176866, 0, 0.0, 30, 
2019-12-04 15:29:38.762,228978608, 1186.813825431121, 3284623, 62.7569643740191, 176927, 0, 0.0, 30, 
2019-12-04 15:29:39.793,253095856, 1186.813825431121, 3286015, 62.7569643740191, 177003, 0, 0.0, 30, 
2019-12-04 15:29:40.828,278261680, 1191.48212619633, 3287313, 63.128201005391304, 177083, 0, 0.0, 30, 
2019-12-04 15:29:41.858,303427504, 1191.48212619633, 3288666, 63.128201005391304, 177143, 0, 0.0, 30, 
2019-12-04 15:29:42.88,327544752, 1191.48212619633, 3290033, 63.128201005391304, 177221, 0, 0.0, 30, 
2019-12-04 15:29:43.911,354807728, 1191.48212619633, 3291408, 63.128201005391304, 177290, 0, 0.0, 30, 
2019-12-04 15:29:44.934,378924976, 1191.48212619633, 3292678, 63.128201005391304, 177367, 0, 0.0, 30, 
2019-12-04 15:29:45.963,405139376, 1200.8623454707456, 3294016, 63.581693014110066, 177435, 0, 0.0, 30, 
2019-12-04 15:29:46.986,428208048, 1200.8623454707456, 3295339, 63.581693014110066, 177492, 0, 0.0, 30, 
2019-12-04 15:29:48.007,452325296, 1200.8623454707456, 3296649, 63.581693014110066, 177572, 0, 0.0, 30, 
2019-12-04 15:29:49.034,478539696, 1200.8623454707456, 3297961, 63.581693014110066, 177644, 0, 0.0, 30, 
2019-12-04 15:29:50.063,501608368, 1208.549087914796, 3299329, 63.998925803810785, 177715, 0, 0.0, 30, 
2019-12-04 15:29:51.091,529919920, 1208.549087914796, 3300697, 63.998925803810785, 177775, 0, 0.0, 30, 
2019-12-04 15:29:52.115,555085744, 1208.549087914796, 3302046, 63.998925803810785, 177844, 0, 0.0, 30, 
2019-12-04 15:29:53.143,578154416, 1208.549087914796, 3303310, 63.998925803810785, 177910, 0, 0.0, 30, 
2019-12-04 15:29:54.166,603320240, 1208.549087914796, 3304662, 63.998925803810785, 177992, 0, 0.0, 30, 
2019-12-04 15:29:55.188,628486064, 1216.9964684355143, 3306038, 64.3188340332786, 178069, 0, 0.0, 30, 
2019-12-04 15:29:56.214,654700464, 1216.9964684355143, 3307431, 64.3188340332786, 178147, 0, 0.0, 30, 
2019-12-04 15:29:57.236,678817712, 1216.9964684355143, 3308748, 64.3188340332786, 178222, 0, 0.0, 30, 
2019-12-04 15:29:58.259,705032112, 1216.9964684355143, 3309974, 64.3188340332786, 178293, 0, 0.0, 30, 
2019-12-04 15:29:59.293,730197936, 1216.9964684355143, 3311361, 64.3188340332786, 178357, 0, 0.0, 30, 
2019-12-04 15:30:00.319,771092400, 1222.6096328968415, 3312683, 64.80505721788404, 178433, 0, 0.0, 30, 
2019-12-04 15:30:01.405,829812656, 1222.6096328968415, 3314022, 64.80505721788404, 178489, 0, 0.0, 30, 
2019-12-04 15:30:02.451,220843504, 1222.6096328968415, 3315389, 64.80505721788404, 178572, 0, 0.0, 30, 
2019-12-04 15:30:03.475,248106480, 1222.6096328968415, 3316568, 64.80505721788404, 178643, 0, 0.0, 30, 
2019-12-04 15:30:04.497,275369456, 1222.6096328968415, 3317728, 64.80505721788404, 178706, 0, 0.0, 30, 
2019-12-04 15:30:05.519,303681008, 1221.3775466782274, 3318943, 65.15645744069876, 178787, 0, 0.0, 30, 
2019-12-04 15:30:06.546,335138288, 1221.3775466782274, 3320313, 65.15645744069876, 178854, 0, 0.0, 30, 
2019-12-04 15:30:07.576,364498416, 1221.3775466782274, 3321590, 65.15645744069876, 178928, 0, 0.0, 30, 
2019-12-04 15:30:08.612,394907120, 1221.3775466782274, 3322875, 65.15645744069876, 178996, 0, 0.0, 30, 
2019-12-04 15:30:09.635,427412976, 1221.3775466782274, 3324258, 65.15645744069876, 179057, 0, 0.0, 30, 
2019-12-04 15:30:10.666,457821680, 1226.4645171762882, 3325587, 65.2398944968869, 179126, 0, 0.0, 30, 
2019-12-04 15:30:11.694,487181808, 1226.4645171762882, 3326886, 65.2398944968869, 179185, 0, 0.0, 30, 
2019-12-04 15:30:12.718,519687664, 1226.4645171762882, 3328235, 65.2398944968869, 179255, 0, 0.0, 30, 
2019-12-04 15:30:13.74,551144944, 1226.4645171762882, 3329545, 65.2398944968869, 179336, 0, 0.0, 30, 
2019-12-04 15:30:14.766,580505072, 1226.4645171762882, 3330810, 65.2398944968869, 179402, 0, 0.0, 30, 
2019-12-04 15:30:15.792,610913776, 1230.9528625655237, 3332129, 65.4925625822214, 179476, 0, 0.0, 30, 
2019-12-04 15:30:16.818,641322480, 1230.9528625655237, 3333421, 65.4925625822214, 179555, 0, 0.0, 30, 
2019-12-04 15:30:17.843,673828336, 1230.9528625655237, 3334788, 65.4925625822214, 179639, 0, 0.0, 30, 
2019-12-04 15:30:18.868,703188464, 1230.9528625655237, 3336086, 65.4925625822214, 179725, 0, 0.0, 30, 
2019-12-04 15:30:19.897,737791472, 1230.9528625655237, 3337414, 65.4925625822214, 179789, 0, 0.0, 30, 
2019-12-04 15:30:20.923,769248752, 1235.1143219059652, 3338778, 66.20476195511256, 179867, 0, 0.0, 30, 
2019-12-04 15:30:21.951,800706032, 1235.1143219059652, 3340138, 66.20476195511256, 179929, 0, 0.0, 30, 
2019-12-04 15:30:22.977,191021056, 1235.1143219059652, 3341290, 66.20476195511256, 179991, 0, 0.0, 30, 
2019-12-04 15:30:23.999,219332608, 1235.1143219059652, 3342588, 66.20476195511256, 180052, 0, 0.0, 30, 
2019-12-04 15:30:25.021,252887040, 1238.639218104437, 3343965, 66.23636344435229, 180130, 0, 0.0, 30, 
2019-12-04 15:30:26.046,282247168, 1238.639218104437, 3345258, 66.23636344435229, 180199, 0, 0.0, 30, 
2019-12-04 15:30:27.075,312655872, 1238.639218104437, 3346504, 66.23636344435229, 180275, 0, 0.0, 30, 
2019-12-04 15:30:28.099,342016000, 1238.639218104437, 3347760, 66.23636344435229, 180347, 0, 0.0, 30, 
2019-12-04 15:30:29.123,372424704, 1238.639218104437, 3349011, 66.23636344435229, 180414, 0, 0.0, 30, 
2019-12-04 15:30:30.145,402833408, 1238.6041001637916, 3350293, 66.24944710094715, 180465, 0, 0.0, 30, 
2019-12-04 15:30:31.168,433242112, 1238.6041001637916, 3351535, 66.24944710094715, 180528, 0, 0.0, 30, 
2019-12-04 15:30:32.205,465747968, 1238.6041001637916, 3352979, 66.24944710094715, 180602, 0, 0.0, 30, 
2019-12-04 15:30:33.228,499302400, 1238.6041001637916, 3354407, 66.24944710094715, 180674, 0, 0.0, 30, 
2019-12-04 15:30:34.258,530759680, 1238.6041001637916, 3355806, 66.24944710094715, 180741, 0, 0.0, 30, 
2019-12-04 15:30:35.281,564314112, 1246.5033841674185, 3357206, 66.34144023149085, 180814, 0, 0.0, 30, 
2019-12-04 15:30:36.309,595771392, 1246.5033841674185, 3358558, 66.34144023149085, 180890, 0, 0.0, 30, 
2019-12-04 15:30:37.331,627228672, 1246.5033841674185, 3359871, 66.34144023149085, 180957, 0, 0.0, 30, 
2019-12-04 15:30:38.354,659734528, 1246.5033841674185, 3361270, 66.34144023149085, 181040, 0, 0.0, 30, 
2019-12-04 15:30:39.377,691191808, 1246.5033841674185, 3362654, 66.34144023149085, 181103, 0, 0.0, 30, 
2019-12-04 15:30:40.401,720551936, 1251.6762399578145, 3363884, 66.8098648072111, 181184, 0, 0.0, 30, 
2019-12-04 15:30:41.424,753057792, 1251.6762399578145, 3365276, 66.8098648072111, 181259, 0, 0.0, 30, 
2019-12-04 15:30:42.45,785563648, 1251.6762399578145, 3366668, 66.8098648072111, 181328, 0, 0.0, 30, 
2019-12-04 15:30:43.511,198586928, 1251.6762399578145, 3368049, 66.8098648072111, 181386, 0, 0.0, 30, 
2019-12-04 15:30:44.545,227947056, 1251.6762399578145, 3369286, 66.8098648072111, 181464, 0, 0.0, 30, 
2019-12-04 15:30:45.567,260452912, 1256.1316658110425, 3370655, 66.93700499736904, 181541, 0, 0.0, 30, 
2019-12-04 15:30:46.59,290861616, 1256.1316658110425, 3371998, 66.93700499736904, 181603, 0, 0.0, 30, 
2019-12-04 15:30:47.611,323367472, 1256.1316658110425, 3373334, 66.93700499736904, 181664, 0, 0.0, 30, 
2019-12-04 15:30:48.638,354824752, 1256.1316658110425, 3374685, 66.93700499736904, 181738, 0, 0.0, 30, 
2019-12-04 15:30:49.661,385233456, 1256.1316658110425, 3375945, 66.93700499736904, 181805, 0, 0.0, 30, 
2019-12-04 15:30:50.683,418787888, 1260.118917662581, 3377389, 66.86208621430914, 181885, 0, 0.0, 30, 
2019-12-04 15:30:51.707,451293744, 1260.118917662581, 3378800, 66.86208621430914, 181964, 0, 0.0, 30, 
2019-12-04 15:30:52.731,484848176, 1260.118917662581, 3380218, 66.86208621430914, 182031, 0, 0.0, 30, 
2019-12-04 15:30:53.755,518402608, 1260.118917662581, 3381575, 66.86208621430914, 182097, 0, 0.0, 30, 
2019-12-04 15:30:54.78,550908464, 1260.118917662581, 3382968, 66.86208621430914, 182167, 0, 0.0, 30, 
2019-12-04 15:30:55.802,582365744, 1268.0090213658814, 3384345, 67.0809977137385, 182242, 0, 0.0, 30, 
2019-12-04 15:30:56.829,614871600, 1268.0090213658814, 3385769, 67.0809977137385, 182309, 0, 0.0, 30, 
2019-12-04 15:30:57.854,648426032, 1268.0090213658814, 3387203, 67.0809977137385, 182385, 0, 0.0, 30, 
2019-12-04 15:30:58.878,680931888, 1268.0090213658814, 3388550, 67.0809977137385, 182455, 0, 0.0, 30, 
2019-12-04 15:30:59.9,712389168, 1268.0090213658814, 3389884, 67.0809977137385, 182535, 0, 0.0, 30, 
2019-12-04 15:31:00.922,743846448, 1274.9484448674662, 3391214, 67.60222835756933, 182604, 0, 0.0, 30, 
2019-12-04 15:31:01.949,778449456, 1274.9484448674662, 3392586, 67.60222835756933, 182675, 0, 0.0, 30, 
2019-12-04 15:31:02.973,812003888, 1274.9484448674662, 3393951, 67.60222835756933, 182741, 0, 0.0, 30, 
2019-12-04 15:31:03.997,209001984, 1274.9484448674662, 3395284, 67.60222835756933, 182816, 0, 0.0, 30, 
2019-12-04 15:31:05.025,240459264, 1278.534577212873, 3396638, 67.66601465623201, 182890, 0, 0.0, 30, 
2019-12-04 15:31:06.057,270867968, 1278.534577212873, 3397932, 67.66601465623201, 182954, 0, 0.0, 30, 
2019-12-04 15:31:07.08,303373824, 1278.534577212873, 3399331, 67.66601465623201, 183016, 0, 0.0, 30, 
2019-12-04 15:31:08.105,334831104, 1278.534577212873, 3400706, 67.66601465623201, 183083, 0, 0.0, 30, 
2019-12-04 15:31:09.133,366288384, 1278.534577212873, 3402054, 67.66601465623201, 183152, 0, 0.0, 30, 
2019-12-04 15:31:10.163,398794240, 1282.281729525462, 3403468, 67.45285189378616, 183226, 0, 0.0, 30, 
2019-12-04 15:31:11.189,431300096, 1282.281729525462, 3404800, 67.45285189378616, 183291, 0, 0.0, 30, 
2019-12-04 15:31:12.215,463805952, 1282.281729525462, 3406180, 67.45285189378616, 183372, 0, 0.0, 30, 
2019-12-04 15:31:13.244,494214656, 1282.281729525462, 3407502, 67.45285189378616, 183439, 0, 0.0, 30, 
2019-12-04 15:31:14.273,527769088, 1282.281729525462, 3408888, 67.45285189378616, 183529, 0, 0.0, 30, 
2019-12-04 15:31:15.299,559226368, 1285.2495425692007, 3410227, 67.96034183605288, 183606, 0, 0.0, 30, 
2019-12-04 15:31:16.341,589635072, 1285.2495425692007, 3411594, 67.96034183605288, 183684, 0, 0.0, 30, 
2019-12-04 15:31:17.373,622140928, 1285.2495425692007, 3412953, 67.96034183605288, 183746, 0, 0.0, 30, 
2019-12-04 15:31:18.398,653598208, 1285.2495425692007, 3414262, 67.96034183605288, 183815, 0, 0.0, 30, 
2019-12-04 15:31:19.427,687152640, 1285.2495425692007, 3415649, 67.96034183605288, 183885, 0, 0.0, 30, 
2019-12-04 15:31:20.453,718609920, 1287.516319988607, 3417013, 67.86756602532118, 183952, 0, 0.0, 30, 
2019-12-04 15:31:21.481,751115776, 1287.516319988607, 3418434, 67.86756602532118, 184024, 0, 0.0, 30, 
2019-12-04 15:31:22.506,782573056, 1287.516319988607, 3419811, 67.86756602532118, 184094, 0, 0.0, 30, 
2019-12-04 15:31:23.537,815078912, 1287.516319988607, 3421198, 67.86756602532118, 184176, 0, 0.0, 30, 
2019-12-04 15:31:24.589,207155872, 1287.516319988607, 3422436, 67.86756602532118, 184240, 0, 0.0, 30, 
2019-12-04 15:31:25.614,238613152, 1289.2820335510567, 3423764, 68.00608379788267, 184307, 0, 0.0, 30, 
2019-12-04 15:31:26.638,267973280, 1289.2820335510567, 3425019, 68.00608379788267, 184379, 0, 0.0, 30, 
2019-12-04 15:31:27.662,298381984, 1289.2820335510567, 3426327, 68.00608379788267, 184464, 0, 0.0, 30, 
2019-12-04 15:31:28.687,329839264, 1289.2820335510567, 3427593, 68.00608379788267, 184521, 0, 0.0, 30, 
2019-12-04 15:31:29.713,360247968, 1289.2820335510567, 3428885, 68.00608379788267, 184601, 0, 0.0, 30, 
2019-12-04 15:31:30.739,391705248, 1287.2126204078984, 3430272, 68.21348188622544, 184674, 0, 0.0, 30, 
2019-12-04 15:31:31.773,424211104, 1287.2126204078984, 3431620, 68.21348188622544, 184737, 0, 0.0, 30, 
2019-12-04 15:31:32.808,455668384, 1287.2126204078984, 3432969, 68.21348188622544, 184810, 0, 0.0, 30, 
2019-12-04 15:31:33.836,486077088, 1287.2126204078984, 3434261, 68.21348188622544, 184898, 0, 0.0, 30, 
2019-12-04 15:31:34.876,518582944, 1287.2126204078984, 3435582, 68.21348188622544, 184969, 0, 0.0, 30, 
2019-12-04 15:31:35.914,541651616, 1286.939762345537, 3436541, 68.5322262756031, 185013, 0, 0.0, 30, 
2019-12-04 15:31:36.949,554234528, 1286.939762345537, 3437009, 68.5322262756031, 185030, 0, 0.0, 30, 
2019-12-04 15:31:37.979,567866016, 1286.939762345537, 3437494, 68.5322262756031, 185066, 0, 0.0, 30, 
2019-12-04 15:31:39.009,583594656, 1286.939762345537, 3437987, 68.5322262756031, 185090, 0, 0.0, 30, 
2019-12-04 15:31:40.039,597226144, 1228.225196786236, 3438476, 65.16351946076743, 185111, 0, 0.0, 30, 
2019-12-04 15:31:41.064,611906208, 1228.225196786236, 3438991, 65.16351946076743, 185136, 0, 0.0, 30, 
2019-12-04 15:31:42.095,624489120, 1228.225196786236, 3439477, 65.16351946076743, 185161, 0, 0.0, 30, 
2019-12-04 15:31:43.127,637072032, 1228.225196786236, 3439943, 65.16351946076743, 185194, 0, 0.0, 30, 
2019-12-04 15:31:44.16,649654944, 1228.225196786236, 3440383, 65.16351946076743, 185231, 0, 0.0, 30, 
2019-12-04 15:31:45.185,663286432, 1166.785310363615, 3440841, 62.32001744444032, 185264, 0, 0.0, 30, 
2019-12-04 15:31:46.22,674820768, 1166.785310363615, 3441303, 62.32001744444032, 185288, 0, 0.0, 30, 
2019-12-04 15:31:47.244,688452256, 1166.785310363615, 3441784, 62.32001744444032, 185309, 0, 0.0, 30, 
2019-12-04 15:31:48.274,701035168, 1166.785310363615, 3442289, 62.32001744444032, 185330, 0, 0.0, 30, 
2019-12-04 15:31:49.314,713618080, 1166.785310363615, 3442753, 62.32001744444032, 185354, 0, 0.0, 30, 
2019-12-04 15:31:50.343,727249568, 1110.2738771420968, 3443211, 58.984269027995246, 185371, 0, 0.0, 30, 
2019-12-04 15:31:51.369,738783904, 1110.2738771420968, 3443689, 58.984269027995246, 185392, 0, 0.0, 30, 
2019-12-04 15:31:52.392,751366816, 1110.2738771420968, 3444155, 58.984269027995246, 185413, 0, 0.0, 30, 
2019-12-04 15:31:53.42,763949728, 1110.2738771420968, 3444608, 58.984269027995246, 185445, 0, 0.0, 30, 
2019-12-04 15:31:54.445,776532640, 1110.2738771420968, 3445074, 58.984269027995246, 185464, 0, 0.0, 30, 
2019-12-04 15:31:55.475,791212704, 1058.1369285902738, 3445564, 56.07514349957771, 185483, 0, 0.0, 30, 
2019-12-04 15:31:56.499,803795616, 1058.1369285902738, 3446058, 56.07514349957771, 185507, 0, 0.0, 30, 
2019-12-04 15:31:57.527,816378528, 1058.1369285902738, 3446551, 56.07514349957771, 185527, 0, 0.0, 30, 
2019-12-04 15:31:58.553,831058592, 1058.1369285902738, 3447052, 56.07514349957771, 185548, 0, 0.0, 30, 
2019-12-04 15:31:59.579,205945792, 1058.1369285902738, 3447553, 56.07514349957771, 185566, 0, 0.0, 30, 
2019-12-04 15:32:00.607,219577280, 1011.9116520404333, 3448036, 53.1427609325154, 185590, 0, 0.0, 30, 
2019-12-04 15:32:01.632,232160192, 1011.9116520404333, 3448537, 53.1427609325154, 185613, 0, 0.0, 30, 
2019-12-04 15:32:02.657,245791680, 1011.9116520404333, 3449008, 53.1427609325154, 185632, 0, 0.0, 30, 
2019-12-04 15:32:03.681,259423168, 1011.9116520404333, 3449464, 53.1427609325154, 185645, 0, 0.0, 30, 
2019-12-04 15:32:04.707,272006080, 1011.9116520404333, 3449959, 53.1427609325154, 185674, 0, 0.0, 30, 
2019-12-04 15:32:05.749,285637568, 968.7267087360173, 3450450, 50.62074101794882, 185693, 0, 0.0, 30, 
2019-12-04 15:32:06.779,299269056, 968.7267087360173, 3450971, 50.62074101794882, 185721, 0, 0.0, 30, 
2019-12-04 15:32:07.803,311851968, 968.7267087360173, 3451457, 50.62074101794882, 185740, 0, 0.0, 30, 
2019-12-04 15:32:08.828,324434880, 968.7267087360173, 3451906, 50.62074101794882, 185779, 0, 0.0, 30, 
2019-12-04 15:32:09.859,337017792, 968.7267087360173, 3452374, 50.62074101794882, 185812, 0, 0.0, 30, 
2019-12-04 15:32:10.895,350649280, 928.8027494478157, 3452887, 48.71613972589544, 185835, 0, 0.0, 30, 
2019-12-04 15:32:11.919,364280768, 928.8027494478157, 3453371, 48.71613972589544, 185870, 0, 0.0, 30, 
2019-12-04 15:32:12.942,376863680, 928.8027494478157, 3453826, 48.71613972589544, 185896, 0, 0.0, 30, 
2019-12-04 15:32:13.967,389446592, 928.8027494478157, 3454329, 48.71613972589544, 185926, 0, 0.0, 30, 
2019-12-04 15:32:14.999,403078080, 928.8027494478157, 3454811, 48.71613972589544, 185950, 0, 0.0, 30, 
2019-12-04 15:32:16.028,416709568, 892.2468359826328, 3455298, 46.995804179194195, 185978, 0, 0.0, 30, 
2019-12-04 15:32:17.052,430341056, 892.2468359826328, 3455809, 46.995804179194195, 186000, 0, 0.0, 30, 
2019-12-04 15:32:18.077,443972544, 892.2468359826328, 3456313, 46.995804179194195, 186033, 0, 0.0, 30, 
2019-12-04 15:32:19.108,458652608, 892.2468359826328, 3456828, 46.995804179194195, 186060, 0, 0.0, 30, 
2019-12-04 15:32:20.133,471235520, 859.8450879920267, 3457306, 45.365045716941026, 186086, 0, 0.0, 30, 
2019-12-04 15:32:21.156,483818432, 859.8450879920267, 3457791, 45.365045716941026, 186104, 0, 0.0, 30, 
2019-12-04 15:32:22.193,496401344, 859.8450879920267, 3458292, 45.365045716941026, 186132, 0, 0.0, 30, 
2019-12-04 15:32:23.222,510032832, 859.8450879920267, 3458764, 45.365045716941026, 186162, 0, 0.0, 30, 
2019-12-04 15:32:24.245,523664320, 859.8450879920267, 3459244, 45.365045716941026, 186201, 0, 0.0, 30, 
2019-12-04 15:32:25.268,538344384, 829.1705204070395, 3459761, 43.89665773628377, 186224, 0, 0.0, 30, 
2019-12-04 15:32:26.292,551975872, 829.1705204070395, 3460261, 43.89665773628377, 186250, 0, 0.0, 30, 
2019-12-04 15:32:27.323,564558784, 829.1705204070395, 3460731, 43.89665773628377, 186270, 0, 0.0, 30, 
2019-12-04 15:32:28.347,579238848, 829.1705204070395, 3461245, 43.89665773628377, 186297, 0, 0.0, 30, 
2019-12-04 15:32:29.376,592870336, 829.1705204070395, 3461740, 43.89665773628377, 186328, 0, 0.0, 30, 
2019-12-04 15:32:30.401,605453248, 800.9965291805247, 3462213, 42.385764405429875, 186354, 0, 0.0, 30, 
2019-12-04 15:32:31.426,616987584, 800.9965291805247, 3462703, 42.385764405429875, 186370, 0, 0.0, 30, 
2019-12-04 15:32:32.452,630619072, 800.9965291805247, 3463169, 42.385764405429875, 186391, 0, 0.0, 30, 
2019-12-04 15:32:33.481,646347712, 800.9965291805247, 3463717, 42.385764405429875, 186417, 0, 0.0, 30, 
2019-12-04 15:32:34.507,657882048, 800.9965291805247, 3464184, 42.385764405429875, 186442, 0, 0.0, 30, 
2019-12-04 15:32:35.532,671513536, 775.650886129423, 3464679, 40.86774649868398, 186471, 0, 0.0, 30, 
2019-12-04 15:32:36.558,684096448, 775.650886129423, 3465154, 40.86774649868398, 186492, 0, 0.0, 30, 
2019-12-04 15:32:37.582,696679360, 775.650886129423, 3465625, 40.86774649868398, 186524, 0, 0.0, 30, 
2019-12-04 15:32:38.609,710310848, 775.650886129423, 3466100, 40.86774649868398, 186553, 0, 0.0, 30, 
2019-12-04 15:32:39.634,722893760, 775.650886129423, 3466586, 40.86774649868398, 186578, 0, 0.0, 30, 
2019-12-04 15:32:40.661,736525248, 751.10045279036, 3467116, 39.59903153886819, 186608, 0, 0.0, 30, 
2019-12-04 15:32:41.683,750156736, 751.10045279036, 3467612, 39.59903153886819, 186631, 0, 0.0, 30, 
2019-12-04 15:32:42.708,762739648, 751.10045279036, 3468091, 39.59903153886819, 186655, 0, 0.0, 30, 
2019-12-04 15:32:43.733,775322560, 751.10045279036, 3468548, 39.59903153886819, 186672, 0, 0.0, 30, 
2019-12-04 15:32:44.757,787905472, 751.10045279036, 3469030, 39.59903153886819, 186689, 0, 0.0, 30, 
2019-12-04 15:32:45.785,800488384, 729.0566617005462, 3469505, 38.17589955314685, 186710, 0, 0.0, 30, 
2019-12-04 15:32:46.81,815168448, 729.0566617005462, 3470022, 38.17589955314685, 186736, 0, 0.0, 30, 
2019-12-04 15:32:47.838,829848512, 729.0566617005462, 3470489, 38.17589955314685, 186767, 0, 0.0, 30, 
2019-12-04 15:32:48.869,198707752, 729.0566617005462, 3471000, 38.17589955314685, 186797, 0, 0.0, 30, 
2019-12-04 15:32:49.893,212339240, 729.0566617005462, 3471501, 38.17589955314685, 186826, 0, 0.0, 30, 
2019-12-04 15:32:50.918,224922152, 709.2391372262572, 3472007, 37.282323962331105, 186852, 0, 0.0, 30, 
2019-12-04 15:32:51.944,238553640, 709.2391372262572, 3472492, 37.282323962331105, 186871, 0, 0.0, 30, 
2019-12-04 15:32:52.969,251136552, 709.2391372262572, 3472968, 37.282323962331105, 186895, 0, 0.0, 30, 
2019-12-04 15:32:53.994,265816616, 709.2391372262572, 3473426, 37.282323962331105, 186928, 0, 0.0, 30, 
2019-12-04 15:32:55.028,276302376, 689.614907336458, 3473888, 36.22032797483996, 186950, 0, 0.0, 30, 
2019-12-04 15:32:56.051,290982440, 689.614907336458, 3474411, 36.22032797483996, 186981, 0, 0.0, 30, 
2019-12-04 15:32:57.076,303565352, 689.614907336458, 3474897, 36.22032797483996, 186998, 0, 0.0, 30, 
2019-12-04 15:32:58.1,317196840, 689.614907336458, 3475409, 36.22032797483996, 187011, 0, 0.0, 30, 
2019-12-04 15:32:59.123,330828328, 689.614907336458, 3475908, 36.22032797483996, 187031, 0, 0.0, 30, 
2019-12-04 15:33:00.19,344459816, 673.8144917423995, 3476401, 34.827475454262455, 187045, 0, 0.0, 30, 
2019-12-04 15:33:01.216,357042728, 673.8144917423995, 3476901, 34.827475454262455, 187078, 0, 0.0, 30, 
2019-12-04 15:33:02.24,370674216, 673.8144917423995, 3477385, 34.827475454262455, 187100, 0, 0.0, 30, 
2019-12-04 15:33:03.263,383257128, 673.8144917423995, 3477869, 34.827475454262455, 187126, 0, 0.0, 30, 
2019-12-04 15:33:04.291,395840040, 673.8144917423995, 3478337, 34.827475454262455, 187146, 0, 0.0, 30, 
2019-12-04 15:33:05.315,409471528, 657.278517991997, 3478825, 33.86581161378545, 187162, 0, 0.0, 30, 
2019-12-04 15:33:06.339,423103016, 657.278517991997, 3479319, 33.86581161378545, 187191, 0, 0.0, 30, 
2019-12-04 15:33:07.364,435685928, 657.278517991997, 3479802, 33.86581161378545, 187228, 0, 0.0, 30, 
2019-12-04 15:33:08.388,448268840, 657.278517991997, 3480275, 33.86581161378545, 187258, 0, 0.0, 30, 
2019-12-04 15:33:09.411,461900328, 657.278517991997, 3480765, 33.86581161378545, 187285, 0, 0.0, 30, 
2019-12-04 15:33:10.434,475531816, 641.9687410000372, 3481188, 33.52473614912421, 187316, 0, 0.0, 30, 
2019-12-04 15:33:11.457,487066152, 641.9687410000372, 3481671, 33.52473614912421, 187347, 0, 0.0, 30, 
2019-12-04 15:33:12.486,500697640, 641.9687410000372, 3482163, 33.52473614912421, 187380, 0, 0.0, 30, 
2019-12-04 15:33:13.509,513280552, 641.9687410000372, 3482622, 33.52473614912421, 187418, 0, 0.0, 30, 
2019-12-04 15:33:14.531,526912040, 641.9687410000372, 3483116, 33.52473614912421, 187434, 0, 0.0, 30, 
2019-12-04 15:33:15.556,539494952, 627.9950040088831, 3483611, 33.13097598752485, 187460, 0, 0.0, 30, 
2019-12-04 15:33:16.579,551029288, 627.9950040088831, 3484057, 33.13097598752485, 187484, 0, 0.0, 30, 
2019-12-04 15:33:17.61,564660776, 627.9950040088831, 3484536, 33.13097598752485, 187503, 0, 0.0, 30, 
2019-12-04 15:33:18.633,579340840, 627.9950040088831, 3485052, 33.13097598752485, 187526, 0, 0.0, 30, 
2019-12-04 15:33:19.657,591923752, 627.9950040088831, 3485532, 33.13097598752485, 187552, 0, 0.0, 30, 
2019-12-04 15:33:20.68,606603816, 615.8261633728604, 3486057, 32.36892122328843, 187585, 0, 0.0, 30, 
2019-12-04 15:33:21.705,619186728, 615.8261633728604, 3486547, 32.36892122328843, 187609, 0, 0.0, 30, 
2019-12-04 15:33:22.731,632818216, 615.8261633728604, 3487043, 32.36892122328843, 187635, 0, 0.0, 30, 
2019-12-04 15:33:23.755,646449704, 615.8261633728604, 3487531, 32.36892122328843, 187660, 0, 0.0, 30, 
2019-12-04 15:33:24.779,660081192, 615.8261633728604, 3488041, 32.36892122328843, 187686, 0, 0.0, 30, 
2019-12-04 15:33:25.804,671615528, 605.4138542498059, 3488495, 31.811717047478275, 187711, 0, 0.0, 30, 
2019-12-04 15:33:26.83,684198440, 605.4138542498059, 3488971, 31.811717047478275, 187735, 0, 0.0, 30, 
2019-12-04 15:33:27.859,697829928, 605.4138542498059, 3489441, 31.811717047478275, 187760, 0, 0.0, 30, 
2019-12-04 15:33:28.883,710412840, 605.4138542498059, 3489929, 31.811717047478275, 187788, 0, 0.0, 30, 
2019-12-04 15:33:29.911,724044328, 605.4138542498059, 3490427, 31.811717047478275, 187807, 0, 0.0, 30, 
2019-12-04 15:33:30.939,740821544, 594.2029734561839, 3490939, 31.123162169900514, 187835, 0, 0.0, 30, 
2019-12-04 15:33:31.968,753404456, 594.2029734561839, 3491435, 31.123162169900514, 187859, 0, 0.0, 30, 
2019-12-04 15:33:32.993,767035944, 594.2029734561839, 3491918, 31.123162169900514, 187887, 0, 0.0, 30, 
2019-12-04 15:33:34.021,779618856, 594.2029734561839, 3492366, 31.123162169900514, 187931, 0, 0.0, 30, 
2019-12-04 15:33:35.056,793250344, 584.8959055746075, 3492889, 30.985385729917517, 187957, 0, 0.0, 30, 
2019-12-04 15:33:36.147,806881832, 584.8959055746075, 3493380, 30.985385729917517, 187980, 0, 0.0, 30, 
2019-12-04 15:33:37.172,819464744, 584.8959055746075, 3493867, 30.985385729917517, 188015, 0, 0.0, 30, 
2019-12-04 15:33:38.195,832047656, 584.8959055746075, 3494362, 30.985385729917517, 188044, 0, 0.0, 30, 
2019-12-04 15:33:39.22,208426496, 584.8959055746075, 3494855, 30.985385729917517, 188062, 0, 0.0, 30, 
2019-12-04 15:33:40.244,221009408, 576.2850164023645, 3495352, 30.58677629558334, 188090, 0, 0.0, 30, 
2019-12-04 15:33:41.277,233592320, 576.2850164023645, 3495807, 30.58677629558334, 188111, 0, 0.0, 30, 
2019-12-04 15:33:42.299,246175232, 576.2850164023645, 3496321, 30.58677629558334, 188139, 0, 0.0, 30, 
2019-12-04 15:33:43.324,260855296, 576.2850164023645, 3496801, 30.58677629558334, 188174, 0, 0.0, 30, 
2019-12-04 15:33:44.35,273438208, 576.2850164023645, 3497267, 30.58677629558334, 188204, 0, 0.0, 30, 
2019-12-04 15:33:45.376,284972544, 567.1792732509643, 3497713, 30.347966848498714, 188231, 0, 0.0, 30, 
2019-12-04 15:33:46.41,299652608, 567.1792732509643, 3498212, 30.347966848498714, 188262, 0, 0.0, 30, 
2019-12-04 15:33:47.434,312235520, 567.1792732509643, 3498705, 30.347966848498714, 188281, 0, 0.0, 30, 
2019-12-04 15:33:48.466,324818432, 567.1792732509643, 3499189, 30.347966848498714, 188310, 0, 0.0, 30, 
2019-12-04 15:33:49.491,338449920, 567.1792732509643, 3499700, 30.347966848498714, 188343, 0, 0.0, 30, 
2019-12-04 15:33:50.515,352081408, 560.0169100211037, 3500195, 30.08027819932538, 188369, 0, 0.0, 30, 
2019-12-04 15:33:51.551,365712896, 560.0169100211037, 3500669, 30.08027819932538, 188391, 0, 0.0, 30, 
2019-12-04 15:33:52.575,379344384, 560.0169100211037, 3501120, 30.08027819932538, 188419, 0, 0.0, 30, 
2019-12-04 15:33:53.599,392975872, 560.0169100211037, 3501614, 30.08027819932538, 188443, 0, 0.0, 30, 
2019-12-04 15:33:54.629,405558784, 560.0169100211037, 3502116, 30.08027819932538, 188473, 0, 0.0, 30, 
2019-12-04 15:33:55.652,418141696, 552.8835197554033, 3502614, 29.64209934790416, 188502, 0, 0.0, 30, 
2019-12-04 15:33:56.718,431773184, 552.8835197554033, 3503065, 29.64209934790416, 188523, 0, 0.0, 30, 
2019-12-04 15:33:57.743,444356096, 552.8835197554033, 3503536, 29.64209934790416, 188548, 0, 0.0, 30, 
2019-12-04 15:33:58.784,457987584, 552.8835197554033, 3504051, 29.64209934790416, 188568, 0, 0.0, 30, 
2019-12-04 15:33:59.81,471619072, 552.8835197554033, 3504550, 29.64209934790416, 188592, 0, 0.0, 30, 
2019-12-04 15:34:00.84,483153408, 546.1285904791849, 3505002, 29.09503528937816, 188614, 0, 0.0, 30, 
2019-12-04 15:34:01.864,496784896, 546.1285904791849, 3505468, 29.09503528937816, 188641, 0, 0.0, 30, 
2019-12-04 15:34:02.886,508319232, 546.1285904791849, 3505945, 29.09503528937816, 188665, 0, 0.0, 30, 
2019-12-04 15:34:03.914,520902144, 546.1285904791849, 3506403, 29.09503528937816, 188694, 0, 0.0, 30, 
2019-12-04 15:34:04.937,534533632, 546.1285904791849, 3506883, 29.09503528937816, 188720, 0, 0.0, 30, 
2019-12-04 15:34:05.96,547116544, 538.7623950980463, 3507343, 28.783605462776485, 188746, 0, 0.0, 30, 
2019-12-04 15:34:06.984,560748032, 538.7623950980463, 3507823, 28.783605462776485, 188768, 0, 0.0, 30, 
2019-12-04 15:34:08.007,573330944, 538.7623950980463, 3508310, 28.783605462776485, 188790, 0, 0.0, 30, 
2019-12-04 15:34:09.03,585913856, 538.7623950980463, 3508760, 28.783605462776485, 188819, 0, 0.0, 30, 
2019-12-04 15:34:10.054,599545344, 533.104546375751, 3509276, 28.545049541485042, 188852, 0, 0.0, 30, 
2019-12-04 15:34:11.079,613176832, 533.104546375751, 3509758, 28.545049541485042, 188886, 0, 0.0, 30, 
2019-12-04 15:34:12.104,625759744, 533.104546375751, 3510226, 28.545049541485042, 188911, 0, 0.0, 30, 
2019-12-04 15:34:13.127,639391232, 533.104546375751, 3510698, 28.545049541485042, 188937, 0, 0.0, 30, 
2019-12-04 15:34:14.151,654071296, 533.104546375751, 3511185, 28.545049541485042, 188963, 0, 0.0, 30, 
2019-12-04 15:34:15.174,667702784, 528.5707011770992, 3511709, 28.293585264375828, 188982, 0, 0.0, 30, 
2019-12-04 15:34:16.204,681334272, 528.5707011770992, 3512197, 28.293585264375828, 189004, 0, 0.0, 30, 
2019-12-04 15:34:17.228,693917184, 528.5707011770992, 3512670, 28.293585264375828, 189032, 0, 0.0, 30, 
2019-12-04 15:34:18.251,706500096, 528.5707011770992, 3513152, 28.293585264375828, 189053, 0, 0.0, 30, 
2019-12-04 15:34:19.274,721180160, 528.5707011770992, 3513632, 28.293585264375828, 189085, 0, 0.0, 30, 
2019-12-04 15:34:20.302,732714496, 523.5358419032822, 3514092, 28.030244726594425, 189107, 0, 0.0, 30, 
2019-12-04 15:34:21.328,746345984, 523.5358419032822, 3514583, 28.030244726594425, 189124, 0, 0.0, 30, 
2019-12-04 15:34:22.352,759977472, 523.5358419032822, 3515079, 28.030244726594425, 189144, 0, 0.0, 30, 
2019-12-04 15:34:23.376,774657536, 523.5358419032822, 3515609, 28.030244726594425, 189171, 0, 0.0, 30, 
2019-12-04 15:34:24.399,787240448, 523.5358419032822, 3516118, 28.030244726594425, 189195, 0, 0.0, 30, 
2019-12-04 15:34:25.43,800871936, 520.534641691524, 3516599, 27.580075213699402, 189226, 0, 0.0, 30, 
2019-12-04 15:34:26.468,814503424, 520.534641691524, 3517085, 27.580075213699402, 189251, 0, 0.0, 30, 
2019-12-04 15:34:27.495,827086336, 520.534641691524, 3517554, 27.580075213699402, 189290, 0, 0.0, 30, 
2019-12-04 15:34:28.525,197752640, 520.534641691524, 3518054, 27.580075213699402, 189308, 0, 0.0, 30, 
2019-12-04 15:34:29.55,210335552, 520.534641691524, 3518527, 27.580075213699402, 189332, 0, 0.0, 30, 
2019-12-04 15:34:30.574,222918464, 516.1902836091723, 3518977, 27.357792672613556, 189349, 0, 0.0, 30, 
2019-12-04 15:34:31.599,236549952, 516.1902836091723, 3519465, 27.357792672613556, 189369, 0, 0.0, 30, 
2019-12-04 15:34:32.625,249132864, 516.1902836091723, 3519937, 27.357792672613556, 189402, 0, 0.0, 30, 
2019-12-04 15:34:33.656,262764352, 516.1902836091723, 3520441, 27.357792672613556, 189423, 0, 0.0, 30, 
2019-12-04 15:34:34.679,275347264, 516.1902836091723, 3520912, 27.357792672613556, 189437, 0, 0.0, 30, 
2019-12-04 15:34:35.704,291075904, 512.465130210615, 3521401, 26.84945163780934, 189459, 0, 0.0, 30, 
2019-12-04 15:34:36.728,302610240, 512.465130210615, 3521888, 26.84945163780934, 189486, 0, 0.0, 30, 
2019-12-04 15:34:37.755,315193152, 512.465130210615, 3522361, 26.84945163780934, 189517, 0, 0.0, 30, 
2019-12-04 15:34:38.779,328824640, 512.465130210615, 3522835, 26.84945163780934, 189545, 0, 0.0, 30, 
2019-12-04 15:34:39.807,341407552, 512.465130210615, 3523316, 26.84945163780934, 189585, 0, 0.0, 30, 
2019-12-04 15:34:40.83,356087616, 509.06980586678327, 3523791, 27.053382225124516, 189611, 0, 0.0, 30, 
2019-12-04 15:34:41.853,368670528, 509.06980586678327, 3524270, 27.053382225124516, 189646, 0, 0.0, 30, 
2019-12-04 15:34:42.88,381253440, 509.06980586678327, 3524760, 27.053382225124516, 189669, 0, 0.0, 30, 
2019-12-04 15:34:43.903,393836352, 509.06980586678327, 3525222, 27.053382225124516, 189701, 0, 0.0, 30, 
2019-12-04 15:34:44.934,407467840, 509.06980586678327, 3525699, 27.053382225124516, 189733, 0, 0.0, 30, 
2019-12-04 15:34:45.958,420050752, 505.32230310249463, 3526181, 27.177042954659377, 189760, 0, 0.0, 30, 
2019-12-04 15:34:46.983,433682240, 505.32230310249463, 3526662, 27.177042954659377, 189785, 0, 0.0, 30, 
2019-12-04 15:34:48.007,445216576, 505.32230310249463, 3527146, 27.177042954659377, 189802, 0, 0.0, 30, 
2019-12-04 15:34:49.031,459896640, 505.32230310249463, 3527634, 27.177042954659377, 189826, 0, 0.0, 30, 
2019-12-04 15:34:50.056,471430976, 502.27421204225635, 3528093, 26.939011742545937, 189857, 0, 0.0, 30, 
2019-12-04 15:34:51.079,485062464, 502.27421204225635, 3528570, 26.939011742545937, 189882, 0, 0.0, 30, 
2019-12-04 15:34:52.103,496596800, 502.27421204225635, 3529049, 26.939011742545937, 189916, 0, 0.0, 30, 
2019-12-04 15:34:53.128,510228288, 502.27421204225635, 3529546, 26.939011742545937, 189935, 0, 0.0, 30, 
2019-12-04 15:34:54.151,522811200, 502.27421204225635, 3530005, 26.939011742545937, 189959, 0, 0.0, 30, 
2019-12-04 15:34:55.175,535394112, 498.91014378940775, 3530447, 26.767985806555927, 189983, 0, 0.0, 30, 
2019-12-04 15:34:56.201,547977024, 498.91014378940775, 3530910, 26.767985806555927, 190008, 0, 0.0, 30, 
2019-12-04 15:34:57.224,563705664, 498.91014378940775, 3531371, 26.767985806555927, 190031, 0, 0.0, 30, 
2019-12-04 15:34:58.248,578385728, 498.91014378940775, 3531857, 26.767985806555927, 190059, 0, 0.0, 30, 
2019-12-04 15:34:59.273,590968640, 498.91014378940775, 3532323, 26.767985806555927, 190089, 0, 0.0, 30, 
2019-12-04 15:35:00.296,603551552, 495.65514041220126, 3532795, 26.578652115243294, 190108, 0, 0.0, 30, 
2019-12-04 15:35:01.319,616134464, 495.65514041220126, 3533259, 26.578652115243294, 190131, 0, 0.0, 30, 
2019-12-04 15:35:02.344,628717376, 495.65514041220126, 3533753, 26.578652115243294, 190160, 0, 0.0, 30, 
2019-12-04 15:35:03.369,641300288, 495.65514041220126, 3534250, 26.578652115243294, 190181, 0, 0.0, 30, 
2019-12-04 15:35:04.4,655980352, 495.65514041220126, 3534713, 26.578652115243294, 190211, 0, 0.0, 30, 
2019-12-04 15:35:05.427,667514688, 493.10814401347864, 3535167, 26.420447827124086, 190237, 0, 0.0, 30, 
2019-12-04 15:35:06.454,679049024, 493.10814401347864, 3535642, 26.420447827124086, 190258, 0, 0.0, 30, 
2019-12-04 15:35:07.481,692680512, 493.10814401347864, 3536107, 26.420447827124086, 190277, 0, 0.0, 30, 
2019-12-04 15:35:08.504,705263424, 493.10814401347864, 3536599, 26.420447827124086, 190301, 0, 0.0, 30, 
2019-12-04 15:35:09.527,717846336, 493.10814401347864, 3537047, 26.420447827124086, 190324, 0, 0.0, 30, 
2019-12-04 15:35:10.55,730429248, 490.49294521249254, 3537522, 26.210928387173066, 190358, 0, 0.0, 30, 
2019-12-04 15:35:11.573,744060736, 490.49294521249254, 3538002, 26.210928387173066, 190390, 0, 0.0, 30, 
2019-12-04 15:35:12.597,756643648, 490.49294521249254, 3538478, 26.210928387173066, 190415, 0, 0.0, 30, 
2019-12-04 15:35:13.624,770275136, 490.49294521249254, 3538962, 26.210928387173066, 190441, 0, 0.0, 30, 
2019-12-04 15:35:14.65,782858048, 490.49294521249254, 3539441, 26.210928387173066, 190469, 0, 0.0, 30, 
2019-12-04 15:35:15.676,796489536, 488.6465352600947, 3539923, 26.306001304024296, 190497, 0, 0.0, 30, 
2019-12-04 15:35:16.699,809072448, 488.6465352600947, 3540416, 26.306001304024296, 190532, 0, 0.0, 30, 
2019-12-04 15:35:17.721,822703936, 488.6465352600947, 3540894, 26.306001304024296, 190550, 0, 0.0, 30, 
2019-12-04 15:35:18.745,835286848, 488.6465352600947, 3541338, 26.306001304024296, 190574, 0, 0.0, 30, 
2019-12-04 15:35:19.77,210578768, 488.6465352600947, 3541806, 26.306001304024296, 190610, 0, 0.0, 30, 
2019-12-04 15:35:20.795,223161680, 486.30811141330975, 3542303, 26.377481493081653, 190625, 0, 0.0, 30, 
2019-12-04 15:35:21.819,235744592, 486.30811141330975, 3542788, 26.377481493081653, 190657, 0, 0.0, 30, 
2019-12-04 15:35:22.842,249376080, 486.30811141330975, 3543269, 26.377481493081653, 190694, 0, 0.0, 30, 
2019-12-04 15:35:23.865,261958992, 486.30811141330975, 3543771, 26.377481493081653, 190727, 0, 0.0, 30, 
2019-12-04 15:35:24.89,277687632, 486.30811141330975, 3544274, 26.377481493081653, 190752, 0, 0.0, 30, 
2019-12-04 15:35:25.913,289221968, 486.267485067825, 3544748, 26.5232020271512, 190780, 0, 0.0, 30, 
2019-12-04 15:35:26.935,301804880, 486.267485067825, 3545227, 26.5232020271512, 190804, 0, 0.0, 30, 
2019-12-04 15:35:27.959,315436368, 486.267485067825, 3545724, 26.5232020271512, 190828, 0, 0.0, 30, 
2019-12-04 15:35:28.984,329067856, 486.267485067825, 3546192, 26.5232020271512, 190850, 0, 0.0, 30, 
2019-12-04 15:35:30.007,342699344, 486.267485067825, 3546706, 26.5232020271512, 190873, 0, 0.0, 30, 
2019-12-04 15:35:31.029,356330832, 485.17469329868203, 3547246, 26.257493463765307, 190894, 0, 0.0, 30, 
2019-12-04 15:35:32.054,369962320, 485.17469329868203, 3547729, 26.257493463765307, 190915, 0, 0.0, 30, 
2019-12-04 15:35:33.078,383593808, 485.17469329868203, 3548230, 26.257493463765307, 190938, 0, 0.0, 30, 
2019-12-04 15:35:34.101,396176720, 485.17469329868203, 3548701, 26.257493463765307, 190962, 0, 0.0, 30, 
2019-12-04 15:35:35.126,408759632, 484.856894369317, 3549160, 26.045012018251207, 190993, 0, 0.0, 30, 
2019-12-04 15:35:36.149,423439696, 484.856894369317, 3549639, 26.045012018251207, 191012, 0, 0.0, 30, 
2019-12-04 15:35:37.177,436022608, 484.856894369317, 3550121, 26.045012018251207, 191037, 0, 0.0, 30, 
2019-12-04 15:35:38.201,448605520, 484.856894369317, 3550607, 26.045012018251207, 191066, 0, 0.0, 30, 
2019-12-04 15:35:39.224,462237008, 484.856894369317, 3551074, 26.045012018251207, 191095, 0, 0.0, 30, 
2019-12-04 15:35:40.249,475868496, 483.5410737466348, 3551569, 25.96145747061254, 191120, 0, 0.0, 30, 
2019-12-04 15:35:41.273,490548560, 483.5410737466348, 3552101, 25.96145747061254, 191151, 0, 0.0, 30, 
2019-12-04 15:35:42.297,503131472, 483.5410737466348, 3552580, 25.96145747061254, 191174, 0, 0.0, 30, 
2019-12-04 15:35:43.323,516762960, 483.5410737466348, 3553059, 25.96145747061254, 191202, 0, 0.0, 30, 
2019-12-04 15:35:44.346,540880208, 483.5410737466348, 3553426, 25.96145747061254, 191222, 0, 0.0, 30, 
2019-12-04 15:35:45.39,540880208, 476.36577366342954, 3553426, 25.580752351332134, 191222, 0, 0.0, 30, 
2019-12-04 15:35:46.417,541928784, 476.36577366342954, 3553426, 25.580752351332134, 191222, 0, 0.0, 30, 
2019-12-04 15:35:47.448,542977360, 476.36577366342954, 3553426, 25.580752351332134, 191222, 0, 0.0, 30, 
