Timestamp, MemoryUsed, ReadLatency1, ReadCount, WriteLatency1, WriteCount, PendingTasks, WaitingOnCommit1, SRDelay, 
2019-12-04 15:26:41.953,172331864, 71.8019146704708, 3150669, 5.3017746677803315, 169897, 0, 0.0, 30, 
2019-12-04 15:26:43.035,180010368, 71.8019146704708, 3151005, 5.3017746677803315, 169909, 0, 0.0, 30, 
2019-12-04 15:26:44.08,193297664, 71.8019146704708, 3151591, 5.3017746677803315, 169938, 0, 0.0, 30, 
2019-12-04 15:26:45.116,206781584, 87.9048164755268, 3152262, 5.965264131755732, 169972, 0, 0.0, 30, 
2019-12-04 15:26:46.153,221136040, 87.9048164755268, 3152958, 5.965264131755732, 170009, 0, 0.0, 30, 
2019-12-04 15:26:47.191,234368048, 87.9048164755268, 3153593, 5.965264131755732, 170045, 0, 0.0, 30, 
2019-12-04 15:26:48.225,249224936, 87.9048164755268, 3154279, 5.965264131755732, 170075, 0, 0.0, 30, 
2019-12-04 15:26:49.259,263611296, 87.9048164755268, 3154978, 5.965264131755732, 170113, 0, 0.0, 30, 
2019-12-04 15:26:50.289,277628536, 133.50310170830355, 3155751, 8.286753434184186, 170161, 0, 0.0, 30, 
2019-12-04 15:26:51.319,294860024, 133.50310170830355, 3156619, 8.286753434184186, 170208, 0, 0.0, 30, 
2019-12-04 15:26:52.348,311099592, 133.50310170830355, 3157414, 8.286753434184186, 170236, 0, 0.0, 30, 
2019-12-04 15:26:53.387,327576872, 133.50310170830355, 3158212, 8.286753434184186, 170286, 0, 0.0, 30, 
2019-12-04 15:26:54.417,341870584, 185.21013076861712, 3158989, 11.030289149322353, 170334, 0, 0.0, 30, 
2019-12-04 15:26:55.449,357642264, 185.21013076861712, 3159791, 11.030289149322353, 170373, 0, 0.0, 30, 
2019-12-04 15:26:56.479,374053096, 185.21013076861712, 3160663, 11.030289149322353, 170422, 0, 0.0, 30, 
2019-12-04 15:26:57.509,390071424, 185.21013076861712, 3161501, 11.030289149322353, 170470, 0, 0.0, 30, 
2019-12-04 15:26:58.537,129046032, 185.21013076861712, 3162399, 11.030289149322353, 170518, 0, 0.0, 30, 
2019-12-04 15:26:59.581,147215232, 237.86806928220977, 3163315, 13.730366148186777, 170566, 0, 0.0, 30, 
2019-12-04 15:27:00.608,165879048, 237.86806928220977, 3164347, 13.730366148186777, 170612, 0, 0.0, 30, 
2019-12-04 15:27:01.635,186676600, 237.86806928220977, 3165438, 13.730366148186777, 170667, 0, 0.0, 30, 
2019-12-04 15:27:02.659,205886720, 237.86806928220977, 3166547, 13.730366148186777, 170718, 0, 0.0, 30, 
2019-12-04 15:27:03.685,226268904, 237.86806928220977, 3167655, 13.730366148186777, 170769, 0, 0.0, 30, 
2019-12-04 15:27:04.71,247688352, 302.2588552204479, 3168748, 16.662308188136887, 170834, 0, 0.0, 30, 
2019-12-04 15:27:05.736,266141704, 302.2588552204479, 3169800, 16.662308188136887, 170881, 0, 0.0, 30, 
2019-12-04 15:27:06.76,288016040, 302.2588552204479, 3170989, 16.662308188136887, 170954, 0, 0.0, 30, 
2019-12-04 15:27:07.786,310237344, 302.2588552204479, 3172206, 16.662308188136887, 171006, 0, 0.0, 30, 
2019-12-04 15:27:08.819,332041688, 302.2588552204479, 3173463, 16.662308188136887, 171073, 0, 0.0, 30, 
2019-12-04 15:27:09.843,360777232, 368.58530304035827, 3174533, 20.031452003123572, 171126, 0, 0.0, 30, 
2019-12-04 15:27:10.868,382413112, 368.58530304035827, 3175482, 20.031452003123572, 171174, 0, 0.0, 30, 
2019-12-04 15:27:11.895,407361072, 368.58530304035827, 3176586, 20.031452003123572, 171223, 0, 0.0, 30, 
2019-12-04 15:27:12.919,148083720, 368.58530304035827, 3177614, 20.031452003123572, 171287, 0, 0.0, 30, 
2019-12-04 15:27:13.947,172535184, 368.58530304035827, 3178695, 20.031452003123572, 171345, 0, 0.0, 30, 
2019-12-04 15:27:14.982,198514064, 420.4616619328646, 3179866, 22.747427142405755, 171411, 0, 0.0, 30, 
2019-12-04 15:27:16.01,223322576, 420.4616619328646, 3180973, 22.747427142405755, 171468, 0, 0.0, 30, 
2019-12-04 15:27:17.041,246243160, 420.4616619328646, 3181910, 22.747427142405755, 171516, 0, 0.0, 30, 
2019-12-04 15:27:18.074,268473768, 420.4616619328646, 3182848, 22.747427142405755, 171560, 0, 0.0, 30, 
2019-12-04 15:27:19.106,288742056, 420.4616619328646, 3183754, 22.747427142405755, 171599, 0, 0.0, 30, 
2019-12-04 15:27:20.146,308913336, 463.13702318779457, 3184546, 24.670564684905553, 171643, 0, 0.0, 30, 
2019-12-04 15:27:21.176,330666784, 463.13702318779457, 3185489, 24.670564684905553, 171695, 0, 0.0, 30, 
2019-12-04 15:27:22.206,350100688, 463.13702318779457, 3186298, 24.670564684905553, 171740, 0, 0.0, 30, 
2019-12-04 15:27:23.233,369455688, 463.13702318779457, 3187111, 24.670564684905553, 171785, 0, 0.0, 30, 
2019-12-04 15:27:24.263,390504632, 463.13702318779457, 3187925, 24.670564684905553, 171828, 0, 0.0, 30, 
2019-12-04 15:27:25.291,406784832, 491.28642458615747, 3188618, 26.26403435163097, 171876, 0, 0.0, 30, 
2019-12-04 15:27:26.322,140369656, 491.28642458615747, 3189276, 26.26403435163097, 171921, 0, 0.0, 30, 
2019-12-04 15:27:27.346,159528568, 491.28642458615747, 3189985, 26.26403435163097, 171954, 0, 0.0, 30, 
2019-12-04 15:27:28.37,178185280, 491.28642458615747, 3190719, 26.26403435163097, 171994, 0, 0.0, 30, 
2019-12-04 15:27:29.396,199317688, 509.63731685888814, 3191602, 27.45824822812263, 172037, 0, 0.0, 30, 
2019-12-04 15:27:30.422,222725920, 509.63731685888814, 3192675, 27.45824822812263, 172087, 0, 0.0, 30, 
2019-12-04 15:27:31.464,251988400, 509.63731685888814, 3193831, 27.45824822812263, 172146, 0, 0.0, 30, 
2019-12-04 15:27:32.497,278626896, 509.63731685888814, 3194959, 27.45824822812263, 172202, 0, 0.0, 30, 
2019-12-04 15:27:33.524,305505976, 509.63731685888814, 3196063, 27.45824822812263, 172267, 0, 0.0, 30, 
2019-12-04 15:27:34.557,330963184, 555.5768125215824, 3197172, 29.61239176195455, 172319, 0, 0.0, 30, 
2019-12-04 15:27:35.583,360253688, 555.5768125215824, 3198362, 29.61239176195455, 172398, 0, 0.0, 30, 
2019-12-04 15:27:36.613,386119768, 555.5768125215824, 3199516, 29.61239176195455, 172468, 0, 0.0, 30, 
2019-12-04 15:27:37.637,130759544, 555.5768125215824, 3200639, 29.61239176195455, 172522, 0, 0.0, 30, 
2019-12-04 15:27:38.662,157079176, 555.5768125215824, 3201718, 29.61239176195455, 172587, 0, 0.0, 30, 
2019-12-04 15:27:39.686,184067496, 599.122478282863, 3202843, 32.217953054457766, 172637, 0, 0.0, 30, 
2019-12-04 15:27:40.714,210338960, 599.122478282863, 3203900, 32.217953054457766, 172700, 0, 0.0, 30, 
2019-12-04 15:27:41.742,237456976, 599.122478282863, 3205038, 32.217953054457766, 172761, 0, 0.0, 30, 
2019-12-04 15:27:42.767,266252200, 599.122478282863, 3206266, 32.217953054457766, 172821, 0, 0.0, 30, 
2019-12-04 15:27:43.789,294137920, 599.122478282863, 3207438, 32.217953054457766, 172882, 0, 0.0, 30, 
2019-12-04 15:27:44.817,322058752, 641.6330657601873, 3208663, 34.53522958322903, 172949, 0, 0.0, 30, 
2019-12-04 15:27:45.842,349638192, 641.6330657601873, 3209827, 34.53522958322903, 173000, 0, 0.0, 30, 
2019-12-04 15:27:46.867,377932920, 641.6330657601873, 3211041, 34.53522958322903, 173056, 0, 0.0, 30, 
2019-12-04 15:27:47.898,405545920, 641.6330657601873, 3212209, 34.53522958322903, 173117, 0, 0.0, 30, 
2019-12-04 15:27:48.923,151079704, 641.6330657601873, 3213378, 34.53522958322903, 173164, 0, 0.0, 30, 
2019-12-04 15:27:49.945,180284496, 681.7841169411297, 3214598, 36.07555557893365, 173223, 0, 0.0, 30, 
2019-12-04 15:27:50.968,206488504, 681.7841169411297, 3215764, 36.07555557893365, 173273, 0, 0.0, 30, 
2019-12-04 15:27:51.992,236229040, 681.7841169411297, 3216967, 36.07555557893365, 173342, 0, 0.0, 30, 
2019-12-04 15:27:53.017,266342720, 681.7841169411297, 3218219, 36.07555557893365, 173402, 0, 0.0, 30, 
2019-12-04 15:27:54.041,295797656, 681.7841169411297, 3219504, 36.07555557893365, 173469, 0, 0.0, 30, 
2019-12-04 15:27:55.065,325671368, 723.4422468585218, 3220750, 37.92448406899169, 173552, 0, 0.0, 30, 
2019-12-04 15:27:56.09,354685728, 723.4422468585218, 3221982, 37.92448406899169, 173625, 0, 0.0, 30, 
2019-12-04 15:27:57.117,384287064, 723.4422468585218, 3223239, 37.92448406899169, 173692, 0, 0.0, 30, 
2019-12-04 15:27:58.166,132746672, 723.4422468585218, 3224482, 37.92448406899169, 173762, 0, 0.0, 30, 
2019-12-04 15:27:59.189,160039976, 723.4422468585218, 3225767, 37.92448406899169, 173834, 0, 0.0, 30, 
2019-12-04 15:28:00.213,190747208, 763.2407593837414, 3227031, 40.489100721321925, 173905, 0, 0.0, 30, 
2019-12-04 15:28:01.237,221426144, 763.2407593837414, 3228386, 40.489100721321925, 173973, 0, 0.0, 30, 
2019-12-04 15:28:02.259,252418864, 763.2407593837414, 3229716, 40.489100721321925, 174046, 0, 0.0, 30, 
2019-12-04 15:28:03.284,286008672, 763.2407593837414, 3231052, 40.489100721321925, 174120, 0, 0.0, 30, 
2019-12-04 15:28:04.315,314160696, 763.2407593837414, 3232269, 40.489100721321925, 174178, 0, 0.0, 30, 
2019-12-04 15:28:05.338,343577808, 803.8069644604365, 3233524, 42.768706362593036, 174243, 0, 0.0, 30, 
2019-12-04 15:28:06.362,373039904, 803.8069644604365, 3234749, 42.768706362593036, 174294, 0, 0.0, 30, 
2019-12-04 15:28:07.388,403896360, 803.8069644604365, 3236097, 42.768706362593036, 174369, 0, 0.0, 30, 
2019-12-04 15:28:08.41,153793736, 803.8069644604365, 3237479, 42.768706362593036, 174437, 0, 0.0, 30, 
2019-12-04 15:28:09.438,186813272, 843.096582264076, 3238903, 44.73811586380893, 174524, 0, 0.0, 30, 
2019-12-04 15:28:10.462,218630072, 843.096582264076, 3240257, 44.73811586380893, 174618, 0, 0.0, 30, 
2019-12-04 15:28:11.486,251069672, 843.096582264076, 3241707, 44.73811586380893, 174703, 0, 0.0, 30, 
2019-12-04 15:28:12.508,283279096, 843.096582264076, 3243070, 44.73811586380893, 174779, 0, 0.0, 30, 
2019-12-04 15:28:13.539,316849448, 843.096582264076, 3244423, 44.73811586380893, 174852, 0, 0.0, 30, 
2019-12-04 15:28:14.567,350582616, 884.042110799476, 3245857, 47.26966034385663, 174929, 0, 0.0, 30, 
2019-12-04 15:28:15.59,382629216, 884.042110799476, 3247294, 47.26966034385663, 174997, 0, 0.0, 30, 
2019-12-04 15:28:16.612,412136024, 884.042110799476, 3248553, 47.26966034385663, 175057, 0, 0.0, 30, 
2019-12-04 15:28:17.636,160295008, 884.042110799476, 3249795, 47.26966034385663, 175119, 0, 0.0, 30, 
2019-12-04 15:28:18.659,189375560, 884.042110799476, 3250999, 47.26966034385663, 175178, 0, 0.0, 30, 
2019-12-04 15:28:19.686,219656144, 914.821644173564, 3252347, 48.39945992255006, 175238, 0, 0.0, 30, 
2019-12-04 15:28:20.718,250584800, 914.821644173564, 3253666, 48.39945992255006, 175303, 0, 0.0, 30, 
2019-12-04 15:28:21.744,281941512, 914.821644173564, 3254994, 48.39945992255006, 175367, 0, 0.0, 30, 
2019-12-04 15:28:22.767,310772496, 914.821644173564, 3256199, 48.39945992255006, 175422, 0, 0.0, 30, 
2019-12-04 15:28:23.797,338098936, 914.821644173564, 3257414, 48.39945992255006, 175496, 0, 0.0, 30, 
2019-12-04 15:28:24.822,369748936, 940.1818252805755, 3258706, 49.74275693898608, 175567, 0, 0.0, 30, 
2019-12-04 15:28:25.844,399486120, 940.1818252805755, 3260006, 49.74275693898608, 175623, 0, 0.0, 30, 
2019-12-04 15:28:26.869,145405792, 940.1818252805755, 3261299, 49.74275693898608, 175699, 0, 0.0, 30, 
2019-12-04 15:28:27.893,175529312, 940.1818252805755, 3262558, 49.74275693898608, 175763, 0, 0.0, 30, 
2019-12-04 15:28:28.916,205277040, 940.1818252805755, 3263852, 49.74275693898608, 175831, 0, 0.0, 30, 
2019-12-04 15:28:29.938,236675072, 966.2487992817468, 3265189, 50.96265873907215, 175896, 0, 0.0, 30, 
2019-12-04 15:28:30.966,266276800, 966.2487992817468, 3266486, 50.96265873907215, 175960, 0, 0.0, 30, 
2019-12-04 15:28:31.988,295962000, 966.2487992817468, 3267761, 50.96265873907215, 176023, 0, 0.0, 30, 
2019-12-04 15:28:33.01,328769600, 966.2487992817468, 3269035, 50.96265873907215, 176100, 0, 0.0, 30, 
2019-12-04 15:28:34.037,357868560, 966.2487992817468, 3270307, 50.96265873907215, 176161, 0, 0.0, 30, 
2019-12-04 15:28:35.061,388033224, 989.4320172641053, 3271575, 52.05304034248932, 176234, 0, 0.0, 30, 
2019-12-04 15:28:36.087,134244560, 989.4320172641053, 3272893, 52.05304034248932, 176320, 0, 0.0, 30, 
2019-12-04 15:28:37.111,164828704, 989.4320172641053, 3274273, 52.05304034248932, 176399, 0, 0.0, 30, 
2019-12-04 15:28:38.132,195787032, 989.4320172641053, 3275539, 52.05304034248932, 176454, 0, 0.0, 30, 
2019-12-04 15:28:39.154,226690776, 989.4320172641053, 3276872, 52.05304034248932, 176509, 0, 0.0, 30, 
2019-12-04 15:28:40.179,254457272, 1013.1762661601027, 3278120, 53.344079953862284, 176571, 0, 0.0, 30, 
2019-12-04 15:28:41.201,285494568, 1013.1762661601027, 3279385, 53.344079953862284, 176638, 0, 0.0, 30, 
2019-12-04 15:28:42.224,317123000, 1013.1762661601027, 3280645, 53.344079953862284, 176729, 0, 0.0, 30, 
2019-12-04 15:28:43.25,348012664, 1013.1762661601027, 3281993, 53.344079953862284, 176791, 0, 0.0, 30, 
2019-12-04 15:28:44.272,378372384, 1013.1762661601027, 3283319, 53.344079953862284, 176879, 0, 0.0, 30, 
2019-12-04 15:28:45.293,410386576, 1032.7352999948323, 3284660, 54.83572496177977, 176938, 0, 0.0, 30, 
2019-12-04 15:28:46.313,159915056, 1032.7352999948323, 3286097, 54.83572496177977, 177022, 0, 0.0, 30, 
2019-12-04 15:28:47.352,193724176, 1032.7352999948323, 3287584, 54.83572496177977, 177114, 0, 0.0, 30, 
2019-12-04 15:28:48.374,224931496, 1032.7352999948323, 3288908, 54.83572496177977, 177184, 0, 0.0, 30, 
2019-12-04 15:28:49.395,256869544, 1059.685505391537, 3290316, 56.38400690773945, 177257, 0, 0.0, 30, 
2019-12-04 15:28:50.415,291765984, 1059.685505391537, 3291745, 56.38400690773945, 177349, 0, 0.0, 30, 
2019-12-04 15:28:51.437,324481488, 1059.685505391537, 3293170, 56.38400690773945, 177418, 0, 0.0, 30, 
2019-12-04 15:28:52.462,358930368, 1059.685505391537, 3294668, 56.38400690773945, 177499, 0, 0.0, 30, 
2019-12-04 15:28:53.495,394899472, 1059.685505391537, 3296073, 56.38400690773945, 177598, 0, 0.0, 30, 
2019-12-04 15:28:54.517,145721352, 1087.6791147547153, 3297551, 58.512104215653025, 177681, 0, 0.0, 30, 
2019-12-04 15:28:55.541,176050712, 1087.6791147547153, 3298911, 58.512104215653025, 177751, 0, 0.0, 30, 
2019-12-04 15:28:56.568,209189824, 1087.6791147547153, 3300299, 58.512104215653025, 177824, 0, 0.0, 30, 
2019-12-04 15:28:57.601,241162208, 1087.6791147547153, 3301662, 58.512104215653025, 177905, 0, 0.0, 30, 
2019-12-04 15:28:58.624,273113600, 1087.6791147547153, 3303012, 58.512104215653025, 177975, 0, 0.0, 30, 
2019-12-04 15:28:59.645,305533192, 1107.5497476113408, 3304373, 59.54256346728676, 178048, 0, 0.0, 30, 
2019-12-04 15:29:00.67,337597688, 1107.5497476113408, 3305790, 59.54256346728676, 178128, 0, 0.0, 30, 
2019-12-04 15:29:01.692,369479288, 1107.5497476113408, 3307226, 59.54256346728676, 178194, 0, 0.0, 30, 
2019-12-04 15:29:02.722,404942536, 1107.5497476113408, 3308711, 59.54256346728676, 178276, 0, 0.0, 30, 
2019-12-04 15:29:03.754,151822680, 1107.5497476113408, 3310074, 59.54256346728676, 178348, 0, 0.0, 30, 
2019-12-04 15:29:04.783,184700112, 1129.2217292059458, 3311476, 60.538605097477905, 178416, 0, 0.0, 30, 
2019-12-04 15:29:05.813,219663192, 1129.2217292059458, 3312931, 60.538605097477905, 178486, 0, 0.0, 30, 
2019-12-04 15:29:06.839,250891536, 1129.2217292059458, 3314289, 60.538605097477905, 178584, 0, 0.0, 30, 
2019-12-04 15:29:07.862,282697896, 1129.2217292059458, 3315639, 60.538605097477905, 178663, 0, 0.0, 30, 
2019-12-04 15:29:08.887,315202920, 1129.2217292059458, 3317065, 60.538605097477905, 178739, 0, 0.0, 30, 
2019-12-04 15:29:09.923,347425488, 1147.5937853527462, 3318419, 61.854785562926935, 178808, 0, 0.0, 30, 
2019-12-04 15:29:10.955,378028360, 1147.5937853527462, 3319745, 61.854785562926935, 178863, 0, 0.0, 30, 
2019-12-04 15:29:11.978,410068976, 1147.5937853527462, 3321118, 61.854785562926935, 178941, 0, 0.0, 30, 
2019-12-04 15:29:13.011,156781760, 1147.5937853527462, 3322529, 61.854785562926935, 179023, 0, 0.0, 30, 
2019-12-04 15:29:14.038,189343872, 1147.5937853527462, 3323899, 61.854785562926935, 179099, 0, 0.0, 30, 
2019-12-04 15:29:15.079,221916176, 1161.8903409127824, 3325265, 62.45806759999039, 179174, 0, 0.0, 30, 
2019-12-04 15:29:16.109,254112792, 1161.8903409127824, 3326684, 62.45806759999039, 179243, 0, 0.0, 30, 
2019-12-04 15:29:17.135,286450448, 1161.8903409127824, 3328092, 62.45806759999039, 179317, 0, 0.0, 30, 
2019-12-04 15:29:18.163,318351376, 1161.8903409127824, 3329482, 62.45806759999039, 179405, 0, 0.0, 30, 
2019-12-04 15:29:19.193,352877240, 1161.8903409127824, 3330915, 62.45806759999039, 179473, 0, 0.0, 30, 
2019-12-04 15:29:20.225,385120536, 1178.1141014824652, 3332354, 63.22099839060059, 179543, 0, 0.0, 30, 
2019-12-04 15:29:21.251,138725224, 1178.1141014824652, 3333777, 63.22099839060059, 179613, 0, 0.0, 30, 
2019-12-04 15:29:22.277,172320464, 1178.1141014824652, 3335225, 63.22099839060059, 179690, 0, 0.0, 30, 
2019-12-04 15:29:23.323,205703384, 1178.1141014824652, 3336667, 63.22099839060059, 179771, 0, 0.0, 30, 
2019-12-04 15:29:24.355,236692880, 1178.1141014824652, 3338010, 63.22099839060059, 179870, 0, 0.0, 30, 
2019-12-04 15:29:25.382,269647664, 1193.6323531106284, 3339470, 64.41865323254842, 179934, 0, 0.0, 30, 
2019-12-04 15:29:26.422,300486288, 1193.6323531106284, 3340808, 64.41865323254842, 180001, 0, 0.0, 30, 
2019-12-04 15:29:27.447,330971816, 1193.6323531106284, 3342121, 64.41865323254842, 180057, 0, 0.0, 30, 
2019-12-04 15:29:28.483,359825848, 1193.6323531106284, 3343369, 64.41865323254842, 180106, 0, 0.0, 30, 
2019-12-04 15:29:29.512,391450688, 1202.648756328542, 3344738, 63.80949935360381, 180165, 0, 0.0, 30, 
2019-12-04 15:29:30.537,139155704, 1202.648756328542, 3346102, 63.80949935360381, 180228, 0, 0.0, 30, 
2019-12-04 15:29:31.561,172811400, 1202.648756328542, 3347507, 63.80949935360381, 180313, 0, 0.0, 30, 
2019-12-04 15:29:32.587,202911536, 1202.648756328542, 3348844, 63.80949935360381, 180397, 0, 0.0, 30, 
2019-12-04 15:29:33.617,235908440, 1202.648756328542, 3350244, 63.80949935360381, 180478, 0, 0.0, 30, 
2019-12-04 15:29:34.645,268180104, 1214.3343645689458, 3351663, 64.73622461752562, 180551, 0, 0.0, 30, 
2019-12-04 15:29:35.669,299245064, 1214.3343645689458, 3353004, 64.73622461752562, 180629, 0, 0.0, 30, 
2019-12-04 15:29:36.7,332286808, 1214.3343645689458, 3354335, 64.73622461752562, 180716, 0, 0.0, 30, 
2019-12-04 15:29:37.74,359110656, 1214.3343645689458, 3355485, 64.73622461752562, 180778, 0, 0.0, 30, 
2019-12-04 15:29:38.768,389104720, 1214.3343645689458, 3356789, 64.73622461752562, 180857, 0, 0.0, 30, 
2019-12-04 15:29:39.795,137320008, 1218.3373917567906, 3358166, 65.4609240838997, 180929, 0, 0.0, 30, 
2019-12-04 15:29:40.819,166872712, 1218.3373917567906, 3359453, 65.4609240838997, 180999, 0, 0.0, 30, 
2019-12-04 15:29:41.843,200803600, 1218.3373917567906, 3360904, 65.4609240838997, 181087, 0, 0.0, 30, 
2019-12-04 15:29:42.87,232617936, 1218.3373917567906, 3362312, 65.4609240838997, 181165, 0, 0.0, 30, 
2019-12-04 15:29:43.903,265063328, 1218.3373917567906, 3363719, 65.4609240838997, 181233, 0, 0.0, 30, 
2019-12-04 15:29:44.926,295863792, 1227.7931478263395, 3364992, 65.98375972655478, 181292, 0, 0.0, 30, 
2019-12-04 15:29:45.956,326627272, 1227.7931478263395, 3366353, 65.98375972655478, 181354, 0, 0.0, 30, 
2019-12-04 15:29:46.982,357906640, 1227.7931478263395, 3367669, 65.98375972655478, 181420, 0, 0.0, 30, 
2019-12-04 15:29:48.005,388592968, 1227.7931478263395, 3368988, 65.98375972655478, 181496, 0, 0.0, 30, 
2019-12-04 15:29:49.03,139066128, 1227.7931478263395, 3370273, 65.98375972655478, 181578, 0, 0.0, 30, 
2019-12-04 15:29:50.085,172477272, 1231.983368369319, 3371749, 66.11298716371775, 181660, 0, 0.0, 30, 
2019-12-04 15:29:51.107,204283160, 1231.983368369319, 3373153, 66.11298716371775, 181729, 0, 0.0, 30, 
2019-12-04 15:29:52.129,237037888, 1231.983368369319, 3374567, 66.11298716371775, 181799, 0, 0.0, 30, 
2019-12-04 15:29:53.151,266574488, 1231.983368369319, 3375824, 66.11298716371775, 181861, 0, 0.0, 30, 
2019-12-04 15:29:54.174,300192008, 1231.983368369319, 3377256, 66.11298716371775, 181936, 0, 0.0, 30, 
2019-12-04 15:29:55.203,331850008, 1242.4428887275703, 3378656, 66.4557577845343, 182004, 0, 0.0, 30, 
2019-12-04 15:29:56.238,363591312, 1242.4428887275703, 3379961, 66.4557577845343, 182087, 0, 0.0, 30, 
2019-12-04 15:29:57.259,395122080, 1242.4428887275703, 3381320, 66.4557577845343, 182154, 0, 0.0, 30, 
2019-12-04 15:29:58.281,140824896, 1242.4428887275703, 3382638, 66.4557577845343, 182208, 0, 0.0, 30, 
2019-12-04 15:29:59.315,171850912, 1242.4428887275703, 3383980, 66.4557577845343, 182291, 0, 0.0, 30, 
2019-12-04 15:30:00.339,205709176, 1247.5086436467525, 3385373, 66.69116639434493, 182376, 0, 0.0, 30, 
2019-12-04 15:30:01.423,238363816, 1247.5086436467525, 3386757, 66.69116639434493, 182461, 0, 0.0, 30, 
2019-12-04 15:30:02.45,270798496, 1247.5086436467525, 3388174, 66.69116639434493, 182532, 0, 0.0, 30, 
2019-12-04 15:30:03.476,299928320, 1247.5086436467525, 3389401, 66.69116639434493, 182600, 0, 0.0, 30, 
2019-12-04 15:30:04.499,329734968, 1251.3218339610978, 3390701, 67.01969059047579, 182661, 0, 0.0, 30, 
2019-12-04 15:30:05.521,359647976, 1251.3218339610978, 3391950, 67.01969059047579, 182736, 0, 0.0, 30, 
2019-12-04 15:30:06.551,390250624, 1251.3218339610978, 3393328, 67.01969059047579, 182799, 0, 0.0, 30, 
2019-12-04 15:30:07.592,141766592, 1251.3218339610978, 3394601, 67.01969059047579, 182858, 0, 0.0, 30, 
2019-12-04 15:30:08.623,173098168, 1251.3218339610978, 3395945, 67.01969059047579, 182921, 0, 0.0, 30, 
2019-12-04 15:30:09.647,203549200, 1253.1510711189458, 3397292, 66.5703649397122, 182975, 0, 0.0, 30, 
2019-12-04 15:30:10.68,235455304, 1253.1510711189458, 3398656, 66.5703649397122, 183041, 0, 0.0, 30, 
2019-12-04 15:30:11.705,265547752, 1253.1510711189458, 3399961, 66.5703649397122, 183116, 0, 0.0, 30, 
2019-12-04 15:30:12.732,296907464, 1253.1510711189458, 3401307, 66.5703649397122, 183189, 0, 0.0, 30, 
2019-12-04 15:30:13.755,329174896, 1253.1510711189458, 3402669, 66.5703649397122, 183259, 0, 0.0, 30, 
2019-12-04 15:30:14.78,359381504, 1257.8083983248455, 3403994, 66.66868113074983, 183328, 0, 0.0, 30, 
2019-12-04 15:30:15.803,390154400, 1257.8083983248455, 3405319, 66.66868113074983, 183395, 0, 0.0, 30, 
2019-12-04 15:30:16.828,139115080, 1257.8083983248455, 3406754, 66.66868113074983, 183454, 0, 0.0, 30, 
2019-12-04 15:30:17.853,172909056, 1257.8083983248455, 3408207, 66.66868113074983, 183523, 0, 0.0, 30, 
2019-12-04 15:30:18.882,204856920, 1257.8083983248455, 3409615, 66.66868113074983, 183602, 0, 0.0, 30, 
2019-12-04 15:30:19.909,238901328, 1266.8267168616785, 3411068, 66.64719857366266, 183669, 0, 0.0, 30, 
2019-12-04 15:30:20.939,270254096, 1266.8267168616785, 3412446, 66.64719857366266, 183734, 0, 0.0, 30, 
2019-12-04 15:30:21.963,300835816, 1266.8267168616785, 3413771, 66.64719857366266, 183809, 0, 0.0, 30, 
2019-12-04 15:30:22.988,331265552, 1266.8267168616785, 3415012, 66.64719857366266, 183886, 0, 0.0, 30, 
2019-12-04 15:30:24.009,361899648, 1266.8267168616785, 3416321, 66.64719857366266, 183971, 0, 0.0, 30, 
2019-12-04 15:30:25.031,394809448, 1269.9428485288202, 3417756, 67.34703393533876, 184056, 0, 0.0, 30, 
2019-12-04 15:30:26.056,143579272, 1269.9428485288202, 3419188, 67.34703393533876, 184149, 0, 0.0, 30, 
2019-12-04 15:30:27.085,174791232, 1269.9428485288202, 3420476, 67.34703393533876, 184216, 0, 0.0, 30, 
2019-12-04 15:30:28.112,204130928, 1269.9428485288202, 3421762, 67.34703393533876, 184302, 0, 0.0, 30, 
2019-12-04 15:30:29.136,235282456, 1269.9428485288202, 3423061, 67.34703393533876, 184377, 0, 0.0, 30, 
2019-12-04 15:30:30.158,263890408, 1272.889783649794, 3424317, 68.10285137052789, 184444, 0, 0.0, 30, 
2019-12-04 15:30:31.181,295046440, 1272.889783649794, 3425608, 68.10285137052789, 184502, 0, 0.0, 30, 
2019-12-04 15:30:32.216,327557864, 1272.889783649794, 3426988, 68.10285137052789, 184573, 0, 0.0, 30, 
2019-12-04 15:30:33.241,360247304, 1272.889783649794, 3428429, 68.10285137052789, 184631, 0, 0.0, 30, 
2019-12-04 15:30:34.268,392462888, 1272.889783649794, 3429770, 68.10285137052789, 184699, 0, 0.0, 30, 
2019-12-04 15:30:35.289,139286064, 1275.617085965195, 3431165, 67.69484990213778, 184778, 0, 0.0, 30, 
2019-12-04 15:30:36.318,173550544, 1275.617085965195, 3432596, 67.69484990213778, 184853, 0, 0.0, 30, 
2019-12-04 15:30:37.34,206764528, 1275.617085965195, 3434012, 67.69484990213778, 184939, 0, 0.0, 30, 
2019-12-04 15:30:38.363,238497520, 1275.617085965195, 3435350, 67.69484990213778, 185018, 0, 0.0, 30, 
2019-12-04 15:30:39.385,269726392, 1282.1081133789453, 3436701, 67.69484990213778, 185080, 0, 0.0, 30, 
2019-12-04 15:30:40.41,302786648, 1282.1081133789453, 3438100, 68.26294633735887, 185157, 0, 0.0, 30, 
2019-12-04 15:30:41.434,335068296, 1282.1081133789453, 3439526, 68.26294633735887, 185230, 0, 0.0, 30, 
2019-12-04 15:30:42.46,366312456, 1282.1081133789453, 3440882, 68.26294633735887, 185295, 0, 0.0, 30, 
2019-12-04 15:30:43.512,396994840, 1282.1081133789453, 3442223, 68.26294633735887, 185337, 0, 0.0, 30, 
2019-12-04 15:30:44.538,144328832, 1285.5375592813843, 3443530, 67.85813549925503, 185411, 0, 0.0, 30, 
2019-12-04 15:30:45.562,176264648, 1285.5375592813843, 3444882, 67.85813549925503, 185477, 0, 0.0, 30, 
2019-12-04 15:30:46.584,209329968, 1285.5375592813843, 3446273, 67.85813549925503, 185539, 0, 0.0, 30, 
2019-12-04 15:30:47.606,240799504, 1285.5375592813843, 3447613, 67.85813549925503, 185612, 0, 0.0, 30, 
2019-12-04 15:30:48.639,273516192, 1285.5375592813843, 3449048, 67.85813549925503, 185678, 0, 0.0, 30, 
2019-12-04 15:30:49.662,305896984, 1288.7887485316417, 3450338, 67.64560271941751, 185741, 0, 0.0, 30, 
2019-12-04 15:30:50.683,336717064, 1288.7887485316417, 3451746, 67.64560271941751, 185813, 0, 0.0, 30, 
2019-12-04 15:30:51.708,367604104, 1288.7887485316417, 3453103, 67.64560271941751, 185893, 0, 0.0, 30, 
2019-12-04 15:30:52.73,401427760, 1288.7887485316417, 3454523, 67.64560271941751, 185956, 0, 0.0, 30, 
2019-12-04 15:30:53.763,153801144, 1288.7887485316417, 3455974, 67.64560271941751, 186044, 0, 0.0, 30, 
2019-12-04 15:30:54.791,187625040, 1296.1135797693344, 3457438, 67.8658321663299, 186098, 0, 0.0, 30, 
2019-12-04 15:30:55.819,220731424, 1296.1135797693344, 3458896, 67.8658321663299, 186166, 0, 0.0, 30, 
2019-12-04 15:30:56.842,255922912, 1296.1135797693344, 3460414, 67.8658321663299, 186242, 0, 0.0, 30, 
2019-12-04 15:30:57.864,295644416, 1296.1135797693344, 3461821, 67.8658321663299, 186304, 0, 0.0, 30, 
2019-12-04 15:30:58.886,332497088, 1296.1135797693344, 3463153, 67.8658321663299, 186376, 0, 0.0, 30, 
2019-12-04 15:30:59.909,366455264, 1304.2919503743483, 3464602, 67.79660404863822, 186450, 0, 0.0, 30, 
2019-12-04 15:31:00.934,400693424, 1304.2919503743483, 3466033, 67.79660404863822, 186502, 0, 0.0, 30, 
2019-12-04 15:31:01.957,148374280, 1304.2919503743483, 3467406, 67.79660404863822, 186578, 0, 0.0, 30, 
2019-12-04 15:31:02.982,179498048, 1304.2919503743483, 3468747, 67.79660404863822, 186645, 0, 0.0, 30, 
2019-12-04 15:31:04.005,210542296, 1304.2919503743483, 3470070, 67.79660404863822, 186718, 0, 0.0, 30, 
2019-12-04 15:31:05.047,245703640, 1307.5947596626881, 3471521, 67.76489333976897, 186798, 0, 0.0, 30, 
2019-12-04 15:31:06.068,276900080, 1307.5947596626881, 3472920, 67.76489333976897, 186871, 0, 0.0, 30, 
2019-12-04 15:31:07.091,309626024, 1307.5947596626881, 3474415, 67.76489333976897, 186949, 0, 0.0, 30, 
2019-12-04 15:31:08.118,344374112, 1307.5947596626881, 3475849, 67.76489333976897, 187026, 0, 0.0, 30, 
2019-12-04 15:31:09.143,378135856, 1307.5947596626881, 3477244, 67.76489333976897, 187104, 0, 0.0, 30, 
2019-12-04 15:31:10.172,409606840, 1314.615279052471, 3478601, 68.31139829385876, 187193, 0, 0.0, 30, 
2019-12-04 15:31:11.199,157459088, 1314.615279052471, 3480022, 68.31139829385876, 187278, 0, 0.0, 30, 
2019-12-04 15:31:12.227,190253024, 1314.615279052471, 3481459, 68.31139829385876, 187361, 0, 0.0, 30, 
2019-12-04 15:31:13.255,223513456, 1314.615279052471, 3482886, 68.31139829385876, 187435, 0, 0.0, 30, 
2019-12-04 15:31:14.281,256239728, 1314.615279052471, 3484262, 68.31139829385876, 187500, 0, 0.0, 30, 
2019-12-04 15:31:15.308,289751216, 1318.7877389632358, 3485651, 69.07006499762248, 187587, 0, 0.0, 30, 
2019-12-04 15:31:16.345,320629312, 1318.7877389632358, 3486992, 69.07006499762248, 187642, 0, 0.0, 30, 
2019-12-04 15:31:17.376,351638944, 1318.7877389632358, 3488343, 69.07006499762248, 187710, 0, 0.0, 30, 
2019-12-04 15:31:18.401,383024864, 1318.7877389632358, 3489708, 69.07006499762248, 187769, 0, 0.0, 30, 
2019-12-04 15:31:19.427,414903936, 1319.5243106870178, 3491077, 68.79261391946328, 187842, 0, 0.0, 30, 
2019-12-04 15:31:20.455,163379712, 1319.5243106870178, 3492436, 68.79261391946328, 187919, 0, 0.0, 30, 
2019-12-04 15:31:21.479,195313016, 1319.5243106870178, 3493793, 68.79261391946328, 187994, 0, 0.0, 30, 
2019-12-04 15:31:22.505,227691056, 1319.5243106870178, 3495221, 68.79261391946328, 188060, 0, 0.0, 30, 
2019-12-04 15:31:23.545,262387632, 1319.5243106870178, 3496642, 68.79261391946328, 188139, 0, 0.0, 30, 
2019-12-04 15:31:24.588,291841440, 1319.690273641085, 3497897, 68.7932044778562, 188192, 0, 0.0, 30, 
2019-12-04 15:31:25.614,321921536, 1319.690273641085, 3499202, 68.7932044778562, 188258, 0, 0.0, 30, 
2019-12-04 15:31:26.641,353165160, 1319.690273641085, 3500564, 68.7932044778562, 188342, 0, 0.0, 30, 
2019-12-04 15:31:27.665,385593936, 1319.690273641085, 3501913, 68.7932044778562, 188402, 0, 0.0, 30, 
2019-12-04 15:31:28.688,417419856, 1319.690273641085, 3503302, 68.7932044778562, 188474, 0, 0.0, 30, 
2019-12-04 15:31:29.711,165311256, 1320.5945494324942, 3504714, 68.6978011153623, 188543, 0, 0.0, 30, 
2019-12-04 15:31:30.742,199049648, 1320.5945494324942, 3506120, 68.6978011153623, 188603, 0, 0.0, 30, 
2019-12-04 15:31:31.775,229241872, 1320.5945494324942, 3507423, 68.6978011153623, 188688, 0, 0.0, 30, 
2019-12-04 15:31:32.802,259928712, 1320.5945494324942, 3508715, 68.6978011153623, 188759, 0, 0.0, 30, 
2019-12-04 15:31:33.836,293548648, 1320.5945494324942, 3510110, 68.6978011153623, 188835, 0, 0.0, 30, 
2019-12-04 15:31:34.873,323419504, 1319.5875448601391, 3511487, 68.88187477482322, 188904, 0, 0.0, 30, 
2019-12-04 15:31:35.936,347659752, 1319.5875448601391, 3512445, 68.88187477482322, 188961, 0, 0.0, 30, 
2019-12-04 15:31:36.964,361851168, 1319.5875448601391, 3512959, 68.88187477482322, 188984, 0, 0.0, 30, 
2019-12-04 15:31:38.0,376261960, 1319.5875448601391, 3513460, 68.88187477482322, 189022, 0, 0.0, 30, 
2019-12-04 15:31:39.03,389814600, 1319.5875448601391, 3513942, 68.88187477482322, 189047, 0, 0.0, 30, 
