Timestamp, MemoryUsed, ReadLatency1, ReadCount, WriteLatency1, WriteCount, PendingTasks, WaitingOnCommit1, SRDelay, 
2019-12-04 15:27:26.087,202490704, 493.09054431468843, 3195516, 26.27821978083391, 173715, 0, 0.0, 30, 
2019-12-04 15:27:27.144,225495424, 493.09054431468843, 3196394, 26.27821978083391, 173750, 0, 0.0, 30, 
2019-12-04 15:27:28.206,244183032, 493.09054431468843, 3197164, 26.27821978083391, 173782, 0, 0.0, 30, 
2019-12-04 15:27:29.258,265471040, 493.09054431468843, 3198033, 26.27821978083391, 173819, 0, 0.0, 30, 
2019-12-04 15:27:30.339,291640896, 517.3898027436912, 3199121, 27.23143269691789, 173876, 0, 0.0, 30, 
2019-12-04 15:27:31.37,318806832, 517.3898027436912, 3200243, 27.23143269691789, 173929, 0, 0.0, 30, 
2019-12-04 15:27:32.404,346696368, 517.3898027436912, 3201392, 27.23143269691789, 173987, 0, 0.0, 30, 
2019-12-04 15:27:33.432,375327296, 517.3898027436912, 3202597, 27.23143269691789, 174044, 0, 0.0, 30, 
2019-12-04 15:27:34.462,402323944, 517.3898027436912, 3203692, 27.23143269691789, 174107, 0, 0.0, 30, 
2019-12-04 15:27:35.493,145269632, 562.3096659325347, 3204756, 29.451684750540853, 174162, 0, 0.0, 30, 
2019-12-04 15:27:36.522,171894864, 562.3096659325347, 3205917, 29.451684750540853, 174215, 0, 0.0, 30, 
2019-12-04 15:27:37.568,197550208, 562.3096659325347, 3206968, 29.451684750540853, 174287, 0, 0.0, 30, 
2019-12-04 15:27:38.596,225397480, 562.3096659325347, 3208105, 29.451684750540853, 174348, 0, 0.0, 30, 
2019-12-04 15:27:39.625,252151096, 562.3096659325347, 3209238, 29.451684750540853, 174417, 0, 0.0, 30, 
2019-12-04 15:27:40.655,279034944, 603.813837453159, 3210362, 31.84621982717692, 174476, 0, 0.0, 30, 
2019-12-04 15:27:41.686,308514448, 603.813837453159, 3211516, 31.84621982717692, 174540, 0, 0.0, 30, 
2019-12-04 15:27:42.71,336212808, 603.813837453159, 3212696, 31.84621982717692, 174595, 0, 0.0, 30, 
2019-12-04 15:27:43.734,364065488, 603.813837453159, 3213861, 31.84621982717692, 174659, 0, 0.0, 30, 
2019-12-04 15:27:44.761,391869880, 603.813837453159, 3215062, 31.84621982717692, 174727, 0, 0.0, 30, 
2019-12-04 15:27:45.792,136118496, 646.3171202545434, 3216175, 34.22520073788542, 174785, 0, 0.0, 30, 
2019-12-04 15:27:46.816,164872800, 646.3171202545434, 3217382, 34.22520073788542, 174838, 0, 0.0, 30, 
2019-12-04 15:27:47.843,193797944, 646.3171202545434, 3218562, 34.22520073788542, 174906, 0, 0.0, 30, 
2019-12-04 15:27:48.868,220642784, 646.3171202545434, 3219704, 34.22520073788542, 174985, 0, 0.0, 30, 
2019-12-04 15:27:49.893,250799760, 646.3171202545434, 3220955, 34.22520073788542, 175036, 0, 0.0, 30, 
2019-12-04 15:27:50.92,278702488, 686.1416284677038, 3222177, 36.254057666551205, 175091, 0, 0.0, 30, 
2019-12-04 15:27:51.945,308522136, 686.1416284677038, 3223411, 36.254057666551205, 175161, 0, 0.0, 30, 
2019-12-04 15:27:52.97,338432248, 686.1416284677038, 3224639, 36.254057666551205, 175214, 0, 0.0, 30, 
2019-12-04 15:27:53.993,368249784, 686.1416284677038, 3225900, 36.254057666551205, 175285, 0, 0.0, 30, 
2019-12-04 15:27:55.018,397370888, 686.1416284677038, 3227109, 36.254057666551205, 175359, 0, 0.0, 30, 
2019-12-04 15:27:56.041,146924152, 728.2828890880841, 3228420, 38.45650961040901, 175428, 0, 0.0, 30, 
2019-12-04 15:27:57.068,176280032, 728.2828890880841, 3229673, 38.45650961040901, 175487, 0, 0.0, 30, 
2019-12-04 15:27:58.098,206213032, 728.2828890880841, 3230887, 38.45650961040901, 175562, 0, 0.0, 30, 
2019-12-04 15:27:59.122,236923488, 728.2828890880841, 3232187, 38.45650961040901, 175634, 0, 0.0, 30, 
2019-12-04 15:28:00.145,267452184, 769.8051926840549, 3233497, 40.77070332717931, 175704, 0, 0.0, 30, 
2019-12-04 15:28:01.167,298002664, 769.8051926840549, 3234814, 40.77070332717931, 175777, 0, 0.0, 30, 
2019-12-04 15:28:02.189,331594144, 769.8051926840549, 3236198, 40.77070332717931, 175858, 0, 0.0, 30, 
2019-12-04 15:28:03.213,360113976, 769.8051926840549, 3237528, 40.77070332717931, 175925, 0, 0.0, 30, 
2019-12-04 15:28:04.241,389977568, 769.8051926840549, 3238705, 40.77070332717931, 175980, 0, 0.0, 30, 
2019-12-04 15:28:05.264,136281408, 808.8231031608519, 3239921, 42.995811033108915, 176057, 0, 0.0, 30, 
2019-12-04 15:28:06.287,167534040, 808.8231031608519, 3241226, 42.995811033108915, 176129, 0, 0.0, 30, 
2019-12-04 15:28:07.311,201333736, 808.8231031608519, 3242664, 42.995811033108915, 176208, 0, 0.0, 30, 
2019-12-04 15:28:08.335,232196728, 808.8231031608519, 3243984, 42.995811033108915, 176279, 0, 0.0, 30, 
2019-12-04 15:28:09.361,264631160, 808.8231031608519, 3245358, 42.995811033108915, 176346, 0, 0.0, 30, 
2019-12-04 15:28:10.383,297182784, 850.3022136244092, 3246776, 45.1709378864912, 176417, 0, 0.0, 30, 
2019-12-04 15:28:11.406,330890768, 850.3022136244092, 3248183, 45.1709378864912, 176487, 0, 0.0, 30, 
2019-12-04 15:28:12.43,364580456, 850.3022136244092, 3249596, 45.1709378864912, 176558, 0, 0.0, 30, 
2019-12-04 15:28:13.454,396522992, 850.3022136244092, 3250961, 45.1709378864912, 176622, 0, 0.0, 30, 
2019-12-04 15:28:14.486,146566032, 850.3022136244092, 3252345, 45.1709378864912, 176703, 0, 0.0, 30, 
2019-12-04 15:28:15.511,180183104, 891.5031497742834, 3253784, 47.14016896490755, 176774, 0, 0.0, 30, 
2019-12-04 15:28:16.533,209838768, 891.5031497742834, 3255044, 47.14016896490755, 176845, 0, 0.0, 30, 
2019-12-04 15:28:17.556,238729168, 891.5031497742834, 3256241, 47.14016896490755, 176905, 0, 0.0, 30, 
2019-12-04 15:28:18.582,267658240, 891.5031497742834, 3257452, 47.14016896490755, 176960, 0, 0.0, 30, 
2019-12-04 15:28:19.606,295751976, 891.5031497742834, 3258688, 47.14016896490755, 177039, 0, 0.0, 30, 
2019-12-04 15:28:20.63,326345576, 917.2246097459835, 3259924, 48.63212667823629, 177113, 0, 0.0, 30, 
2019-12-04 15:28:21.653,356258048, 917.2246097459835, 3261198, 48.63212667823629, 177173, 0, 0.0, 30, 
2019-12-04 15:28:22.679,387018176, 917.2246097459835, 3262473, 48.63212667823629, 177231, 0, 0.0, 30, 
2019-12-04 15:28:23.704,133073608, 917.2246097459835, 3263798, 48.63212667823629, 177313, 0, 0.0, 30, 
2019-12-04 15:28:24.731,165814696, 917.2246097459835, 3265139, 48.63212667823629, 177383, 0, 0.0, 30, 
2019-12-04 15:28:25.754,195676176, 944.9352479488141, 3266441, 50.10074074169235, 177450, 0, 0.0, 30, 
2019-12-04 15:28:26.777,225723384, 944.9352479488141, 3267726, 50.10074074169235, 177528, 0, 0.0, 30, 
2019-12-04 15:28:27.8,257746912, 944.9352479488141, 3269024, 50.10074074169235, 177589, 0, 0.0, 30, 
2019-12-04 15:28:28.826,287237712, 944.9352479488141, 3270316, 50.10074074169235, 177672, 0, 0.0, 30, 
2019-12-04 15:28:29.852,319241744, 944.9352479488141, 3271643, 50.10074074169235, 177745, 0, 0.0, 30, 
2019-12-04 15:28:30.878,348777184, 971.3417595263682, 3272924, 51.723779898281464, 177810, 0, 0.0, 30, 
2019-12-04 15:28:31.9,381356736, 971.3417595263682, 3274213, 51.723779898281464, 177874, 0, 0.0, 30, 
2019-12-04 15:28:32.949,411742560, 971.3417595263682, 3275536, 51.723779898281464, 177947, 0, 0.0, 30, 
2019-12-04 15:28:33.973,160922440, 971.3417595263682, 3276876, 51.723779898281464, 177997, 0, 0.0, 30, 
2019-12-04 15:28:35.005,192374096, 971.3417595263682, 3278204, 51.723779898281464, 178072, 0, 0.0, 30, 
2019-12-04 15:28:36.031,222366904, 995.1411983838431, 3279513, 52.641367794357095, 178143, 0, 0.0, 30, 
2019-12-04 15:28:37.061,255496728, 995.1411983838431, 3280965, 52.641367794357095, 178209, 0, 0.0, 30, 
2019-12-04 15:28:38.095,287759280, 995.1411983838431, 3282247, 52.641367794357095, 178281, 0, 0.0, 30, 
2019-12-04 15:28:39.119,317575576, 995.1411983838431, 3283557, 52.641367794357095, 178357, 0, 0.0, 30, 
2019-12-04 15:28:40.144,346972128, 1018.4609485955731, 3284781, 53.77342952040739, 178411, 0, 0.0, 30, 
2019-12-04 15:28:41.175,376515144, 1018.4609485955731, 3286002, 53.77342952040739, 178488, 0, 0.0, 30, 
2019-12-04 15:28:42.201,408520944, 1018.4609485955731, 3287334, 53.77342952040739, 178555, 0, 0.0, 30, 
2019-12-04 15:28:43.227,156075112, 1018.4609485955731, 3288647, 53.77342952040739, 178643, 0, 0.0, 30, 
2019-12-04 15:28:44.249,188724232, 1018.4609485955731, 3289987, 53.77342952040739, 178710, 0, 0.0, 30, 
2019-12-04 15:28:45.272,218406136, 1037.9332560112334, 3291280, 55.342683451922056, 178785, 0, 0.0, 30, 
2019-12-04 15:28:46.298,253576952, 1037.9332560112334, 3292761, 55.342683451922056, 178858, 0, 0.0, 30, 
2019-12-04 15:28:47.338,288288896, 1037.9332560112334, 3294285, 55.342683451922056, 178928, 0, 0.0, 30, 
2019-12-04 15:28:48.361,321539696, 1037.9332560112334, 3295658, 55.342683451922056, 178994, 0, 0.0, 30, 
2019-12-04 15:28:49.382,355296520, 1037.9332560112334, 3297085, 55.342683451922056, 179065, 0, 0.0, 30, 
2019-12-04 15:28:50.405,390337392, 1069.1852353287857, 3298624, 56.242768786226634, 179140, 0, 0.0, 30, 
2019-12-04 15:28:51.433,140274304, 1069.1852353287857, 3300104, 56.242768786226634, 179224, 0, 0.0, 30, 
2019-12-04 15:28:52.462,175574016, 1069.1852353287857, 3301551, 56.242768786226634, 179299, 0, 0.0, 30, 
2019-12-04 15:28:53.494,209614136, 1069.1852353287857, 3303005, 56.242768786226634, 179372, 0, 0.0, 30, 
2019-12-04 15:28:54.518,242585688, 1069.1852353287857, 3304459, 56.242768786226634, 179458, 0, 0.0, 30, 
2019-12-04 15:28:55.551,276195432, 1096.8990217361918, 3305861, 57.9184164756725, 179527, 0, 0.0, 30, 
2019-12-04 15:28:56.575,309642344, 1096.8990217361918, 3307275, 57.9184164756725, 179600, 0, 0.0, 30, 
2019-12-04 15:28:57.605,341213880, 1096.8990217361918, 3308677, 57.9184164756725, 179667, 0, 0.0, 30, 
2019-12-04 15:28:58.629,374298296, 1096.8990217361918, 3310005, 57.9184164756725, 179735, 0, 0.0, 30, 
2019-12-04 15:28:59.653,406075712, 1096.8990217361918, 3311404, 57.9184164756725, 179803, 0, 0.0, 30, 
2019-12-04 15:29:00.677,153799536, 1116.5761695135707, 3312763, 58.69251315367521, 179885, 0, 0.0, 30, 
2019-12-04 15:29:01.703,186394720, 1116.5761695135707, 3314140, 58.69251315367521, 179954, 0, 0.0, 30, 
2019-12-04 15:29:02.726,218327872, 1116.5761695135707, 3315559, 58.69251315367521, 180025, 0, 0.0, 30, 
2019-12-04 15:29:03.756,251526016, 1116.5761695135707, 3316989, 58.69251315367521, 180077, 0, 0.0, 30, 
2019-12-04 15:29:04.784,286500616, 1116.5761695135707, 3318408, 58.69251315367521, 180152, 0, 0.0, 30, 
2019-12-04 15:29:05.815,319578264, 1137.1586425684752, 3319841, 59.48467206402539, 180231, 0, 0.0, 30, 
2019-12-04 15:29:06.841,351169928, 1137.1586425684752, 3321132, 59.48467206402539, 180299, 0, 0.0, 30, 
2019-12-04 15:29:07.869,382168376, 1137.1586425684752, 3322485, 59.48467206402539, 180375, 0, 0.0, 30, 
2019-12-04 15:29:08.899,132296640, 1137.1586425684752, 3323902, 59.48467206402539, 180450, 0, 0.0, 30, 
2019-12-04 15:29:09.931,164727248, 1137.1586425684752, 3325346, 59.48467206402539, 180530, 0, 0.0, 30, 
2019-12-04 15:29:10.963,195014224, 1154.3364090637433, 3326649, 60.6132713718453, 180594, 0, 0.0, 30, 
2019-12-04 15:29:11.992,228722464, 1154.3364090637433, 3328075, 60.6132713718453, 180654, 0, 0.0, 30, 
2019-12-04 15:29:13.021,262024608, 1154.3364090637433, 3329452, 60.6132713718453, 180716, 0, 0.0, 30, 
2019-12-04 15:29:14.051,293686952, 1154.3364090637433, 3330807, 60.6132713718453, 180782, 0, 0.0, 30, 
2019-12-04 15:29:15.087,328088584, 1154.3364090637433, 3332268, 60.6132713718453, 180871, 0, 0.0, 30, 
2019-12-04 15:29:16.112,361434760, 1168.6535432956273, 3333703, 60.99599706131998, 180954, 0, 0.0, 30, 
2019-12-04 15:29:17.143,394184840, 1168.6535432956273, 3335104, 60.99599706131998, 181024, 0, 0.0, 30, 
2019-12-04 15:29:18.17,143247832, 1168.6535432956273, 3336479, 60.99599706131998, 181093, 0, 0.0, 30, 
2019-12-04 15:29:19.204,176317104, 1168.6535432956273, 3337901, 60.99599706131998, 181171, 0, 0.0, 30, 
2019-12-04 15:29:20.236,212626256, 1186.287464342854, 3339379, 61.9717752601476, 181245, 0, 0.0, 30, 
2019-12-04 15:29:21.258,245647792, 1186.287464342854, 3340779, 61.9717752601476, 181323, 0, 0.0, 30, 
2019-12-04 15:29:22.291,278191848, 1186.287464342854, 3342202, 61.9717752601476, 181395, 0, 0.0, 30, 
2019-12-04 15:29:23.323,309400984, 1186.287464342854, 3343543, 61.9717752601476, 181480, 0, 0.0, 30, 
2019-12-04 15:29:24.373,343688952, 1186.287464342854, 3344917, 61.9717752601476, 181558, 0, 0.0, 30, 
2019-12-04 15:29:25.413,376650952, 1199.1213380906527, 3346350, 62.94949012726669, 181636, 0, 0.0, 30, 
2019-12-04 15:29:26.44,408989064, 1199.1213380906527, 3347714, 62.94949012726669, 181699, 0, 0.0, 30, 
2019-12-04 15:29:27.475,155656776, 1199.1213380906527, 3349049, 62.94949012726669, 181767, 0, 0.0, 30, 
2019-12-04 15:29:28.5,186205952, 1199.1213380906527, 3350291, 62.94949012726669, 181853, 0, 0.0, 30, 
2019-12-04 15:29:29.545,219340688, 1199.1213380906527, 3351712, 62.94949012726669, 181945, 0, 0.0, 30, 
2019-12-04 15:29:30.568,249355024, 1206.8993104476906, 3352986, 64.02493351767515, 182015, 0, 0.0, 30, 
2019-12-04 15:29:31.592,282447728, 1206.8993104476906, 3354395, 64.02493351767515, 182090, 0, 0.0, 30, 
2019-12-04 15:29:32.618,314190512, 1206.8993104476906, 3355755, 64.02493351767515, 182158, 0, 0.0, 30, 
2019-12-04 15:29:33.641,345767520, 1206.8993104476906, 3357065, 64.02493351767515, 182225, 0, 0.0, 30, 
2019-12-04 15:29:34.665,377245168, 1206.8993104476906, 3358446, 64.02493351767515, 182302, 0, 0.0, 30, 
2019-12-04 15:29:35.689,410056208, 1215.4466176573744, 3359807, 64.51866457297228, 182385, 0, 0.0, 30, 
2019-12-04 15:29:36.729,159293784, 1215.4466176573744, 3361102, 64.51866457297228, 182463, 0, 0.0, 30, 
2019-12-04 15:29:37.756,187454696, 1215.4466176573744, 3362287, 64.51866457297228, 182537, 0, 0.0, 30, 
2019-12-04 15:29:38.786,218836112, 1215.4466176573744, 3363642, 64.51866457297228, 182614, 0, 0.0, 30, 
2019-12-04 15:29:39.818,249694904, 1215.4466176573744, 3364995, 64.51866457297228, 182688, 0, 0.0, 30, 
2019-12-04 15:29:40.85,280728312, 1219.184811710638, 3366278, 65.21278582883947, 182758, 0, 0.0, 30, 
2019-12-04 15:29:41.873,312174952, 1219.184811710638, 3367627, 65.21278582883947, 182817, 0, 0.0, 30, 
2019-12-04 15:29:42.904,347871880, 1219.184811710638, 3369108, 65.21278582883947, 182884, 0, 0.0, 30, 
2019-12-04 15:29:43.926,380846656, 1219.184811710638, 3370472, 65.21278582883947, 182974, 0, 0.0, 30, 
2019-12-04 15:29:44.958,414261184, 1219.184811710638, 3371885, 65.21278582883947, 183038, 0, 0.0, 30, 
2019-12-04 15:29:45.98,161770088, 1229.8521011876533, 3373265, 65.41964805237393, 183105, 0, 0.0, 30, 
2019-12-04 15:29:47.001,194121312, 1229.8521011876533, 3374541, 65.41964805237393, 183177, 0, 0.0, 30, 
2019-12-04 15:29:48.029,226606224, 1229.8521011876533, 3375947, 65.41964805237393, 183230, 0, 0.0, 30, 
2019-12-04 15:29:49.057,256997968, 1229.8521011876533, 3377264, 65.41964805237393, 183306, 0, 0.0, 30, 
2019-12-04 15:29:50.082,290104328, 1229.8521011876533, 3378681, 65.41964805237393, 183375, 0, 0.0, 30, 
2019-12-04 15:29:51.11,323100272, 1237.2518226120205, 3380040, 65.45005931499324, 183465, 0, 0.0, 30, 
2019-12-04 15:29:52.135,354277176, 1237.2518226120205, 3381373, 65.45005931499324, 183536, 0, 0.0, 30, 
2019-12-04 15:29:53.16,384463032, 1237.2518226120205, 3382644, 65.45005931499324, 183598, 0, 0.0, 30, 
2019-12-04 15:29:54.182,133386048, 1237.2518226120205, 3384030, 65.45005931499324, 183661, 0, 0.0, 30, 
2019-12-04 15:29:55.206,165917864, 1243.5641703490244, 3385420, 65.58997684682691, 183716, 0, 0.0, 30, 
2019-12-04 15:29:56.23,195932760, 1243.5641703490244, 3386758, 65.58997684682691, 183795, 0, 0.0, 30, 
2019-12-04 15:29:57.251,228472576, 1243.5641703490244, 3388117, 65.58997684682691, 183870, 0, 0.0, 30, 
2019-12-04 15:29:58.284,259484528, 1243.5641703490244, 3389379, 65.58997684682691, 183938, 0, 0.0, 30, 
2019-12-04 15:29:59.312,291310144, 1243.5641703490244, 3390717, 65.58997684682691, 184003, 0, 0.0, 30, 
2019-12-04 15:30:00.337,322229160, 1247.7567078031652, 3392078, 66.10249400027845, 184087, 0, 0.0, 30, 
2019-12-04 15:30:01.444,353473944, 1247.7567078031652, 3393429, 66.10249400027845, 184158, 0, 0.0, 30, 
2019-12-04 15:30:02.468,384013480, 1247.7567078031652, 3394705, 66.10249400027845, 184234, 0, 0.0, 30, 
2019-12-04 15:30:03.492,133460152, 1247.7567078031652, 3395983, 66.10249400027845, 184293, 0, 0.0, 30, 
2019-12-04 15:30:04.512,160069512, 1247.7567078031652, 3397210, 66.10249400027845, 184349, 0, 0.0, 30, 
2019-12-04 15:30:05.535,191984208, 1247.0725512219174, 3398537, 65.90240562759959, 184422, 0, 0.0, 30, 
2019-12-04 15:30:06.566,224672456, 1247.0725512219174, 3399933, 65.90240562759959, 184506, 0, 0.0, 30, 
2019-12-04 15:30:07.605,255865072, 1247.0725512219174, 3401234, 65.90240562759959, 184587, 0, 0.0, 30, 
2019-12-04 15:30:08.629,286460656, 1247.0725512219174, 3402544, 65.90240562759959, 184661, 0, 0.0, 30, 
2019-12-04 15:30:09.659,319829128, 1247.0725512219174, 3403976, 65.90240562759959, 184733, 0, 0.0, 30, 
2019-12-04 15:30:10.686,353611528, 1253.591126112747, 3405397, 66.69377357940637, 184799, 0, 0.0, 30, 
2019-12-04 15:30:11.712,384920200, 1253.591126112747, 3406737, 66.69377357940637, 184871, 0, 0.0, 30, 
2019-12-04 15:30:12.734,131783040, 1253.591126112747, 3408054, 66.69377357940637, 184944, 0, 0.0, 30, 
2019-12-04 15:30:13.759,164743320, 1253.591126112747, 3409417, 66.69377357940637, 185020, 0, 0.0, 30, 
2019-12-04 15:30:14.785,197680352, 1253.591126112747, 3410770, 66.69377357940637, 185095, 0, 0.0, 30, 
2019-12-04 15:30:15.809,227787952, 1258.6610197420976, 3412101, 66.8941603799364, 185163, 0, 0.0, 30, 
2019-12-04 15:30:16.837,259591736, 1258.6610197420976, 3413475, 66.8941603799364, 185242, 0, 0.0, 30, 
2019-12-04 15:30:17.862,291699304, 1258.6610197420976, 3414816, 66.8941603799364, 185314, 0, 0.0, 30, 
2019-12-04 15:30:18.889,322963008, 1258.6610197420976, 3416161, 66.8941603799364, 185387, 0, 0.0, 30, 
2019-12-04 15:30:19.916,354954664, 1258.6610197420976, 3417493, 66.8941603799364, 185447, 0, 0.0, 30, 
2019-12-04 15:30:20.944,387837600, 1263.4374848780653, 3418926, 67.11050737067775, 185515, 0, 0.0, 30, 
2019-12-04 15:30:21.97,139151176, 1263.4374848780653, 3420226, 67.11050737067775, 185596, 0, 0.0, 30, 
2019-12-04 15:30:22.992,166160792, 1263.4374848780653, 3421399, 67.11050737067775, 185655, 0, 0.0, 30, 
2019-12-04 15:30:24.015,197131904, 1263.4374848780653, 3422727, 67.11050737067775, 185743, 0, 0.0, 30, 
2019-12-04 15:30:25.039,231961728, 1263.4374848780653, 3424191, 67.11050737067775, 185816, 0, 0.0, 30, 
2019-12-04 15:30:26.069,263166560, 1266.4248266455604, 3425586, 67.46946738187255, 185892, 0, 0.0, 30, 
2019-12-04 15:30:27.092,293380640, 1266.4248266455604, 3426841, 67.46946738187255, 185968, 0, 0.0, 30, 
2019-12-04 15:30:28.117,323478320, 1266.4248266455604, 3428144, 67.46946738187255, 186031, 0, 0.0, 30, 
2019-12-04 15:30:29.139,354208936, 1266.4248266455604, 3429401, 67.46946738187255, 186089, 0, 0.0, 30, 
2019-12-04 15:30:30.162,386775752, 1267.270370821511, 3430748, 67.31999302302353, 186152, 0, 0.0, 30, 
2019-12-04 15:30:31.198,133133328, 1267.270370821511, 3432025, 67.31999302302353, 186220, 0, 0.0, 30, 
2019-12-04 15:30:32.222,165666928, 1267.270370821511, 3433468, 67.31999302302353, 186292, 0, 0.0, 30, 
2019-12-04 15:30:33.251,198383040, 1267.270370821511, 3434873, 67.31999302302353, 186374, 0, 0.0, 30, 
2019-12-04 15:30:34.275,233894608, 1267.270370821511, 3436419, 67.31999302302353, 186454, 0, 0.0, 30, 
2019-12-04 15:30:35.302,267052424, 1276.4436454818378, 3437822, 67.66220348625826, 186517, 0, 0.0, 30, 
2019-12-04 15:30:36.325,301159592, 1276.4436454818378, 3439197, 67.66220348625826, 186592, 0, 0.0, 30, 
2019-12-04 15:30:37.348,333272048, 1276.4436454818378, 3440589, 67.66220348625826, 186659, 0, 0.0, 30, 
2019-12-04 15:30:38.37,366367336, 1276.4436454818378, 3442000, 67.66220348625826, 186742, 0, 0.0, 30, 
2019-12-04 15:30:39.393,400327504, 1276.4436454818378, 3443448, 67.66220348625826, 186829, 0, 0.0, 30, 
2019-12-04 15:30:40.418,151510520, 1283.780078518817, 3444857, 68.50475917503157, 186923, 0, 0.0, 30, 
2019-12-04 15:30:41.443,185525568, 1283.780078518817, 3446290, 68.50475917503157, 187007, 0, 0.0, 30, 
2019-12-04 15:30:42.501,219840952, 1283.780078518817, 3447737, 68.50475917503157, 187092, 0, 0.0, 30, 
2019-12-04 15:30:43.539,252042256, 1283.780078518817, 3449077, 68.50475917503157, 187174, 0, 0.0, 30, 
2019-12-04 15:30:44.56,282750240, 1283.780078518817, 3450406, 68.50475917503157, 187245, 0, 0.0, 30, 
2019-12-04 15:30:45.583,314830912, 1288.4190953040056, 3451757, 69.31193006464987, 187321, 0, 0.0, 30, 
2019-12-04 15:30:46.604,347607520, 1288.4190953040056, 3453183, 69.31193006464987, 187399, 0, 0.0, 30, 
2019-12-04 15:30:47.628,377212712, 1288.4190953040056, 3454470, 69.31193006464987, 187494, 0, 0.0, 30, 
2019-12-04 15:30:48.654,410083568, 1288.4190953040056, 3455841, 69.31193006464987, 187563, 0, 0.0, 30, 
2019-12-04 15:30:49.675,157118440, 1288.4190953040056, 3457231, 69.31193006464987, 187652, 0, 0.0, 30, 
2019-12-04 15:30:50.7,193170944, 1293.5986904598158, 3458738, 70.11852760159113, 187725, 0, 0.0, 30, 
2019-12-04 15:30:51.725,227783720, 1293.5986904598158, 3460216, 70.11852760159113, 187800, 0, 0.0, 30, 
2019-12-04 15:30:52.749,260861912, 1293.5986904598158, 3461619, 70.11852760159113, 187873, 0, 0.0, 30, 
2019-12-04 15:30:53.772,293636168, 1293.5986904598158, 3463072, 70.11852760159113, 187957, 0, 0.0, 30, 
2019-12-04 15:30:54.797,327557328, 1293.5986904598158, 3464491, 70.11852760159113, 188052, 0, 0.0, 30, 
2019-12-04 15:30:55.823,360941064, 1302.61778519468, 3465936, 70.87662427738182, 188136, 0, 0.0, 30, 
2019-12-04 15:30:56.847,394924680, 1302.61778519468, 3467353, 70.87662427738182, 188212, 0, 0.0, 30, 
2019-12-04 15:30:57.872,143811216, 1302.61778519468, 3468813, 70.87662427738182, 188283, 0, 0.0, 30, 
2019-12-04 15:30:58.894,178059888, 1302.61778519468, 3470256, 70.87662427738182, 188357, 0, 0.0, 30, 
2019-12-04 15:30:59.916,210686624, 1302.61778519468, 3471669, 70.87662427738182, 188435, 0, 0.0, 30, 
2019-12-04 15:31:00.942,244957504, 1310.35606383291, 3473090, 71.15833784576458, 188512, 0, 0.0, 30, 
2019-12-04 15:31:01.966,276730160, 1310.35606383291, 3474435, 71.15833784576458, 188591, 0, 0.0, 30, 
2019-12-04 15:31:02.99,309243808, 1310.35606383291, 3475826, 71.15833784576458, 188669, 0, 0.0, 30, 
2019-12-04 15:31:04.019,339234520, 1310.35606383291, 3477143, 71.15833784576458, 188730, 0, 0.0, 30, 
2019-12-04 15:31:05.05,371452376, 1310.35606383291, 3478500, 71.15833784576458, 188800, 0, 0.0, 30, 
2019-12-04 15:31:06.074,405937120, 1311.71882172617, 3480015, 71.03374003110119, 188881, 0, 0.0, 30, 
2019-12-04 15:31:07.098,156016000, 1311.71882172617, 3481439, 71.03374003110119, 188976, 0, 0.0, 30, 
2019-12-04 15:31:08.127,187904552, 1311.71882172617, 3482812, 71.03374003110119, 189043, 0, 0.0, 30, 
2019-12-04 15:31:09.151,224160192, 1311.71882172617, 3484294, 71.03374003110119, 189125, 0, 0.0, 30, 
2019-12-04 15:31:10.181,257835184, 1320.3125422513842, 3485739, 71.79861594672258, 189213, 0, 0.0, 30, 
2019-12-04 15:31:11.207,290576216, 1320.3125422513842, 3487191, 71.79861594672258, 189281, 0, 0.0, 30, 
2019-12-04 15:31:12.235,323882816, 1320.3125422513842, 3488562, 71.79861594672258, 189355, 0, 0.0, 30, 
2019-12-04 15:31:13.266,357493280, 1320.3125422513842, 3490005, 71.79861594672258, 189415, 0, 0.0, 30, 
2019-12-04 15:31:14.292,388893616, 1320.3125422513842, 3491364, 71.79861594672258, 189493, 0, 0.0, 30, 
2019-12-04 15:31:15.333,140249528, 1323.485776167549, 3492760, 71.43093091680744, 189556, 0, 0.0, 30, 
2019-12-04 15:31:16.364,171604624, 1323.485776167549, 3494143, 71.43093091680744, 189619, 0, 0.0, 30, 
2019-12-04 15:31:17.39,203691232, 1323.485776167549, 3495482, 71.43093091680744, 189689, 0, 0.0, 30, 
2019-12-04 15:31:18.419,249286376, 1323.485776167549, 3496813, 71.43093091680744, 189757, 0, 0.0, 30, 
2019-12-04 15:31:19.445,283997920, 1323.485776167549, 3498206, 71.43093091680744, 189837, 0, 0.0, 30, 
2019-12-04 15:31:20.471,313994752, 1323.6388290546029, 3499537, 71.15660882698775, 189911, 0, 0.0, 30, 
2019-12-04 15:31:21.5,347786928, 1323.6388290546029, 3500941, 71.15660882698775, 190003, 0, 0.0, 30, 
2019-12-04 15:31:22.531,379651880, 1323.6388290546029, 3502323, 71.15660882698775, 190071, 0, 0.0, 30, 
2019-12-04 15:31:23.576,412951136, 1323.6388290546029, 3503734, 71.15660882698775, 190137, 0, 0.0, 30, 
2019-12-04 15:31:24.606,161165320, 1323.6388290546029, 3505031, 71.15660882698775, 190215, 0, 0.0, 30, 
2019-12-04 15:31:25.631,193359480, 1323.076035357218, 3506391, 71.49589165218272, 190302, 0, 0.0, 30, 
2019-12-04 15:31:26.654,224756400, 1323.076035357218, 3507756, 71.49589165218272, 190383, 0, 0.0, 30, 
2019-12-04 15:31:27.68,258401160, 1323.076035357218, 3509125, 71.49589165218272, 190445, 0, 0.0, 30, 
2019-12-04 15:31:28.707,288295176, 1323.076035357218, 3510430, 71.49589165218272, 190506, 0, 0.0, 30, 
2019-12-04 15:31:29.73,320384048, 1323.076035357218, 3511766, 71.49589165218272, 190564, 0, 0.0, 30, 
2019-12-04 15:31:30.766,351187392, 1322.638195744721, 3513048, 71.0884466521469, 190633, 0, 0.0, 30, 
2019-12-04 15:31:31.8,381845832, 1322.638195744721, 3514386, 71.0884466521469, 190709, 0, 0.0, 30, 
2019-12-04 15:31:32.829,413705680, 1322.638195744721, 3515744, 71.0884466521469, 190772, 0, 0.0, 30, 
2019-12-04 15:31:33.859,162707736, 1322.638195744721, 3517155, 71.0884466521469, 190834, 0, 0.0, 30, 
2019-12-04 15:31:34.893,195426080, 1322.638195744721, 3518481, 71.0884466521469, 190906, 0, 0.0, 30, 
2019-12-04 15:31:35.935,218488832, 1320.4763409765849, 3519468, 70.5696591019281, 190962, 0, 0.0, 30, 
2019-12-04 15:31:36.971,232714920, 1320.4763409765849, 3519976, 70.5696591019281, 190985, 0, 0.0, 30, 
2019-12-04 15:31:38.001,246948072, 1320.4763409765849, 3520453, 70.5696591019281, 191010, 0, 0.0, 30, 
2019-12-04 15:31:39.032,260290272, 1320.4763409765849, 3520958, 70.5696591019281, 191040, 0, 0.0, 30, 
2019-12-04 15:31:40.058,275507208, 1320.4763409765849, 3521459, 70.5696591019281, 191068, 0, 0.0, 30, 
2019-12-04 15:31:41.088,287029248, 1258.520649543914, 3521912, 67.3578704942929, 191099, 0, 0.0, 30, 
2019-12-04 15:31:42.12,299710040, 1258.520649543914, 3522374, 67.3578704942929, 191124, 0, 0.0, 30, 
2019-12-04 15:31:43.153,311322624, 1258.520649543914, 3522834, 67.3578704942929, 191153, 0, 0.0, 30, 
2019-12-04 15:31:44.178,325310120, 1258.520649543914, 3523346, 67.3578704942929, 191185, 0, 0.0, 30, 
2019-12-04 15:31:45.212,339378576, 1195.0422592717625, 3523855, 64.08305998338534, 191206, 0, 0.0, 30, 
2019-12-04 15:31:46.237,353250640, 1195.0422592717625, 3524349, 64.08305998338534, 191228, 0, 0.0, 30, 
2019-12-04 15:31:47.266,366724416, 1195.0422592717625, 3524865, 64.08305998338534, 191258, 0, 0.0, 30, 
2019-12-04 15:31:48.298,379115880, 1195.0422592717625, 3525344, 64.08305998338534, 191278, 0, 0.0, 30, 
2019-12-04 15:31:49.331,393690824, 1195.0422592717625, 3525871, 64.08305998338534, 191307, 0, 0.0, 30, 
2019-12-04 15:31:50.361,406150080, 1138.9420417108847, 3526386, 60.87819545896583, 191327, 0, 0.0, 30, 
2019-12-04 15:31:51.385,133514704, 1138.9420417108847, 3526859, 60.87819545896583, 191362, 0, 0.0, 30, 
2019-12-04 15:31:52.412,148363872, 1138.9420417108847, 3527347, 60.87819545896583, 191391, 0, 0.0, 30, 
2019-12-04 15:31:53.437,163004304, 1138.9420417108847, 3527860, 60.87819545896583, 191418, 0, 0.0, 30, 
2019-12-04 15:31:54.462,177701080, 1138.9420417108847, 3528363, 60.87819545896583, 191440, 0, 0.0, 30, 
2019-12-04 15:31:55.493,190708720, 1086.3998650942092, 3528886, 58.21741786096442, 191469, 0, 0.0, 30, 
2019-12-04 15:31:56.52,203833568, 1086.3998650942092, 3529387, 58.21741786096442, 191495, 0, 0.0, 30, 
2019-12-04 15:31:57.545,217257392, 1086.3998650942092, 3529881, 58.21741786096442, 191528, 0, 0.0, 30, 
2019-12-04 15:31:58.569,230586944, 1086.3998650942092, 3530373, 58.21741786096442, 191548, 0, 0.0, 30, 
2019-12-04 15:31:59.599,242845368, 1086.3998650942092, 3530860, 58.21741786096442, 191581, 0, 0.0, 30, 
2019-12-04 15:32:00.624,256406176, 1038.586435829016, 3531365, 55.72141094212999, 191615, 0, 0.0, 30, 
2019-12-04 15:32:01.65,269697536, 1038.586435829016, 3531849, 55.72141094212999, 191641, 0, 0.0, 30, 
2019-12-04 15:32:02.673,281731048, 1038.586435829016, 3532354, 55.72141094212999, 191668, 0, 0.0, 30, 
2019-12-04 15:32:03.697,294797392, 1038.586435829016, 3532841, 55.72141094212999, 191694, 0, 0.0, 30, 
2019-12-04 15:32:04.742,309355280, 1038.586435829016, 3533323, 55.72141094212999, 191726, 0, 0.0, 30, 
2019-12-04 15:32:05.769,322911664, 993.556534679482, 3533814, 53.456955951728496, 191750, 0, 0.0, 30, 
2019-12-04 15:32:06.797,336155168, 993.556534679482, 3534342, 53.456955951728496, 191777, 0, 0.0, 30, 
2019-12-04 15:32:07.821,350385848, 993.556534679482, 3534852, 53.456955951728496, 191804, 0, 0.0, 30, 
2019-12-04 15:32:08.852,361868240, 993.556534679482, 3535308, 53.456955951728496, 191828, 0, 0.0, 30, 
2019-12-04 15:32:09.878,375908520, 993.556534679482, 3535823, 53.456955951728496, 191859, 0, 0.0, 30, 
2019-12-04 15:32:10.912,388512584, 953.1504571282874, 3536285, 51.29360120025943, 191885, 0, 0.0, 30, 
2019-12-04 15:32:11.935,403173008, 953.1504571282874, 3536762, 51.29360120025943, 191909, 0, 0.0, 30, 
2019-12-04 15:32:12.959,136151872, 953.1504571282874, 3537246, 51.29360120025943, 191940, 0, 0.0, 30, 
2019-12-04 15:32:13.992,146870784, 953.1504571282874, 3537728, 51.29360120025943, 191967, 0, 0.0, 30, 
2019-12-04 15:32:15.015,160200640, 953.1504571282874, 3538202, 51.29360120025943, 191994, 0, 0.0, 30, 
2019-12-04 15:32:16.045,173333000, 913.9921726430387, 3538688, 49.35119209553091, 192020, 0, 0.0, 30, 
2019-12-04 15:32:17.069,186616472, 913.9921726430387, 3539187, 49.35119209553091, 192042, 0, 0.0, 30, 
2019-12-04 15:32:18.101,198932736, 913.9921726430387, 3539676, 49.35119209553091, 192067, 0, 0.0, 30, 
2019-12-04 15:32:19.126,212492216, 913.9921726430387, 3540161, 49.35119209553091, 192088, 0, 0.0, 30, 
2019-12-04 15:32:20.149,225343336, 879.2600921989244, 3540673, 47.24426710631759, 192115, 0, 0.0, 30, 
2019-12-04 15:32:21.185,238677440, 879.2600921989244, 3541186, 47.24426710631759, 192143, 0, 0.0, 30, 
2019-12-04 15:32:22.216,252022368, 879.2600921989244, 3541697, 47.24426710631759, 192164, 0, 0.0, 30, 
2019-12-04 15:32:23.238,266164120, 879.2600921989244, 3542221, 47.24426710631759, 192185, 0, 0.0, 30, 
2019-12-04 15:32:24.262,280177152, 879.2600921989244, 3542713, 47.24426710631759, 192215, 0, 0.0, 30, 
2019-12-04 15:32:25.286,293458072, 848.392431538902, 3543205, 45.385758123319604, 192236, 0, 0.0, 30, 
2019-12-04 15:32:26.314,307213392, 848.392431538902, 3543701, 45.385758123319604, 192264, 0, 0.0, 30, 
2019-12-04 15:32:27.341,319071952, 848.392431538902, 3544212, 45.385758123319604, 192282, 0, 0.0, 30, 
2019-12-04 15:32:28.369,332686640, 848.392431538902, 3544681, 45.385758123319604, 192307, 0, 0.0, 30, 
2019-12-04 15:32:29.393,346003056, 848.392431538902, 3545179, 45.385758123319604, 192331, 0, 0.0, 30, 
2019-12-04 15:32:30.419,359567176, 819.4810970096028, 3545696, 43.53192726030666, 192353, 0, 0.0, 30, 
2019-12-04 15:32:31.445,372273672, 819.4810970096028, 3546223, 43.53192726030666, 192378, 0, 0.0, 30, 
2019-12-04 15:32:32.474,385980776, 819.4810970096028, 3546716, 43.53192726030666, 192398, 0, 0.0, 30, 
2019-12-04 15:32:33.5,400493056, 819.4810970096028, 3547175, 43.53192726030666, 192418, 0, 0.0, 30, 
2019-12-04 15:32:34.525,413650080, 819.4810970096028, 3547673, 43.53192726030666, 192442, 0, 0.0, 30, 
2019-12-04 15:32:35.55,144785688, 792.0018737173637, 3548165, 41.81032941205001, 192468, 0, 0.0, 30, 
2019-12-04 15:32:36.575,155163328, 792.0018737173637, 3548651, 41.81032941205001, 192495, 0, 0.0, 30, 
2019-12-04 15:32:37.6,170177744, 792.0018737173637, 3549152, 41.81032941205001, 192516, 0, 0.0, 30, 
2019-12-04 15:32:38.627,182937152, 792.0018737173637, 3549641, 41.81032941205001, 192539, 0, 0.0, 30, 
2019-12-04 15:32:39.652,195375544, 792.0018737173637, 3550108, 41.81032941205001, 192565, 0, 0.0, 30, 
2019-12-04 15:32:40.677,207325352, 766.8636878626543, 3550590, 40.38629409826497, 192584, 0, 0.0, 30, 
2019-12-04 15:32:41.7,220221224, 766.8636878626543, 3551069, 40.38629409826497, 192607, 0, 0.0, 30, 
2019-12-04 15:32:42.725,234371760, 766.8636878626543, 3551571, 40.38629409826497, 192635, 0, 0.0, 30, 
2019-12-04 15:32:43.751,248014144, 766.8636878626543, 3552063, 40.38629409826497, 192664, 0, 0.0, 30, 
2019-12-04 15:32:44.777,261016816, 766.8636878626543, 3552568, 40.38629409826497, 192694, 0, 0.0, 30, 
2019-12-04 15:32:45.803,275329376, 744.1672005341167, 3553076, 39.28400288354589, 192722, 0, 0.0, 30, 
2019-12-04 15:32:46.83,286924968, 744.1672005341167, 3553557, 39.28400288354589, 192739, 0, 0.0, 30, 
2019-12-04 15:32:47.862,300516680, 744.1672005341167, 3554057, 39.28400288354589, 192764, 0, 0.0, 30, 
2019-12-04 15:32:48.886,313651576, 744.1672005341167, 3554509, 39.28400288354589, 192785, 0, 0.0, 30, 
2019-12-04 15:32:49.912,324752808, 744.1672005341167, 3554967, 39.28400288354589, 192813, 0, 0.0, 30, 
2019-12-04 15:32:50.936,339078336, 721.9581614186372, 3555460, 37.91804143251765, 192846, 0, 0.0, 30, 
2019-12-04 15:32:51.962,352972192, 721.9581614186372, 3555980, 37.91804143251765, 192866, 0, 0.0, 30, 
2019-12-04 15:32:52.986,364611904, 721.9581614186372, 3556446, 37.91804143251765, 192889, 0, 0.0, 30, 
2019-12-04 15:32:54.021,379971376, 721.9581614186372, 3556961, 37.91804143251765, 192919, 0, 0.0, 30, 
2019-12-04 15:32:55.044,395075432, 721.9581614186372, 3557501, 37.91804143251765, 192941, 0, 0.0, 30, 
2019-12-04 15:32:56.069,406357272, 703.6676687140904, 3557962, 36.853189633789775, 192966, 0, 0.0, 30, 
2019-12-04 15:32:57.093,134111248, 703.6676687140904, 3558428, 36.853189633789775, 192987, 0, 0.0, 30, 
2019-12-04 15:32:58.116,144824288, 703.6676687140904, 3558918, 36.853189633789775, 193015, 0, 0.0, 30, 
2019-12-04 15:32:59.14,159490528, 703.6676687140904, 3559418, 36.853189633789775, 193041, 0, 0.0, 30, 
2019-12-04 15:33:00.208,172802984, 685.3364380554849, 3559950, 35.809514215665665, 193063, 0, 0.0, 30, 
2019-12-04 15:33:01.233,186474312, 685.3364380554849, 3560457, 35.809514215665665, 193087, 0, 0.0, 30, 
2019-12-04 15:33:02.256,199810096, 685.3364380554849, 3560931, 35.809514215665665, 193117, 0, 0.0, 30, 
2019-12-04 15:33:03.28,213183280, 685.3364380554849, 3561440, 35.809514215665665, 193146, 0, 0.0, 30, 
2019-12-04 15:33:04.308,226682208, 685.3364380554849, 3561951, 35.809514215665665, 193178, 0, 0.0, 30, 
2019-12-04 15:33:05.332,239112448, 669.5103142845719, 3562445, 35.13712658386909, 193203, 0, 0.0, 30, 
2019-12-04 15:33:06.356,252998792, 669.5103142845719, 3562943, 35.13712658386909, 193230, 0, 0.0, 30, 
2019-12-04 15:33:07.38,267127472, 669.5103142845719, 3563456, 35.13712658386909, 193245, 0, 0.0, 30, 
2019-12-04 15:33:08.404,280573552, 669.5103142845719, 3563940, 35.13712658386909, 193277, 0, 0.0, 30, 
2019-12-04 15:33:09.426,291892464, 669.5103142845719, 3564406, 35.13712658386909, 193305, 0, 0.0, 30, 
2019-12-04 15:33:10.45,306495144, 654.469843991687, 3564926, 34.27863334265678, 193328, 0, 0.0, 30, 
2019-12-04 15:33:11.479,320073296, 654.469843991687, 3565420, 34.27863334265678, 193354, 0, 0.0, 30, 
2019-12-04 15:33:12.502,332682552, 654.469843991687, 3565933, 34.27863334265678, 193372, 0, 0.0, 30, 
2019-12-04 15:33:13.525,347401608, 654.469843991687, 3566453, 34.27863334265678, 193390, 0, 0.0, 30, 
2019-12-04 15:33:14.548,359389472, 654.469843991687, 3566949, 34.27863334265678, 193412, 0, 0.0, 30, 
2019-12-04 15:33:15.572,374646496, 641.8952415541767, 3567445, 33.26490579204448, 193436, 0, 0.0, 30, 
2019-12-04 15:33:16.602,388387680, 641.8952415541767, 3567928, 33.26490579204448, 193457, 0, 0.0, 30, 
2019-12-04 15:33:17.626,400799736, 641.8952415541767, 3568423, 33.26490579204448, 193482, 0, 0.0, 30, 
2019-12-04 15:33:18.649,413628928, 641.8952415541767, 3568899, 33.26490579204448, 193501, 0, 0.0, 30, 
2019-12-04 15:33:19.673,143427280, 641.8952415541767, 3569380, 33.26490579204448, 193524, 0, 0.0, 30, 
2019-12-04 15:33:20.697,156309048, 628.1512568932786, 3569877, 32.3002491869995, 193550, 0, 0.0, 30, 
2019-12-04 15:33:21.723,170661056, 628.1512568932786, 3570356, 32.3002491869995, 193569, 0, 0.0, 30, 
2019-12-04 15:33:22.747,182098864, 628.1512568932786, 3570866, 32.3002491869995, 193600, 0, 0.0, 30, 
2019-12-04 15:33:23.771,195736960, 628.1512568932786, 3571372, 32.3002491869995, 193625, 0, 0.0, 30, 
2019-12-04 15:33:24.797,210201600, 628.1512568932786, 3571873, 32.3002491869995, 193642, 0, 0.0, 30, 
2019-12-04 15:33:25.822,223976496, 616.9453811079404, 3572396, 31.62060678745633, 193681, 0, 0.0, 30, 
2019-12-04 15:33:26.851,237023720, 616.9453811079404, 3572886, 31.62060678745633, 193713, 0, 0.0, 30, 
2019-12-04 15:33:27.876,248016544, 616.9453811079404, 3573355, 31.62060678745633, 193741, 0, 0.0, 30, 
2019-12-04 15:33:28.904,262314640, 616.9453811079404, 3573855, 31.62060678745633, 193765, 0, 0.0, 30, 
2019-12-04 15:33:29.931,277266768, 616.9453811079404, 3574394, 31.62060678745633, 193788, 0, 0.0, 30, 
2019-12-04 15:33:30.961,290573392, 606.6514687976842, 3574859, 31.28314570114581, 193808, 0, 0.0, 30, 
2019-12-04 15:33:31.986,303231392, 606.6514687976842, 3575325, 31.28314570114581, 193835, 0, 0.0, 30, 
2019-12-04 15:33:33.015,315179400, 606.6514687976842, 3575817, 31.28314570114581, 193855, 0, 0.0, 30, 
2019-12-04 15:33:34.049,328819096, 606.6514687976842, 3576313, 31.28314570114581, 193882, 0, 0.0, 30, 
2019-12-04 15:33:35.14,342074656, 595.4855538620905, 3576812, 30.604870820825955, 193904, 0, 0.0, 30, 
2019-12-04 15:33:36.164,356377768, 595.4855538620905, 3577288, 30.604870820825955, 193930, 0, 0.0, 30, 
2019-12-04 15:33:37.189,369188896, 595.4855538620905, 3577761, 30.604870820825955, 193956, 0, 0.0, 30, 
2019-12-04 15:33:38.213,380854544, 595.4855538620905, 3578236, 30.604870820825955, 193982, 0, 0.0, 30, 
2019-12-04 15:33:39.237,395761520, 595.4855538620905, 3578716, 30.604870820825955, 194009, 0, 0.0, 30, 
2019-12-04 15:33:40.269,409870512, 585.8520608743369, 3579249, 30.364614615383548, 194042, 0, 0.0, 30, 
2019-12-04 15:33:41.292,138329072, 585.8520608743369, 3579745, 30.364614615383548, 194070, 0, 0.0, 30, 
2019-12-04 15:33:42.316,149324912, 585.8520608743369, 3580189, 30.364614615383548, 194090, 0, 0.0, 30, 
2019-12-04 15:33:43.342,164127688, 585.8520608743369, 3580705, 30.364614615383548, 194119, 0, 0.0, 30, 
2019-12-04 15:33:44.368,178402176, 585.8520608743369, 3581221, 30.364614615383548, 194141, 0, 0.0, 30, 
2019-12-04 15:33:45.398,191464568, 577.9802687161798, 3581759, 29.85572812815179, 194167, 0, 0.0, 30, 
2019-12-04 15:33:46.427,207329416, 577.9802687161798, 3582280, 29.85572812815179, 194197, 0, 0.0, 30, 
2019-12-04 15:33:47.459,218144600, 577.9802687161798, 3582776, 29.85572812815179, 194216, 0, 0.0, 30, 
2019-12-04 15:33:48.483,233789760, 577.9802687161798, 3583290, 29.85572812815179, 194238, 0, 0.0, 30, 
2019-12-04 15:33:49.508,245627856, 577.9802687161798, 3583795, 29.85572812815179, 194267, 0, 0.0, 30, 
2019-12-04 15:33:50.545,260039600, 571.0257104152789, 3584277, 29.403521074968012, 194290, 0, 0.0, 30, 
2019-12-04 15:33:51.569,272589736, 571.0257104152789, 3584791, 29.403521074968012, 194320, 0, 0.0, 30, 
2019-12-04 15:33:52.592,286968160, 571.0257104152789, 3585306, 29.403521074968012, 194347, 0, 0.0, 30, 
2019-12-04 15:33:53.621,298930208, 571.0257104152789, 3585783, 29.403521074968012, 194367, 0, 0.0, 30, 
2019-12-04 15:33:54.646,313629304, 571.0257104152789, 3586286, 29.403521074968012, 194389, 0, 0.0, 30, 
2019-12-04 15:33:55.668,326281864, 564.3233766699125, 3586768, 28.827559330688935, 194404, 0, 0.0, 30, 
2019-12-04 15:33:56.735,340484824, 564.3233766699125, 3587282, 28.827559330688935, 194427, 0, 0.0, 30, 
2019-12-04 15:33:57.777,353634040, 564.3233766699125, 3587793, 28.827559330688935, 194447, 0, 0.0, 30, 
2019-12-04 15:33:58.801,367618944, 564.3233766699125, 3588291, 28.827559330688935, 194476, 0, 0.0, 30, 
2019-12-04 15:33:59.834,381593768, 564.3233766699125, 3588795, 28.827559330688935, 194508, 0, 0.0, 30, 
2019-12-04 15:34:00.857,396211400, 558.3967986986185, 3589305, 28.44156899849203, 194540, 0, 0.0, 30, 
2019-12-04 15:34:01.88,407684944, 558.3967986986185, 3589835, 28.44156899849203, 194569, 0, 0.0, 30, 
2019-12-04 15:34:02.906,137673272, 558.3967986986185, 3590300, 28.44156899849203, 194595, 0, 0.0, 30, 
2019-12-04 15:34:03.93,149004504, 558.3967986986185, 3590792, 28.44156899849203, 194624, 0, 0.0, 30, 
2019-12-04 15:34:04.953,163142360, 558.3967986986185, 3591270, 28.44156899849203, 194645, 0, 0.0, 30, 
2019-12-04 15:34:05.976,175958384, 551.7127677235558, 3591744, 28.294325271217108, 194668, 0, 0.0, 30, 
2019-12-04 15:34:07.0,188329184, 551.7127677235558, 3592243, 28.294325271217108, 194682, 0, 0.0, 30, 
2019-12-04 15:34:08.023,202239600, 551.7127677235558, 3592760, 28.294325271217108, 194716, 0, 0.0, 30, 
2019-12-04 15:34:09.047,216626544, 551.7127677235558, 3593267, 28.294325271217108, 194753, 0, 0.0, 30, 
2019-12-04 15:34:10.071,228645496, 551.7127677235558, 3593766, 28.294325271217108, 194780, 0, 0.0, 30, 
2019-12-04 15:34:11.096,242284480, 546.8584428407449, 3594245, 28.158854502348614, 194809, 0, 0.0, 30, 
2019-12-04 15:34:12.12,256046456, 546.8584428407449, 3594741, 28.158854502348614, 194840, 0, 0.0, 30, 
2019-12-04 15:34:13.144,268801344, 546.8584428407449, 3595245, 28.158854502348614, 194863, 0, 0.0, 30, 
2019-12-04 15:34:14.167,283788480, 546.8584428407449, 3595754, 28.158854502348614, 194886, 0, 0.0, 30, 
2019-12-04 15:34:15.195,295185816, 541.5926924918119, 3596229, 27.97025090980907, 194912, 0, 0.0, 30, 
2019-12-04 15:34:16.22,308636128, 541.5926924918119, 3596691, 27.97025090980907, 194933, 0, 0.0, 30, 
2019-12-04 15:34:17.244,321197496, 541.5926924918119, 3597184, 27.97025090980907, 194953, 0, 0.0, 30, 
2019-12-04 15:34:18.267,334840112, 541.5926924918119, 3597690, 27.97025090980907, 194967, 0, 0.0, 30, 
2019-12-04 15:34:19.291,349316608, 541.5926924918119, 3598190, 27.97025090980907, 194990, 0, 0.0, 30, 
2019-12-04 15:34:20.32,362819904, 537.0038261676299, 3598701, 27.33298483276412, 195017, 0, 0.0, 30, 
2019-12-04 15:34:21.345,375586176, 537.0038261676299, 3599175, 27.33298483276412, 195043, 0, 0.0, 30, 
2019-12-04 15:34:22.37,389384552, 537.0038261676299, 3599710, 27.33298483276412, 195065, 0, 0.0, 30, 
2019-12-04 15:34:23.392,401822864, 537.0038261676299, 3600167, 27.33298483276412, 195098, 0, 0.0, 30, 
2019-12-04 15:34:24.424,134347912, 537.0038261676299, 3600638, 27.33298483276412, 195133, 0, 0.0, 30, 
2019-12-04 15:34:25.456,145119728, 531.6305049072478, 3601129, 27.482263123356397, 195162, 0, 0.0, 30, 
2019-12-04 15:34:26.487,157835664, 531.6305049072478, 3601626, 27.482263123356397, 195192, 0, 0.0, 30, 
2019-12-04 15:34:27.514,173313672, 531.6305049072478, 3602107, 27.482263123356397, 195222, 0, 0.0, 30, 
2019-12-04 15:34:28.543,185407816, 531.6305049072478, 3602598, 27.482263123356397, 195239, 0, 0.0, 30, 
2019-12-04 15:34:29.567,197077384, 531.6305049072478, 3603089, 27.482263123356397, 195269, 0, 0.0, 30, 
2019-12-04 15:34:30.592,213175024, 527.9980822937034, 3603623, 27.39573014180334, 195300, 0, 0.0, 30, 
2019-12-04 15:34:31.617,224853344, 527.9980822937034, 3604128, 27.39573014180334, 195329, 0, 0.0, 30, 
2019-12-04 15:34:32.649,238677680, 527.9980822937034, 3604641, 27.39573014180334, 195353, 0, 0.0, 30, 
2019-12-04 15:34:33.672,252297624, 527.9980822937034, 3605110, 27.39573014180334, 195370, 0, 0.0, 30, 
2019-12-04 15:34:34.697,264614648, 527.9980822937034, 3605617, 27.39573014180334, 195394, 0, 0.0, 30, 
2019-12-04 15:34:35.722,278302784, 524.7840210931317, 3606121, 27.04426696518393, 195421, 0, 0.0, 30, 
2019-12-04 15:34:36.747,292152784, 524.7840210931317, 3606618, 27.04426696518393, 195440, 0, 0.0, 30, 
2019-12-04 15:34:37.772,305618520, 524.7840210931317, 3607118, 27.04426696518393, 195461, 0, 0.0, 30, 
2019-12-04 15:34:38.795,319572592, 524.7840210931317, 3607645, 27.04426696518393, 195489, 0, 0.0, 30, 
2019-12-04 15:34:39.823,333401744, 524.7840210931317, 3608127, 27.04426696518393, 195517, 0, 0.0, 30, 
2019-12-04 15:34:40.847,346326064, 521.7629775689724, 3608617, 26.81685193503217, 195539, 0, 0.0, 30, 
2019-12-04 15:34:41.872,358836336, 521.7629775689724, 3609093, 26.81685193503217, 195563, 0, 0.0, 30, 
2019-12-04 15:34:42.897,372416760, 521.7629775689724, 3609577, 26.81685193503217, 195585, 0, 0.0, 30, 
2019-12-04 15:34:43.925,385219672, 521.7629775689724, 3610055, 26.81685193503217, 195616, 0, 0.0, 30, 
2019-12-04 15:34:44.95,398680792, 521.7629775689724, 3610536, 26.81685193503217, 195636, 0, 0.0, 30, 
2019-12-04 15:34:45.975,412063360, 517.7361762164348, 3611059, 26.559646655515877, 195663, 0, 0.0, 30, 
2019-12-04 15:34:47.0,141425008, 517.7361762164348, 3611579, 26.559646655515877, 195679, 0, 0.0, 30, 
2019-12-04 15:34:48.025,155420088, 517.7361762164348, 3612067, 26.559646655515877, 195705, 0, 0.0, 30, 
2019-12-04 15:34:49.049,168775328, 517.7361762164348, 3612553, 26.559646655515877, 195731, 0, 0.0, 30, 
2019-12-04 15:34:50.073,180482144, 517.7361762164348, 3613056, 26.559646655515877, 195758, 0, 0.0, 30, 
2019-12-04 15:34:51.096,195188024, 515.4545495428091, 3613521, 26.338997491757876, 195790, 0, 0.0, 30, 
2019-12-04 15:34:52.121,206872832, 515.4545495428091, 3613996, 26.338997491757876, 195815, 0, 0.0, 30, 
2019-12-04 15:34:53.144,220062888, 515.4545495428091, 3614480, 26.338997491757876, 195839, 0, 0.0, 30, 
2019-12-04 15:34:54.168,235640008, 515.4545495428091, 3615000, 26.338997491757876, 195862, 0, 0.0, 30, 
2019-12-04 15:34:55.193,247941320, 512.7796714508014, 3615516, 26.15198157812383, 195881, 0, 0.0, 30, 
2019-12-04 15:34:56.218,262309768, 512.7796714508014, 3616029, 26.15198157812383, 195901, 0, 0.0, 30, 
2019-12-04 15:34:57.241,274668240, 512.7796714508014, 3616517, 26.15198157812383, 195918, 0, 0.0, 30, 
2019-12-04 15:34:58.265,288318264, 512.7796714508014, 3617012, 26.15198157812383, 195947, 0, 0.0, 30, 
2019-12-04 15:34:59.289,301654040, 512.7796714508014, 3617519, 26.15198157812383, 195974, 0, 0.0, 30, 
2019-12-04 15:35:00.313,314021416, 510.67046937806657, 3618002, 26.011900865486297, 196007, 0, 0.0, 30, 
2019-12-04 15:35:01.336,329546824, 510.67046937806657, 3618505, 26.011900865486297, 196033, 0, 0.0, 30, 
2019-12-04 15:35:02.362,342739296, 510.67046937806657, 3619010, 26.011900865486297, 196061, 0, 0.0, 30, 
2019-12-04 15:35:03.393,357353752, 510.67046937806657, 3619526, 26.011900865486297, 196089, 0, 0.0, 30, 
2019-12-04 15:35:04.418,371093048, 510.67046937806657, 3620036, 26.011900865486297, 196122, 0, 0.0, 30, 
2019-12-04 15:35:05.443,383300816, 509.0337410161307, 3620517, 26.12288714433887, 196143, 0, 0.0, 30, 
2019-12-04 15:35:06.472,396284288, 509.0337410161307, 3621034, 26.12288714433887, 196170, 0, 0.0, 30, 
2019-12-04 15:35:07.497,410843712, 509.0337410161307, 3621543, 26.12288714433887, 196207, 0, 0.0, 30, 
2019-12-04 15:35:08.521,141199872, 509.0337410161307, 3622025, 26.12288714433887, 196227, 0, 0.0, 30, 
2019-12-04 15:35:09.543,157698208, 509.0337410161307, 3622571, 26.12288714433887, 196260, 0, 0.0, 30, 
2019-12-04 15:35:10.566,168711088, 507.71977163335583, 3623038, 26.12905274785286, 196281, 0, 0.0, 30, 
2019-12-04 15:35:11.59,181649264, 507.71977163335583, 3623512, 26.12905274785286, 196307, 0, 0.0, 30, 
2019-12-04 15:35:12.614,193484248, 507.71977163335583, 3623969, 26.12905274785286, 196328, 0, 0.0, 30, 
2019-12-04 15:35:13.641,207611040, 507.71977163335583, 3624477, 26.12905274785286, 196349, 0, 0.0, 30, 
2019-12-04 15:35:14.668,221437552, 507.71977163335583, 3624965, 26.12905274785286, 196380, 0, 0.0, 30, 
2019-12-04 15:35:15.692,233542912, 504.79981191480744, 3625448, 25.97481420618737, 196399, 0, 0.0, 30, 
2019-12-04 15:35:16.715,246279816, 504.79981191480744, 3625924, 25.97481420618737, 196421, 0, 0.0, 30, 
2019-12-04 15:35:17.737,259281168, 504.79981191480744, 3626425, 25.97481420618737, 196441, 0, 0.0, 30, 
2019-12-04 15:35:18.761,274148736, 504.79981191480744, 3626934, 25.97481420618737, 196462, 0, 0.0, 30, 
2019-12-04 15:35:19.789,287149080, 504.79981191480744, 3627426, 25.97481420618737, 196488, 0, 0.0, 30, 
2019-12-04 15:35:20.811,300746216, 503.12075966048485, 3627945, 25.625023375443707, 196518, 0, 0.0, 30, 
2019-12-04 15:35:21.835,315014504, 503.12075966048485, 3628454, 25.625023375443707, 196539, 0, 0.0, 30, 
2019-12-04 15:35:22.857,329003248, 503.12075966048485, 3628938, 25.625023375443707, 196564, 0, 0.0, 30, 
2019-12-04 15:35:23.881,341820240, 503.12075966048485, 3629430, 25.625023375443707, 196584, 0, 0.0, 30, 
2019-12-04 15:35:24.906,353213856, 503.12075966048485, 3629917, 25.625023375443707, 196603, 0, 0.0, 30, 
2019-12-04 15:35:25.929,368922040, 501.30410802176436, 3630430, 25.319191392403585, 196628, 0, 0.0, 30, 
2019-12-04 15:35:26.951,381457192, 501.30410802176436, 3630941, 25.319191392403585, 196658, 0, 0.0, 30, 
2019-12-04 15:35:27.976,394534072, 501.30410802176436, 3631424, 25.319191392403585, 196686, 0, 0.0, 30, 
2019-12-04 15:35:29.001,408907872, 501.30410802176436, 3631942, 25.319191392403585, 196709, 0, 0.0, 30, 
2019-12-04 15:35:30.023,135383320, 501.30410802176436, 3632420, 25.319191392403585, 196730, 0, 0.0, 30, 
2019-12-04 15:35:31.047,151783352, 500.43226368193905, 3632893, 25.293670257778675, 196757, 0, 0.0, 30, 
2019-12-04 15:35:32.071,163136800, 500.43226368193905, 3633398, 25.293670257778675, 196792, 0, 0.0, 30, 
2019-12-04 15:35:33.094,176956640, 500.43226368193905, 3633894, 25.293670257778675, 196813, 0, 0.0, 30, 
2019-12-04 15:35:34.119,190863984, 500.43226368193905, 3634391, 25.293670257778675, 196839, 0, 0.0, 30, 
2019-12-04 15:35:35.142,202087936, 498.78259896172756, 3634864, 25.286180797486157, 196859, 0, 0.0, 30, 
2019-12-04 15:35:36.17,217182704, 498.78259896172756, 3635357, 25.286180797486157, 196880, 0, 0.0, 30, 
2019-12-04 15:35:37.194,229307200, 498.78259896172756, 3635856, 25.286180797486157, 196907, 0, 0.0, 30, 
2019-12-04 15:35:38.218,243469032, 498.78259896172756, 3636360, 25.286180797486157, 196937, 0, 0.0, 30, 
2019-12-04 15:35:39.242,256635296, 498.78259896172756, 3636872, 25.286180797486157, 196961, 0, 0.0, 30, 
2019-12-04 15:35:40.266,270207712, 497.56866537429437, 3637356, 25.343254629671982, 196990, 0, 0.0, 30, 
2019-12-04 15:35:41.29,282283200, 497.56866537429437, 3637849, 25.343254629671982, 197019, 0, 0.0, 30, 
2019-12-04 15:35:42.315,296221768, 497.56866537429437, 3638353, 25.343254629671982, 197044, 0, 0.0, 30, 
2019-12-04 15:35:43.339,309554720, 497.56866537429437, 3638869, 25.343254629671982, 197069, 0, 0.0, 30, 
2019-12-04 15:35:44.383,321213520, 497.56866537429437, 3639237, 25.343254629671982, 197092, 0, 0.0, 30, 
2019-12-04 15:35:45.41,322039600, 489.1598431716398, 3639237, 24.964004929194388, 197092, 0, 0.0, 30, 
2019-12-04 15:35:46.441,322935352, 489.1598431716398, 3639237, 24.964004929194388, 197092, 0, 0.0, 30, 
2019-12-04 15:35:47.473,323827384, 489.1598431716398, 3639237, 24.964004929194388, 197092, 0, 0.0, 30, 
