Timestamp, MemoryUsed, ReadLatency1, ReadCount, WriteLatency1, WriteCount, PendingTasks, WaitingOnCommit1, SRDelay, 
2019-12-04 15:27:26.005,134509560, 491.28642458615747, 3189050, 26.26403435163097, 171902, 0, 0.0, 30, 
2019-12-04 15:27:27.104,153650816, 491.28642458615747, 3189832, 26.26403435163097, 171947, 0, 0.0, 30, 
2019-12-04 15:27:28.19,172100952, 491.28642458615747, 3190550, 26.26403435163097, 171984, 0, 0.0, 30, 
2019-12-04 15:27:29.22,194565680, 491.28642458615747, 3191442, 26.26403435163097, 172030, 0, 0.0, 30, 
2019-12-04 15:27:30.276,221027032, 509.63731685888814, 3192545, 27.45824822812263, 172081, 0, 0.0, 30, 
2019-12-04 15:27:31.354,248486600, 509.63731685888814, 3193724, 27.45824822812263, 172141, 0, 0.0, 30, 
2019-12-04 15:27:32.39,274957888, 509.63731685888814, 3194851, 27.45824822812263, 172198, 0, 0.0, 30, 
2019-12-04 15:27:33.42,303751840, 509.63731685888814, 3195994, 27.45824822812263, 172261, 0, 0.0, 30, 
2019-12-04 15:27:34.446,328664608, 555.5768125215824, 3197089, 29.61239176195455, 172311, 0, 0.0, 30, 
2019-12-04 15:27:35.477,356446488, 555.5768125215824, 3198254, 29.61239176195455, 172390, 0, 0.0, 30, 
2019-12-04 15:27:36.507,384477752, 555.5768125215824, 3199413, 29.61239176195455, 172463, 0, 0.0, 30, 
2019-12-04 15:27:37.556,411219552, 555.5768125215824, 3200542, 29.61239176195455, 172519, 0, 0.0, 30, 
2019-12-04 15:27:38.585,155432904, 555.5768125215824, 3201655, 29.61239176195455, 172585, 0, 0.0, 30, 
2019-12-04 15:27:39.614,181874368, 599.122478282863, 3202780, 32.217953054457766, 172632, 0, 0.0, 30, 
2019-12-04 15:27:40.642,208465608, 599.122478282863, 3203855, 32.217953054457766, 172697, 0, 0.0, 30, 
2019-12-04 15:27:41.674,234360040, 599.122478282863, 3204988, 32.217953054457766, 172754, 0, 0.0, 30, 
2019-12-04 15:27:42.699,264786920, 599.122478282863, 3206203, 32.217953054457766, 172818, 0, 0.0, 30, 
2019-12-04 15:27:43.723,291160720, 599.122478282863, 3207367, 32.217953054457766, 172880, 0, 0.0, 30, 
2019-12-04 15:27:44.747,320341480, 641.6330657601873, 3208598, 34.53522958322903, 172948, 0, 0.0, 30, 
2019-12-04 15:27:45.776,348161160, 641.6330657601873, 3209771, 34.53522958322903, 172998, 0, 0.0, 30, 
2019-12-04 15:27:46.805,376899568, 641.6330657601873, 3210972, 34.53522958322903, 173053, 0, 0.0, 30, 
2019-12-04 15:27:47.83,404519008, 641.6330657601873, 3212135, 34.53522958322903, 173112, 0, 0.0, 30, 
2019-12-04 15:27:48.856,149880864, 641.6330657601873, 3213306, 34.53522958322903, 173161, 0, 0.0, 30, 
2019-12-04 15:27:49.881,178782816, 681.7841169411297, 3214521, 36.07555557893365, 173220, 0, 0.0, 30, 
2019-12-04 15:27:50.908,205667040, 681.7841169411297, 3215691, 36.07555557893365, 173271, 0, 0.0, 30, 
2019-12-04 15:27:51.932,234019640, 681.7841169411297, 3216908, 36.07555557893365, 173338, 0, 0.0, 30, 
2019-12-04 15:27:52.958,264618840, 681.7841169411297, 3218152, 36.07555557893365, 173400, 0, 0.0, 30, 
2019-12-04 15:27:53.982,294808760, 681.7841169411297, 3219436, 36.07555557893365, 173465, 0, 0.0, 30, 
2019-12-04 15:27:55.006,323660880, 723.4422468585218, 3220680, 37.92448406899169, 173548, 0, 0.0, 30, 
2019-12-04 15:27:56.031,352443168, 723.4422468585218, 3221919, 37.92448406899169, 173617, 0, 0.0, 30, 
2019-12-04 15:27:57.053,382689800, 723.4422468585218, 3223181, 37.92448406899169, 173690, 0, 0.0, 30, 
2019-12-04 15:27:58.083,411157600, 723.4422468585218, 3224422, 37.92448406899169, 173759, 0, 0.0, 30, 
2019-12-04 15:27:59.11,158678704, 723.4422468585218, 3225669, 37.92448406899169, 173832, 0, 0.0, 30, 
2019-12-04 15:28:00.134,187662672, 763.2407593837414, 3226927, 40.489100721321925, 173900, 0, 0.0, 30, 
2019-12-04 15:28:01.156,219774568, 763.2407593837414, 3228289, 40.489100721321925, 173968, 0, 0.0, 30, 
2019-12-04 15:28:02.178,249975080, 763.2407593837414, 3229633, 40.489100721321925, 174041, 0, 0.0, 30, 
2019-12-04 15:28:03.201,284211376, 763.2407593837414, 3230977, 40.489100721321925, 174112, 0, 0.0, 30, 
2019-12-04 15:28:04.229,312774016, 763.2407593837414, 3232183, 40.489100721321925, 174175, 0, 0.0, 30, 
2019-12-04 15:28:05.254,342135712, 803.8069644604365, 3233435, 42.768706362593036, 174233, 0, 0.0, 30, 
2019-12-04 15:28:06.277,370348496, 803.8069644604365, 3234641, 42.768706362593036, 174291, 0, 0.0, 30, 
2019-12-04 15:28:07.3,401860400, 803.8069644604365, 3236006, 42.768706362593036, 174364, 0, 0.0, 30, 
2019-12-04 15:28:08.322,150447928, 803.8069644604365, 3237366, 42.768706362593036, 174432, 0, 0.0, 30, 
2019-12-04 15:28:09.347,183017840, 803.8069644604365, 3238796, 42.768706362593036, 174519, 0, 0.0, 30, 
2019-12-04 15:28:10.372,215027048, 843.096582264076, 3240142, 44.73811586380893, 174612, 0, 0.0, 30, 
2019-12-04 15:28:11.396,248824784, 843.096582264076, 3241590, 44.73811586380893, 174696, 0, 0.0, 30, 
2019-12-04 15:28:12.419,280286536, 843.096582264076, 3242956, 44.73811586380893, 174775, 0, 0.0, 30, 
2019-12-04 15:28:13.443,314545800, 843.096582264076, 3244324, 44.73811586380893, 174845, 0, 0.0, 30, 
2019-12-04 15:28:14.471,346554952, 884.042110799476, 3245728, 47.26966034385663, 174918, 0, 0.0, 30, 
2019-12-04 15:28:15.5,380261856, 884.042110799476, 3247170, 47.26966034385663, 174994, 0, 0.0, 30, 
2019-12-04 15:28:16.523,410141896, 884.042110799476, 3248452, 47.26966034385663, 175053, 0, 0.0, 30, 
2019-12-04 15:28:17.546,156776944, 884.042110799476, 3249681, 47.26966034385663, 175116, 0, 0.0, 30, 
2019-12-04 15:28:18.571,185123336, 884.042110799476, 3250891, 47.26966034385663, 175168, 0, 0.0, 30, 
2019-12-04 15:28:19.595,216017464, 914.821644173564, 3252226, 48.39945992255006, 175232, 0, 0.0, 30, 
2019-12-04 15:28:20.619,247280560, 914.821644173564, 3253535, 48.39945992255006, 175299, 0, 0.0, 30, 
2019-12-04 15:28:21.642,278021248, 914.821644173564, 3254877, 48.39945992255006, 175357, 0, 0.0, 30, 
2019-12-04 15:28:22.668,306942088, 914.821644173564, 3256099, 48.39945992255006, 175416, 0, 0.0, 30, 
2019-12-04 15:28:23.692,335889960, 914.821644173564, 3257321, 48.39945992255006, 175485, 0, 0.0, 30, 
2019-12-04 15:28:24.72,364767624, 940.1818252805755, 3258565, 49.74275693898608, 175559, 0, 0.0, 30, 
2019-12-04 15:28:25.743,395628488, 940.1818252805755, 3259892, 49.74275693898608, 175615, 0, 0.0, 30, 
2019-12-04 15:28:26.766,142667424, 940.1818252805755, 3261162, 49.74275693898608, 175691, 0, 0.0, 30, 
2019-12-04 15:28:27.788,171983128, 940.1818252805755, 3262432, 49.74275693898608, 175758, 0, 0.0, 30, 
2019-12-04 15:28:28.812,202977624, 940.1818252805755, 3263735, 49.74275693898608, 175826, 0, 0.0, 30, 
2019-12-04 15:28:29.841,233392072, 966.2487992817468, 3265061, 50.96265873907215, 175888, 0, 0.0, 30, 
2019-12-04 15:28:30.864,263816480, 966.2487992817468, 3266390, 50.96265873907215, 175955, 0, 0.0, 30, 
2019-12-04 15:28:31.889,293497544, 966.2487992817468, 3267633, 50.96265873907215, 176018, 0, 0.0, 30, 
2019-12-04 15:28:32.915,324427096, 966.2487992817468, 3268921, 50.96265873907215, 176093, 0, 0.0, 30, 
2019-12-04 15:28:33.962,354508152, 966.2487992817468, 3270214, 50.96265873907215, 176160, 0, 0.0, 30, 
2019-12-04 15:28:34.993,384177864, 989.4320172641053, 3271501, 52.05304034248932, 176231, 0, 0.0, 30, 
2019-12-04 15:28:36.019,415722296, 989.4320172641053, 3272827, 52.05304034248932, 176319, 0, 0.0, 30, 
2019-12-04 15:28:37.049,162988528, 989.4320172641053, 3274204, 52.05304034248932, 176397, 0, 0.0, 30, 
2019-12-04 15:28:38.082,194730440, 989.4320172641053, 3275496, 52.05304034248932, 176453, 0, 0.0, 30, 
2019-12-04 15:28:39.107,224402688, 989.4320172641053, 3276821, 52.05304034248932, 176509, 0, 0.0, 30, 
2019-12-04 15:28:40.131,253776672, 1013.1762661601027, 3278068, 53.344079953862284, 176568, 0, 0.0, 30, 
2019-12-04 15:28:41.163,283720744, 1013.1762661601027, 3279346, 53.344079953862284, 176636, 0, 0.0, 30, 
2019-12-04 15:28:42.19,314172512, 1013.1762661601027, 3280616, 53.344079953862284, 176729, 0, 0.0, 30, 
2019-12-04 15:28:43.213,346345992, 1013.1762661601027, 3281968, 53.344079953862284, 176790, 0, 0.0, 30, 
2019-12-04 15:28:44.239,377813640, 1013.1762661601027, 3283290, 53.344079953862284, 176876, 0, 0.0, 30, 
2019-12-04 15:28:45.261,408790472, 1032.7352999948323, 3284611, 54.83572496177977, 176936, 0, 0.0, 30, 
2019-12-04 15:28:46.285,158023280, 1032.7352999948323, 3286067, 54.83572496177977, 177022, 0, 0.0, 30, 
2019-12-04 15:28:47.311,192551656, 1032.7352999948323, 3287560, 54.83572496177977, 177112, 0, 0.0, 30, 
2019-12-04 15:28:48.35,223325504, 1032.7352999948323, 3288884, 54.83572496177977, 177182, 0, 0.0, 30, 
2019-12-04 15:28:49.371,256461776, 1032.7352999948323, 3290286, 54.83572496177977, 177254, 0, 0.0, 30, 
2019-12-04 15:28:50.393,290273248, 1059.685505391537, 3291727, 56.38400690773945, 177347, 0, 0.0, 30, 
2019-12-04 15:28:51.422,323193816, 1059.685505391537, 3293158, 56.38400690773945, 177418, 0, 0.0, 30, 
2019-12-04 15:28:52.444,358369664, 1059.685505391537, 3294651, 56.38400690773945, 177496, 0, 0.0, 30, 
2019-12-04 15:28:53.477,393925512, 1059.685505391537, 3296062, 56.38400690773945, 177598, 0, 0.0, 30, 
2019-12-04 15:28:54.507,144714288, 1087.6791147547153, 3297540, 58.512104215653025, 177681, 0, 0.0, 30, 
2019-12-04 15:28:55.533,175476304, 1087.6791147547153, 3298908, 58.512104215653025, 177751, 0, 0.0, 30, 
2019-12-04 15:28:56.564,208577088, 1087.6791147547153, 3300298, 58.512104215653025, 177824, 0, 0.0, 30, 
2019-12-04 15:28:57.595,240587744, 1087.6791147547153, 3301662, 58.512104215653025, 177905, 0, 0.0, 30, 
2019-12-04 15:28:58.618,272375264, 1087.6791147547153, 3303009, 58.512104215653025, 177973, 0, 0.0, 30, 
2019-12-04 15:28:59.642,304378456, 1107.5497476113408, 3304367, 59.54256346728676, 178048, 0, 0.0, 30, 
2019-12-04 15:29:00.667,336416736, 1107.5497476113408, 3305789, 59.54256346728676, 178127, 0, 0.0, 30, 
2019-12-04 15:29:01.689,368888744, 1107.5497476113408, 3307226, 59.54256346728676, 178194, 0, 0.0, 30, 
2019-12-04 15:29:02.715,404097600, 1107.5497476113408, 3308708, 59.54256346728676, 178276, 0, 0.0, 30, 
2019-12-04 15:29:03.739,151000824, 1107.5497476113408, 3310065, 59.54256346728676, 178348, 0, 0.0, 30, 
2019-12-04 15:29:04.768,183544480, 1129.2217292059458, 3311464, 60.538605097477905, 178416, 0, 0.0, 30, 
2019-12-04 15:29:05.797,219039552, 1129.2217292059458, 3312926, 60.538605097477905, 178486, 0, 0.0, 30, 
2019-12-04 15:29:06.827,250312032, 1129.2217292059458, 3314282, 60.538605097477905, 178584, 0, 0.0, 30, 
2019-12-04 15:29:07.856,282084152, 1129.2217292059458, 3315636, 60.538605097477905, 178663, 0, 0.0, 30, 
2019-12-04 15:29:08.882,314628976, 1129.2217292059458, 3317065, 60.538605097477905, 178739, 0, 0.0, 30, 
2019-12-04 15:29:09.917,346207608, 1147.5937853527462, 3318417, 61.854785562926935, 178808, 0, 0.0, 30, 
2019-12-04 15:29:10.947,377455728, 1147.5937853527462, 3319742, 61.854785562926935, 178863, 0, 0.0, 30, 
2019-12-04 15:29:11.977,409452744, 1147.5937853527462, 3321117, 61.854785562926935, 178941, 0, 0.0, 30, 
2019-12-04 15:29:13.007,155748776, 1147.5937853527462, 3322525, 61.854785562926935, 179023, 0, 0.0, 30, 
2019-12-04 15:29:14.035,188767384, 1147.5937853527462, 3323898, 61.854785562926935, 179099, 0, 0.0, 30, 
2019-12-04 15:29:15.071,220921128, 1161.8903409127824, 3325245, 62.45806759999039, 179174, 0, 0.0, 30, 
2019-12-04 15:29:16.099,252950160, 1161.8903409127824, 3326667, 62.45806759999039, 179242, 0, 0.0, 30, 
2019-12-04 15:29:17.123,285845112, 1161.8903409127824, 3328083, 62.45806759999039, 179316, 0, 0.0, 30, 
2019-12-04 15:29:18.158,317777400, 1161.8903409127824, 3329479, 62.45806759999039, 179405, 0, 0.0, 30, 
2019-12-04 15:29:19.19,352265192, 1161.8903409127824, 3330914, 62.45806759999039, 179473, 0, 0.0, 30, 
2019-12-04 15:29:20.22,384546720, 1178.1141014824652, 3332352, 63.22099839060059, 179541, 0, 0.0, 30, 
2019-12-04 15:29:21.247,138131536, 1178.1141014824652, 3333775, 63.22099839060059, 179613, 0, 0.0, 30, 
2019-12-04 15:29:22.273,171763816, 1178.1141014824652, 3335220, 63.22099839060059, 179690, 0, 0.0, 30, 
2019-12-04 15:29:23.302,205148160, 1178.1141014824652, 3336649, 63.22099839060059, 179770, 0, 0.0, 30, 
2019-12-04 15:29:24.349,236137536, 1178.1141014824652, 3338002, 63.22099839060059, 179868, 0, 0.0, 30, 
2019-12-04 15:29:25.387,270018888, 1193.6323531106284, 3339479, 64.41865323254842, 179935, 0, 0.0, 30, 
2019-12-04 15:29:26.429,301040448, 1193.6323531106284, 3340816, 64.41865323254842, 180002, 0, 0.0, 30, 
2019-12-04 15:29:27.458,331714496, 1193.6323531106284, 3342124, 64.41865323254842, 180057, 0, 0.0, 30, 
2019-12-04 15:29:28.487,360433032, 1193.6323531106284, 3343373, 64.41865323254842, 180106, 0, 0.0, 30, 
2019-12-04 15:29:29.521,392004656, 1202.648756328542, 3344741, 63.80949935360381, 180165, 0, 0.0, 30, 
2019-12-04 15:29:30.557,140356208, 1202.648756328542, 3346121, 63.80949935360381, 180230, 0, 0.0, 30, 
2019-12-04 15:29:31.58,173375784, 1202.648756328542, 3347527, 63.80949935360381, 180313, 0, 0.0, 30, 
2019-12-04 15:29:32.604,203470608, 1202.648756328542, 3348860, 63.80949935360381, 180397, 0, 0.0, 30, 
2019-12-04 15:29:33.631,236780120, 1202.648756328542, 3350254, 63.80949935360381, 180479, 0, 0.0, 30, 
2019-12-04 15:29:34.652,268740664, 1214.3343645689458, 3351672, 64.73622461752562, 180551, 0, 0.0, 30, 
2019-12-04 15:29:35.678,299808408, 1214.3343645689458, 3353011, 64.73622461752562, 180630, 0, 0.0, 30, 
2019-12-04 15:29:36.708,332662248, 1214.3343645689458, 3354335, 64.73622461752562, 180716, 0, 0.0, 30, 
2019-12-04 15:29:37.743,359671192, 1214.3343645689458, 3355489, 64.73622461752562, 180778, 0, 0.0, 30, 
2019-12-04 15:29:38.771,390347152, 1214.3343645689458, 3356792, 64.73622461752562, 180858, 0, 0.0, 30, 
2019-12-04 15:29:39.799,137925232, 1218.3373917567906, 3358167, 65.4609240838997, 180929, 0, 0.0, 30, 
2019-12-04 15:29:40.834,167441944, 1218.3373917567906, 3359469, 65.4609240838997, 181000, 0, 0.0, 30, 
2019-12-04 15:29:41.863,201564424, 1218.3373917567906, 3360924, 65.4609240838997, 181088, 0, 0.0, 30, 
2019-12-04 15:29:42.889,233069488, 1218.3373917567906, 3362316, 65.4609240838997, 181165, 0, 0.0, 30, 
2019-12-04 15:29:43.916,265627264, 1218.3373917567906, 3363734, 65.4609240838997, 181233, 0, 0.0, 30, 
2019-12-04 15:29:44.939,297053048, 1227.7931478263395, 3365008, 65.98375972655478, 181292, 0, 0.0, 30, 
2019-12-04 15:29:45.97,327788984, 1227.7931478263395, 3366358, 65.98375972655478, 181354, 0, 0.0, 30, 
2019-12-04 15:29:46.991,358491776, 1227.7931478263395, 3367677, 65.98375972655478, 181421, 0, 0.0, 30, 
2019-12-04 15:29:48.013,389826360, 1227.7931478263395, 3368995, 65.98375972655478, 181498, 0, 0.0, 30, 
2019-12-04 15:29:49.04,139668808, 1227.7931478263395, 3370273, 65.98375972655478, 181578, 0, 0.0, 30, 
2019-12-04 15:29:50.068,171070384, 1231.983368369319, 3371733, 66.11298716371775, 181660, 0, 0.0, 30, 
2019-12-04 15:29:51.097,203706248, 1231.983368369319, 3373144, 66.11298716371775, 181728, 0, 0.0, 30, 
2019-12-04 15:29:52.121,236656184, 1231.983368369319, 3374558, 66.11298716371775, 181798, 0, 0.0, 30, 
2019-12-04 15:29:53.148,266005912, 1231.983368369319, 3375821, 66.11298716371775, 181861, 0, 0.0, 30, 
2019-12-04 15:29:54.171,299623392, 1231.983368369319, 3377255, 66.11298716371775, 181936, 0, 0.0, 30, 
2019-12-04 15:29:55.195,331278792, 1242.4428887275703, 3378647, 66.4557577845343, 182004, 0, 0.0, 30, 
2019-12-04 15:29:56.219,363006408, 1242.4428887275703, 3379949, 66.4557577845343, 182087, 0, 0.0, 30, 
2019-12-04 15:29:57.241,393940488, 1242.4428887275703, 3381303, 66.4557577845343, 182152, 0, 0.0, 30, 
2019-12-04 15:29:58.268,139608776, 1242.4428887275703, 3382626, 66.4557577845343, 182207, 0, 0.0, 30, 
2019-12-04 15:29:59.299,170783288, 1242.4428887275703, 3383960, 66.4557577845343, 182290, 0, 0.0, 30, 
2019-12-04 15:30:00.325,205097504, 1247.5086436467525, 3385359, 66.69116639434493, 182376, 0, 0.0, 30, 
2019-12-04 15:30:01.42,237787832, 1247.5086436467525, 3386750, 66.69116639434493, 182461, 0, 0.0, 30, 
2019-12-04 15:30:02.457,271410272, 1247.5086436467525, 3388177, 66.69116639434493, 182532, 0, 0.0, 30, 
2019-12-04 15:30:03.48,300501640, 1247.5086436467525, 3389404, 66.69116639434493, 182600, 0, 0.0, 30, 
2019-12-04 15:30:04.502,330349400, 1251.3218339610978, 3390703, 67.01969059047579, 182661, 0, 0.0, 30, 
2019-12-04 15:30:05.524,360221296, 1251.3218339610978, 3391951, 67.01969059047579, 182736, 0, 0.0, 30, 
2019-12-04 15:30:06.553,390862352, 1251.3218339610978, 3393328, 67.01969059047579, 182799, 0, 0.0, 30, 
2019-12-04 15:30:07.589,141160672, 1251.3218339610978, 3394600, 67.01969059047579, 182858, 0, 0.0, 30, 
2019-12-04 15:30:08.618,172521056, 1251.3218339610978, 3395943, 67.01969059047579, 182921, 0, 0.0, 30, 
2019-12-04 15:30:09.643,202832432, 1253.1510711189458, 3397285, 66.5703649397122, 182975, 0, 0.0, 30, 
2019-12-04 15:30:10.671,234879512, 1253.1510711189458, 3398652, 66.5703649397122, 183041, 0, 0.0, 30, 
2019-12-04 15:30:11.699,265124224, 1253.1510711189458, 3399957, 66.5703649397122, 183114, 0, 0.0, 30, 
2019-12-04 15:30:12.723,296108104, 1253.1510711189458, 3401301, 66.5703649397122, 183189, 0, 0.0, 30, 
2019-12-04 15:30:13.747,328544720, 1253.1510711189458, 3402656, 66.5703649397122, 183258, 0, 0.0, 30, 
2019-12-04 15:30:14.772,358808368, 1257.8083983248455, 3403990, 66.66868113074983, 183328, 0, 0.0, 30, 
2019-12-04 15:30:15.797,389728208, 1257.8083983248455, 3405312, 66.66868113074983, 183394, 0, 0.0, 30, 
2019-12-04 15:30:16.825,138700104, 1257.8083983248455, 3406752, 66.66868113074983, 183454, 0, 0.0, 30, 
2019-12-04 15:30:17.851,171851120, 1257.8083983248455, 3408205, 66.66868113074983, 183523, 0, 0.0, 30, 
2019-12-04 15:30:18.876,204441968, 1257.8083983248455, 3409604, 66.66868113074983, 183602, 0, 0.0, 30, 
2019-12-04 15:30:19.903,237720608, 1266.8267168616785, 3411058, 66.64719857366266, 183667, 0, 0.0, 30, 
2019-12-04 15:30:20.929,269839144, 1266.8267168616785, 3412440, 66.64719857366266, 183732, 0, 0.0, 30, 
2019-12-04 15:30:21.959,300262432, 1266.8267168616785, 3413769, 66.64719857366266, 183808, 0, 0.0, 30, 
2019-12-04 15:30:22.982,330721728, 1266.8267168616785, 3415009, 66.64719857366266, 183885, 0, 0.0, 30, 
2019-12-04 15:30:24.004,361326264, 1266.8267168616785, 3416318, 66.64719857366266, 183971, 0, 0.0, 30, 
2019-12-04 15:30:25.027,394391808, 1269.9428485288202, 3417750, 67.34703393533876, 184056, 0, 0.0, 30, 
2019-12-04 15:30:26.052,143150680, 1269.9428485288202, 3419187, 67.34703393533876, 184149, 0, 0.0, 30, 
2019-12-04 15:30:27.081,173557112, 1269.9428485288202, 3420470, 67.34703393533876, 184216, 0, 0.0, 30, 
2019-12-04 15:30:28.106,203715552, 1269.9428485288202, 3421756, 67.34703393533876, 184302, 0, 0.0, 30, 
2019-12-04 15:30:29.129,234574304, 1269.9428485288202, 3423055, 67.34703393533876, 184376, 0, 0.0, 30, 
2019-12-04 15:30:30.151,263475072, 1272.889783649794, 3424308, 68.10285137052789, 184443, 0, 0.0, 30, 
2019-12-04 15:30:31.173,294472408, 1272.889783649794, 3425607, 68.10285137052789, 184502, 0, 0.0, 30, 
2019-12-04 15:30:32.211,327138544, 1272.889783649794, 3426984, 68.10285137052789, 184573, 0, 0.0, 30, 
2019-12-04 15:30:33.237,359673376, 1272.889783649794, 3428426, 68.10285137052789, 184631, 0, 0.0, 30, 
2019-12-04 15:30:34.264,392077672, 1272.889783649794, 3429768, 68.10285137052789, 184699, 0, 0.0, 30, 
2019-12-04 15:30:35.287,138869920, 1275.617085965195, 3431164, 67.69484990213778, 184778, 0, 0.0, 30, 
2019-12-04 15:30:36.314,172970408, 1275.617085965195, 3432594, 67.69484990213778, 184853, 0, 0.0, 30, 
2019-12-04 15:30:37.337,206348504, 1275.617085965195, 3434010, 67.69484990213778, 184939, 0, 0.0, 30, 
2019-12-04 15:30:38.359,237920008, 1275.617085965195, 3435347, 67.69484990213778, 185018, 0, 0.0, 30, 
2019-12-04 15:30:39.382,269151520, 1282.1081133789453, 3436701, 67.69484990213778, 185080, 0, 0.0, 30, 
2019-12-04 15:30:40.407,302209152, 1282.1081133789453, 3438099, 68.26294633735887, 185157, 0, 0.0, 30, 
2019-12-04 15:30:41.43,334649352, 1282.1081133789453, 3439523, 68.26294633735887, 185230, 0, 0.0, 30, 
2019-12-04 15:30:42.455,365737440, 1282.1081133789453, 3440878, 68.26294633735887, 185295, 0, 0.0, 30, 
2019-12-04 15:30:43.521,397572376, 1282.1081133789453, 3442224, 68.26294633735887, 185337, 0, 0.0, 30, 
2019-12-04 15:30:44.55,144871440, 1285.5375592813843, 3443543, 67.85813549925503, 185413, 0, 0.0, 30, 
2019-12-04 15:30:45.573,177332256, 1285.5375592813843, 3444891, 67.85813549925503, 185478, 0, 0.0, 30, 
2019-12-04 15:30:46.595,209849184, 1285.5375592813843, 3446281, 67.85813549925503, 185541, 0, 0.0, 30, 
2019-12-04 15:30:47.616,241404200, 1285.5375592813843, 3447620, 67.85813549925503, 185612, 0, 0.0, 30, 
2019-12-04 15:30:48.644,274090344, 1285.5375592813843, 3449048, 67.85813549925503, 185678, 0, 0.0, 30, 
2019-12-04 15:30:49.665,306473616, 1288.7887485316417, 3450343, 67.64560271941751, 185741, 0, 0.0, 30, 
2019-12-04 15:30:50.688,337326624, 1288.7887485316417, 3451750, 67.64560271941751, 185813, 0, 0.0, 30, 
2019-12-04 15:30:51.714,368179424, 1288.7887485316417, 3453106, 67.64560271941751, 185894, 0, 0.0, 30, 
2019-12-04 15:30:52.736,402449112, 1288.7887485316417, 3454533, 67.64560271941751, 185956, 0, 0.0, 30, 
2019-12-04 15:30:53.76,154269552, 1288.7887485316417, 3455983, 67.64560271941751, 186044, 0, 0.0, 30, 
2019-12-04 15:30:54.786,186439504, 1296.1135797693344, 3457434, 67.8658321663299, 186098, 0, 0.0, 30, 
2019-12-04 15:30:55.808,220313944, 1296.1135797693344, 3458882, 67.8658321663299, 186166, 0, 0.0, 30, 
2019-12-04 15:30:56.835,255345024, 1296.1135797693344, 3460403, 67.8658321663299, 186242, 0, 0.0, 30, 
2019-12-04 15:30:57.86,295237136, 1296.1135797693344, 3461812, 67.8658321663299, 186304, 0, 0.0, 30, 
2019-12-04 15:30:58.883,331917904, 1296.1135797693344, 3463152, 67.8658321663299, 186376, 0, 0.0, 30, 
2019-12-04 15:30:59.905,365874944, 1304.2919503743483, 3464598, 67.79660404863822, 186450, 0, 0.0, 30, 
2019-12-04 15:31:00.93,399911864, 1304.2919503743483, 3466033, 67.79660404863822, 186502, 0, 0.0, 30, 
2019-12-04 15:31:01.955,147781472, 1304.2919503743483, 3467406, 67.79660404863822, 186578, 0, 0.0, 30, 
2019-12-04 15:31:02.979,178943600, 1304.2919503743483, 3468745, 67.79660404863822, 186645, 0, 0.0, 30, 
2019-12-04 15:31:04.002,209990488, 1304.2919503743483, 3470068, 67.79660404863822, 186718, 0, 0.0, 30, 
2019-12-04 15:31:05.038,244031200, 1307.5947596626881, 3471515, 67.76489333976897, 186797, 0, 0.0, 30, 
2019-12-04 15:31:06.062,276307224, 1307.5947596626881, 3472914, 67.76489333976897, 186871, 0, 0.0, 30, 
2019-12-04 15:31:07.087,309072976, 1307.5947596626881, 3474411, 67.76489333976897, 186949, 0, 0.0, 30, 
2019-12-04 15:31:08.113,343818272, 1307.5947596626881, 3475846, 67.76489333976897, 187026, 0, 0.0, 30, 
2019-12-04 15:31:09.139,377581496, 1307.5947596626881, 3477239, 67.76489333976897, 187104, 0, 0.0, 30, 
2019-12-04 15:31:10.17,409202336, 1314.615279052471, 3478601, 68.31139829385876, 187193, 0, 0.0, 30, 
2019-12-04 15:31:11.195,156856304, 1314.615279052471, 3480020, 68.31139829385876, 187276, 0, 0.0, 30, 
2019-12-04 15:31:12.223,189688552, 1314.615279052471, 3481453, 68.31139829385876, 187361, 0, 0.0, 30, 
2019-12-04 15:31:13.253,222952920, 1314.615279052471, 3482886, 68.31139829385876, 187435, 0, 0.0, 30, 
2019-12-04 15:31:14.279,255863392, 1314.615279052471, 3484261, 68.31139829385876, 187500, 0, 0.0, 30, 
2019-12-04 15:31:15.305,289189184, 1318.7877389632358, 3485651, 69.07006499762248, 187587, 0, 0.0, 30, 
2019-12-04 15:31:16.352,321200904, 1318.7877389632358, 3486993, 69.07006499762248, 187642, 0, 0.0, 30, 
2019-12-04 15:31:17.378,352199696, 1318.7877389632358, 3488346, 69.07006499762248, 187710, 0, 0.0, 30, 
2019-12-04 15:31:18.403,383585360, 1318.7877389632358, 3489709, 69.07006499762248, 187769, 0, 0.0, 30, 
2019-12-04 15:31:19.433,416131048, 1319.5243106870178, 3491082, 68.79261391946328, 187843, 0, 0.0, 30, 
2019-12-04 15:31:20.459,163979200, 1319.5243106870178, 3492437, 68.79261391946328, 187919, 0, 0.0, 30, 
2019-12-04 15:31:21.487,196514416, 1319.5243106870178, 3493803, 68.79261391946328, 187994, 0, 0.0, 30, 
2019-12-04 15:31:22.515,228617352, 1319.5243106870178, 3495234, 68.79261391946328, 188060, 0, 0.0, 30, 
2019-12-04 15:31:23.558,263129048, 1319.5243106870178, 3496654, 68.79261391946328, 188139, 0, 0.0, 30, 
2019-12-04 15:31:24.595,292406752, 1319.690273641085, 3497900, 68.7932044778562, 188192, 0, 0.0, 30, 
2019-12-04 15:31:25.62,322692000, 1319.690273641085, 3499206, 68.7932044778562, 188258, 0, 0.0, 30, 
2019-12-04 15:31:26.643,353733376, 1319.690273641085, 3500565, 68.7932044778562, 188342, 0, 0.0, 30, 
2019-12-04 15:31:27.668,386204568, 1319.690273641085, 3501914, 68.7932044778562, 188402, 0, 0.0, 30, 
2019-12-04 15:31:28.692,417987800, 1319.690273641085, 3503305, 68.7932044778562, 188474, 0, 0.0, 30, 
2019-12-04 15:31:29.718,165915520, 1320.5945494324942, 3504720, 68.6978011153623, 188544, 0, 0.0, 30, 
2019-12-04 15:31:30.747,199622656, 1320.5945494324942, 3506122, 68.6978011153623, 188603, 0, 0.0, 30, 
2019-12-04 15:31:31.786,229854208, 1320.5945494324942, 3507426, 68.6978011153623, 188688, 0, 0.0, 30, 
2019-12-04 15:31:32.819,260502768, 1320.5945494324942, 3508727, 68.6978011153623, 188759, 0, 0.0, 30, 
2019-12-04 15:31:33.841,294165152, 1320.5945494324942, 3510117, 68.6978011153623, 188835, 0, 0.0, 30, 
2019-12-04 15:31:34.881,323992240, 1319.5875448601391, 3511492, 68.88187477482322, 188905, 0, 0.0, 30, 
2019-12-04 15:31:35.921,347040576, 1319.5875448601391, 3512445, 68.88187477482322, 188961, 0, 0.0, 30, 
2019-12-04 15:31:36.956,361275672, 1319.5875448601391, 3512955, 68.88187477482322, 188984, 0, 0.0, 30, 
2019-12-04 15:31:37.988,375519504, 1319.5875448601391, 3513455, 68.88187477482322, 189022, 0, 0.0, 30, 
2019-12-04 15:31:39.02,388640136, 1319.5875448601391, 3513938, 68.88187477482322, 189047, 0, 0.0, 30, 
2019-12-04 15:31:40.044,401275096, 1266.370103095415, 3514429, 66.38071416571002, 189076, 0, 0.0, 30, 
2019-12-04 15:31:41.07,416363024, 1266.370103095415, 3514962, 66.38071416571002, 189098, 0, 0.0, 30, 
2019-12-04 15:31:42.104,145833160, 1266.370103095415, 3515479, 66.38071416571002, 189131, 0, 0.0, 30, 
2019-12-04 15:31:43.133,159200640, 1266.370103095415, 3515983, 66.38071416571002, 189155, 0, 0.0, 30, 
2019-12-04 15:31:44.166,172835600, 1266.370103095415, 3516490, 66.38071416571002, 189181, 0, 0.0, 30, 
2019-12-04 15:31:45.2,185816552, 1204.950612838168, 3516982, 62.97614823908921, 189197, 0, 0.0, 30, 
2019-12-04 15:31:46.226,199016480, 1204.950612838168, 3517519, 62.97614823908921, 189223, 0, 0.0, 30, 
2019-12-04 15:31:47.25,211837144, 1204.950612838168, 3518005, 62.97614823908921, 189244, 0, 0.0, 30, 
2019-12-04 15:31:48.28,225720256, 1204.950612838168, 3518498, 62.97614823908921, 189270, 0, 0.0, 30, 
2019-12-04 15:31:49.32,237871832, 1204.950612838168, 3518992, 62.97614823908921, 189295, 0, 0.0, 30, 
2019-12-04 15:31:50.348,252770656, 1147.530460204382, 3519510, 59.82780525699029, 189318, 0, 0.0, 30, 
2019-12-04 15:31:51.374,265637240, 1147.530460204382, 3520005, 59.82780525699029, 189340, 0, 0.0, 30, 
2019-12-04 15:31:52.399,277514968, 1147.530460204382, 3520504, 59.82780525699029, 189365, 0, 0.0, 30, 
2019-12-04 15:31:53.425,292201792, 1147.530460204382, 3521019, 59.82780525699029, 189385, 0, 0.0, 30, 
2019-12-04 15:31:54.451,304603840, 1095.1011474133575, 3521519, 56.835243178527946, 189413, 0, 0.0, 30, 
2019-12-04 15:31:55.482,318558096, 1095.1011474133575, 3522008, 56.835243178527946, 189439, 0, 0.0, 30, 
2019-12-04 15:31:56.505,331308976, 1095.1011474133575, 3522486, 56.835243178527946, 189464, 0, 0.0, 30, 
2019-12-04 15:31:57.534,344253992, 1095.1011474133575, 3522983, 56.835243178527946, 189486, 0, 0.0, 30, 
2019-12-04 15:31:58.558,356717144, 1095.1011474133575, 3523479, 56.835243178527946, 189510, 0, 0.0, 30, 
2019-12-04 15:31:59.585,370185568, 1045.5525794170424, 3523963, 54.20988208940022, 189536, 0, 0.0, 30, 
2019-12-04 15:32:00.613,383426176, 1045.5525794170424, 3524429, 54.20988208940022, 189567, 0, 0.0, 30, 
2019-12-04 15:32:01.638,396278720, 1045.5525794170424, 3524925, 54.20988208940022, 189587, 0, 0.0, 30, 
2019-12-04 15:32:02.662,409226856, 1045.5525794170424, 3525417, 54.20988208940022, 189604, 0, 0.0, 30, 
2019-12-04 15:32:03.686,140324752, 1045.5525794170424, 3525946, 54.20988208940022, 189629, 0, 0.0, 30, 
2019-12-04 15:32:04.717,153989248, 1000.3974563401532, 3526428, 51.730468814666565, 189656, 0, 0.0, 30, 
2019-12-04 15:32:05.758,168204848, 1000.3974563401532, 3526926, 51.730468814666565, 189689, 0, 0.0, 30, 
2019-12-04 15:32:06.785,179344544, 1000.3974563401532, 3527376, 51.730468814666565, 189708, 0, 0.0, 30, 
2019-12-04 15:32:07.809,192163792, 1000.3974563401532, 3527852, 51.730468814666565, 189729, 0, 0.0, 30, 
2019-12-04 15:32:08.837,206368584, 1000.3974563401532, 3528378, 51.730468814666565, 189761, 0, 0.0, 30, 
2019-12-04 15:32:09.868,218752208, 958.0371905905808, 3528846, 49.52925406506074, 189775, 0, 0.0, 30, 
2019-12-04 15:32:10.901,233248800, 958.0371905905808, 3529352, 49.52925406506074, 189796, 0, 0.0, 30, 
2019-12-04 15:32:11.924,245530752, 958.0371905905808, 3529850, 49.52925406506074, 189823, 0, 0.0, 30, 
2019-12-04 15:32:12.948,258783464, 958.0371905905808, 3530373, 49.52925406506074, 189845, 0, 0.0, 30, 
2019-12-04 15:32:13.972,272346208, 958.0371905905808, 3530836, 49.52925406506074, 189879, 0, 0.0, 30, 
2019-12-04 15:32:15.005,285037328, 919.8634205391796, 3531326, 47.58399431465689, 189912, 0, 0.0, 30, 
2019-12-04 15:32:16.034,297742688, 919.8634205391796, 3531798, 47.58399431465689, 189940, 0, 0.0, 30, 
2019-12-04 15:32:17.058,309483576, 919.8634205391796, 3532284, 47.58399431465689, 189962, 0, 0.0, 30, 
2019-12-04 15:32:18.086,322960760, 919.8634205391796, 3532764, 47.58399431465689, 189991, 0, 0.0, 30, 
2019-12-04 15:32:19.114,336586592, 919.8634205391796, 3533275, 47.58399431465689, 190021, 0, 0.0, 30, 
2019-12-04 15:32:20.138,349986560, 884.645909915599, 3533777, 45.87422453166528, 190045, 0, 0.0, 30, 
2019-12-04 15:32:21.162,361487648, 884.645909915599, 3534230, 45.87422453166528, 190068, 0, 0.0, 30, 
2019-12-04 15:32:22.199,375228544, 884.645909915599, 3534701, 45.87422453166528, 190085, 0, 0.0, 30, 
2019-12-04 15:32:23.227,388065352, 884.645909915599, 3535185, 45.87422453166528, 190111, 0, 0.0, 30, 
2019-12-04 15:32:24.25,401443592, 884.645909915599, 3535680, 45.87422453166528, 190134, 0, 0.0, 30, 
2019-12-04 15:32:25.274,415599032, 851.0449021886645, 3536160, 44.01332028518742, 190159, 0, 0.0, 30, 
2019-12-04 15:32:26.298,145816112, 851.0449021886645, 3536642, 44.01332028518742, 190174, 0, 0.0, 30, 
2019-12-04 15:32:27.328,158578224, 851.0449021886645, 3537132, 44.01332028518742, 190198, 0, 0.0, 30, 
2019-12-04 15:32:28.353,172824416, 851.0449021886645, 3537603, 44.01332028518742, 190226, 0, 0.0, 30, 
2019-12-04 15:32:29.381,184249640, 820.4503050450645, 3538082, 44.01332028518742, 190257, 0, 0.0, 30, 
2019-12-04 15:32:30.406,197395792, 820.4503050450645, 3538576, 42.39715242950029, 190279, 0, 0.0, 30, 
2019-12-04 15:32:31.433,211229104, 820.4503050450645, 3539060, 42.39715242950029, 190307, 0, 0.0, 30, 
2019-12-04 15:32:32.458,222765232, 820.4503050450645, 3539554, 42.39715242950029, 190333, 0, 0.0, 30, 
2019-12-04 15:32:33.488,237474640, 820.4503050450645, 3540056, 42.39715242950029, 190361, 0, 0.0, 30, 
2019-12-04 15:32:34.513,250685608, 793.1014726789679, 3540544, 41.10209962566151, 190389, 0, 0.0, 30, 
2019-12-04 15:32:35.539,264355392, 793.1014726789679, 3541069, 41.10209962566151, 190410, 0, 0.0, 30, 
2019-12-04 15:32:36.563,276685016, 793.1014726789679, 3541572, 41.10209962566151, 190436, 0, 0.0, 30, 
2019-12-04 15:32:37.589,290897112, 793.1014726789679, 3542068, 41.10209962566151, 190462, 0, 0.0, 30, 
2019-12-04 15:32:38.615,303709144, 793.1014726789679, 3542575, 41.10209962566151, 190480, 0, 0.0, 30, 
2019-12-04 15:32:39.64,317938008, 769.1546571115413, 3543075, 39.76667347317238, 190519, 0, 0.0, 30, 
2019-12-04 15:32:40.666,330268680, 769.1546571115413, 3543563, 39.76667347317238, 190548, 0, 0.0, 30, 
2019-12-04 15:32:41.688,341891016, 769.1546571115413, 3544054, 39.76667347317238, 190572, 0, 0.0, 30, 
2019-12-04 15:32:42.714,356078128, 769.1546571115413, 3544546, 39.76667347317238, 190606, 0, 0.0, 30, 
2019-12-04 15:32:43.738,370837944, 769.1546571115413, 3545077, 39.76667347317238, 190635, 0, 0.0, 30, 
2019-12-04 15:32:44.766,382648592, 746.6747719224961, 3545565, 38.82586220775927, 190663, 0, 0.0, 30, 
2019-12-04 15:32:45.791,396873984, 746.6747719224961, 3546062, 38.82586220775927, 190686, 0, 0.0, 30, 
2019-12-04 15:32:46.817,410048680, 746.6747719224961, 3546537, 38.82586220775927, 190710, 0, 0.0, 30, 
2019-12-04 15:32:47.85,139675640, 746.6747719224961, 3547027, 38.82586220775927, 190735, 0, 0.0, 30, 
2019-12-04 15:32:48.875,151739808, 746.6747719224961, 3547513, 38.82586220775927, 190754, 0, 0.0, 30, 
2019-12-04 15:32:49.9,165554568, 725.4165988981377, 3548040, 37.5125227797198, 190770, 0, 0.0, 30, 
2019-12-04 15:32:50.923,178771520, 725.4165988981377, 3548538, 37.5125227797198, 190796, 0, 0.0, 30, 
2019-12-04 15:32:51.951,191260560, 725.4165988981377, 3549031, 37.5125227797198, 190819, 0, 0.0, 30, 
2019-12-04 15:32:52.975,205072216, 725.4165988981377, 3549550, 37.5125227797198, 190850, 0, 0.0, 30, 
2019-12-04 15:32:53.999,218387216, 725.4165988981377, 3550025, 37.5125227797198, 190878, 0, 0.0, 30, 
2019-12-04 15:32:55.033,231647264, 706.0340378296686, 3550531, 36.46410334518097, 190900, 0, 0.0, 30, 
2019-12-04 15:32:56.057,244728120, 706.0340378296686, 3551030, 36.46410334518097, 190922, 0, 0.0, 30, 
2019-12-04 15:32:57.082,258919640, 706.0340378296686, 3551555, 36.46410334518097, 190953, 0, 0.0, 30, 
2019-12-04 15:32:58.105,272301536, 706.0340378296686, 3552072, 36.46410334518097, 190972, 0, 0.0, 30, 
2019-12-04 15:32:59.129,284609368, 706.0340378296686, 3552549, 36.46410334518097, 191000, 0, 0.0, 30, 
2019-12-04 15:33:00.197,299100104, 689.1766789189339, 3553039, 35.499510900244694, 191027, 0, 0.0, 30, 
2019-12-04 15:33:01.222,310245176, 689.1766789189339, 3553517, 35.499510900244694, 191049, 0, 0.0, 30, 
2019-12-04 15:33:02.245,324052144, 689.1766789189339, 3554027, 35.499510900244694, 191077, 0, 0.0, 30, 
2019-12-04 15:33:03.269,337481288, 689.1766789189339, 3554517, 35.499510900244694, 191099, 0, 0.0, 30, 
2019-12-04 15:33:04.297,350327368, 689.1766789189339, 3554998, 35.499510900244694, 191132, 0, 0.0, 30, 
2019-12-04 15:33:05.321,363959000, 671.9081371295558, 3555500, 34.739971945480505, 191156, 0, 0.0, 30, 
2019-12-04 15:33:06.344,376816528, 671.9081371295558, 3555968, 34.739971945480505, 191176, 0, 0.0, 30, 
2019-12-04 15:33:07.369,388812344, 671.9081371295558, 3556439, 34.739971945480505, 191200, 0, 0.0, 30, 
2019-12-04 15:33:08.393,402085992, 671.9081371295558, 3556945, 34.739971945480505, 191224, 0, 0.0, 30, 
2019-12-04 15:33:09.416,416845560, 656.1642317611127, 3557437, 33.72134003097361, 191248, 0, 0.0, 30, 
2019-12-04 15:33:10.44,144050656, 656.1642317611127, 3557959, 33.72134003097361, 191278, 0, 0.0, 30, 
2019-12-04 15:33:11.463,157217352, 656.1642317611127, 3558436, 33.72134003097361, 191304, 0, 0.0, 30, 
2019-12-04 15:33:12.492,169983272, 656.1642317611127, 3558941, 33.72134003097361, 191326, 0, 0.0, 30, 
2019-12-04 15:33:13.514,183515744, 656.1642317611127, 3559410, 33.72134003097361, 191349, 0, 0.0, 30, 
2019-12-04 15:33:14.537,197341304, 642.4147309478343, 3559916, 33.15194912017348, 191380, 0, 0.0, 30, 
2019-12-04 15:33:15.561,210012072, 642.4147309478343, 3560401, 33.15194912017348, 191400, 0, 0.0, 30, 
2019-12-04 15:33:16.591,223271104, 642.4147309478343, 3560924, 33.15194912017348, 191424, 0, 0.0, 30, 
2019-12-04 15:33:17.615,237238984, 642.4147309478343, 3561403, 33.15194912017348, 191464, 0, 0.0, 30, 
2019-12-04 15:33:18.638,250077344, 642.4147309478343, 3561893, 33.15194912017348, 191492, 0, 0.0, 30, 
2019-12-04 15:33:19.662,264323144, 630.3082775011567, 3562420, 32.548128607580445, 191512, 0, 0.0, 30, 
2019-12-04 15:33:20.686,275926656, 630.3082775011567, 3562893, 32.548128607580445, 191539, 0, 0.0, 30, 
2019-12-04 15:33:21.711,290415832, 630.3082775011567, 3563401, 32.548128607580445, 191565, 0, 0.0, 30, 
2019-12-04 15:33:22.736,302872376, 630.3082775011567, 3563857, 32.548128607580445, 191595, 0, 0.0, 30, 
2019-12-04 15:33:23.76,315314192, 630.3082775011567, 3564339, 32.548128607580445, 191619, 0, 0.0, 30, 
2019-12-04 15:33:24.785,328461792, 617.6666376216023, 3564827, 31.848666863863382, 191633, 0, 0.0, 30, 
2019-12-04 15:33:25.81,341210520, 617.6666376216023, 3565330, 31.848666863863382, 191654, 0, 0.0, 30, 
2019-12-04 15:33:26.837,355081976, 617.6666376216023, 3565846, 31.848666863863382, 191682, 0, 0.0, 30, 
2019-12-04 15:33:27.864,369723496, 617.6666376216023, 3566363, 31.848666863863382, 191712, 0, 0.0, 30, 
2019-12-04 15:33:28.889,383640336, 617.6666376216023, 3566854, 31.848666863863382, 191729, 0, 0.0, 30, 
2019-12-04 15:33:29.916,396689576, 607.2351012392231, 3567343, 31.045219822568264, 191751, 0, 0.0, 30, 
2019-12-04 15:33:30.949,408819480, 607.2351012392231, 3567824, 31.045219822568264, 191768, 0, 0.0, 30, 
2019-12-04 15:33:31.975,138853352, 607.2351012392231, 3568337, 31.045219822568264, 191797, 0, 0.0, 30, 
2019-12-04 15:33:32.999,151564768, 607.2351012392231, 3568837, 31.045219822568264, 191816, 0, 0.0, 30, 
2019-12-04 15:33:34.03,165793984, 607.2351012392231, 3569330, 31.045219822568264, 191837, 0, 0.0, 30, 
2019-12-04 15:33:35.061,178312200, 597.1898731765368, 3569826, 30.38596844514491, 191868, 0, 0.0, 30, 
2019-12-04 15:33:36.153,193497136, 597.1898731765368, 3570367, 30.38596844514491, 191901, 0, 0.0, 30, 
2019-12-04 15:33:37.178,205364808, 597.1898731765368, 3570837, 30.38596844514491, 191921, 0, 0.0, 30, 
2019-12-04 15:33:38.201,217715648, 597.1898731765368, 3571315, 30.38596844514491, 191942, 0, 0.0, 30, 
2019-12-04 15:33:39.225,231589632, 597.1898731765368, 3571807, 30.38596844514491, 191971, 0, 0.0, 30, 
2019-12-04 15:33:40.249,242845424, 587.3881281061898, 3572252, 29.955330185325355, 192000, 0, 0.0, 30, 
2019-12-04 15:33:41.283,258450976, 587.3881281061898, 3572752, 29.955330185325355, 192026, 0, 0.0, 30, 
2019-12-04 15:33:42.305,269975840, 587.3881281061898, 3573238, 29.955330185325355, 192049, 0, 0.0, 30, 
2019-12-04 15:33:43.33,282690080, 587.3881281061898, 3573737, 29.955330185325355, 192075, 0, 0.0, 30, 
2019-12-04 15:33:44.357,296844088, 587.3881281061898, 3574229, 29.955330185325355, 192099, 0, 0.0, 30, 
2019-12-04 15:33:45.382,309339568, 578.3061228322999, 3574723, 29.57511497672682, 192127, 0, 0.0, 30, 
2019-12-04 15:33:46.416,321826776, 578.3061228322999, 3575189, 29.57511497672682, 192151, 0, 0.0, 30, 
2019-12-04 15:33:47.44,335385336, 578.3061228322999, 3575673, 29.57511497672682, 192175, 0, 0.0, 30, 
2019-12-04 15:33:48.472,348372936, 578.3061228322999, 3576190, 29.57511497672682, 192195, 0, 0.0, 30, 
2019-12-04 15:33:49.497,360138544, 569.5504966795702, 3576647, 29.129353395253798, 192222, 0, 0.0, 30, 
2019-12-04 15:33:50.525,375398992, 569.5504966795702, 3577179, 29.129353395253798, 192241, 0, 0.0, 30, 
2019-12-04 15:33:51.557,390097072, 569.5504966795702, 3577670, 29.129353395253798, 192271, 0, 0.0, 30, 
2019-12-04 15:33:52.581,402422664, 569.5504966795702, 3578184, 29.129353395253798, 192289, 0, 0.0, 30, 
2019-12-04 15:33:53.609,415342920, 569.5504966795702, 3578687, 29.129353395253798, 192305, 0, 0.0, 30, 
2019-12-04 15:33:54.635,146321464, 563.9095904193632, 3579188, 28.575312888295993, 192337, 0, 0.0, 30, 
2019-12-04 15:33:55.657,160394080, 563.9095904193632, 3579688, 28.575312888295993, 192356, 0, 0.0, 30, 
2019-12-04 15:33:56.723,174342400, 563.9095904193632, 3580222, 28.575312888295993, 192375, 0, 0.0, 30, 
2019-12-04 15:33:57.749,187658008, 563.9095904193632, 3580746, 28.575312888295993, 192409, 0, 0.0, 30, 
2019-12-04 15:33:58.79,201449936, 563.9095904193632, 3581249, 28.575312888295993, 192434, 0, 0.0, 30, 
2019-12-04 15:33:59.816,213711208, 557.8881680333571, 3581717, 28.22548218513242, 192467, 0, 0.0, 30, 
2019-12-04 15:34:00.845,228537240, 557.8881680333571, 3582220, 28.22548218513242, 192496, 0, 0.0, 30, 
2019-12-04 15:34:01.869,240204416, 557.8881680333571, 3582687, 28.22548218513242, 192519, 0, 0.0, 30, 
2019-12-04 15:34:02.892,253482808, 557.8881680333571, 3583201, 28.22548218513242, 192538, 0, 0.0, 30, 
2019-12-04 15:34:03.919,266592816, 557.8881680333571, 3583691, 28.22548218513242, 192566, 0, 0.0, 30, 
2019-12-04 15:34:04.943,279284296, 551.5646272623557, 3584200, 27.951595751843335, 192589, 0, 0.0, 30, 
2019-12-04 15:34:05.966,293375848, 551.5646272623557, 3584703, 27.951595751843335, 192618, 0, 0.0, 30, 
2019-12-04 15:34:06.99,305532448, 551.5646272623557, 3585184, 27.951595751843335, 192644, 0, 0.0, 30, 
2019-12-04 15:34:08.013,318940392, 551.5646272623557, 3585647, 27.951595751843335, 192676, 0, 0.0, 30, 
2019-12-04 15:34:09.036,331155032, 551.5646272623557, 3586132, 27.951595751843335, 192706, 0, 0.0, 30, 
2019-12-04 15:34:10.06,344881096, 545.3629020855357, 3586592, 27.95546594183913, 192736, 0, 0.0, 30, 
2019-12-04 15:34:11.084,358191496, 545.3629020855357, 3587103, 27.95546594183913, 192764, 0, 0.0, 30, 
2019-12-04 15:34:12.111,373737488, 545.3629020855357, 3587603, 27.95546594183913, 192795, 0, 0.0, 30, 
2019-12-04 15:34:13.133,385833832, 545.3629020855357, 3588097, 27.95546594183913, 192828, 0, 0.0, 30, 
2019-12-04 15:34:14.156,398613288, 545.3629020855357, 3588564, 27.95546594183913, 192852, 0, 0.0, 30, 
2019-12-04 15:34:15.184,411890232, 539.8329417633519, 3589067, 27.959026688528315, 192879, 0, 0.0, 30, 
2019-12-04 15:34:16.21,139594416, 539.8329417633519, 3589587, 27.959026688528315, 192916, 0, 0.0, 30, 
2019-12-04 15:34:17.233,152602416, 539.8329417633519, 3590089, 27.959026688528315, 192945, 0, 0.0, 30, 
2019-12-04 15:34:18.256,165762808, 539.8329417633519, 3590552, 27.959026688528315, 192973, 0, 0.0, 30, 
2019-12-04 15:34:19.28,179182584, 539.8329417633519, 3591043, 27.959026688528315, 192999, 0, 0.0, 30, 
2019-12-04 15:34:20.309,192215640, 535.5127062753634, 3591524, 28.02626720192815, 193031, 0, 0.0, 30, 
2019-12-04 15:34:21.333,205050040, 535.5127062753634, 3592040, 28.02626720192815, 193055, 0, 0.0, 30, 
2019-12-04 15:34:22.358,217454520, 535.5127062753634, 3592504, 28.02626720192815, 193079, 0, 0.0, 30, 
2019-12-04 15:34:23.381,230397784, 535.5127062753634, 3592976, 28.02626720192815, 193102, 0, 0.0, 30, 
2019-12-04 15:34:24.405,244342640, 530.9302352959389, 3593497, 27.752318002161633, 193123, 0, 0.0, 30, 
2019-12-04 15:34:25.438,256875744, 530.9302352959389, 3593973, 27.752318002161633, 193152, 0, 0.0, 30, 
2019-12-04 15:34:26.474,270671472, 530.9302352959389, 3594482, 27.752318002161633, 193174, 0, 0.0, 30, 
2019-12-04 15:34:27.503,284966704, 530.9302352959389, 3594994, 27.752318002161633, 193208, 0, 0.0, 30, 
2019-12-04 15:34:28.531,298767944, 530.9302352959389, 3595505, 27.752318002161633, 193230, 0, 0.0, 30, 
2019-12-04 15:34:29.555,311087704, 527.3697942661582, 3596007, 27.59621927346909, 193253, 0, 0.0, 30, 
2019-12-04 15:34:30.58,325056712, 527.3697942661582, 3596525, 27.59621927346909, 193277, 0, 0.0, 30, 
2019-12-04 15:34:31.606,337614408, 527.3697942661582, 3596996, 27.59621927346909, 193298, 0, 0.0, 30, 
2019-12-04 15:34:32.631,351494920, 527.3697942661582, 3597483, 27.59621927346909, 193324, 0, 0.0, 30, 
2019-12-04 15:34:33.662,364217264, 527.3697942661582, 3597981, 27.59621927346909, 193347, 0, 0.0, 30, 
2019-12-04 15:34:34.686,377676600, 523.6782613391638, 3598483, 27.260708105115153, 193377, 0, 0.0, 30, 
2019-12-04 15:34:35.71,391307256, 523.6782613391638, 3599004, 27.260708105115153, 193404, 0, 0.0, 30, 
2019-12-04 15:34:36.735,404975624, 523.6782613391638, 3599501, 27.260708105115153, 193435, 0, 0.0, 30, 
2019-12-04 15:34:37.76,418606752, 523.6782613391638, 3599987, 27.260708105115153, 193460, 0, 0.0, 30, 
2019-12-04 15:34:38.784,146000208, 523.6782613391638, 3600463, 27.260708105115153, 193487, 0, 0.0, 30, 
2019-12-04 15:34:39.811,159143472, 520.6656738980416, 3600960, 27.14391633351498, 193510, 0, 0.0, 30, 
2019-12-04 15:34:40.836,173035528, 520.6656738980416, 3601498, 27.14391633351498, 193538, 0, 0.0, 30, 
2019-12-04 15:34:41.86,185464632, 520.6656738980416, 3601993, 27.14391633351498, 193565, 0, 0.0, 30, 
2019-12-04 15:34:42.886,199459568, 520.6656738980416, 3602490, 27.14391633351498, 193592, 0, 0.0, 30, 
2019-12-04 15:34:43.909,213731240, 520.6656738980416, 3602975, 27.14391633351498, 193626, 0, 0.0, 30, 
2019-12-04 15:34:44.939,226523264, 518.1498175224409, 3603500, 27.19637388712093, 193654, 0, 0.0, 30, 
2019-12-04 15:34:45.964,238820792, 518.1498175224409, 3603950, 27.19637388712093, 193688, 0, 0.0, 30, 
2019-12-04 15:34:46.988,250870264, 518.1498175224409, 3604416, 27.19637388712093, 193722, 0, 0.0, 30, 
2019-12-04 15:34:48.013,266058272, 518.1498175224409, 3604947, 27.19637388712093, 193744, 0, 0.0, 30, 
2019-12-04 15:34:49.037,278603864, 518.1498175224409, 3605435, 27.19637388712093, 193784, 0, 0.0, 30, 
2019-12-04 15:34:50.062,291987424, 515.1954732330944, 3605948, 27.45252168828496, 193805, 0, 0.0, 30, 
2019-12-04 15:34:51.085,306375872, 515.1954732330944, 3606444, 27.45252168828496, 193829, 0, 0.0, 30, 
2019-12-04 15:34:52.11,319431568, 515.1954732330944, 3606955, 27.45252168828496, 193855, 0, 0.0, 30, 
2019-12-04 15:34:53.133,333095328, 515.1954732330944, 3607456, 27.45252168828496, 193876, 0, 0.0, 30, 
2019-12-04 15:34:54.157,347064200, 515.1954732330944, 3607942, 27.45252168828496, 193909, 0, 0.0, 30, 
2019-12-04 15:34:55.181,359821456, 513.2769011244959, 3608487, 27.256428881063854, 193926, 0, 0.0, 30, 
2019-12-04 15:34:56.206,374816880, 513.2769011244959, 3608987, 27.256428881063854, 193948, 0, 0.0, 30, 
2019-12-04 15:34:57.23,386694504, 513.2769011244959, 3609484, 27.256428881063854, 193970, 0, 0.0, 30, 
2019-12-04 15:34:58.254,400395784, 513.2769011244959, 3609963, 27.256428881063854, 193990, 0, 0.0, 30, 
2019-12-04 15:34:59.278,413283032, 513.2769011244959, 3610453, 27.256428881063854, 194009, 0, 0.0, 30, 
2019-12-04 15:35:00.302,144975800, 511.2718628158043, 3610955, 26.628263510955303, 194029, 0, 0.0, 30, 
2019-12-04 15:35:01.325,157798840, 511.2718628158043, 3611465, 26.628263510955303, 194052, 0, 0.0, 30, 
2019-12-04 15:35:02.349,171386144, 511.2718628158043, 3611956, 26.628263510955303, 194083, 0, 0.0, 30, 
2019-12-04 15:35:03.375,183915672, 511.2718628158043, 3612459, 26.628263510955303, 194102, 0, 0.0, 30, 
2019-12-04 15:35:04.407,196600016, 509.28321846510755, 3612951, 26.306181343909536, 194124, 0, 0.0, 30, 
2019-12-04 15:35:05.432,211469472, 509.28321846510755, 3613484, 26.306181343909536, 194151, 0, 0.0, 30, 
2019-12-04 15:35:06.461,223884704, 509.28321846510755, 3613974, 26.306181343909536, 194181, 0, 0.0, 30, 
2019-12-04 15:35:07.485,237218728, 509.28321846510755, 3614452, 26.306181343909536, 194199, 0, 0.0, 30, 
2019-12-04 15:35:08.51,251485296, 509.28321846510755, 3614955, 26.306181343909536, 194233, 0, 0.0, 30, 
2019-12-04 15:35:09.533,263888984, 507.59749739123197, 3615451, 26.297691552401805, 194257, 0, 0.0, 30, 
2019-12-04 15:35:10.555,277671112, 507.59749739123197, 3615964, 26.297691552401805, 194281, 0, 0.0, 30, 
2019-12-04 15:35:11.579,291380400, 507.59749739123197, 3616459, 26.297691552401805, 194305, 0, 0.0, 30, 
2019-12-04 15:35:12.603,304662760, 507.59749739123197, 3616961, 26.297691552401805, 194336, 0, 0.0, 30, 
2019-12-04 15:35:13.629,317778768, 507.59749739123197, 3617465, 26.297691552401805, 194362, 0, 0.0, 30, 
2019-12-04 15:35:14.657,331888224, 506.71818604970355, 3617971, 26.193933864698934, 194385, 0, 0.0, 30, 
2019-12-04 15:35:15.68,343901568, 506.71818604970355, 3618466, 26.193933864698934, 194406, 0, 0.0, 30, 
2019-12-04 15:35:16.705,358189904, 506.71818604970355, 3618952, 26.193933864698934, 194436, 0, 0.0, 30, 
2019-12-04 15:35:17.727,371623560, 506.71818604970355, 3619438, 26.193933864698934, 194469, 0, 0.0, 30, 
2019-12-04 15:35:18.751,385237464, 506.71818604970355, 3619934, 26.193933864698934, 194501, 0, 0.0, 30, 
2019-12-04 15:35:19.778,396793680, 504.00623762938795, 3620408, 26.386312290987494, 194534, 0, 0.0, 30, 
2019-12-04 15:35:20.801,409310096, 504.00623762938795, 3620878, 26.386312290987494, 194548, 0, 0.0, 30, 
2019-12-04 15:35:21.825,140643296, 504.00623762938795, 3621354, 26.386312290987494, 194569, 0, 0.0, 30, 
2019-12-04 15:35:22.847,151919376, 504.00623762938795, 3621843, 26.386312290987494, 194597, 0, 0.0, 30, 
2019-12-04 15:35:23.87,163084520, 504.00623762938795, 3622331, 26.386312290987494, 194620, 0, 0.0, 30, 
2019-12-04 15:35:24.895,179416872, 501.4631512812914, 3622824, 25.98762877292059, 194640, 0, 0.0, 30, 
2019-12-04 15:35:25.918,191991152, 501.4631512812914, 3623328, 25.98762877292059, 194674, 0, 0.0, 30, 
2019-12-04 15:35:26.941,203645448, 501.4631512812914, 3623821, 25.98762877292059, 194705, 0, 0.0, 30, 
2019-12-04 15:35:27.965,216205632, 501.4631512812914, 3624293, 25.98762877292059, 194724, 0, 0.0, 30, 
2019-12-04 15:35:28.989,230048352, 501.4631512812914, 3624788, 25.98762877292059, 194749, 0, 0.0, 30, 
2019-12-04 15:35:30.013,242345680, 499.36326564691717, 3625289, 25.892671219178666, 194768, 0, 0.0, 30, 
2019-12-04 15:35:31.036,256640776, 499.36326564691717, 3625759, 25.892671219178666, 194791, 0, 0.0, 30, 
2019-12-04 15:35:32.059,267784720, 499.36326564691717, 3626210, 25.892671219178666, 194817, 0, 0.0, 30, 
2019-12-04 15:35:33.083,280929120, 499.36326564691717, 3626700, 25.892671219178666, 194837, 0, 0.0, 30, 
2019-12-04 15:35:34.107,295079568, 499.36326564691717, 3627209, 25.892671219178666, 194874, 0, 0.0, 30, 
2019-12-04 15:35:35.131,307953136, 497.54321541716973, 3627737, 25.901252754676356, 194904, 0, 0.0, 30, 
2019-12-04 15:35:36.155,324736728, 497.54321541716973, 3628252, 25.901252754676356, 194940, 0, 0.0, 30, 
2019-12-04 15:35:37.183,337048792, 497.54321541716973, 3628757, 25.901252754676356, 194960, 0, 0.0, 30, 
2019-12-04 15:35:38.206,350689504, 497.54321541716973, 3629290, 25.901252754676356, 194992, 0, 0.0, 30, 
2019-12-04 15:35:39.23,363510352, 497.54321541716973, 3629792, 25.901252754676356, 195012, 0, 0.0, 30, 
2019-12-04 15:35:40.255,378533800, 497.9475335885834, 3630319, 25.973112616776493, 195039, 0, 0.0, 30, 
2019-12-04 15:35:41.279,391369760, 497.9475335885834, 3630809, 25.973112616776493, 195069, 0, 0.0, 30, 
2019-12-04 15:35:42.304,403958656, 497.9475335885834, 3631297, 25.973112616776493, 195102, 0, 0.0, 30, 
2019-12-04 15:35:43.328,417547224, 497.9475335885834, 3631788, 25.973112616776493, 195125, 0, 0.0, 30, 
2019-12-04 15:35:44.363,146068752, 497.9475335885834, 3632212, 25.973112616776493, 195145, 0, 0.0, 30, 
2019-12-04 15:35:45.397,146949880, 495.77693664913807, 3632212, 25.927289062018808, 195145, 0, 0.0, 30, 
2019-12-04 15:35:46.424,147824840, 495.77693664913807, 3632212, 25.927289062018808, 195145, 0, 0.0, 30, 
2019-12-04 15:35:47.454,148954456, 495.77693664913807, 3632212, 25.927289062018808, 195145, 0, 0.0, 30, 
