Timestamp, MemoryUsed, ReadLatency1, ReadCount, WriteLatency1, WriteCount, PendingTasks, WaitingOnCommit1, SRDelay, 
2019-12-04 15:25:25.658,374423680, 242.3595712390088, 3051176, 12.6877228697012, 165439, 0, 0.0, 1, 
2019-12-04 15:25:26.72,375348608, 242.3595712390088, 3051176, 12.6877228697012, 165439, 0, 0.0, 1, 
2019-12-04 15:25:27.763,376288440, 242.3595712390088, 3051176, 12.6877228697012, 165439, 0, 0.0, 1, 
2019-12-04 15:25:28.803,377425768, 242.3595712390088, 3051176, 12.6877228697012, 165439, 0, 0.0, 1, 
2019-12-04 15:25:29.843,378409440, 222.98156985040762, 3051176, 11.673268560633318, 165439, 0, 0.0, 1, 
2019-12-04 15:25:30.881,379328752, 222.98156985040762, 3051176, 11.673268560633318, 165439, 0, 0.0, 1, 
2019-12-04 15:25:31.924,380255552, 222.98156985040762, 3051176, 11.673268560633318, 165439, 0, 0.0, 1, 
2019-12-04 15:25:32.976,380929752, 222.98156985040762, 3051176, 11.673268560633318, 165439, 0, 0.0, 1, 
2019-12-04 15:25:34.02,382114248, 222.98156985040762, 3051176, 11.673268560633318, 165439, 0, 0.0, 1, 
2019-12-04 15:25:35.07,383041672, 205.15294790614584, 3051176, 10.739925539678763, 165439, 0, 0.0, 1, 
2019-12-04 15:25:36.119,383966872, 205.15294790614584, 3051176, 10.739925539678763, 165439, 0, 0.0, 1, 
2019-12-04 15:25:37.147,387929784, 205.15294790614584, 3051176, 10.739925539678763, 165520, 0, 0.0, 1, 
2019-12-04 15:25:38.204,393166344, 205.15294790614584, 3051176, 10.739925539678763, 165706, 0, 0.0, 1, 
2019-12-04 15:25:39.244,394100232, 205.15294790614584, 3051176, 10.739925539678763, 165706, 0, 0.0, 1, 
2019-12-04 15:25:40.276,395051872, 188.74982386579, 3051176, 14.150836765110403, 165706, 0, 0.0, 1, 
2019-12-04 15:25:41.326,395653208, 188.74982386579, 3051176, 14.150836765110403, 165706, 0, 0.0, 1, 
