Timestamp, MemoryUsed, ReadLatency1, ReadCount, WriteLatency1, WriteCount, PendingTasks, WaitingOnCommit1, SRDelay, 
2019-12-04 15:25:25.607,815407792, 242.777701812904, 3082849, 13.13190741503925, 166097, 0, 0.0, 1, 
2019-12-04 15:25:26.695,816456368, 242.777701812904, 3082849, 13.13190741503925, 166097, 0, 0.0, 1, 
2019-12-04 15:25:27.738,817504944, 242.777701812904, 3082849, 13.13190741503925, 166097, 0, 0.0, 1, 
2019-12-04 15:25:28.78,818553520, 242.777701812904, 3082849, 13.13190741503925, 166097, 0, 0.0, 1, 
2019-12-04 15:25:29.823,819602096, 242.777701812904, 3082849, 13.13190741503925, 166097, 0, 0.0, 1, 
2019-12-04 15:25:30.859,177362128, 223.36626854950566, 3082849, 12.081938070636255, 166097, 0, 0.0, 1, 
2019-12-04 15:25:31.906,178410704, 223.36626854950566, 3082849, 12.081938070636255, 166097, 0, 0.0, 1, 
2019-12-04 15:25:32.944,179459280, 223.36626854950566, 3082849, 12.081938070636255, 166097, 0, 0.0, 1, 
2019-12-04 15:25:33.995,180507856, 223.36626854950566, 3082849, 12.081938070636255, 166097, 0, 0.0, 1, 
2019-12-04 15:25:35.044,181556432, 205.50688779556617, 3082849, 11.115919639786268, 166097, 0, 0.0, 1, 
2019-12-04 15:25:36.089,182605008, 205.50688779556617, 3082849, 11.115919639786268, 166097, 0, 0.0, 1, 
2019-12-04 15:25:37.134,187847888, 205.50688779556617, 3082849, 11.115919639786268, 166160, 0, 0.0, 1, 
2019-12-04 15:25:38.168,197285072, 205.50688779556617, 3082849, 11.115919639786268, 166320, 0, 0.0, 1, 
2019-12-04 15:25:39.228,198333648, 205.50688779556617, 3082849, 11.115919639786268, 166320, 0, 0.0, 1, 
2019-12-04 15:25:40.26,199382224, 189.0754642841657, 3082849, 13.793158885585937, 166320, 0, 0.0, 1, 
2019-12-04 15:25:41.307,200430800, 189.0754642841657, 3082849, 13.793158885585937, 166320, 0, 0.0, 1, 
