Timestamp, MemoryUsed, ReadLatency1, ReadCount, WriteLatency1, WriteCount, PendingTasks, WaitingOnCommit1, SRDelay, 
2019-12-04 15:25:25.684,365563656, 246.34935631835975, 3156995, 12.925228564449199, 171458, 0, 0.0, 1, 
2019-12-04 15:25:26.728,366736592, 246.34935631835975, 3156995, 12.925228564449199, 171458, 0, 0.0, 1, 
2019-12-04 15:25:27.77,367608408, 246.34935631835975, 3156995, 12.925228564449199, 171458, 0, 0.0, 1, 
2019-12-04 15:25:28.815,368499968, 246.34935631835975, 3156995, 12.925228564449199, 171458, 0, 0.0, 1, 
2019-12-04 15:25:29.85,369388144, 246.34935631835975, 3156995, 12.925228564449199, 171458, 0, 0.0, 1, 
2019-12-04 15:25:30.893,370282776, 226.65234932823589, 3156995, 11.891784348528871, 171458, 0, 0.0, 1, 
2019-12-04 15:25:31.935,371175640, 226.65234932823589, 3156995, 11.891784348528871, 171458, 0, 0.0, 1, 
2019-12-04 15:25:32.984,372309056, 226.65234932823589, 3156995, 11.891784348528871, 171458, 0, 0.0, 1, 
2019-12-04 15:25:34.029,373262352, 226.65234932823589, 3156995, 11.891784348528871, 171458, 0, 0.0, 1, 
2019-12-04 15:25:35.079,374162664, 226.65234932823589, 3156995, 11.891784348528871, 171458, 0, 0.0, 1, 
2019-12-04 15:25:36.127,375052568, 208.5302280620577, 3156995, 10.940969769840393, 171458, 0, 0.0, 1, 
2019-12-04 15:25:37.154,378136776, 208.5302280620577, 3156995, 10.940969769840393, 171522, 0, 0.0, 1, 
2019-12-04 15:25:38.211,384029968, 208.5302280620577, 3156995, 10.940969769840393, 171696, 0, 0.0, 1, 
2019-12-04 15:25:39.251,384947768, 208.5302280620577, 3156995, 10.940969769840393, 171696, 0, 0.0, 1, 
2019-12-04 15:25:40.299,385565496, 191.85707160987513, 3156995, 13.872063991014139, 171696, 0, 0.0, 1, 
2019-12-04 15:25:41.341,386469888, 191.85707160987513, 3156995, 13.872063991014139, 171696, 0, 0.0, 1, 
