Timestamp, MemoryUsed, ReadLatency1, ReadCount, WriteLatency1, WriteCount, PendingTasks, WaitingOnCommit1, SRDelay, 
2019-12-06 16:29:36.123,715617272, 70.99377924625921, 282382, 6.8704959587594745, 15883, 0, 0.0, 1, 
2019-12-06 16:29:37.248,107443192, 70.09877407411443, 282720, 6.561028188702022, 15900, 0, 0.0, 1, 
2019-12-06 16:29:38.287,120026104, 70.09877407411443, 283338, 6.561028188702022, 15936, 0, 0.0, 1, 
2019-12-06 16:29:39.322,134706168, 70.09877407411443, 284097, 6.561028188702022, 15969, 0, 0.0, 1, 
2019-12-06 16:29:40.367,149386232, 70.09877407411443, 284825, 6.561028188702022, 16019, 0, 0.0, 1, 
2019-12-06 16:29:41.396,166163448, 70.09877407411443, 285607, 6.561028188702022, 16060, 0, 0.0, 1, 
2019-12-06 16:29:42.426,179794936, 114.73807540618505, 286303, 8.802900593066255, 16105, 0, 0.0, 1, 
2019-12-06 16:29:43.46,194475000, 114.73807540618505, 287038, 8.802900593066255, 16135, 0, 0.0, 1, 
2019-12-06 16:29:44.492,211252216, 114.73807540618505, 287865, 8.802900593066255, 16177, 0, 0.0, 1, 
2019-12-06 16:29:45.525,228029432, 114.73807540618505, 288747, 8.802900593066255, 16213, 0, 0.0, 1, 
2019-12-06 16:29:46.555,244806648, 167.2898373289411, 289575, 11.009442830680399, 16245, 0, 0.0, 1, 
2019-12-06 16:29:47.594,261583864, 167.2898373289411, 290410, 11.009442830680399, 16290, 0, 0.0, 1, 
2019-12-06 16:29:48.629,278361080, 167.2898373289411, 291250, 11.009442830680399, 16327, 0, 0.0, 1, 
2019-12-06 16:29:49.666,295138296, 167.2898373289411, 292125, 11.009442830680399, 16375, 0, 0.0, 1, 
2019-12-06 16:29:50.695,312964088, 167.2898373289411, 293049, 11.009442830680399, 16418, 0, 0.0, 1, 
2019-12-06 16:29:51.733,330789880, 221.06078105303462, 293966, 13.615239906709853, 16477, 0, 0.0, 1, 
2019-12-06 16:29:52.767,350712824, 221.06078105303462, 294965, 13.615239906709853, 16536, 0, 0.0, 1, 
2019-12-06 16:29:53.797,369587192, 221.06078105303462, 295968, 13.615239906709853, 16585, 0, 0.0, 1, 
2019-12-06 16:29:54.827,388461560, 221.06078105303462, 297004, 13.615239906709853, 16647, 0, 0.0, 1, 
2019-12-06 16:29:55.861,407335928, 221.06078105303462, 297991, 13.615239906709853, 16705, 0, 0.0, 1, 
2019-12-06 16:29:56.891,428307448, 281.75820168177756, 299066, 16.87620927417148, 16757, 0, 0.0, 1, 
2019-12-06 16:29:57.944,449278968, 281.75820168177756, 300181, 16.87620927417148, 16809, 0, 0.0, 1, 
2019-12-06 16:29:58.98,471299064, 281.75820168177756, 301381, 16.87620927417148, 16872, 0, 0.0, 1, 
2019-12-06 16:30:00.014,494367736, 281.75820168177756, 302661, 16.87620927417148, 16934, 0, 0.0, 1, 
2019-12-06 16:30:01.051,518484984, 281.75820168177756, 304020, 16.87620927417148, 16997, 0, 0.0, 1, 
2019-12-06 16:30:02.085,545747960, 353.73756164146175, 305485, 20.260232736761118, 17095, 0, 0.0, 1, 
2019-12-06 16:30:03.12,571962360, 353.73756164146175, 306841, 20.260232736761118, 17176, 0, 0.0, 1, 
2019-12-06 16:30:04.149,593982456, 353.73756164146175, 308118, 20.260232736761118, 17250, 0, 0.0, 1, 
2019-12-06 16:30:05.175,616002552, 353.73756164146175, 309177, 20.260232736761118, 17309, 0, 0.0, 1, 
2019-12-06 16:30:06.204,636974072, 353.73756164146175, 310315, 20.260232736761118, 17360, 0, 0.0, 1, 
2019-12-06 16:30:07.233,658994168, 422.61629517526916, 311500, 24.07729377375325, 17419, 0, 0.0, 1, 
2019-12-06 16:30:08.266,682062840, 422.61629517526916, 312773, 24.07729377375325, 17483, 0, 0.0, 1, 
2019-12-06 16:30:09.299,703034360, 422.61629517526916, 313952, 24.07729377375325, 17529, 0, 0.0, 1, 
2019-12-06 16:30:10.333,109016056, 422.61629517526916, 315285, 24.07729377375325, 17598, 0, 0.0, 1, 
2019-12-06 16:30:11.364,136279032, 422.61629517526916, 316799, 24.07729377375325, 17679, 0, 0.0, 1, 
2019-12-06 16:30:12.391,164590584, 489.6017817085448, 318419, 27.125417065987154, 17769, 0, 0.0, 1, 
2019-12-06 16:30:13.428,194999288, 489.6017817085448, 319922, 27.125417065987154, 17847, 0, 0.0, 1, 
2019-12-06 16:30:14.459,221213688, 489.6017817085448, 321379, 27.125417065987154, 17939, 0, 0.0, 1, 
2019-12-06 16:30:15.485,248476664, 489.6017817085448, 322819, 27.125417065987154, 18001, 0, 0.0, 1, 
2019-12-06 16:30:16.514,272593912, 565.5754364702121, 324207, 31.00123072007557, 18062, 0, 0.0, 1, 
2019-12-06 16:30:17.541,296711160, 565.5754364702121, 325546, 31.00123072007557, 18150, 0, 0.0, 1, 
2019-12-06 16:30:18.573,323974136, 565.5754364702121, 326988, 31.00123072007557, 18225, 0, 0.0, 1, 
2019-12-06 16:30:19.597,345994232, 565.5754364702121, 328268, 31.00123072007557, 18295, 0, 0.0, 1, 
2019-12-06 16:30:20.625,365917176, 565.5754364702121, 329222, 31.00123072007557, 18354, 0, 0.0, 1, 
2019-12-06 16:30:21.656,382694392, 613.6786806206142, 330129, 33.879533390475856, 18405, 0, 0.0, 1, 
2019-12-06 16:30:22.681,400520184, 613.6786806206142, 331064, 33.879533390475856, 18442, 0, 0.0, 1, 
2019-12-06 16:30:23.708,418345976, 613.6786806206142, 331928, 33.879533390475856, 18487, 0, 0.0, 1, 
2019-12-06 16:30:24.735,436171768, 613.6786806206142, 332917, 33.879533390475856, 18531, 0, 0.0, 1, 
2019-12-06 16:30:25.777,458191864, 613.6786806206142, 334006, 33.879533390475856, 18585, 0, 0.0, 1, 
2019-12-06 16:30:26.803,477066232, 641.2890488525674, 335010, 34.59277452001994, 18620, 0, 0.0, 1, 
2019-12-06 16:30:27.83,493843448, 641.2890488525674, 335881, 34.59277452001994, 18669, 0, 0.0, 1, 
2019-12-06 16:30:28.857,510620664, 641.2890488525674, 336748, 34.59277452001994, 18705, 0, 0.0, 1, 
2019-12-06 16:30:29.881,528446456, 641.2890488525674, 337645, 34.59277452001994, 18758, 0, 0.0, 1, 
2019-12-06 16:30:30.91,543126520, 641.2890488525674, 338433, 34.59277452001994, 18782, 0, 0.0, 1, 
2019-12-06 16:30:31.935,560952312, 656.0577210759349, 339247, 34.91317457898403, 18820, 0, 0.0, 1, 
2019-12-06 16:30:32.973,578778104, 656.0577210759349, 340111, 34.91317457898403, 18865, 0, 0.0, 1, 
2019-12-06 16:30:34.003,595555320, 656.0577210759349, 340996, 34.91317457898403, 18907, 0, 0.0, 1, 
2019-12-06 16:30:35.032,612332536, 656.0577210759349, 341902, 34.91317457898403, 18951, 0, 0.0, 1, 
2019-12-06 16:30:36.063,630158328, 656.0577210759349, 342795, 34.91317457898403, 18991, 0, 0.0, 1, 
2019-12-06 16:30:37.088,645886968, 671.9482763252107, 343643, 35.41584138564461, 19035, 0, 0.0, 1, 
2019-12-06 16:30:38.123,663712760, 671.9482763252107, 344530, 35.41584138564461, 19090, 0, 0.0, 1, 
2019-12-06 16:30:39.153,680489976, 671.9482763252107, 345400, 35.41584138564461, 19133, 0, 0.0, 1, 
2019-12-06 16:30:40.181,696218616, 671.9482763252107, 346217, 35.41584138564461, 19184, 0, 0.0, 1, 
2019-12-06 16:30:41.216,715092984, 671.9482763252107, 347166, 35.41584138564461, 19231, 0, 0.0, 1, 
2019-12-06 16:30:42.262,109659128, 686.3923906398503, 348078, 36.21413063208908, 19270, 0, 0.0, 1, 
2019-12-06 16:30:43.29,125387768, 686.3923906398503, 348937, 36.21413063208908, 19310, 0, 0.0, 1, 
2019-12-06 16:30:44.316,142164984, 686.3923906398503, 349707, 36.21413063208908, 19369, 0, 0.0, 1, 
2019-12-06 16:30:45.402,159990776, 686.3923906398503, 350628, 36.21413063208908, 19414, 0, 0.0, 1, 
2019-12-06 16:30:46.431,177816568, 697.7307010562574, 351513, 37.092512248206184, 19469, 0, 0.0, 1, 
2019-12-06 16:30:47.464,194593784, 697.7307010562574, 352404, 37.092512248206184, 19518, 0, 0.0, 1, 
2019-12-06 16:30:48.492,213468152, 697.7307010562574, 353304, 37.092512248206184, 19561, 0, 0.0, 1, 
2019-12-06 16:30:49.524,230245368, 697.7307010562574, 354285, 37.092512248206184, 19605, 0, 0.0, 1, 
2019-12-06 16:30:50.553,251216888, 697.7307010562574, 355373, 37.092512248206184, 19652, 0, 0.0, 1, 
2019-12-06 16:30:51.583,266945528, 714.2390747143776, 356138, 37.564848889470966, 19690, 0, 0.0, 1, 
2019-12-06 16:30:52.622,283722744, 714.2390747143776, 356964, 37.564848889470966, 19727, 0, 0.0, 1, 
2019-12-06 16:30:53.675,300499960, 714.2390747143776, 357804, 37.564848889470966, 19773, 0, 0.0, 1, 
2019-12-06 16:30:54.712,316228600, 714.2390747143776, 358617, 37.564848889470966, 19820, 0, 0.0, 1, 
2019-12-06 16:30:55.739,334054392, 714.2390747143776, 359456, 37.564848889470966, 19867, 0, 0.0, 1, 
2019-12-06 16:30:56.774,350831608, 720.5044683657774, 360342, 38.11135739761034, 19929, 0, 0.0, 1, 
2019-12-06 16:30:57.799,367608824, 720.5044683657774, 361136, 38.11135739761034, 19968, 0, 0.0, 1, 
2019-12-06 16:30:58.831,383337464, 720.5044683657774, 361917, 38.11135739761034, 20006, 0, 0.0, 1, 
2019-12-06 16:30:59.856,399066104, 720.5044683657774, 362759, 38.11135739761034, 20052, 0, 0.0, 1, 
2019-12-06 16:31:00.885,418989048, 720.5044683657774, 363736, 38.11135739761034, 20096, 0, 0.0, 1, 
2019-12-06 16:31:01.915,435766264, 730.1387591321426, 364641, 38.66214284929379, 20152, 0, 0.0, 1, 
2019-12-06 16:31:02.94,453592056, 730.1387591321426, 365570, 38.66214284929379, 20203, 0, 0.0, 1, 
2019-12-06 16:31:03.968,472466424, 730.1387591321426, 366492, 38.66214284929379, 20259, 0, 0.0, 1, 
2019-12-06 16:31:04.992,489243640, 730.1387591321426, 367358, 38.66214284929379, 20307, 0, 0.0, 1, 
2019-12-06 16:31:06.018,503923704, 730.1387591321426, 368136, 38.66214284929379, 20346, 0, 0.0, 1, 
2019-12-06 16:31:07.049,523846648, 740.6498195992876, 369045, 39.23285439607078, 20391, 0, 0.0, 1, 
2019-12-06 16:31:08.078,543769592, 740.6498195992876, 370017, 39.23285439607078, 20437, 0, 0.0, 1, 
2019-12-06 16:31:09.108,559498232, 740.6498195992876, 370834, 39.23285439607078, 20489, 0, 0.0, 1, 
2019-12-06 16:31:10.141,578372600, 740.6498195992876, 371788, 39.23285439607078, 20544, 0, 0.0, 1, 
2019-12-06 16:31:11.168,596198392, 740.6498195992876, 372703, 39.23285439607078, 20601, 0, 0.0, 1, 
2019-12-06 16:31:12.249,616121336, 752.5272362301462, 373769, 40.2056856451232, 20645, 0, 0.0, 1, 
2019-12-06 16:31:13.274,634995704, 752.5272362301462, 374758, 40.2056856451232, 20692, 0, 0.0, 1, 
2019-12-06 16:31:14.299,652821496, 752.5272362301462, 375677, 40.2056856451232, 20742, 0, 0.0, 1, 
2019-12-06 16:31:15.33,669598712, 752.5272362301462, 376530, 40.2056856451232, 20785, 0, 0.0, 1, 
2019-12-06 16:31:16.36,687424504, 752.5272362301462, 377428, 40.2056856451232, 20833, 0, 0.0, 1, 
2019-12-06 16:31:17.388,706298872, 764.7342764275239, 378368, 40.461088919225325, 20872, 0, 0.0, 1, 
2019-12-06 16:31:18.458,725173240, 764.7342764275239, 379289, 40.461088919225325, 20924, 0, 0.0, 1, 
2019-12-06 16:31:19.506,106288456, 764.7342764275239, 380136, 40.461088919225325, 20963, 0, 0.0, 1, 
2019-12-06 16:31:20.532,126211400, 764.7342764275239, 381061, 40.461088919225325, 21008, 0, 0.0, 1, 
2019-12-06 16:31:21.557,141940040, 772.9909478044876, 381932, 40.55215122137381, 21046, 0, 0.0, 1, 
2019-12-06 16:31:22.586,159765832, 772.9909478044876, 382751, 40.55215122137381, 21094, 0, 0.0, 1, 
2019-12-06 16:31:23.613,177591624, 772.9909478044876, 383636, 40.55215122137381, 21145, 0, 0.0, 1, 
2019-12-06 16:31:24.634,194368840, 772.9909478044876, 384582, 40.55215122137381, 21184, 0, 0.0, 1, 
2019-12-06 16:31:25.66,213243208, 772.9909478044876, 385565, 40.55215122137381, 21236, 0, 0.0, 1, 
2019-12-06 16:31:26.684,232117576, 782.5223773542634, 386524, 40.97174604240566, 21283, 0, 0.0, 1, 
2019-12-06 16:31:27.709,249943368, 782.5223773542634, 387480, 40.97174604240566, 21320, 0, 0.0, 1, 
2019-12-06 16:31:28.734,270914888, 782.5223773542634, 388527, 40.97174604240566, 21381, 0, 0.0, 1, 
2019-12-06 16:31:29.758,291886408, 782.5223773542634, 389562, 40.97174604240566, 21429, 0, 0.0, 1, 
2019-12-06 16:31:30.785,308663624, 782.5223773542634, 390427, 40.97174604240566, 21477, 0, 0.0, 1, 
2019-12-06 16:31:31.818,324392264, 794.2660636507567, 391216, 41.34180079682927, 21515, 0, 0.0, 1, 
2019-12-06 16:31:32.844,344315208, 794.2660636507567, 392177, 41.34180079682927, 21582, 0, 0.0, 1, 
2019-12-06 16:31:33.875,361092424, 794.2660636507567, 393027, 41.34180079682927, 21637, 0, 0.0, 1, 
2019-12-06 16:31:34.902,375772488, 794.2660636507567, 393744, 41.34180079682927, 21677, 0, 0.0, 1, 
2019-12-06 16:31:35.925,393598280, 794.2660636507567, 394662, 41.34180079682927, 21725, 0, 0.0, 1, 
2019-12-06 16:31:36.953,409326920, 795.9398487856729, 395390, 41.9381254799299, 21761, 0, 0.0, 1, 
2019-12-06 16:31:37.979,422958408, 795.9398487856729, 396065, 41.9381254799299, 21789, 0, 0.0, 1, 
2019-12-06 16:31:39.065,439735624, 795.9398487856729, 396855, 41.9381254799299, 21831, 0, 0.0, 1, 
2019-12-06 16:31:40.089,457561416, 795.9398487856729, 397698, 41.9381254799299, 21883, 0, 0.0, 1, 
2019-12-06 16:31:41.116,474338632, 795.9398487856729, 398661, 41.9381254799299, 21922, 0, 0.0, 1, 
2019-12-06 16:31:42.145,497407304, 795.5768625185201, 399805, 41.76717040558614, 21987, 0, 0.0, 1, 
2019-12-06 16:31:43.173,518378824, 795.5768625185201, 400876, 41.76717040558614, 22044, 0, 0.0, 1, 
2019-12-06 16:31:44.199,541447496, 795.5768625185201, 401993, 41.76717040558614, 22110, 0, 0.0, 1, 
2019-12-06 16:31:45.226,562419016, 795.5768625185201, 403119, 41.76717040558614, 22166, 0, 0.0, 1, 
2019-12-06 16:31:46.252,584439112, 795.5768625185201, 404286, 41.76717040558614, 22225, 0, 0.0, 1, 
2019-12-06 16:31:47.277,607507784, 819.8692193250074, 405478, 43.001111329733405, 22286, 0, 0.0, 1, 
2019-12-06 16:31:48.307,629527880, 819.8692193250074, 406643, 43.001111329733405, 22352, 0, 0.0, 1, 
2019-12-06 16:31:49.331,651547976, 819.8692193250074, 407809, 43.001111329733405, 22407, 0, 0.0, 1, 
2019-12-06 16:31:50.37,675665224, 819.8692193250074, 408892, 43.001111329733405, 22465, 0, 0.0, 1, 
2019-12-06 16:31:51.393,698733896, 819.8692193250074, 410109, 43.001111329733405, 22526, 0, 0.0, 1, 
2019-12-06 16:31:52.463,723899720, 845.0976675963431, 411371, 44.344276306941396, 22587, 0, 0.0, 1, 
2019-12-06 16:31:53.488,746968392, 845.0976675963431, 412579, 44.344276306941396, 22662, 0, 0.0, 1, 
2019-12-06 16:31:54.513,124189072, 845.0976675963431, 413732, 44.344276306941396, 22713, 0, 0.0, 1, 
2019-12-06 16:31:55.545,148306320, 845.0976675963431, 414899, 44.344276306941396, 22767, 0, 0.0, 1, 
2019-12-06 16:31:56.568,171374992, 870.8195658987894, 416130, 45.45211880555426, 22828, 0, 0.0, 1, 
2019-12-06 16:31:57.596,193395088, 870.8195658987894, 417320, 45.45211880555426, 22910, 0, 0.0, 1, 
2019-12-06 16:31:58.663,216463760, 870.8195658987894, 418559, 45.45211880555426, 22977, 0, 0.0, 1, 
2019-12-06 16:31:59.687,241629584, 870.8195658987894, 419795, 45.45211880555426, 23039, 0, 0.0, 1, 
2019-12-06 16:32:00.714,264698256, 870.8195658987894, 421062, 45.45211880555426, 23112, 0, 0.0, 1, 
2019-12-06 16:32:01.739,290912656, 896.1319398242547, 422336, 47.1909833770281, 23177, 0, 0.0, 1, 
2019-12-06 16:32:02.764,312932752, 896.1319398242547, 423604, 47.1909833770281, 23244, 0, 0.0, 1, 
2019-12-06 16:32:03.789,340195728, 896.1319398242547, 424975, 47.1909833770281, 23311, 0, 0.0, 1, 
2019-12-06 16:32:04.815,363264400, 896.1319398242547, 426240, 47.1909833770281, 23389, 0, 0.0, 1, 
2019-12-06 16:32:05.839,387381648, 896.1319398242547, 427550, 47.1909833770281, 23454, 0, 0.0, 1, 
2019-12-06 16:32:06.863,414644624, 925.9448238416351, 428877, 49.04667388699558, 23531, 0, 0.0, 1, 
2019-12-06 16:32:07.896,440859024, 925.9448238416351, 430219, 49.04667388699558, 23584, 0, 0.0, 1, 
2019-12-06 16:32:08.921,464976272, 925.9448238416351, 431513, 49.04667388699558, 23646, 0, 0.0, 1, 
2019-12-06 16:32:09.946,491190672, 925.9448238416351, 432898, 49.04667388699558, 23713, 0, 0.0, 1, 
2019-12-06 16:32:10.976,515307920, 925.9448238416351, 434209, 49.04667388699558, 23785, 0, 0.0, 1, 
2019-12-06 16:32:11.999,540473744, 956.4283046269776, 435584, 50.08236465885812, 23857, 0, 0.0, 1, 
2019-12-06 16:32:13.023,568785296, 956.4283046269776, 437051, 50.08236465885812, 23923, 0, 0.0, 1, 
2019-12-06 16:32:14.053,596048272, 956.4283046269776, 438533, 50.08236465885812, 23994, 0, 0.0, 1, 
2019-12-06 16:32:15.079,624359824, 956.4283046269776, 439966, 50.08236465885812, 24069, 0, 0.0, 1, 
2019-12-06 16:32:16.102,651622800, 956.4283046269776, 441451, 50.08236465885812, 24155, 0, 0.0, 1, 
2019-12-06 16:32:17.131,677837200, 992.8058328576169, 442916, 51.86678425664842, 24234, 0, 0.0, 1, 
2019-12-06 16:32:18.165,707197328, 992.8058328576169, 444389, 51.86678425664842, 24333, 0, 0.0, 1, 
2019-12-06 16:32:19.189,730266000, 992.8058328576169, 445684, 51.86678425664842, 24407, 0, 0.0, 1, 
2019-12-06 16:32:20.213,111847784, 992.8058328576169, 446927, 51.86678425664842, 24474, 0, 0.0, 1, 
2019-12-06 16:32:21.245,135965032, 992.8058328576169, 448193, 51.86678425664842, 24552, 0, 0.0, 1, 
2019-12-06 16:32:22.268,163228008, 1018.2472337530212, 449505, 53.876325233655606, 24618, 0, 0.0, 1, 
2019-12-06 16:32:23.29,187345256, 1018.2472337530212, 450817, 53.876325233655606, 24699, 0, 0.0, 1, 
2019-12-06 16:32:24.327,212511080, 1018.2472337530212, 452130, 53.876325233655606, 24760, 0, 0.0, 1, 
2019-12-06 16:32:25.353,235579752, 1018.2472337530212, 453373, 53.876325233655606, 24833, 0, 0.0, 1, 
2019-12-06 16:32:26.381,260745576, 1018.2472337530212, 454674, 53.876325233655606, 24907, 0, 0.0, 1, 
2019-12-06 16:32:27.404,286959976, 1037.8005933323166, 456134, 55.06955638548027, 24978, 0, 0.0, 1, 
2019-12-06 16:32:28.425,314222952, 1037.8005933323166, 457565, 55.06955638548027, 25040, 0, 0.0, 1, 
2019-12-06 16:32:29.452,340437352, 1037.8005933323166, 458898, 55.06955638548027, 25107, 0, 0.0, 1, 
2019-12-06 16:32:30.476,366651752, 1037.8005933323166, 460427, 55.06955638548027, 25173, 0, 0.0, 1, 
2019-12-06 16:32:31.507,393914728, 1067.5919970011983, 461902, 55.831568583521424, 25241, 0, 0.0, 1, 
2019-12-06 16:32:32.532,421177704, 1067.5919970011983, 463439, 55.831568583521424, 25334, 0, 0.0, 1, 
2019-12-06 16:32:33.56,447392104, 1067.5919970011983, 464839, 55.831568583521424, 25403, 0, 0.0, 1, 
2019-12-06 16:32:34.582,472557928, 1067.5919970011983, 466253, 55.831568583521424, 25484, 0, 0.0, 1, 
2019-12-06 16:32:35.609,499820904, 1067.5919970011983, 467743, 55.831568583521424, 25562, 0, 0.0, 1, 
2019-12-06 16:32:36.632,526035304, 1094.5056869214218, 469060, 57.70000519662048, 25638, 0, 0.0, 1, 
2019-12-06 16:32:37.655,552249704, 1094.5056869214218, 470497, 57.70000519662048, 25727, 0, 0.0, 1, 
2019-12-06 16:32:38.696,579512680, 1094.5056869214218, 471989, 57.70000519662048, 25799, 0, 0.0, 1, 
2019-12-06 16:32:39.727,604678504, 1094.5056869214218, 473425, 57.70000519662048, 25877, 0, 0.0, 1, 
2019-12-06 16:32:40.76,627747176, 1094.5056869214218, 474693, 57.70000519662048, 25943, 0, 0.0, 1, 
2019-12-06 16:32:41.784,651864424, 1115.0458221020174, 475981, 59.003280822663676, 26017, 0, 0.0, 1, 
2019-12-06 16:32:42.81,675981672, 1115.0458221020174, 477306, 59.003280822663676, 26080, 0, 0.0, 1, 
2019-12-06 16:32:43.836,704293224, 1115.0458221020174, 478747, 59.003280822663676, 26159, 0, 0.0, 1, 
2019-12-06 16:32:44.861,728410472, 1115.0458221020174, 480101, 59.003280822663676, 26226, 0, 0.0, 1, 
2019-12-06 16:32:45.885,114079608, 1115.0458221020174, 481615, 59.003280822663676, 26295, 0, 0.0, 1, 
2019-12-06 16:32:46.911,138196856, 1133.399960770135, 482948, 59.54671648308771, 26358, 0, 0.0, 1, 
2019-12-06 16:32:47.935,165459832, 1133.399960770135, 484448, 59.54671648308771, 26449, 0, 0.0, 1, 
2019-12-06 16:32:49.005,190625656, 1133.399960770135, 485900, 59.54671648308771, 26527, 0, 0.0, 1, 
2019-12-06 16:32:50.044,218937208, 1133.399960770135, 487407, 59.54671648308771, 26598, 0, 0.0, 1, 
2019-12-06 16:32:51.068,244103032, 1133.399960770135, 488829, 59.54671648308771, 26669, 0, 0.0, 1, 
2019-12-06 16:32:52.097,271366008, 1155.2918031812733, 490295, 60.67035499306251, 26751, 0, 0.0, 1, 
2019-12-06 16:32:53.124,297580408, 1155.2918031812733, 491788, 60.67035499306251, 26831, 0, 0.0, 1, 
2019-12-06 16:32:54.156,321697656, 1155.2918031812733, 493027, 60.67035499306251, 26891, 0, 0.0, 1, 
2019-12-06 16:32:55.192,345814904, 1155.2918031812733, 494358, 60.67035499306251, 26954, 0, 0.0, 1, 
2019-12-06 16:32:56.229,370980728, 1155.2918031812733, 495790, 60.67035499306251, 27049, 0, 0.0, 1, 
2019-12-06 16:32:57.261,397195128, 1169.372637146489, 497215, 61.656178977004835, 27121, 0, 0.0, 1, 
2019-12-06 16:32:58.294,422360952, 1169.372637146489, 498444, 61.656178977004835, 27175, 0, 0.0, 1, 
2019-12-06 16:32:59.32,448575352, 1169.372637146489, 499947, 61.656178977004835, 27240, 0, 0.0, 1, 
2019-12-06 16:33:00.345,473741176, 1169.372637146489, 501296, 61.656178977004835, 27308, 0, 0.0, 1, 
2019-12-06 16:33:01.378,497858424, 1169.372637146489, 502620, 61.656178977004835, 27367, 0, 0.0, 1, 
2019-12-06 16:33:02.403,524072824, 1182.8393455358807, 504028, 61.66767827108702, 27441, 0, 0.0, 1, 
2019-12-06 16:33:03.428,550287224, 1182.8393455358807, 505506, 61.66767827108702, 27524, 0, 0.0, 1, 
2019-12-06 16:33:04.454,575453048, 1182.8393455358807, 506944, 61.66767827108702, 27612, 0, 0.0, 1, 
2019-12-06 16:33:05.486,600618872, 1182.8393455358807, 508302, 61.66767827108702, 27659, 0, 0.0, 1, 
2019-12-06 16:33:06.51,629979000, 1200.586339592818, 509804, 62.58975180560523, 27745, 0, 0.0, 1, 
2019-12-06 16:33:07.534,655144824, 1200.586339592818, 511191, 62.58975180560523, 27819, 0, 0.0, 1, 
2019-12-06 16:33:08.559,678213496, 1200.586339592818, 512502, 62.58975180560523, 27891, 0, 0.0, 1, 
2019-12-06 16:33:09.59,705476472, 1200.586339592818, 513992, 62.58975180560523, 27977, 0, 0.0, 1, 
2019-12-06 16:33:10.614,732739448, 1200.586339592818, 515488, 62.58975180560523, 28044, 0, 0.0, 1, 
2019-12-06 16:33:11.638,114079792, 1216.114806497656, 516941, 63.43810041091623, 28115, 0, 0.0, 1, 
2019-12-06 16:33:12.662,139245616, 1216.114806497656, 518394, 63.43810041091623, 28199, 0, 0.0, 1, 
2019-12-06 16:33:13.688,168605744, 1216.114806497656, 519939, 63.43810041091623, 28282, 0, 0.0, 1, 
2019-12-06 16:33:14.717,195868720, 1216.114806497656, 521487, 63.43810041091623, 28364, 0, 0.0, 1, 
2019-12-06 16:33:15.742,222083120, 1216.114806497656, 522971, 63.43810041091623, 28438, 0, 0.0, 1, 
2019-12-06 16:33:16.77,248297520, 1235.071091926856, 524459, 64.5384411483739, 28511, 0, 0.0, 1, 
2019-12-06 16:33:17.793,275560496, 1235.071091926856, 525982, 64.5384411483739, 28590, 0, 0.0, 1, 
2019-12-06 16:33:18.817,301774896, 1235.071091926856, 527378, 64.5384411483739, 28663, 0, 0.0, 1, 
2019-12-06 16:33:19.84,329037872, 1235.071091926856, 528804, 64.5384411483739, 28733, 0, 0.0, 1, 
2019-12-06 16:33:20.864,355252272, 1235.071091926856, 530183, 64.5384411483739, 28800, 0, 0.0, 1, 
2019-12-06 16:33:21.887,381466672, 1249.3774575115804, 531696, 65.24697227365237, 28885, 0, 0.0, 1, 
2019-12-06 16:33:22.911,405583920, 1249.3774575115804, 532984, 65.24697227365237, 28951, 0, 0.0, 1, 
2019-12-06 16:33:23.979,432846896, 1249.3774575115804, 534540, 65.24697227365237, 29017, 0, 0.0, 1, 
2019-12-06 16:33:25.004,459061296, 1249.3774575115804, 536029, 65.24697227365237, 29096, 0, 0.0, 1, 
2019-12-06 16:33:26.028,487372848, 1249.3774575115804, 537547, 65.24697227365237, 29164, 0, 0.0, 1, 
2019-12-06 16:33:27.059,516732976, 1262.5079670273026, 538992, 65.40312774875765, 29227, 0, 0.0, 1, 
2019-12-06 16:33:28.083,542947376, 1262.5079670273026, 540486, 65.40312774875765, 29307, 0, 0.0, 1, 
2019-12-06 16:33:29.108,557627440, 1262.5079670273026, 541240, 65.40312774875765, 29346, 0, 0.0, 1, 
2019-12-06 16:33:30.14,558676016, 1262.5079670273026, 541240, 65.40312774875765, 29346, 0, 0.0, 1, 
2019-12-06 16:33:31.173,559724592, 1262.5079670273026, 541240, 65.40312774875765, 29346, 0, 0.0, 1, 
