Timestamp, MemoryUsed, ReadLatency1, ReadCount, WriteLatency1, WriteCount, PendingTasks, WaitingOnCommit1, SRDelay, 
2019-12-06 16:29:36.187,336039848, 70.75963319103963, 289159, 6.644334942377997, 16199, 0, 0.0, 1, 
2019-12-06 16:29:37.256,345216792, 70.75963319103963, 289485, 6.644334942377997, 16214, 0, 0.0, 1, 
2019-12-06 16:29:38.298,357399080, 70.75963319103963, 290069, 6.644334942377997, 16243, 0, 0.0, 1, 
2019-12-06 16:29:39.33,84242064, 70.75963319103963, 290761, 6.644334942377997, 16273, 0, 0.0, 1, 
2019-12-06 16:29:40.373,99581416, 70.75963319103963, 291545, 6.644334942377997, 16323, 0, 0.0, 1, 
2019-12-06 16:29:41.402,116076928, 109.18951507202682, 292359, 8.495759696707488, 16365, 0, 0.0, 1, 
2019-12-06 16:29:42.435,131097312, 109.18951507202682, 293125, 8.495759696707488, 16401, 0, 0.0, 1, 
2019-12-06 16:29:43.469,146673496, 109.18951507202682, 293895, 8.495759696707488, 16447, 0, 0.0, 1, 
2019-12-06 16:29:44.498,162406168, 109.18951507202682, 294732, 8.495759696707488, 16499, 0, 0.0, 1, 
2019-12-06 16:29:45.532,179355760, 109.18951507202682, 295584, 8.495759696707488, 16542, 0, 0.0, 1, 
2019-12-06 16:29:46.562,194809144, 163.16037352578726, 296433, 11.206593076705332, 16583, 0, 0.0, 1, 
2019-12-06 16:29:47.605,217892088, 163.16037352578726, 297312, 11.206593076705332, 16623, 0, 0.0, 1, 
2019-12-06 16:29:48.635,242327808, 163.16037352578726, 298226, 11.206593076705332, 16677, 0, 0.0, 1, 
2019-12-06 16:29:49.673,259021792, 163.16037352578726, 299130, 11.206593076705332, 16725, 0, 0.0, 1, 
2019-12-06 16:29:50.705,278377560, 163.16037352578726, 300093, 11.206593076705332, 16776, 0, 0.0, 1, 
2019-12-06 16:29:51.74,297608104, 220.18786537009575, 301084, 13.92455582600097, 16841, 0, 0.0, 1, 
2019-12-06 16:29:52.777,316743784, 220.18786537009575, 302120, 13.92455582600097, 16903, 0, 0.0, 1, 
2019-12-06 16:29:53.805,334649424, 220.18786537009575, 303100, 13.92455582600097, 16953, 0, 0.0, 1, 
2019-12-06 16:29:54.835,352977656, 220.18786537009575, 304137, 13.92455582600097, 17010, 0, 0.0, 1, 
2019-12-06 16:29:55.869,90524808, 282.12243202965914, 305193, 17.416651531257376, 17075, 0, 0.0, 1, 
2019-12-06 16:29:56.898,109843632, 282.12243202965914, 306215, 17.416651531257376, 17135, 0, 0.0, 1, 
2019-12-06 16:29:57.952,128399904, 282.12243202965914, 307284, 17.416651531257376, 17183, 0, 0.0, 1, 
2019-12-06 16:29:58.991,150954208, 282.12243202965914, 308477, 17.416651531257376, 17265, 0, 0.0, 1, 
2019-12-06 16:30:00.021,176167488, 282.12243202965914, 309847, 17.416651531257376, 17325, 0, 0.0, 1, 
2019-12-06 16:30:01.057,199271688, 350.31475722624685, 311225, 20.981339255860554, 17409, 0, 0.0, 1, 
2019-12-06 16:30:02.09,224955528, 350.31475722624685, 312648, 20.981339255860554, 17481, 0, 0.0, 1, 
2019-12-06 16:30:03.129,247017184, 350.31475722624685, 313915, 20.981339255860554, 17536, 0, 0.0, 1, 
2019-12-06 16:30:04.155,270616784, 350.31475722624685, 315243, 20.981339255860554, 17602, 0, 0.0, 1, 
2019-12-06 16:30:05.182,290844264, 350.31475722624685, 316326, 20.981339255860554, 17665, 0, 0.0, 1, 
2019-12-06 16:30:06.21,310310400, 420.28271006146304, 317382, 24.436912574594913, 17729, 0, 0.0, 1, 
2019-12-06 16:30:07.239,330008944, 420.28271006146304, 318514, 24.436912574594913, 17781, 0, 0.0, 1, 
2019-12-06 16:30:08.273,353038488, 420.28271006146304, 319742, 24.436912574594913, 17846, 0, 0.0, 1, 
2019-12-06 16:30:09.307,93555072, 420.28271006146304, 320976, 24.436912574594913, 17911, 0, 0.0, 1, 
2019-12-06 16:30:10.342,117546456, 420.28271006146304, 322320, 24.436912574594913, 17980, 0, 0.0, 1, 
2019-12-06 16:30:11.372,145820576, 482.9772669777674, 323905, 27.568220154616164, 18065, 0, 0.0, 1, 
2019-12-06 16:30:12.405,171783936, 482.9772669777674, 325474, 27.568220154616164, 18151, 0, 0.0, 1, 
2019-12-06 16:30:13.434,198904688, 482.9772669777674, 326994, 27.568220154616164, 18236, 0, 0.0, 1, 
2019-12-06 16:30:14.465,224138336, 482.9772669777674, 328387, 27.568220154616164, 18320, 0, 0.0, 1, 
2019-12-06 16:30:15.49,248359496, 482.9772669777674, 329791, 27.568220154616164, 18391, 0, 0.0, 1, 
2019-12-06 16:30:16.522,274366936, 558.8569351266395, 331204, 31.552549282216518, 18478, 0, 0.0, 1, 
2019-12-06 16:30:17.547,299854304, 558.8569351266395, 332646, 31.552549282216518, 18552, 0, 0.0, 1, 
2019-12-06 16:30:18.578,326075248, 558.8569351266395, 334119, 31.552549282216518, 18618, 0, 0.0, 1, 
2019-12-06 16:30:19.603,347690824, 558.8569351266395, 335362, 31.552549282216518, 18688, 0, 0.0, 1, 
2019-12-06 16:30:20.634,81650952, 558.8569351266395, 336355, 31.552549282216518, 18745, 0, 0.0, 1, 
2019-12-06 16:30:21.662,98762832, 615.7647685121086, 337249, 34.57866435914474, 18806, 0, 0.0, 1, 
2019-12-06 16:30:22.689,116193312, 615.7647685121086, 338169, 34.57866435914474, 18860, 0, 0.0, 1, 
2019-12-06 16:30:23.714,134182840, 615.7647685121086, 339111, 34.57866435914474, 18908, 0, 0.0, 1, 
2019-12-06 16:30:24.744,152575816, 615.7647685121086, 340131, 34.57866435914474, 18962, 0, 0.0, 1, 
2019-12-06 16:30:25.785,173413464, 642.3768042777076, 341219, 36.03556191654489, 19018, 0, 0.0, 1, 
2019-12-06 16:30:26.809,190720504, 642.3768042777076, 342191, 36.03556191654489, 19068, 0, 0.0, 1, 
2019-12-06 16:30:27.837,207969960, 642.3768042777076, 343053, 36.03556191654489, 19107, 0, 0.0, 1, 
2019-12-06 16:30:28.863,223122144, 642.3768042777076, 343917, 36.03556191654489, 19147, 0, 0.0, 1, 
2019-12-06 16:30:29.888,240240424, 642.3768042777076, 344817, 36.03556191654489, 19203, 0, 0.0, 1, 
2019-12-06 16:30:30.916,259092216, 660.8803813600362, 345720, 36.76830992810087, 19250, 0, 0.0, 1, 
2019-12-06 16:30:31.944,273896592, 660.8803813600362, 346536, 36.76830992810087, 19288, 0, 0.0, 1, 
2019-12-06 16:30:32.979,290043400, 660.8803813600362, 347370, 36.76830992810087, 19329, 0, 0.0, 1, 
2019-12-06 16:30:34.009,306459456, 660.8803813600362, 348261, 36.76830992810087, 19367, 0, 0.0, 1, 
2019-12-06 16:30:35.041,322088952, 660.8803813600362, 349110, 36.76830992810087, 19410, 0, 0.0, 1, 
2019-12-06 16:30:36.069,340668432, 675.0101019148772, 349992, 36.91476378001722, 19445, 0, 0.0, 1, 
2019-12-06 16:30:37.097,77013392, 675.0101019148772, 350843, 36.91476378001722, 19485, 0, 0.0, 1, 
2019-12-06 16:30:38.13,93045488, 675.0101019148772, 351724, 36.91476378001722, 19536, 0, 0.0, 1, 
2019-12-06 16:30:39.158,109244096, 675.0101019148772, 352606, 36.91476378001722, 19577, 0, 0.0, 1, 
2019-12-06 16:30:40.187,125652176, 675.0101019148772, 353490, 36.91476378001722, 19617, 0, 0.0, 1, 
2019-12-06 16:30:41.223,143799128, 689.5132373966006, 354465, 37.449285755327196, 19664, 0, 0.0, 1, 
2019-12-06 16:30:42.268,159760128, 689.5132373966006, 355373, 37.449285755327196, 19712, 0, 0.0, 1, 
2019-12-06 16:30:43.295,178231448, 689.5132373966006, 356344, 37.449285755327196, 19764, 0, 0.0, 1, 
2019-12-06 16:30:44.37,194449720, 689.5132373966006, 357186, 37.449285755327196, 19814, 0, 0.0, 1, 
2019-12-06 16:30:45.409,211002560, 689.5132373966006, 358085, 37.449285755327196, 19860, 0, 0.0, 1, 
2019-12-06 16:30:46.441,227348216, 704.0720910888069, 358940, 37.98904306443017, 19899, 0, 0.0, 1, 
2019-12-06 16:30:47.469,243749608, 704.0720910888069, 359820, 37.98904306443017, 19954, 0, 0.0, 1, 
2019-12-06 16:30:48.498,262684504, 704.0720910888069, 360795, 37.98904306443017, 20001, 0, 0.0, 1, 
2019-12-06 16:30:49.532,281486392, 704.0720910888069, 361732, 37.98904306443017, 20051, 0, 0.0, 1, 
2019-12-06 16:30:50.56,300568176, 704.0720910888069, 362780, 37.98904306443017, 20108, 0, 0.0, 1, 
2019-12-06 16:30:51.589,316256848, 721.512635731483, 363599, 38.86943057170497, 20161, 0, 0.0, 1, 
2019-12-06 16:30:52.629,331078456, 721.512635731483, 364394, 38.86943057170497, 20198, 0, 0.0, 1, 
2019-12-06 16:30:53.681,346237056, 721.512635731483, 365272, 38.86943057170497, 20238, 0, 0.0, 1, 
2019-12-06 16:30:54.718,77139880, 721.512635731483, 366111, 38.86943057170497, 20279, 0, 0.0, 1, 
2019-12-06 16:30:55.745,94183296, 727.6122365979583, 366973, 38.86943057170497, 20322, 0, 0.0, 1, 
2019-12-06 16:30:56.78,112554960, 727.6122365979583, 367920, 39.03978149751717, 20372, 0, 0.0, 1, 
2019-12-06 16:30:57.805,127126128, 727.6122365979583, 368733, 39.03978149751717, 20414, 0, 0.0, 1, 
2019-12-06 16:30:58.837,145238952, 727.6122365979583, 369546, 39.03978149751717, 20465, 0, 0.0, 1, 
2019-12-06 16:30:59.865,163152216, 727.6122365979583, 370456, 39.03978149751717, 20506, 0, 0.0, 1, 
2019-12-06 16:31:00.892,181268880, 737.7816086727556, 371391, 39.6442631934134, 20559, 0, 0.0, 1, 
2019-12-06 16:31:01.921,197367136, 737.7816086727556, 372309, 39.6442631934134, 20608, 0, 0.0, 1, 
2019-12-06 16:31:02.947,214769232, 737.7816086727556, 373186, 39.6442631934134, 20661, 0, 0.0, 1, 
2019-12-06 16:31:03.974,231243136, 737.7816086727556, 374083, 39.6442631934134, 20721, 0, 0.0, 1, 
2019-12-06 16:31:04.998,248156864, 737.7816086727556, 375007, 39.6442631934134, 20756, 0, 0.0, 1, 
2019-12-06 16:31:06.023,262426912, 747.2178382358311, 375781, 40.136448733171854, 20797, 0, 0.0, 1, 
2019-12-06 16:31:07.055,281170616, 747.2178382358311, 376729, 40.136448733171854, 20837, 0, 0.0, 1, 
2019-12-06 16:31:08.085,298113176, 747.2178382358311, 377671, 40.136448733171854, 20885, 0, 0.0, 1, 
2019-12-06 16:31:09.119,312741536, 747.2178382358311, 378517, 40.136448733171854, 20920, 0, 0.0, 1, 
2019-12-06 16:31:10.147,332100736, 747.2178382358311, 379429, 40.136448733171854, 20982, 0, 0.0, 1, 
2019-12-06 16:31:11.178,350104168, 758.4901495065086, 380381, 40.493334587543124, 21031, 0, 0.0, 1, 
2019-12-06 16:31:12.256,86346312, 758.4901495065086, 381481, 40.493334587543124, 21107, 0, 0.0, 1, 
2019-12-06 16:31:13.279,105567904, 758.4901495065086, 382467, 40.493334587543124, 21158, 0, 0.0, 1, 
2019-12-06 16:31:14.305,122225848, 758.4901495065086, 383410, 40.493334587543124, 21205, 0, 0.0, 1, 
2019-12-06 16:31:15.337,139236680, 758.4901495065086, 384278, 40.493334587543124, 21246, 0, 0.0, 1, 
2019-12-06 16:31:16.365,155678240, 772.1553466483306, 385191, 41.397365639186496, 21297, 0, 0.0, 1, 
2019-12-06 16:31:17.394,173863384, 772.1553466483306, 386141, 41.397365639186496, 21351, 0, 0.0, 1, 
2019-12-06 16:31:18.463,192706488, 772.1553466483306, 387124, 41.397365639186496, 21400, 0, 0.0, 1, 
2019-12-06 16:31:19.514,210421080, 772.1553466483306, 388064, 41.397365639186496, 21444, 0, 0.0, 1, 
2019-12-06 16:31:20.538,226213720, 772.1553466483306, 388949, 41.397365639186496, 21489, 0, 0.0, 1, 
2019-12-06 16:31:21.563,243316088, 782.425214094797, 389793, 41.82933643204907, 21542, 0, 0.0, 1, 
2019-12-06 16:31:22.592,261003512, 782.425214094797, 390753, 41.82933643204907, 21574, 0, 0.0, 1, 
2019-12-06 16:31:23.618,278335632, 782.425214094797, 391726, 41.82933643204907, 21619, 0, 0.0, 1, 
2019-12-06 16:31:24.64,296811912, 782.425214094797, 392705, 41.82933643204907, 21669, 0, 0.0, 1, 
2019-12-06 16:31:25.665,314561976, 782.425214094797, 393635, 41.82933643204907, 21705, 0, 0.0, 1, 
2019-12-06 16:31:26.689,332482000, 793.3611221657965, 394588, 41.8269908204519, 21755, 0, 0.0, 1, 
2019-12-06 16:31:27.715,351080272, 793.3611221657965, 395583, 41.8269908204519, 21817, 0, 0.0, 1, 
2019-12-06 16:31:28.74,85722256, 793.3611221657965, 396663, 41.8269908204519, 21872, 0, 0.0, 1, 
2019-12-06 16:31:29.764,103817160, 793.3611221657965, 397689, 41.8269908204519, 21910, 0, 0.0, 1, 
2019-12-06 16:31:30.791,121023896, 807.420422573953, 398596, 42.38452185119777, 21955, 0, 0.0, 1, 
2019-12-06 16:31:31.824,136498440, 807.420422573953, 399343, 42.38452185119777, 21992, 0, 0.0, 1, 
2019-12-06 16:31:32.855,154717440, 807.420422573953, 400280, 42.38452185119777, 22030, 0, 0.0, 1, 
2019-12-06 16:31:33.882,172959816, 807.420422573953, 401119, 42.38452185119777, 22068, 0, 0.0, 1, 
2019-12-06 16:31:34.907,188131672, 807.420422573953, 401840, 42.38452185119777, 22100, 0, 0.0, 1, 
2019-12-06 16:31:35.93,206548320, 806.8431094604291, 402731, 42.065937074163, 22156, 0, 0.0, 1, 
2019-12-06 16:31:36.957,222082984, 806.8431094604291, 403556, 42.065937074163, 22193, 0, 0.0, 1, 
2019-12-06 16:31:37.985,235337496, 806.8431094604291, 404200, 42.065937074163, 22226, 0, 0.0, 1, 
2019-12-06 16:31:39.07,252866720, 806.8431094604291, 405074, 42.065937074163, 22266, 0, 0.0, 1, 
2019-12-06 16:31:40.097,269516440, 806.8431094604291, 405908, 42.065937074163, 22301, 0, 0.0, 1, 
2019-12-06 16:31:41.121,289417168, 806.0241156475045, 406949, 41.83678939776277, 22358, 0, 0.0, 1, 
2019-12-06 16:31:42.152,313099376, 806.0241156475045, 408136, 41.83678939776277, 22417, 0, 0.0, 1, 
2019-12-06 16:31:43.179,332486992, 806.0241156475045, 409243, 41.83678939776277, 22472, 0, 0.0, 1, 
2019-12-06 16:31:44.205,354596536, 806.0241156475045, 410452, 41.83678939776277, 22537, 0, 0.0, 1, 
2019-12-06 16:31:45.232,93413880, 806.0241156475045, 411545, 41.83678939776277, 22593, 0, 0.0, 1, 
2019-12-06 16:31:46.258,115615032, 830.3446765365516, 412733, 42.8252971385256, 22658, 0, 0.0, 1, 
2019-12-06 16:31:47.285,137709624, 830.3446765365516, 413913, 42.8252971385256, 22732, 0, 0.0, 1, 
2019-12-06 16:31:48.312,158914576, 830.3446765365516, 415067, 42.8252971385256, 22788, 0, 0.0, 1, 
2019-12-06 16:31:49.337,181686720, 830.3446765365516, 416252, 42.8252971385256, 22849, 0, 0.0, 1, 
2019-12-06 16:31:50.376,202504360, 830.3446765365516, 417386, 42.8252971385256, 22911, 0, 0.0, 1, 
2019-12-06 16:31:51.402,223604056, 854.767535728661, 418540, 44.5503151350132, 22976, 0, 0.0, 1, 
2019-12-06 16:31:52.469,247285904, 854.767535728661, 419850, 44.5503151350132, 23050, 0, 0.0, 1, 
2019-12-06 16:31:53.494,270764792, 854.767535728661, 421033, 44.5503151350132, 23117, 0, 0.0, 1, 
2019-12-06 16:31:54.525,292694040, 854.767535728661, 422211, 44.5503151350132, 23170, 0, 0.0, 1, 
2019-12-06 16:31:55.551,314431568, 854.767535728661, 423375, 44.5503151350132, 23240, 0, 0.0, 1, 
2019-12-06 16:31:56.575,336680664, 880.0360964056134, 424607, 46.073443839520145, 23303, 0, 0.0, 1, 
2019-12-06 16:31:57.637,75949560, 880.0360964056134, 425867, 46.073443839520145, 23361, 0, 0.0, 1, 
2019-12-06 16:31:58.669,96791768, 880.0360964056134, 427115, 46.073443839520145, 23433, 0, 0.0, 1, 
2019-12-06 16:31:59.695,119852728, 880.0360964056134, 428405, 46.073443839520145, 23500, 0, 0.0, 1, 
2019-12-06 16:32:00.72,143898280, 880.0360964056134, 429718, 46.073443839520145, 23564, 0, 0.0, 1, 
2019-12-06 16:32:01.745,169915688, 907.4100027272925, 431060, 47.37884319441854, 23642, 0, 0.0, 1, 
2019-12-06 16:32:02.77,192753544, 907.4100027272925, 432383, 47.37884319441854, 23705, 0, 0.0, 1, 
2019-12-06 16:32:03.795,219183032, 907.4100027272925, 433754, 47.37884319441854, 23758, 0, 0.0, 1, 
2019-12-06 16:32:04.82,243547608, 907.4100027272925, 435075, 47.37884319441854, 23836, 0, 0.0, 1, 
2019-12-06 16:32:05.845,266952776, 939.7112594431298, 436422, 48.883699804162106, 23899, 0, 0.0, 1, 
2019-12-06 16:32:06.869,292611088, 939.7112594431298, 437800, 48.883699804162106, 23970, 0, 0.0, 1, 
2019-12-06 16:32:07.903,318341304, 939.7112594431298, 439179, 48.883699804162106, 24050, 0, 0.0, 1, 
2019-12-06 16:32:08.927,344179224, 939.7112594431298, 440536, 48.883699804162106, 24113, 0, 0.0, 1, 
2019-12-06 16:32:09.955,83789192, 939.7112594431298, 441870, 48.883699804162106, 24195, 0, 0.0, 1, 
2019-12-06 16:32:10.981,109592496, 970.8690508067161, 443277, 50.6360304154798, 24268, 0, 0.0, 1, 
2019-12-06 16:32:12.005,135037528, 970.8690508067161, 444713, 50.6360304154798, 24347, 0, 0.0, 1, 
2019-12-06 16:32:13.028,161912544, 970.8690508067161, 446124, 50.6360304154798, 24427, 0, 0.0, 1, 
2019-12-06 16:32:14.059,187026448, 970.8690508067161, 447590, 50.6360304154798, 24490, 0, 0.0, 1, 
2019-12-06 16:32:15.085,213823528, 970.8690508067161, 449075, 50.6360304154798, 24571, 0, 0.0, 1, 
2019-12-06 16:32:16.108,242408528, 1006.9554810453684, 450596, 52.504110280192805, 24641, 0, 0.0, 1, 
2019-12-06 16:32:17.141,266472448, 1006.9554810453684, 452021, 52.504110280192805, 24727, 0, 0.0, 1, 
2019-12-06 16:32:18.171,294719168, 1006.9554810453684, 453525, 52.504110280192805, 24794, 0, 0.0, 1, 
2019-12-06 16:32:19.194,318958736, 1006.9554810453684, 454899, 52.504110280192805, 24862, 0, 0.0, 1, 
2019-12-06 16:32:20.22,343105552, 1006.9554810453684, 456155, 52.504110280192805, 24931, 0, 0.0, 1, 
2019-12-06 16:32:21.251,81480240, 1034.6396642397744, 457458, 53.855031033098385, 25012, 0, 0.0, 1, 
2019-12-06 16:32:22.273,106675440, 1034.6396642397744, 458821, 53.855031033098385, 25098, 0, 0.0, 1, 
2019-12-06 16:32:23.302,132482728, 1034.6396642397744, 460153, 53.855031033098385, 25175, 0, 0.0, 1, 
2019-12-06 16:32:24.333,157407528, 1034.6396642397744, 461458, 53.855031033098385, 25247, 0, 0.0, 1, 
2019-12-06 16:32:25.36,181940208, 1034.6396642397744, 462735, 53.855031033098385, 25308, 0, 0.0, 1, 
2019-12-06 16:32:26.386,205289696, 1054.3535402146738, 464053, 55.433751584972846, 25377, 0, 0.0, 1, 
2019-12-06 16:32:27.409,230583376, 1054.3535402146738, 465472, 55.433751584972846, 25452, 0, 0.0, 1, 
2019-12-06 16:32:28.434,257327304, 1054.3535402146738, 467032, 55.433751584972846, 25520, 0, 0.0, 1, 
2019-12-06 16:32:29.457,282498768, 1054.3535402146738, 468366, 55.433751584972846, 25586, 0, 0.0, 1, 
2019-12-06 16:32:30.485,309908304, 1054.3535402146738, 469934, 55.433751584972846, 25673, 0, 0.0, 1, 
2019-12-06 16:32:31.512,336996728, 1083.5410435943027, 471419, 56.758315674392385, 25752, 0, 0.0, 1, 
2019-12-06 16:32:32.539,81411904, 1083.5410435943027, 472950, 56.758315674392385, 25843, 0, 0.0, 1, 
2019-12-06 16:32:33.565,106214136, 1083.5410435943027, 474344, 56.758315674392385, 25923, 0, 0.0, 1, 
2019-12-06 16:32:34.588,133039824, 1083.5410435943027, 475887, 56.758315674392385, 26004, 0, 0.0, 1, 
2019-12-06 16:32:35.614,159704336, 1083.5410435943027, 477360, 56.758315674392385, 26082, 0, 0.0, 1, 
2019-12-06 16:32:36.638,183494832, 1112.5216616265648, 478796, 58.52067144720201, 26155, 0, 0.0, 1, 
2019-12-06 16:32:37.665,212847888, 1112.5216616265648, 480289, 58.52067144720201, 26234, 0, 0.0, 1, 
2019-12-06 16:32:38.701,239316912, 1112.5216616265648, 481870, 58.52067144720201, 26301, 0, 0.0, 1, 
2019-12-06 16:32:39.733,264648048, 1112.5216616265648, 483299, 58.52067144720201, 26368, 0, 0.0, 1, 
2019-12-06 16:32:40.766,287872000, 1136.9623521063484, 484658, 59.358552295932625, 26434, 0, 0.0, 1, 
2019-12-06 16:32:41.79,312041752, 1136.9623521063484, 486008, 59.358552295932625, 26510, 0, 0.0, 1, 
2019-12-06 16:32:42.817,335370656, 1136.9623521063484, 487310, 59.358552295932625, 26589, 0, 0.0, 1, 
2019-12-06 16:32:43.842,76885472, 1136.9623521063484, 488799, 59.358552295932625, 26673, 0, 0.0, 1, 
2019-12-06 16:32:44.867,102238344, 1136.9623521063484, 490179, 59.358552295932625, 26738, 0, 0.0, 1, 
2019-12-06 16:32:45.892,125793568, 1154.187795354567, 491560, 60.40128888119239, 26802, 0, 0.0, 1, 
2019-12-06 16:32:46.917,150189792, 1154.187795354567, 492961, 60.40128888119239, 26872, 0, 0.0, 1, 
2019-12-06 16:32:47.94,176609160, 1154.187795354567, 494482, 60.40128888119239, 26953, 0, 0.0, 1, 
2019-12-06 16:32:49.012,203406016, 1154.187795354567, 496002, 60.40128888119239, 27029, 0, 0.0, 1, 
2019-12-06 16:32:50.05,230882448, 1154.187795354567, 497580, 60.40128888119239, 27121, 0, 0.0, 1, 
2019-12-06 16:32:51.075,258121944, 1177.0240863660022, 499028, 61.520564023131655, 27194, 0, 0.0, 1, 
2019-12-06 16:32:52.102,283831600, 1177.0240863660022, 500521, 61.520564023131655, 27274, 0, 0.0, 1, 
2019-12-06 16:32:53.13,310717840, 1177.0240863660022, 502022, 61.520564023131655, 27350, 0, 0.0, 1, 
2019-12-06 16:32:54.167,334225792, 1177.0240863660022, 503356, 61.520564023131655, 27417, 0, 0.0, 1, 
2019-12-06 16:32:55.206,75901160, 1177.0240863660022, 504816, 61.520564023131655, 27481, 0, 0.0, 1, 
2019-12-06 16:32:56.241,99323560, 1194.8042827129475, 506262, 62.32647122686842, 27559, 0, 0.0, 1, 
2019-12-06 16:32:57.27,124532256, 1194.8042827129475, 507777, 62.32647122686842, 27620, 0, 0.0, 1, 
2019-12-06 16:32:58.3,147989040, 1194.8042827129475, 509021, 62.32647122686842, 27690, 0, 0.0, 1, 
2019-12-06 16:32:59.325,173624136, 1194.8042827129475, 510464, 62.32647122686842, 27753, 0, 0.0, 1, 
2019-12-06 16:33:00.352,198441464, 1194.8042827129475, 511879, 62.32647122686842, 27845, 0, 0.0, 1, 
2019-12-06 16:33:01.384,223532944, 1207.9166562869177, 513285, 63.003977180079424, 27920, 0, 0.0, 1, 
2019-12-06 16:33:02.409,250298696, 1207.9166562869177, 514761, 63.003977180079424, 28012, 0, 0.0, 1, 
2019-12-06 16:33:03.435,274905872, 1207.9166562869177, 516220, 63.003977180079424, 28090, 0, 0.0, 1, 
2019-12-06 16:33:04.463,300249784, 1207.9166562869177, 517722, 63.003977180079424, 28152, 0, 0.0, 1, 
2019-12-06 16:33:05.492,327927680, 1207.9166562869177, 519091, 63.003977180079424, 28222, 0, 0.0, 1, 
2019-12-06 16:33:06.515,354429528, 1224.4741262540142, 520619, 63.80321503602482, 28309, 0, 0.0, 1, 
2019-12-06 16:33:07.54,95248824, 1224.4741262540142, 522028, 63.80321503602482, 28397, 0, 0.0, 1, 
2019-12-06 16:33:08.57,121090320, 1224.4741262540142, 523463, 63.80321503602482, 28480, 0, 0.0, 1, 
2019-12-06 16:33:09.596,147276552, 1224.4741262540142, 524963, 63.80321503602482, 28554, 0, 0.0, 1, 
2019-12-06 16:33:10.62,173359728, 1224.4741262540142, 526497, 63.80321503602482, 28631, 0, 0.0, 1, 
2019-12-06 16:33:11.644,199080224, 1241.5467124811598, 528026, 65.06625622479416, 28707, 0, 0.0, 1, 
2019-12-06 16:33:12.668,228767600, 1241.5467124811598, 529590, 65.06625622479416, 28777, 0, 0.0, 1, 
2019-12-06 16:33:13.693,255465680, 1241.5467124811598, 531162, 65.06625622479416, 28879, 0, 0.0, 1, 
2019-12-06 16:33:14.724,283207008, 1241.5467124811598, 532718, 65.06625622479416, 28960, 0, 0.0, 1, 
2019-12-06 16:33:15.753,310128192, 1263.5067768587094, 534246, 66.05240792815269, 29029, 0, 0.0, 1, 
2019-12-06 16:33:16.775,336586248, 1263.5067768587094, 535766, 66.05240792815269, 29111, 0, 0.0, 1, 
2019-12-06 16:33:17.799,78867136, 1263.5067768587094, 537313, 66.05240792815269, 29200, 0, 0.0, 1, 
2019-12-06 16:33:18.823,104904072, 1263.5067768587094, 538710, 66.05240792815269, 29291, 0, 0.0, 1, 
2019-12-06 16:33:19.846,128641176, 1263.5067768587094, 540121, 66.05240792815269, 29366, 0, 0.0, 1, 
2019-12-06 16:33:20.869,155762736, 1277.0107333801116, 541615, 67.3754803387324, 29448, 0, 0.0, 1, 
2019-12-06 16:33:21.892,181021480, 1277.0107333801116, 543097, 67.3754803387324, 29520, 0, 0.0, 1, 
2019-12-06 16:33:22.916,206959968, 1277.0107333801116, 544525, 67.3754803387324, 29597, 0, 0.0, 1, 
2019-12-06 16:33:23.985,234099016, 1277.0107333801116, 546110, 67.3754803387324, 29690, 0, 0.0, 1, 
2019-12-06 16:33:25.01,259669312, 1277.0107333801116, 547631, 67.3754803387324, 29771, 0, 0.0, 1, 
2019-12-06 16:33:26.034,290090192, 1292.9690100264088, 549269, 68.04906773971582, 29836, 0, 0.0, 1, 
2019-12-06 16:33:27.065,315655128, 1292.9690100264088, 550744, 68.04906773971582, 29922, 0, 0.0, 1, 
2019-12-06 16:33:28.088,340681872, 1292.9690100264088, 552195, 68.04906773971582, 29996, 0, 0.0, 1, 
2019-12-06 16:33:29.12,354973816, 1292.9690100264088, 552988, 68.04906773971582, 30038, 0, 0.0, 1, 
2019-12-06 16:33:30.145,356027904, 1292.9690100264088, 552988, 68.04906773971582, 30038, 0, 0.0, 1, 
2019-12-06 16:33:31.197,357091624, 1256.8475543774161, 552988, 66.07823709974538, 30038, 0, 0.0, 1, 
