Timestamp, MemoryUsed, ReadLatency1, ReadCount, WriteLatency1, WriteCount, PendingTasks, WaitingOnCommit1, SRDelay, 
2019-12-06 16:33:57.348,139849032, 826.8168902126007, 554956, 44.00308104330941, 30503, 0, 0.0, 1, 
2019-12-06 16:33:58.387,147356624, 826.8168902126007, 555316, 44.00308104330941, 30517, 0, 0.0, 1, 
2019-12-06 16:33:59.431,160428584, 826.8168902126007, 555943, 44.00308104330941, 30539, 0, 0.0, 1, 
2019-12-06 16:34:00.469,175431216, 826.8168902126007, 556659, 44.00308104330941, 30562, 0, 0.0, 1, 
2019-12-06 16:34:01.501,189820712, 800.7820011490729, 557396, 42.01993617949527, 30594, 0, 0.0, 1, 
2019-12-06 16:34:02.548,201758576, 800.7820011490729, 558033, 42.01993617949527, 30619, 0, 0.0, 1, 
2019-12-06 16:34:03.578,213652168, 800.7820011490729, 558557, 42.01993617949527, 30638, 0, 0.0, 1, 
2019-12-06 16:34:04.623,225564816, 800.7820011490729, 559075, 42.01993617949527, 30659, 0, 0.0, 1, 
2019-12-06 16:34:05.666,235676760, 800.7820011490729, 559580, 42.01993617949527, 30688, 0, 0.0, 1, 
2019-12-06 16:34:06.712,245831520, 779.067503271059, 560084, 40.45121269732841, 30714, 0, 0.0, 1, 
2019-12-06 16:34:07.751,257755928, 779.067503271059, 560563, 40.45121269732841, 30737, 0, 0.0, 1, 
2019-12-06 16:34:08.791,268257304, 779.067503271059, 561068, 40.45121269732841, 30768, 0, 0.0, 1, 
2019-12-06 16:34:09.826,279252640, 779.067503271059, 561556, 40.45121269732841, 30797, 0, 0.0, 1, 
2019-12-06 16:34:10.859,289458648, 779.067503271059, 562055, 40.45121269732841, 30822, 0, 0.0, 1, 
2019-12-06 16:34:11.895,299155152, 755.0274570450815, 562564, 39.29575752679736, 30854, 0, 0.0, 1, 
2019-12-06 16:34:12.94,311657968, 755.0274570450815, 563062, 39.29575752679736, 30887, 0, 0.0, 1, 
2019-12-06 16:34:13.978,323962480, 755.0274570450815, 563593, 39.29575752679736, 30921, 0, 0.0, 1, 
2019-12-06 16:34:15.021,333892008, 755.0274570450815, 564113, 39.29575752679736, 30953, 0, 0.0, 1, 
2019-12-06 16:34:16.066,344968320, 755.0274570450815, 564631, 39.29575752679736, 30980, 0, 0.0, 1, 
2019-12-06 16:34:17.116,355563752, 734.3647384411867, 565151, 38.60048314350081, 30998, 0, 0.0, 1, 
2019-12-06 16:34:18.158,82571128, 734.3647384411867, 565649, 38.60048314350081, 31026, 0, 0.0, 1, 
2019-12-06 16:34:19.222,93599216, 734.3647384411867, 566183, 38.60048314350081, 31052, 0, 0.0, 1, 
2019-12-06 16:34:20.269,105306256, 734.3647384411867, 566752, 38.60048314350081, 31086, 0, 0.0, 1, 
2019-12-06 16:34:21.311,117106848, 716.0577287498777, 567309, 37.67295972317953, 31121, 0, 0.0, 1, 
2019-12-06 16:34:22.396,127721160, 716.0577287498777, 567850, 37.67295972317953, 31153, 0, 0.0, 1, 
2019-12-06 16:34:23.445,139875328, 716.0577287498777, 568354, 37.67295972317953, 31176, 0, 0.0, 1, 
2019-12-06 16:34:24.477,149068192, 716.0577287498777, 568818, 37.67295972317953, 31200, 0, 0.0, 1, 
2019-12-06 16:34:25.509,160246608, 716.0577287498777, 569318, 37.67295972317953, 31224, 0, 0.0, 1, 
2019-12-06 16:34:26.546,170663104, 697.1676037493347, 569800, 36.6117124589113, 31252, 0, 0.0, 1, 
2019-12-06 16:34:27.584,182109000, 697.1676037493347, 570294, 36.6117124589113, 31289, 0, 0.0, 1, 
2019-12-06 16:34:28.622,192845512, 697.1676037493347, 570811, 36.6117124589113, 31310, 0, 0.0, 1, 
2019-12-06 16:34:29.664,204399528, 697.1676037493347, 571302, 36.6117124589113, 31340, 0, 0.0, 1, 
2019-12-06 16:34:30.712,214895920, 697.1676037493347, 571795, 36.6117124589113, 31362, 0, 0.0, 1, 
2019-12-06 16:34:31.75,226716904, 679.8997875704542, 572321, 35.81122012869615, 31386, 0, 0.0, 1, 
2019-12-06 16:34:32.786,236972672, 679.8997875704542, 572829, 35.81122012869615, 31415, 0, 0.0, 1, 
2019-12-06 16:34:33.817,247335904, 679.8997875704542, 573342, 35.81122012869615, 31438, 0, 0.0, 1, 
2019-12-06 16:34:34.865,258420776, 679.8997875704542, 573864, 35.81122012869615, 31471, 0, 0.0, 1, 
2019-12-06 16:34:35.897,268876512, 679.8997875704542, 574356, 35.81122012869615, 31505, 0, 0.0, 1, 
2019-12-06 16:34:36.933,280074912, 664.7322300105656, 574857, 35.26662503621771, 31542, 0, 0.0, 1, 
2019-12-06 16:34:37.971,291134296, 664.7322300105656, 575372, 35.26662503621771, 31562, 0, 0.0, 1, 
2019-12-06 16:34:39.015,303003200, 664.7322300105656, 575884, 35.26662503621771, 31585, 0, 0.0, 1, 
2019-12-06 16:34:40.048,314727800, 664.7322300105656, 576421, 35.26662503621771, 31612, 0, 0.0, 1, 
2019-12-06 16:34:41.086,325814832, 664.7322300105656, 576922, 35.26662503621771, 31637, 0, 0.0, 1, 
2019-12-06 16:34:42.149,338119768, 651.5929503648022, 577460, 34.365795436295, 31670, 0, 0.0, 1, 
2019-12-06 16:34:43.182,347903472, 651.5929503648022, 577955, 34.365795436295, 31698, 0, 0.0, 1, 
2019-12-06 16:34:44.235,358384576, 651.5929503648022, 578421, 34.365795436295, 31725, 0, 0.0, 1, 
2019-12-06 16:34:45.274,85865984, 651.5929503648022, 578932, 34.365795436295, 31754, 0, 0.0, 1, 
2019-12-06 16:34:46.318,92131616, 633.6834628994794, 579163, 33.68091224802056, 31769, 0, 0.0, 1, 
2019-12-06 16:34:47.358,92839360, 633.6834628994794, 579163, 33.68091224802056, 31769, 0, 0.0, 1, 
2019-12-06 16:34:48.395,93773312, 633.6834628994794, 579163, 33.68091224802056, 31769, 0, 0.0, 1, 
