Timestamp, MemoryUsed, ReadLatency1, ReadCount, WriteLatency1, WriteCount, PendingTasks, WaitingOnCommit1, SRDelay, 
2019-12-06 16:29:36.231,330913912, 72.61821481214979, 289311, 7.035997720555922, 16404, 0, 0.0, 1, 
2019-12-06 16:29:37.277,338820896, 71.43341577269592, 289633, 6.777261628550697, 16427, 0, 0.0, 1, 
2019-12-06 16:29:38.314,352648880, 71.43341577269592, 290271, 6.777261628550697, 16459, 0, 0.0, 1, 
2019-12-06 16:29:39.357,78924696, 71.43341577269592, 290970, 6.777261628550697, 16490, 0, 0.0, 1, 
2019-12-06 16:29:40.387,95124064, 71.43341577269592, 291788, 6.777261628550697, 16536, 0, 0.0, 1, 
2019-12-06 16:29:41.417,112344448, 116.58965861238761, 292610, 9.04981831287752, 16587, 0, 0.0, 1, 
2019-12-06 16:29:42.452,127321120, 116.58965861238761, 293365, 9.04981831287752, 16627, 0, 0.0, 1, 
2019-12-06 16:29:43.484,141512432, 116.58965861238761, 294128, 9.04981831287752, 16661, 0, 0.0, 1, 
2019-12-06 16:29:44.513,158782056, 116.58965861238761, 294990, 9.04981831287752, 16699, 0, 0.0, 1, 
2019-12-06 16:29:45.546,174734944, 116.58965861238761, 295867, 9.04981831287752, 16748, 0, 0.0, 1, 
2019-12-06 16:29:46.585,192379352, 171.08821245274095, 296763, 11.508467089926059, 16792, 0, 0.0, 1, 
2019-12-06 16:29:47.62,209775656, 171.08821245274095, 297636, 11.508467089926059, 16831, 0, 0.0, 1, 
2019-12-06 16:29:48.655,226019768, 171.08821245274095, 298515, 11.508467089926059, 16887, 0, 0.0, 1, 
2019-12-06 16:29:49.687,243349816, 171.08821245274095, 299408, 11.508467089926059, 16935, 0, 0.0, 1, 
2019-12-06 16:29:50.723,260389984, 171.08821245274095, 300341, 11.508467089926059, 16998, 0, 0.0, 1, 
2019-12-06 16:29:51.759,278073952, 226.42641556802747, 301243, 14.58608013556569, 17068, 0, 0.0, 1, 
2019-12-06 16:29:52.79,295985208, 226.42641556802747, 302206, 14.58608013556569, 17127, 0, 0.0, 1, 
2019-12-06 16:29:53.82,314786480, 226.42641556802747, 303229, 14.58608013556569, 17187, 0, 0.0, 1, 
2019-12-06 16:29:54.848,335002640, 226.42641556802747, 304340, 14.58608013556569, 17240, 0, 0.0, 1, 
2019-12-06 16:29:55.884,75204568, 226.42641556802747, 305417, 14.58608013556569, 17302, 0, 0.0, 1, 
2019-12-06 16:29:56.937,92027744, 287.9581219970957, 306507, 18.009292160339776, 17343, 0, 0.0, 1, 
2019-12-06 16:29:57.967,114937496, 287.9581219970957, 307638, 18.009292160339776, 17406, 0, 0.0, 1, 
2019-12-06 16:29:59.007,136510280, 287.9581219970957, 308830, 18.009292160339776, 17478, 0, 0.0, 1, 
2019-12-06 16:30:00.041,161154960, 287.9581219970957, 310159, 18.009292160339776, 17559, 0, 0.0, 1, 
2019-12-06 16:30:01.076,183799224, 287.9581219970957, 311507, 18.009292160339776, 17615, 0, 0.0, 1, 
2019-12-06 16:30:02.112,209238376, 360.3212751377945, 312954, 21.59055942482677, 17708, 0, 0.0, 1, 
2019-12-06 16:30:03.141,233342920, 360.3212751377945, 314306, 21.59055942482677, 17778, 0, 0.0, 1, 
2019-12-06 16:30:04.167,256928504, 360.3212751377945, 315625, 21.59055942482677, 17836, 0, 0.0, 1, 
2019-12-06 16:30:05.196,277059136, 360.3212751377945, 316688, 21.59055942482677, 17883, 0, 0.0, 1, 
2019-12-06 16:30:06.225,297172896, 360.3212751377945, 317820, 21.59055942482677, 17942, 0, 0.0, 1, 
2019-12-06 16:30:07.253,319529624, 429.0094174636466, 318981, 24.885484368812858, 18022, 0, 0.0, 1, 
2019-12-06 16:30:08.29,348600736, 429.0094174636466, 320244, 24.885484368812858, 18093, 0, 0.0, 1, 
2019-12-06 16:30:09.326,97166976, 429.0094174636466, 321464, 24.885484368812858, 18159, 0, 0.0, 1, 
2019-12-06 16:30:10.356,121661560, 429.0094174636466, 322833, 24.885484368812858, 18238, 0, 0.0, 1, 
2019-12-06 16:30:11.384,147982272, 496.1233828449741, 324348, 28.79647309922754, 18317, 0, 0.0, 1, 
2019-12-06 16:30:12.421,175609368, 496.1233828449741, 325932, 28.79647309922754, 18368, 0, 0.0, 1, 
2019-12-06 16:30:13.448,202353232, 496.1233828449741, 327461, 28.79647309922754, 18449, 0, 0.0, 1, 
2019-12-06 16:30:14.476,229350008, 496.1233828449741, 328924, 28.79647309922754, 18542, 0, 0.0, 1, 
2019-12-06 16:30:15.502,253614232, 496.1233828449741, 330292, 28.79647309922754, 18618, 0, 0.0, 1, 
2019-12-06 16:30:16.534,278461392, 570.4562209750347, 331722, 31.947005158248007, 18675, 0, 0.0, 1, 
2019-12-06 16:30:17.566,304089592, 570.4562209750347, 333190, 31.947005158248007, 18746, 0, 0.0, 1, 
2019-12-06 16:30:18.591,328967096, 570.4562209750347, 334627, 31.947005158248007, 18816, 0, 0.0, 1, 
2019-12-06 16:30:19.618,352657840, 570.4562209750347, 335906, 31.947005158248007, 18880, 0, 0.0, 1, 
2019-12-06 16:30:20.648,88664072, 570.4562209750347, 336867, 31.947005158248007, 18941, 0, 0.0, 1, 
2019-12-06 16:30:21.674,104308584, 621.8311849532626, 337753, 34.4778388895553, 18988, 0, 0.0, 1, 
2019-12-06 16:30:22.7,123342392, 621.8311849532626, 338710, 34.4778388895553, 19030, 0, 0.0, 1, 
2019-12-06 16:30:23.727,141555808, 621.8311849532626, 339635, 34.4778388895553, 19074, 0, 0.0, 1, 
2019-12-06 16:30:24.769,159758664, 621.8311849532626, 340646, 34.4778388895553, 19132, 0, 0.0, 1, 
2019-12-06 16:30:25.796,179203672, 621.8311849532626, 341740, 34.4778388895553, 19180, 0, 0.0, 1, 
2019-12-06 16:30:26.821,201552608, 648.9816083339516, 342713, 35.431082260024425, 19227, 0, 0.0, 1, 
2019-12-06 16:30:27.848,218419096, 648.9816083339516, 343610, 35.431082260024425, 19263, 0, 0.0, 1, 
2019-12-06 16:30:28.875,235079328, 648.9816083339516, 344449, 35.431082260024425, 19312, 0, 0.0, 1, 
2019-12-06 16:30:29.903,252558776, 648.9816083339516, 345353, 35.431082260024425, 19360, 0, 0.0, 1, 
2019-12-06 16:30:30.928,268255432, 648.9816083339516, 346160, 35.431082260024425, 19398, 0, 0.0, 1, 
2019-12-06 16:30:31.962,283932688, 664.6064002318067, 347015, 35.956303923175994, 19450, 0, 0.0, 1, 
2019-12-06 16:30:32.993,300760704, 664.6064002318067, 347875, 35.956303923175994, 19508, 0, 0.0, 1, 
2019-12-06 16:30:34.024,318719192, 664.6064002318067, 348803, 35.956303923175994, 19544, 0, 0.0, 1, 
2019-12-06 16:30:35.055,336856720, 664.6064002318067, 349699, 35.956303923175994, 19595, 0, 0.0, 1, 
2019-12-06 16:30:36.08,352114816, 664.6064002318067, 350592, 35.956303923175994, 19637, 0, 0.0, 1, 
2019-12-06 16:30:37.116,85450720, 680.6129966887355, 351436, 36.82331799058017, 19685, 0, 0.0, 1, 
2019-12-06 16:30:38.142,102278192, 680.6129966887355, 352355, 36.82331799058017, 19723, 0, 0.0, 1, 
2019-12-06 16:30:39.171,119595608, 680.6129966887355, 353256, 36.82331799058017, 19767, 0, 0.0, 1, 
2019-12-06 16:30:40.202,136745984, 680.6129966887355, 354185, 36.82331799058017, 19812, 0, 0.0, 1, 
2019-12-06 16:30:41.248,155321656, 680.6129966887355, 355152, 36.82331799058017, 19869, 0, 0.0, 1, 
2019-12-06 16:30:42.281,172806600, 696.8909147123495, 356090, 37.41312491873667, 19923, 0, 0.0, 1, 
2019-12-06 16:30:43.307,190222840, 696.8909147123495, 357008, 37.41312491873667, 19981, 0, 0.0, 1, 
2019-12-06 16:30:44.387,208086496, 696.8909147123495, 357870, 37.41312491873667, 20033, 0, 0.0, 1, 
2019-12-06 16:30:45.424,225154768, 696.8909147123495, 358721, 37.41312491873667, 20096, 0, 0.0, 1, 
2019-12-06 16:30:46.456,241203984, 709.2927524228338, 359611, 38.61140928873629, 20140, 0, 0.0, 1, 
2019-12-06 16:30:47.484,258406224, 709.2927524228338, 360532, 38.61140928873629, 20194, 0, 0.0, 1, 
2019-12-06 16:30:48.517,275483456, 709.2927524228338, 361446, 38.61140928873629, 20238, 0, 0.0, 1, 
2019-12-06 16:30:49.545,294379128, 709.2927524228338, 362395, 38.61140928873629, 20279, 0, 0.0, 1, 
2019-12-06 16:30:50.572,312399128, 709.2927524228338, 363437, 38.61140928873629, 20331, 0, 0.0, 1, 
2019-12-06 16:30:51.611,326710536, 725.6442491154121, 364219, 39.13820391582318, 20369, 0, 0.0, 1, 
2019-12-06 16:30:52.667,344561440, 725.6442491154121, 365049, 39.13820391582318, 20411, 0, 0.0, 1, 
2019-12-06 16:30:53.696,78199968, 725.6442491154121, 365917, 39.13820391582318, 20464, 0, 0.0, 1, 
2019-12-06 16:30:54.731,95162896, 725.6442491154121, 366739, 39.13820391582318, 20512, 0, 0.0, 1, 
2019-12-06 16:30:55.761,112084872, 725.6442491154121, 367597, 39.13820391582318, 20570, 0, 0.0, 1, 
2019-12-06 16:30:56.792,129212184, 731.5574244689172, 368542, 39.60688725305708, 20621, 0, 0.0, 1, 
2019-12-06 16:30:57.824,146395024, 731.5574244689172, 369397, 39.60688725305708, 20662, 0, 0.0, 1, 
2019-12-06 16:30:58.849,161883744, 731.5574244689172, 370261, 39.60688725305708, 20714, 0, 0.0, 1, 
2019-12-06 16:30:59.878,179739592, 731.5574244689172, 371114, 39.60688725305708, 20758, 0, 0.0, 1, 
2019-12-06 16:31:00.905,196524472, 731.5574244689172, 372039, 39.60688725305708, 20797, 0, 0.0, 1, 
2019-12-06 16:31:01.934,213968072, 742.5946994015809, 372977, 40.16602567630204, 20845, 0, 0.0, 1, 
2019-12-06 16:31:02.96,231744320, 742.5946994015809, 373927, 40.16602567630204, 20906, 0, 0.0, 1, 
2019-12-06 16:31:03.985,249465624, 742.5946994015809, 374807, 40.16602567630204, 20950, 0, 0.0, 1, 
2019-12-06 16:31:05.01,265958464, 742.5946994015809, 375720, 40.16602567630204, 21001, 0, 0.0, 1, 
2019-12-06 16:31:06.041,282754176, 742.5946994015809, 376571, 40.16602567630204, 21040, 0, 0.0, 1, 
2019-12-06 16:31:07.07,299587304, 753.8848518683699, 377449, 40.7604134449839, 21106, 0, 0.0, 1, 
2019-12-06 16:31:08.101,317513872, 753.8848518683699, 378390, 40.7604134449839, 21149, 0, 0.0, 1, 
2019-12-06 16:31:09.135,334197848, 753.8848518683699, 379238, 40.7604134449839, 21196, 0, 0.0, 1, 
2019-12-06 16:31:10.16,352406880, 753.8848518683699, 380235, 40.7604134449839, 21246, 0, 0.0, 1, 
2019-12-06 16:31:11.241,87827840, 753.8848518683699, 381297, 40.7604134449839, 21287, 0, 0.0, 1, 
2019-12-06 16:31:12.267,106254440, 766.3831210395384, 382328, 41.24331212338707, 21336, 0, 0.0, 1, 
2019-12-06 16:31:13.291,126392904, 766.3831210395384, 383375, 41.24331212338707, 21403, 0, 0.0, 1, 
2019-12-06 16:31:14.321,144452928, 766.3831210395384, 384378, 41.24331212338707, 21459, 0, 0.0, 1, 
2019-12-06 16:31:15.352,161256488, 766.3831210395384, 385288, 41.24331212338707, 21505, 0, 0.0, 1, 
2019-12-06 16:31:16.381,180779360, 782.0077919881327, 386211, 42.32724503824922, 21569, 0, 0.0, 1, 
2019-12-06 16:31:17.45,198182056, 782.0077919881327, 387141, 42.32724503824922, 21614, 0, 0.0, 1, 
2019-12-06 16:31:18.477,215747496, 782.0077919881327, 388060, 42.32724503824922, 21669, 0, 0.0, 1, 
2019-12-06 16:31:19.525,232387464, 782.0077919881327, 388952, 42.32724503824922, 21727, 0, 0.0, 1, 
2019-12-06 16:31:20.55,248391912, 782.0077919881327, 389821, 42.32724503824922, 21762, 0, 0.0, 1, 
2019-12-06 16:31:21.574,266686736, 788.9473137853352, 390763, 42.65288454528733, 21808, 0, 0.0, 1, 
2019-12-06 16:31:22.603,282547192, 788.9473137853352, 391613, 42.65288454528733, 21852, 0, 0.0, 1, 
2019-12-06 16:31:23.628,301353880, 788.9473137853352, 392621, 42.65288454528733, 21899, 0, 0.0, 1, 
2019-12-06 16:31:24.651,319920472, 788.9473137853352, 393596, 42.65288454528733, 21958, 0, 0.0, 1, 
2019-12-06 16:31:25.677,337453080, 788.9473137853352, 394497, 42.65288454528733, 22004, 0, 0.0, 1, 
2019-12-06 16:31:26.7,354124400, 798.9779567479525, 395454, 43.27230969640309, 22065, 0, 0.0, 1, 
2019-12-06 16:31:27.727,89433984, 798.9779567479525, 396458, 43.27230969640309, 22116, 0, 0.0, 1, 
2019-12-06 16:31:28.751,110781848, 798.9779567479525, 397525, 43.27230969640309, 22186, 0, 0.0, 1, 
2019-12-06 16:31:29.777,128687960, 798.9779567479525, 398521, 43.27230969640309, 22230, 0, 0.0, 1, 
2019-12-06 16:31:30.811,146799144, 798.9779567479525, 399417, 43.27230969640309, 22285, 0, 0.0, 1, 
2019-12-06 16:31:31.837,161143784, 810.7811636297853, 400179, 43.95414616648703, 22329, 0, 0.0, 1, 
2019-12-06 16:31:32.867,180035784, 810.7811636297853, 401199, 43.95414616648703, 22389, 0, 0.0, 1, 
2019-12-06 16:31:33.894,194944984, 810.7811636297853, 402052, 43.95414616648703, 22435, 0, 0.0, 1, 
2019-12-06 16:31:34.919,211678856, 810.7811636297853, 402774, 43.95414616648703, 22471, 0, 0.0, 1, 
2019-12-06 16:31:35.941,228911704, 810.7811636297853, 403675, 43.95414616648703, 22520, 0, 0.0, 1, 
2019-12-06 16:31:36.969,242951160, 811.7741189613885, 404392, 44.05375913903186, 22552, 0, 0.0, 1, 
2019-12-06 16:31:38.058,256957656, 811.7741189613885, 405051, 44.05375913903186, 22587, 0, 0.0, 1, 
2019-12-06 16:31:39.082,273231240, 811.7741189613885, 405902, 44.05375913903186, 22631, 0, 0.0, 1, 
2019-12-06 16:31:40.109,290365424, 811.7741189613885, 406697, 44.05375913903186, 22662, 0, 0.0, 1, 
2019-12-06 16:31:41.136,309140512, 811.7741189613885, 407736, 44.05375913903186, 22705, 0, 0.0, 1, 
2019-12-06 16:31:42.166,333290616, 810.6088367485687, 408959, 43.39382499556199, 22770, 0, 0.0, 1, 
2019-12-06 16:31:43.192,354643384, 810.6088367485687, 410105, 43.39382499556199, 22828, 0, 0.0, 1, 
2019-12-06 16:31:44.217,91623152, 810.6088367485687, 411272, 43.39382499556199, 22884, 0, 0.0, 1, 
2019-12-06 16:31:45.244,114769552, 810.6088367485687, 412472, 43.39382499556199, 22943, 0, 0.0, 1, 
2019-12-06 16:31:46.27,136445192, 838.3847005589372, 413680, 44.57766138514252, 23001, 0, 0.0, 1, 
2019-12-06 16:31:47.298,158808208, 838.3847005589372, 414841, 44.57766138514252, 23058, 0, 0.0, 1, 
2019-12-06 16:31:48.325,182440968, 838.3847005589372, 416056, 44.57766138514252, 23111, 0, 0.0, 1, 
2019-12-06 16:31:49.364,205587208, 838.3847005589372, 417310, 44.57766138514252, 23167, 0, 0.0, 1, 
2019-12-06 16:31:50.388,227123008, 838.3847005589372, 418350, 44.57766138514252, 23223, 0, 0.0, 1, 
2019-12-06 16:31:51.456,249833112, 862.8363418410562, 419609, 45.44296780417312, 23287, 0, 0.0, 1, 
2019-12-06 16:31:52.481,272106224, 862.8363418410562, 420803, 45.44296780417312, 23363, 0, 0.0, 1, 
2019-12-06 16:31:53.506,294545280, 862.8363418410562, 422039, 45.44296780417312, 23421, 0, 0.0, 1, 
2019-12-06 16:31:54.538,315627144, 862.8363418410562, 423198, 45.44296780417312, 23484, 0, 0.0, 1, 
2019-12-06 16:31:55.561,338978904, 862.8363418410562, 424446, 45.44296780417312, 23549, 0, 0.0, 1, 
2019-12-06 16:31:56.587,77814792, 888.0514277337926, 425694, 46.89472394198469, 23615, 0, 0.0, 1, 
2019-12-06 16:31:57.656,100499592, 888.0514277337926, 426971, 46.89472394198469, 23676, 0, 0.0, 1, 
2019-12-06 16:31:58.68,123839144, 888.0514277337926, 428176, 46.89472394198469, 23741, 0, 0.0, 1, 
2019-12-06 16:31:59.707,146507328, 888.0514277337926, 429449, 46.89472394198469, 23795, 0, 0.0, 1, 
2019-12-06 16:32:00.732,170309096, 888.0514277337926, 430779, 46.89472394198469, 23871, 0, 0.0, 1, 
2019-12-06 16:32:01.757,193523040, 915.3761348789302, 432035, 48.15044848261137, 23940, 0, 0.0, 1, 
2019-12-06 16:32:02.782,220324760, 915.3761348789302, 433443, 48.15044848261137, 24005, 0, 0.0, 1, 
2019-12-06 16:32:03.806,243809264, 915.3761348789302, 434807, 48.15044848261137, 24083, 0, 0.0, 1, 
2019-12-06 16:32:04.831,269127000, 915.3761348789302, 436119, 48.15044848261137, 24160, 0, 0.0, 1, 
2019-12-06 16:32:05.856,294213560, 915.3761348789302, 437513, 48.15044848261137, 24223, 0, 0.0, 1, 
2019-12-06 16:32:06.889,319387856, 948.2078063818551, 438864, 49.785504344751985, 24294, 0, 0.0, 1, 
2019-12-06 16:32:07.914,344605344, 948.2078063818551, 440211, 49.785504344751985, 24369, 0, 0.0, 1, 
2019-12-06 16:32:08.938,85019936, 948.2078063818551, 441590, 49.785504344751985, 24443, 0, 0.0, 1, 
2019-12-06 16:32:09.968,109923528, 948.2078063818551, 442954, 49.785504344751985, 24511, 0, 0.0, 1, 
2019-12-06 16:32:10.992,136436056, 948.2078063818551, 444334, 49.785504344751985, 24588, 0, 0.0, 1, 
2019-12-06 16:32:12.017,161284544, 979.0860292881796, 445740, 51.49771288028516, 24668, 0, 0.0, 1, 
2019-12-06 16:32:13.04,187587272, 979.0860292881796, 447180, 51.49771288028516, 24759, 0, 0.0, 1, 
2019-12-06 16:32:14.073,215959600, 979.0860292881796, 448742, 51.49771288028516, 24836, 0, 0.0, 1, 
2019-12-06 16:32:15.096,242472744, 979.0860292881796, 450214, 51.49771288028516, 24923, 0, 0.0, 1, 
2019-12-06 16:32:16.124,269160056, 979.0860292881796, 451660, 51.49771288028516, 24993, 0, 0.0, 1, 
2019-12-06 16:32:17.157,295516776, 1014.9951997145922, 453138, 53.776629931345056, 25093, 0, 0.0, 1, 
2019-12-06 16:32:18.182,323589528, 1014.9951997145922, 454686, 53.776629931345056, 25162, 0, 0.0, 1, 
2019-12-06 16:32:19.205,348381912, 1014.9951997145922, 456029, 53.776629931345056, 25221, 0, 0.0, 1, 
2019-12-06 16:32:20.239,88293856, 1014.9951997145922, 457317, 53.776629931345056, 25294, 0, 0.0, 1, 
2019-12-06 16:32:21.262,112413760, 1041.6048023355831, 458605, 55.02580563064707, 25354, 0, 0.0, 1, 
2019-12-06 16:32:22.284,136656504, 1041.6048023355831, 459955, 55.02580563064707, 25425, 0, 0.0, 1, 
2019-12-06 16:32:23.315,161154592, 1041.6048023355831, 461301, 55.02580563064707, 25492, 0, 0.0, 1, 
2019-12-06 16:32:24.346,185792104, 1041.6048023355831, 462584, 55.02580563064707, 25559, 0, 0.0, 1, 
2019-12-06 16:32:25.374,208491680, 1041.6048023355831, 463867, 55.02580563064707, 25620, 0, 0.0, 1, 
2019-12-06 16:32:26.397,230856688, 1058.8428425679483, 465086, 55.679378126382375, 25684, 0, 0.0, 1, 
2019-12-06 16:32:27.42,260060248, 1058.8428425679483, 466592, 55.679378126382375, 25777, 0, 0.0, 1, 
2019-12-06 16:32:28.445,285215288, 1058.8428425679483, 468080, 55.679378126382375, 25855, 0, 0.0, 1, 
2019-12-06 16:32:29.469,310415208, 1058.8428425679483, 469445, 55.679378126382375, 25930, 0, 0.0, 1, 
2019-12-06 16:32:30.501,337824384, 1058.8428425679483, 471035, 55.679378126382375, 26008, 0, 0.0, 1, 
2019-12-06 16:32:31.526,82532736, 1090.0540775940617, 472533, 57.75187662145944, 26095, 0, 0.0, 1, 
2019-12-06 16:32:32.551,110304056, 1090.0540775940617, 474129, 57.75187662145944, 26183, 0, 0.0, 1, 
2019-12-06 16:32:33.576,136319072, 1090.0540775940617, 475623, 57.75187662145944, 26264, 0, 0.0, 1, 
2019-12-06 16:32:34.602,165945720, 1090.0540775940617, 477152, 57.75187662145944, 26370, 0, 0.0, 1, 
2019-12-06 16:32:35.625,192114488, 1090.0540775940617, 478670, 57.75187662145944, 26429, 0, 0.0, 1, 
2019-12-06 16:32:36.649,218140992, 1121.712165595161, 480115, 59.65866728618278, 26518, 0, 0.0, 1, 
2019-12-06 16:32:37.689,243515112, 1121.712165595161, 481584, 59.65866728618278, 26608, 0, 0.0, 1, 
2019-12-06 16:32:38.719,271694336, 1121.712165595161, 483125, 59.65866728618278, 26692, 0, 0.0, 1, 
2019-12-06 16:32:39.749,296907032, 1121.712165595161, 484573, 59.65866728618278, 26778, 0, 0.0, 1, 
2019-12-06 16:32:40.778,320329768, 1121.712165595161, 485883, 59.65866728618278, 26850, 0, 0.0, 1, 
2019-12-06 16:32:41.803,345740712, 1143.866885594093, 487251, 61.49295497249949, 26934, 0, 0.0, 1, 
2019-12-06 16:32:42.828,89120400, 1143.866885594093, 488675, 61.49295497249949, 27009, 0, 0.0, 1, 
2019-12-06 16:32:43.854,113711528, 1143.866885594093, 490166, 61.49295497249949, 27068, 0, 0.0, 1, 
2019-12-06 16:32:44.878,139927152, 1143.866885594093, 491666, 61.49295497249949, 27153, 0, 0.0, 1, 
2019-12-06 16:32:45.904,164100192, 1143.866885594093, 493027, 61.49295497249949, 27227, 0, 0.0, 1, 
2019-12-06 16:32:46.928,187105736, 1163.0029048550045, 494354, 62.07719403500318, 27302, 0, 0.0, 1, 
2019-12-06 16:32:47.997,215713024, 1163.0029048550045, 495896, 62.07719403500318, 27378, 0, 0.0, 1, 
2019-12-06 16:32:49.036,242344040, 1163.0029048550045, 497379, 62.07719403500318, 27445, 0, 0.0, 1, 
2019-12-06 16:32:50.061,268481736, 1163.0029048550045, 498911, 62.07719403500318, 27532, 0, 0.0, 1, 
2019-12-06 16:32:51.087,295497432, 1163.0029048550045, 500410, 62.07719403500318, 27610, 0, 0.0, 1, 
2019-12-06 16:32:52.114,321670288, 1184.734600699372, 501971, 63.318329072529934, 27691, 0, 0.0, 1, 
2019-12-06 16:32:53.147,348719424, 1184.734600699372, 503457, 63.318329072529934, 27762, 0, 0.0, 1, 
2019-12-06 16:32:54.183,85616568, 1184.734600699372, 504847, 63.318329072529934, 27846, 0, 0.0, 1, 
2019-12-06 16:32:55.221,111657088, 1184.734600699372, 506361, 63.318329072529934, 27925, 0, 0.0, 1, 
2019-12-06 16:32:56.253,138409280, 1204.5528237935903, 507801, 63.90053933401244, 27984, 0, 0.0, 1, 
2019-12-06 16:32:57.282,164358648, 1204.5528237935903, 509314, 63.90053933401244, 28064, 0, 0.0, 1, 
2019-12-06 16:32:58.313,187175848, 1204.5528237935903, 510594, 63.90053933401244, 28132, 0, 0.0, 1, 
2019-12-06 16:32:59.337,214582744, 1204.5528237935903, 512149, 63.90053933401244, 28214, 0, 0.0, 1, 
2019-12-06 16:33:00.365,239889120, 1204.5528237935903, 513550, 63.90053933401244, 28283, 0, 0.0, 1, 
2019-12-06 16:33:01.396,265377104, 1219.7001836639954, 514992, 64.64408315519306, 28360, 0, 0.0, 1, 
2019-12-06 16:33:02.421,292167864, 1219.7001836639954, 516452, 64.64408315519306, 28439, 0, 0.0, 1, 
2019-12-06 16:33:03.447,318221184, 1219.7001836639954, 517968, 64.64408315519306, 28524, 0, 0.0, 1, 
2019-12-06 16:33:04.478,345622248, 1219.7001836639954, 519493, 64.64408315519306, 28601, 0, 0.0, 1, 
2019-12-06 16:33:05.503,87648976, 1219.7001836639954, 520848, 64.64408315519306, 28676, 0, 0.0, 1, 
2019-12-06 16:33:06.527,114410976, 1236.7866775727468, 522350, 65.60002548516275, 28758, 0, 0.0, 1, 
2019-12-06 16:33:07.552,138229392, 1236.7866775727468, 523745, 65.60002548516275, 28843, 0, 0.0, 1, 
2019-12-06 16:33:08.583,161755616, 1236.7866775727468, 525060, 65.60002548516275, 28920, 0, 0.0, 1, 
2019-12-06 16:33:09.608,190044568, 1236.7866775727468, 526522, 65.60002548516275, 29003, 0, 0.0, 1, 
2019-12-06 16:33:10.631,214567120, 1236.7866775727468, 528022, 65.60002548516275, 29083, 0, 0.0, 1, 
2019-12-06 16:33:11.655,241310760, 1250.811952449233, 529486, 66.71940164267112, 29158, 0, 0.0, 1, 
2019-12-06 16:33:12.68,266746856, 1250.811952449233, 530927, 66.71940164267112, 29234, 0, 0.0, 1, 
2019-12-06 16:33:13.709,294510048, 1250.811952449233, 532513, 66.71940164267112, 29315, 0, 0.0, 1, 
2019-12-06 16:33:14.736,322872632, 1250.811952449233, 534105, 66.71940164267112, 29403, 0, 0.0, 1, 
2019-12-06 16:33:15.764,349599368, 1250.811952449233, 535633, 66.71940164267112, 29490, 0, 0.0, 1, 
2019-12-06 16:33:16.786,93203320, 1267.8415364681123, 537156, 67.79725077547832, 29579, 0, 0.0, 1, 
2019-12-06 16:33:17.811,120498200, 1267.8415364681123, 538718, 67.79725077547832, 29660, 0, 0.0, 1, 
2019-12-06 16:33:18.834,145890104, 1267.8415364681123, 540165, 67.79725077547832, 29730, 0, 0.0, 1, 
2019-12-06 16:33:19.857,173496512, 1267.8415364681123, 541696, 67.79725077547832, 29810, 0, 0.0, 1, 
2019-12-06 16:33:20.88,199228648, 1267.8415364681123, 543212, 67.79725077547832, 29901, 0, 0.0, 1, 
2019-12-06 16:33:21.903,225792344, 1285.908177689263, 544781, 68.69297314748584, 29975, 0, 0.0, 1, 
2019-12-06 16:33:22.972,252182488, 1285.908177689263, 546196, 68.69297314748584, 30043, 0, 0.0, 1, 
2019-12-06 16:33:23.996,281150496, 1285.908177689263, 547796, 68.69297314748584, 30128, 0, 0.0, 1, 
2019-12-06 16:33:25.021,308334568, 1285.908177689263, 549366, 68.69297314748584, 30203, 0, 0.0, 1, 
2019-12-06 16:33:26.053,336821928, 1285.908177689263, 550962, 68.69297314748584, 30302, 0, 0.0, 1, 
2019-12-06 16:33:27.076,78471952, 1301.7946986504844, 552398, 69.3411752250944, 30372, 0, 0.0, 1, 
2019-12-06 16:33:28.1,104484624, 1301.7946986504844, 553874, 69.3411752250944, 30455, 0, 0.0, 1, 
2019-12-06 16:33:29.133,118231112, 1301.7946986504844, 554660, 69.3411752250944, 30491, 0, 0.0, 1, 
2019-12-06 16:33:30.165,118993304, 1301.7946986504844, 554660, 69.3411752250944, 30491, 0, 0.0, 1, 
2019-12-06 16:33:31.213,119847264, 1301.7946986504844, 554660, 69.3411752250944, 30491, 0, 0.0, 1, 
