Timestamp, MemoryUsed, ReadLatency1, ReadCount, WriteLatency1, WriteCount, PendingTasks, WaitingOnCommit1, SRDelay, 
2019-12-08 10:28:19.572,215574824, 26.918212548229892, 2211810, 4.902377413347766, 121119, 0, 0.0, 1, 
2019-12-08 10:28:20.669,223831104, 26.918212548229892, 2212125, 4.902377413347766, 121144, 0, 0.0, 1, 
2019-12-08 10:28:21.73,235758144, 36.45545768799681, 2212642, 5.309960811262329, 121172, 0, 0.0, 1, 
2019-12-08 10:28:22.781,251063040, 36.45545768799681, 2213372, 5.309960811262329, 121208, 0, 0.0, 1, 
2019-12-08 10:28:23.835,266494984, 36.45545768799681, 2214115, 5.309960811262329, 121247, 0, 0.0, 1, 
2019-12-08 10:28:24.873,283046216, 36.45545768799681, 2214910, 5.309960811262329, 121281, 0, 0.0, 1, 
2019-12-08 10:28:25.926,298640896, 36.45545768799681, 2215704, 5.309960811262329, 121322, 0, 0.0, 1, 
2019-12-08 10:28:26.972,313561944, 89.41360328562598, 2216462, 7.6358719230537755, 121356, 0, 0.0, 1, 
2019-12-08 10:28:28.004,331465440, 89.41360328562598, 2217313, 7.6358719230537755, 121397, 0, 0.0, 1, 
2019-12-08 10:28:29.041,349253536, 89.41360328562598, 2218199, 7.6358719230537755, 121444, 0, 0.0, 1, 
2019-12-08 10:28:30.079,364920096, 89.41360328562598, 2219020, 7.6358719230537755, 121492, 0, 0.0, 1, 
2019-12-08 10:28:31.139,382539456, 146.388865762105, 2219865, 10.191582494309293, 121529, 0, 0.0, 1, 
2019-12-08 10:28:32.178,111382944, 146.388865762105, 2220705, 10.191582494309293, 121575, 0, 0.0, 1, 
2019-12-08 10:28:33.222,129170504, 146.388865762105, 2221601, 10.191582494309293, 121618, 0, 0.0, 1, 
2019-12-08 10:28:34.254,147069600, 146.388865762105, 2222531, 10.191582494309293, 121668, 0, 0.0, 1, 
2019-12-08 10:28:35.295,165496480, 146.388865762105, 2223460, 10.191582494309293, 121721, 0, 0.0, 1, 
2019-12-08 10:28:36.35,182564592, 203.15822161979403, 2224338, 13.23056776498987, 121782, 0, 0.0, 1, 
2019-12-08 10:28:37.401,202102064, 203.15822161979403, 2225290, 13.23056776498987, 121844, 0, 0.0, 1, 
2019-12-08 10:28:38.441,221089040, 203.15822161979403, 2226285, 13.23056776498987, 121895, 0, 0.0, 1, 
2019-12-08 10:28:39.481,239460008, 203.15822161979403, 2227233, 13.23056776498987, 121956, 0, 0.0, 1, 
2019-12-08 10:28:40.517,259929872, 203.15822161979403, 2228269, 13.23056776498987, 122016, 0, 0.0, 1, 
2019-12-08 10:28:41.551,277481840, 260.98544137471265, 2229155, 16.506302701644376, 122055, 0, 0.0, 1, 
2019-12-08 10:28:42.578,294542720, 260.98544137471265, 2229964, 16.506302701644376, 122104, 0, 0.0, 1, 
2019-12-08 10:28:43.61,307929032, 260.98544137471265, 2230611, 16.506302701644376, 122135, 0, 0.0, 1, 
2019-12-08 10:28:44.636,321834536, 260.98544137471265, 2231311, 16.506302701644376, 122175, 0, 0.0, 1, 
2019-12-08 10:28:45.672,337741824, 260.98544137471265, 2232001, 16.506302701644376, 122210, 0, 0.0, 1, 
2019-12-08 10:28:46.701,351195928, 297.04657442029486, 2232685, 18.288808319211075, 122251, 0, 0.0, 1, 
2019-12-08 10:28:47.726,369473200, 297.04657442029486, 2233534, 18.288808319211075, 122286, 0, 0.0, 1, 
2019-12-08 10:28:48.76,389455528, 297.04657442029486, 2234519, 18.288808319211075, 122343, 0, 0.0, 1, 
2019-12-08 10:28:49.786,126419456, 297.04657442029486, 2235491, 18.288808319211075, 122385, 0, 0.0, 1, 
2019-12-08 10:28:50.821,143930584, 297.04657442029486, 2236449, 18.288808319211075, 122433, 0, 0.0, 1, 
2019-12-08 10:28:51.865,159637496, 343.38510781610114, 2237241, 20.168659412810737, 122466, 0, 0.0, 1, 
2019-12-08 10:28:52.921,174393264, 343.38510781610114, 2237938, 20.168659412810737, 122513, 0, 0.0, 1, 
2019-12-08 10:28:53.957,189080208, 343.38510781610114, 2238615, 20.168659412810737, 122545, 0, 0.0, 1, 
2019-12-08 10:28:54.992,204878320, 343.38510781610114, 2239412, 20.168659412810737, 122590, 0, 0.0, 1, 
2019-12-08 10:28:56.016,221723112, 374.53699458979787, 2240306, 21.642348038625766, 122633, 0, 0.0, 1, 
2019-12-08 10:28:57.041,239209640, 374.53699458979787, 2241237, 21.642348038625766, 122677, 0, 0.0, 1, 
2019-12-08 10:28:58.068,255141120, 374.53699458979787, 2242067, 21.642348038625766, 122719, 0, 0.0, 1, 
2019-12-08 10:28:59.092,271992568, 374.53699458979787, 2242946, 21.642348038625766, 122774, 0, 0.0, 1, 
2019-12-08 10:29:00.115,288559872, 374.53699458979787, 2243765, 21.642348038625766, 122815, 0, 0.0, 1, 
2019-12-08 10:29:01.14,306946048, 412.9047220851028, 2244700, 23.66983394482333, 122876, 0, 0.0, 1, 
2019-12-08 10:29:02.164,326383656, 412.9047220851028, 2245806, 23.66983394482333, 122932, 0, 0.0, 1, 
2019-12-08 10:29:03.192,346326296, 412.9047220851028, 2246863, 23.66983394482333, 122998, 0, 0.0, 1, 
2019-12-08 10:29:04.215,366066408, 412.9047220851028, 2247917, 23.66983394482333, 123048, 0, 0.0, 1, 
2019-12-08 10:29:05.238,387536320, 412.9047220851028, 2249034, 23.66983394482333, 123114, 0, 0.0, 1, 
2019-12-08 10:29:06.261,121870000, 463.2523766359393, 2250059, 26.254811296896165, 123163, 0, 0.0, 1, 
2019-12-08 10:29:07.284,142698376, 463.2523766359393, 2251139, 26.254811296896165, 123222, 0, 0.0, 1, 
2019-12-08 10:29:08.308,162686960, 463.2523766359393, 2252195, 26.254811296896165, 123281, 0, 0.0, 1, 
2019-12-08 10:29:09.341,183676816, 463.2523766359393, 2253313, 26.254811296896165, 123338, 0, 0.0, 1, 
2019-12-08 10:29:10.372,209321064, 463.2523766359393, 2254684, 26.254811296896165, 123405, 0, 0.0, 1, 
2019-12-08 10:29:11.408,234877504, 517.7778980541545, 2256089, 29.20878548628294, 123506, 0, 0.0, 1, 
2019-12-08 10:29:12.44,258723032, 517.7778980541545, 2257415, 29.20878548628294, 123582, 0, 0.0, 1, 
2019-12-08 10:29:13.477,282889640, 517.7778980541545, 2258804, 29.20878548628294, 123651, 0, 0.0, 1, 
2019-12-08 10:29:14.508,307578848, 517.7778980541545, 2260238, 29.20878548628294, 123712, 0, 0.0, 1, 
2019-12-08 10:29:15.535,332842712, 517.7778980541545, 2261607, 29.20878548628294, 123791, 0, 0.0, 1, 
2019-12-08 10:29:16.567,342219672, 577.8103187244766, 2262071, 32.326350867040816, 123812, 0, 0.0, 1, 
2019-12-08 10:29:17.605,352430608, 577.8103187244766, 2262538, 32.326350867040816, 123833, 0, 0.0, 1, 
2019-12-08 10:29:18.641,364354256, 577.8103187244766, 2263014, 32.326350867040816, 123854, 0, 0.0, 1, 
2019-12-08 10:29:19.675,374472128, 577.8103187244766, 2263510, 32.326350867040816, 123879, 0, 0.0, 1, 
2019-12-08 10:29:20.708,385306096, 577.8103187244766, 2263992, 32.326350867040816, 123899, 0, 0.0, 1, 
2019-12-08 10:29:21.737,396285712, 568.5666280159705, 2264470, 31.48471032164944, 123927, 0, 0.0, 1, 
2019-12-08 10:29:22.763,123619392, 568.5666280159705, 2264950, 31.48471032164944, 123954, 0, 0.0, 1, 
2019-12-08 10:29:23.799,134034632, 568.5666280159705, 2265419, 31.48471032164944, 123983, 0, 0.0, 1, 
2019-12-08 10:29:24.834,144503336, 568.5666280159705, 2265909, 31.48471032164944, 124010, 0, 0.0, 1, 
2019-12-08 10:29:25.872,154973928, 568.5666280159705, 2266381, 31.48471032164944, 124025, 0, 0.0, 1, 
2019-12-08 10:29:26.907,166234800, 560.0300397749003, 2266858, 30.838292575329607, 124049, 0, 0.0, 1, 
2019-12-08 10:29:27.943,176310168, 560.0300397749003, 2267362, 30.838292575329607, 124081, 0, 0.0, 1, 
2019-12-08 10:29:28.989,186863440, 560.0300397749003, 2267839, 30.838292575329607, 124104, 0, 0.0, 1, 
2019-12-08 10:29:30.017,197217664, 560.0300397749003, 2268318, 30.838292575329607, 124129, 0, 0.0, 1, 
2019-12-08 10:29:31.052,207843368, 551.8881593363789, 2268754, 30.32351512368145, 124150, 0, 0.0, 1, 
2019-12-08 10:29:32.092,218302960, 551.8881593363789, 2269234, 30.32351512368145, 124174, 0, 0.0, 1, 
2019-12-08 10:29:33.122,229094816, 551.8881593363789, 2269748, 30.32351512368145, 124206, 0, 0.0, 1, 
2019-12-08 10:29:34.151,239486848, 551.8881593363789, 2270254, 30.32351512368145, 124232, 0, 0.0, 1, 
2019-12-08 10:29:35.186,250060216, 551.8881593363789, 2270712, 30.32351512368145, 124257, 0, 0.0, 1, 
2019-12-08 10:29:36.211,261420776, 545.4366903241563, 2271188, 29.961834824034387, 124287, 0, 0.0, 1, 
2019-12-08 10:29:37.242,271614960, 545.4366903241563, 2271680, 29.961834824034387, 124310, 0, 0.0, 1, 
2019-12-08 10:29:38.271,281637992, 545.4366903241563, 2272154, 29.961834824034387, 124335, 0, 0.0, 1, 
2019-12-08 10:29:39.298,294671328, 545.4366903241563, 2272636, 29.961834824034387, 124359, 0, 0.0, 1, 
2019-12-08 10:29:40.334,305981984, 545.4366903241563, 2273128, 29.961834824034387, 124388, 0, 0.0, 1, 
2019-12-08 10:29:41.364,316084344, 539.405105590862, 2273614, 29.565108416166108, 124413, 0, 0.0, 1, 
2019-12-08 10:29:42.395,326308672, 539.405105590862, 2274100, 29.565108416166108, 124431, 0, 0.0, 1, 
2019-12-08 10:29:43.421,338165040, 539.405105590862, 2274639, 29.565108416166108, 124467, 0, 0.0, 1, 
2019-12-08 10:29:44.449,348663224, 539.405105590862, 2275097, 29.565108416166108, 124494, 0, 0.0, 1, 
2019-12-08 10:29:45.488,359037616, 539.405105590862, 2275604, 29.565108416166108, 124517, 0, 0.0, 1, 
2019-12-08 10:29:46.524,371292096, 534.7832645359309, 2276110, 29.200102500470944, 124538, 0, 0.0, 1, 
2019-12-08 10:29:47.551,381098760, 534.7832645359309, 2276619, 29.200102500470944, 124563, 0, 0.0, 1, 
2019-12-08 10:29:48.583,392411800, 534.7832645359309, 2277128, 29.200102500470944, 124595, 0, 0.0, 1, 
2019-12-08 10:29:49.62,117414576, 534.7832645359309, 2277577, 29.200102500470944, 124628, 0, 0.0, 1, 
2019-12-08 10:29:50.647,127018560, 534.7832645359309, 2278044, 29.200102500470944, 124659, 0, 0.0, 1, 
2019-12-08 10:29:51.686,139912800, 529.7633918684785, 2278523, 29.072165368392707, 124690, 0, 0.0, 1, 
2019-12-08 10:29:52.715,149840992, 529.7633918684785, 2279018, 29.072165368392707, 124718, 0, 0.0, 1, 
2019-12-08 10:29:53.741,160507008, 529.7633918684785, 2279497, 29.072165368392707, 124745, 0, 0.0, 1, 
2019-12-08 10:29:54.77,171340592, 529.7633918684785, 2279969, 29.072165368392707, 124771, 0, 0.0, 1, 
2019-12-08 10:29:55.8,180995192, 529.7633918684785, 2280449, 29.072165368392707, 124792, 0, 0.0, 1, 
2019-12-08 10:29:56.845,192546224, 524.6971347805628, 2280912, 28.82652858800735, 124819, 0, 0.0, 1, 
2019-12-08 10:29:57.877,202116104, 524.6971347805628, 2281423, 28.82652858800735, 124848, 0, 0.0, 1, 
2019-12-08 10:29:58.912,212682792, 524.6971347805628, 2281886, 28.82652858800735, 124872, 0, 0.0, 1, 
2019-12-08 10:29:59.945,223051336, 524.6971347805628, 2282376, 28.82652858800735, 124895, 0, 0.0, 1, 
2019-12-08 10:30:00.973,234094880, 520.0359532437496, 2282859, 28.488594020667325, 124920, 0, 0.0, 1, 
2019-12-08 10:30:02.0,244329448, 520.0359532437496, 2283311, 28.488594020667325, 124948, 0, 0.0, 1, 
2019-12-08 10:30:03.029,253585264, 520.0359532437496, 2283771, 28.488594020667325, 124966, 0, 0.0, 1, 
2019-12-08 10:30:04.054,264050256, 520.0359532437496, 2284251, 28.488594020667325, 124991, 0, 0.0, 1, 
2019-12-08 10:30:05.082,274479536, 520.0359532437496, 2284715, 28.488594020667325, 125017, 0, 0.0, 1, 
2019-12-08 10:30:06.111,284728560, 514.8039832978574, 2285192, 28.14569697532768, 125043, 0, 0.0, 1, 
2019-12-08 10:30:07.138,295810416, 514.8039832978574, 2285657, 28.14569697532768, 125063, 0, 0.0, 1, 
2019-12-08 10:30:08.164,305763936, 514.8039832978574, 2286124, 28.14569697532768, 125088, 0, 0.0, 1, 
2019-12-08 10:30:09.199,316623240, 514.8039832978574, 2286607, 28.14569697532768, 125111, 0, 0.0, 1, 
2019-12-08 10:30:10.229,326170656, 514.8039832978574, 2287074, 28.14569697532768, 125133, 0, 0.0, 1, 
2019-12-08 10:30:11.263,336436800, 510.3581342643359, 2287559, 27.7182786444511, 125162, 0, 0.0, 1, 
2019-12-08 10:30:12.292,347675272, 510.3581342643359, 2288048, 27.7182786444511, 125186, 0, 0.0, 1, 
2019-12-08 10:30:13.326,358174176, 510.3581342643359, 2288512, 27.7182786444511, 125210, 0, 0.0, 1, 
2019-12-08 10:30:14.354,368205368, 510.3581342643359, 2289008, 27.7182786444511, 125237, 0, 0.0, 1, 
2019-12-08 10:30:15.387,378855648, 510.3581342643359, 2289504, 27.7182786444511, 125257, 0, 0.0, 1, 
2019-12-08 10:30:16.416,389369480, 507.48308059039357, 2290012, 27.325034796417913, 125276, 0, 0.0, 1, 
2019-12-08 10:30:17.446,117124176, 507.48308059039357, 2290497, 27.325034796417913, 125306, 0, 0.0, 1, 
2019-12-08 10:30:18.475,128565688, 507.48308059039357, 2290958, 27.325034796417913, 125338, 0, 0.0, 1, 
2019-12-08 10:30:19.504,138857672, 507.48308059039357, 2291447, 27.325034796417913, 125358, 0, 0.0, 1, 
2019-12-08 10:30:20.529,150783176, 507.48308059039357, 2291917, 27.325034796417913, 125386, 0, 0.0, 1, 
2019-12-08 10:30:21.56,160232416, 504.1342943646614, 2292388, 27.107153044114856, 125404, 0, 0.0, 1, 
2019-12-08 10:30:22.589,169658400, 504.1342943646614, 2292828, 27.107153044114856, 125433, 0, 0.0, 1, 
2019-12-08 10:30:23.621,181027992, 504.1342943646614, 2293328, 27.107153044114856, 125462, 0, 0.0, 1, 
2019-12-08 10:30:24.647,191972216, 504.1342943646614, 2293800, 27.107153044114856, 125489, 0, 0.0, 1, 
2019-12-08 10:30:25.672,201908928, 504.1342943646614, 2294275, 27.107153044114856, 125514, 0, 0.0, 1, 
2019-12-08 10:30:26.699,211894536, 500.3976265018494, 2294767, 26.954665506081188, 125538, 0, 0.0, 1, 
2019-12-08 10:30:27.732,222170584, 500.3976265018494, 2295251, 26.954665506081188, 125567, 0, 0.0, 1, 
2019-12-08 10:30:28.756,232760048, 500.3976265018494, 2295723, 26.954665506081188, 125594, 0, 0.0, 1, 
2019-12-08 10:30:29.788,243874960, 500.3976265018494, 2296204, 26.954665506081188, 125614, 0, 0.0, 1, 
2019-12-08 10:30:30.821,254731672, 500.3976265018494, 2296693, 26.954665506081188, 125643, 0, 0.0, 1, 
2019-12-08 10:30:31.869,264123528, 497.7752730761252, 2297180, 26.830361315486865, 125667, 0, 0.0, 1, 
2019-12-08 10:30:32.902,274981832, 497.7752730761252, 2297643, 26.830361315486865, 125697, 0, 0.0, 1, 
2019-12-08 10:30:33.981,286334552, 497.7752730761252, 2298170, 26.830361315486865, 125719, 0, 0.0, 1, 
2019-12-08 10:30:35.006,297342760, 497.7752730761252, 2298648, 26.830361315486865, 125741, 0, 0.0, 1, 
2019-12-08 10:30:36.033,305741648, 495.0427691121209, 2299097, 26.684013705067272, 125770, 0, 0.0, 1, 
2019-12-08 10:30:37.063,318036152, 495.0427691121209, 2299578, 26.684013705067272, 125798, 0, 0.0, 1, 
2019-12-08 10:30:38.119,328254784, 495.0427691121209, 2300069, 26.684013705067272, 125823, 0, 0.0, 1, 
2019-12-08 10:30:39.146,339179096, 495.0427691121209, 2300577, 26.684013705067272, 125845, 0, 0.0, 1, 
2019-12-08 10:30:40.174,364185312, 495.0427691121209, 2301077, 26.684013705067272, 125871, 0, 0.0, 1, 
2019-12-08 10:30:41.204,375527520, 493.77605123386877, 2301594, 26.4694118181357, 125892, 0, 0.0, 1, 
2019-12-08 10:30:42.232,386848872, 493.77605123386877, 2302104, 26.4694118181357, 125914, 0, 0.0, 1, 
2019-12-08 10:30:43.286,397765032, 493.77605123386877, 2302581, 26.4694118181357, 125941, 0, 0.0, 1, 
2019-12-08 10:30:44.311,126134256, 493.77605123386877, 2303080, 26.4694118181357, 125963, 0, 0.0, 1, 
2019-12-08 10:30:45.338,137075144, 493.77605123386877, 2303555, 26.4694118181357, 125984, 0, 0.0, 1, 
2019-12-08 10:30:46.365,145994856, 491.90700537380985, 2304017, 26.144039614102308, 126008, 0, 0.0, 1, 
2019-12-08 10:30:47.393,157638392, 491.90700537380985, 2304513, 26.144039614102308, 126031, 0, 0.0, 1, 
2019-12-08 10:30:48.42,167012664, 491.90700537380985, 2304973, 26.144039614102308, 126054, 0, 0.0, 1, 
2019-12-08 10:30:49.446,177234288, 491.90700537380985, 2305442, 26.144039614102308, 126084, 0, 0.0, 1, 
2019-12-08 10:30:50.473,187530000, 491.90700537380985, 2305913, 26.144039614102308, 126109, 0, 0.0, 1, 
2019-12-08 10:30:51.501,198461640, 489.6756844232043, 2306395, 25.908647203402296, 126134, 0, 0.0, 1, 
2019-12-08 10:30:52.528,208582152, 489.6756844232043, 2306862, 25.908647203402296, 126151, 0, 0.0, 1, 
2019-12-08 10:30:53.557,219543424, 489.6756844232043, 2307359, 25.908647203402296, 126175, 0, 0.0, 1, 
2019-12-08 10:30:54.581,230095048, 489.6756844232043, 2307894, 25.908647203402296, 126202, 0, 0.0, 1, 
2019-12-08 10:30:55.608,241117288, 489.6756844232043, 2308355, 25.908647203402296, 126230, 0, 0.0, 1, 
2019-12-08 10:30:56.637,251259656, 488.43831701613516, 2308815, 25.804013550210566, 126254, 0, 0.0, 1, 
2019-12-08 10:30:57.664,260968144, 488.43831701613516, 2309313, 25.804013550210566, 126274, 0, 0.0, 1, 
2019-12-08 10:30:58.692,271272728, 488.43831701613516, 2309780, 25.804013550210566, 126303, 0, 0.0, 1, 
2019-12-08 10:30:59.721,281995056, 488.43831701613516, 2310242, 25.804013550210566, 126337, 0, 0.0, 1, 
2019-12-08 10:31:00.76,293059032, 488.43831701613516, 2310776, 25.804013550210566, 126356, 0, 0.0, 1, 
2019-12-08 10:31:01.787,303696152, 487.3158751614909, 2311283, 25.659772590786847, 126381, 0, 0.0, 1, 
2019-12-08 10:31:02.818,315626056, 487.3158751614909, 2311768, 25.659772590786847, 126401, 0, 0.0, 1, 
2019-12-08 10:31:03.848,326239888, 487.3158751614909, 2312233, 25.659772590786847, 126420, 0, 0.0, 1, 
2019-12-08 10:31:04.874,337097344, 487.3158751614909, 2312720, 25.659772590786847, 126442, 0, 0.0, 1, 
2019-12-08 10:31:05.903,347018896, 487.3158751614909, 2313185, 25.659772590786847, 126471, 0, 0.0, 1, 
2019-12-08 10:31:06.929,358046336, 485.6595252364881, 2313676, 25.3991355651152, 126498, 0, 0.0, 1, 
2019-12-08 10:31:07.956,366942216, 485.6595252364881, 2314135, 25.3991355651152, 126524, 0, 0.0, 1, 
2019-12-08 10:31:08.982,377748752, 485.6595252364881, 2314623, 25.3991355651152, 126553, 0, 0.0, 1, 
2019-12-08 10:31:10.008,388749712, 485.6595252364881, 2315101, 25.3991355651152, 126578, 0, 0.0, 1, 
2019-12-08 10:31:11.04,116097064, 484.0876363880951, 2315569, 25.479160266883106, 126604, 0, 0.0, 1, 
2019-12-08 10:31:12.067,124241200, 484.0876363880951, 2316054, 25.479160266883106, 126623, 0, 0.0, 1, 
2019-12-08 10:31:13.102,134774328, 484.0876363880951, 2316553, 25.479160266883106, 126652, 0, 0.0, 1, 
2019-12-08 10:31:14.13,146231544, 484.0876363880951, 2317024, 25.479160266883106, 126681, 0, 0.0, 1, 
2019-12-08 10:31:15.157,156462920, 484.0876363880951, 2317497, 25.479160266883106, 126696, 0, 0.0, 1, 
2019-12-08 10:31:16.186,168384952, 482.73737553515787, 2317991, 25.12102638577539, 126718, 0, 0.0, 1, 
2019-12-08 10:31:17.216,179323008, 482.73737553515787, 2318498, 25.12102638577539, 126737, 0, 0.0, 1, 
2019-12-08 10:31:18.242,189480368, 482.73737553515787, 2318986, 25.12102638577539, 126762, 0, 0.0, 1, 
2019-12-08 10:31:19.269,199472320, 482.73737553515787, 2319474, 25.12102638577539, 126788, 0, 0.0, 1, 
2019-12-08 10:31:20.293,210361592, 482.73737553515787, 2319953, 25.12102638577539, 126818, 0, 0.0, 1, 
2019-12-08 10:31:21.321,220403400, 482.11872914501157, 2320421, 25.22328746977437, 126849, 0, 0.0, 1, 
2019-12-08 10:31:22.35,230936808, 482.11872914501157, 2320879, 25.22328746977437, 126868, 0, 0.0, 1, 
2019-12-08 10:31:23.376,241467256, 482.11872914501157, 2321353, 25.22328746977437, 126893, 0, 0.0, 1, 
2019-12-08 10:31:24.401,251693016, 482.11872914501157, 2321812, 25.22328746977437, 126918, 0, 0.0, 1, 
2019-12-08 10:31:25.426,262509784, 482.11872914501157, 2322318, 25.22328746977437, 126949, 0, 0.0, 1, 
2019-12-08 10:31:26.455,273201336, 480.6700355500495, 2322799, 25.17345215527435, 126975, 0, 0.0, 1, 
2019-12-08 10:31:27.482,283625432, 480.6700355500495, 2323277, 25.17345215527435, 126990, 0, 0.0, 1, 
2019-12-08 10:31:28.511,294690888, 480.6700355500495, 2323771, 25.17345215527435, 127007, 0, 0.0, 1, 
2019-12-08 10:31:29.538,305576992, 480.6700355500495, 2324240, 25.17345215527435, 127033, 0, 0.0, 1, 
2019-12-08 10:31:30.564,315993960, 480.6700355500495, 2324725, 25.17345215527435, 127055, 0, 0.0, 1, 
2019-12-08 10:31:31.588,324693568, 479.4011375677918, 2325174, 24.775796876886336, 127090, 0, 0.0, 1, 
2019-12-08 10:31:32.62,335633424, 479.4011375677918, 2325636, 24.775796876886336, 127120, 0, 0.0, 1, 
2019-12-08 10:31:33.645,346449488, 479.4011375677918, 2326136, 24.775796876886336, 127140, 0, 0.0, 1, 
2019-12-08 10:31:34.673,356272528, 479.4011375677918, 2326622, 24.775796876886336, 127160, 0, 0.0, 1, 
2019-12-08 10:31:35.698,366948200, 479.4011375677918, 2327083, 24.775796876886336, 127182, 0, 0.0, 1, 
2019-12-08 10:31:36.725,377553048, 477.81792602255376, 2327568, 24.761740934688554, 127211, 0, 0.0, 1, 
2019-12-08 10:31:37.765,388334408, 477.81792602255376, 2328062, 24.761740934688554, 127239, 0, 0.0, 1, 
2019-12-08 10:31:38.79,116097496, 477.81792602255376, 2328578, 24.761740934688554, 127267, 0, 0.0, 1, 
2019-12-08 10:31:39.816,126266176, 477.81792602255376, 2329056, 24.761740934688554, 127293, 0, 0.0, 1, 
2019-12-08 10:31:40.841,137026032, 477.81792602255376, 2329517, 24.761740934688554, 127321, 0, 0.0, 1, 
2019-12-08 10:31:41.872,146584096, 477.5446437466668, 2329970, 24.92471113139262, 127339, 0, 0.0, 1, 
2019-12-08 10:31:42.898,156201832, 477.5446437466668, 2330434, 24.92471113139262, 127360, 0, 0.0, 1, 
2019-12-08 10:31:43.925,166679544, 477.5446437466668, 2330952, 24.92471113139262, 127383, 0, 0.0, 1, 
2019-12-08 10:31:44.952,178005520, 477.5446437466668, 2331453, 24.92471113139262, 127408, 0, 0.0, 1, 
2019-12-08 10:31:45.976,189827472, 477.3092030321939, 2331947, 24.7868108432868, 127438, 0, 0.0, 1, 
2019-12-08 10:31:47.004,200442360, 477.3092030321939, 2332443, 24.7868108432868, 127457, 0, 0.0, 1, 
2019-12-08 10:31:48.03,212240712, 477.3092030321939, 2332918, 24.7868108432868, 127500, 0, 0.0, 1, 
2019-12-08 10:31:49.055,223076664, 477.3092030321939, 2333398, 24.7868108432868, 127523, 0, 0.0, 1, 
2019-12-08 10:31:50.09,233408032, 477.3092030321939, 2333856, 24.7868108432868, 127550, 0, 0.0, 1, 
2019-12-08 10:31:51.116,242262496, 476.1331200934187, 2334310, 24.947776560773704, 127578, 0, 0.0, 1, 
2019-12-08 10:31:52.143,253381752, 476.1331200934187, 2334794, 24.947776560773704, 127602, 0, 0.0, 1, 
2019-12-08 10:31:53.169,263224192, 476.1331200934187, 2335237, 24.947776560773704, 127637, 0, 0.0, 1, 
2019-12-08 10:31:54.203,272409216, 476.1331200934187, 2335691, 24.947776560773704, 127664, 0, 0.0, 1, 
2019-12-08 10:31:55.229,284295016, 476.1331200934187, 2336165, 24.947776560773704, 127694, 0, 0.0, 1, 
2019-12-08 10:31:56.256,293736976, 473.9316933592683, 2336644, 25.19181887253914, 127719, 0, 0.0, 1, 
2019-12-08 10:31:57.282,304121080, 473.9316933592683, 2337140, 25.19181887253914, 127745, 0, 0.0, 1, 
2019-12-08 10:31:58.309,314777192, 473.9316933592683, 2337631, 25.19181887253914, 127766, 0, 0.0, 1, 
2019-12-08 10:31:59.334,325384992, 473.9316933592683, 2338105, 25.19181887253914, 127792, 0, 0.0, 1, 
2019-12-08 10:32:00.361,336151928, 473.9316933592683, 2338584, 25.19181887253914, 127818, 0, 0.0, 1, 
2019-12-08 10:32:01.387,346989976, 474.2569771981954, 2339073, 25.048552945707048, 127840, 0, 0.0, 1, 
2019-12-08 10:32:02.414,356940696, 474.2569771981954, 2339544, 25.048552945707048, 127868, 0, 0.0, 1, 
2019-12-08 10:32:03.438,367358000, 474.2569771981954, 2340002, 25.048552945707048, 127889, 0, 0.0, 1, 
2019-12-08 10:32:04.465,376367624, 474.2569771981954, 2340445, 25.048552945707048, 127918, 0, 0.0, 1, 
2019-12-08 10:32:05.491,388080056, 474.2569771981954, 2340923, 25.048552945707048, 127946, 0, 0.0, 1, 
2019-12-08 10:32:06.519,117399432, 472.1735763333233, 2341366, 25.060661983585707, 127971, 0, 0.0, 1, 
2019-12-08 10:32:07.545,139884840, 472.1735763333233, 2341818, 25.060661983585707, 127991, 0, 0.0, 1, 
2019-12-08 10:32:08.568,162511344, 472.1735763333233, 2342306, 25.060661983585707, 128010, 0, 0.0, 1, 
2019-12-08 10:32:09.59,186310336, 472.1735763333233, 2342805, 25.060661983585707, 128032, 0, 0.0, 1, 
2019-12-08 10:32:10.621,211362128, 472.1735763333233, 2343286, 25.060661983585707, 128057, 0, 0.0, 1, 
2019-12-08 10:32:11.648,223137952, 471.3761331993533, 2343746, 24.7999538459922, 128076, 0, 0.0, 1, 
2019-12-08 10:32:12.68,235224296, 471.3761331993533, 2344222, 24.7999538459922, 128107, 0, 0.0, 1, 
2019-12-08 10:32:13.708,248207424, 471.3761331993533, 2344719, 24.7999538459922, 128141, 0, 0.0, 1, 
2019-12-08 10:32:14.738,260834544, 471.3761331993533, 2345197, 24.7999538459922, 128180, 0, 0.0, 1, 
2019-12-08 10:32:15.765,272741248, 471.3761331993533, 2345656, 24.7999538459922, 128212, 0, 0.0, 1, 
2019-12-08 10:32:16.797,286157280, 470.75438791747865, 2346166, 25.231717697264564, 128238, 0, 0.0, 1, 
2019-12-08 10:32:17.823,299023416, 470.75438791747865, 2346638, 25.231717697264564, 128260, 0, 0.0, 1, 
2019-12-08 10:32:18.85,308811160, 470.75438791747865, 2347085, 25.231717697264564, 128285, 0, 0.0, 1, 
2019-12-08 10:32:19.876,322329904, 470.75438791747865, 2347546, 25.231717697264564, 128312, 0, 0.0, 1, 
2019-12-08 10:32:20.91,333457736, 470.75438791747865, 2347986, 25.231717697264564, 128331, 0, 0.0, 1, 
2019-12-08 10:32:21.935,345993968, 469.04698533130414, 2348436, 25.085261636545948, 128351, 0, 0.0, 1, 
2019-12-08 10:32:22.967,359397960, 469.04698533130414, 2348912, 25.085261636545948, 128376, 0, 0.0, 1, 
2019-12-08 10:32:23.993,371213064, 469.04698533130414, 2349408, 25.085261636545948, 128404, 0, 0.0, 1, 
2019-12-08 10:32:25.019,384720888, 469.04698533130414, 2349914, 25.085261636545948, 128427, 0, 0.0, 1, 
2019-12-08 10:32:26.045,396224144, 468.8833174208945, 2350377, 24.902542204670766, 128448, 0, 0.0, 1, 
2019-12-08 10:32:27.074,129054792, 468.8833174208945, 2350840, 24.902542204670766, 128473, 0, 0.0, 1, 
2019-12-08 10:32:28.1,140161928, 468.8833174208945, 2351322, 24.902542204670766, 128498, 0, 0.0, 1, 
2019-12-08 10:32:29.126,152380584, 468.8833174208945, 2351772, 24.902542204670766, 128515, 0, 0.0, 1, 
2019-12-08 10:32:30.154,164572696, 468.8833174208945, 2352244, 24.902542204670766, 128537, 0, 0.0, 1, 
2019-12-08 10:32:31.181,177362920, 467.6453397130269, 2352693, 24.59051215826254, 128559, 0, 0.0, 1, 
2019-12-08 10:32:32.21,190056296, 467.6453397130269, 2353166, 24.59051215826254, 128584, 0, 0.0, 1, 
2019-12-08 10:32:33.242,202027536, 467.6453397130269, 2353642, 24.59051215826254, 128615, 0, 0.0, 1, 
2019-12-08 10:32:34.268,214931376, 467.6453397130269, 2354127, 24.59051215826254, 128628, 0, 0.0, 1, 
2019-12-08 10:32:35.294,228673752, 467.6453397130269, 2354637, 24.59051215826254, 128651, 0, 0.0, 1, 
2019-12-08 10:32:36.321,240681000, 467.369865559471, 2355109, 24.479332944683616, 128674, 0, 0.0, 1, 
2019-12-08 10:32:37.345,253308192, 467.369865559471, 2355586, 24.479332944683616, 128695, 0, 0.0, 1, 
2019-12-08 10:32:38.369,266756488, 467.369865559471, 2356055, 24.479332944683616, 128720, 0, 0.0, 1, 
2019-12-08 10:32:39.395,278055632, 467.369865559471, 2356525, 24.479332944683616, 128741, 0, 0.0, 1, 
2019-12-08 10:32:40.423,290825336, 467.369865559471, 2357011, 24.479332944683616, 128770, 0, 0.0, 1, 
2019-12-08 10:32:41.451,303604648, 466.8125858787086, 2357470, 24.313078661910904, 128790, 0, 0.0, 1, 
2019-12-08 10:32:42.48,316644912, 466.8125858787086, 2357956, 24.313078661910904, 128819, 0, 0.0, 1, 
2019-12-08 10:32:43.515,329953624, 466.8125858787086, 2358447, 24.313078661910904, 128843, 0, 0.0, 1, 
2019-12-08 10:32:44.542,342594248, 466.8125858787086, 2358915, 24.313078661910904, 128876, 0, 0.0, 1, 
2019-12-08 10:32:45.571,355218408, 466.8125858787086, 2359361, 24.313078661910904, 128904, 0, 0.0, 1, 
2019-12-08 10:32:46.596,367587280, 466.5877039283711, 2359820, 24.49593079619451, 128927, 0, 0.0, 1, 
2019-12-08 10:32:47.652,379818024, 466.5877039283711, 2360312, 24.49593079619451, 128950, 0, 0.0, 1, 
2019-12-08 10:32:48.682,393392416, 466.5877039283711, 2360791, 24.49593079619451, 128975, 0, 0.0, 1, 
2019-12-08 10:32:49.707,120308848, 466.5877039283711, 2361288, 24.49593079619451, 129000, 0, 0.0, 1, 
2019-12-08 10:32:50.734,133936144, 466.5877039283711, 2361735, 24.49593079619451, 129032, 0, 0.0, 1, 
2019-12-08 10:32:51.765,147070640, 465.8371045654916, 2362214, 24.552225061526247, 129056, 0, 0.0, 1, 
2019-12-08 10:32:52.797,160109816, 465.8371045654916, 2362706, 24.552225061526247, 129078, 0, 0.0, 1, 
2019-12-08 10:32:53.825,171971600, 465.8371045654916, 2363165, 24.552225061526247, 129107, 0, 0.0, 1, 
2019-12-08 10:32:54.855,185633816, 465.8371045654916, 2363660, 24.552225061526247, 129132, 0, 0.0, 1, 
2019-12-08 10:32:55.889,197992312, 465.8371045654916, 2364112, 24.552225061526247, 129157, 0, 0.0, 1, 
2019-12-08 10:32:56.914,210360472, 465.5143155067551, 2364569, 24.50807158347556, 129181, 0, 0.0, 1, 
2019-12-08 10:32:57.945,223453488, 465.5143155067551, 2365020, 24.50807158347556, 129203, 0, 0.0, 1, 
2019-12-08 10:32:58.98,235624800, 465.5143155067551, 2365509, 24.50807158347556, 129228, 0, 0.0, 1, 
2019-12-08 10:33:00.01,248401888, 465.5143155067551, 2366010, 24.50807158347556, 129247, 0, 0.0, 1, 
2019-12-08 10:33:01.036,262570888, 465.6331042800887, 2366518, 24.259563900644803, 129268, 0, 0.0, 1, 
2019-12-08 10:33:02.065,276246840, 465.6331042800887, 2366984, 24.259563900644803, 129296, 0, 0.0, 1, 
2019-12-08 10:33:03.101,288595800, 465.6331042800887, 2367481, 24.259563900644803, 129325, 0, 0.0, 1, 
2019-12-08 10:33:04.127,300566352, 465.6331042800887, 2367977, 24.259563900644803, 129352, 0, 0.0, 1, 
2019-12-08 10:33:05.152,316213664, 465.6331042800887, 2368498, 24.259563900644803, 129377, 0, 0.0, 1, 
2019-12-08 10:33:06.179,328415512, 466.7498356031854, 2368990, 24.3507481365466, 129395, 0, 0.0, 1, 
2019-12-08 10:33:07.205,340168288, 466.7498356031854, 2369443, 24.3507481365466, 129425, 0, 0.0, 1, 
2019-12-08 10:33:08.232,354158808, 466.7498356031854, 2369924, 24.3507481365466, 129455, 0, 0.0, 1, 
2019-12-08 10:33:09.259,367249208, 466.7498356031854, 2370413, 24.3507481365466, 129475, 0, 0.0, 1, 
2019-12-08 10:33:10.284,378251968, 466.7498356031854, 2370872, 24.3507481365466, 129505, 0, 0.0, 1, 
2019-12-08 10:33:11.314,392953408, 466.33807748296994, 2371357, 24.45063280056442, 129527, 0, 0.0, 1, 
2019-12-08 10:33:12.344,121433224, 466.33807748296994, 2371784, 24.45063280056442, 129559, 0, 0.0, 1, 
2019-12-08 10:33:13.372,135987352, 466.33807748296994, 2372268, 24.45063280056442, 129589, 0, 0.0, 1, 
2019-12-08 10:33:14.398,147154544, 466.33807748296994, 2372738, 24.45063280056442, 129614, 0, 0.0, 1, 
2019-12-08 10:33:15.422,160592048, 466.33807748296994, 2373197, 24.45063280056442, 129644, 0, 0.0, 1, 
2019-12-08 10:33:16.452,173450552, 464.9198191144687, 2373644, 24.63847783024596, 129668, 0, 0.0, 1, 
2019-12-08 10:33:17.479,185611312, 464.9198191144687, 2374153, 24.63847783024596, 129688, 0, 0.0, 1, 
2019-12-08 10:33:18.503,197118928, 464.9198191144687, 2374653, 24.63847783024596, 129712, 0, 0.0, 1, 
2019-12-08 10:33:19.528,211593384, 464.9198191144687, 2375119, 24.63847783024596, 129736, 0, 0.0, 1, 
2019-12-08 10:33:20.553,224999136, 464.9198191144687, 2375589, 24.63847783024596, 129762, 0, 0.0, 1, 
2019-12-08 10:33:21.577,237178096, 465.1980790143671, 2376063, 24.555445727434176, 129790, 0, 0.0, 1, 
2019-12-08 10:33:22.603,248521328, 465.1980790143671, 2376546, 24.555445727434176, 129819, 0, 0.0, 1, 
2019-12-08 10:33:23.63,263380744, 465.1980790143671, 2377026, 24.555445727434176, 129847, 0, 0.0, 1, 
2019-12-08 10:33:24.655,274671064, 465.1980790143671, 2377512, 24.555445727434176, 129875, 0, 0.0, 1, 
2019-12-08 10:33:25.679,288181464, 465.1980790143671, 2377969, 24.555445727434176, 129895, 0, 0.0, 1, 
2019-12-08 10:33:26.706,301032112, 465.18224149082374, 2378476, 24.67094590989689, 129919, 0, 0.0, 1, 
2019-12-08 10:33:27.73,314108000, 465.18224149082374, 2378937, 24.67094590989689, 129945, 0, 0.0, 1, 
2019-12-08 10:33:28.756,326617152, 465.18224149082374, 2379402, 24.67094590989689, 129967, 0, 0.0, 1, 
2019-12-08 10:33:29.782,339431224, 465.18224149082374, 2379887, 24.67094590989689, 129992, 0, 0.0, 1, 
2019-12-08 10:33:30.808,351095832, 465.18224149082374, 2380339, 24.67094590989689, 130017, 0, 0.0, 1, 
2019-12-08 10:33:31.834,364479184, 465.0237502120789, 2380816, 24.61730003691902, 130049, 0, 0.0, 1, 
2019-12-08 10:33:32.86,377573896, 465.0237502120789, 2381271, 24.61730003691902, 130084, 0, 0.0, 1, 
2019-12-08 10:33:33.887,389897584, 465.0237502120789, 2381748, 24.61730003691902, 130114, 0, 0.0, 1, 
2019-12-08 10:33:34.935,402101944, 465.0237502120789, 2382256, 24.61730003691902, 130134, 0, 0.0, 1, 
2019-12-08 10:33:35.962,131990808, 464.65405555726437, 2382713, 24.967721377971202, 130167, 0, 0.0, 1, 
2019-12-08 10:33:36.988,144283120, 464.65405555726437, 2383191, 24.967721377971202, 130197, 0, 0.0, 1, 
2019-12-08 10:33:38.016,157996904, 464.65405555726437, 2383645, 24.967721377971202, 130217, 0, 0.0, 1, 
2019-12-08 10:33:39.044,170706968, 464.65405555726437, 2384108, 24.967721377971202, 130247, 0, 0.0, 1, 
2019-12-08 10:33:40.072,183191928, 464.65405555726437, 2384614, 24.967721377971202, 130267, 0, 0.0, 1, 
2019-12-08 10:33:41.099,195534328, 463.9781065964271, 2385053, 24.842373297497392, 130289, 0, 0.0, 1, 
2019-12-08 10:33:42.124,207588880, 463.9781065964271, 2385524, 24.842373297497392, 130322, 0, 0.0, 1, 
2019-12-08 10:33:43.15,221760112, 463.9781065964271, 2385952, 24.842373297497392, 130353, 0, 0.0, 1, 
2019-12-08 10:33:44.176,233297560, 463.9781065964271, 2386425, 24.842373297497392, 130375, 0, 0.0, 1, 
2019-12-08 10:33:45.202,245555752, 463.9781065964271, 2386902, 24.842373297497392, 130410, 0, 0.0, 1, 
2019-12-08 10:33:46.23,258602600, 462.95642560358084, 2387369, 25.142816540100473, 130434, 0, 0.0, 1, 
2019-12-08 10:33:47.255,271262416, 462.95642560358084, 2387828, 25.142816540100473, 130462, 0, 0.0, 1, 
2019-12-08 10:33:48.282,283366656, 462.95642560358084, 2388295, 25.142816540100473, 130491, 0, 0.0, 1, 
2019-12-08 10:33:49.323,297672832, 462.95642560358084, 2388779, 25.142816540100473, 130519, 0, 0.0, 1, 
2019-12-08 10:33:50.352,309139072, 462.95642560358084, 2389258, 25.142816540100473, 130544, 0, 0.0, 1, 
2019-12-08 10:33:51.378,322925168, 462.6560783955452, 2389739, 25.403246550296426, 130578, 0, 0.0, 1, 
2019-12-08 10:33:52.403,335303336, 462.6560783955452, 2390216, 25.403246550296426, 130602, 0, 0.0, 1, 
2019-12-08 10:33:53.428,348105816, 462.6560783955452, 2390712, 25.403246550296426, 130633, 0, 0.0, 1, 
2019-12-08 10:33:54.463,360427176, 462.6560783955452, 2391177, 25.403246550296426, 130654, 0, 0.0, 1, 
2019-12-08 10:33:55.493,374664240, 462.6560783955452, 2391641, 25.403246550296426, 130673, 0, 0.0, 1, 
2019-12-08 10:33:56.52,386072792, 462.49168344386135, 2392096, 25.22708468265155, 130696, 0, 0.0, 1, 
2019-12-08 10:33:57.547,399264288, 462.49168344386135, 2392583, 25.22708468265155, 130721, 0, 0.0, 1, 
2019-12-08 10:33:58.578,131042576, 462.49168344386135, 2393089, 25.22708468265155, 130746, 0, 0.0, 1, 
2019-12-08 10:33:59.604,144046848, 462.49168344386135, 2393567, 25.22708468265155, 130770, 0, 0.0, 1, 
2019-12-08 10:34:00.63,156058656, 462.49168344386135, 2394032, 25.22708468265155, 130804, 0, 0.0, 1, 
2019-12-08 10:34:01.655,168186288, 462.72421959655065, 2394494, 25.38483028173692, 130843, 0, 0.0, 1, 
2019-12-08 10:34:02.679,181781672, 462.72421959655065, 2394968, 25.38483028173692, 130865, 0, 0.0, 1, 
2019-12-08 10:34:03.71,194873136, 462.72421959655065, 2395488, 25.38483028173692, 130882, 0, 0.0, 1, 
2019-12-08 10:34:04.738,208695896, 462.72421959655065, 2395953, 25.38483028173692, 130908, 0, 0.0, 1, 
2019-12-08 10:34:05.767,220834856, 462.72421959655065, 2396445, 25.38483028173692, 130921, 0, 0.0, 1, 
2019-12-08 10:34:06.793,233906016, 463.2579855265145, 2396899, 25.034238609809577, 130951, 0, 0.0, 1, 
2019-12-08 10:34:07.818,246321848, 463.2579855265145, 2397384, 25.034238609809577, 130969, 0, 0.0, 1, 
2019-12-08 10:34:08.845,259543136, 463.2579855265145, 2397882, 25.034238609809577, 130996, 0, 0.0, 1, 
2019-12-08 10:34:09.872,272421352, 463.2579855265145, 2398332, 25.034238609809577, 131022, 0, 0.0, 1, 
2019-12-08 10:34:10.902,285745912, 463.2579855265145, 2398792, 25.034238609809577, 131045, 0, 0.0, 1, 
2019-12-08 10:34:11.931,298295080, 462.86956245001977, 2399253, 24.951545456349294, 131070, 0, 0.0, 1, 
2019-12-08 10:34:12.959,310846528, 462.86956245001977, 2399740, 24.951545456349294, 131089, 0, 0.0, 1, 
2019-12-08 10:34:13.985,323242480, 462.86956245001977, 2400234, 24.951545456349294, 131112, 0, 0.0, 1, 
2019-12-08 10:34:15.012,336656560, 462.86956245001977, 2400733, 24.951545456349294, 131136, 0, 0.0, 1, 
2019-12-08 10:34:16.037,349292728, 463.5196363436482, 2401204, 24.827490731157674, 131165, 0, 0.0, 1, 
2019-12-08 10:34:17.064,363007624, 463.5196363436482, 2401657, 24.827490731157674, 131206, 0, 0.0, 1, 
2019-12-08 10:34:18.086,376053192, 463.5196363436482, 2402146, 24.827490731157674, 131236, 0, 0.0, 1, 
2019-12-08 10:34:19.11,387305432, 463.5196363436482, 2402603, 24.827490731157674, 131259, 0, 0.0, 1, 
2019-12-08 10:34:20.135,401012544, 463.5196363436482, 2403076, 24.827490731157674, 131289, 0, 0.0, 1, 
2019-12-08 10:34:21.161,130368496, 462.82245271557235, 2403544, 25.22507062050908, 131320, 0, 0.0, 1, 
2019-12-08 10:34:22.19,143090760, 462.82245271557235, 2404000, 25.22507062050908, 131344, 0, 0.0, 1, 
2019-12-08 10:34:23.216,156417960, 462.82245271557235, 2404516, 25.22507062050908, 131368, 0, 0.0, 1, 
2019-12-08 10:34:24.241,168939080, 462.82245271557235, 2404970, 25.22507062050908, 131388, 0, 0.0, 1, 
2019-12-08 10:34:25.266,180918152, 462.82245271557235, 2405455, 25.22507062050908, 131418, 0, 0.0, 1, 
2019-12-08 10:34:26.291,195226128, 462.7886752614073, 2405907, 25.111128264851722, 131441, 0, 0.0, 1, 
2019-12-08 10:34:27.317,207413416, 462.7886752614073, 2406378, 25.111128264851722, 131471, 0, 0.0, 1, 
2019-12-08 10:34:28.345,219957440, 462.7886752614073, 2406889, 25.111128264851722, 131500, 0, 0.0, 1, 
2019-12-08 10:34:29.37,234367480, 462.7886752614073, 2407384, 25.111128264851722, 131522, 0, 0.0, 1, 
2019-12-08 10:34:30.395,246517680, 462.7886752614073, 2407860, 25.111128264851722, 131553, 0, 0.0, 1, 
2019-12-08 10:34:31.422,259300608, 463.3172876009571, 2408311, 25.230171875977355, 131575, 0, 0.0, 1, 
2019-12-08 10:34:32.447,271783144, 463.3172876009571, 2408805, 25.230171875977355, 131598, 0, 0.0, 1, 
2019-12-08 10:34:33.474,285637320, 463.3172876009571, 2409290, 25.230171875977355, 131616, 0, 0.0, 1, 
2019-12-08 10:34:34.501,298483232, 463.3172876009571, 2409764, 25.230171875977355, 131643, 0, 0.0, 1, 
2019-12-08 10:34:35.527,311695920, 463.3172876009571, 2410224, 25.230171875977355, 131669, 0, 0.0, 1, 
2019-12-08 10:34:36.554,325858784, 463.48381208998137, 2410723, 25.051857178156364, 131690, 0, 0.0, 1, 
2019-12-08 10:34:37.579,338148792, 463.48381208998137, 2411233, 25.051857178156364, 131711, 0, 0.0, 1, 
2019-12-08 10:34:38.603,349371408, 463.48381208998137, 2411694, 25.051857178156364, 131727, 0, 0.0, 1, 
2019-12-08 10:34:39.628,362671448, 463.48381208998137, 2412159, 25.051857178156364, 131754, 0, 0.0, 1, 
2019-12-08 10:34:40.653,375430136, 463.48381208998137, 2412629, 25.051857178156364, 131773, 0, 0.0, 1, 
2019-12-08 10:34:41.687,389756344, 463.8768887721191, 2413113, 24.67991521441609, 131796, 0, 0.0, 1, 
2019-12-08 10:34:42.714,401714152, 463.8768887721191, 2413616, 24.67991521441609, 131817, 0, 0.0, 1, 
2019-12-08 10:34:43.739,134115816, 463.8768887721191, 2414110, 24.67991521441609, 131837, 0, 0.0, 1, 
2019-12-08 10:34:44.762,145996848, 463.8768887721191, 2414589, 24.67991521441609, 131847, 0, 0.0, 1, 
2019-12-08 10:34:45.787,159857600, 463.8768887721191, 2415072, 24.67991521441609, 131874, 0, 0.0, 1, 
2019-12-08 10:34:46.811,172158392, 464.9581370463771, 2415563, 24.25775650273991, 131906, 0, 0.0, 1, 
2019-12-08 10:34:47.834,183849112, 464.9581370463771, 2416047, 24.25775650273991, 131929, 0, 0.0, 1, 
2019-12-08 10:34:48.86,198480208, 464.9581370463771, 2416487, 24.25775650273991, 131948, 0, 0.0, 1, 
2019-12-08 10:34:49.884,210053672, 464.9581370463771, 2416937, 24.25775650273991, 131973, 0, 0.0, 1, 
2019-12-08 10:34:50.91,221665048, 464.9581370463771, 2417427, 24.25775650273991, 131997, 0, 0.0, 1, 
2019-12-08 10:34:51.936,233844096, 464.4817507111153, 2417869, 24.23714743068024, 132025, 0, 0.0, 1, 
2019-12-08 10:34:52.962,248476360, 464.4817507111153, 2418356, 24.23714743068024, 132055, 0, 0.0, 1, 
2019-12-08 10:34:53.988,261050232, 464.4817507111153, 2418855, 24.23714743068024, 132081, 0, 0.0, 1, 
2019-12-08 10:34:55.016,273275856, 464.4817507111153, 2419338, 24.23714743068024, 132104, 0, 0.0, 1, 
2019-12-08 10:34:56.087,287384824, 464.6671076900432, 2419847, 24.45805292515308, 132140, 0, 0.0, 1, 
2019-12-08 10:34:57.114,300636264, 464.6671076900432, 2420341, 24.45805292515308, 132162, 0, 0.0, 1, 
2019-12-08 10:34:58.138,313525584, 464.6671076900432, 2420818, 24.45805292515308, 132191, 0, 0.0, 1, 
2019-12-08 10:34:59.165,326085424, 464.6671076900432, 2421296, 24.45805292515308, 132230, 0, 0.0, 1, 
2019-12-08 10:35:00.199,340036032, 464.6671076900432, 2421790, 24.45805292515308, 132255, 0, 0.0, 1, 
2019-12-08 10:35:01.227,353486360, 465.4133245578873, 2422273, 24.70926914272615, 132278, 0, 0.0, 1, 
2019-12-08 10:35:02.254,366133696, 465.4133245578873, 2422746, 24.70926914272615, 132305, 0, 0.0, 1, 
2019-12-08 10:35:03.281,379934600, 465.4133245578873, 2423255, 24.70926914272615, 132326, 0, 0.0, 1, 
2019-12-08 10:35:04.313,392543936, 465.4133245578873, 2423719, 24.70926914272615, 132354, 0, 0.0, 1, 
2019-12-08 10:35:05.34,404192208, 465.4133245578873, 2424191, 24.70926914272615, 132387, 0, 0.0, 1, 
2019-12-08 10:35:06.377,134336624, 465.44424141920985, 2424658, 24.860443635197882, 132417, 0, 0.0, 1, 
2019-12-08 10:35:07.409,148068536, 465.44424141920985, 2425126, 24.860443635197882, 132444, 0, 0.0, 1, 
2019-12-08 10:35:08.436,159828888, 465.44424141920985, 2425629, 24.860443635197882, 132472, 0, 0.0, 1, 
2019-12-08 10:35:09.464,172518344, 465.44424141920985, 2426108, 24.860443635197882, 132500, 0, 0.0, 1, 
2019-12-08 10:35:10.491,185230008, 465.44424141920985, 2426562, 24.860443635197882, 132522, 0, 0.0, 1, 
2019-12-08 10:35:11.515,198023104, 464.75308603645146, 2427024, 24.96754864848265, 132548, 0, 0.0, 1, 
2019-12-08 10:35:12.545,211389424, 464.75308603645146, 2427503, 24.96754864848265, 132573, 0, 0.0, 1, 
2019-12-08 10:35:13.577,223679960, 464.75308603645146, 2427975, 24.96754864848265, 132596, 0, 0.0, 1, 
2019-12-08 10:35:14.609,237181120, 464.75308603645146, 2428514, 24.96754864848265, 132622, 0, 0.0, 1, 
2019-12-08 10:35:15.636,249796848, 464.75308603645146, 2428994, 24.96754864848265, 132662, 0, 0.0, 1, 
2019-12-08 10:35:16.667,264501816, 465.66833074309477, 2429509, 25.17802783725305, 132688, 0, 0.0, 1, 
2019-12-08 10:35:17.696,277389576, 465.66833074309477, 2429994, 25.17802783725305, 132721, 0, 0.0, 1, 
2019-12-08 10:35:18.721,289942232, 465.66833074309477, 2430490, 25.17802783725305, 132749, 0, 0.0, 1, 
2019-12-08 10:35:19.746,303351168, 465.66833074309477, 2430961, 25.17802783725305, 132783, 0, 0.0, 1, 
2019-12-08 10:35:20.772,316458664, 465.66833074309477, 2431430, 25.17802783725305, 132807, 0, 0.0, 1, 
2019-12-08 10:35:21.802,329427592, 466.270529767349, 2431888, 25.49960697587005, 132841, 0, 0.0, 1, 
2019-12-08 10:35:22.829,339864560, 466.270529767349, 2432330, 25.49960697587005, 132867, 0, 0.0, 1, 
2019-12-08 10:35:23.859,354124432, 466.270529767349, 2432806, 25.49960697587005, 132892, 0, 0.0, 1, 
2019-12-08 10:35:24.884,366068920, 466.270529767349, 2433287, 25.49960697587005, 132916, 0, 0.0, 1, 
2019-12-08 10:35:25.907,381952968, 466.270529767349, 2433775, 25.49960697587005, 132941, 0, 0.0, 1, 
2019-12-08 10:35:26.933,393041424, 465.5133080160302, 2434241, 25.41168725643668, 132963, 0, 0.0, 1, 
2019-12-08 10:35:27.987,406464880, 465.5133080160302, 2434739, 25.41168725643668, 132982, 0, 0.0, 1, 
2019-12-08 10:35:29.013,136791544, 465.5133080160302, 2435248, 25.41168725643668, 133009, 0, 0.0, 1, 
2019-12-08 10:35:30.038,149635000, 465.5133080160302, 2435719, 25.41168725643668, 133028, 0, 0.0, 1, 
2019-12-08 10:35:31.064,163643776, 466.19186644146913, 2436216, 25.042957102301795, 133048, 0, 0.0, 1, 
2019-12-08 10:35:32.088,175428952, 466.19186644146913, 2436662, 25.042957102301795, 133075, 0, 0.0, 1, 
2019-12-08 10:35:33.113,187747752, 466.19186644146913, 2437110, 25.042957102301795, 133097, 0, 0.0, 1, 
2019-12-08 10:35:34.138,200991216, 466.19186644146913, 2437596, 25.042957102301795, 133120, 0, 0.0, 1, 
2019-12-08 10:35:35.162,213100240, 466.19186644146913, 2438084, 25.042957102301795, 133147, 0, 0.0, 1, 
2019-12-08 10:35:36.188,226846144, 465.2330497404545, 2438552, 24.911593505448344, 133165, 0, 0.0, 1, 
2019-12-08 10:35:37.219,239525216, 465.2330497404545, 2439026, 24.911593505448344, 133197, 0, 0.0, 1, 
2019-12-08 10:35:38.249,252671408, 465.2330497404545, 2439539, 24.911593505448344, 133219, 0, 0.0, 1, 
2019-12-08 10:35:39.272,264786408, 465.2330497404545, 2439970, 24.911593505448344, 133247, 0, 0.0, 1, 
2019-12-08 10:35:40.297,289270704, 465.2330497404545, 2440451, 24.911593505448344, 133269, 0, 0.0, 1, 
2019-12-08 10:35:41.326,304697128, 465.1984249949618, 2440959, 24.88667986432252, 133291, 0, 0.0, 1, 
2019-12-08 10:35:42.352,316501792, 465.1984249949618, 2441411, 24.88667986432252, 133323, 0, 0.0, 1, 
2019-12-08 10:35:43.378,330273288, 465.1984249949618, 2441898, 24.88667986432252, 133350, 0, 0.0, 1, 
2019-12-08 10:35:44.405,343190136, 465.1984249949618, 2442387, 24.88667986432252, 133374, 0, 0.0, 1, 
2019-12-08 10:35:45.431,357300824, 465.1984249949618, 2442880, 24.88667986432252, 133407, 0, 0.0, 1, 
2019-12-08 10:35:46.475,370053560, 465.99810677911836, 2443376, 25.103624964068658, 133433, 0, 0.0, 1, 
2019-12-08 10:35:47.501,382510168, 465.99810677911836, 2443853, 25.103624964068658, 133464, 0, 0.0, 1, 
2019-12-08 10:35:48.527,395175312, 465.99810677911836, 2444315, 25.103624964068658, 133488, 0, 0.0, 1, 
2019-12-08 10:35:49.565,125703400, 465.99810677911836, 2444779, 25.103624964068658, 133510, 0, 0.0, 1, 
2019-12-08 10:35:50.59,138594176, 465.99810677911836, 2445283, 25.103624964068658, 133536, 0, 0.0, 1, 
2019-12-08 10:35:51.617,150888488, 465.9662759185539, 2445786, 25.063357335259262, 133564, 0, 0.0, 1, 
2019-12-08 10:35:52.649,164116544, 465.9662759185539, 2446256, 25.063357335259262, 133597, 0, 0.0, 1, 
2019-12-08 10:35:53.676,177680616, 465.9662759185539, 2446698, 25.063357335259262, 133626, 0, 0.0, 1, 
2019-12-08 10:35:54.701,189469936, 465.9662759185539, 2447194, 25.063357335259262, 133653, 0, 0.0, 1, 
2019-12-08 10:35:55.726,202664520, 465.9662759185539, 2447676, 25.063357335259262, 133664, 0, 0.0, 1, 
2019-12-08 10:35:56.758,215480448, 465.4732477179288, 2448142, 25.058291562431084, 133696, 0, 0.0, 1, 
2019-12-08 10:35:57.796,227215600, 465.4732477179288, 2448607, 25.058291562431084, 133726, 0, 0.0, 1, 
2019-12-08 10:35:58.827,241278064, 465.4732477179288, 2449098, 25.058291562431084, 133748, 0, 0.0, 1, 
2019-12-08 10:35:59.856,254658608, 465.4732477179288, 2449580, 25.058291562431084, 133780, 0, 0.0, 1, 
2019-12-08 10:36:00.889,266413240, 465.4732477179288, 2450050, 25.058291562431084, 133798, 0, 0.0, 1, 
2019-12-08 10:36:01.918,278274456, 465.1795510464303, 2450512, 25.13358641180541, 133818, 0, 0.0, 1, 
2019-12-08 10:36:02.944,292241728, 465.1795510464303, 2450999, 25.13358641180541, 133838, 0, 0.0, 1, 
2019-12-08 10:36:03.97,305726672, 465.1795510464303, 2451498, 25.13358641180541, 133856, 0, 0.0, 1, 
2019-12-08 10:36:04.996,317758120, 465.1795510464303, 2451973, 25.13358641180541, 133884, 0, 0.0, 1, 
2019-12-08 10:36:06.023,331529992, 464.925328181297, 2452419, 24.81907420764337, 133909, 0, 0.0, 1, 
2019-12-08 10:36:07.049,343595392, 464.925328181297, 2452911, 24.81907420764337, 133933, 0, 0.0, 1, 
2019-12-08 10:36:08.074,355756768, 464.925328181297, 2453393, 24.81907420764337, 133957, 0, 0.0, 1, 
2019-12-08 10:36:09.101,370770400, 464.925328181297, 2453892, 24.81907420764337, 133981, 0, 0.0, 1, 
2019-12-08 10:36:10.128,382136680, 464.925328181297, 2454374, 24.81907420764337, 134018, 0, 0.0, 1, 
2019-12-08 10:36:11.154,395690128, 466.05067680546153, 2454874, 24.913495820650574, 134043, 0, 0.0, 1, 
2019-12-08 10:36:12.178,126097816, 466.05067680546153, 2455378, 24.913495820650574, 134063, 0, 0.0, 1, 
2019-12-08 10:36:13.207,137416104, 466.05067680546153, 2455831, 24.913495820650574, 134084, 0, 0.0, 1, 
2019-12-08 10:36:14.235,152100160, 466.05067680546153, 2456304, 24.913495820650574, 134114, 0, 0.0, 1, 
2019-12-08 10:36:15.262,163708536, 466.05067680546153, 2456771, 24.913495820650574, 134140, 0, 0.0, 1, 
2019-12-08 10:36:16.289,177582408, 465.9346870922972, 2457266, 24.936403430021606, 134173, 0, 0.0, 1, 
2019-12-08 10:36:17.314,189251560, 465.9346870922972, 2457707, 24.936403430021606, 134194, 0, 0.0, 1, 
2019-12-08 10:36:18.341,201043384, 465.9346870922972, 2458165, 24.936403430021606, 134207, 0, 0.0, 1, 
2019-12-08 10:36:19.369,212660016, 465.9346870922972, 2458631, 24.936403430021606, 134231, 0, 0.0, 1, 
2019-12-08 10:36:20.395,227347176, 465.9346870922972, 2459113, 24.936403430021606, 134260, 0, 0.0, 1, 
2019-12-08 10:36:21.421,239288392, 464.9164777313202, 2459583, 24.701621574889764, 134279, 0, 0.0, 1, 
2019-12-08 10:36:22.451,251879104, 464.9164777313202, 2460051, 24.701621574889764, 134308, 0, 0.0, 1, 
2019-12-08 10:36:23.477,264416984, 464.9164777313202, 2460517, 24.701621574889764, 134325, 0, 0.0, 1, 
2019-12-08 10:36:24.502,277861912, 464.9164777313202, 2461019, 24.701621574889764, 134350, 0, 0.0, 1, 
2019-12-08 10:36:25.528,290957280, 464.9164777313202, 2461498, 24.701621574889764, 134380, 0, 0.0, 1, 
2019-12-08 10:36:26.553,303285176, 464.7632446324626, 2461952, 24.67750524530903, 134416, 0, 0.0, 1, 
2019-12-08 10:36:27.578,316470664, 464.7632446324626, 2462441, 24.67750524530903, 134440, 0, 0.0, 1, 
2019-12-08 10:36:28.604,329214040, 464.7632446324626, 2462930, 24.67750524530903, 134468, 0, 0.0, 1, 
2019-12-08 10:36:29.626,342094112, 464.7632446324626, 2463418, 24.67750524530903, 134494, 0, 0.0, 1, 
2019-12-08 10:36:30.652,353997384, 464.7632446324626, 2463858, 24.67750524530903, 134527, 0, 0.0, 1, 
2019-12-08 10:36:31.68,368054488, 464.6862278440189, 2464337, 25.00712172660789, 134553, 0, 0.0, 1, 
2019-12-08 10:36:32.706,380343144, 464.6862278440189, 2464764, 25.00712172660789, 134581, 0, 0.0, 1, 
2019-12-08 10:36:33.731,391525216, 464.6862278440189, 2465208, 25.00712172660789, 134608, 0, 0.0, 1, 
2019-12-08 10:36:34.757,403859808, 464.6862278440189, 2465703, 25.00712172660789, 134634, 0, 0.0, 1, 
2019-12-08 10:36:35.782,136585880, 464.6862278440189, 2466215, 25.00712172660789, 134660, 0, 0.0, 1, 
2019-12-08 10:36:36.805,147951616, 464.2155910511252, 2466677, 25.038534538936375, 134687, 0, 0.0, 1, 
2019-12-08 10:36:37.831,162422160, 464.2155910511252, 2467170, 25.038534538936375, 134709, 0, 0.0, 1, 
2019-12-08 10:36:38.865,163274120, 464.2155910511252, 2467171, 25.038534538936375, 134709, 0, 0.0, 1, 
2019-12-08 10:36:39.894,164366032, 464.2155910511252, 2467171, 25.038534538936375, 134709, 0, 0.0, 1, 
2019-12-08 10:36:40.922,165407800, 464.2155910511252, 2467171, 25.038534538936375, 134709, 0, 0.0, 1, 
