Timestamp, MemoryUsed, ReadLatency1, ReadCount, WriteLatency1, WriteCount, PendingTasks, WaitingOnCommit1, SRDelay, 
2019-12-08 10:28:19.499,801701368, 27.272741072832687, 2236866, 4.810817804491365, 122181, 0, 0.0, 1, 
2019-12-08 10:28:20.649,811138552, 27.272741072832687, 2237217, 4.810817804491365, 122200, 0, 0.0, 1, 
2019-12-08 10:28:21.708,175925936, 40.53955218930619, 2237828, 5.257704138676622, 122239, 0, 0.0, 1, 
2019-12-08 10:28:22.748,192703152, 40.53955218930619, 2238606, 5.257704138676622, 122285, 0, 0.0, 1, 
2019-12-08 10:28:23.807,207383216, 40.53955218930619, 2239344, 5.257704138676622, 122321, 0, 0.0, 1, 
2019-12-08 10:28:24.852,224160432, 40.53955218930619, 2240140, 5.257704138676622, 122352, 0, 0.0, 1, 
2019-12-08 10:28:25.898,238840496, 40.53955218930619, 2240892, 5.257704138676622, 122389, 0, 0.0, 1, 
2019-12-08 10:28:26.944,256666288, 95.63378364979084, 2241731, 7.7317135169814, 122424, 0, 0.0, 1, 
2019-12-08 10:28:27.989,273443504, 95.63378364979084, 2242506, 7.7317135169814, 122467, 0, 0.0, 1, 
2019-12-08 10:28:29.022,291269296, 95.63378364979084, 2243392, 7.7317135169814, 122515, 0, 0.0, 1, 
2019-12-08 10:28:30.057,309095088, 95.63378364979084, 2244254, 7.7317135169814, 122560, 0, 0.0, 1, 
2019-12-08 10:28:31.111,326920880, 95.63378364979084, 2245153, 7.7317135169814, 122600, 0, 0.0, 1, 
2019-12-08 10:28:32.163,344746672, 153.43897068129513, 2246019, 10.503636656529471, 122654, 0, 0.0, 1, 
2019-12-08 10:28:33.2,364669616, 153.43897068129513, 2246940, 10.503636656529471, 122701, 0, 0.0, 1, 
2019-12-08 10:28:34.237,381446832, 153.43897068129513, 2247839, 10.503636656529471, 122748, 0, 0.0, 1, 
2019-12-08 10:28:35.272,400321200, 153.43897068129513, 2248800, 10.503636656529471, 122801, 0, 0.0, 1, 
2019-12-08 10:28:36.323,418146992, 153.43897068129513, 2249715, 10.503636656529471, 122841, 0, 0.0, 1, 
2019-12-08 10:28:37.376,439118512, 211.53158308799357, 2250692, 13.229831346667941, 122899, 0, 0.0, 1, 
2019-12-08 10:28:38.426,459041456, 211.53158308799357, 2251695, 13.229831346667941, 122951, 0, 0.0, 1, 
2019-12-08 10:28:39.46,477915824, 211.53158308799357, 2252651, 13.229831346667941, 123008, 0, 0.0, 1, 
2019-12-08 10:28:40.497,499935920, 211.53158308799357, 2253763, 13.229831346667941, 123051, 0, 0.0, 1, 
2019-12-08 10:28:41.537,519858864, 271.2318934399895, 2254672, 16.28174952504256, 123108, 0, 0.0, 1, 
2019-12-08 10:28:42.566,536636080, 271.2318934399895, 2255537, 16.28174952504256, 123163, 0, 0.0, 1, 
2019-12-08 10:28:43.593,550267568, 271.2318934399895, 2256158, 16.28174952504256, 123196, 0, 0.0, 1, 
2019-12-08 10:28:44.623,565996208, 271.2318934399895, 2256844, 16.28174952504256, 123225, 0, 0.0, 1, 
2019-12-08 10:28:45.654,580676272, 271.2318934399895, 2257559, 16.28174952504256, 123274, 0, 0.0, 1, 
2019-12-08 10:28:46.685,595356336, 305.88209408097697, 2258233, 18.274102828180922, 123309, 0, 0.0, 1, 
2019-12-08 10:28:47.714,613182128, 305.88209408097697, 2259099, 18.274102828180922, 123342, 0, 0.0, 1, 
2019-12-08 10:28:48.744,633105072, 305.88209408097697, 2260032, 18.274102828180922, 123387, 0, 0.0, 1, 
2019-12-08 10:28:49.773,651979440, 305.88209408097697, 2261036, 18.274102828180922, 123441, 0, 0.0, 1, 
2019-12-08 10:28:50.799,671902384, 305.88209408097697, 2262027, 18.274102828180922, 123498, 0, 0.0, 1, 
2019-12-08 10:28:51.845,688679600, 354.00879259382435, 2262858, 20.426978698184364, 123547, 0, 0.0, 1, 
2019-12-08 10:28:52.891,705456816, 354.00879259382435, 2263501, 20.426978698184364, 123592, 0, 0.0, 1, 
2019-12-08 10:28:53.932,720136880, 354.00879259382435, 2264177, 20.426978698184364, 123623, 0, 0.0, 1, 
2019-12-08 10:28:54.98,735865520, 354.00879259382435, 2264968, 20.426978698184364, 123658, 0, 0.0, 1, 
2019-12-08 10:28:56.005,752642736, 354.00879259382435, 2265861, 20.426978698184364, 123709, 0, 0.0, 1, 
2019-12-08 10:28:57.029,770468528, 383.27183382250587, 2266773, 21.959968839695488, 123753, 0, 0.0, 1, 
2019-12-08 10:28:58.056,787245744, 383.27183382250587, 2267677, 21.959968839695488, 123800, 0, 0.0, 1, 
2019-12-08 10:28:59.081,807168688, 383.27183382250587, 2268654, 21.959968839695488, 123853, 0, 0.0, 1, 
2019-12-08 10:29:00.103,188620952, 383.27183382250587, 2269510, 21.959968839695488, 123905, 0, 0.0, 1, 
2019-12-08 10:29:01.129,207495320, 383.27183382250587, 2270497, 21.959968839695488, 123942, 0, 0.0, 1, 
2019-12-08 10:29:02.152,226369688, 425.4666482658212, 2271507, 23.75417466685386, 123983, 0, 0.0, 1, 
2019-12-08 10:29:03.176,246292632, 425.4666482658212, 2272566, 23.75417466685386, 124032, 0, 0.0, 1, 
2019-12-08 10:29:04.204,267264152, 425.4666482658212, 2273642, 23.75417466685386, 124082, 0, 0.0, 1, 
2019-12-08 10:29:05.227,287187096, 425.4666482658212, 2274671, 23.75417466685386, 124141, 0, 0.0, 1, 
2019-12-08 10:29:06.25,308158616, 425.4666482658212, 2275742, 23.75417466685386, 124197, 0, 0.0, 1, 
2019-12-08 10:29:07.272,329130136, 473.482643938342, 2276857, 25.852674994902095, 124242, 0, 0.0, 1, 
2019-12-08 10:29:08.296,350101656, 473.482643938342, 2277985, 25.852674994902095, 124291, 0, 0.0, 1, 
2019-12-08 10:29:09.327,370024600, 473.482643938342, 2279092, 25.852674994902095, 124367, 0, 0.0, 1, 
2019-12-08 10:29:10.353,395190424, 473.482643938342, 2280379, 25.852674994902095, 124429, 0, 0.0, 1, 
2019-12-08 10:29:11.391,419307672, 473.482643938342, 2281824, 25.852674994902095, 124520, 0, 0.0, 1, 
2019-12-08 10:29:12.425,448667800, 530.6282885168341, 2283163, 28.90276669601015, 124601, 0, 0.0, 1, 
2019-12-08 10:29:13.466,473833624, 530.6282885168341, 2284572, 28.90276669601015, 124663, 0, 0.0, 1, 
2019-12-08 10:29:14.492,498999448, 530.6282885168341, 2285963, 28.90276669601015, 124720, 0, 0.0, 1, 
2019-12-08 10:29:15.521,526262424, 530.6282885168341, 2287374, 28.90276669601015, 124791, 0, 0.0, 1, 
2019-12-08 10:29:16.548,536748184, 583.5726153243736, 2287866, 31.34119083701676, 124822, 0, 0.0, 1, 
2019-12-08 10:29:17.588,548282520, 583.5726153243736, 2288365, 31.34119083701676, 124848, 0, 0.0, 1, 
2019-12-08 10:29:18.625,558768280, 583.5726153243736, 2288857, 31.34119083701676, 124875, 0, 0.0, 1, 
2019-12-08 10:29:19.655,570302616, 583.5726153243736, 2289332, 31.34119083701676, 124908, 0, 0.0, 1, 
2019-12-08 10:29:20.692,581836952, 583.5726153243736, 2289864, 31.34119083701676, 124931, 0, 0.0, 1, 
2019-12-08 10:29:21.723,593371288, 575.4193351743345, 2290358, 30.91413279706659, 124954, 0, 0.0, 1, 
2019-12-08 10:29:22.751,604905624, 575.4193351743345, 2290864, 30.91413279706659, 124979, 0, 0.0, 1, 
2019-12-08 10:29:23.78,614342808, 575.4193351743345, 2291319, 30.91413279706659, 125007, 0, 0.0, 1, 
2019-12-08 10:29:24.818,624828568, 575.4193351743345, 2291761, 30.91413279706659, 125038, 0, 0.0, 1, 
2019-12-08 10:29:25.859,635314328, 575.4193351743345, 2292249, 30.91413279706659, 125064, 0, 0.0, 1, 
2019-12-08 10:29:26.886,645800088, 566.3028524868952, 2292727, 30.553202666836157, 125090, 0, 0.0, 1, 
2019-12-08 10:29:27.923,657334424, 566.3028524868952, 2293188, 30.553202666836157, 125108, 0, 0.0, 1, 
2019-12-08 10:29:28.962,667820184, 566.3028524868952, 2293659, 30.553202666836157, 125138, 0, 0.0, 1, 
2019-12-08 10:29:30.005,678305944, 566.3028524868952, 2294133, 30.553202666836157, 125161, 0, 0.0, 1, 
2019-12-08 10:29:31.032,689840280, 566.3028524868952, 2294593, 30.553202666836157, 125183, 0, 0.0, 1, 
2019-12-08 10:29:32.071,699277464, 557.2916299433604, 2295082, 29.933290809111778, 125206, 0, 0.0, 1, 
2019-12-08 10:29:33.109,709763224, 557.2916299433604, 2295557, 29.933290809111778, 125237, 0, 0.0, 1, 
2019-12-08 10:29:34.138,722346136, 557.2916299433604, 2296039, 29.933290809111778, 125265, 0, 0.0, 1, 
2019-12-08 10:29:35.171,732831896, 557.2916299433604, 2296530, 29.933290809111778, 125295, 0, 0.0, 1, 
2019-12-08 10:29:36.199,743317656, 557.2916299433604, 2297004, 29.933290809111778, 125318, 0, 0.0, 1, 
2019-12-08 10:29:37.226,752754840, 549.8164519439803, 2297468, 29.63479335711028, 125345, 0, 0.0, 1, 
2019-12-08 10:29:38.256,765337752, 549.8164519439803, 2297960, 29.63479335711028, 125368, 0, 0.0, 1, 
2019-12-08 10:29:39.285,775823512, 549.8164519439803, 2298454, 29.63479335711028, 125393, 0, 0.0, 1, 
2019-12-08 10:29:40.313,786309272, 549.8164519439803, 2298940, 29.63479335711028, 125422, 0, 0.0, 1, 
2019-12-08 10:29:41.351,796795032, 549.8164519439803, 2299413, 29.63479335711028, 125447, 0, 0.0, 1, 
2019-12-08 10:29:42.382,807280792, 543.2108051675509, 2299884, 29.248224624096267, 125475, 0, 0.0, 1, 
2019-12-08 10:29:43.408,174999992, 543.2108051675509, 2300316, 29.248224624096267, 125493, 0, 0.0, 1, 
2019-12-08 10:29:44.435,184437176, 543.2108051675509, 2300794, 29.248224624096267, 125516, 0, 0.0, 1, 
2019-12-08 10:29:45.475,194922936, 543.2108051675509, 2301261, 29.248224624096267, 125539, 0, 0.0, 1, 
2019-12-08 10:29:46.502,206457272, 535.7580806775072, 2301723, 28.812608635045716, 125569, 0, 0.0, 1, 
2019-12-08 10:29:47.537,215894456, 535.7580806775072, 2302193, 28.812608635045716, 125588, 0, 0.0, 1, 
2019-12-08 10:29:48.571,228477368, 535.7580806775072, 2302668, 28.812608635045716, 125610, 0, 0.0, 1, 
2019-12-08 10:29:49.601,238963128, 535.7580806775072, 2303160, 28.812608635045716, 125629, 0, 0.0, 1, 
2019-12-08 10:29:50.634,250497464, 535.7580806775072, 2303650, 28.812608635045716, 125666, 0, 0.0, 1, 
2019-12-08 10:29:51.662,259934648, 529.8767012781937, 2304111, 28.555742631063744, 125701, 0, 0.0, 1, 
2019-12-08 10:29:52.702,271468984, 529.8767012781937, 2304619, 28.555742631063744, 125735, 0, 0.0, 1, 
2019-12-08 10:29:53.729,281954744, 529.8767012781937, 2305104, 28.555742631063744, 125763, 0, 0.0, 1, 
2019-12-08 10:29:54.757,293489080, 529.8767012781937, 2305621, 28.555742631063744, 125784, 0, 0.0, 1, 
2019-12-08 10:29:55.787,305023416, 529.8767012781937, 2306121, 28.555742631063744, 125821, 0, 0.0, 1, 
2019-12-08 10:29:56.817,316557752, 526.1126560701751, 2306587, 28.57527237197814, 125853, 0, 0.0, 1, 
2019-12-08 10:29:57.862,325994936, 526.1126560701751, 2307046, 28.57527237197814, 125873, 0, 0.0, 1, 
2019-12-08 10:29:58.898,337529272, 526.1126560701751, 2307540, 28.57527237197814, 125893, 0, 0.0, 1, 
2019-12-08 10:29:59.93,348015032, 526.1126560701751, 2307981, 28.57527237197814, 125916, 0, 0.0, 1, 
2019-12-08 10:30:00.96,359549368, 526.1126560701751, 2308503, 28.57527237197814, 125936, 0, 0.0, 1, 
2019-12-08 10:30:01.987,367937976, 520.8425710707482, 2308967, 28.033551503430857, 125956, 0, 0.0, 1, 
2019-12-08 10:30:03.016,380520888, 520.8425710707482, 2309444, 28.033551503430857, 125983, 0, 0.0, 1, 
2019-12-08 10:30:04.042,389958072, 520.8425710707482, 2309904, 28.033551503430857, 126009, 0, 0.0, 1, 
2019-12-08 10:30:05.069,400443832, 520.8425710707482, 2310371, 28.033551503430857, 126035, 0, 0.0, 1, 
2019-12-08 10:30:06.097,411978168, 520.8425710707482, 2310833, 28.033551503430857, 126057, 0, 0.0, 1, 
2019-12-08 10:30:07.126,422463928, 515.78597428044, 2311349, 27.647082063554727, 126084, 0, 0.0, 1, 
2019-12-08 10:30:08.152,432949688, 515.78597428044, 2311817, 27.647082063554727, 126111, 0, 0.0, 1, 
2019-12-08 10:30:09.186,446581176, 515.78597428044, 2312308, 27.647082063554727, 126138, 0, 0.0, 1, 
2019-12-08 10:30:10.217,457066936, 515.78597428044, 2312777, 27.647082063554727, 126162, 0, 0.0, 1, 
2019-12-08 10:30:11.242,469649848, 515.78597428044, 2313267, 27.647082063554727, 126188, 0, 0.0, 1, 
2019-12-08 10:30:12.28,492718520, 512.3490055441185, 2313791, 27.467415301787263, 126212, 0, 0.0, 1, 
2019-12-08 10:30:13.31,504252856, 512.3490055441185, 2314301, 27.467415301787263, 126239, 0, 0.0, 1, 
2019-12-08 10:30:14.342,514738616, 512.3490055441185, 2314796, 27.467415301787263, 126263, 0, 0.0, 1, 
2019-12-08 10:30:15.375,526272952, 512.3490055441185, 2315243, 27.467415301787263, 126294, 0, 0.0, 1, 
2019-12-08 10:30:16.402,536758712, 512.3490055441185, 2315711, 27.467415301787263, 126326, 0, 0.0, 1, 
2019-12-08 10:30:17.429,547244472, 508.96296601597254, 2316189, 27.430042837721647, 126354, 0, 0.0, 1, 
2019-12-08 10:30:18.463,558778808, 508.96296601597254, 2316696, 27.430042837721647, 126376, 0, 0.0, 1, 
2019-12-08 10:30:19.49,570313144, 508.96296601597254, 2317178, 27.430042837721647, 126402, 0, 0.0, 1, 
2019-12-08 10:30:20.517,580798904, 508.96296601597254, 2317667, 27.430042837721647, 126428, 0, 0.0, 1, 
2019-12-08 10:30:21.545,592333240, 506.42333947505654, 2318168, 27.10781840356271, 126445, 0, 0.0, 1, 
2019-12-08 10:30:22.574,603867576, 506.42333947505654, 2318671, 27.10781840356271, 126476, 0, 0.0, 1, 
2019-12-08 10:30:23.608,614353336, 506.42333947505654, 2319130, 27.10781840356271, 126503, 0, 0.0, 1, 
2019-12-08 10:30:24.635,624839096, 506.42333947505654, 2319605, 27.10781840356271, 126521, 0, 0.0, 1, 
2019-12-08 10:30:25.659,635324856, 506.42333947505654, 2320117, 27.10781840356271, 126549, 0, 0.0, 1, 
2019-12-08 10:30:26.686,646859192, 503.9428502071751, 2320608, 27.03523325169558, 126579, 0, 0.0, 1, 
2019-12-08 10:30:27.713,657344952, 503.9428502071751, 2321101, 27.03523325169558, 126606, 0, 0.0, 1, 
2019-12-08 10:30:28.745,670976440, 503.9428502071751, 2321608, 27.03523325169558, 126636, 0, 0.0, 1, 
2019-12-08 10:30:29.77,682510776, 503.9428502071751, 2322104, 27.03523325169558, 126664, 0, 0.0, 1, 
2019-12-08 10:30:30.803,691947960, 503.9428502071751, 2322537, 27.03523325169558, 126689, 0, 0.0, 1, 
2019-12-08 10:30:31.843,703482296, 500.94108964237677, 2323006, 27.000433922283477, 126716, 0, 0.0, 1, 
2019-12-08 10:30:32.89,712919480, 500.94108964237677, 2323502, 27.000433922283477, 126742, 0, 0.0, 1, 
2019-12-08 10:30:33.923,723405240, 500.94108964237677, 2323934, 27.000433922283477, 126772, 0, 0.0, 1, 
2019-12-08 10:30:34.993,734939576, 500.94108964237677, 2324433, 27.000433922283477, 126803, 0, 0.0, 1, 
2019-12-08 10:30:36.019,744376760, 500.94108964237677, 2324929, 27.000433922283477, 126822, 0, 0.0, 1, 
2019-12-08 10:30:37.05,755911096, 497.763567556752, 2325418, 26.760532471661264, 126837, 0, 0.0, 1, 
2019-12-08 10:30:38.104,767445432, 497.763567556752, 2325914, 26.760532471661264, 126860, 0, 0.0, 1, 
2019-12-08 10:30:39.133,777931192, 497.763567556752, 2326365, 26.760532471661264, 126884, 0, 0.0, 1, 
2019-12-08 10:30:40.158,788416952, 497.763567556752, 2326863, 26.760532471661264, 126906, 0, 0.0, 1, 
2019-12-08 10:30:41.188,798902712, 497.763567556752, 2327350, 26.760532471661264, 126931, 0, 0.0, 1, 
2019-12-08 10:30:42.219,809388472, 495.3678129729581, 2327838, 26.379901311213473, 126955, 0, 0.0, 1, 
2019-12-08 10:30:43.246,177315288, 495.3678129729581, 2328319, 26.379901311213473, 126991, 0, 0.0, 1, 
2019-12-08 10:30:44.299,188849624, 495.3678129729581, 2328793, 26.379901311213473, 127018, 0, 0.0, 1, 
2019-12-08 10:30:45.326,200383960, 495.3678129729581, 2329278, 26.379901311213473, 127043, 0, 0.0, 1, 
2019-12-08 10:30:46.352,210869720, 495.3678129729581, 2329753, 26.379901311213473, 127062, 0, 0.0, 1, 
2019-12-08 10:30:47.38,221355480, 492.98771006150037, 2330252, 26.269570494121638, 127091, 0, 0.0, 1, 
2019-12-08 10:30:48.408,232889816, 492.98771006150037, 2330745, 26.269570494121638, 127118, 0, 0.0, 1, 
2019-12-08 10:30:49.433,243375576, 492.98771006150037, 2331231, 26.269570494121638, 127141, 0, 0.0, 1, 
2019-12-08 10:30:50.46,255958488, 492.98771006150037, 2331710, 26.269570494121638, 127174, 0, 0.0, 1, 
2019-12-08 10:30:51.489,266444248, 491.5974655252775, 2332199, 26.232025710391344, 127194, 0, 0.0, 1, 
2019-12-08 10:30:52.515,276930008, 491.5974655252775, 2332679, 26.232025710391344, 127217, 0, 0.0, 1, 
2019-12-08 10:30:53.542,287415768, 491.5974655252775, 2333158, 26.232025710391344, 127238, 0, 0.0, 1, 
2019-12-08 10:30:54.569,296852952, 491.5974655252775, 2333626, 26.232025710391344, 127260, 0, 0.0, 1, 
2019-12-08 10:30:55.596,308387288, 491.5974655252775, 2334083, 26.232025710391344, 127285, 0, 0.0, 1, 
2019-12-08 10:30:56.624,319921624, 489.21499172664136, 2334576, 25.92563385156152, 127306, 0, 0.0, 1, 
2019-12-08 10:30:57.652,329358808, 489.21499172664136, 2335039, 25.92563385156152, 127334, 0, 0.0, 1, 
2019-12-08 10:30:58.679,340893144, 489.21499172664136, 2335526, 25.92563385156152, 127352, 0, 0.0, 1, 
2019-12-08 10:30:59.706,351378904, 489.21499172664136, 2336019, 25.92563385156152, 127380, 0, 0.0, 1, 
2019-12-08 10:31:00.736,361864664, 489.21499172664136, 2336493, 25.92563385156152, 127403, 0, 0.0, 1, 
2019-12-08 10:31:01.775,372350424, 487.2628767713175, 2336948, 25.755677552676197, 127432, 0, 0.0, 1, 
2019-12-08 10:31:02.802,382836184, 487.2628767713175, 2337424, 25.755677552676197, 127451, 0, 0.0, 1, 
2019-12-08 10:31:03.832,393321944, 487.2628767713175, 2337921, 25.755677552676197, 127470, 0, 0.0, 1, 
2019-12-08 10:31:04.862,404856280, 487.2628767713175, 2338405, 25.755677552676197, 127487, 0, 0.0, 1, 
2019-12-08 10:31:05.891,414293464, 487.2628767713175, 2338904, 25.755677552676197, 127515, 0, 0.0, 1, 
2019-12-08 10:31:06.917,425827800, 485.770675534366, 2339369, 25.503363506710865, 127548, 0, 0.0, 1, 
2019-12-08 10:31:07.944,437362136, 485.770675534366, 2339873, 25.503363506710865, 127577, 0, 0.0, 1, 
2019-12-08 10:31:08.97,447847896, 485.770675534366, 2340352, 25.503363506710865, 127603, 0, 0.0, 1, 
2019-12-08 10:31:09.996,458333656, 485.770675534366, 2340819, 25.503363506710865, 127624, 0, 0.0, 1, 
2019-12-08 10:31:11.02,469867992, 485.770675534366, 2341260, 25.503363506710865, 127643, 0, 0.0, 1, 
2019-12-08 10:31:12.053,481402328, 483.87007725735936, 2341737, 25.33518784628448, 127667, 0, 0.0, 1, 
2019-12-08 10:31:13.09,491888088, 483.87007725735936, 2342223, 25.33518784628448, 127697, 0, 0.0, 1, 
2019-12-08 10:31:14.117,502373848, 483.87007725735936, 2342696, 25.33518784628448, 127727, 0, 0.0, 1, 
2019-12-08 10:31:15.145,513908184, 483.87007725735936, 2343198, 25.33518784628448, 127751, 0, 0.0, 1, 
2019-12-08 10:31:16.174,524393944, 483.87007725735936, 2343676, 25.33518784628448, 127787, 0, 0.0, 1, 
2019-12-08 10:31:17.202,533831128, 482.4412647696279, 2344139, 25.532263344863562, 127800, 0, 0.0, 1, 
2019-12-08 10:31:18.23,545365464, 482.4412647696279, 2344621, 25.532263344863562, 127826, 0, 0.0, 1, 
2019-12-08 10:31:19.256,555851224, 482.4412647696279, 2345102, 25.532263344863562, 127853, 0, 0.0, 1, 
2019-12-08 10:31:20.281,566336984, 482.4412647696279, 2345574, 25.532263344863562, 127890, 0, 0.0, 1, 
2019-12-08 10:31:21.31,576822744, 482.4412647696279, 2346026, 25.532263344863562, 127918, 0, 0.0, 1, 
2019-12-08 10:31:22.336,587308504, 480.51903137192085, 2346520, 25.553670385850186, 127944, 0, 0.0, 1, 
2019-12-08 10:31:23.363,599891416, 480.51903137192085, 2347008, 25.553670385850186, 127966, 0, 0.0, 1, 
2019-12-08 10:31:24.389,611425752, 480.51903137192085, 2347503, 25.553670385850186, 128001, 0, 0.0, 1, 
2019-12-08 10:31:25.414,620862936, 480.51903137192085, 2347942, 25.553670385850186, 128027, 0, 0.0, 1, 
2019-12-08 10:31:26.439,631348696, 479.77392276349127, 2348438, 25.685303633862613, 128057, 0, 0.0, 1, 
2019-12-08 10:31:27.47,642883032, 479.77392276349127, 2348942, 25.685303633862613, 128087, 0, 0.0, 1, 
2019-12-08 10:31:28.498,654417368, 479.77392276349127, 2349424, 25.685303633862613, 128129, 0, 0.0, 1, 
2019-12-08 10:31:29.525,664903128, 479.77392276349127, 2349931, 25.685303633862613, 128158, 0, 0.0, 1, 
2019-12-08 10:31:30.551,676437464, 479.77392276349127, 2350401, 25.685303633862613, 128187, 0, 0.0, 1, 
2019-12-08 10:31:31.576,689020368, 479.5041587939409, 2350890, 26.03028770751386, 128212, 0, 0.0, 1, 
2019-12-08 10:31:32.602,700554704, 479.5041587939409, 2351364, 26.03028770751386, 128236, 0, 0.0, 1, 
2019-12-08 10:31:33.633,712089040, 479.5041587939409, 2351874, 26.03028770751386, 128259, 0, 0.0, 1, 
2019-12-08 10:31:34.661,722574800, 479.5041587939409, 2352372, 26.03028770751386, 128278, 0, 0.0, 1, 
2019-12-08 10:31:35.687,734109136, 479.5041587939409, 2352852, 26.03028770751386, 128300, 0, 0.0, 1, 
2019-12-08 10:31:36.712,744594896, 479.4478573653775, 2353351, 25.83597263124043, 128331, 0, 0.0, 1, 
2019-12-08 10:31:37.749,754032080, 479.4478573653775, 2353811, 25.83597263124043, 128351, 0, 0.0, 1, 
2019-12-08 10:31:38.778,765566416, 479.4478573653775, 2354288, 25.83597263124043, 128380, 0, 0.0, 1, 
2019-12-08 10:31:39.803,777100752, 479.4478573653775, 2354770, 25.83597263124043, 128407, 0, 0.0, 1, 
2019-12-08 10:31:40.829,786537936, 479.4478573653775, 2355253, 25.83597263124043, 128435, 0, 0.0, 1, 
2019-12-08 10:31:41.855,797023696, 478.5485283455629, 2355738, 25.81710530137814, 128465, 0, 0.0, 1, 
2019-12-08 10:31:42.886,808558032, 478.5485283455629, 2356273, 25.81710530137814, 128482, 0, 0.0, 1, 
2019-12-08 10:31:43.913,177357880, 478.5485283455629, 2356740, 25.81710530137814, 128507, 0, 0.0, 1, 
2019-12-08 10:31:44.939,187843640, 478.5485283455629, 2357199, 25.81710530137814, 128540, 0, 0.0, 1, 
2019-12-08 10:31:45.964,198329400, 478.5485283455629, 2357650, 25.81710530137814, 128566, 0, 0.0, 1, 
2019-12-08 10:31:46.992,209863736, 477.76907905519073, 2358161, 25.735782051622838, 128588, 0, 0.0, 1, 
2019-12-08 10:31:48.018,220349496, 477.76907905519073, 2358643, 25.735782051622838, 128606, 0, 0.0, 1, 
2019-12-08 10:31:49.043,231883832, 477.76907905519073, 2359164, 25.735782051622838, 128629, 0, 0.0, 1, 
2019-12-08 10:31:50.077,241321016, 477.76907905519073, 2359650, 25.735782051622838, 128648, 0, 0.0, 1, 
2019-12-08 10:31:51.103,252855352, 477.76907905519073, 2360121, 25.735782051622838, 128666, 0, 0.0, 1, 
2019-12-08 10:31:52.131,263341112, 477.6915957720625, 2360592, 25.197218654756036, 128684, 0, 0.0, 1, 
2019-12-08 10:31:53.157,275924024, 477.6915957720625, 2361067, 25.197218654756036, 128718, 0, 0.0, 1, 
2019-12-08 10:31:54.19,285361208, 477.6915957720625, 2361567, 25.197218654756036, 128739, 0, 0.0, 1, 
2019-12-08 10:31:55.217,297944120, 477.6915957720625, 2362086, 25.197218654756036, 128765, 0, 0.0, 1, 
2019-12-08 10:31:56.244,308429880, 477.6915957720625, 2362560, 25.197218654756036, 128785, 0, 0.0, 1, 
2019-12-08 10:31:57.27,317867064, 477.34845871993286, 2363026, 25.03752986810178, 128815, 0, 0.0, 1, 
2019-12-08 10:31:58.297,328352824, 477.34845871993286, 2363496, 25.03752986810178, 128848, 0, 0.0, 1, 
2019-12-08 10:31:59.322,338838584, 477.34845871993286, 2363975, 25.03752986810178, 128865, 0, 0.0, 1, 
2019-12-08 10:32:00.349,350372920, 477.34845871993286, 2364466, 25.03752986810178, 128891, 0, 0.0, 1, 
2019-12-08 10:32:01.375,360858680, 477.34845871993286, 2364937, 25.03752986810178, 128916, 0, 0.0, 1, 
2019-12-08 10:32:02.401,372393016, 476.2332015379619, 2365402, 25.1144847308995, 128943, 0, 0.0, 1, 
2019-12-08 10:32:03.427,381830200, 476.2332015379619, 2365849, 25.1144847308995, 128971, 0, 0.0, 1, 
2019-12-08 10:32:04.453,392315960, 476.2332015379619, 2366356, 25.1144847308995, 128994, 0, 0.0, 1, 
2019-12-08 10:32:05.479,403850296, 476.2332015379619, 2366864, 25.1144847308995, 129014, 0, 0.0, 1, 
2019-12-08 10:32:06.507,416433208, 476.6463159334865, 2367412, 25.12132215429856, 129044, 0, 0.0, 1, 
2019-12-08 10:32:07.534,426918968, 476.6463159334865, 2367902, 25.12132215429856, 129069, 0, 0.0, 1, 
2019-12-08 10:32:08.557,437404728, 476.6463159334865, 2368399, 25.12132215429856, 129093, 0, 0.0, 1, 
2019-12-08 10:32:09.58,448939064, 476.6463159334865, 2368875, 25.12132215429856, 129128, 0, 0.0, 1, 
2019-12-08 10:32:10.609,459424824, 476.6463159334865, 2369373, 25.12132215429856, 129151, 0, 0.0, 1, 
2019-12-08 10:32:11.635,470959160, 476.86648835495055, 2369865, 25.207568472878, 129178, 0, 0.0, 1, 
2019-12-08 10:32:12.664,482493496, 476.86648835495055, 2370355, 25.207568472878, 129205, 0, 0.0, 1, 
2019-12-08 10:32:13.695,492979256, 476.86648835495055, 2370891, 25.207568472878, 129225, 0, 0.0, 1, 
2019-12-08 10:32:14.723,505562168, 476.86648835495055, 2371372, 25.207568472878, 129244, 0, 0.0, 1, 
2019-12-08 10:32:15.752,517096504, 476.86648835495055, 2371857, 25.207568472878, 129269, 0, 0.0, 1, 
2019-12-08 10:32:16.784,527582264, 477.1490123469446, 2372318, 24.999078809234916, 129292, 0, 0.0, 1, 
2019-12-08 10:32:17.811,538068024, 477.1490123469446, 2372790, 24.999078809234916, 129317, 0, 0.0, 1, 
2019-12-08 10:32:18.837,549602360, 477.1490123469446, 2373295, 24.999078809234916, 129343, 0, 0.0, 1, 
2019-12-08 10:32:19.864,561136696, 477.1490123469446, 2373798, 24.999078809234916, 129368, 0, 0.0, 1, 
2019-12-08 10:32:20.895,572671032, 477.1490123469446, 2374295, 24.999078809234916, 129405, 0, 0.0, 1, 
2019-12-08 10:32:21.924,583156792, 476.9931779238499, 2374769, 25.095099166026586, 129431, 0, 0.0, 1, 
2019-12-08 10:32:22.948,593642552, 476.9931779238499, 2375257, 25.095099166026586, 129458, 0, 0.0, 1, 
2019-12-08 10:32:23.981,605176888, 476.9931779238499, 2375756, 25.095099166026586, 129481, 0, 0.0, 1, 
2019-12-08 10:32:25.007,616711224, 476.9931779238499, 2376249, 25.095099166026586, 129502, 0, 0.0, 1, 
2019-12-08 10:32:26.032,627196984, 476.9931779238499, 2376693, 25.095099166026586, 129534, 0, 0.0, 1, 
2019-12-08 10:32:27.062,636634168, 475.8423629576042, 2377161, 25.11947769068694, 129562, 0, 0.0, 1, 
2019-12-08 10:32:28.088,647119928, 475.8423629576042, 2377636, 25.11947769068694, 129592, 0, 0.0, 1, 
2019-12-08 10:32:29.113,658654264, 475.8423629576042, 2378126, 25.11947769068694, 129621, 0, 0.0, 1, 
2019-12-08 10:32:30.141,670188600, 475.8423629576042, 2378616, 25.11947769068694, 129652, 0, 0.0, 1, 
2019-12-08 10:32:31.167,680674360, 475.8423629576042, 2379120, 25.11947769068694, 129681, 0, 0.0, 1, 
2019-12-08 10:32:32.197,692208696, 475.7910024513085, 2379594, 25.381773772249627, 129702, 0, 0.0, 1, 
2019-12-08 10:32:33.226,702694456, 475.7910024513085, 2380104, 25.381773772249627, 129726, 0, 0.0, 1, 
2019-12-08 10:32:34.256,713180216, 475.7910024513085, 2380582, 25.381773772249627, 129754, 0, 0.0, 1, 
2019-12-08 10:32:35.282,723665976, 475.7910024513085, 2381048, 25.381773772249627, 129779, 0, 0.0, 1, 
2019-12-08 10:32:36.309,737297464, 475.7910024513085, 2381517, 25.381773772249627, 129805, 0, 0.0, 1, 
2019-12-08 10:32:37.333,747783224, 475.0881127043191, 2381992, 25.2872843585137, 129828, 0, 0.0, 1, 
2019-12-08 10:32:38.358,759317560, 475.0881127043191, 2382500, 25.2872843585137, 129851, 0, 0.0, 1, 
2019-12-08 10:32:39.382,769803320, 475.0881127043191, 2382958, 25.2872843585137, 129879, 0, 0.0, 1, 
2019-12-08 10:32:40.41,779240504, 475.0881127043191, 2383447, 25.2872843585137, 129901, 0, 0.0, 1, 
2019-12-08 10:32:41.436,791823416, 475.01710313317017, 2383937, 25.056429847497135, 129922, 0, 0.0, 1, 
2019-12-08 10:32:42.468,802309176, 475.01710313317017, 2384412, 25.056429847497135, 129951, 0, 0.0, 1, 
2019-12-08 10:32:43.502,811746360, 475.01710313317017, 2384870, 25.056429847497135, 129974, 0, 0.0, 1, 
2019-12-08 10:32:44.529,182730432, 475.01710313317017, 2385347, 25.056429847497135, 130000, 0, 0.0, 1, 
2019-12-08 10:32:45.557,194264768, 475.01710313317017, 2385850, 25.056429847497135, 130019, 0, 0.0, 1, 
2019-12-08 10:32:46.584,206847680, 474.42406431040285, 2386354, 24.907997912340903, 130039, 0, 0.0, 1, 
2019-12-08 10:32:47.611,217333440, 474.42406431040285, 2386869, 24.907997912340903, 130066, 0, 0.0, 1, 
2019-12-08 10:32:48.669,227819200, 474.42406431040285, 2387372, 24.907997912340903, 130099, 0, 0.0, 1, 
2019-12-08 10:32:49.695,239353536, 474.42406431040285, 2387865, 24.907997912340903, 130124, 0, 0.0, 1, 
2019-12-08 10:32:50.722,249839296, 474.42406431040285, 2388333, 24.907997912340903, 130151, 0, 0.0, 1, 
2019-12-08 10:32:51.752,262422208, 474.9498470978245, 2388846, 25.12323851507877, 130183, 0, 0.0, 1, 
2019-12-08 10:32:52.778,271859392, 474.9498470978245, 2389318, 25.12323851507877, 130204, 0, 0.0, 1, 
2019-12-08 10:32:53.81,283393728, 474.9498470978245, 2389796, 25.12323851507877, 130230, 0, 0.0, 1, 
2019-12-08 10:32:54.841,293879488, 474.9498470978245, 2390301, 25.12323851507877, 130259, 0, 0.0, 1, 
2019-12-08 10:32:55.872,305413824, 474.9498470978245, 2390781, 25.12323851507877, 130280, 0, 0.0, 1, 
2019-12-08 10:32:56.902,317996736, 475.0018304536984, 2391298, 25.001447087946488, 130297, 0, 0.0, 1, 
2019-12-08 10:32:57.927,327433920, 475.0018304536984, 2391803, 25.001447087946488, 130310, 0, 0.0, 1, 
2019-12-08 10:32:58.961,337919680, 475.0018304536984, 2392273, 25.001447087946488, 130337, 0, 0.0, 1, 
2019-12-08 10:32:59.997,349454016, 475.0018304536984, 2392730, 25.001447087946488, 130360, 0, 0.0, 1, 
2019-12-08 10:33:01.024,360988352, 475.0018304536984, 2393201, 25.001447087946488, 130387, 0, 0.0, 1, 
2019-12-08 10:33:02.051,372522688, 474.5699239376998, 2393720, 24.63353569247753, 130414, 0, 0.0, 1, 
2019-12-08 10:33:03.08,381959872, 474.5699239376998, 2394201, 24.63353569247753, 130446, 0, 0.0, 1, 
2019-12-08 10:33:04.115,393494208, 474.5699239376998, 2394661, 24.63353569247753, 130474, 0, 0.0, 1, 
2019-12-08 10:33:05.14,403979968, 474.5699239376998, 2395141, 24.63353569247753, 130499, 0, 0.0, 1, 
2019-12-08 10:33:06.166,415514304, 474.5699239376998, 2395644, 24.63353569247753, 130531, 0, 0.0, 1, 
2019-12-08 10:33:07.193,426000064, 474.42840863319947, 2396147, 24.96666778511152, 130555, 0, 0.0, 1, 
2019-12-08 10:33:08.22,437534400, 474.42840863319947, 2396645, 24.96666778511152, 130582, 0, 0.0, 1, 
2019-12-08 10:33:09.246,448020160, 474.42840863319947, 2397126, 24.96666778511152, 130608, 0, 0.0, 1, 
2019-12-08 10:33:10.272,459554496, 474.42840863319947, 2397618, 24.96666778511152, 130630, 0, 0.0, 1, 
2019-12-08 10:33:11.298,470040256, 474.42840863319947, 2398104, 24.96666778511152, 130661, 0, 0.0, 1, 
2019-12-08 10:33:12.327,479477440, 474.8578973653041, 2398593, 24.985323998938767, 130687, 0, 0.0, 1, 
2019-12-08 10:33:13.36,492060352, 474.8578973653041, 2399075, 24.985323998938767, 130721, 0, 0.0, 1, 
2019-12-08 10:33:14.386,501497536, 474.8578973653041, 2399534, 24.985323998938767, 130739, 0, 0.0, 1, 
2019-12-08 10:33:15.41,513031872, 474.8578973653041, 2400010, 24.985323998938767, 130761, 0, 0.0, 1, 
2019-12-08 10:33:16.44,523517632, 473.92578335726995, 2400496, 24.90654184182384, 130785, 0, 0.0, 1, 
2019-12-08 10:33:17.466,536100544, 473.92578335726995, 2400958, 24.90654184182384, 130807, 0, 0.0, 1, 
2019-12-08 10:33:18.492,547634880, 473.92578335726995, 2401457, 24.90654184182384, 130828, 0, 0.0, 1, 
2019-12-08 10:33:19.517,559169216, 473.92578335726995, 2401963, 24.90654184182384, 130852, 0, 0.0, 1, 
2019-12-08 10:33:20.54,569654976, 473.92578335726995, 2402453, 24.90654184182384, 130872, 0, 0.0, 1, 
2019-12-08 10:33:21.566,580140736, 474.73127324609044, 2402967, 24.834058758197802, 130905, 0, 0.0, 1, 
2019-12-08 10:33:22.591,593772224, 474.73127324609044, 2403484, 24.834058758197802, 130927, 0, 0.0, 1, 
2019-12-08 10:33:23.617,603209408, 474.73127324609044, 2403977, 24.834058758197802, 130957, 0, 0.0, 1, 
2019-12-08 10:33:24.643,615792320, 474.73127324609044, 2404484, 24.834058758197802, 130981, 0, 0.0, 1, 
2019-12-08 10:33:25.667,625229504, 474.73127324609044, 2404957, 24.834058758197802, 131008, 0, 0.0, 1, 
2019-12-08 10:33:26.69,636763840, 474.9926262071161, 2405408, 24.815344453174962, 131033, 0, 0.0, 1, 
2019-12-08 10:33:27.719,647249600, 474.9926262071161, 2405883, 24.815344453174962, 131065, 0, 0.0, 1, 
2019-12-08 10:33:28.743,657735360, 474.9926262071161, 2406373, 24.815344453174962, 131091, 0, 0.0, 1, 
2019-12-08 10:33:29.77,669269696, 474.9926262071161, 2406844, 24.815344453174962, 131116, 0, 0.0, 1, 
2019-12-08 10:33:30.795,679755456, 474.9926262071161, 2407349, 24.815344453174962, 131149, 0, 0.0, 1, 
2019-12-08 10:33:31.822,691289792, 474.80132237815286, 2407858, 24.958037632106382, 131170, 0, 0.0, 1, 
2019-12-08 10:33:32.847,702824128, 474.80132237815286, 2408334, 24.958037632106382, 131195, 0, 0.0, 1, 
2019-12-08 10:33:33.874,712261312, 474.80132237815286, 2408799, 24.958037632106382, 131218, 0, 0.0, 1, 
2019-12-08 10:33:34.9,723795648, 474.80132237815286, 2409288, 24.958037632106382, 131244, 0, 0.0, 1, 
2019-12-08 10:33:35.95,733232832, 474.80132237815286, 2409768, 24.958037632106382, 131268, 0, 0.0, 1, 
2019-12-08 10:33:36.976,743718592, 473.76179403681476, 2410220, 24.993374991943128, 131302, 0, 0.0, 1, 
2019-12-08 10:33:38.003,755252928, 473.76179403681476, 2410716, 24.993374991943128, 131321, 0, 0.0, 1, 
2019-12-08 10:33:39.031,768884416, 473.76179403681476, 2411219, 24.993374991943128, 131352, 0, 0.0, 1, 
2019-12-08 10:33:40.059,778321600, 473.76179403681476, 2411686, 24.993374991943128, 131366, 0, 0.0, 1, 
2019-12-08 10:33:41.086,789855936, 473.76179403681476, 2412176, 24.993374991943128, 131393, 0, 0.0, 1, 
2019-12-08 10:33:42.112,801390272, 474.1166533925969, 2412666, 24.833993527599045, 131417, 0, 0.0, 1, 
2019-12-08 10:33:43.138,810827456, 474.1166533925969, 2413127, 24.833993527599045, 131441, 0, 0.0, 1, 
2019-12-08 10:33:44.164,179570872, 474.1166533925969, 2413608, 24.833993527599045, 131476, 0, 0.0, 1, 
2019-12-08 10:33:45.191,191105208, 474.1166533925969, 2414093, 24.833993527599045, 131500, 0, 0.0, 1, 
2019-12-08 10:33:46.215,201590968, 474.1166533925969, 2414568, 24.833993527599045, 131533, 0, 0.0, 1, 
2019-12-08 10:33:47.243,212076728, 473.0838948095617, 2415046, 24.959204491794132, 131556, 0, 0.0, 1, 
2019-12-08 10:33:48.269,222562488, 473.0838948095617, 2415521, 24.959204491794132, 131580, 0, 0.0, 1, 
2019-12-08 10:33:49.307,235145400, 473.0838948095617, 2416009, 24.959204491794132, 131605, 0, 0.0, 1, 
2019-12-08 10:33:50.338,244582584, 473.0838948095617, 2416525, 24.959204491794132, 131633, 0, 0.0, 1, 
2019-12-08 10:33:51.366,255068344, 473.0838948095617, 2416986, 24.959204491794132, 131663, 0, 0.0, 1, 
2019-12-08 10:33:52.392,266602680, 472.8373201948416, 2417464, 25.02643078882977, 131693, 0, 0.0, 1, 
2019-12-08 10:33:53.416,278137016, 472.8373201948416, 2417937, 25.02643078882977, 131717, 0, 0.0, 1, 
2019-12-08 10:33:54.443,288622776, 472.8373201948416, 2418415, 25.02643078882977, 131742, 0, 0.0, 1, 
2019-12-08 10:33:55.476,299108536, 472.8373201948416, 2418900, 25.02643078882977, 131769, 0, 0.0, 1, 
2019-12-08 10:33:56.507,310642872, 472.5145138953342, 2419394, 25.088281967933618, 131797, 0, 0.0, 1, 
2019-12-08 10:33:57.534,320080056, 472.5145138953342, 2419876, 25.088281967933618, 131814, 0, 0.0, 1, 
2019-12-08 10:33:58.561,329517240, 472.5145138953342, 2420347, 25.088281967933618, 131835, 0, 0.0, 1, 
2019-12-08 10:33:59.592,343148728, 472.5145138953342, 2420832, 25.088281967933618, 131862, 0, 0.0, 1, 
2019-12-08 10:34:00.618,353634488, 472.5145138953342, 2421347, 25.088281967933618, 131881, 0, 0.0, 1, 
2019-12-08 10:34:01.643,365168824, 472.5853134551703, 2421829, 24.761400990027106, 131899, 0, 0.0, 1, 
2019-12-08 10:34:02.668,376703160, 472.5853134551703, 2422307, 24.761400990027106, 131920, 0, 0.0, 1, 
2019-12-08 10:34:03.697,387188920, 472.5853134551703, 2422785, 24.761400990027106, 131940, 0, 0.0, 1, 
2019-12-08 10:34:04.726,397674680, 472.5853134551703, 2423261, 24.761400990027106, 131972, 0, 0.0, 1, 
2019-12-08 10:34:05.754,409209016, 472.5853134551703, 2423764, 24.761400990027106, 131997, 0, 0.0, 1, 
2019-12-08 10:34:06.781,418646200, 472.69842554597824, 2424265, 24.556602674500457, 132013, 0, 0.0, 1, 
2019-12-08 10:34:07.806,429131960, 472.69842554597824, 2424718, 24.556602674500457, 132035, 0, 0.0, 1, 
2019-12-08 10:34:08.833,439617720, 472.69842554597824, 2425172, 24.556602674500457, 132058, 0, 0.0, 1, 
2019-12-08 10:34:09.86,451152056, 472.69842554597824, 2425665, 24.556602674500457, 132089, 0, 0.0, 1, 
2019-12-08 10:34:10.885,461637816, 472.69842554597824, 2426154, 24.556602674500457, 132115, 0, 0.0, 1, 
2019-12-08 10:34:11.919,473172152, 472.17884012746174, 2426681, 24.560072533064297, 132146, 0, 0.0, 1, 
2019-12-08 10:34:12.947,484706488, 472.17884012746174, 2427154, 24.560072533064297, 132182, 0, 0.0, 1, 
2019-12-08 10:34:13.974,494143672, 472.17884012746174, 2427618, 24.560072533064297, 132214, 0, 0.0, 1, 
2019-12-08 10:34:14.999,505678008, 472.17884012746174, 2428100, 24.560072533064297, 132245, 0, 0.0, 1, 
2019-12-08 10:34:16.025,515115192, 472.17884012746174, 2428555, 24.560072533064297, 132278, 0, 0.0, 1, 
2019-12-08 10:34:17.051,526649528, 471.4289494749725, 2429056, 25.058989586353704, 132299, 0, 0.0, 1, 
2019-12-08 10:34:18.076,538183864, 471.4289494749725, 2429554, 25.058989586353704, 132317, 0, 0.0, 1, 
2019-12-08 10:34:19.099,549718200, 471.4289494749725, 2430042, 25.058989586353704, 132333, 0, 0.0, 1, 
2019-12-08 10:34:20.124,559155384, 471.4289494749725, 2430512, 25.058989586353704, 132359, 0, 0.0, 1, 
2019-12-08 10:34:21.148,581175480, 471.4289494749725, 2430985, 25.058989586353704, 132392, 0, 0.0, 1, 
2019-12-08 10:34:22.177,594806968, 471.6025370905704, 2431489, 24.87837075163053, 132421, 0, 0.0, 1, 
2019-12-08 10:34:23.204,607389880, 471.6025370905704, 2431968, 24.87837075163053, 132443, 0, 0.0, 1, 
2019-12-08 10:34:24.228,621021368, 471.6025370905704, 2432460, 24.87837075163053, 132481, 0, 0.0, 1, 
2019-12-08 10:34:25.254,634652856, 471.6025370905704, 2432937, 24.87837075163053, 132505, 0, 0.0, 1, 
2019-12-08 10:34:26.28,648284344, 471.6025370905704, 2433449, 24.87837075163053, 132529, 0, 0.0, 1, 
2019-12-08 10:34:27.304,659818680, 472.27396115312246, 2433919, 25.04800686012346, 132562, 0, 0.0, 1, 
2019-12-08 10:34:28.33,672401592, 472.27396115312246, 2434373, 25.04800686012346, 132578, 0, 0.0, 1, 
2019-12-08 10:34:29.359,686033080, 472.27396115312246, 2434899, 25.04800686012346, 132602, 0, 0.0, 1, 
2019-12-08 10:34:30.384,698615992, 472.27396115312246, 2435388, 25.04800686012346, 132625, 0, 0.0, 1, 
2019-12-08 10:34:31.409,710150328, 472.0441719067919, 2435847, 25.028177326446347, 132659, 0, 0.0, 1, 
2019-12-08 10:34:32.435,723781816, 472.0441719067919, 2436324, 25.028177326446347, 132676, 0, 0.0, 1, 
2019-12-08 10:34:33.461,736364728, 472.0441719067919, 2436781, 25.028177326446347, 132701, 0, 0.0, 1, 
2019-12-08 10:34:34.489,748947640, 472.0441719067919, 2437271, 25.028177326446347, 132727, 0, 0.0, 1, 
2019-12-08 10:34:35.515,761530552, 472.0441719067919, 2437761, 25.028177326446347, 132751, 0, 0.0, 1, 
2019-12-08 10:34:36.542,774113464, 472.04064011612746, 2438260, 24.78605763570412, 132771, 0, 0.0, 1, 
2019-12-08 10:34:37.568,787744952, 472.04064011612746, 2438727, 24.78605763570412, 132789, 0, 0.0, 1, 
2019-12-08 10:34:38.592,800327864, 472.04064011612746, 2439202, 24.78605763570412, 132825, 0, 0.0, 1, 
2019-12-08 10:34:39.617,812910776, 472.04064011612746, 2439662, 24.78605763570412, 132848, 0, 0.0, 1, 
2019-12-08 10:34:40.642,181281272, 472.04064011612746, 2440143, 24.78605763570412, 132878, 0, 0.0, 1, 
2019-12-08 10:34:41.672,193864184, 470.8860302825152, 2440609, 24.81915463975112, 132906, 0, 0.0, 1, 
2019-12-08 10:34:42.702,207495672, 470.8860302825152, 2441137, 24.81915463975112, 132922, 0, 0.0, 1, 
2019-12-08 10:34:43.727,220078584, 470.8860302825152, 2441597, 24.81915463975112, 132952, 0, 0.0, 1, 
2019-12-08 10:34:44.751,233710072, 470.8860302825152, 2442102, 24.81915463975112, 132973, 0, 0.0, 1, 
2019-12-08 10:34:45.775,247341560, 470.8860302825152, 2442593, 24.81915463975112, 132999, 0, 0.0, 1, 
2019-12-08 10:34:46.799,260973048, 471.4228496614377, 2443081, 24.849605353465527, 133032, 0, 0.0, 1, 
2019-12-08 10:34:47.823,273555960, 471.4228496614377, 2443570, 24.849605353465527, 133056, 0, 0.0, 1, 
2019-12-08 10:34:48.849,288236024, 471.4228496614377, 2444049, 24.849605353465527, 133084, 0, 0.0, 1, 
2019-12-08 10:34:49.872,298721784, 471.4228496614377, 2444498, 24.849605353465527, 133111, 0, 0.0, 1, 
2019-12-08 10:34:50.898,313401848, 471.4228496614377, 2444981, 24.849605353465527, 133138, 0, 0.0, 1, 
2019-12-08 10:34:51.924,327033336, 471.3730493521595, 2445515, 24.861630245465808, 133157, 0, 0.0, 1, 
2019-12-08 10:34:52.95,339616248, 471.3730493521595, 2445976, 24.861630245465808, 133182, 0, 0.0, 1, 
2019-12-08 10:34:53.976,352199160, 471.3730493521595, 2446453, 24.861630245465808, 133211, 0, 0.0, 1, 
2019-12-08 10:34:55.004,365830648, 471.3730493521595, 2446940, 24.861630245465808, 133233, 0, 0.0, 1, 
2019-12-08 10:34:56.074,379462136, 471.3730493521595, 2447432, 24.861630245465808, 133262, 0, 0.0, 1, 
2019-12-08 10:34:57.101,393093624, 471.18331080209407, 2447921, 24.920667031409593, 133297, 0, 0.0, 1, 
2019-12-08 10:34:58.127,406725112, 471.18331080209407, 2448409, 24.920667031409593, 133319, 0, 0.0, 1, 
2019-12-08 10:34:59.152,418259448, 471.18331080209407, 2448895, 24.920667031409593, 133337, 0, 0.0, 1, 
2019-12-08 10:35:00.177,432939512, 471.18331080209407, 2449370, 24.920667031409593, 133361, 0, 0.0, 1, 
2019-12-08 10:35:01.213,445522424, 471.18331080209407, 2449863, 24.920667031409593, 133389, 0, 0.0, 1, 
2019-12-08 10:35:02.241,459153912, 471.63239647475785, 2450394, 24.815072325833484, 133413, 0, 0.0, 1, 
2019-12-08 10:35:03.267,472785400, 471.63239647475785, 2450873, 24.815072325833484, 133436, 0, 0.0, 1, 
2019-12-08 10:35:04.295,487465464, 471.63239647475785, 2451403, 24.815072325833484, 133465, 0, 0.0, 1, 
2019-12-08 10:35:05.326,500048376, 471.63239647475785, 2451905, 24.815072325833484, 133494, 0, 0.0, 1, 
2019-12-08 10:35:06.353,512631288, 471.63239647475785, 2452378, 24.815072325833484, 133516, 0, 0.0, 1, 
2019-12-08 10:35:07.396,526262776, 472.90909556158545, 2452856, 24.829858326272706, 133539, 0, 0.0, 1, 
2019-12-08 10:35:08.423,539894264, 472.90909556158545, 2453308, 24.829858326272706, 133565, 0, 0.0, 1, 
2019-12-08 10:35:09.452,550380024, 472.90909556158545, 2453783, 24.829858326272706, 133585, 0, 0.0, 1, 
2019-12-08 10:35:10.479,566108664, 472.90909556158545, 2454314, 24.829858326272706, 133620, 0, 0.0, 1, 
2019-12-08 10:35:11.503,578691576, 472.45262148402173, 2454787, 24.859453220465653, 133648, 0, 0.0, 1, 
2019-12-08 10:35:12.527,607003128, 472.45262148402173, 2455317, 24.859453220465653, 133666, 0, 0.0, 1, 
2019-12-08 10:35:13.56,618537464, 472.45262148402173, 2455799, 24.859453220465653, 133695, 0, 0.0, 1, 
2019-12-08 10:35:14.595,632168952, 472.45262148402173, 2456271, 24.859453220465653, 133728, 0, 0.0, 1, 
2019-12-08 10:35:15.623,645800440, 472.45262148402173, 2456752, 24.859453220465653, 133756, 0, 0.0, 1, 
2019-12-08 10:35:16.651,658383352, 472.0806184097586, 2457201, 24.982628540014232, 133780, 0, 0.0, 1, 
2019-12-08 10:35:17.684,670966264, 472.0806184097586, 2457687, 24.982628540014232, 133804, 0, 0.0, 1, 
2019-12-08 10:35:18.709,685646328, 472.0806184097586, 2458201, 24.982628540014232, 133822, 0, 0.0, 1, 
2019-12-08 10:35:19.735,697180664, 472.0806184097586, 2458686, 24.982628540014232, 133845, 0, 0.0, 1, 
2019-12-08 10:35:20.76,713957880, 472.0806184097586, 2459234, 24.982628540014232, 133868, 0, 0.0, 1, 
2019-12-08 10:35:21.79,726540792, 473.4174263518421, 2459713, 24.728159612079974, 133896, 0, 0.0, 1, 
2019-12-08 10:35:22.817,741220856, 473.4174263518421, 2460245, 24.728159612079974, 133923, 0, 0.0, 1, 
2019-12-08 10:35:23.843,754852344, 473.4174263518421, 2460717, 24.728159612079974, 133949, 0, 0.0, 1, 
2019-12-08 10:35:24.873,767435256, 473.4174263518421, 2461201, 24.728159612079974, 133975, 0, 0.0, 1, 
2019-12-08 10:35:25.896,781066744, 473.4174263518421, 2461731, 24.728159612079974, 134007, 0, 0.0, 1, 
2019-12-08 10:35:26.921,793649656, 474.9191980226484, 2462214, 24.973770408461405, 134031, 0, 0.0, 1, 
2019-12-08 10:35:27.947,807281144, 474.9191980226484, 2462706, 24.973770408461405, 134053, 0, 0.0, 1, 
2019-12-08 10:35:29.001,183712600, 474.9191980226484, 2463149, 24.973770408461405, 134085, 0, 0.0, 1, 
2019-12-08 10:35:30.026,197344088, 474.9191980226484, 2463636, 24.973770408461405, 134110, 0, 0.0, 1, 
2019-12-08 10:35:31.051,209927000, 474.9191980226484, 2464118, 24.973770408461405, 134133, 0, 0.0, 1, 
2019-12-08 10:35:32.077,223558488, 473.8382626310055, 2464603, 24.943885376658635, 134167, 0, 0.0, 1, 
2019-12-08 10:35:33.101,237189976, 473.8382626310055, 2465116, 24.943885376658635, 134191, 0, 0.0, 1, 
2019-12-08 10:35:34.126,250821464, 473.8382626310055, 2465610, 24.943885376658635, 134209, 0, 0.0, 1, 
2019-12-08 10:35:35.151,263404376, 473.8382626310055, 2466077, 24.943885376658635, 134234, 0, 0.0, 1, 
2019-12-08 10:35:36.177,278084440, 473.8382626310055, 2466555, 24.943885376658635, 134254, 0, 0.0, 1, 
2019-12-08 10:35:37.201,289618776, 473.9471411394645, 2467049, 24.77246976640026, 134280, 0, 0.0, 1, 
2019-12-08 10:35:38.232,303250264, 473.9471411394645, 2467540, 24.77246976640026, 134306, 0, 0.0, 1, 
2019-12-08 10:35:39.261,317930328, 473.9471411394645, 2468022, 24.77246976640026, 134335, 0, 0.0, 1, 
2019-12-08 10:35:40.285,331561816, 473.9471411394645, 2468507, 24.77246976640026, 134358, 0, 0.0, 1, 
2019-12-08 10:35:41.314,344144728, 473.9471411394645, 2469000, 24.77246976640026, 134383, 0, 0.0, 1, 
2019-12-08 10:35:42.34,357776216, 474.09528755426794, 2469491, 24.838635430639663, 134415, 0, 0.0, 1, 
2019-12-08 10:35:43.365,370359128, 474.09528755426794, 2469964, 24.838635430639663, 134440, 0, 0.0, 1, 
2019-12-08 10:35:44.393,382942040, 474.09528755426794, 2470436, 24.838635430639663, 134473, 0, 0.0, 1, 
2019-12-08 10:35:45.418,395524952, 474.09528755426794, 2470893, 24.838635430639663, 134499, 0, 0.0, 1, 
2019-12-08 10:35:46.463,409156440, 473.4640152161966, 2471404, 25.01144859998231, 134525, 0, 0.0, 1, 
2019-12-08 10:35:47.489,422787928, 473.4640152161966, 2471891, 25.01144859998231, 134553, 0, 0.0, 1, 
2019-12-08 10:35:48.514,437467992, 473.4640152161966, 2472385, 25.01144859998231, 134575, 0, 0.0, 1, 
2019-12-08 10:35:49.54,450050904, 473.4640152161966, 2472890, 25.01144859998231, 134601, 0, 0.0, 1, 
2019-12-08 10:35:50.578,463682392, 473.4640152161966, 2473364, 25.01144859998231, 134632, 0, 0.0, 1, 
2019-12-08 10:35:51.605,477313880, 473.21903008600094, 2473826, 25.026524337543183, 134652, 0, 0.0, 1, 
2019-12-08 10:35:52.636,489896792, 473.21903008600094, 2474304, 25.026524337543183, 134681, 0, 0.0, 1, 
2019-12-08 10:35:53.663,503528280, 473.21903008600094, 2474766, 25.026524337543183, 134713, 0, 0.0, 1, 
2019-12-08 10:35:54.689,515062616, 473.21903008600094, 2475240, 25.026524337543183, 134735, 0, 0.0, 1, 
2019-12-08 10:35:55.714,529742680, 473.21903008600094, 2475746, 25.026524337543183, 134762, 0, 0.0, 1, 
2019-12-08 10:35:56.746,542325592, 472.76975724625925, 2476219, 25.184314739349702, 134791, 0, 0.0, 1, 
2019-12-08 10:35:57.782,555957080, 472.76975724625925, 2476733, 25.184314739349702, 134812, 0, 0.0, 1, 
2019-12-08 10:35:58.816,568539992, 472.76975724625925, 2477213, 25.184314739349702, 134837, 0, 0.0, 1, 
2019-12-08 10:35:59.844,582171480, 472.76975724625925, 2477669, 25.184314739349702, 134868, 0, 0.0, 1, 
2019-12-08 10:36:00.878,595802968, 472.76975724625925, 2478173, 25.184314739349702, 134897, 0, 0.0, 1, 
2019-12-08 10:36:01.905,609434456, 472.8521309087085, 2478685, 25.201559980620825, 134921, 0, 0.0, 1, 
2019-12-08 10:36:02.932,622017368, 472.8521309087085, 2479192, 25.201559980620825, 134939, 0, 0.0, 1, 
2019-12-08 10:36:03.958,634600280, 472.8521309087085, 2479662, 25.201559980620825, 134970, 0, 0.0, 1, 
2019-12-08 10:36:04.984,647183192, 472.8521309087085, 2480133, 25.201559980620825, 134990, 0, 0.0, 1, 
2019-12-08 10:36:06.01,661863256, 472.8521309087085, 2480621, 25.201559980620825, 135015, 0, 0.0, 1, 
2019-12-08 10:36:07.036,673397592, 472.68805158064544, 2481093, 24.96156849534509, 135038, 0, 0.0, 1, 
2019-12-08 10:36:08.062,687029080, 472.68805158064544, 2481574, 24.96156849534509, 135063, 0, 0.0, 1, 
2019-12-08 10:36:09.088,699611992, 472.68805158064544, 2482030, 24.96156849534509, 135088, 0, 0.0, 1, 
2019-12-08 10:36:10.115,713243480, 472.68805158064544, 2482521, 24.96156849534509, 135118, 0, 0.0, 1, 
2019-12-08 10:36:11.142,725826392, 472.68805158064544, 2483001, 24.96156849534509, 135142, 0, 0.0, 1, 
2019-12-08 10:36:12.167,740506456, 472.10533115030324, 2483469, 25.076579128315394, 135170, 0, 0.0, 1, 
2019-12-08 10:36:13.193,752040792, 472.10533115030324, 2483938, 25.076579128315394, 135203, 0, 0.0, 1, 
2019-12-08 10:36:14.222,766720856, 472.10533115030324, 2484457, 25.076579128315394, 135227, 0, 0.0, 1, 
2019-12-08 10:36:15.248,779303768, 472.10533115030324, 2484914, 25.076579128315394, 135258, 0, 0.0, 1, 
2019-12-08 10:36:16.277,790838104, 472.10533115030324, 2485389, 25.076579128315394, 135283, 0, 0.0, 1, 
2019-12-08 10:36:17.303,805518168, 471.76109587796617, 2485917, 25.198385135876844, 135312, 0, 0.0, 1, 
2019-12-08 10:36:18.328,183763520, 471.76109587796617, 2486400, 25.198385135876844, 135346, 0, 0.0, 1, 
2019-12-08 10:36:19.357,197395008, 471.76109587796617, 2486893, 25.198385135876844, 135374, 0, 0.0, 1, 
2019-12-08 10:36:20.383,215220800, 471.76109587796617, 2487397, 25.198385135876844, 135389, 0, 0.0, 1, 
2019-12-08 10:36:21.409,227803712, 472.8036290896355, 2487879, 25.35842542402446, 135422, 0, 0.0, 1, 
2019-12-08 10:36:22.438,241435200, 472.8036290896355, 2488360, 25.35842542402446, 135448, 0, 0.0, 1, 
2019-12-08 10:36:23.465,254018112, 472.8036290896355, 2488840, 25.35842542402446, 135473, 0, 0.0, 1, 
2019-12-08 10:36:24.49,265552448, 472.8036290896355, 2489302, 25.35842542402446, 135498, 0, 0.0, 1, 
2019-12-08 10:36:25.517,279183936, 472.8036290896355, 2489777, 25.35842542402446, 135528, 0, 0.0, 1, 
2019-12-08 10:36:26.542,292815424, 471.8918452504236, 2490256, 25.20183837284177, 135541, 0, 0.0, 1, 
2019-12-08 10:36:27.567,304349760, 471.8918452504236, 2490741, 25.20183837284177, 135572, 0, 0.0, 1, 
2019-12-08 10:36:28.592,319029824, 471.8918452504236, 2491214, 25.20183837284177, 135592, 0, 0.0, 1, 
2019-12-08 10:36:29.616,331612736, 471.8918452504236, 2491671, 25.20183837284177, 135612, 0, 0.0, 1, 
2019-12-08 10:36:30.64,345244224, 471.8918452504236, 2492168, 25.20183837284177, 135642, 0, 0.0, 1, 
2019-12-08 10:36:31.667,357827136, 471.37278596329014, 2492638, 25.1217357992944, 135664, 0, 0.0, 1, 
2019-12-08 10:36:32.695,372507200, 471.37278596329014, 2493120, 25.1217357992944, 135703, 0, 0.0, 1, 
2019-12-08 10:36:33.72,386138688, 471.37278596329014, 2493616, 25.1217357992944, 135721, 0, 0.0, 1, 
2019-12-08 10:36:34.745,397673024, 471.37278596329014, 2494062, 25.1217357992944, 135747, 0, 0.0, 1, 
2019-12-08 10:36:35.77,409207360, 471.37278596329014, 2494519, 25.1217357992944, 135778, 0, 0.0, 1, 
2019-12-08 10:36:36.794,423887424, 470.60738825796705, 2495012, 25.143984576349517, 135795, 0, 0.0, 1, 
2019-12-08 10:36:37.818,435421760, 470.60738825796705, 2495452, 25.143984576349517, 135817, 0, 0.0, 1, 
2019-12-08 10:36:38.851,437518912, 470.60738825796705, 2495453, 25.143984576349517, 135817, 0, 0.0, 1, 
2019-12-08 10:36:39.881,437518912, 470.60738825796705, 2495453, 25.143984576349517, 135817, 0, 0.0, 1, 
2019-12-08 10:36:40.909,439616064, 470.60738825796705, 2495453, 25.143984576349517, 135817, 0, 0.0, 1, 
