Timestamp, MemoryUsed, ReadLatency1, ReadCount, WriteLatency1, WriteCount, PendingTasks, WaitingOnCommit1, SRDelay, 
2019-12-08 10:27:17.91,174606168, 76.02841018631449, 2284063, 3.988679341589621, 124236, 0, 0.0, 1, 
2019-12-08 10:27:19.088,178020720, 76.02841018631449, 2284063, 3.988679341589621, 124300, 0, 0.0, 1, 
2019-12-08 10:27:20.151,179722592, 76.02841018631449, 2284063, 3.988679341589621, 124300, 0, 0.0, 1, 
2019-12-08 10:27:21.235,180596736, 69.9495141450658, 2284063, 7.971372642919304, 124300, 0, 0.0, 1, 
2019-12-08 10:27:22.303,182024800, 69.9495141450658, 2284063, 7.971372642919304, 124300, 0, 0.0, 1, 
2019-12-08 10:27:23.346,182989192, 69.9495141450658, 2284063, 7.971372642919304, 124300, 0, 0.0, 1, 
2019-12-08 10:27:24.387,183748360, 69.9495141450658, 2284063, 7.971372642919304, 124300, 0, 0.0, 1, 
2019-12-08 10:27:25.428,184637952, 69.9495141450658, 2284063, 7.971372642919304, 124300, 0, 0.0, 1, 
2019-12-08 10:27:26.46,185499448, 64.35665979520263, 2284063, 7.334016877046893, 124300, 0, 0.0, 1, 
2019-12-08 10:27:27.496,186367128, 64.35665979520263, 2284063, 7.334016877046893, 124300, 0, 0.0, 1, 
2019-12-08 10:27:28.527,188169880, 64.35665979520263, 2284063, 7.334016877046893, 124318, 0, 0.0, 1, 
2019-12-08 10:27:29.565,192951736, 64.35665979520263, 2284063, 7.334016877046893, 124398, 0, 0.0, 1, 
2019-12-08 10:27:30.597,197662224, 64.35665979520263, 2284063, 7.334016877046893, 124499, 0, 0.0, 1, 
2019-12-08 10:27:31.641,200015344, 59.21098538877571, 2284063, 10.249675903759826, 124541, 0, 0.0, 1, 
2019-12-08 10:27:32.677,200879112, 59.21098538877571, 2284063, 10.249675903759826, 124541, 0, 0.0, 1, 
2019-12-08 10:27:33.712,202175480, 59.21098538877571, 2284063, 10.249675903759826, 124541, 0, 0.0, 1, 
