Timestamp, MemoryUsed, ReadLatency1, ReadCount, WriteLatency1, WriteCount, PendingTasks, WaitingOnCommit1, SRDelay, 
2019-12-04 15:16:25.582,286774784, 535.6753206328877, 2710531, 29.2744053466989, 146628, 0, 0.0, 20, 
2019-12-04 15:16:26.697,305642360, 535.6753206328877, 2711424, 29.2744053466989, 146684, 0, 0.0, 20, 
2019-12-04 15:16:27.999,327619896, 535.6753206328877, 2712507, 29.2744053466989, 146741, 0, 0.0, 20, 
2019-12-04 15:16:29.037,346020272, 535.6753206328877, 2713444, 29.2744053466989, 146787, 0, 0.0, 20, 
2019-12-04 15:16:30.109,367510896, 558.6325424460531, 2714639, 30.515763355431435, 146856, 0, 0.0, 20, 
2019-12-04 15:16:31.141,389926648, 558.6325424460531, 2715793, 30.515763355431435, 146908, 0, 0.0, 20, 
2019-12-04 15:16:32.169,132538840, 558.6325424460531, 2716963, 30.515763355431435, 146979, 0, 0.0, 20, 
2019-12-04 15:16:33.201,154589856, 558.6325424460531, 2718189, 30.515763355431435, 147033, 0, 0.0, 20, 
2019-12-04 15:16:34.228,177651544, 558.6325424460531, 2719402, 30.515763355431435, 147097, 0, 0.0, 20, 
2019-12-04 15:16:35.258,201264240, 605.9796381522442, 2720650, 32.82521940433307, 147166, 0, 0.0, 20, 
2019-12-04 15:16:36.286,223872880, 605.9796381522442, 2721891, 32.82521940433307, 147216, 0, 0.0, 20, 
2019-12-04 15:16:37.331,244416160, 605.9796381522442, 2723032, 32.82521940433307, 147281, 0, 0.0, 20, 
2019-12-04 15:16:38.362,266392672, 605.9796381522442, 2724160, 32.82521940433307, 147333, 0, 0.0, 20, 
2019-12-04 15:16:39.387,287295560, 648.2617797397147, 2725260, 32.82521940433307, 147403, 0, 0.0, 20, 
2019-12-04 15:16:40.418,309524568, 648.2617797397147, 2726407, 34.95002154295692, 147486, 0, 0.0, 20, 
2019-12-04 15:16:41.442,333102888, 648.2617797397147, 2727638, 34.95002154295692, 147550, 0, 0.0, 20, 
2019-12-04 15:16:42.472,357033760, 648.2617797397147, 2728865, 34.95002154295692, 147605, 0, 0.0, 20, 
2019-12-04 15:16:43.502,379839848, 648.2617797397147, 2730151, 34.95002154295692, 147666, 0, 0.0, 20, 
2019-12-04 15:16:44.53,402370160, 690.4733891801791, 2731331, 37.41664962916256, 147740, 0, 0.0, 20, 
2019-12-04 15:16:45.558,137152600, 690.4733891801791, 2732567, 37.41664962916256, 147802, 0, 0.0, 20, 
2019-12-04 15:16:46.585,161282224, 690.4733891801791, 2733816, 37.41664962916256, 147862, 0, 0.0, 20, 
2019-12-04 15:16:47.611,184433448, 690.4733891801791, 2735060, 37.41664962916256, 147929, 0, 0.0, 20, 
2019-12-04 15:16:48.637,206339472, 690.4733891801791, 2736248, 37.41664962916256, 147999, 0, 0.0, 20, 
2019-12-04 15:16:49.663,231993064, 732.5401503273681, 2737580, 39.57411920332493, 148070, 0, 0.0, 20, 
2019-12-04 15:16:50.687,254937704, 732.5401503273681, 2738809, 39.57411920332493, 148134, 0, 0.0, 20, 
2019-12-04 15:16:51.713,277785872, 732.5401503273681, 2740029, 39.57411920332493, 148193, 0, 0.0, 20, 
2019-12-04 15:16:52.74,300984960, 732.5401503273681, 2741277, 39.57411920332493, 148257, 0, 0.0, 20, 
2019-12-04 15:16:53.763,326598392, 732.5401503273681, 2742634, 39.57411920332493, 148329, 0, 0.0, 20, 
2019-12-04 15:16:54.788,349071328, 773.4502131186158, 2743897, 41.44714921524678, 148403, 0, 0.0, 20, 
2019-12-04 15:16:55.813,373066064, 773.4502131186158, 2745147, 41.44714921524678, 148478, 0, 0.0, 20, 
2019-12-04 15:16:56.836,399467760, 773.4502131186158, 2746482, 41.44714921524678, 148546, 0, 0.0, 20, 
2019-12-04 15:16:57.862,139025560, 773.4502131186158, 2747606, 41.44714921524678, 148601, 0, 0.0, 20, 
2019-12-04 15:16:58.888,162419584, 773.4502131186158, 2748850, 41.44714921524678, 148667, 0, 0.0, 20, 
2019-12-04 15:16:59.911,187642352, 808.226877935568, 2750217, 43.458260123483015, 148733, 0, 0.0, 20, 
2019-12-04 15:17:00.934,212241800, 808.226877935568, 2751626, 43.458260123483015, 148812, 0, 0.0, 20, 
2019-12-04 15:17:01.957,238797872, 808.226877935568, 2753063, 43.458260123483015, 148873, 0, 0.0, 20, 
2019-12-04 15:17:02.982,266362520, 808.226877935568, 2754521, 43.458260123483015, 148946, 0, 0.0, 20, 
2019-12-04 15:17:04.011,292350288, 808.226877935568, 2755959, 43.458260123483015, 149016, 0, 0.0, 20, 
2019-12-04 15:17:05.034,319973272, 855.6703732534556, 2757451, 45.468482652547216, 149087, 0, 0.0, 20, 
2019-12-04 15:17:06.059,343643456, 855.6703732534556, 2758820, 45.468482652547216, 149152, 0, 0.0, 20, 
2019-12-04 15:17:07.087,368435680, 855.6703732534556, 2760194, 45.468482652547216, 149228, 0, 0.0, 20, 
2019-12-04 15:17:08.109,396263368, 855.6703732534556, 2761623, 45.468482652547216, 149294, 0, 0.0, 20, 
2019-12-04 15:17:09.132,135593248, 855.6703732534556, 2763043, 45.468482652547216, 149365, 0, 0.0, 20, 
2019-12-04 15:17:10.166,163264048, 897.7533666579054, 2764544, 47.28599442842649, 149444, 0, 0.0, 20, 
2019-12-04 15:17:11.19,189532616, 897.7533666579054, 2765991, 47.28599442842649, 149516, 0, 0.0, 20, 
2019-12-04 15:17:12.211,215749904, 897.7533666579054, 2767388, 47.28599442842649, 149592, 0, 0.0, 20, 
2019-12-04 15:17:13.234,243127096, 897.7533666579054, 2768925, 47.28599442842649, 149673, 0, 0.0, 20, 
2019-12-04 15:17:14.259,269890280, 897.7533666579054, 2770425, 47.28599442842649, 149755, 0, 0.0, 20, 
2019-12-04 15:17:15.288,297466064, 940.709235715198, 2771837, 49.58183955223853, 149828, 0, 0.0, 20, 
2019-12-04 15:17:16.311,320619824, 940.709235715198, 2773124, 49.58183955223853, 149890, 0, 0.0, 20, 
2019-12-04 15:17:17.334,345155216, 940.709235715198, 2774411, 49.58183955223853, 149972, 0, 0.0, 20, 
2019-12-04 15:17:18.361,369215536, 940.709235715198, 2775753, 49.58183955223853, 150035, 0, 0.0, 20, 
2019-12-04 15:17:19.384,393054456, 967.9013918527502, 2776984, 49.58183955223853, 150099, 0, 0.0, 20, 
2019-12-04 15:17:20.418,133102048, 967.9013918527502, 2778266, 50.94253653277139, 150165, 0, 0.0, 20, 
2019-12-04 15:17:21.446,156554112, 967.9013918527502, 2779528, 50.94253653277139, 150226, 0, 0.0, 20, 
2019-12-04 15:17:22.472,179807736, 967.9013918527502, 2780772, 50.94253653277139, 150302, 0, 0.0, 20, 
2019-12-04 15:17:23.497,202962512, 967.9013918527502, 2782025, 50.94253653277139, 150371, 0, 0.0, 20, 
2019-12-04 15:17:24.525,227123816, 988.969577311522, 2783344, 51.98655366774988, 150427, 0, 0.0, 20, 
2019-12-04 15:17:25.55,249706640, 988.969577311522, 2784549, 51.98655366774988, 150502, 0, 0.0, 20, 
2019-12-04 15:17:26.573,273683288, 988.969577311522, 2785933, 51.98655366774988, 150566, 0, 0.0, 20, 
2019-12-04 15:17:27.597,298849328, 988.969577311522, 2787225, 51.98655366774988, 150627, 0, 0.0, 20, 
2019-12-04 15:17:28.628,323575000, 988.969577311522, 2788511, 51.98655366774988, 150701, 0, 0.0, 20, 
2019-12-04 15:17:29.654,347832664, 1011.2156536255102, 2789850, 53.474802665010614, 150785, 0, 0.0, 20, 
2019-12-04 15:17:30.68,373853640, 1011.2156536255102, 2791260, 53.474802665010614, 150847, 0, 0.0, 20, 
2019-12-04 15:17:31.713,398605080, 1011.2156536255102, 2792657, 53.474802665010614, 150898, 0, 0.0, 20, 
2019-12-04 15:17:32.736,137608680, 1011.2156536255102, 2793923, 53.474802665010614, 150950, 0, 0.0, 20, 
2019-12-04 15:17:33.759,161418400, 1011.2156536255102, 2795250, 53.474802665010614, 151018, 0, 0.0, 20, 
2019-12-04 15:17:34.786,188962896, 1037.1200116908185, 2796704, 53.836617466847514, 151092, 0, 0.0, 20, 
2019-12-04 15:17:35.814,216832648, 1037.1200116908185, 2798173, 53.836617466847514, 151171, 0, 0.0, 20, 
2019-12-04 15:17:36.842,241353560, 1037.1200116908185, 2799551, 53.836617466847514, 151252, 0, 0.0, 20, 
2019-12-04 15:17:37.87,266315672, 1037.1200116908185, 2800889, 53.836617466847514, 151324, 0, 0.0, 20, 
2019-12-04 15:17:38.893,292293320, 1037.1200116908185, 2802322, 53.836617466847514, 151395, 0, 0.0, 20, 
2019-12-04 15:17:39.916,317351824, 1063.60769707767, 2803734, 55.52874810570928, 151473, 0, 0.0, 20, 
2019-12-04 15:17:40.945,340648384, 1063.60769707767, 2804989, 55.52874810570928, 151531, 0, 0.0, 20, 
2019-12-04 15:17:41.975,366051552, 1063.60769707767, 2806356, 55.52874810570928, 151590, 0, 0.0, 20, 
2019-12-04 15:17:43.002,391619504, 1063.60769707767, 2807730, 55.52874810570928, 151672, 0, 0.0, 20, 
2019-12-04 15:17:44.024,133188544, 1063.60769707767, 2809103, 55.52874810570928, 151722, 0, 0.0, 20, 
2019-12-04 15:17:45.049,157676184, 1083.995755922842, 2810429, 56.09413419022081, 151802, 0, 0.0, 20, 
2019-12-04 15:17:46.074,183932120, 1083.995755922842, 2811819, 56.09413419022081, 151883, 0, 0.0, 20, 
2019-12-04 15:17:47.101,208127976, 1083.995755922842, 2813140, 56.09413419022081, 151969, 0, 0.0, 20, 
2019-12-04 15:17:48.131,234756264, 1083.995755922842, 2814547, 56.09413419022081, 152057, 0, 0.0, 20, 
2019-12-04 15:17:49.153,258908600, 1083.995755922842, 2815875, 56.09413419022081, 152132, 0, 0.0, 20, 
2019-12-04 15:17:50.181,284471144, 1102.5937644177347, 2817233, 58.00554168483455, 152214, 0, 0.0, 20, 
2019-12-04 15:17:51.214,308694000, 1102.5937644177347, 2818579, 58.00554168483455, 152297, 0, 0.0, 20, 
2019-12-04 15:17:52.237,332989864, 1102.5937644177347, 2819917, 58.00554168483455, 152367, 0, 0.0, 20, 
2019-12-04 15:17:53.267,358374216, 1102.5937644177347, 2821228, 58.00554168483455, 152436, 0, 0.0, 20, 
2019-12-04 15:17:54.29,381721128, 1102.5937644177347, 2822483, 58.00554168483455, 152512, 0, 0.0, 20, 
2019-12-04 15:17:55.317,403983024, 1117.370055163866, 2823759, 59.23641461088808, 152581, 0, 0.0, 20, 
2019-12-04 15:17:56.341,144992936, 1117.370055163866, 2825168, 59.23641461088808, 152650, 0, 0.0, 20, 
2019-12-04 15:17:57.366,170656560, 1117.370055163866, 2826500, 59.23641461088808, 152733, 0, 0.0, 20, 
2019-12-04 15:17:58.392,197407560, 1117.370055163866, 2827889, 59.23641461088808, 152827, 0, 0.0, 20, 
2019-12-04 15:17:59.417,221264840, 1133.4914954314963, 2829246, 60.54477465943757, 152895, 0, 0.0, 20, 
2019-12-04 15:18:00.443,247102080, 1133.4914954314963, 2830686, 60.54477465943757, 152963, 0, 0.0, 20, 
2019-12-04 15:18:01.466,271864552, 1133.4914954314963, 2832033, 60.54477465943757, 153041, 0, 0.0, 20, 
2019-12-04 15:18:02.497,297894352, 1133.4914954314963, 2833433, 60.54477465943757, 153110, 0, 0.0, 20, 
2019-12-04 15:18:03.524,325229816, 1133.4914954314963, 2834890, 60.54477465943757, 153177, 0, 0.0, 20, 
2019-12-04 15:18:04.552,351387264, 1153.2172183301952, 2836334, 61.3007727363539, 153252, 0, 0.0, 20, 
2019-12-04 15:18:05.585,376780864, 1153.2172183301952, 2837733, 61.3007727363539, 153317, 0, 0.0, 20, 
2019-12-04 15:18:06.609,403104432, 1153.2172183301952, 2839169, 61.3007727363539, 153393, 0, 0.0, 20, 
2019-12-04 15:18:07.631,144411048, 1153.2172183301952, 2840550, 61.3007727363539, 153464, 0, 0.0, 20, 
2019-12-04 15:18:08.682,169667608, 1153.2172183301952, 2841962, 61.3007727363539, 153533, 0, 0.0, 20, 
2019-12-04 15:18:09.703,196245080, 1170.438274717369, 2843430, 61.67650220300857, 153593, 0, 0.0, 20, 
2019-12-04 15:18:10.729,222186264, 1170.438274717369, 2844856, 61.67650220300857, 153659, 0, 0.0, 20, 
2019-12-04 15:18:11.751,248160768, 1170.438274717369, 2846276, 61.67650220300857, 153722, 0, 0.0, 20, 
2019-12-04 15:18:12.773,273983464, 1170.438274717369, 2847636, 61.67650220300857, 153805, 0, 0.0, 20, 
2019-12-04 15:18:13.794,299568080, 1170.438274717369, 2849010, 61.67650220300857, 153879, 0, 0.0, 20, 
2019-12-04 15:18:14.816,324925424, 1186.618224918962, 2850411, 62.43795904414336, 153958, 0, 0.0, 20, 
2019-12-04 15:18:15.845,350408808, 1186.618224918962, 2851801, 62.43795904414336, 154029, 0, 0.0, 20, 
2019-12-04 15:18:16.867,375844696, 1186.618224918962, 2853226, 62.43795904414336, 154106, 0, 0.0, 20, 
2019-12-04 15:18:17.892,401761176, 1186.618224918962, 2854675, 62.43795904414336, 154168, 0, 0.0, 20, 
2019-12-04 15:18:18.917,142528664, 1186.618224918962, 2855960, 62.43795904414336, 154232, 0, 0.0, 20, 
2019-12-04 15:18:19.938,167521440, 1199.6815103844665, 2857311, 62.91465751877283, 154316, 0, 0.0, 20, 
2019-12-04 15:18:20.962,193177984, 1199.6815103844665, 2858698, 62.91465751877283, 154386, 0, 0.0, 20, 
2019-12-04 15:18:21.984,219441080, 1199.6815103844665, 2860101, 62.91465751877283, 154470, 0, 0.0, 20, 
2019-12-04 15:18:23.006,243213432, 1199.6815103844665, 2861485, 62.91465751877283, 154544, 0, 0.0, 20, 
2019-12-04 15:18:24.032,269428768, 1199.6815103844665, 2862887, 62.91465751877283, 154613, 0, 0.0, 20, 
2019-12-04 15:18:25.054,294064560, 1212.691762472309, 2864231, 63.7690103317455, 154690, 0, 0.0, 20, 
2019-12-04 15:18:26.075,320605832, 1212.691762472309, 2865696, 63.7690103317455, 154762, 0, 0.0, 20, 
2019-12-04 15:18:27.099,349854760, 1212.691762472309, 2867194, 63.7690103317455, 154841, 0, 0.0, 20, 
2019-12-04 15:18:28.126,375080160, 1212.691762472309, 2868680, 63.7690103317455, 154915, 0, 0.0, 20, 
2019-12-04 15:18:29.149,400080536, 1212.691762472309, 2870057, 63.7690103317455, 154980, 0, 0.0, 20, 
2019-12-04 15:18:30.171,141992832, 1227.748057833956, 2871430, 64.42712392885078, 155055, 0, 0.0, 20, 
2019-12-04 15:18:31.201,167413680, 1227.748057833956, 2872791, 64.42712392885078, 155137, 0, 0.0, 20, 
2019-12-04 15:18:32.226,193827136, 1227.748057833956, 2874233, 64.42712392885078, 155215, 0, 0.0, 20, 
2019-12-04 15:18:33.251,220229752, 1227.748057833956, 2875587, 64.42712392885078, 155289, 0, 0.0, 20, 
2019-12-04 15:18:34.277,245692616, 1227.748057833956, 2876944, 64.42712392885078, 155365, 0, 0.0, 20, 
2019-12-04 15:18:35.301,271595136, 1237.186969973987, 2878387, 65.27248442417114, 155454, 0, 0.0, 20, 
2019-12-04 15:18:36.328,298186976, 1237.186969973987, 2879815, 65.27248442417114, 155532, 0, 0.0, 20, 
2019-12-04 15:18:37.365,322083608, 1237.186969973987, 2881169, 65.27248442417114, 155602, 0, 0.0, 20, 
2019-12-04 15:18:38.389,346492248, 1237.186969973987, 2882544, 65.27248442417114, 155665, 0, 0.0, 20, 
2019-12-04 15:18:39.413,372158784, 1246.2709662954533, 2883890, 65.58651123108899, 155722, 0, 0.0, 20, 
2019-12-04 15:18:40.436,396087952, 1246.2709662954533, 2885241, 65.58651123108899, 155799, 0, 0.0, 20, 
2019-12-04 15:18:41.459,139341648, 1246.2709662954533, 2886626, 65.58651123108899, 155869, 0, 0.0, 20, 
2019-12-04 15:18:42.484,164752480, 1246.2709662954533, 2887997, 65.58651123108899, 155942, 0, 0.0, 20, 
2019-12-04 15:18:43.512,190347216, 1246.2709662954533, 2889420, 65.58651123108899, 155997, 0, 0.0, 20, 
2019-12-04 15:18:44.543,216031696, 1255.4601844613865, 2890869, 65.84344760668935, 156080, 0, 0.0, 20, 
2019-12-04 15:18:45.57,242594088, 1255.4601844613865, 2892335, 65.84344760668935, 156151, 0, 0.0, 20, 
2019-12-04 15:18:46.602,269680000, 1255.4601844613865, 2893809, 65.84344760668935, 156233, 0, 0.0, 20, 
2019-12-04 15:18:47.626,294755056, 1255.4601844613865, 2895211, 65.84344760668935, 156322, 0, 0.0, 20, 
2019-12-04 15:18:48.653,322364488, 1255.4601844613865, 2896682, 65.84344760668935, 156396, 0, 0.0, 20, 
2019-12-04 15:18:49.676,347802920, 1266.9210033197014, 2898077, 66.83142298645996, 156480, 0, 0.0, 20, 
2019-12-04 15:18:50.708,371508160, 1266.9210033197014, 2899389, 66.83142298645996, 156559, 0, 0.0, 20, 
2019-12-04 15:18:51.731,396937656, 1266.9210033197014, 2900730, 66.83142298645996, 156638, 0, 0.0, 20, 
2019-12-04 15:18:52.757,139091016, 1266.9210033197014, 2902129, 66.83142298645996, 156710, 0, 0.0, 20, 
2019-12-04 15:18:53.787,164714920, 1266.9210033197014, 2903427, 66.83142298645996, 156786, 0, 0.0, 20, 
2019-12-04 15:18:54.809,189929760, 1270.365409716456, 2904829, 67.51652857737126, 156865, 0, 0.0, 20, 
2019-12-04 15:18:55.833,215708056, 1270.365409716456, 2906276, 67.51652857737126, 156926, 0, 0.0, 20, 
2019-12-04 15:18:56.861,243530320, 1270.365409716456, 2907731, 67.51652857737126, 157005, 0, 0.0, 20, 
2019-12-04 15:18:57.884,269027288, 1270.365409716456, 2909125, 67.51652857737126, 157074, 0, 0.0, 20, 
2019-12-04 15:18:58.908,292010784, 1270.365409716456, 2910421, 67.51652857737126, 157142, 0, 0.0, 20, 
2019-12-04 15:18:59.933,318905472, 1278.3957161740407, 2911861, 67.44324699845859, 157204, 0, 0.0, 20, 
2019-12-04 15:19:00.958,343441384, 1278.3957161740407, 2913233, 67.44324699845859, 157274, 0, 0.0, 20, 
2019-12-04 15:19:01.981,368627736, 1278.3957161740407, 2914680, 67.44324699845859, 157340, 0, 0.0, 20, 
2019-12-04 15:19:03.003,394601856, 1278.3957161740407, 2915991, 67.44324699845859, 157405, 0, 0.0, 20, 
2019-12-04 15:19:04.025,135467128, 1278.3957161740407, 2917341, 67.44324699845859, 157476, 0, 0.0, 20, 
2019-12-04 15:19:05.05,160341648, 1284.4407009438762, 2918769, 67.42379804230717, 157556, 0, 0.0, 20, 
2019-12-04 15:19:06.077,186579160, 1284.4407009438762, 2920190, 67.42379804230717, 157629, 0, 0.0, 20, 
2019-12-04 15:19:07.108,211352272, 1284.4407009438762, 2921596, 67.42379804230717, 157687, 0, 0.0, 20, 
2019-12-04 15:19:08.136,237062448, 1284.4407009438762, 2922988, 67.42379804230717, 157764, 0, 0.0, 20, 
2019-12-04 15:19:09.161,263089888, 1284.4407009438762, 2924422, 67.42379804230717, 157843, 0, 0.0, 20, 
2019-12-04 15:19:10.193,290092480, 1291.6814227106665, 2925865, 67.70973536323825, 157924, 0, 0.0, 20, 
2019-12-04 15:19:11.219,317246648, 1291.6814227106665, 2927249, 67.70973536323825, 158002, 0, 0.0, 20, 
2019-12-04 15:19:12.242,341832656, 1291.6814227106665, 2928682, 67.70973536323825, 158073, 0, 0.0, 20, 
2019-12-04 15:19:13.265,368239040, 1291.6814227106665, 2930143, 67.70973536323825, 158162, 0, 0.0, 20, 
2019-12-04 15:19:14.289,394191304, 1291.6814227106665, 2931586, 67.70973536323825, 158238, 0, 0.0, 20, 
2019-12-04 15:19:15.313,136825144, 1300.438044666799, 2932955, 68.42056167637077, 158324, 0, 0.0, 20, 
2019-12-04 15:19:16.338,160481648, 1300.438044666799, 2934323, 68.42056167637077, 158386, 0, 0.0, 20, 
2019-12-04 15:19:17.364,187995560, 1300.438044666799, 2935763, 68.42056167637077, 158460, 0, 0.0, 20, 
2019-12-04 15:19:18.389,214473944, 1300.438044666799, 2937153, 68.42056167637077, 158548, 0, 0.0, 20, 
2019-12-04 15:19:19.414,240774056, 1305.1683734371388, 2938547, 68.99459787016922, 158620, 0, 0.0, 20, 
2019-12-04 15:19:20.446,263735168, 1305.1683734371388, 2939907, 68.99459787016922, 158694, 0, 0.0, 20, 
2019-12-04 15:19:21.479,288983608, 1305.1683734371388, 2941215, 68.99459787016922, 158766, 0, 0.0, 20, 
2019-12-04 15:19:22.505,313319912, 1305.1683734371388, 2942577, 68.99459787016922, 158827, 0, 0.0, 20, 
2019-12-04 15:19:23.53,336610568, 1305.1683734371388, 2943815, 68.99459787016922, 158890, 0, 0.0, 20, 
2019-12-04 15:19:24.554,362121632, 1303.907603908629, 2945180, 68.7391719274359, 158960, 0, 0.0, 20, 
2019-12-04 15:19:25.577,388548760, 1303.907603908629, 2946573, 68.7391719274359, 159039, 0, 0.0, 20, 
2019-12-04 15:19:26.6,131642440, 1303.907603908629, 2947898, 68.7391719274359, 159100, 0, 0.0, 20, 
2019-12-04 15:19:27.637,155308000, 1303.907603908629, 2949202, 68.7391719274359, 159157, 0, 0.0, 20, 
2019-12-04 15:19:28.661,179611496, 1303.907603908629, 2950572, 68.7391719274359, 159223, 0, 0.0, 20, 
2019-12-04 15:19:29.686,205002168, 1305.0663519215384, 2951950, 68.28029307643482, 159289, 0, 0.0, 20, 
2019-12-04 15:19:30.713,229536776, 1305.0663519215384, 2953311, 68.28029307643482, 159350, 0, 0.0, 20, 
2019-12-04 15:19:31.739,254195656, 1305.0663519215384, 2954655, 68.28029307643482, 159424, 0, 0.0, 20, 
2019-12-04 15:19:32.765,279440296, 1305.0663519215384, 2955980, 68.28029307643482, 159497, 0, 0.0, 20, 
2019-12-04 15:19:33.791,303546856, 1305.0663519215384, 2957328, 68.28029307643482, 159576, 0, 0.0, 20, 
2019-12-04 15:19:34.817,329748232, 1305.0770378318855, 2958638, 68.48175771847102, 159648, 0, 0.0, 20, 
2019-12-04 15:19:35.842,371223512, 1305.0770378318855, 2959852, 68.48175771847102, 159707, 0, 0.0, 20, 
2019-12-04 15:19:36.865,406591720, 1305.0770378318855, 2961180, 68.48175771847102, 159765, 0, 0.0, 20, 
2019-12-04 15:19:37.892,149071128, 1305.0770378318855, 2962534, 68.48175771847102, 159839, 0, 0.0, 20, 
2019-12-04 15:19:38.915,172471152, 1305.0770378318855, 2963874, 68.48175771847102, 159914, 0, 0.0, 20, 
2019-12-04 15:19:39.942,199440304, 1303.9035266805295, 2965318, 68.26733621026833, 159991, 0, 0.0, 20, 
2019-12-04 15:19:40.966,225014464, 1303.9035266805295, 2966680, 68.26733621026833, 160065, 0, 0.0, 20, 
2019-12-04 15:19:41.994,248349296, 1303.9035266805295, 2968034, 68.26733621026833, 160132, 0, 0.0, 20, 
2019-12-04 15:19:43.043,274392200, 1303.9035266805295, 2969393, 68.26733621026833, 160202, 0, 0.0, 20, 
2019-12-04 15:19:44.066,299894800, 1303.9035266805295, 2970775, 68.26733621026833, 160263, 0, 0.0, 20, 
2019-12-04 15:19:45.089,326340544, 1306.4858101101963, 2972201, 68.24596118708556, 160338, 0, 0.0, 20, 
2019-12-04 15:19:46.115,350664704, 1306.4858101101963, 2973631, 68.24596118708556, 160393, 0, 0.0, 20, 
2019-12-04 15:19:47.141,374212296, 1306.4858101101963, 2974885, 68.24596118708556, 160455, 0, 0.0, 20, 
2019-12-04 15:19:48.167,397954936, 1306.4858101101963, 2976172, 68.24596118708556, 160526, 0, 0.0, 20, 
2019-12-04 15:19:49.193,139408856, 1306.4858101101963, 2977592, 68.24596118708556, 160598, 0, 0.0, 20, 
2019-12-04 15:19:50.22,164164360, 1308.126034171241, 2978906, 68.00241957735577, 160666, 0, 0.0, 20, 
2019-12-04 15:19:51.242,187576552, 1308.126034171241, 2980224, 68.00241957735577, 160740, 0, 0.0, 20, 
2019-12-04 15:19:52.265,214408520, 1308.126034171241, 2981579, 68.00241957735577, 160810, 0, 0.0, 20, 
2019-12-04 15:19:53.288,238201888, 1308.126034171241, 2982965, 68.00241957735577, 160859, 0, 0.0, 20, 
2019-12-04 15:19:54.316,262544912, 1308.126034171241, 2984298, 68.00241957735577, 160936, 0, 0.0, 20, 
2019-12-04 15:19:55.341,287919152, 1308.0519925670062, 2985644, 67.79434159666818, 160991, 0, 0.0, 20, 
2019-12-04 15:19:56.381,312484640, 1308.0519925670062, 2987002, 67.79434159666818, 161052, 0, 0.0, 20, 
2019-12-04 15:19:57.409,337065944, 1308.0519925670062, 2988324, 67.79434159666818, 161131, 0, 0.0, 20, 
2019-12-04 15:19:58.432,363648896, 1308.0519925670062, 2989678, 67.79434159666818, 161210, 0, 0.0, 20, 
2019-12-04 15:19:59.456,386718664, 1308.3516666952846, 2991021, 67.71483843224816, 161277, 0, 0.0, 20, 
2019-12-04 15:20:00.48,128331832, 1308.3516666952846, 2992313, 67.71483843224816, 161327, 0, 0.0, 20, 
2019-12-04 15:20:01.508,151827344, 1308.3516666952846, 2993536, 67.71483843224816, 161387, 0, 0.0, 20, 
2019-12-04 15:20:02.531,175192600, 1308.3516666952846, 2994781, 67.71483843224816, 161468, 0, 0.0, 20, 
2019-12-04 15:20:03.554,200118968, 1308.3516666952846, 2996173, 67.71483843224816, 161551, 0, 0.0, 20, 
2019-12-04 15:20:04.579,225272952, 1304.5016719980895, 2997506, 67.67367422402643, 161619, 0, 0.0, 20, 
2019-12-04 15:20:05.602,250391128, 1304.5016719980895, 2998903, 67.67367422402643, 161687, 0, 0.0, 20, 
2019-12-04 15:20:06.627,276648968, 1304.5016719980895, 3000279, 67.67367422402643, 161775, 0, 0.0, 20, 
2019-12-04 15:20:07.65,300127616, 1304.5016719980895, 3001588, 67.67367422402643, 161845, 0, 0.0, 20, 
2019-12-04 15:20:08.672,323899384, 1304.5016719980895, 3002887, 67.67367422402643, 161911, 0, 0.0, 20, 
2019-12-04 15:20:09.695,348029504, 1304.70142727593, 3004207, 67.92364143150384, 161988, 0, 0.0, 20, 
2019-12-04 15:20:10.719,370480840, 1304.70142727593, 3005428, 67.92364143150384, 162051, 0, 0.0, 20, 
2019-12-04 15:20:11.74,396461240, 1304.70142727593, 3006859, 67.92364143150384, 162113, 0, 0.0, 20, 
2019-12-04 15:20:12.768,140190680, 1304.70142727593, 3008240, 67.92364143150384, 162193, 0, 0.0, 20, 
2019-12-04 15:20:13.793,165495864, 1304.70142727593, 3009600, 67.92364143150384, 162272, 0, 0.0, 20, 
2019-12-04 15:20:14.816,190866112, 1306.27643818905, 3010985, 68.02569342799082, 162335, 0, 0.0, 20, 
2019-12-04 15:20:15.852,215373688, 1306.27643818905, 3012312, 68.02569342799082, 162424, 0, 0.0, 20, 
2019-12-04 15:20:16.885,239815904, 1306.27643818905, 3013673, 68.02569342799082, 162497, 0, 0.0, 20, 
2019-12-04 15:20:17.914,265476504, 1306.27643818905, 3015040, 68.02569342799082, 162586, 0, 0.0, 20, 
2019-12-04 15:20:18.936,289858712, 1306.27643818905, 3016454, 68.02569342799082, 162650, 0, 0.0, 20, 
2019-12-04 15:20:19.962,316123176, 1307.5496158948306, 3017792, 68.51936372421383, 162715, 0, 0.0, 20, 
2019-12-04 15:20:20.986,342273280, 1307.5496158948306, 3019128, 68.51936372421383, 162783, 0, 0.0, 20, 
2019-12-04 15:20:22.015,368742272, 1307.5496158948306, 3020535, 68.51936372421383, 162851, 0, 0.0, 20, 
2019-12-04 15:20:23.042,392663032, 1307.5496158948306, 3021920, 68.51936372421383, 162923, 0, 0.0, 20, 
2019-12-04 15:20:24.065,132286112, 1307.5496158948306, 3023309, 68.51936372421383, 162987, 0, 0.0, 20, 
2019-12-04 15:20:25.089,158836704, 1311.1356546100592, 3024771, 68.50981992777228, 163081, 0, 0.0, 20, 
2019-12-04 15:20:26.112,182197120, 1311.1356546100592, 3026083, 68.50981992777228, 163143, 0, 0.0, 20, 
2019-12-04 15:20:27.136,199793368, 1311.1356546100592, 3026930, 68.50981992777228, 163201, 0, 0.0, 20, 
2019-12-04 15:20:28.16,210746056, 1311.1356546100592, 3027380, 68.50981992777228, 163229, 0, 0.0, 20, 
2019-12-04 15:20:29.184,222054208, 1311.1356546100592, 3027853, 68.50981992777228, 163258, 0, 0.0, 20, 
2019-12-04 15:20:30.208,233260784, 1273.1778874493805, 3028341, 66.85395415252596, 163288, 0, 0.0, 20, 
2019-12-04 15:20:31.236,243076552, 1273.1778874493805, 3028843, 66.85395415252596, 163310, 0, 0.0, 20, 
2019-12-04 15:20:32.26,253651880, 1273.1778874493805, 3029325, 66.85395415252596, 163332, 0, 0.0, 20, 
2019-12-04 15:20:33.283,265986360, 1273.1778874493805, 3029845, 66.85395415252596, 163361, 0, 0.0, 20, 
2019-12-04 15:20:34.307,276886344, 1273.1778874493805, 3030342, 66.85395415252596, 163394, 0, 0.0, 20, 
2019-12-04 15:20:35.33,287533328, 1210.174654199216, 3030839, 63.66740791892463, 163425, 0, 0.0, 20, 
2019-12-04 15:20:36.353,298272936, 1210.174654199216, 3031338, 63.66740791892463, 163465, 0, 0.0, 20, 
2019-12-04 15:20:37.375,309072864, 1210.174654199216, 3031832, 63.66740791892463, 163488, 0, 0.0, 20, 
2019-12-04 15:20:38.403,320085272, 1210.174654199216, 3032339, 63.66740791892463, 163515, 0, 0.0, 20, 
2019-12-04 15:20:39.428,331363208, 1152.6246503877412, 3032845, 60.831590557186445, 163538, 0, 0.0, 20, 
2019-12-04 15:20:40.452,341233368, 1152.6246503877412, 3033302, 60.831590557186445, 163562, 0, 0.0, 20, 
2019-12-04 15:20:41.48,352676640, 1152.6246503877412, 3033779, 60.831590557186445, 163593, 0, 0.0, 20, 
2019-12-04 15:20:42.505,363643520, 1152.6246503877412, 3034280, 60.831590557186445, 163618, 0, 0.0, 20, 
2019-12-04 15:20:43.528,374639032, 1152.6246503877412, 3034793, 60.831590557186445, 163642, 0, 0.0, 20, 
2019-12-04 15:20:44.554,384440288, 1098.2688725165738, 3035299, 57.982645876498324, 163671, 0, 0.0, 20, 
2019-12-04 15:20:45.584,396213792, 1098.2688725165738, 3035839, 57.982645876498324, 163689, 0, 0.0, 20, 
2019-12-04 15:20:46.609,405885840, 1098.2688725165738, 3036340, 57.982645876498324, 163717, 0, 0.0, 20, 
2019-12-04 15:20:47.638,132586176, 1098.2688725165738, 3036840, 57.982645876498324, 163738, 0, 0.0, 20, 
2019-12-04 15:20:48.684,143578856, 1098.2688725165738, 3037336, 57.982645876498324, 163756, 0, 0.0, 20, 
2019-12-04 15:20:49.707,154391272, 1050.0981211468993, 3037815, 55.23356129885022, 163789, 0, 0.0, 20, 
2019-12-04 15:20:50.733,164052808, 1050.0981211468993, 3038273, 55.23356129885022, 163814, 0, 0.0, 20, 
2019-12-04 15:20:51.761,175275456, 1050.0981211468993, 3038757, 55.23356129885022, 163842, 0, 0.0, 20, 
2019-12-04 15:20:52.785,185908032, 1050.0981211468993, 3039252, 55.23356129885022, 163865, 0, 0.0, 20, 
2019-12-04 15:20:53.812,197835800, 1050.0981211468993, 3039785, 55.23356129885022, 163907, 0, 0.0, 20, 
2019-12-04 15:20:54.838,208714888, 1004.6115388543209, 3040300, 53.152032665917254, 163933, 0, 0.0, 20, 
2019-12-04 15:20:55.864,219316872, 1004.6115388543209, 3040793, 53.152032665917254, 163955, 0, 0.0, 20, 
2019-12-04 15:20:56.893,230614032, 1004.6115388543209, 3041298, 53.152032665917254, 163990, 0, 0.0, 20, 
2019-12-04 15:20:57.918,256555184, 1004.6115388543209, 3041775, 53.152032665917254, 164017, 0, 0.0, 20, 
2019-12-04 15:20:58.944,265885696, 1004.6115388543209, 3042266, 53.152032665917254, 164033, 0, 0.0, 20, 
2019-12-04 15:20:59.969,276328512, 963.0497029827914, 3042773, 50.69323589277567, 164058, 0, 0.0, 20, 
2019-12-04 15:21:00.994,287062760, 963.0497029827914, 3043226, 50.69323589277567, 164084, 0, 0.0, 20, 
2019-12-04 15:21:02.019,298244192, 963.0497029827914, 3043741, 50.69323589277567, 164119, 0, 0.0, 20, 
2019-12-04 15:21:03.044,309495720, 963.0497029827914, 3044254, 50.69323589277567, 164135, 0, 0.0, 20, 
2019-12-04 15:21:04.071,319131800, 963.0497029827914, 3044711, 50.69323589277567, 164162, 0, 0.0, 20, 
2019-12-04 15:21:05.098,329750240, 923.7555543005572, 3045197, 48.71887376227258, 164199, 0, 0.0, 20, 
2019-12-04 15:21:06.126,340370296, 923.7555543005572, 3045678, 48.71887376227258, 164224, 0, 0.0, 20, 
2019-12-04 15:21:07.151,351267784, 923.7555543005572, 3046180, 48.71887376227258, 164247, 0, 0.0, 20, 
2019-12-04 15:21:08.176,362252800, 923.7555543005572, 3046685, 48.71887376227258, 164271, 0, 0.0, 20, 
2019-12-04 15:21:09.203,373106296, 923.7555543005572, 3047170, 48.71887376227258, 164301, 0, 0.0, 20, 
2019-12-04 15:21:10.228,385203024, 888.290810312041, 3047693, 46.99831961409238, 164325, 0, 0.0, 20, 
2019-12-04 15:21:11.254,395074896, 888.290810312041, 3048147, 46.99831961409238, 164355, 0, 0.0, 20, 
2019-12-04 15:21:12.279,406359576, 888.290810312041, 3048656, 46.99831961409238, 164379, 0, 0.0, 20, 
2019-12-04 15:21:13.304,135694344, 888.290810312041, 3049154, 46.99831961409238, 164399, 0, 0.0, 20, 
2019-12-04 15:21:14.328,147412184, 888.290810312041, 3049654, 46.99831961409238, 164424, 0, 0.0, 20, 
2019-12-04 15:21:15.353,159071440, 856.0774397330755, 3050177, 45.143484389731576, 164441, 0, 0.0, 20, 
2019-12-04 15:21:16.378,170266200, 856.0774397330755, 3050691, 45.143484389731576, 164466, 0, 0.0, 20, 
2019-12-04 15:21:17.406,180986912, 856.0774397330755, 3051184, 45.143484389731576, 164487, 0, 0.0, 20, 
2019-12-04 15:21:18.43,191660640, 856.0774397330755, 3051682, 45.143484389731576, 164508, 0, 0.0, 20, 
2019-12-04 15:21:19.454,202704672, 826.9194415677377, 3052181, 43.309024664907604, 164537, 0, 0.0, 20, 
2019-12-04 15:21:20.479,212914584, 826.9194415677377, 3052651, 43.309024664907604, 164559, 0, 0.0, 20, 
2019-12-04 15:21:21.514,223812392, 826.9194415677377, 3053163, 43.309024664907604, 164597, 0, 0.0, 20, 
2019-12-04 15:21:22.539,234047600, 826.9194415677377, 3053626, 43.309024664907604, 164619, 0, 0.0, 20, 
2019-12-04 15:21:23.563,245161128, 826.9194415677377, 3054123, 43.309024664907604, 164639, 0, 0.0, 20, 
2019-12-04 15:21:24.587,255744896, 798.7975077309418, 3054625, 41.89308923148116, 164667, 0, 0.0, 20, 
2019-12-04 15:21:25.612,265890752, 798.7975077309418, 3055092, 41.89308923148116, 164685, 0, 0.0, 20, 
2019-12-04 15:21:26.638,275769904, 798.7975077309418, 3055595, 41.89308923148116, 164716, 0, 0.0, 20, 
2019-12-04 15:21:27.663,287503344, 798.7975077309418, 3056063, 41.89308923148116, 164744, 0, 0.0, 20, 
2019-12-04 15:21:28.688,298461568, 798.7975077309418, 3056567, 41.89308923148116, 164767, 0, 0.0, 20, 
2019-12-04 15:21:29.712,309468400, 773.1159729807118, 3057058, 40.51041015911074, 164794, 0, 0.0, 20, 
2019-12-04 15:21:30.736,320198136, 773.1159729807118, 3057541, 40.51041015911074, 164830, 0, 0.0, 20, 
2019-12-04 15:21:31.76,331587736, 773.1159729807118, 3058039, 40.51041015911074, 164855, 0, 0.0, 20, 
2019-12-04 15:21:32.789,342513352, 773.1159729807118, 3058537, 40.51041015911074, 164879, 0, 0.0, 20, 
2019-12-04 15:21:33.812,352930064, 773.1159729807118, 3059044, 40.51041015911074, 164907, 0, 0.0, 20, 
2019-12-04 15:21:34.835,364534192, 749.967553886878, 3059556, 39.47815075746351, 164940, 0, 0.0, 20, 
2019-12-04 15:21:35.86,375215944, 749.967553886878, 3060006, 39.47815075746351, 164969, 0, 0.0, 20, 
2019-12-04 15:21:36.889,385670168, 749.967553886878, 3060484, 39.47815075746351, 164988, 0, 0.0, 20, 
2019-12-04 15:21:37.914,396015352, 749.967553886878, 3060968, 39.47815075746351, 165012, 0, 0.0, 20, 
2019-12-04 15:21:38.937,407596584, 749.967553886878, 3061487, 39.47815075746351, 165034, 0, 0.0, 20, 
2019-12-04 15:21:39.962,135624464, 727.7265042847235, 3061969, 38.240586153194926, 165054, 0, 0.0, 20, 
2019-12-04 15:21:40.987,145483144, 727.7265042847235, 3062464, 38.240586153194926, 165080, 0, 0.0, 20, 
2019-12-04 15:21:42.015,156227344, 727.7265042847235, 3062958, 38.240586153194926, 165106, 0, 0.0, 20, 
2019-12-04 15:21:43.039,167016488, 727.7265042847235, 3063424, 38.240586153194926, 165134, 0, 0.0, 20, 
2019-12-04 15:21:44.062,177173336, 727.7265042847235, 3063911, 38.240586153194926, 165163, 0, 0.0, 20, 
2019-12-04 15:21:45.084,189167520, 707.8394310374364, 3064425, 37.16593621959122, 165191, 0, 0.0, 20, 
2019-12-04 15:21:46.108,199674096, 707.8394310374364, 3064924, 37.16593621959122, 165211, 0, 0.0, 20, 
2019-12-04 15:21:47.132,209434136, 707.8394310374364, 3065418, 37.16593621959122, 165237, 0, 0.0, 20, 
2019-12-04 15:21:48.155,220115136, 707.8394310374364, 3065935, 37.16593621959122, 165253, 0, 0.0, 20, 
2019-12-04 15:21:49.181,231151712, 707.8394310374364, 3066439, 37.16593621959122, 165276, 0, 0.0, 20, 
2019-12-04 15:21:50.206,242115824, 690.6138452169125, 3066935, 36.00130826268185, 165296, 0, 0.0, 20, 
2019-12-04 15:21:51.232,255231320, 690.6138452169125, 3067445, 36.00130826268185, 165318, 0, 0.0, 20, 
2019-12-04 15:21:52.257,264578592, 690.6138452169125, 3067922, 36.00130826268185, 165345, 0, 0.0, 20, 
2019-12-04 15:21:53.284,275887104, 690.6138452169125, 3068412, 36.00130826268185, 165374, 0, 0.0, 20, 
2019-12-04 15:21:54.316,287017768, 690.6138452169125, 3068920, 36.00130826268185, 165400, 0, 0.0, 20, 
2019-12-04 15:21:55.342,297049320, 673.8380564037217, 3069383, 35.04173663532519, 165416, 0, 0.0, 20, 
2019-12-04 15:21:56.367,308083264, 673.8380564037217, 3069848, 35.04173663532519, 165441, 0, 0.0, 20, 
2019-12-04 15:21:57.393,318370008, 673.8380564037217, 3070331, 35.04173663532519, 165465, 0, 0.0, 20, 
2019-12-04 15:21:58.419,328993200, 673.8380564037217, 3070823, 35.04173663532519, 165484, 0, 0.0, 20, 
2019-12-04 15:21:59.444,340239136, 657.2202429416585, 3071296, 33.99897694839756, 165514, 0, 0.0, 20, 
2019-12-04 15:22:00.47,351013224, 657.2202429416585, 3071800, 33.99897694839756, 165546, 0, 0.0, 20, 
2019-12-04 15:22:01.494,361268224, 657.2202429416585, 3072287, 33.99897694839756, 165562, 0, 0.0, 20, 
2019-12-04 15:22:02.52,371818240, 657.2202429416585, 3072791, 33.99897694839756, 165594, 0, 0.0, 20, 
2019-12-04 15:22:03.548,382922240, 657.2202429416585, 3073301, 33.99897694839756, 165633, 0, 0.0, 20, 
2019-12-04 15:22:04.574,393260232, 643.3223436679849, 3073781, 33.63126305438219, 165662, 0, 0.0, 20, 
2019-12-04 15:22:05.597,404382040, 643.3223436679849, 3074283, 33.63126305438219, 165689, 0, 0.0, 20, 
2019-12-04 15:22:06.622,130631744, 643.3223436679849, 3074784, 33.63126305438219, 165717, 0, 0.0, 20, 
2019-12-04 15:22:07.648,140868400, 643.3223436679849, 3075264, 33.63126305438219, 165744, 0, 0.0, 20, 
2019-12-04 15:22:08.673,151659104, 643.3223436679849, 3075758, 33.63126305438219, 165773, 0, 0.0, 20, 
2019-12-04 15:22:09.698,161457912, 630.1198900222331, 3076238, 33.053083183899716, 165798, 0, 0.0, 20, 
2019-12-04 15:22:10.724,173336536, 630.1198900222331, 3076725, 33.053083183899716, 165827, 0, 0.0, 20, 
2019-12-04 15:22:11.756,184574416, 630.1198900222331, 3077243, 33.053083183899716, 165849, 0, 0.0, 20, 
2019-12-04 15:22:12.79,195321064, 630.1198900222331, 3077720, 33.053083183899716, 165873, 0, 0.0, 20, 
2019-12-04 15:22:13.815,205431152, 630.1198900222331, 3078179, 33.053083183899716, 165896, 0, 0.0, 20, 
2019-12-04 15:22:14.839,216303560, 617.6052505933515, 3078654, 32.31324750144745, 165924, 0, 0.0, 20, 
2019-12-04 15:22:15.869,227158288, 617.6052505933515, 3079139, 32.31324750144745, 165949, 0, 0.0, 20, 
2019-12-04 15:22:16.895,236184272, 617.6052505933515, 3079607, 32.31324750144745, 165977, 0, 0.0, 20, 
2019-12-04 15:22:17.918,248783240, 617.6052505933515, 3080130, 32.31324750144745, 166011, 0, 0.0, 20, 
2019-12-04 15:22:18.943,258897464, 617.6052505933515, 3080600, 32.31324750144745, 166031, 0, 0.0, 20, 
2019-12-04 15:22:19.967,269093840, 605.8033863783746, 3081091, 31.84045033602753, 166058, 0, 0.0, 20, 
2019-12-04 15:22:20.992,278535376, 605.8033863783746, 3081573, 31.84045033602753, 166090, 0, 0.0, 20, 
2019-12-04 15:22:22.017,288263240, 605.8033863783746, 3082042, 31.84045033602753, 166112, 0, 0.0, 20, 
2019-12-04 15:22:23.041,300261280, 605.8033863783746, 3082547, 31.84045033602753, 166135, 0, 0.0, 20, 
2019-12-04 15:22:24.066,311230480, 605.8033863783746, 3083042, 31.84045033602753, 166159, 0, 0.0, 20, 
2019-12-04 15:22:25.09,322030816, 595.6647473935076, 3083557, 31.27752700813727, 166180, 0, 0.0, 20, 
2019-12-04 15:22:26.115,333055808, 595.6647473935076, 3084068, 31.27752700813727, 166204, 0, 0.0, 20, 
2019-12-04 15:22:27.141,344231272, 595.6647473935076, 3084562, 31.27752700813727, 166236, 0, 0.0, 20, 
2019-12-04 15:22:28.163,356376152, 595.6647473935076, 3085086, 31.27752700813727, 166256, 0, 0.0, 20, 
2019-12-04 15:22:29.189,366330736, 595.6647473935076, 3085542, 31.27752700813727, 166284, 0, 0.0, 20, 
2019-12-04 15:22:30.218,377294848, 587.3281984821339, 3086050, 30.727630310299016, 166304, 0, 0.0, 20, 
2019-12-04 15:22:31.243,388446024, 587.3281984821339, 3086525, 30.727630310299016, 166332, 0, 0.0, 20, 
2019-12-04 15:22:32.268,399470312, 587.3281984821339, 3087037, 30.727630310299016, 166358, 0, 0.0, 20, 
2019-12-04 15:22:33.319,411198208, 587.3281984821339, 3087543, 30.727630310299016, 166384, 0, 0.0, 20, 
2019-12-04 15:22:34.343,137612872, 587.3281984821339, 3088052, 30.727630310299016, 166410, 0, 0.0, 20, 
2019-12-04 15:22:35.367,149740328, 579.0345496530491, 3088579, 30.237692041903955, 166432, 0, 0.0, 20, 
2019-12-04 15:22:36.39,160275368, 579.0345496530491, 3089061, 30.237692041903955, 166454, 0, 0.0, 20, 
2019-12-04 15:22:37.415,170930112, 579.0345496530491, 3089563, 30.237692041903955, 166478, 0, 0.0, 20, 
2019-12-04 15:22:38.44,182366816, 579.0345496530491, 3090044, 30.237692041903955, 166503, 0, 0.0, 20, 
2019-12-04 15:22:39.469,192935496, 571.5159621904716, 3090536, 29.658998137960836, 166527, 0, 0.0, 20, 
2019-12-04 15:22:40.493,203651584, 571.5159621904716, 3090996, 29.658998137960836, 166550, 0, 0.0, 20, 
2019-12-04 15:22:41.517,212167216, 571.5159621904716, 3091479, 29.658998137960836, 166575, 0, 0.0, 20, 
2019-12-04 15:22:42.541,223684224, 571.5159621904716, 3091952, 29.658998137960836, 166596, 0, 0.0, 20, 
2019-12-04 15:22:43.565,234178032, 571.5159621904716, 3092442, 29.658998137960836, 166627, 0, 0.0, 20, 
2019-12-04 15:22:44.59,245337400, 563.0154071992857, 3092927, 29.350449682895825, 166662, 0, 0.0, 20, 
2019-12-04 15:22:45.62,256415640, 563.0154071992857, 3093425, 29.350449682895825, 166684, 0, 0.0, 20, 
2019-12-04 15:22:46.645,266986928, 563.0154071992857, 3093915, 29.350449682895825, 166708, 0, 0.0, 20, 
2019-12-04 15:22:47.668,277422584, 563.0154071992857, 3094400, 29.350449682895825, 166732, 0, 0.0, 20, 
2019-12-04 15:22:48.693,288149096, 563.0154071992857, 3094885, 29.350449682895825, 166751, 0, 0.0, 20, 
2019-12-04 15:22:49.717,299324968, 556.5697551267714, 3095395, 28.826704644058726, 166779, 0, 0.0, 20, 
2019-12-04 15:22:50.742,308949256, 556.5697551267714, 3095855, 28.826704644058726, 166801, 0, 0.0, 20, 
2019-12-04 15:22:51.769,320677048, 556.5697551267714, 3096365, 28.826704644058726, 166824, 0, 0.0, 20, 
2019-12-04 15:22:52.794,331448664, 556.5697551267714, 3096858, 28.826704644058726, 166860, 0, 0.0, 20, 
2019-12-04 15:22:53.824,343665632, 556.5697551267714, 3097364, 28.826704644058726, 166888, 0, 0.0, 20, 
2019-12-04 15:22:54.848,354699008, 550.5435222363658, 3097871, 28.760604990314352, 166918, 0, 0.0, 20, 
2019-12-04 15:22:55.872,364568320, 550.5435222363658, 3098374, 28.760604990314352, 166943, 0, 0.0, 20, 
2019-12-04 15:22:56.896,376425304, 550.5435222363658, 3098842, 28.760604990314352, 166968, 0, 0.0, 20, 
2019-12-04 15:22:57.921,386116000, 550.5435222363658, 3099332, 28.760604990314352, 166994, 0, 0.0, 20, 
2019-12-04 15:22:58.946,397813912, 550.5435222363658, 3099817, 28.760604990314352, 167026, 0, 0.0, 20, 
2019-12-04 15:22:59.975,408409744, 544.8871825047737, 3100324, 28.539879202336557, 167054, 0, 0.0, 20, 
2019-12-04 15:23:00.999,134518088, 544.8871825047737, 3100823, 28.539879202336557, 167081, 0, 0.0, 20, 
2019-12-04 15:23:02.026,145377512, 544.8871825047737, 3101331, 28.539879202336557, 167104, 0, 0.0, 20, 
2019-12-04 15:23:03.051,156259840, 544.8871825047737, 3101820, 28.539879202336557, 167137, 0, 0.0, 20, 
2019-12-04 15:23:04.074,166463328, 544.8871825047737, 3102321, 28.539879202336557, 167158, 0, 0.0, 20, 
2019-12-04 15:23:05.098,177185544, 540.0668855372558, 3102810, 28.30481943979466, 167180, 0, 0.0, 20, 
2019-12-04 15:23:06.123,187052880, 540.0668855372558, 3103297, 28.30481943979466, 167200, 0, 0.0, 20, 
2019-12-04 15:23:07.147,198704128, 540.0668855372558, 3103799, 28.30481943979466, 167232, 0, 0.0, 20, 
2019-12-04 15:23:08.182,210178728, 540.0668855372558, 3104299, 28.30481943979466, 167257, 0, 0.0, 20, 
2019-12-04 15:23:09.208,221484024, 540.0668855372558, 3104828, 28.30481943979466, 167277, 0, 0.0, 20, 
2019-12-04 15:23:10.233,233031848, 536.095740630586, 3105321, 27.864678379125998, 167301, 0, 0.0, 20, 
2019-12-04 15:23:11.259,242454504, 536.095740630586, 3105814, 27.864678379125998, 167330, 0, 0.0, 20, 
2019-12-04 15:23:12.286,253965064, 536.095740630586, 3106298, 27.864678379125998, 167358, 0, 0.0, 20, 
2019-12-04 15:23:13.311,265384328, 536.095740630586, 3106760, 27.864678379125998, 167382, 0, 0.0, 20, 
2019-12-04 15:23:14.337,276788000, 536.095740630586, 3107277, 27.864678379125998, 167418, 0, 0.0, 20, 
2019-12-04 15:23:15.362,286493256, 531.3707060955538, 3107789, 27.875498098536287, 167448, 0, 0.0, 20, 
2019-12-04 15:23:16.386,297540472, 531.3707060955538, 3108281, 27.875498098536287, 167467, 0, 0.0, 20, 
2019-12-04 15:23:17.409,308013416, 531.3707060955538, 3108759, 27.875498098536287, 167486, 0, 0.0, 20, 
2019-12-04 15:23:18.438,320430232, 531.3707060955538, 3109293, 27.875498098536287, 167511, 0, 0.0, 20, 
2019-12-04 15:23:19.462,330552016, 528.1268515407821, 3109788, 27.43770144287179, 167534, 0, 0.0, 20, 
2019-12-04 15:23:20.486,342586552, 528.1268515407821, 3110325, 27.43770144287179, 167565, 0, 0.0, 20, 
2019-12-04 15:23:21.51,352528048, 528.1268515407821, 3110831, 27.43770144287179, 167586, 0, 0.0, 20, 
2019-12-04 15:23:22.536,363767952, 528.1268515407821, 3111313, 27.43770144287179, 167606, 0, 0.0, 20, 
2019-12-04 15:23:23.559,374564144, 528.1268515407821, 3111808, 27.43770144287179, 167639, 0, 0.0, 20, 
2019-12-04 15:23:24.584,386125800, 525.7020503733893, 3112338, 27.21081136289976, 167664, 0, 0.0, 20, 
2019-12-04 15:23:25.609,396591408, 525.7020503733893, 3112792, 27.21081136289976, 167694, 0, 0.0, 20, 
2019-12-04 15:23:26.638,406470992, 525.7020503733893, 3113314, 27.21081136289976, 167722, 0, 0.0, 20, 
2019-12-04 15:23:27.662,135442936, 525.7020503733893, 3113782, 27.21081136289976, 167740, 0, 0.0, 20, 
2019-12-04 15:23:28.689,146739488, 525.7020503733893, 3114269, 27.21081136289976, 167765, 0, 0.0, 20, 
2019-12-04 15:23:29.714,156939264, 521.3443070318829, 3114762, 26.986071295012565, 167786, 0, 0.0, 20, 
2019-12-04 15:23:30.738,166339672, 521.3443070318829, 3115251, 26.986071295012565, 167810, 0, 0.0, 20, 
2019-12-04 15:23:31.762,177319304, 521.3443070318829, 3115740, 26.986071295012565, 167837, 0, 0.0, 20, 
2019-12-04 15:23:32.789,189713744, 521.3443070318829, 3116218, 26.986071295012565, 167861, 0, 0.0, 20, 
2019-12-04 15:23:33.813,200252776, 521.3443070318829, 3116699, 26.986071295012565, 167892, 0, 0.0, 20, 
2019-12-04 15:23:34.838,211280744, 517.4149451955124, 3117188, 26.84326491910607, 167913, 0, 0.0, 20, 
2019-12-04 15:23:35.862,221976128, 517.4149451955124, 3117662, 26.84326491910607, 167944, 0, 0.0, 20, 
2019-12-04 15:23:36.889,233051456, 517.4149451955124, 3118123, 26.84326491910607, 167971, 0, 0.0, 20, 
2019-12-04 15:23:37.913,242694896, 517.4149451955124, 3118604, 26.84326491910607, 167998, 0, 0.0, 20, 
2019-12-04 15:23:38.937,253533728, 517.4149451955124, 3119076, 26.84326491910607, 168019, 0, 0.0, 20, 
2019-12-04 15:23:39.96,263418904, 513.1441219848625, 3119558, 26.647912242283304, 168039, 0, 0.0, 20, 
2019-12-04 15:23:40.983,274546304, 513.1441219848625, 3120077, 26.647912242283304, 168061, 0, 0.0, 20, 
2019-12-04 15:23:42.056,285865784, 513.1441219848625, 3120562, 26.647912242283304, 168085, 0, 0.0, 20, 
2019-12-04 15:23:43.081,295849344, 513.1441219848625, 3121051, 26.647912242283304, 168118, 0, 0.0, 20, 
2019-12-04 15:23:44.112,307763872, 513.1441219848625, 3121585, 26.647912242283304, 168141, 0, 0.0, 20, 
2019-12-04 15:23:45.136,319512912, 511.14970011000526, 3122084, 26.436196868941362, 168160, 0, 0.0, 20, 
2019-12-04 15:23:46.16,329796120, 511.14970011000526, 3122607, 26.436196868941362, 168189, 0, 0.0, 20, 
2019-12-04 15:23:47.185,339977968, 511.14970011000526, 3123106, 26.436196868941362, 168207, 0, 0.0, 20, 
2019-12-04 15:23:48.209,351428472, 511.14970011000526, 3123613, 26.436196868941362, 168234, 0, 0.0, 20, 
2019-12-04 15:23:49.234,362156704, 511.14970011000526, 3124117, 26.436196868941362, 168257, 0, 0.0, 20, 
2019-12-04 15:23:50.257,373580464, 509.77848579877826, 3124651, 26.113480385613865, 168273, 0, 0.0, 20, 
2019-12-04 15:23:51.281,383939544, 509.77848579877826, 3125136, 26.113480385613865, 168293, 0, 0.0, 20, 
2019-12-04 15:23:52.306,394879192, 509.77848579877826, 3125653, 26.113480385613865, 168311, 0, 0.0, 20, 
2019-12-04 15:23:53.33,406192552, 509.77848579877826, 3126180, 26.113480385613865, 168336, 0, 0.0, 20, 
2019-12-04 15:23:54.355,133880728, 509.77848579877826, 3126677, 26.113480385613865, 168359, 0, 0.0, 20, 
2019-12-04 15:23:55.379,143461400, 508.94866789147574, 3127167, 25.6886379510265, 168387, 0, 0.0, 20, 
2019-12-04 15:23:56.404,154685320, 508.94866789147574, 3127661, 25.6886379510265, 168409, 0, 0.0, 20, 
2019-12-04 15:23:57.429,166687584, 508.94866789147574, 3128152, 25.6886379510265, 168437, 0, 0.0, 20, 
2019-12-04 15:23:58.453,176551024, 508.94866789147574, 3128619, 25.6886379510265, 168466, 0, 0.0, 20, 
2019-12-04 15:23:59.478,186410504, 506.2822556288805, 3129106, 25.841462022507475, 168502, 0, 0.0, 20, 
2019-12-04 15:24:00.504,197976848, 506.2822556288805, 3129598, 25.841462022507475, 168520, 0, 0.0, 20, 
2019-12-04 15:24:01.528,208949392, 506.2822556288805, 3130078, 25.841462022507475, 168547, 0, 0.0, 20, 
2019-12-04 15:24:02.553,220858304, 506.2822556288805, 3130574, 25.841462022507475, 168583, 0, 0.0, 20, 
2019-12-04 15:24:03.583,232367080, 506.2822556288805, 3131071, 25.841462022507475, 168608, 0, 0.0, 20, 
2019-12-04 15:24:04.612,242296408, 504.116878026915, 3131567, 25.838146902227233, 168632, 0, 0.0, 20, 
2019-12-04 15:24:05.636,253484000, 504.116878026915, 3132059, 25.838146902227233, 168669, 0, 0.0, 20, 
2019-12-04 15:24:06.667,263196120, 504.116878026915, 3132545, 25.838146902227233, 168690, 0, 0.0, 20, 
2019-12-04 15:24:07.691,273719936, 504.116878026915, 3133043, 25.838146902227233, 168713, 0, 0.0, 20, 
2019-12-04 15:24:08.717,284393568, 504.116878026915, 3133553, 25.838146902227233, 168733, 0, 0.0, 20, 
2019-12-04 15:24:09.742,295305512, 502.3645012147753, 3134040, 25.69117679066236, 168756, 0, 0.0, 20, 
2019-12-04 15:24:10.768,305433216, 502.3645012147753, 3134534, 25.69117679066236, 168783, 0, 0.0, 20, 
2019-12-04 15:24:11.793,317510104, 502.3645012147753, 3135040, 25.69117679066236, 168805, 0, 0.0, 20, 
2019-12-04 15:24:12.819,327941768, 502.3645012147753, 3135542, 25.69117679066236, 168829, 0, 0.0, 20, 
2019-12-04 15:24:13.848,338670712, 502.3645012147753, 3136014, 25.69117679066236, 168864, 0, 0.0, 20, 
2019-12-04 15:24:14.873,349207464, 500.3204765554385, 3136486, 25.79582451651168, 168888, 0, 0.0, 20, 
2019-12-04 15:24:15.9,361171120, 500.3204765554385, 3136986, 25.79582451651168, 168914, 0, 0.0, 20, 
2019-12-04 15:24:16.922,371121832, 500.3204765554385, 3137495, 25.79582451651168, 168930, 0, 0.0, 20, 
2019-12-04 15:24:17.947,382116120, 500.3204765554385, 3137965, 25.79582451651168, 168952, 0, 0.0, 20, 
2019-12-04 15:24:18.977,394179224, 500.3204765554385, 3138463, 25.79582451651168, 168983, 0, 0.0, 20, 
2019-12-04 15:24:20.002,403824224, 498.6477676062149, 3138967, 25.60426496484857, 169012, 0, 0.0, 20, 
2019-12-04 15:24:21.026,129149944, 498.6477676062149, 3139461, 25.60426496484857, 169030, 0, 0.0, 20, 
2019-12-04 15:24:22.05,140932480, 498.6477676062149, 3139960, 25.60426496484857, 169053, 0, 0.0, 20, 
2019-12-04 15:24:23.074,151677760, 498.6477676062149, 3140462, 25.60426496484857, 169076, 0, 0.0, 20, 
2019-12-04 15:24:24.099,162377224, 498.6477676062149, 3140970, 25.60426496484857, 169097, 0, 0.0, 20, 
2019-12-04 15:24:25.124,173482392, 498.06826810462934, 3141427, 25.204146030234135, 169120, 0, 0.0, 20, 
2019-12-04 15:24:26.148,184391464, 498.06826810462934, 3141927, 25.204146030234135, 169146, 0, 0.0, 20, 
2019-12-04 15:24:27.172,195061688, 498.06826810462934, 3142433, 25.204146030234135, 169170, 0, 0.0, 20, 
2019-12-04 15:24:28.197,207327536, 498.06826810462934, 3142938, 25.204146030234135, 169198, 0, 0.0, 20, 
2019-12-04 15:24:29.222,216292744, 498.06826810462934, 3143412, 25.204146030234135, 169229, 0, 0.0, 20, 
2019-12-04 15:24:30.245,227165528, 496.15986675653943, 3143896, 25.315752351478746, 169251, 0, 0.0, 20, 
2019-12-04 15:24:31.268,237484896, 496.15986675653943, 3144391, 25.315752351478746, 169276, 0, 0.0, 20, 
2019-12-04 15:24:32.292,249064832, 496.15986675653943, 3144900, 25.315752351478746, 169299, 0, 0.0, 20, 
2019-12-04 15:24:33.315,261386896, 496.15986675653943, 3145419, 25.315752351478746, 169323, 0, 0.0, 20, 
2019-12-04 15:24:34.347,272370720, 496.15986675653943, 3145913, 25.315752351478746, 169354, 0, 0.0, 20, 
2019-12-04 15:24:35.37,282273480, 495.7313154725115, 3146403, 25.21055060201342, 169384, 0, 0.0, 20, 
2019-12-04 15:24:36.398,293260240, 495.7313154725115, 3146867, 25.21055060201342, 169405, 0, 0.0, 20, 
2019-12-04 15:24:37.423,304291416, 495.7313154725115, 3147349, 25.21055060201342, 169426, 0, 0.0, 20, 
2019-12-04 15:24:38.448,316126592, 495.7313154725115, 3147845, 25.21055060201342, 169452, 0, 0.0, 20, 
2019-12-04 15:24:39.472,326783560, 494.121704359625, 3148358, 25.161733671231016, 169481, 0, 0.0, 20, 
2019-12-04 15:24:40.495,336823784, 494.121704359625, 3148851, 25.161733671231016, 169510, 0, 0.0, 20, 
2019-12-04 15:24:41.519,347909064, 494.121704359625, 3149338, 25.161733671231016, 169536, 0, 0.0, 20, 
2019-12-04 15:24:42.541,359209432, 494.121704359625, 3149820, 25.161733671231016, 169564, 0, 0.0, 20, 
2019-12-04 15:24:43.564,369457304, 494.121704359625, 3150332, 25.161733671231016, 169600, 0, 0.0, 20, 
2019-12-04 15:24:44.595,371475592, 488.0193578110634, 3150401, 25.164793277947727, 169605, 0, 0.0, 20, 
2019-12-04 15:24:45.621,372368904, 488.0193578110634, 3150401, 25.164793277947727, 169605, 0, 0.0, 20, 
2019-12-04 15:24:46.649,373286232, 488.0193578110634, 3150401, 25.164793277947727, 169605, 0, 0.0, 20, 
