Timestamp, MemoryUsed, ReadLatency1, ReadCount, WriteLatency1, WriteCount, PendingTasks, WaitingOnCommit1, SRDelay, 
2019-12-04 15:15:42.372,351592936, 87.80684119874114, 2669557, 6.054574249657222, 144443, 0, 0.0, 20, 
2019-12-04 15:15:43.442,360230920, 87.80684119874114, 2669915, 6.054574249657222, 144462, 0, 0.0, 20, 
2019-12-04 15:15:44.48,372397968, 98.74421828539974, 2670483, 6.465979777507232, 144491, 0, 0.0, 20, 
2019-12-04 15:15:45.516,384159912, 98.74421828539974, 2671157, 6.465979777507232, 144518, 0, 0.0, 20, 
2019-12-04 15:15:46.556,399395312, 98.74421828539974, 2671867, 6.465979777507232, 144552, 0, 0.0, 20, 
2019-12-04 15:15:47.585,126063072, 98.74421828539974, 2672650, 6.465979777507232, 144594, 0, 0.0, 20, 
2019-12-04 15:15:48.621,140259520, 98.74421828539974, 2673399, 6.465979777507232, 144634, 0, 0.0, 20, 
2019-12-04 15:15:49.655,155492760, 146.91392297233924, 2674138, 8.891354121042587, 144687, 0, 0.0, 20, 
2019-12-04 15:15:50.681,170810120, 146.91392297233924, 2674944, 8.891354121042587, 144743, 0, 0.0, 20, 
2019-12-04 15:15:51.709,185938144, 146.91392297233924, 2675739, 8.891354121042587, 144787, 0, 0.0, 20, 
2019-12-04 15:15:52.735,204461056, 146.91392297233924, 2676579, 8.891354121042587, 144825, 0, 0.0, 20, 
2019-12-04 15:15:53.773,219533336, 146.91392297233924, 2677399, 8.891354121042587, 144863, 0, 0.0, 20, 
2019-12-04 15:15:54.799,235706992, 198.92391803656096, 2678265, 11.698486453866423, 144912, 0, 0.0, 20, 
2019-12-04 15:15:55.828,253279848, 198.92391803656096, 2679121, 11.698486453866423, 144961, 0, 0.0, 20, 
2019-12-04 15:15:56.855,270479888, 198.92391803656096, 2680061, 11.698486453866423, 145003, 0, 0.0, 20, 
2019-12-04 15:15:57.884,300838960, 198.92391803656096, 2681037, 11.698486453866423, 145047, 0, 0.0, 20, 
2019-12-04 15:15:58.916,319147536, 198.92391803656096, 2682012, 11.698486453866423, 145105, 0, 0.0, 20, 
2019-12-04 15:15:59.942,338029440, 256.22617369111083, 2683062, 14.569012985140812, 145161, 0, 0.0, 20, 
2019-12-04 15:16:00.969,357298904, 256.22617369111083, 2684136, 14.569012985140812, 145210, 0, 0.0, 20, 
2019-12-04 15:16:01.996,380284000, 256.22617369111083, 2685386, 14.569012985140812, 145270, 0, 0.0, 20, 
2019-12-04 15:16:03.024,121618944, 256.22617369111083, 2686558, 14.569012985140812, 145324, 0, 0.0, 20, 
2019-12-04 15:16:04.049,143805992, 256.22617369111083, 2687835, 14.569012985140812, 145393, 0, 0.0, 20, 
2019-12-04 15:16:05.076,165669640, 326.39310267962264, 2689038, 17.961607389769462, 145465, 0, 0.0, 20, 
2019-12-04 15:16:06.1,185795144, 326.39310267962264, 2690115, 17.961607389769462, 145530, 0, 0.0, 20, 
2019-12-04 15:16:07.127,207095608, 326.39310267962264, 2691285, 17.961607389769462, 145596, 0, 0.0, 20, 
2019-12-04 15:16:08.151,232397336, 326.39310267962264, 2692736, 17.961607389769462, 145671, 0, 0.0, 20, 
2019-12-04 15:16:09.183,256584296, 326.39310267962264, 2694039, 17.961607389769462, 145725, 0, 0.0, 20, 
2019-12-04 15:16:10.217,278274192, 397.41020508514595, 2695309, 21.67461625459375, 145791, 0, 0.0, 20, 
2019-12-04 15:16:11.24,299592096, 397.41020508514595, 2696392, 21.67461625459375, 145856, 0, 0.0, 20, 
2019-12-04 15:16:12.267,321224696, 397.41020508514595, 2697559, 21.67461625459375, 145918, 0, 0.0, 20, 
2019-12-04 15:16:13.291,345256440, 397.41020508514595, 2698876, 21.67461625459375, 145987, 0, 0.0, 20, 
2019-12-04 15:16:14.322,370018224, 397.41020508514595, 2700251, 21.67461625459375, 146053, 0, 0.0, 20, 
2019-12-04 15:16:15.355,393779720, 462.3812978038012, 2701580, 25.01079373677383, 146122, 0, 0.0, 20, 
2019-12-04 15:16:16.385,129780232, 462.3812978038012, 2702556, 25.01079373677383, 146184, 0, 0.0, 20, 
2019-12-04 15:16:17.417,148762632, 462.3812978038012, 2703541, 25.01079373677383, 146240, 0, 0.0, 20, 
2019-12-04 15:16:18.443,167303728, 462.3812978038012, 2704517, 25.01079373677383, 146295, 0, 0.0, 20, 
2019-12-04 15:16:19.473,183550920, 506.1344894636803, 2705401, 27.664456151538207, 146347, 0, 0.0, 20, 
2019-12-04 15:16:20.504,205751552, 506.1344894636803, 2706478, 27.664456151538207, 146411, 0, 0.0, 20, 
2019-12-04 15:16:21.528,223874816, 506.1344894636803, 2707403, 27.664456151538207, 146455, 0, 0.0, 20, 
2019-12-04 15:16:22.557,242388152, 506.1344894636803, 2708285, 27.664456151538207, 146505, 0, 0.0, 20, 
2019-12-04 15:16:23.588,259207016, 506.1344894636803, 2709194, 27.664456151538207, 146555, 0, 0.0, 20, 
2019-12-04 15:16:24.618,275045664, 535.6753206328877, 2709886, 29.2744053466989, 146595, 0, 0.0, 20, 
2019-12-04 15:16:25.643,288949408, 535.6753206328877, 2710580, 29.2744053466989, 146630, 0, 0.0, 20, 
2019-12-04 15:16:26.67,305088688, 535.6753206328877, 2711411, 29.2744053466989, 146684, 0, 0.0, 20, 
2019-12-04 15:16:27.696,320650552, 535.6753206328877, 2712241, 29.2744053466989, 146730, 0, 0.0, 20, 
2019-12-04 15:16:28.72,338819632, 535.6753206328877, 2713102, 29.2744053466989, 146771, 0, 0.0, 20, 
2019-12-04 15:16:29.744,360812992, 558.6325424460531, 2714278, 30.515763355431435, 146834, 0, 0.0, 20, 
2019-12-04 15:16:30.777,381470528, 558.6325424460531, 2715400, 30.515763355431435, 146888, 0, 0.0, 20, 
2019-12-04 15:16:31.825,126495592, 558.6325424460531, 2716593, 30.515763355431435, 146959, 0, 0.0, 20, 
2019-12-04 15:16:32.852,146965600, 558.6325424460531, 2717760, 30.515763355431435, 147019, 0, 0.0, 20, 
2019-12-04 15:16:33.884,168764056, 558.6325424460531, 2718993, 30.515763355431435, 147075, 0, 0.0, 20, 
2019-12-04 15:16:34.914,192747808, 605.9796381522442, 2720219, 32.82521940433307, 147147, 0, 0.0, 20, 
2019-12-04 15:16:35.938,214952256, 605.9796381522442, 2721482, 32.82521940433307, 147204, 0, 0.0, 20, 
2019-12-04 15:16:36.973,236672016, 605.9796381522442, 2722617, 32.82521940433307, 147261, 0, 0.0, 20, 
2019-12-04 15:16:38.006,260259912, 605.9796381522442, 2723840, 32.82521940433307, 147320, 0, 0.0, 20, 
2019-12-04 15:16:39.032,278877304, 605.9796381522442, 2724855, 32.82521940433307, 147380, 0, 0.0, 20, 
2019-12-04 15:16:40.063,302182984, 648.2617797397147, 2726047, 34.95002154295692, 147456, 0, 0.0, 20, 
2019-12-04 15:16:41.095,325059192, 648.2617797397147, 2727230, 34.95002154295692, 147525, 0, 0.0, 20, 
2019-12-04 15:16:42.122,347518488, 648.2617797397147, 2728440, 34.95002154295692, 147590, 0, 0.0, 20, 
2019-12-04 15:16:43.145,371445536, 648.2617797397147, 2729729, 34.95002154295692, 147649, 0, 0.0, 20, 
2019-12-04 15:16:44.169,393235360, 648.2617797397147, 2730894, 34.95002154295692, 147714, 0, 0.0, 20, 
2019-12-04 15:16:45.195,129751816, 690.4733891801791, 2732159, 37.41664962916256, 147782, 0, 0.0, 20, 
2019-12-04 15:16:46.222,153679712, 690.4733891801791, 2733406, 37.41664962916256, 147837, 0, 0.0, 20, 
2019-12-04 15:16:47.248,176516264, 690.4733891801791, 2734638, 37.41664962916256, 147906, 0, 0.0, 20, 
2019-12-04 15:16:48.279,198113960, 690.4733891801791, 2735811, 37.41664962916256, 147971, 0, 0.0, 20, 
2019-12-04 15:16:49.303,223519384, 690.4733891801791, 2737130, 37.41664962916256, 148049, 0, 0.0, 20, 
2019-12-04 15:16:50.325,246695624, 732.5401503273681, 2738372, 39.57411920332493, 148113, 0, 0.0, 20, 
2019-12-04 15:16:51.35,269671968, 732.5401503273681, 2739623, 39.57411920332493, 148169, 0, 0.0, 20, 
2019-12-04 15:16:52.377,292489096, 732.5401503273681, 2740839, 39.57411920332493, 148236, 0, 0.0, 20, 
2019-12-04 15:16:53.399,317247240, 732.5401503273681, 2742149, 39.57411920332493, 148306, 0, 0.0, 20, 
2019-12-04 15:16:54.427,341026784, 773.4502131186158, 2743488, 41.44714921524678, 148370, 0, 0.0, 20, 
2019-12-04 15:16:55.449,364406608, 773.4502131186158, 2744717, 41.44714921524678, 148457, 0, 0.0, 20, 
2019-12-04 15:16:56.472,387729920, 773.4502131186158, 2745988, 41.44714921524678, 148523, 0, 0.0, 20, 
2019-12-04 15:16:57.499,132436728, 773.4502131186158, 2747191, 41.44714921524678, 148580, 0, 0.0, 20, 
2019-12-04 15:16:58.521,153013600, 773.4502131186158, 2748377, 41.44714921524678, 148634, 0, 0.0, 20, 
2019-12-04 15:16:59.545,178456584, 808.226877935568, 2749729, 43.458260123483015, 148709, 0, 0.0, 20, 
2019-12-04 15:17:00.57,203383328, 808.226877935568, 2751108, 43.458260123483015, 148779, 0, 0.0, 20, 
2019-12-04 15:17:01.592,229782984, 808.226877935568, 2752567, 43.458260123483015, 148852, 0, 0.0, 20, 
2019-12-04 15:17:02.614,256587576, 808.226877935568, 2754016, 43.458260123483015, 148922, 0, 0.0, 20, 
2019-12-04 15:17:03.639,282905944, 808.226877935568, 2755461, 43.458260123483015, 148982, 0, 0.0, 20, 
2019-12-04 15:17:04.665,309037128, 855.6703732534556, 2756889, 45.468482652547216, 149066, 0, 0.0, 20, 
2019-12-04 15:17:05.69,336530656, 855.6703732534556, 2758390, 45.468482652547216, 149130, 0, 0.0, 20, 
2019-12-04 15:17:06.722,361113120, 855.6703732534556, 2759754, 45.468482652547216, 149200, 0, 0.0, 20, 
2019-12-04 15:17:07.747,387525416, 855.6703732534556, 2761119, 45.468482652547216, 149273, 0, 0.0, 20, 
2019-12-04 15:17:08.769,126044376, 855.6703732534556, 2762519, 45.468482652547216, 149338, 0, 0.0, 20, 
2019-12-04 15:17:09.793,153214720, 897.7533666579054, 2763981, 47.28599442842649, 149418, 0, 0.0, 20, 
2019-12-04 15:17:10.816,181208784, 897.7533666579054, 2765469, 47.28599442842649, 149496, 0, 0.0, 20, 
2019-12-04 15:17:11.838,207298032, 897.7533666579054, 2766911, 47.28599442842649, 149560, 0, 0.0, 20, 
2019-12-04 15:17:12.86,233720912, 897.7533666579054, 2768364, 47.28599442842649, 149633, 0, 0.0, 20, 
2019-12-04 15:17:13.887,262141680, 897.7533666579054, 2769912, 47.28599442842649, 149723, 0, 0.0, 20, 
2019-12-04 15:17:14.915,286535904, 940.709235715198, 2771331, 49.58183955223853, 149801, 0, 0.0, 20, 
2019-12-04 15:17:15.938,312538904, 940.709235715198, 2772699, 49.58183955223853, 149863, 0, 0.0, 20, 
2019-12-04 15:17:16.96,334358960, 940.709235715198, 2773903, 49.58183955223853, 149946, 0, 0.0, 20, 
2019-12-04 15:17:17.982,360106440, 940.709235715198, 2775282, 49.58183955223853, 150004, 0, 0.0, 20, 
2019-12-04 15:17:19.004,384763256, 940.709235715198, 2776522, 49.58183955223853, 150078, 0, 0.0, 20, 
2019-12-04 15:17:20.027,124921272, 967.9013918527502, 2777789, 50.94253653277139, 150142, 0, 0.0, 20, 
2019-12-04 15:17:21.055,146494696, 967.9013918527502, 2779046, 50.94253653277139, 150199, 0, 0.0, 20, 
2019-12-04 15:17:22.086,170480888, 967.9013918527502, 2780284, 50.94253653277139, 150265, 0, 0.0, 20, 
2019-12-04 15:17:23.112,193894992, 967.9013918527502, 2781588, 50.94253653277139, 150347, 0, 0.0, 20, 
2019-12-04 15:17:24.137,217556336, 967.9013918527502, 2782852, 50.94253653277139, 150407, 0, 0.0, 20, 
2019-12-04 15:17:25.16,239998984, 988.969577311522, 2784103, 51.98655366774988, 150470, 0, 0.0, 20, 
2019-12-04 15:17:26.184,265230736, 988.969577311522, 2785425, 51.98655366774988, 150540, 0, 0.0, 20, 
2019-12-04 15:17:27.214,290586776, 988.969577311522, 2786699, 51.98655366774988, 150604, 0, 0.0, 20, 
2019-12-04 15:17:28.237,314135728, 988.969577311522, 2788030, 51.98655366774988, 150679, 0, 0.0, 20, 
2019-12-04 15:17:29.26,338236376, 988.969577311522, 2789332, 51.98655366774988, 150759, 0, 0.0, 20, 
2019-12-04 15:17:30.285,364122960, 1011.2156536255102, 2790713, 53.474802665010614, 150823, 0, 0.0, 20, 
2019-12-04 15:17:31.308,388914064, 1011.2156536255102, 2792139, 53.474802665010614, 150880, 0, 0.0, 20, 
2019-12-04 15:17:32.33,130146248, 1011.2156536255102, 2793428, 53.474802665010614, 150930, 0, 0.0, 20, 
2019-12-04 15:17:33.355,152809848, 1011.2156536255102, 2794734, 53.474802665010614, 150993, 0, 0.0, 20, 
2019-12-04 15:17:34.395,177927984, 1037.1200116908185, 2796154, 53.836617466847514, 151062, 0, 0.0, 20, 
2019-12-04 15:17:35.42,205049464, 1037.1200116908185, 2797607, 53.836617466847514, 151137, 0, 0.0, 20, 
2019-12-04 15:17:36.443,231078744, 1037.1200116908185, 2799056, 53.836617466847514, 151218, 0, 0.0, 20, 
2019-12-04 15:17:37.471,255241488, 1037.1200116908185, 2800354, 53.836617466847514, 151294, 0, 0.0, 20, 
2019-12-04 15:17:38.495,281122264, 1037.1200116908185, 2801755, 53.836617466847514, 151363, 0, 0.0, 20, 
2019-12-04 15:17:39.517,306515552, 1063.60769707767, 2803166, 55.52874810570928, 151444, 0, 0.0, 20, 
2019-12-04 15:17:40.543,331434984, 1063.60769707767, 2804510, 55.52874810570928, 151509, 0, 0.0, 20, 
2019-12-04 15:17:41.567,355867600, 1063.60769707767, 2805792, 55.52874810570928, 151567, 0, 0.0, 20, 
2019-12-04 15:17:42.588,381111840, 1063.60769707767, 2807146, 55.52874810570928, 151640, 0, 0.0, 20, 
2019-12-04 15:17:43.617,125680088, 1063.60769707767, 2808605, 55.52874810570928, 151699, 0, 0.0, 20, 
2019-12-04 15:17:44.64,148512512, 1083.995755922842, 2809911, 56.09413419022081, 151767, 0, 0.0, 20, 
2019-12-04 15:17:45.665,173650960, 1083.995755922842, 2811262, 56.09413419022081, 151852, 0, 0.0, 20, 
2019-12-04 15:17:46.689,198083952, 1083.995755922842, 2812645, 56.09413419022081, 151938, 0, 0.0, 20, 
2019-12-04 15:17:47.716,223944040, 1083.995755922842, 2813960, 56.09413419022081, 152020, 0, 0.0, 20, 
2019-12-04 15:17:48.743,247942144, 1083.995755922842, 2815315, 56.09413419022081, 152098, 0, 0.0, 20, 
2019-12-04 15:17:49.769,273070656, 1102.5937644177347, 2816683, 58.00554168483455, 152179, 0, 0.0, 20, 
2019-12-04 15:17:50.791,298357728, 1102.5937644177347, 2818001, 58.00554168483455, 152262, 0, 0.0, 20, 
2019-12-04 15:17:51.814,322801768, 1102.5937644177347, 2819356, 58.00554168483455, 152338, 0, 0.0, 20, 
2019-12-04 15:17:52.839,348040296, 1102.5937644177347, 2820692, 58.00554168483455, 152405, 0, 0.0, 20, 
2019-12-04 15:17:53.867,370655448, 1102.5937644177347, 2821985, 58.00554168483455, 152481, 0, 0.0, 20, 
2019-12-04 15:17:54.893,394841776, 1117.370055163866, 2823233, 59.23641461088808, 152552, 0, 0.0, 20, 
2019-12-04 15:17:55.922,135336048, 1117.370055163866, 2824571, 59.23641461088808, 152618, 0, 0.0, 20, 
2019-12-04 15:17:56.945,158565984, 1117.370055163866, 2825930, 59.23641461088808, 152703, 0, 0.0, 20, 
2019-12-04 15:17:57.968,185376896, 1117.370055163866, 2827309, 59.23641461088808, 152786, 0, 0.0, 20, 
2019-12-04 15:17:58.991,210359160, 1117.370055163866, 2828629, 59.23641461088808, 152864, 0, 0.0, 20, 
2019-12-04 15:18:00.013,237186888, 1133.4914954314963, 2830106, 60.54477465943757, 152930, 0, 0.0, 20, 
2019-12-04 15:18:01.039,262245128, 1133.4914954314963, 2831490, 60.54477465943757, 153015, 0, 0.0, 20, 
2019-12-04 15:18:02.062,287540768, 1133.4914954314963, 2832850, 60.54477465943757, 153080, 0, 0.0, 20, 
2019-12-04 15:18:03.09,313808032, 1133.4914954314963, 2834283, 60.54477465943757, 153151, 0, 0.0, 20, 
2019-12-04 15:18:04.117,337951160, 1133.4914954314963, 2835723, 60.54477465943757, 153231, 0, 0.0, 20, 
2019-12-04 15:18:05.139,366106520, 1153.2172183301952, 2837134, 61.3007727363539, 153291, 0, 0.0, 20, 
2019-12-04 15:18:06.164,391985392, 1153.2172183301952, 2838537, 61.3007727363539, 153358, 0, 0.0, 20, 
2019-12-04 15:18:07.186,133637960, 1153.2172183301952, 2839907, 61.3007727363539, 153435, 0, 0.0, 20, 
2019-12-04 15:18:08.207,157968000, 1153.2172183301952, 2841315, 61.3007727363539, 153500, 0, 0.0, 20, 
2019-12-04 15:18:09.23,183360360, 1153.2172183301952, 2842739, 61.3007727363539, 153567, 0, 0.0, 20, 
2019-12-04 15:18:10.252,210480040, 1170.438274717369, 2844198, 61.67650220300857, 153628, 0, 0.0, 20, 
2019-12-04 15:18:11.274,236167096, 1170.438274717369, 2845620, 61.67650220300857, 153690, 0, 0.0, 20, 
2019-12-04 15:18:12.297,261778248, 1170.438274717369, 2846976, 61.67650220300857, 153757, 0, 0.0, 20, 
2019-12-04 15:18:13.319,288027296, 1170.438274717369, 2848375, 61.67650220300857, 153849, 0, 0.0, 20, 
2019-12-04 15:18:14.342,313013424, 1170.438274717369, 2849763, 61.67650220300857, 153929, 0, 0.0, 20, 
2019-12-04 15:18:15.368,338012608, 1186.618224918962, 2851137, 62.43795904414336, 154000, 0, 0.0, 20, 
2019-12-04 15:18:16.394,363560216, 1186.618224918962, 2852571, 62.43795904414336, 154069, 0, 0.0, 20, 
2019-12-04 15:18:17.415,389583816, 1186.618224918962, 2853985, 62.43795904414336, 154142, 0, 0.0, 20, 
2019-12-04 15:18:18.435,129353376, 1186.618224918962, 2855312, 62.43795904414336, 154199, 0, 0.0, 20, 
2019-12-04 15:18:19.457,155449216, 1199.6815103844665, 2856649, 62.91465751877283, 154277, 0, 0.0, 20, 
2019-12-04 15:18:20.482,180487168, 1199.6815103844665, 2857997, 62.91465751877283, 154353, 0, 0.0, 20, 
2019-12-04 15:18:21.504,207248120, 1199.6815103844665, 2859419, 62.91465751877283, 154424, 0, 0.0, 20, 
2019-12-04 15:18:22.528,232137688, 1199.6815103844665, 2860863, 62.91465751877283, 154513, 0, 0.0, 20, 
2019-12-04 15:18:23.557,256725352, 1199.6815103844665, 2862219, 62.91465751877283, 154582, 0, 0.0, 20, 
2019-12-04 15:18:24.581,282065984, 1212.691762472309, 2863584, 63.7690103317455, 154656, 0, 0.0, 20, 
2019-12-04 15:18:25.602,309724008, 1212.691762472309, 2865053, 63.7690103317455, 154720, 0, 0.0, 20, 
2019-12-04 15:18:26.63,337532136, 1212.691762472309, 2866513, 63.7690103317455, 154815, 0, 0.0, 20, 
2019-12-04 15:18:27.654,363408344, 1212.691762472309, 2867997, 63.7690103317455, 154883, 0, 0.0, 20, 
2019-12-04 15:18:28.676,388767880, 1212.691762472309, 2869389, 63.7690103317455, 154943, 0, 0.0, 20, 
2019-12-04 15:18:29.7,130689168, 1227.748057833956, 2870823, 64.42712392885078, 155026, 0, 0.0, 20, 
2019-12-04 15:18:30.723,154115408, 1227.748057833956, 2872121, 64.42712392885078, 155092, 0, 0.0, 20, 
2019-12-04 15:18:31.745,181374360, 1227.748057833956, 2873550, 64.42712392885078, 155179, 0, 0.0, 20, 
2019-12-04 15:18:32.768,206880120, 1227.748057833956, 2874930, 64.42712392885078, 155256, 0, 0.0, 20, 
2019-12-04 15:18:33.791,233262352, 1227.748057833956, 2876291, 64.42712392885078, 155327, 0, 0.0, 20, 
2019-12-04 15:18:34.813,260738448, 1237.186969973987, 2877726, 65.27248442417114, 155407, 0, 0.0, 20, 
2019-12-04 15:18:35.837,284818984, 1237.186969973987, 2879132, 65.27248442417114, 155496, 0, 0.0, 20, 
2019-12-04 15:18:36.862,311205880, 1237.186969973987, 2880524, 65.27248442417114, 155571, 0, 0.0, 20, 
2019-12-04 15:18:37.904,335368784, 1237.186969973987, 2881920, 65.27248442417114, 155633, 0, 0.0, 20, 
2019-12-04 15:18:38.928,359582544, 1237.186969973987, 2883239, 65.27248442417114, 155685, 0, 0.0, 20, 
2019-12-04 15:18:39.95,384605376, 1246.2709662954533, 2884600, 65.58651123108899, 155763, 0, 0.0, 20, 
2019-12-04 15:18:40.973,125972672, 1246.2709662954533, 2885969, 65.58651123108899, 155836, 0, 0.0, 20, 
2019-12-04 15:18:42.001,153385952, 1246.2709662954533, 2887341, 65.58651123108899, 155913, 0, 0.0, 20, 
2019-12-04 15:18:43.025,179062528, 1246.2709662954533, 2888769, 65.58651123108899, 155966, 0, 0.0, 20, 
2019-12-04 15:18:44.052,203725360, 1246.2709662954533, 2890188, 65.58651123108899, 156041, 0, 0.0, 20, 
2019-12-04 15:18:45.12,231842288, 1255.4601844613865, 2891685, 65.84344760668935, 156122, 0, 0.0, 20, 
2019-12-04 15:18:46.145,258246960, 1255.4601844613865, 2893161, 65.84344760668935, 156199, 0, 0.0, 20, 
2019-12-04 15:18:47.169,284709416, 1255.4601844613865, 2894599, 65.84344760668935, 156274, 0, 0.0, 20, 
2019-12-04 15:18:48.214,311169816, 1255.4601844613865, 2896076, 65.84344760668935, 156363, 0, 0.0, 20, 
2019-12-04 15:18:49.242,337656992, 1255.4601844613865, 2897494, 65.84344760668935, 156447, 0, 0.0, 20, 
2019-12-04 15:18:50.266,361057624, 1266.9210033197014, 2898807, 66.83142298645996, 156531, 0, 0.0, 20, 
2019-12-04 15:18:51.288,386708224, 1266.9210033197014, 2900157, 66.83142298645996, 156603, 0, 0.0, 20, 
2019-12-04 15:18:52.311,128746672, 1266.9210033197014, 2901518, 66.83142298645996, 156680, 0, 0.0, 20, 
2019-12-04 15:18:53.333,153295296, 1266.9210033197014, 2902827, 66.83142298645996, 156750, 0, 0.0, 20, 
2019-12-04 15:18:54.358,177318160, 1266.9210033197014, 2904179, 66.83142298645996, 156831, 0, 0.0, 20, 
2019-12-04 15:18:55.382,203863832, 1270.365409716456, 2905596, 67.51652857737126, 156896, 0, 0.0, 20, 
2019-12-04 15:18:56.406,230135816, 1270.365409716456, 2907067, 67.51652857737126, 156967, 0, 0.0, 20, 
2019-12-04 15:18:57.43,257454536, 1270.365409716456, 2908531, 67.51652857737126, 157045, 0, 0.0, 20, 
2019-12-04 15:18:58.457,281203848, 1270.365409716456, 2909867, 67.51652857737126, 157107, 0, 0.0, 20, 
2019-12-04 15:18:59.501,307433216, 1278.3957161740407, 2911219, 67.44324699845859, 157172, 0, 0.0, 20, 
2019-12-04 15:19:00.526,332619304, 1278.3957161740407, 2912639, 67.44324699845859, 157241, 0, 0.0, 20, 
2019-12-04 15:19:01.55,357925680, 1278.3957161740407, 2914068, 67.44324699845859, 157316, 0, 0.0, 20, 
2019-12-04 15:19:02.576,385409872, 1278.3957161740407, 2915498, 67.44324699845859, 157374, 0, 0.0, 20, 
2019-12-04 15:19:03.601,124508232, 1278.3957161740407, 2916778, 67.44324699845859, 157445, 0, 0.0, 20, 
2019-12-04 15:19:04.624,149159280, 1284.4407009438762, 2918168, 67.42379804230717, 157519, 0, 0.0, 20, 
2019-12-04 15:19:05.658,175971520, 1284.4407009438762, 2919613, 67.42379804230717, 157601, 0, 0.0, 20, 
2019-12-04 15:19:06.685,203313720, 1284.4407009438762, 2921080, 67.42379804230717, 157665, 0, 0.0, 20, 
2019-12-04 15:19:07.71,228050256, 1284.4407009438762, 2922412, 67.42379804230717, 157732, 0, 0.0, 20, 
2019-12-04 15:19:08.733,252547056, 1284.4407009438762, 2923825, 67.42379804230717, 157814, 0, 0.0, 20, 
2019-12-04 15:19:09.755,278028328, 1291.6814227106665, 2925212, 67.70973536323825, 157892, 0, 0.0, 20, 
2019-12-04 15:19:10.781,305151624, 1291.6814227106665, 2926635, 67.70973536323825, 157968, 0, 0.0, 20, 
2019-12-04 15:19:11.804,330483584, 1291.6814227106665, 2928076, 67.70973536323825, 158049, 0, 0.0, 20, 
2019-12-04 15:19:12.832,357072624, 1291.6814227106665, 2929508, 67.70973536323825, 158119, 0, 0.0, 20, 
2019-12-04 15:19:13.853,383534872, 1291.6814227106665, 2930954, 67.70973536323825, 158203, 0, 0.0, 20, 
2019-12-04 15:19:14.875,126706352, 1300.438044666799, 2932365, 68.42056167637077, 158282, 0, 0.0, 20, 
2019-12-04 15:19:15.898,149383840, 1300.438044666799, 2933693, 68.42056167637077, 158354, 0, 0.0, 20, 
2019-12-04 15:19:16.919,175031808, 1300.438044666799, 2935108, 68.42056167637077, 158428, 0, 0.0, 20, 
2019-12-04 15:19:17.942,202679632, 1300.438044666799, 2936537, 68.42056167637077, 158509, 0, 0.0, 20, 
2019-12-04 15:19:18.966,227782176, 1300.438044666799, 2937947, 68.42056167637077, 158577, 0, 0.0, 20, 
2019-12-04 15:19:19.994,253026152, 1305.1683734371388, 2939298, 68.99459787016922, 158660, 0, 0.0, 20, 
2019-12-04 15:19:21.017,277838416, 1305.1683734371388, 2940565, 68.99459787016922, 158739, 0, 0.0, 20, 
2019-12-04 15:19:22.04,302109552, 1305.1683734371388, 2941946, 68.99459787016922, 158799, 0, 0.0, 20, 
2019-12-04 15:19:23.089,326805744, 1305.1683734371388, 2943268, 68.99459787016922, 158866, 0, 0.0, 20, 
2019-12-04 15:19:24.113,351674224, 1305.1683734371388, 2944606, 68.99459787016922, 158929, 0, 0.0, 20, 
2019-12-04 15:19:25.138,377348344, 1303.907603908629, 2945991, 68.7391719274359, 159000, 0, 0.0, 20, 
2019-12-04 15:19:26.161,401861496, 1303.907603908629, 2947326, 68.7391719274359, 159071, 0, 0.0, 20, 
2019-12-04 15:19:27.188,143382520, 1303.907603908629, 2948617, 68.7391719274359, 159132, 0, 0.0, 20, 
2019-12-04 15:19:28.212,168101968, 1303.907603908629, 2949952, 68.7391719274359, 159191, 0, 0.0, 20, 
2019-12-04 15:19:29.237,194772352, 1303.907603908629, 2951371, 68.7391719274359, 159259, 0, 0.0, 20, 
2019-12-04 15:19:30.263,218476736, 1305.0663519215384, 2952722, 68.28029307643482, 159324, 0, 0.0, 20, 
2019-12-04 15:19:31.291,244059312, 1305.0663519215384, 2954078, 68.28029307643482, 159389, 0, 0.0, 20, 
2019-12-04 15:19:32.335,268293248, 1305.0663519215384, 2955414, 68.28029307643482, 159461, 0, 0.0, 20, 
2019-12-04 15:19:33.358,294418936, 1305.0663519215384, 2956766, 68.28029307643482, 159543, 0, 0.0, 20, 
2019-12-04 15:19:34.382,318698392, 1305.0770378318855, 2958074, 68.28029307643482, 159617, 0, 0.0, 20, 
2019-12-04 15:19:35.405,353122440, 1305.0770378318855, 2959403, 68.48175771847102, 159687, 0, 0.0, 20, 
2019-12-04 15:19:36.434,393880320, 1305.0770378318855, 2960570, 68.48175771847102, 159739, 0, 0.0, 20, 
2019-12-04 15:19:37.471,137254968, 1305.0770378318855, 2961931, 68.48175771847102, 159800, 0, 0.0, 20, 
2019-12-04 15:19:38.495,163055504, 1305.0770378318855, 2963323, 68.48175771847102, 159885, 0, 0.0, 20, 
2019-12-04 15:19:39.522,188041440, 1303.9035266805295, 2964730, 68.26733621026833, 159953, 0, 0.0, 20, 
2019-12-04 15:19:40.547,214517712, 1303.9035266805295, 2966091, 68.26733621026833, 160031, 0, 0.0, 20, 
2019-12-04 15:19:41.57,239634288, 1303.9035266805295, 2967512, 68.26733621026833, 160110, 0, 0.0, 20, 
2019-12-04 15:19:42.593,262337336, 1303.9035266805295, 2968752, 68.26733621026833, 160173, 0, 0.0, 20, 
2019-12-04 15:19:43.619,289901000, 1303.9035266805295, 2970164, 68.26733621026833, 160240, 0, 0.0, 20, 
2019-12-04 15:19:44.642,314177040, 1306.4858101101963, 2971569, 68.24596118708556, 160306, 0, 0.0, 20, 
2019-12-04 15:19:45.667,339156752, 1306.4858101101963, 2972998, 68.24596118708556, 160371, 0, 0.0, 20, 
2019-12-04 15:19:46.689,363970440, 1306.4858101101963, 2974313, 68.24596118708556, 160429, 0, 0.0, 20, 
2019-12-04 15:19:47.712,386817400, 1306.4858101101963, 2975550, 68.24596118708556, 160494, 0, 0.0, 20, 
2019-12-04 15:19:48.737,128187464, 1306.4858101101963, 2976962, 68.24596118708556, 160562, 0, 0.0, 20, 
2019-12-04 15:19:49.762,153802320, 1308.126034171241, 2978329, 68.00241957735577, 160637, 0, 0.0, 20, 
2019-12-04 15:19:50.787,177072808, 1308.126034171241, 2979616, 68.00241957735577, 160703, 0, 0.0, 20, 
2019-12-04 15:19:51.809,202456560, 1308.126034171241, 2980990, 68.00241957735577, 160779, 0, 0.0, 20, 
2019-12-04 15:19:52.834,226734600, 1308.126034171241, 2982321, 68.00241957735577, 160837, 0, 0.0, 20, 
2019-12-04 15:19:53.861,251214416, 1308.126034171241, 2983696, 68.00241957735577, 160905, 0, 0.0, 20, 
2019-12-04 15:19:54.884,276530368, 1308.0519925670062, 2985049, 67.79434159666818, 160969, 0, 0.0, 20, 
2019-12-04 15:19:55.909,301225568, 1308.0519925670062, 2986366, 67.79434159666818, 161023, 0, 0.0, 20, 
2019-12-04 15:19:56.932,325558248, 1308.0519925670062, 2987703, 67.79434159666818, 161093, 0, 0.0, 20, 
2019-12-04 15:19:57.958,349529376, 1308.0519925670062, 2989044, 67.79434159666818, 161184, 0, 0.0, 20, 
2019-12-04 15:19:58.982,375776128, 1308.0519925670062, 2990380, 67.79434159666818, 161244, 0, 0.0, 20, 
2019-12-04 15:20:00.006,399805024, 1308.3516666952846, 2991722, 67.71483843224816, 161306, 0, 0.0, 20, 
2019-12-04 15:20:01.03,140231568, 1308.3516666952846, 2992981, 67.71483843224816, 161353, 0, 0.0, 20, 
2019-12-04 15:20:02.062,164130336, 1308.3516666952846, 2994224, 67.71483843224816, 161438, 0, 0.0, 20, 
2019-12-04 15:20:03.085,188507632, 1308.3516666952846, 2995508, 67.71483843224816, 161516, 0, 0.0, 20, 
2019-12-04 15:20:04.108,214152568, 1308.3516666952846, 2996921, 67.71483843224816, 161588, 0, 0.0, 20, 
2019-12-04 15:20:05.144,239787904, 1304.5016719980895, 2998270, 67.67367422402643, 161656, 0, 0.0, 20, 
2019-12-04 15:20:06.169,265180968, 1304.5016719980895, 2999667, 67.67367422402643, 161731, 0, 0.0, 20, 
2019-12-04 15:20:07.192,290591408, 1304.5016719980895, 3000982, 67.67367422402643, 161823, 0, 0.0, 20, 
2019-12-04 15:20:08.215,313696928, 1304.5016719980895, 3002306, 67.67367422402643, 161884, 0, 0.0, 20, 
2019-12-04 15:20:09.256,336639608, 1304.5016719980895, 3003604, 67.67367422402643, 161952, 0, 0.0, 20, 
2019-12-04 15:20:10.277,362256352, 1304.70142727593, 3004912, 67.92364143150384, 162023, 0, 0.0, 20, 
2019-12-04 15:20:11.3,385283984, 1304.70142727593, 3006263, 67.92364143150384, 162093, 0, 0.0, 20, 
2019-12-04 15:20:12.325,129671272, 1304.70142727593, 3007618, 67.92364143150384, 162166, 0, 0.0, 20, 
2019-12-04 15:20:13.347,155279024, 1304.70142727593, 3008991, 67.92364143150384, 162230, 0, 0.0, 20, 
2019-12-04 15:20:14.369,179656872, 1304.70142727593, 3010387, 67.92364143150384, 162309, 0, 0.0, 20, 
2019-12-04 15:20:15.395,204429664, 1306.27643818905, 3011712, 68.02569342799082, 162383, 0, 0.0, 20, 
2019-12-04 15:20:16.421,229099744, 1306.27643818905, 3013045, 68.02569342799082, 162469, 0, 0.0, 20, 
2019-12-04 15:20:17.446,254513384, 1306.27643818905, 3014427, 68.02569342799082, 162544, 0, 0.0, 20, 
2019-12-04 15:20:18.471,279337584, 1306.27643818905, 3015827, 68.02569342799082, 162623, 0, 0.0, 20, 
2019-12-04 15:20:19.505,305827128, 1307.5496158948306, 3017185, 68.51936372421383, 162689, 0, 0.0, 20, 
2019-12-04 15:20:20.529,330570712, 1307.5496158948306, 3018548, 68.51936372421383, 162750, 0, 0.0, 20, 
2019-12-04 15:20:21.552,356436368, 1307.5496158948306, 3019916, 68.51936372421383, 162818, 0, 0.0, 20, 
2019-12-04 15:20:22.575,381000496, 1307.5496158948306, 3021304, 68.51936372421383, 162883, 0, 0.0, 20, 
2019-12-04 15:20:23.602,407137800, 1307.5496158948306, 3022704, 68.51936372421383, 162953, 0, 0.0, 20, 
2019-12-04 15:20:24.639,146825776, 1311.1356546100592, 3024134, 68.50981992777228, 163046, 0, 0.0, 20, 
2019-12-04 15:20:25.666,172628856, 1311.1356546100592, 3025555, 68.50981992777228, 163128, 0, 0.0, 20, 
2019-12-04 15:20:26.692,194806608, 1311.1356546100592, 3026711, 68.50981992777228, 163184, 0, 0.0, 20, 
2019-12-04 15:20:27.725,206100496, 1311.1356546100592, 3027180, 68.50981992777228, 163218, 0, 0.0, 20, 
2019-12-04 15:20:28.752,216701256, 1311.1356546100592, 3027652, 68.50981992777228, 163246, 0, 0.0, 20, 
2019-12-04 15:20:29.778,228271480, 1273.1778874493805, 3028128, 66.85395415252596, 163272, 0, 0.0, 20, 
