Timestamp, MemoryUsed, ReadLatency1, ReadCount, WriteLatency1, WriteCount, PendingTasks, WaitingOnCommit1, SRDelay, 
2019-12-04 15:16:25.681,254657296, 539.9492034600698, 2715978, 28.702668550145855, 148296, 0, 0.0, 20, 
2019-12-04 15:16:26.759,270113704, 539.9492034600698, 2716804, 28.702668550145855, 148345, 0, 0.0, 20, 
2019-12-04 15:16:28.017,291083368, 539.9492034600698, 2717885, 28.702668550145855, 148394, 0, 0.0, 20, 
2019-12-04 15:16:29.057,310078384, 539.9492034600698, 2718797, 28.702668550145855, 148440, 0, 0.0, 20, 
2019-12-04 15:16:30.124,331950112, 565.9708124067729, 2719930, 28.702668550145855, 148522, 0, 0.0, 20, 
2019-12-04 15:16:31.153,354060136, 565.9708124067729, 2721144, 30.245597982310912, 148575, 0, 0.0, 20, 
2019-12-04 15:16:32.183,375803576, 565.9708124067729, 2722305, 30.245597982310912, 148642, 0, 0.0, 20, 
2019-12-04 15:16:33.214,398795992, 565.9708124067729, 2723491, 30.245597982310912, 148706, 0, 0.0, 20, 
2019-12-04 15:16:34.241,137996216, 565.9708124067729, 2724657, 30.245597982310912, 148765, 0, 0.0, 20, 
2019-12-04 15:16:35.27,161474216, 612.2674300474968, 2725816, 32.592646378841415, 148823, 0, 0.0, 20, 
2019-12-04 15:16:36.299,183354008, 612.2674300474968, 2727009, 32.592646378841415, 148884, 0, 0.0, 20, 
2019-12-04 15:16:37.343,205248816, 612.2674300474968, 2728178, 32.592646378841415, 148949, 0, 0.0, 20, 
2019-12-04 15:16:38.374,226057144, 612.2674300474968, 2729301, 32.592646378841415, 149006, 0, 0.0, 20, 
2019-12-04 15:16:39.406,248894288, 612.2674300474968, 2730435, 32.592646378841415, 149072, 0, 0.0, 20, 
2019-12-04 15:16:40.43,269960424, 652.5756447824728, 2731598, 34.68807067863747, 149128, 0, 0.0, 20, 
2019-12-04 15:16:41.46,292884848, 652.5756447824728, 2732816, 34.68807067863747, 149204, 0, 0.0, 20, 
2019-12-04 15:16:42.489,315238656, 652.5756447824728, 2734020, 34.68807067863747, 149265, 0, 0.0, 20, 
2019-12-04 15:16:43.517,339374800, 652.5756447824728, 2735291, 34.68807067863747, 149317, 0, 0.0, 20, 
2019-12-04 15:16:44.541,361787992, 652.5756447824728, 2736545, 34.68807067863747, 149387, 0, 0.0, 20, 
2019-12-04 15:16:45.571,385892208, 697.4326755110966, 2737815, 37.14366096538986, 149464, 0, 0.0, 20, 
2019-12-04 15:16:46.597,121892288, 697.4326755110966, 2739033, 37.14366096538986, 149529, 0, 0.0, 20, 
2019-12-04 15:16:47.623,144875680, 697.4326755110966, 2740275, 37.14366096538986, 149598, 0, 0.0, 20, 
2019-12-04 15:16:48.649,168525664, 697.4326755110966, 2741493, 37.14366096538986, 149672, 0, 0.0, 20, 
2019-12-04 15:16:49.675,191471352, 697.4326755110966, 2742733, 37.14366096538986, 149734, 0, 0.0, 20, 
2019-12-04 15:16:50.702,214744576, 737.4718200751146, 2744006, 39.243001922593066, 149790, 0, 0.0, 20, 
2019-12-04 15:16:51.727,239172976, 737.4718200751146, 2745237, 39.243001922593066, 149857, 0, 0.0, 20, 
2019-12-04 15:16:52.751,264564248, 737.4718200751146, 2746567, 39.243001922593066, 149915, 0, 0.0, 20, 
2019-12-04 15:16:53.774,286410984, 737.4718200751146, 2747848, 39.243001922593066, 149994, 0, 0.0, 20, 
2019-12-04 15:16:54.801,310986136, 737.4718200751146, 2749120, 39.243001922593066, 150063, 0, 0.0, 20, 
2019-12-04 15:16:55.824,336417928, 778.2434261980125, 2750540, 41.3344000154118, 150133, 0, 0.0, 20, 
2019-12-04 15:16:56.849,363984824, 778.2434261980125, 2751948, 41.3344000154118, 150212, 0, 0.0, 20, 
2019-12-04 15:16:57.875,383773816, 778.2434261980125, 2753075, 41.3344000154118, 150276, 0, 0.0, 20, 
2019-12-04 15:16:58.898,123972672, 778.2434261980125, 2754205, 41.3344000154118, 150341, 0, 0.0, 20, 
2019-12-04 15:16:59.923,148845600, 778.2434261980125, 2755550, 41.3344000154118, 150425, 0, 0.0, 20, 
2019-12-04 15:17:00.946,173531120, 816.5706616576324, 2756913, 43.67434819340362, 150489, 0, 0.0, 20, 
2019-12-04 15:17:01.968,201611840, 816.5706616576324, 2758412, 43.67434819340362, 150570, 0, 0.0, 20, 
2019-12-04 15:17:02.995,227044072, 816.5706616576324, 2759817, 43.67434819340362, 150649, 0, 0.0, 20, 
2019-12-04 15:17:04.022,252849912, 816.5706616576324, 2761261, 43.67434819340362, 150729, 0, 0.0, 20, 
2019-12-04 15:17:05.044,279823352, 816.5706616576324, 2762765, 43.67434819340362, 150803, 0, 0.0, 20, 
2019-12-04 15:17:06.075,307798160, 864.4184297077832, 2764185, 46.131035669495624, 150881, 0, 0.0, 20, 
2019-12-04 15:17:07.098,331912808, 864.4184297077832, 2765502, 46.131035669495624, 150954, 0, 0.0, 20, 
2019-12-04 15:17:08.12,364262336, 864.4184297077832, 2767014, 46.131035669495624, 151014, 0, 0.0, 20, 
2019-12-04 15:17:09.145,389571512, 864.4184297077832, 2768457, 46.131035669495624, 151080, 0, 0.0, 20, 
2019-12-04 15:17:10.177,131391208, 907.2571587913177, 2769950, 47.73566146032433, 151143, 0, 0.0, 20, 
2019-12-04 15:17:11.2,157384976, 907.2571587913177, 2771358, 47.73566146032433, 151224, 0, 0.0, 20, 
2019-12-04 15:17:12.221,182275104, 907.2571587913177, 2772797, 47.73566146032433, 151288, 0, 0.0, 20, 
2019-12-04 15:17:13.246,211065848, 907.2571587913177, 2774219, 47.73566146032433, 151369, 0, 0.0, 20, 
2019-12-04 15:17:14.275,237519800, 907.2571587913177, 2775708, 47.73566146032433, 151450, 0, 0.0, 20, 
2019-12-04 15:17:15.299,263706296, 947.917999346225, 2777193, 50.10749101289802, 151538, 0, 0.0, 20, 
2019-12-04 15:17:16.322,288943168, 947.917999346225, 2778536, 50.10749101289802, 151598, 0, 0.0, 20, 
2019-12-04 15:17:17.344,311484216, 947.917999346225, 2779809, 50.10749101289802, 151673, 0, 0.0, 20, 
2019-12-04 15:17:18.372,335749208, 947.917999346225, 2781054, 50.10749101289802, 151739, 0, 0.0, 20, 
2019-12-04 15:17:19.396,358889752, 947.917999346225, 2782297, 50.10749101289802, 151803, 0, 0.0, 20, 
2019-12-04 15:17:20.433,382855472, 971.6074001432927, 2783598, 51.21827470122915, 151868, 0, 0.0, 20, 
2019-12-04 15:17:21.458,123768416, 971.6074001432927, 2784874, 51.21827470122915, 151946, 0, 0.0, 20, 
2019-12-04 15:17:22.484,146574032, 971.6074001432927, 2786122, 51.21827470122915, 152002, 0, 0.0, 20, 
2019-12-04 15:17:23.509,170299680, 971.6074001432927, 2787375, 51.21827470122915, 152059, 0, 0.0, 20, 
2019-12-04 15:17:24.537,192777456, 971.6074001432927, 2788598, 51.21827470122915, 152132, 0, 0.0, 20, 
2019-12-04 15:17:25.561,216398968, 992.3472873056575, 2789886, 52.40015620028091, 152212, 0, 0.0, 20, 
2019-12-04 15:17:26.584,240586120, 992.3472873056575, 2791229, 52.40015620028091, 152282, 0, 0.0, 20, 
2019-12-04 15:17:27.611,264811040, 992.3472873056575, 2792528, 52.40015620028091, 152352, 0, 0.0, 20, 
2019-12-04 15:17:28.64,290465392, 992.3472873056575, 2793842, 52.40015620028091, 152425, 0, 0.0, 20, 
2019-12-04 15:17:29.667,313752248, 992.3472873056575, 2795121, 52.40015620028091, 152497, 0, 0.0, 20, 
2019-12-04 15:17:30.701,339270320, 1015.3467283325967, 2796508, 53.77537977957165, 152567, 0, 0.0, 20, 
2019-12-04 15:17:31.725,363988672, 1015.3467283325967, 2797862, 53.77537977957165, 152620, 0, 0.0, 20, 
2019-12-04 15:17:32.747,386829104, 1015.3467283325967, 2799101, 53.77537977957165, 152693, 0, 0.0, 20, 
2019-12-04 15:17:33.771,129959048, 1015.3467283325967, 2800576, 53.77537977957165, 152781, 0, 0.0, 20, 
2019-12-04 15:17:34.8,154142856, 1015.3467283325967, 2801979, 53.77537977957165, 152844, 0, 0.0, 20, 
2019-12-04 15:17:35.831,180494808, 1041.2246151258987, 2803381, 55.040646552564645, 152926, 0, 0.0, 20, 
2019-12-04 15:17:36.856,205906824, 1041.2246151258987, 2804750, 55.040646552564645, 152994, 0, 0.0, 20, 
2019-12-04 15:17:37.88,232664168, 1041.2246151258987, 2806127, 55.040646552564645, 153074, 0, 0.0, 20, 
2019-12-04 15:17:38.904,257979984, 1041.2246151258987, 2807594, 55.040646552564645, 153151, 0, 0.0, 20, 
2019-12-04 15:17:39.927,284452120, 1041.2246151258987, 2809043, 55.040646552564645, 153222, 0, 0.0, 20, 
2019-12-04 15:17:40.96,308257272, 1067.4800612448287, 2810276, 56.42862381911081, 153289, 0, 0.0, 20, 
2019-12-04 15:17:41.988,331348448, 1067.4800612448287, 2811596, 56.42862381911081, 153355, 0, 0.0, 20, 
2019-12-04 15:17:43.013,357249488, 1067.4800612448287, 2813009, 56.42862381911081, 153435, 0, 0.0, 20, 
2019-12-04 15:17:44.036,382668696, 1067.4800612448287, 2814412, 56.42862381911081, 153496, 0, 0.0, 20, 
2019-12-04 15:17:45.06,127387216, 1067.4800612448287, 2815844, 56.42862381911081, 153591, 0, 0.0, 20, 
2019-12-04 15:17:46.087,153438784, 1088.2461209804346, 2817291, 57.64166008253255, 153669, 0, 0.0, 20, 
2019-12-04 15:17:47.118,180593240, 1088.2461209804346, 2818720, 57.64166008253255, 153735, 0, 0.0, 20, 
2019-12-04 15:17:48.141,205693416, 1088.2461209804346, 2820151, 57.64166008253255, 153799, 0, 0.0, 20, 
2019-12-04 15:17:49.164,230963464, 1088.2461209804346, 2821527, 57.64166008253255, 153875, 0, 0.0, 20, 
2019-12-04 15:17:50.198,254350232, 1110.5340505517909, 2822845, 58.661760618991735, 153947, 0, 0.0, 20, 
2019-12-04 15:17:51.225,280737952, 1110.5340505517909, 2824205, 58.661760618991735, 154015, 0, 0.0, 20, 
2019-12-04 15:17:52.25,304311704, 1110.5340505517909, 2825532, 58.661760618991735, 154090, 0, 0.0, 20, 
2019-12-04 15:17:53.279,328084344, 1110.5340505517909, 2826834, 58.661760618991735, 154152, 0, 0.0, 20, 
2019-12-04 15:17:54.303,352230024, 1110.5340505517909, 2828161, 58.661760618991735, 154221, 0, 0.0, 20, 
2019-12-04 15:17:55.329,376170704, 1122.8364926085374, 2829372, 58.99263597110424, 154270, 0, 0.0, 20, 
2019-12-04 15:17:56.352,400129624, 1122.8364926085374, 2830759, 58.99263597110424, 154345, 0, 0.0, 20, 
2019-12-04 15:17:57.377,141658640, 1122.8364926085374, 2832105, 58.99263597110424, 154430, 0, 0.0, 20, 
2019-12-04 15:17:58.403,166815200, 1122.8364926085374, 2833518, 58.99263597110424, 154501, 0, 0.0, 20, 
2019-12-04 15:17:59.427,193809712, 1122.8364926085374, 2834860, 58.99263597110424, 154565, 0, 0.0, 20, 
2019-12-04 15:18:00.454,220243800, 1141.6871018510656, 2836320, 59.88872732249687, 154641, 0, 0.0, 20, 
2019-12-04 15:18:01.484,245551808, 1141.6871018510656, 2837811, 59.88872732249687, 154705, 0, 0.0, 20, 
2019-12-04 15:18:02.507,271797360, 1141.6871018510656, 2839251, 59.88872732249687, 154781, 0, 0.0, 20, 
2019-12-04 15:18:03.54,298289432, 1141.6871018510656, 2840704, 59.88872732249687, 154862, 0, 0.0, 20, 
2019-12-04 15:18:04.573,323079168, 1141.6871018510656, 2842086, 59.88872732249687, 154930, 0, 0.0, 20, 
2019-12-04 15:18:05.597,350480008, 1162.8843588118802, 2843548, 61.08096685804841, 155020, 0, 0.0, 20, 
2019-12-04 15:18:06.62,376153360, 1162.8843588118802, 2844960, 61.08096685804841, 155091, 0, 0.0, 20, 
2019-12-04 15:18:07.671,402110368, 1162.8843588118802, 2846336, 61.08096685804841, 155139, 0, 0.0, 20, 
2019-12-04 15:18:08.692,145929960, 1162.8843588118802, 2847882, 61.08096685804841, 155208, 0, 0.0, 20, 
2019-12-04 15:18:09.714,170688088, 1162.8843588118802, 2849261, 61.08096685804841, 155280, 0, 0.0, 20, 
2019-12-04 15:18:10.74,195833344, 1180.9955494986905, 2850674, 61.29836874455542, 155347, 0, 0.0, 20, 
2019-12-04 15:18:11.761,220868872, 1180.9955494986905, 2852088, 61.29836874455542, 155422, 0, 0.0, 20, 
2019-12-04 15:18:12.782,247354040, 1180.9955494986905, 2853454, 61.29836874455542, 155499, 0, 0.0, 20, 
2019-12-04 15:18:13.805,270835872, 1180.9955494986905, 2854814, 61.29836874455542, 155572, 0, 0.0, 20, 
2019-12-04 15:18:14.827,298009792, 1180.9955494986905, 2856258, 61.29836874455542, 155652, 0, 0.0, 20, 
2019-12-04 15:18:15.855,324266376, 1195.8036797517773, 2857612, 62.425872926265924, 155737, 0, 0.0, 20, 
2019-12-04 15:18:16.881,348703240, 1195.8036797517773, 2858982, 62.425872926265924, 155798, 0, 0.0, 20, 
2019-12-04 15:18:17.903,371966008, 1195.8036797517773, 2860303, 62.425872926265924, 155874, 0, 0.0, 20, 
2019-12-04 15:18:18.927,396616416, 1195.8036797517773, 2861575, 62.425872926265924, 155946, 0, 0.0, 20, 
2019-12-04 15:18:19.949,136507440, 1195.8036797517773, 2862929, 62.425872926265924, 156019, 0, 0.0, 20, 
2019-12-04 15:18:20.973,160613712, 1203.3192105599135, 2864241, 62.98349333889582, 156088, 0, 0.0, 20, 
2019-12-04 15:18:21.995,186414752, 1203.3192105599135, 2865628, 62.98349333889582, 156170, 0, 0.0, 20, 
2019-12-04 15:18:23.019,211604568, 1203.3192105599135, 2867071, 62.98349333889582, 156232, 0, 0.0, 20, 
2019-12-04 15:18:24.043,237813040, 1203.3192105599135, 2868438, 62.98349333889582, 156312, 0, 0.0, 20, 
2019-12-04 15:18:25.064,262749936, 1203.3192105599135, 2869818, 62.98349333889582, 156372, 0, 0.0, 20, 
2019-12-04 15:18:26.086,290305296, 1215.0151767080804, 2871284, 63.5604933533158, 156438, 0, 0.0, 20, 
2019-12-04 15:18:27.11,314910832, 1215.0151767080804, 2872674, 63.5604933533158, 156520, 0, 0.0, 20, 
2019-12-04 15:18:28.138,340764752, 1215.0151767080804, 2874071, 63.5604933533158, 156607, 0, 0.0, 20, 
2019-12-04 15:18:29.16,366638528, 1215.0151767080804, 2875470, 63.5604933533158, 156679, 0, 0.0, 20, 
2019-12-04 15:18:30.189,392371200, 1228.4944749389979, 2876894, 64.3951902182325, 156753, 0, 0.0, 20, 
2019-12-04 15:18:31.212,135674840, 1228.4944749389979, 2878331, 64.3951902182325, 156819, 0, 0.0, 20, 
2019-12-04 15:18:32.236,160927056, 1228.4944749389979, 2879713, 64.3951902182325, 156896, 0, 0.0, 20, 
2019-12-04 15:18:33.263,187095472, 1228.4944749389979, 2881096, 64.3951902182325, 156976, 0, 0.0, 20, 
2019-12-04 15:18:34.288,213401368, 1228.4944749389979, 2882554, 64.3951902182325, 157037, 0, 0.0, 20, 
2019-12-04 15:18:35.314,239805608, 1241.6156282578124, 2884022, 64.71539712863192, 157101, 0, 0.0, 20, 
2019-12-04 15:18:36.346,265075648, 1241.6156282578124, 2885454, 64.71539712863192, 157165, 0, 0.0, 20, 
2019-12-04 15:18:37.377,291186248, 1241.6156282578124, 2886849, 64.71539712863192, 157237, 0, 0.0, 20, 
2019-12-04 15:18:38.4,315483008, 1241.6156282578124, 2888215, 64.71539712863192, 157302, 0, 0.0, 20, 
2019-12-04 15:18:39.423,341244456, 1241.6156282578124, 2889552, 64.71539712863192, 157362, 0, 0.0, 20, 
2019-12-04 15:18:40.447,367992896, 1249.7058839308233, 2890949, 64.83409942025514, 157446, 0, 0.0, 20, 
2019-12-04 15:18:41.47,394205440, 1249.7058839308233, 2892369, 64.83409942025514, 157523, 0, 0.0, 20, 
2019-12-04 15:18:42.496,137233440, 1249.7058839308233, 2893703, 64.83409942025514, 157592, 0, 0.0, 20, 
2019-12-04 15:18:43.524,164647104, 1249.7058839308233, 2895162, 64.83409942025514, 157670, 0, 0.0, 20, 
2019-12-04 15:18:44.555,190311280, 1249.7058839308233, 2896586, 64.83409942025514, 157753, 0, 0.0, 20, 
2019-12-04 15:18:45.587,215450528, 1260.0436706661185, 2898004, 65.55097324948393, 157820, 0, 0.0, 20, 
2019-12-04 15:18:46.613,240964936, 1260.0436706661185, 2899383, 65.55097324948393, 157908, 0, 0.0, 20, 
2019-12-04 15:18:47.638,267465608, 1260.0436706661185, 2900778, 65.55097324948393, 158003, 0, 0.0, 20, 
2019-12-04 15:18:48.664,292623312, 1260.0436706661185, 2902201, 65.55097324948393, 158074, 0, 0.0, 20, 
2019-12-04 15:18:49.696,317949120, 1260.0436706661185, 2903637, 65.55097324948393, 158139, 0, 0.0, 20, 
2019-12-04 15:18:50.72,343718320, 1267.8278529675495, 2904909, 66.33845794865289, 158198, 0, 0.0, 20, 
2019-12-04 15:18:51.743,368790032, 1267.8278529675495, 2906366, 66.33845794865289, 158261, 0, 0.0, 20, 
2019-12-04 15:18:52.774,395376808, 1267.8278529675495, 2907775, 66.33845794865289, 158329, 0, 0.0, 20, 
2019-12-04 15:18:53.797,135015936, 1267.8278529675495, 2909067, 66.33845794865289, 158401, 0, 0.0, 20, 
2019-12-04 15:18:54.82,160950016, 1267.8278529675495, 2910458, 66.33845794865289, 158475, 0, 0.0, 20, 
2019-12-04 15:18:55.849,187131776, 1274.5578862554357, 2911909, 66.32738746231912, 158551, 0, 0.0, 20, 
2019-12-04 15:18:56.872,213398736, 1274.5578862554357, 2913332, 66.32738746231912, 158626, 0, 0.0, 20, 
2019-12-04 15:18:57.895,240657120, 1274.5578862554357, 2914774, 66.32738746231912, 158710, 0, 0.0, 20, 
2019-12-04 15:18:58.918,264582848, 1274.5578862554357, 2916101, 66.32738746231912, 158786, 0, 0.0, 20, 
2019-12-04 15:18:59.945,289329352, 1274.5578862554357, 2917477, 66.32738746231912, 158854, 0, 0.0, 20, 
2019-12-04 15:19:00.97,316400336, 1281.6932916995988, 2918907, 66.86090010372112, 158917, 0, 0.0, 20, 
2019-12-04 15:19:01.991,342684376, 1281.6932916995988, 2920348, 66.86090010372112, 158994, 0, 0.0, 20, 
2019-12-04 15:19:03.012,365637160, 1281.6932916995988, 2921686, 66.86090010372112, 159050, 0, 0.0, 20, 
2019-12-04 15:19:04.037,391478312, 1281.6932916995988, 2923094, 66.86090010372112, 159114, 0, 0.0, 20, 
2019-12-04 15:19:05.062,131180264, 1281.6932916995988, 2924520, 66.86090010372112, 159183, 0, 0.0, 20, 
2019-12-04 15:19:06.09,157530608, 1288.8338618392856, 2925980, 66.6961196295376, 159268, 0, 0.0, 20, 
2019-12-04 15:19:07.121,183263304, 1288.8338618392856, 2927396, 66.6961196295376, 159344, 0, 0.0, 20, 
2019-12-04 15:19:08.148,210525416, 1288.8338618392856, 2928857, 66.6961196295376, 159414, 0, 0.0, 20, 
2019-12-04 15:19:09.179,236483960, 1288.8338618392856, 2930299, 66.6961196295376, 159488, 0, 0.0, 20, 
2019-12-04 15:19:10.205,260841064, 1297.7861799576197, 2931696, 67.15217672344224, 159557, 0, 0.0, 20, 
2019-12-04 15:19:11.231,288339376, 1297.7861799576197, 2933176, 67.15217672344224, 159637, 0, 0.0, 20, 
2019-12-04 15:19:12.253,313078792, 1297.7861799576197, 2934585, 67.15217672344224, 159713, 0, 0.0, 20, 
2019-12-04 15:19:13.276,342218816, 1297.7861799576197, 2936096, 67.15217672344224, 159802, 0, 0.0, 20, 
2019-12-04 15:19:14.301,368463288, 1297.7861799576197, 2937578, 67.15217672344224, 159890, 0, 0.0, 20, 
2019-12-04 15:19:15.324,395204712, 1308.069573225867, 2939012, 68.38731647622218, 159977, 0, 0.0, 20, 
2019-12-04 15:19:16.349,135763016, 1308.069573225867, 2940316, 68.38731647622218, 160051, 0, 0.0, 20, 
2019-12-04 15:19:17.376,161979440, 1308.069573225867, 2941776, 68.38731647622218, 160127, 0, 0.0, 20, 
2019-12-04 15:19:18.401,188148592, 1308.069573225867, 2943228, 68.38731647622218, 160193, 0, 0.0, 20, 
2019-12-04 15:19:19.434,214463744, 1308.069573225867, 2944644, 68.38731647622218, 160272, 0, 0.0, 20, 
2019-12-04 15:19:20.463,240626648, 1312.4775587703282, 2946027, 68.48427729723521, 160335, 0, 0.0, 20, 
2019-12-04 15:19:21.491,266279768, 1312.4775587703282, 2947457, 68.48427729723521, 160410, 0, 0.0, 20, 
2019-12-04 15:19:22.518,291522872, 1312.4775587703282, 2948806, 68.48427729723521, 160488, 0, 0.0, 20, 
2019-12-04 15:19:23.541,313571328, 1312.4775587703282, 2950036, 68.48427729723521, 160568, 0, 0.0, 20, 
2019-12-04 15:19:24.565,339394632, 1312.4775587703282, 2951437, 68.48427729723521, 160630, 0, 0.0, 20, 
2019-12-04 15:19:25.589,363635792, 1313.6387090598578, 2952812, 68.7014144956392, 160700, 0, 0.0, 20, 
2019-12-04 15:19:26.617,389491352, 1313.6387090598578, 2954203, 68.7014144956392, 160775, 0, 0.0, 20, 
2019-12-04 15:19:27.649,131940104, 1313.6387090598578, 2955533, 68.7014144956392, 160849, 0, 0.0, 20, 
2019-12-04 15:19:28.673,157161432, 1313.6387090598578, 2956945, 68.7014144956392, 160926, 0, 0.0, 20, 
2019-12-04 15:19:29.698,182088336, 1313.6387090598578, 2958363, 68.7014144956392, 160989, 0, 0.0, 20, 
2019-12-04 15:19:30.727,205834240, 1316.1142372008087, 2959653, 68.85321701101665, 161070, 0, 0.0, 20, 
2019-12-04 15:19:31.751,230278528, 1316.1142372008087, 2960964, 68.85321701101665, 161138, 0, 0.0, 20, 
2019-12-04 15:19:32.777,254744472, 1316.1142372008087, 2962337, 68.85321701101665, 161206, 0, 0.0, 20, 
2019-12-04 15:19:33.803,280250392, 1316.1142372008087, 2963700, 68.85321701101665, 161271, 0, 0.0, 20, 
2019-12-04 15:19:34.83,305648216, 1316.1142372008087, 2965076, 68.85321701101665, 161317, 0, 0.0, 20, 
2019-12-04 15:19:35.852,327758800, 1315.8332543082865, 2966268, 68.46517520396989, 161387, 0, 0.0, 20, 
2019-12-04 15:19:36.88,352990000, 1315.8332543082865, 2967651, 68.46517520396989, 161457, 0, 0.0, 20, 
2019-12-04 15:19:37.903,377952776, 1315.8332543082865, 2968933, 68.46517520396989, 161528, 0, 0.0, 20, 
2019-12-04 15:19:38.926,121137648, 1315.8332543082865, 2970336, 68.46517520396989, 161594, 0, 0.0, 20, 
2019-12-04 15:19:39.954,146187016, 1315.8332543082865, 2971818, 68.46517520396989, 161682, 0, 0.0, 20, 
2019-12-04 15:19:40.982,172242816, 1315.7986132064532, 2973188, 68.63586637020032, 161760, 0, 0.0, 20, 
2019-12-04 15:19:42.023,198018520, 1315.7986132064532, 2974571, 68.63586637020032, 161838, 0, 0.0, 20, 
2019-12-04 15:19:43.055,223236360, 1315.7986132064532, 2975940, 68.63586637020032, 161896, 0, 0.0, 20, 
2019-12-04 15:19:44.077,249889888, 1315.7986132064532, 2977386, 68.63586637020032, 161986, 0, 0.0, 20, 
2019-12-04 15:19:45.101,274296992, 1315.7986132064532, 2978760, 68.63586637020032, 162053, 0, 0.0, 20, 
2019-12-04 15:19:46.13,300199528, 1318.3093294689822, 2980222, 68.90484764383613, 162115, 0, 0.0, 20, 
2019-12-04 15:19:47.152,322356144, 1318.3093294689822, 2981460, 68.90484764383613, 162181, 0, 0.0, 20, 
2019-12-04 15:19:48.179,347590184, 1318.3093294689822, 2982761, 68.90484764383613, 162252, 0, 0.0, 20, 
2019-12-04 15:19:49.203,372654032, 1318.3093294689822, 2984134, 68.90484764383613, 162331, 0, 0.0, 20, 
2019-12-04 15:19:50.231,398027944, 1318.124685679476, 2985494, 68.72056220128299, 162395, 0, 0.0, 20, 
2019-12-04 15:19:51.253,138548632, 1318.124685679476, 2986769, 68.72056220128299, 162460, 0, 0.0, 20, 
2019-12-04 15:19:52.276,162706272, 1318.124685679476, 2988096, 68.72056220128299, 162526, 0, 0.0, 20, 
2019-12-04 15:19:53.299,187691112, 1318.124685679476, 2989423, 68.72056220128299, 162601, 0, 0.0, 20, 
2019-12-04 15:19:54.327,212753376, 1318.124685679476, 2990782, 68.72056220128299, 162669, 0, 0.0, 20, 
2019-12-04 15:19:55.359,237161536, 1316.3556934848314, 2992149, 68.50303805794208, 162724, 0, 0.0, 20, 
2019-12-04 15:19:56.393,261739408, 1316.3556934848314, 2993482, 68.50303805794208, 162792, 0, 0.0, 20, 
2019-12-04 15:19:57.42,286405512, 1316.3556934848314, 2994774, 68.50303805794208, 162859, 0, 0.0, 20, 
2019-12-04 15:19:58.444,311653032, 1316.3556934848314, 2996117, 68.50303805794208, 162927, 0, 0.0, 20, 
2019-12-04 15:19:59.467,337118944, 1316.3556934848314, 2997504, 68.50303805794208, 163003, 0, 0.0, 20, 
2019-12-04 15:20:00.495,361099232, 1315.111928906405, 2998846, 68.36687065311078, 163078, 0, 0.0, 20, 
2019-12-04 15:20:01.518,389393016, 1315.111928906405, 3000220, 68.36687065311078, 163144, 0, 0.0, 20, 
2019-12-04 15:20:02.542,130945528, 1315.111928906405, 3001587, 68.36687065311078, 163227, 0, 0.0, 20, 
2019-12-04 15:20:03.566,156339064, 1315.111928906405, 3002996, 68.36687065311078, 163293, 0, 0.0, 20, 
2019-12-04 15:20:04.591,180879344, 1315.111928906405, 3004365, 68.36687065311078, 163350, 0, 0.0, 20, 
2019-12-04 15:20:05.613,206529904, 1317.6935405311833, 3005737, 68.44947511480493, 163434, 0, 0.0, 20, 
2019-12-04 15:20:06.638,231284768, 1317.6935405311833, 3007068, 68.44947511480493, 163504, 0, 0.0, 20, 
2019-12-04 15:20:07.66,254689184, 1317.6935405311833, 3008368, 68.44947511480493, 163581, 0, 0.0, 20, 
2019-12-04 15:20:08.682,277871712, 1317.6935405311833, 3009652, 68.44947511480493, 163646, 0, 0.0, 20, 
2019-12-04 15:20:09.706,303976864, 1317.6935405311833, 3011020, 68.44947511480493, 163716, 0, 0.0, 20, 
2019-12-04 15:20:10.729,335714496, 1315.03153600895, 3012301, 68.58943935670663, 163789, 0, 0.0, 20, 
2019-12-04 15:20:11.752,363032568, 1315.03153600895, 3013671, 68.58943935670663, 163864, 0, 0.0, 20, 
2019-12-04 15:20:12.779,389822832, 1315.03153600895, 3014968, 68.58943935670663, 163924, 0, 0.0, 20, 
2019-12-04 15:20:13.804,132291768, 1315.03153600895, 3016316, 68.58943935670663, 163991, 0, 0.0, 20, 
2019-12-04 15:20:14.836,157751608, 1315.03153600895, 3017704, 68.58943935670663, 164057, 0, 0.0, 20, 
2019-12-04 15:20:15.869,182287664, 1314.7251833044857, 3019021, 68.44636368545582, 164135, 0, 0.0, 20, 
2019-12-04 15:20:16.902,206741496, 1314.7251833044857, 3020368, 68.44636368545582, 164205, 0, 0.0, 20, 
2019-12-04 15:20:17.925,232617408, 1314.7251833044857, 3021750, 68.44636368545582, 164269, 0, 0.0, 20, 
2019-12-04 15:20:18.95,256371104, 1314.7251833044857, 3023044, 68.44636368545582, 164338, 0, 0.0, 20, 
2019-12-04 15:20:19.973,281303712, 1314.7251833044857, 3024360, 68.44636368545582, 164432, 0, 0.0, 20, 
2019-12-04 15:20:20.998,305612968, 1313.4518759512403, 3025718, 68.82644345962451, 164513, 0, 0.0, 20, 
2019-12-04 15:20:22.028,330868168, 1313.4518759512403, 3027083, 68.82644345962451, 164584, 0, 0.0, 20, 
2019-12-04 15:20:23.053,356323840, 1313.4518759512403, 3028467, 68.82644345962451, 164657, 0, 0.0, 20, 
2019-12-04 15:20:24.077,380533016, 1313.4518759512403, 3029805, 68.82644345962451, 164733, 0, 0.0, 20, 
2019-12-04 15:20:25.101,121958888, 1313.4518759512403, 3031174, 68.82644345962451, 164796, 0, 0.0, 20, 
2019-12-04 15:20:26.123,144669856, 1314.743008662197, 3032494, 68.92027585977581, 164872, 0, 0.0, 20, 
2019-12-04 15:20:27.148,161043616, 1314.743008662197, 3033328, 68.92027585977581, 164904, 0, 0.0, 20, 
2019-12-04 15:20:28.172,173937000, 1314.743008662197, 3033836, 68.92027585977581, 164931, 0, 0.0, 20, 
2019-12-04 15:20:29.196,185729944, 1314.743008662197, 3034352, 68.92027585977581, 164952, 0, 0.0, 20, 
2019-12-04 15:20:30.22,197463048, 1267.349894430235, 3034857, 66.19216923039848, 164973, 0, 0.0, 20, 
2019-12-04 15:20:31.248,208771976, 1267.349894430235, 3035378, 66.19216923039848, 165002, 0, 0.0, 20, 
2019-12-04 15:20:32.272,219669232, 1267.349894430235, 3035899, 66.19216923039848, 165028, 0, 0.0, 20, 
2019-12-04 15:20:33.294,230165168, 1267.349894430235, 3036383, 66.19216923039848, 165052, 0, 0.0, 20, 
2019-12-04 15:20:34.318,240948216, 1267.349894430235, 3036853, 66.19216923039848, 165078, 0, 0.0, 20, 
2019-12-04 15:20:35.341,250910520, 1204.6207483685628, 3037342, 63.02655416348707, 165109, 0, 0.0, 20, 
2019-12-04 15:20:36.364,261328136, 1204.6207483685628, 3037799, 63.02655416348707, 165131, 0, 0.0, 20, 
2019-12-04 15:20:37.387,271484776, 1204.6207483685628, 3038290, 63.02655416348707, 165160, 0, 0.0, 20, 
2019-12-04 15:20:38.415,282756344, 1204.6207483685628, 3038781, 63.02655416348707, 165181, 0, 0.0, 20, 
2019-12-04 15:20:39.439,294056240, 1204.6207483685628, 3039265, 63.02655416348707, 165205, 0, 0.0, 20, 
2019-12-04 15:20:40.464,304010472, 1146.3954321536821, 3039792, 59.97012764864158, 165234, 0, 0.0, 20, 
2019-12-04 15:20:41.492,316248416, 1146.3954321536821, 3040281, 59.97012764864158, 165266, 0, 0.0, 20, 
2019-12-04 15:20:42.516,326768712, 1146.3954321536821, 3040762, 59.97012764864158, 165292, 0, 0.0, 20, 
2019-12-04 15:20:43.539,336980640, 1146.3954321536821, 3041251, 59.97012764864158, 165320, 0, 0.0, 20, 
2019-12-04 15:20:44.571,348115608, 1146.3954321536821, 3041737, 59.97012764864158, 165346, 0, 0.0, 20, 
2019-12-04 15:20:45.596,359406952, 1093.3212798094532, 3042262, 57.38195514397091, 165384, 0, 0.0, 20, 
2019-12-04 15:20:46.625,370097776, 1093.3212798094532, 3042762, 57.38195514397091, 165411, 0, 0.0, 20, 
2019-12-04 15:20:47.659,380966456, 1093.3212798094532, 3043252, 57.38195514397091, 165438, 0, 0.0, 20, 
2019-12-04 15:20:48.694,390889552, 1093.3212798094532, 3043740, 57.38195514397091, 165467, 0, 0.0, 20, 
2019-12-04 15:20:49.719,122412632, 1093.3212798094532, 3044199, 57.38195514397091, 165491, 0, 0.0, 20, 
2019-12-04 15:20:50.744,131851808, 1043.7231287644013, 3044705, 54.952748135729074, 165521, 0, 0.0, 20, 
2019-12-04 15:20:51.772,144637760, 1043.7231287644013, 3045198, 54.952748135729074, 165544, 0, 0.0, 20, 
2019-12-04 15:20:52.798,155522376, 1043.7231287644013, 3045683, 54.952748135729074, 165572, 0, 0.0, 20, 
2019-12-04 15:20:53.824,164951520, 1043.7231287644013, 3046123, 54.952748135729074, 165597, 0, 0.0, 20, 
2019-12-04 15:20:54.849,177125296, 1043.7231287644013, 3046652, 54.952748135729074, 165629, 0, 0.0, 20, 
2019-12-04 15:20:55.876,188670784, 998.4744137292387, 3047129, 52.7337609128919, 165655, 0, 0.0, 20, 
2019-12-04 15:20:56.905,199273160, 998.4744137292387, 3047639, 52.7337609128919, 165687, 0, 0.0, 20, 
2019-12-04 15:20:57.93,209605064, 998.4744137292387, 3048150, 52.7337609128919, 165704, 0, 0.0, 20, 
2019-12-04 15:20:58.955,220919496, 998.4744137292387, 3048656, 52.7337609128919, 165724, 0, 0.0, 20, 
2019-12-04 15:20:59.98,232040904, 998.4744137292387, 3049166, 52.7337609128919, 165761, 0, 0.0, 20, 
2019-12-04 15:21:01.006,243008832, 958.0908933237662, 3049692, 50.58025629286778, 165782, 0, 0.0, 20, 
2019-12-04 15:21:02.031,252684912, 958.0908933237662, 3050180, 50.58025629286778, 165811, 0, 0.0, 20, 
2019-12-04 15:21:03.055,264966632, 958.0908933237662, 3050662, 50.58025629286778, 165847, 0, 0.0, 20, 
2019-12-04 15:21:04.084,276135320, 958.0908933237662, 3051190, 50.58025629286778, 165865, 0, 0.0, 20, 
2019-12-04 15:21:05.11,286058424, 958.0908933237662, 3051700, 50.58025629286778, 165890, 0, 0.0, 20, 
2019-12-04 15:21:06.137,297342992, 920.728376409678, 3052211, 48.5349719270396, 165921, 0, 0.0, 20, 
2019-12-04 15:21:07.162,309043984, 920.728376409678, 3052711, 48.5349719270396, 165946, 0, 0.0, 20, 
2019-12-04 15:21:08.188,318782024, 920.728376409678, 3053195, 48.5349719270396, 165968, 0, 0.0, 20, 
2019-12-04 15:21:09.215,328881456, 920.728376409678, 3053697, 48.5349719270396, 165998, 0, 0.0, 20, 
2019-12-04 15:21:10.242,341283272, 886.1932902356361, 3054203, 46.66921058700484, 166020, 0, 0.0, 20, 
2019-12-04 15:21:11.265,353127776, 886.1932902356361, 3054718, 46.66921058700484, 166052, 0, 0.0, 20, 
2019-12-04 15:21:12.291,363751376, 886.1932902356361, 3055180, 46.66921058700484, 166080, 0, 0.0, 20, 
2019-12-04 15:21:13.316,374129232, 886.1932902356361, 3055683, 46.66921058700484, 166105, 0, 0.0, 20, 
2019-12-04 15:21:14.339,384994904, 886.1932902356361, 3056164, 46.66921058700484, 166131, 0, 0.0, 20, 
2019-12-04 15:21:15.365,395295744, 853.7958235265754, 3056678, 45.048573989519355, 166155, 0, 0.0, 20, 
2019-12-04 15:21:16.389,122515808, 853.7958235265754, 3057191, 45.048573989519355, 166177, 0, 0.0, 20, 
2019-12-04 15:21:17.417,136918088, 853.7958235265754, 3057679, 45.048573989519355, 166202, 0, 0.0, 20, 
2019-12-04 15:21:18.441,160367024, 853.7958235265754, 3058228, 45.048573989519355, 166226, 0, 0.0, 20, 
2019-12-04 15:21:19.466,172762208, 853.7958235265754, 3058763, 45.048573989519355, 166251, 0, 0.0, 20, 
2019-12-04 15:21:20.501,182681056, 825.8756670475126, 3059259, 43.25368511545039, 166269, 0, 0.0, 20, 
2019-12-04 15:21:21.525,193428232, 825.8756670475126, 3059761, 43.25368511545039, 166294, 0, 0.0, 20, 
2019-12-04 15:21:22.55,204959776, 825.8756670475126, 3060275, 43.25368511545039, 166316, 0, 0.0, 20, 
2019-12-04 15:21:23.574,215973232, 825.8756670475126, 3060762, 43.25368511545039, 166343, 0, 0.0, 20, 
2019-12-04 15:21:24.599,227026208, 825.8756670475126, 3061273, 43.25368511545039, 166368, 0, 0.0, 20, 
2019-12-04 15:21:25.625,237861448, 799.244407116, 3061789, 41.77820991979841, 166403, 0, 0.0, 20, 
2019-12-04 15:21:26.65,248153336, 799.244407116, 3062260, 41.77820991979841, 166437, 0, 0.0, 20, 
2019-12-04 15:21:27.675,258950184, 799.244407116, 3062782, 41.77820991979841, 166461, 0, 0.0, 20, 
2019-12-04 15:21:28.699,270724200, 799.244407116, 3063285, 41.77820991979841, 166486, 0, 0.0, 20, 
2019-12-04 15:21:29.723,282134456, 799.244407116, 3063771, 41.77820991979841, 166511, 0, 0.0, 20, 
2019-12-04 15:21:30.747,292392912, 774.2947138833945, 3064266, 40.644582846152595, 166542, 0, 0.0, 20, 
2019-12-04 15:21:31.776,302112808, 774.2947138833945, 3064730, 40.644582846152595, 166564, 0, 0.0, 20, 
2019-12-04 15:21:32.8,313057840, 774.2947138833945, 3065193, 40.644582846152595, 166586, 0, 0.0, 20, 
2019-12-04 15:21:33.823,324249640, 774.2947138833945, 3065687, 40.644582846152595, 166605, 0, 0.0, 20, 
2019-12-04 15:21:34.846,335152704, 774.2947138833945, 3066175, 40.644582846152595, 166641, 0, 0.0, 20, 
2019-12-04 15:21:35.871,345702888, 749.7567673876814, 3066675, 39.329746598511875, 166667, 0, 0.0, 20, 
2019-12-04 15:21:36.9,355306456, 749.7567673876814, 3067171, 39.329746598511875, 166699, 0, 0.0, 20, 
2019-12-04 15:21:37.925,366649976, 749.7567673876814, 3067643, 39.329746598511875, 166729, 0, 0.0, 20, 
2019-12-04 15:21:38.949,376521320, 749.7567673876814, 3068143, 39.329746598511875, 166757, 0, 0.0, 20, 
2019-12-04 15:21:39.974,388590832, 749.7567673876814, 3068650, 39.329746598511875, 166779, 0, 0.0, 20, 
2019-12-04 15:21:41.001,399987480, 728.556002836203, 3069163, 38.37589672590402, 166802, 0, 0.0, 20, 
2019-12-04 15:21:42.027,130747280, 728.556002836203, 3069668, 38.37589672590402, 166818, 0, 0.0, 20, 
2019-12-04 15:21:43.049,141134496, 728.556002836203, 3070192, 38.37589672590402, 166849, 0, 0.0, 20, 
2019-12-04 15:21:44.072,152142936, 728.556002836203, 3070684, 38.37589672590402, 166872, 0, 0.0, 20, 
2019-12-04 15:21:45.095,162654728, 728.556002836203, 3071181, 38.37589672590402, 166892, 0, 0.0, 20, 
2019-12-04 15:21:46.119,171976808, 709.6260380394127, 3071645, 37.05056120014048, 166914, 0, 0.0, 20, 
2019-12-04 15:21:47.143,182544144, 709.6260380394127, 3072144, 37.05056120014048, 166949, 0, 0.0, 20, 
2019-12-04 15:21:48.167,195027752, 709.6260380394127, 3072644, 37.05056120014048, 166976, 0, 0.0, 20, 
2019-12-04 15:21:49.192,205407880, 709.6260380394127, 3073133, 37.05056120014048, 167010, 0, 0.0, 20, 
2019-12-04 15:21:50.218,215966528, 691.3141271028446, 3073648, 36.310927164375975, 167032, 0, 0.0, 20, 
2019-12-04 15:21:51.243,227551672, 691.3141271028446, 3074137, 36.310927164375975, 167053, 0, 0.0, 20, 
2019-12-04 15:21:52.268,240584408, 691.3141271028446, 3074647, 36.310927164375975, 167075, 0, 0.0, 20, 
2019-12-04 15:21:53.302,251380856, 691.3141271028446, 3075136, 36.310927164375975, 167094, 0, 0.0, 20, 
2019-12-04 15:21:54.328,261288864, 691.3141271028446, 3075611, 36.310927164375975, 167120, 0, 0.0, 20, 
2019-12-04 15:21:55.354,272077224, 674.4503646073913, 3076103, 35.0867330203805, 167141, 0, 0.0, 20, 
2019-12-04 15:21:56.379,281485512, 674.4503646073913, 3076580, 35.0867330203805, 167174, 0, 0.0, 20, 
2019-12-04 15:21:57.405,292361248, 674.4503646073913, 3077089, 35.0867330203805, 167206, 0, 0.0, 20, 
2019-12-04 15:21:58.43,303805936, 674.4503646073913, 3077602, 35.0867330203805, 167235, 0, 0.0, 20, 
2019-12-04 15:21:59.456,315754088, 674.4503646073913, 3078100, 35.0867330203805, 167264, 0, 0.0, 20, 
2019-12-04 15:22:00.482,326765520, 659.4466698601865, 3078615, 34.648038069963356, 167291, 0, 0.0, 20, 
2019-12-04 15:22:01.505,338324016, 659.4466698601865, 3079102, 34.648038069963356, 167310, 0, 0.0, 20, 
2019-12-04 15:22:02.531,348443448, 659.4466698601865, 3079601, 34.648038069963356, 167339, 0, 0.0, 20, 
2019-12-04 15:22:03.56,358785664, 659.4466698601865, 3080052, 34.648038069963356, 167360, 0, 0.0, 20, 
2019-12-04 15:22:04.584,368853592, 659.4466698601865, 3080561, 34.648038069963356, 167381, 0, 0.0, 20, 
2019-12-04 15:22:05.609,378661816, 644.7151195189175, 3081025, 33.62076566521469, 167404, 0, 0.0, 20, 
2019-12-04 15:22:06.634,389722600, 644.7151195189175, 3081536, 33.62076566521469, 167436, 0, 0.0, 20, 
2019-12-04 15:22:07.659,400944184, 644.7151195189175, 3082036, 33.62076566521469, 167466, 0, 0.0, 20, 
2019-12-04 15:22:08.684,125567216, 644.7151195189175, 3082506, 33.62076566521469, 167492, 0, 0.0, 20, 
2019-12-04 15:22:09.71,136153184, 644.7151195189175, 3082993, 33.62076566521469, 167514, 0, 0.0, 20, 
2019-12-04 15:22:10.742,149661008, 631.1774300256764, 3083504, 32.93148730010902, 167534, 0, 0.0, 20, 
2019-12-04 15:22:11.77,161013520, 631.1774300256764, 3083997, 32.93148730010902, 167572, 0, 0.0, 20, 
2019-12-04 15:22:12.802,170363760, 631.1774300256764, 3084485, 32.93148730010902, 167600, 0, 0.0, 20, 
2019-12-04 15:22:13.826,180972008, 631.1774300256764, 3084956, 32.93148730010902, 167629, 0, 0.0, 20, 
2019-12-04 15:22:14.85,192643720, 631.1774300256764, 3085453, 32.93148730010902, 167655, 0, 0.0, 20, 
2019-12-04 15:22:15.88,203336064, 619.2018879326578, 3085960, 32.58516069750315, 167678, 0, 0.0, 20, 
2019-12-04 15:22:16.906,214070824, 619.2018879326578, 3086461, 32.58516069750315, 167709, 0, 0.0, 20, 
2019-12-04 15:22:17.93,224729784, 619.2018879326578, 3086950, 32.58516069750315, 167732, 0, 0.0, 20, 
2019-12-04 15:22:18.954,235938256, 619.2018879326578, 3087470, 32.58516069750315, 167758, 0, 0.0, 20, 
2019-12-04 15:22:19.978,246049376, 619.2018879326578, 3087960, 32.58516069750315, 167788, 0, 0.0, 20, 
2019-12-04 15:22:21.003,258020184, 608.7115641812642, 3088470, 32.058640319174316, 167806, 0, 0.0, 20, 
2019-12-04 15:22:22.028,269218440, 608.7115641812642, 3088964, 32.058640319174316, 167827, 0, 0.0, 20, 
2019-12-04 15:22:23.051,278691112, 608.7115641812642, 3089415, 32.058640319174316, 167859, 0, 0.0, 20, 
2019-12-04 15:22:24.077,290094472, 608.7115641812642, 3089931, 32.058640319174316, 167881, 0, 0.0, 20, 
2019-12-04 15:22:25.101,300733416, 608.7115641812642, 3090429, 32.058640319174316, 167905, 0, 0.0, 20, 
2019-12-04 15:22:26.128,311692712, 598.4683290743983, 3090919, 31.318360312718184, 167940, 0, 0.0, 20, 
2019-12-04 15:22:27.152,322806080, 598.4683290743983, 3091417, 31.318360312718184, 167976, 0, 0.0, 20, 
2019-12-04 15:22:28.177,333381408, 598.4683290743983, 3091902, 31.318360312718184, 168002, 0, 0.0, 20, 
2019-12-04 15:22:29.201,343904952, 598.4683290743983, 3092383, 31.318360312718184, 168025, 0, 0.0, 20, 
2019-12-04 15:22:30.23,355268944, 589.4278846363704, 3092911, 31.05303887144398, 168047, 0, 0.0, 20, 
2019-12-04 15:22:31.254,365754736, 589.4278846363704, 3093429, 31.05303887144398, 168090, 0, 0.0, 20, 
2019-12-04 15:22:32.281,377152128, 589.4278846363704, 3093915, 31.05303887144398, 168125, 0, 0.0, 20, 
2019-12-04 15:22:33.33,388831040, 589.4278846363704, 3094393, 31.05303887144398, 168147, 0, 0.0, 20, 
2019-12-04 15:22:34.353,399509960, 589.4278846363704, 3094880, 31.05303887144398, 168180, 0, 0.0, 20, 
2019-12-04 15:22:35.378,124336064, 580.0548604985032, 3095339, 31.032807000356144, 168211, 0, 0.0, 20, 
2019-12-04 15:22:36.402,135001952, 580.0548604985032, 3095865, 31.032807000356144, 168233, 0, 0.0, 20, 
2019-12-04 15:22:37.426,145436944, 580.0548604985032, 3096363, 31.032807000356144, 168258, 0, 0.0, 20, 
2019-12-04 15:22:38.456,156531600, 580.0548604985032, 3096851, 31.032807000356144, 168288, 0, 0.0, 20, 
2019-12-04 15:22:39.481,166789904, 580.0548604985032, 3097342, 31.032807000356144, 168321, 0, 0.0, 20, 
2019-12-04 15:22:40.504,177076384, 572.6146046557587, 3097832, 30.774326024252247, 168346, 0, 0.0, 20, 
2019-12-04 15:22:41.528,188064680, 572.6146046557587, 3098336, 30.774326024252247, 168379, 0, 0.0, 20, 
2019-12-04 15:22:42.552,199758496, 572.6146046557587, 3098812, 30.774326024252247, 168400, 0, 0.0, 20, 
2019-12-04 15:22:43.576,210661064, 572.6146046557587, 3099280, 30.774326024252247, 168426, 0, 0.0, 20, 
2019-12-04 15:22:44.606,220772464, 572.6146046557587, 3099782, 30.774326024252247, 168444, 0, 0.0, 20, 
2019-12-04 15:22:45.631,229942672, 564.6178783948908, 3100245, 30.200698587343076, 168468, 0, 0.0, 20, 
2019-12-04 15:22:46.655,241861488, 564.6178783948908, 3100759, 30.200698587343076, 168499, 0, 0.0, 20, 
2019-12-04 15:22:47.68,252933672, 564.6178783948908, 3101250, 30.200698587343076, 168521, 0, 0.0, 20, 
2019-12-04 15:22:48.704,264185456, 564.6178783948908, 3101739, 30.200698587343076, 168555, 0, 0.0, 20, 
2019-12-04 15:22:49.729,274852576, 564.6178783948908, 3102226, 30.200698587343076, 168586, 0, 0.0, 20, 
2019-12-04 15:22:50.757,286043032, 558.1080642681887, 3102759, 30.152669380160724, 168621, 0, 0.0, 20, 
2019-12-04 15:22:51.781,298333984, 558.1080642681887, 3103265, 30.152669380160724, 168653, 0, 0.0, 20, 
2019-12-04 15:22:52.805,309747864, 558.1080642681887, 3103766, 30.152669380160724, 168680, 0, 0.0, 20, 
2019-12-04 15:22:53.835,319569528, 558.1080642681887, 3104238, 30.152669380160724, 168703, 0, 0.0, 20, 
2019-12-04 15:22:54.859,330017256, 558.1080642681887, 3104715, 30.152669380160724, 168732, 0, 0.0, 20, 
2019-12-04 15:22:55.883,340715272, 551.8309060333071, 3105189, 29.852622503167357, 168760, 0, 0.0, 20, 
2019-12-04 15:22:56.908,351222928, 551.8309060333071, 3105682, 29.852622503167357, 168788, 0, 0.0, 20, 
2019-12-04 15:22:57.933,362318880, 551.8309060333071, 3106153, 29.852622503167357, 168819, 0, 0.0, 20, 
2019-12-04 15:22:58.963,372274968, 551.8309060333071, 3106650, 29.852622503167357, 168849, 0, 0.0, 20, 
2019-12-04 15:22:59.985,383270760, 551.8309060333071, 3107126, 29.852622503167357, 168874, 0, 0.0, 20, 
2019-12-04 15:23:01.013,394146864, 545.3520325082977, 3107618, 29.736477220603994, 168893, 0, 0.0, 20, 
2019-12-04 15:23:02.038,404595592, 545.3520325082977, 3108085, 29.736477220603994, 168925, 0, 0.0, 20, 
2019-12-04 15:23:03.062,129133456, 545.3520325082977, 3108559, 29.736477220603994, 168956, 0, 0.0, 20, 
2019-12-04 15:23:04.086,140642904, 545.3520325082977, 3109062, 29.736477220603994, 168979, 0, 0.0, 20, 
2019-12-04 15:23:05.11,150362416, 545.3520325082977, 3109544, 29.736477220603994, 168998, 0, 0.0, 20, 
2019-12-04 15:23:06.135,161832528, 539.5351011621904, 3110049, 29.277813826465046, 169025, 0, 0.0, 20, 
2019-12-04 15:23:07.165,173089288, 539.5351011621904, 3110589, 29.277813826465046, 169059, 0, 0.0, 20, 
2019-12-04 15:23:08.194,185397016, 539.5351011621904, 3111146, 29.277813826465046, 169087, 0, 0.0, 20, 
2019-12-04 15:23:09.22,196532432, 539.5351011621904, 3111633, 29.277813826465046, 169126, 0, 0.0, 20, 
2019-12-04 15:23:10.245,207518304, 537.0456759231922, 3112146, 29.415512230087323, 169155, 0, 0.0, 20, 
2019-12-04 15:23:11.272,219325672, 537.0456759231922, 3112642, 29.415512230087323, 169178, 0, 0.0, 20, 
2019-12-04 15:23:12.297,230936712, 537.0456759231922, 3113181, 29.415512230087323, 169204, 0, 0.0, 20, 
2019-12-04 15:23:13.323,242135784, 537.0456759231922, 3113664, 29.415512230087323, 169235, 0, 0.0, 20, 
2019-12-04 15:23:14.349,251847968, 537.0456759231922, 3114094, 29.415512230087323, 169263, 0, 0.0, 20, 
2019-12-04 15:23:15.373,262262144, 532.1007687021082, 3114585, 29.014494013796902, 169277, 0, 0.0, 20, 
2019-12-04 15:23:16.396,273397040, 532.1007687021082, 3115086, 29.014494013796902, 169302, 0, 0.0, 20, 
2019-12-04 15:23:17.425,284251880, 532.1007687021082, 3115610, 29.014494013796902, 169332, 0, 0.0, 20, 
2019-12-04 15:23:18.45,295246416, 532.1007687021082, 3116088, 29.014494013796902, 169365, 0, 0.0, 20, 
2019-12-04 15:23:19.474,306946632, 532.1007687021082, 3116595, 29.014494013796902, 169389, 0, 0.0, 20, 
2019-12-04 15:23:20.498,317965512, 528.654621510605, 3117086, 28.773468380327373, 169411, 0, 0.0, 20, 
2019-12-04 15:23:21.522,327103008, 528.654621510605, 3117561, 28.773468380327373, 169433, 0, 0.0, 20, 
2019-12-04 15:23:22.546,337375464, 528.654621510605, 3118059, 28.773468380327373, 169458, 0, 0.0, 20, 
2019-12-04 15:23:23.571,347469312, 528.654621510605, 3118541, 28.773468380327373, 169471, 0, 0.0, 20, 
2019-12-04 15:23:24.596,358687784, 528.654621510605, 3119002, 28.773468380327373, 169492, 0, 0.0, 20, 
2019-12-04 15:23:25.622,368710944, 523.9968391471774, 3119486, 28.15193616561785, 169524, 0, 0.0, 20, 
2019-12-04 15:23:26.649,380176008, 523.9968391471774, 3119968, 28.15193616561785, 169548, 0, 0.0, 20, 
2019-12-04 15:23:27.674,390740440, 523.9968391471774, 3120484, 28.15193616561785, 169573, 0, 0.0, 20, 
2019-12-04 15:23:28.702,402257792, 523.9968391471774, 3120975, 28.15193616561785, 169602, 0, 0.0, 20, 
2019-12-04 15:23:29.725,129683464, 523.9968391471774, 3121498, 28.15193616561785, 169633, 0, 0.0, 20, 
2019-12-04 15:23:30.749,141099712, 521.022744099226, 3121996, 28.075823552260356, 169663, 0, 0.0, 20, 
2019-12-04 15:23:31.774,152961568, 521.022744099226, 3122500, 28.075823552260356, 169694, 0, 0.0, 20, 
2019-12-04 15:23:32.8,163095280, 521.022744099226, 3122983, 28.075823552260356, 169717, 0, 0.0, 20, 
2019-12-04 15:23:33.824,174900760, 521.022744099226, 3123486, 28.075823552260356, 169735, 0, 0.0, 20, 
2019-12-04 15:23:34.849,184903424, 521.022744099226, 3123997, 28.075823552260356, 169757, 0, 0.0, 20, 
2019-12-04 15:23:35.872,195718624, 518.2864445617815, 3124510, 27.685974225975247, 169782, 0, 0.0, 20, 
2019-12-04 15:23:36.901,206335184, 518.2864445617815, 3124999, 27.685974225975247, 169805, 0, 0.0, 20, 
2019-12-04 15:23:37.924,217296264, 518.2864445617815, 3125488, 27.685974225975247, 169841, 0, 0.0, 20, 
2019-12-04 15:23:38.947,228894600, 518.2864445617815, 3126010, 27.685974225975247, 169862, 0, 0.0, 20, 
2019-12-04 15:23:39.971,239865432, 518.2864445617815, 3126513, 27.685974225975247, 169888, 0, 0.0, 20, 
2019-12-04 15:23:40.996,250130848, 515.9768119775666, 3127011, 27.53518005274339, 169909, 0, 0.0, 20, 
2019-12-04 15:23:42.067,261863336, 515.9768119775666, 3127497, 27.53518005274339, 169944, 0, 0.0, 20, 
2019-12-04 15:23:43.098,272841336, 515.9768119775666, 3128016, 27.53518005274339, 169967, 0, 0.0, 20, 
2019-12-04 15:23:44.124,283034592, 515.9768119775666, 3128503, 27.53518005274339, 169992, 0, 0.0, 20, 
2019-12-04 15:23:45.148,293527752, 513.4200872576122, 3129008, 27.332478247606225, 170018, 0, 0.0, 20, 
2019-12-04 15:23:46.171,304189568, 513.4200872576122, 3129493, 27.332478247606225, 170038, 0, 0.0, 20, 
2019-12-04 15:23:47.197,315857752, 513.4200872576122, 3130008, 27.332478247606225, 170057, 0, 0.0, 20, 
2019-12-04 15:23:48.22,326714296, 513.4200872576122, 3130467, 27.332478247606225, 170087, 0, 0.0, 20, 
2019-12-04 15:23:49.244,337578264, 513.4200872576122, 3130949, 27.332478247606225, 170108, 0, 0.0, 20, 
2019-12-04 15:23:50.268,348430224, 510.188275520196, 3131432, 26.986072413213147, 170135, 0, 0.0, 20, 
2019-12-04 15:23:51.292,359421256, 510.188275520196, 3131908, 26.986072413213147, 170166, 0, 0.0, 20, 
2019-12-04 15:23:52.317,369543024, 510.188275520196, 3132394, 26.986072413213147, 170191, 0, 0.0, 20, 
2019-12-04 15:23:53.341,380028064, 510.188275520196, 3132867, 26.986072413213147, 170225, 0, 0.0, 20, 
2019-12-04 15:23:54.366,390600472, 510.188275520196, 3133360, 26.986072413213147, 170255, 0, 0.0, 20, 
2019-12-04 15:23:55.39,401170664, 506.9110339576442, 3133843, 27.035159352789897, 170279, 0, 0.0, 20, 
2019-12-04 15:23:56.415,130102848, 506.9110339576442, 3134319, 27.035159352789897, 170304, 0, 0.0, 20, 
2019-12-04 15:23:57.44,140998616, 506.9110339576442, 3134831, 27.035159352789897, 170322, 0, 0.0, 20, 
2019-12-04 15:23:58.465,151476600, 506.9110339576442, 3135321, 27.035159352789897, 170348, 0, 0.0, 20, 
2019-12-04 15:23:59.49,162731600, 506.9110339576442, 3135828, 27.035159352789897, 170364, 0, 0.0, 20, 
2019-12-04 15:24:00.515,173735192, 505.3989911675961, 3136355, 26.680543590525346, 170392, 0, 0.0, 20, 
2019-12-04 15:24:01.541,184372104, 505.3989911675961, 3136861, 26.680543590525346, 170414, 0, 0.0, 20, 
2019-12-04 15:24:02.57,195596488, 505.3989911675961, 3137348, 26.680543590525346, 170432, 0, 0.0, 20, 
2019-12-04 15:24:03.594,205433152, 505.3989911675961, 3137828, 26.680543590525346, 170455, 0, 0.0, 20, 
2019-12-04 15:24:04.623,216831040, 505.3989911675961, 3138340, 26.680543590525346, 170485, 0, 0.0, 20, 
2019-12-04 15:24:05.649,227819384, 503.54410224878177, 3138807, 26.3862635732626, 170509, 0, 0.0, 20, 
2019-12-04 15:24:06.679,238886040, 503.54410224878177, 3139360, 26.3862635732626, 170530, 0, 0.0, 20, 
2019-12-04 15:24:07.703,250614736, 503.54410224878177, 3139871, 26.3862635732626, 170551, 0, 0.0, 20, 
2019-12-04 15:24:08.728,260306728, 503.54410224878177, 3140362, 26.3862635732626, 170577, 0, 0.0, 20, 
2019-12-04 15:24:09.753,271143704, 503.54410224878177, 3140845, 26.3862635732626, 170604, 0, 0.0, 20, 
2019-12-04 15:24:10.78,281991264, 502.58910456175323, 3141322, 26.131504004117126, 170629, 0, 0.0, 20, 
2019-12-04 15:24:11.805,292426296, 502.58910456175323, 3141820, 26.131504004117126, 170649, 0, 0.0, 20, 
2019-12-04 15:24:12.83,303642160, 502.58910456175323, 3142327, 26.131504004117126, 170670, 0, 0.0, 20, 
2019-12-04 15:24:13.86,315750760, 502.58910456175323, 3142829, 26.131504004117126, 170691, 0, 0.0, 20, 
2019-12-04 15:24:14.885,326599416, 502.58910456175323, 3143321, 26.131504004117126, 170712, 0, 0.0, 20, 
2019-12-04 15:24:15.91,336657376, 501.02284623963084, 3143792, 25.689229363487698, 170732, 0, 0.0, 20, 
2019-12-04 15:24:16.934,347841992, 501.02284623963084, 3144277, 25.689229363487698, 170756, 0, 0.0, 20, 
2019-12-04 15:24:17.959,359585840, 501.02284623963084, 3144807, 25.689229363487698, 170785, 0, 0.0, 20, 
2019-12-04 15:24:18.989,370410392, 501.02284623963084, 3145286, 25.689229363487698, 170817, 0, 0.0, 20, 
2019-12-04 15:24:20.013,380667704, 501.02284623963084, 3145782, 25.689229363487698, 170841, 0, 0.0, 20, 
2019-12-04 15:24:21.037,390906536, 499.16604997456795, 3146279, 25.730068328720193, 170868, 0, 0.0, 20, 
2019-12-04 15:24:22.06,400709168, 499.16604997456795, 3146749, 25.730068328720193, 170891, 0, 0.0, 20, 
2019-12-04 15:24:23.086,127174000, 499.16604997456795, 3147235, 25.730068328720193, 170918, 0, 0.0, 20, 
2019-12-04 15:24:24.11,136754864, 499.16604997456795, 3147698, 25.730068328720193, 170946, 0, 0.0, 20, 
2019-12-04 15:24:25.135,147500328, 497.553661644237, 3148228, 25.783633107655728, 170979, 0, 0.0, 20, 
2019-12-04 15:24:26.159,157791800, 497.553661644237, 3148708, 25.783633107655728, 171000, 0, 0.0, 20, 
2019-12-04 15:24:27.183,169405936, 497.553661644237, 3149195, 25.783633107655728, 171037, 0, 0.0, 20, 
2019-12-04 15:24:28.208,180476104, 497.553661644237, 3149691, 25.783633107655728, 171057, 0, 0.0, 20, 
2019-12-04 15:24:29.233,191440200, 497.553661644237, 3150147, 25.783633107655728, 171087, 0, 0.0, 20, 
2019-12-04 15:24:30.256,202084240, 494.7589211666234, 3150596, 25.800932849187948, 171109, 0, 0.0, 20, 
2019-12-04 15:24:31.279,210623328, 494.7589211666234, 3151085, 25.800932849187948, 171131, 0, 0.0, 20, 
2019-12-04 15:24:32.303,221764248, 494.7589211666234, 3151577, 25.800932849187948, 171160, 0, 0.0, 20, 
2019-12-04 15:24:33.326,232980368, 494.7589211666234, 3152061, 25.800932849187948, 171187, 0, 0.0, 20, 
2019-12-04 15:24:34.357,244610872, 494.7589211666234, 3152542, 25.800932849187948, 171224, 0, 0.0, 20, 
2019-12-04 15:24:35.384,255499480, 492.9072360681927, 3153031, 25.960769433426414, 171252, 0, 0.0, 20, 
2019-12-04 15:24:36.41,266627472, 492.9072360681927, 3153542, 25.960769433426414, 171282, 0, 0.0, 20, 
2019-12-04 15:24:37.434,276811232, 492.9072360681927, 3154026, 25.960769433426414, 171309, 0, 0.0, 20, 
2019-12-04 15:24:38.46,288394056, 492.9072360681927, 3154500, 25.960769433426414, 171333, 0, 0.0, 20, 
2019-12-04 15:24:39.482,299523352, 492.9072360681927, 3154994, 25.960769433426414, 171353, 0, 0.0, 20, 
2019-12-04 15:24:40.505,309553552, 491.71531928210146, 3155469, 25.867959433896416, 171380, 0, 0.0, 20, 
2019-12-04 15:24:41.529,320340504, 491.71531928210146, 3156006, 25.867959433896416, 171401, 0, 0.0, 20, 
2019-12-04 15:24:42.551,332069408, 491.71531928210146, 3156486, 25.867959433896416, 171421, 0, 0.0, 20, 
2019-12-04 15:24:43.575,341081608, 491.71531928210146, 3156938, 25.867959433896416, 171450, 0, 0.0, 20, 
2019-12-04 15:24:44.607,344556392, 491.71531928210146, 3156993, 25.867959433896416, 171458, 0, 0.0, 20, 
2019-12-04 15:24:45.635,345397104, 479.76073440701737, 3156993, 25.17490766338995, 171458, 0, 0.0, 20, 
2019-12-04 15:24:46.662,346288696, 479.76073440701737, 3156993, 25.17490766338995, 171458, 0, 0.0, 20, 
