Timestamp, MemoryUsed, ReadLatency1, ReadCount, WriteLatency1, WriteCount, PendingTasks, WaitingOnCommit1, SRDelay, 
2019-12-04 15:16:25.624,223042072, 518.1765009408647, 2625258, 27.16268102883483, 142871, 0, 0.0, 20, 
2019-12-04 15:16:26.707,238585968, 518.1765009408647, 2626057, 27.16268102883483, 142916, 0, 0.0, 20, 
2019-12-04 15:16:28.01,260027216, 518.1765009408647, 2627119, 27.16268102883483, 142971, 0, 0.0, 20, 
2019-12-04 15:16:29.043,279143544, 518.1765009408647, 2628037, 27.16268102883483, 143026, 0, 0.0, 20, 
2019-12-04 15:16:30.116,301335120, 540.8537838330175, 2629169, 28.524909840321275, 143082, 0, 0.0, 20, 
2019-12-04 15:16:31.147,322928056, 540.8537838330175, 2630349, 28.524909840321275, 143124, 0, 0.0, 20, 
2019-12-04 15:16:32.176,343274656, 540.8537838330175, 2631493, 28.524909840321275, 143192, 0, 0.0, 20, 
2019-12-04 15:16:33.207,367017960, 540.8537838330175, 2632613, 28.524909840321275, 143250, 0, 0.0, 20, 
2019-12-04 15:16:34.235,390188552, 540.8537838330175, 2633800, 28.524909840321275, 143322, 0, 0.0, 20, 
2019-12-04 15:16:35.264,127137872, 586.7120072837852, 2634947, 30.913590162040133, 143386, 0, 0.0, 20, 
2019-12-04 15:16:36.293,151016864, 586.7120072837852, 2636155, 30.913590162040133, 143439, 0, 0.0, 20, 
2019-12-04 15:16:37.337,171595216, 586.7120072837852, 2637302, 30.913590162040133, 143478, 0, 0.0, 20, 
2019-12-04 15:16:38.368,193214832, 586.7120072837852, 2638404, 30.913590162040133, 143538, 0, 0.0, 20, 
2019-12-04 15:16:39.396,211874688, 586.7120072837852, 2639425, 30.913590162040133, 143588, 0, 0.0, 20, 
2019-12-04 15:16:40.424,233863616, 626.6968354782568, 2640592, 32.423664116184725, 143642, 0, 0.0, 20, 
2019-12-04 15:16:41.454,257222840, 626.6968354782568, 2641749, 32.423664116184725, 143705, 0, 0.0, 20, 
2019-12-04 15:16:42.484,279195688, 626.6968354782568, 2642962, 32.423664116184725, 143765, 0, 0.0, 20, 
2019-12-04 15:16:43.509,303643416, 626.6968354782568, 2644216, 32.423664116184725, 143829, 0, 0.0, 20, 
2019-12-04 15:16:44.535,324949096, 668.9696064849221, 2645342, 34.54859060878289, 143890, 0, 0.0, 20, 
2019-12-04 15:16:45.563,346889152, 668.9696064849221, 2646547, 34.54859060878289, 143951, 0, 0.0, 20, 
2019-12-04 15:16:46.592,370095928, 668.9696064849221, 2647752, 34.54859060878289, 144010, 0, 0.0, 20, 
2019-12-04 15:16:47.617,390496880, 668.9696064849221, 2648884, 34.54859060878289, 144073, 0, 0.0, 20, 
2019-12-04 15:16:48.643,131475080, 668.9696064849221, 2650177, 34.54859060878289, 144139, 0, 0.0, 20, 
2019-12-04 15:16:49.668,154995328, 710.1651541991843, 2651402, 36.599564062240525, 144200, 0, 0.0, 20, 
2019-12-04 15:16:50.697,180896064, 710.1651541991843, 2652619, 36.599564062240525, 144258, 0, 0.0, 20, 
2019-12-04 15:16:51.719,202623848, 710.1651541991843, 2653869, 36.599564062240525, 144314, 0, 0.0, 20, 
2019-12-04 15:16:52.746,227005328, 710.1651541991843, 2655083, 36.599564062240525, 144386, 0, 0.0, 20, 
2019-12-04 15:16:53.769,248531560, 710.1651541991843, 2656285, 36.599564062240525, 144458, 0, 0.0, 20, 
2019-12-04 15:16:54.794,271511344, 748.2427900691024, 2657521, 38.75839972290754, 144521, 0, 0.0, 20, 
2019-12-04 15:16:55.818,294752992, 748.2427900691024, 2658808, 38.75839972290754, 144585, 0, 0.0, 20, 
2019-12-04 15:16:56.843,318842648, 748.2427900691024, 2660078, 38.75839972290754, 144646, 0, 0.0, 20, 
2019-12-04 15:16:57.868,339745888, 748.2427900691024, 2661197, 38.75839972290754, 144709, 0, 0.0, 20, 
2019-12-04 15:16:58.893,361045128, 748.2427900691024, 2662346, 38.75839972290754, 144769, 0, 0.0, 20, 
2019-12-04 15:16:59.916,386892288, 783.995506541846, 2663697, 40.4567843072724, 144835, 0, 0.0, 20, 
2019-12-04 15:17:00.939,126705072, 783.995506541846, 2664977, 40.4567843072724, 144923, 0, 0.0, 20, 
2019-12-04 15:17:01.963,153229016, 783.995506541846, 2666433, 40.4567843072724, 145000, 0, 0.0, 20, 
2019-12-04 15:17:02.989,180597552, 783.995506541846, 2667861, 40.4567843072724, 145071, 0, 0.0, 20, 
2019-12-04 15:17:04.016,205059320, 783.995506541846, 2669276, 40.4567843072724, 145150, 0, 0.0, 20, 
2019-12-04 15:17:05.039,231457928, 830.3860964509896, 2670723, 43.42659186053374, 145230, 0, 0.0, 20, 
2019-12-04 15:17:06.067,255609880, 830.3860964509896, 2672020, 43.42659186053374, 145297, 0, 0.0, 20, 
2019-12-04 15:17:07.092,281098568, 830.3860964509896, 2673348, 43.42659186053374, 145366, 0, 0.0, 20, 
2019-12-04 15:17:08.114,306423112, 830.3860964509896, 2674725, 43.42659186053374, 145432, 0, 0.0, 20, 
2019-12-04 15:17:09.139,331805224, 830.3860964509896, 2676116, 43.42659186053374, 145510, 0, 0.0, 20, 
2019-12-04 15:17:10.172,358467384, 870.860725432026, 2677570, 45.391373092877316, 145569, 0, 0.0, 20, 
2019-12-04 15:17:11.195,382672496, 870.860725432026, 2678911, 45.391373092877316, 145634, 0, 0.0, 20, 
2019-12-04 15:17:12.216,124342208, 870.860725432026, 2680341, 45.391373092877316, 145719, 0, 0.0, 20, 
2019-12-04 15:17:13.24,150181376, 870.860725432026, 2681803, 45.391373092877316, 145802, 0, 0.0, 20, 
2019-12-04 15:17:14.264,177676232, 870.860725432026, 2683276, 45.391373092877316, 145887, 0, 0.0, 20, 
2019-12-04 15:17:15.294,204167816, 912.5127300726841, 2684693, 47.82271265755482, 145970, 0, 0.0, 20, 
2019-12-04 15:17:16.316,227397664, 912.5127300726841, 2685968, 47.82271265755482, 146040, 0, 0.0, 20, 
2019-12-04 15:17:17.339,250818144, 912.5127300726841, 2687256, 47.82271265755482, 146103, 0, 0.0, 20, 
2019-12-04 15:17:18.367,274002800, 912.5127300726841, 2688503, 47.82271265755482, 146180, 0, 0.0, 20, 
2019-12-04 15:17:19.391,297099328, 912.5127300726841, 2689713, 47.82271265755482, 146243, 0, 0.0, 20, 
2019-12-04 15:17:20.423,319376384, 939.6406423485414, 2690902, 49.29207942454515, 146315, 0, 0.0, 20, 
2019-12-04 15:17:21.452,341820664, 939.6406423485414, 2692075, 49.29207942454515, 146380, 0, 0.0, 20, 
2019-12-04 15:17:22.478,365472128, 939.6406423485414, 2693308, 49.29207942454515, 146448, 0, 0.0, 20, 
2019-12-04 15:17:23.502,389206928, 939.6406423485414, 2694566, 49.29207942454515, 146506, 0, 0.0, 20, 
2019-12-04 15:17:24.531,126191952, 958.1870885717699, 2695746, 50.4840509408152, 146567, 0, 0.0, 20, 
2019-12-04 15:17:25.555,150495056, 958.1870885717699, 2696977, 50.4840509408152, 146633, 0, 0.0, 20, 
2019-12-04 15:17:26.578,173939448, 958.1870885717699, 2698315, 50.4840509408152, 146683, 0, 0.0, 20, 
2019-12-04 15:17:27.605,197855792, 958.1870885717699, 2699561, 50.4840509408152, 146764, 0, 0.0, 20, 
2019-12-04 15:17:28.633,221361272, 958.1870885717699, 2700852, 50.4840509408152, 146815, 0, 0.0, 20, 
2019-12-04 15:17:29.661,248019576, 980.3518091773235, 2702069, 51.069001930384374, 146867, 0, 0.0, 20, 
2019-12-04 15:17:30.685,273004184, 980.3518091773235, 2703432, 51.069001930384374, 146931, 0, 0.0, 20, 
2019-12-04 15:17:31.718,296545056, 980.3518091773235, 2704690, 51.069001930384374, 147005, 0, 0.0, 20, 
2019-12-04 15:17:32.742,316617024, 980.3518091773235, 2705852, 51.069001930384374, 147063, 0, 0.0, 20, 
2019-12-04 15:17:33.766,343331576, 980.3518091773235, 2707269, 51.069001930384374, 147136, 0, 0.0, 20, 
2019-12-04 15:17:34.791,368172696, 1003.5427820602564, 2708652, 52.27880973828307, 147210, 0, 0.0, 20, 
2019-12-04 15:17:35.823,394305792, 1003.5427820602564, 2710020, 52.27880973828307, 147284, 0, 0.0, 20, 
2019-12-04 15:17:36.85,132598208, 1003.5427820602564, 2711300, 52.27880973828307, 147364, 0, 0.0, 20, 
2019-12-04 15:17:37.875,158494320, 1003.5427820602564, 2712617, 52.27880973828307, 147430, 0, 0.0, 20, 
2019-12-04 15:17:38.898,183210288, 1003.5427820602564, 2713938, 52.27880973828307, 147495, 0, 0.0, 20, 
2019-12-04 15:17:39.922,209851768, 1027.1822279896944, 2715349, 53.839637932791, 147582, 0, 0.0, 20, 
2019-12-04 15:17:40.954,232005904, 1027.1822279896944, 2716583, 53.839637932791, 147648, 0, 0.0, 20, 
2019-12-04 15:17:41.981,255494024, 1027.1822279896944, 2717859, 53.839637932791, 147718, 0, 0.0, 20, 
2019-12-04 15:17:43.007,280962224, 1027.1822279896944, 2719230, 53.839637932791, 147781, 0, 0.0, 20, 
2019-12-04 15:17:44.03,305070568, 1027.1822279896944, 2720580, 53.839637932791, 147849, 0, 0.0, 20, 
2019-12-04 15:17:45.054,328955312, 1048.0840389770765, 2721940, 54.795935683119936, 147917, 0, 0.0, 20, 
2019-12-04 15:17:46.079,354488056, 1048.0840389770765, 2723288, 54.795935683119936, 147983, 0, 0.0, 20, 
2019-12-04 15:17:47.107,377128920, 1048.0840389770765, 2724487, 54.795935683119936, 148042, 0, 0.0, 20, 
2019-12-04 15:17:48.136,402823720, 1048.0840389770765, 2725882, 54.795935683119936, 148115, 0, 0.0, 20, 
2019-12-04 15:17:49.159,142787904, 1048.0840389770765, 2727184, 54.795935683119936, 148188, 0, 0.0, 20, 
2019-12-04 15:17:50.189,165081424, 1067.0108022072466, 2728496, 55.75572767240333, 148253, 0, 0.0, 20, 
2019-12-04 15:17:51.219,189902400, 1067.0108022072466, 2729802, 55.75572767240333, 148325, 0, 0.0, 20, 
2019-12-04 15:17:52.245,214795272, 1067.0108022072466, 2731152, 55.75572767240333, 148399, 0, 0.0, 20, 
2019-12-04 15:17:53.274,239213328, 1067.0108022072466, 2732372, 55.75572767240333, 148466, 0, 0.0, 20, 
2019-12-04 15:17:54.298,262723192, 1067.0108022072466, 2733675, 55.75572767240333, 148534, 0, 0.0, 20, 
2019-12-04 15:17:55.322,285388560, 1082.2334819650198, 2734936, 56.67076116549776, 148596, 0, 0.0, 20, 
2019-12-04 15:17:56.347,311154312, 1082.2334819650198, 2736337, 56.67076116549776, 148683, 0, 0.0, 20, 
2019-12-04 15:17:57.371,335111528, 1082.2334819650198, 2737678, 56.67076116549776, 148749, 0, 0.0, 20, 
2019-12-04 15:17:58.397,360621456, 1082.2334819650198, 2739021, 56.67076116549776, 148812, 0, 0.0, 20, 
2019-12-04 15:17:59.422,383997504, 1082.2334819650198, 2740243, 56.67076116549776, 148878, 0, 0.0, 20, 
2019-12-04 15:18:00.448,127296544, 1098.861566652008, 2741660, 57.576597088314585, 148953, 0, 0.0, 20, 
2019-12-04 15:18:01.473,151817152, 1098.861566652008, 2743024, 57.576597088314585, 149028, 0, 0.0, 20, 
2019-12-04 15:18:02.503,177182496, 1098.861566652008, 2744401, 57.576597088314585, 149116, 0, 0.0, 20, 
2019-12-04 15:18:03.529,201793824, 1098.861566652008, 2745743, 57.576597088314585, 149204, 0, 0.0, 20, 
2019-12-04 15:18:04.557,226610192, 1117.8860733725285, 2747094, 59.20956222337958, 149277, 0, 0.0, 20, 
2019-12-04 15:18:05.591,252715864, 1117.8860733725285, 2748496, 59.20956222337958, 149343, 0, 0.0, 20, 
2019-12-04 15:18:06.614,278734656, 1117.8860733725285, 2749960, 59.20956222337958, 149409, 0, 0.0, 20, 
2019-12-04 15:18:07.636,304212928, 1117.8860733725285, 2751307, 59.20956222337958, 149483, 0, 0.0, 20, 
2019-12-04 15:18:08.687,330245632, 1117.8860733725285, 2752695, 59.20956222337958, 149562, 0, 0.0, 20, 
2019-12-04 15:18:09.708,354381120, 1136.6847450048263, 2754069, 59.92839793854791, 149624, 0, 0.0, 20, 
2019-12-04 15:18:10.734,380317768, 1136.6847450048263, 2755488, 59.92839793854791, 149688, 0, 0.0, 20, 
2019-12-04 15:18:11.756,404469504, 1136.6847450048263, 2756784, 59.92839793854791, 149770, 0, 0.0, 20, 
2019-12-04 15:18:12.778,143370408, 1136.6847450048263, 2758107, 59.92839793854791, 149841, 0, 0.0, 20, 
2019-12-04 15:18:13.799,169663592, 1136.6847450048263, 2759463, 59.92839793854791, 149925, 0, 0.0, 20, 
2019-12-04 15:18:14.821,193115728, 1150.6222232570042, 2760764, 60.86160771358492, 149989, 0, 0.0, 20, 
2019-12-04 15:18:15.85,218427032, 1150.6222232570042, 2762068, 60.86160771358492, 150062, 0, 0.0, 20, 
2019-12-04 15:18:16.872,243215480, 1150.6222232570042, 2763419, 60.86160771358492, 150129, 0, 0.0, 20, 
2019-12-04 15:18:17.898,268205824, 1150.6222232570042, 2764757, 60.86160771358492, 150211, 0, 0.0, 20, 
2019-12-04 15:18:18.922,291376624, 1150.6222232570042, 2765998, 60.86160771358492, 150279, 0, 0.0, 20, 
2019-12-04 15:18:19.943,315862040, 1161.318503706078, 2767382, 61.560290984043846, 150346, 0, 0.0, 20, 
2019-12-04 15:18:20.967,339780792, 1161.318503706078, 2768665, 61.560290984043846, 150429, 0, 0.0, 20, 
2019-12-04 15:18:21.99,363181272, 1161.318503706078, 2769926, 61.560290984043846, 150483, 0, 0.0, 20, 
2019-12-04 15:18:23.011,390130568, 1161.318503706078, 2771342, 61.560290984043846, 150560, 0, 0.0, 20, 
2019-12-04 15:18:24.037,130881408, 1161.318503706078, 2772578, 61.560290984043846, 150630, 0, 0.0, 20, 
2019-12-04 15:18:25.059,153336304, 1170.407974288073, 2773857, 62.12315503925385, 150700, 0, 0.0, 20, 
2019-12-04 15:18:26.081,178121368, 1170.407974288073, 2775203, 62.12315503925385, 150779, 0, 0.0, 20, 
2019-12-04 15:18:27.105,202783776, 1170.407974288073, 2776545, 62.12315503925385, 150853, 0, 0.0, 20, 
2019-12-04 15:18:28.132,227208264, 1170.407974288073, 2777887, 62.12315503925385, 150923, 0, 0.0, 20, 
2019-12-04 15:18:29.155,251417584, 1170.407974288073, 2779174, 62.12315503925385, 151007, 0, 0.0, 20, 
2019-12-04 15:18:30.176,277267400, 1180.1939003485732, 2780533, 63.10475736459535, 151088, 0, 0.0, 20, 
2019-12-04 15:18:31.206,303448200, 1180.1939003485732, 2781949, 63.10475736459535, 151168, 0, 0.0, 20, 
2019-12-04 15:18:32.231,327368096, 1180.1939003485732, 2783247, 63.10475736459535, 151254, 0, 0.0, 20, 
2019-12-04 15:18:33.257,350920904, 1180.1939003485732, 2784546, 63.10475736459535, 151333, 0, 0.0, 20, 
2019-12-04 15:18:34.282,376855224, 1180.1939003485732, 2785962, 63.10475736459535, 151405, 0, 0.0, 20, 
2019-12-04 15:18:35.306,401571864, 1191.6440278748544, 2787285, 64.26373297459912, 151475, 0, 0.0, 20, 
2019-12-04 15:18:36.335,141779664, 1191.6440278748544, 2788653, 64.26373297459912, 151557, 0, 0.0, 20, 
2019-12-04 15:18:37.371,167075208, 1191.6440278748544, 2789985, 64.26373297459912, 151633, 0, 0.0, 20, 
2019-12-04 15:18:38.395,193073256, 1191.6440278748544, 2791345, 64.26373297459912, 151703, 0, 0.0, 20, 
2019-12-04 15:18:39.418,215398616, 1191.6440278748544, 2792583, 64.26373297459912, 151773, 0, 0.0, 20, 
2019-12-04 15:18:40.441,240216168, 1199.6520572544898, 2793981, 64.77035291367996, 151838, 0, 0.0, 20, 
2019-12-04 15:18:41.465,264912696, 1199.6520572544898, 2795362, 64.77035291367996, 151914, 0, 0.0, 20, 
2019-12-04 15:18:42.49,288246360, 1199.6520572544898, 2796661, 64.77035291367996, 151987, 0, 0.0, 20, 
2019-12-04 15:18:43.518,315108056, 1199.6520572544898, 2798110, 64.77035291367996, 152049, 0, 0.0, 20, 
2019-12-04 15:18:44.55,341078608, 1211.8331261967253, 2799488, 65.25245687604527, 152132, 0, 0.0, 20, 
2019-12-04 15:18:45.577,367550936, 1211.8331261967253, 2800853, 65.25245687604527, 152227, 0, 0.0, 20, 
2019-12-04 15:18:46.607,392035128, 1211.8331261967253, 2802218, 65.25245687604527, 152301, 0, 0.0, 20, 
2019-12-04 15:18:47.632,133609832, 1211.8331261967253, 2803583, 65.25245687604527, 152370, 0, 0.0, 20, 
2019-12-04 15:18:48.658,159998704, 1211.8331261967253, 2805003, 65.25245687604527, 152450, 0, 0.0, 20, 
2019-12-04 15:18:49.681,185596600, 1222.2566859046112, 2806409, 66.03182739244698, 152523, 0, 0.0, 20, 
2019-12-04 15:18:50.714,208969904, 1222.2566859046112, 2807638, 66.03182739244698, 152595, 0, 0.0, 20, 
2019-12-04 15:18:51.737,232592552, 1222.2566859046112, 2809010, 66.03182739244698, 152662, 0, 0.0, 20, 
2019-12-04 15:18:52.762,258765288, 1222.2566859046112, 2810311, 66.03182739244698, 152730, 0, 0.0, 20, 
2019-12-04 15:18:53.792,282189720, 1222.2566859046112, 2811592, 66.03182739244698, 152799, 0, 0.0, 20, 
2019-12-04 15:18:54.815,307734344, 1226.9695330867958, 2813004, 66.22117601954268, 152872, 0, 0.0, 20, 
2019-12-04 15:18:55.844,333500152, 1226.9695330867958, 2814446, 66.22117601954268, 152956, 0, 0.0, 20, 
2019-12-04 15:18:56.866,359448080, 1226.9695330867958, 2815834, 66.22117601954268, 153017, 0, 0.0, 20, 
2019-12-04 15:18:57.889,383819824, 1226.9695330867958, 2817182, 66.22117601954268, 153091, 0, 0.0, 20, 
2019-12-04 15:18:58.913,125937016, 1226.9695330867958, 2818453, 66.22117601954268, 153158, 0, 0.0, 20, 
2019-12-04 15:18:59.939,151830208, 1236.3907370433412, 2819856, 66.5233141029129, 153234, 0, 0.0, 20, 
2019-12-04 15:19:00.964,177054240, 1236.3907370433412, 2821240, 66.5233141029129, 153308, 0, 0.0, 20, 
2019-12-04 15:19:01.986,201897272, 1236.3907370433412, 2822604, 66.5233141029129, 153394, 0, 0.0, 20, 
2019-12-04 15:19:03.008,226110248, 1236.3907370433412, 2823943, 66.5233141029129, 153457, 0, 0.0, 20, 
2019-12-04 15:19:04.031,249611728, 1236.3907370433412, 2825213, 66.5233141029129, 153523, 0, 0.0, 20, 
2019-12-04 15:19:05.057,274668224, 1242.8998623176362, 2826643, 66.97719684677998, 153604, 0, 0.0, 20, 
2019-12-04 15:19:06.083,301075752, 1242.8998623176362, 2828026, 66.97719684677998, 153681, 0, 0.0, 20, 
2019-12-04 15:19:07.115,325102632, 1242.8998623176362, 2829375, 66.97719684677998, 153739, 0, 0.0, 20, 
2019-12-04 15:19:08.142,351507864, 1242.8998623176362, 2830783, 66.97719684677998, 153809, 0, 0.0, 20, 
2019-12-04 15:19:09.171,376632016, 1242.8998623176362, 2832185, 66.97719684677998, 153884, 0, 0.0, 20, 
2019-12-04 15:19:10.199,401736456, 1250.9673918900116, 2833525, 67.15492237405947, 153953, 0, 0.0, 20, 
2019-12-04 15:19:11.226,142382464, 1250.9673918900116, 2834899, 67.15492237405947, 154016, 0, 0.0, 20, 
2019-12-04 15:19:12.248,168776064, 1250.9673918900116, 2836318, 67.15492237405947, 154080, 0, 0.0, 20, 
2019-12-04 15:19:13.27,193714912, 1250.9673918900116, 2837729, 67.15492237405947, 154153, 0, 0.0, 20, 
2019-12-04 15:19:14.295,220116696, 1250.9673918900116, 2839164, 67.15492237405947, 154221, 0, 0.0, 20, 
2019-12-04 15:19:15.319,245823912, 1260.2288558764578, 2840535, 67.09456211373212, 154308, 0, 0.0, 20, 
2019-12-04 15:19:16.343,270093104, 1260.2288558764578, 2841896, 67.09456211373212, 154381, 0, 0.0, 20, 
2019-12-04 15:19:17.37,295698000, 1260.2288558764578, 2843220, 67.09456211373212, 154462, 0, 0.0, 20, 
2019-12-04 15:19:18.394,320383112, 1260.2288558764578, 2844614, 67.09456211373212, 154541, 0, 0.0, 20, 
2019-12-04 15:19:19.423,345287496, 1260.2288558764578, 2845929, 67.09456211373212, 154619, 0, 0.0, 20, 
2019-12-04 15:19:20.457,367889096, 1264.4961769467584, 2847167, 67.96651278365223, 154676, 0, 0.0, 20, 
2019-12-04 15:19:21.485,390630416, 1264.4961769467584, 2848455, 67.96651278365223, 154748, 0, 0.0, 20, 
2019-12-04 15:19:22.512,134215080, 1264.4961769467584, 2849824, 67.96651278365223, 154810, 0, 0.0, 20, 
2019-12-04 15:19:23.536,157266864, 1264.4961769467584, 2851065, 67.96651278365223, 154870, 0, 0.0, 20, 
2019-12-04 15:19:24.56,181319072, 1264.2965936577916, 2852389, 67.64936793215504, 154952, 0, 0.0, 20, 
2019-12-04 15:19:25.582,207168352, 1264.2965936577916, 2853695, 67.64936793215504, 155030, 0, 0.0, 20, 
2019-12-04 15:19:26.611,229268656, 1264.2965936577916, 2854956, 67.64936793215504, 155102, 0, 0.0, 20, 
2019-12-04 15:19:27.643,253166032, 1264.2965936577916, 2856246, 67.64936793215504, 155156, 0, 0.0, 20, 
2019-12-04 15:19:28.666,278006120, 1264.2965936577916, 2857593, 67.64936793215504, 155233, 0, 0.0, 20, 
2019-12-04 15:19:29.693,304504120, 1266.7035291335342, 2859052, 67.78934074390827, 155305, 0, 0.0, 20, 
2019-12-04 15:19:30.719,328639736, 1266.7035291335342, 2860366, 67.78934074390827, 155369, 0, 0.0, 20, 
2019-12-04 15:19:31.745,352893128, 1266.7035291335342, 2861619, 67.78934074390827, 155440, 0, 0.0, 20, 
2019-12-04 15:19:32.771,376642160, 1266.7035291335342, 2862947, 67.78934074390827, 155517, 0, 0.0, 20, 
2019-12-04 15:19:33.797,402212000, 1266.7035291335342, 2864306, 67.78934074390827, 155589, 0, 0.0, 20, 
2019-12-04 15:19:34.823,140052736, 1267.2709316157284, 2865563, 67.87014859633936, 155660, 0, 0.0, 20, 
2019-12-04 15:19:35.847,164128648, 1267.2709316157284, 2866806, 67.87014859633936, 155723, 0, 0.0, 20, 
2019-12-04 15:19:36.871,186690296, 1267.2709316157284, 2868052, 67.87014859633936, 155794, 0, 0.0, 20, 
2019-12-04 15:19:37.897,212470112, 1267.2709316157284, 2869373, 67.87014859633936, 155863, 0, 0.0, 20, 
2019-12-04 15:19:38.921,236206304, 1267.2709316157284, 2870696, 67.87014859633936, 155933, 0, 0.0, 20, 
2019-12-04 15:19:39.947,261232792, 1266.753544490499, 2872042, 68.02445099499747, 156026, 0, 0.0, 20, 
2019-12-04 15:19:40.972,285458136, 1266.753544490499, 2873426, 68.02445099499747, 156081, 0, 0.0, 20, 
2019-12-04 15:19:42.0,309807776, 1266.753544490499, 2874768, 68.02445099499747, 156154, 0, 0.0, 20, 
2019-12-04 15:19:43.049,334877064, 1266.753544490499, 2876072, 68.02445099499747, 156222, 0, 0.0, 20, 
2019-12-04 15:19:44.072,359669768, 1266.753544490499, 2877427, 68.02445099499747, 156298, 0, 0.0, 20, 
2019-12-04 15:19:45.095,384206520, 1270.1953490388942, 2878774, 68.07046935260196, 156363, 0, 0.0, 20, 
2019-12-04 15:19:46.124,126921344, 1270.1953490388942, 2880158, 68.07046935260196, 156423, 0, 0.0, 20, 
2019-12-04 15:19:47.146,149916120, 1270.1953490388942, 2881321, 68.07046935260196, 156484, 0, 0.0, 20, 
2019-12-04 15:19:48.173,172268584, 1270.1953490388942, 2882580, 68.07046935260196, 156542, 0, 0.0, 20, 
2019-12-04 15:19:49.197,196715496, 1270.1953490388942, 2883892, 68.07046935260196, 156616, 0, 0.0, 20, 
2019-12-04 15:19:50.226,219853160, 1268.916431543281, 2885199, 67.5371280708175, 156679, 0, 0.0, 20, 
2019-12-04 15:19:51.247,245253440, 1268.916431543281, 2886491, 67.5371280708175, 156742, 0, 0.0, 20, 
2019-12-04 15:19:52.27,267627640, 1268.916431543281, 2887803, 67.5371280708175, 156815, 0, 0.0, 20, 
2019-12-04 15:19:53.293,291332416, 1268.916431543281, 2889077, 67.5371280708175, 156881, 0, 0.0, 20, 
2019-12-04 15:19:54.321,317144760, 1268.916431543281, 2890376, 67.5371280708175, 156963, 0, 0.0, 20, 
2019-12-04 15:19:55.346,341941152, 1268.6992376691187, 2891697, 67.57413726686694, 157036, 0, 0.0, 20, 
2019-12-04 15:19:56.387,365792688, 1268.6992376691187, 2893031, 67.57413726686694, 157113, 0, 0.0, 20, 
2019-12-04 15:19:57.415,389795672, 1268.6992376691187, 2894398, 67.57413726686694, 157176, 0, 0.0, 20, 
2019-12-04 15:19:58.437,133044560, 1268.6992376691187, 2895707, 67.57413726686694, 157237, 0, 0.0, 20, 
2019-12-04 15:19:59.461,156538488, 1268.6992376691187, 2896993, 67.57413726686694, 157306, 0, 0.0, 20, 
2019-12-04 15:20:00.489,181916488, 1270.034556897421, 2898346, 67.4482762002408, 157372, 0, 0.0, 20, 
2019-12-04 15:20:01.513,213216584, 1270.034556897421, 2899550, 67.4482762002408, 157442, 0, 0.0, 20, 
2019-12-04 15:20:02.536,237815136, 1270.034556897421, 2900861, 67.4482762002408, 157503, 0, 0.0, 20, 
2019-12-04 15:20:03.56,263011216, 1270.034556897421, 2902233, 67.4482762002408, 157590, 0, 0.0, 20, 
2019-12-04 15:20:04.584,287958808, 1270.959278670759, 2903556, 67.5883363020583, 157658, 0, 0.0, 20, 
2019-12-04 15:20:05.608,311191672, 1270.959278670759, 2904844, 67.5883363020583, 157737, 0, 0.0, 20, 
2019-12-04 15:20:06.632,334713376, 1270.959278670759, 2906107, 67.5883363020583, 157795, 0, 0.0, 20, 
2019-12-04 15:20:07.654,357277256, 1270.959278670759, 2907353, 67.5883363020583, 157853, 0, 0.0, 20, 
2019-12-04 15:20:08.676,380196016, 1270.959278670759, 2908607, 67.5883363020583, 157913, 0, 0.0, 20, 
2019-12-04 15:20:09.701,405748176, 1268.2440446658725, 2909903, 67.20548207007556, 157982, 0, 0.0, 20, 
2019-12-04 15:20:10.724,143748992, 1268.2440446658725, 2911234, 67.20548207007556, 158062, 0, 0.0, 20, 
2019-12-04 15:20:11.745,167472192, 1268.2440446658725, 2912521, 67.20548207007556, 158139, 0, 0.0, 20, 
2019-12-04 15:20:12.774,192581112, 1268.2440446658725, 2913855, 67.20548207007556, 158224, 0, 0.0, 20, 
2019-12-04 15:20:13.798,217197992, 1268.2440446658725, 2915194, 67.20548207007556, 158297, 0, 0.0, 20, 
2019-12-04 15:20:14.821,241672840, 1270.9750040685074, 2916575, 67.84468843091904, 158370, 0, 0.0, 20, 
2019-12-04 15:20:15.857,267290368, 1270.9750040685074, 2917870, 67.84468843091904, 158435, 0, 0.0, 20, 
2019-12-04 15:20:16.896,291415024, 1270.9750040685074, 2919162, 67.84468843091904, 158506, 0, 0.0, 20, 
2019-12-04 15:20:17.92,314955848, 1270.9750040685074, 2920465, 67.84468843091904, 158589, 0, 0.0, 20, 
2019-12-04 15:20:18.944,339588456, 1270.9750040685074, 2921756, 67.84468843091904, 158647, 0, 0.0, 20, 
2019-12-04 15:20:19.967,362702848, 1269.8096510864298, 2922958, 67.93706204371043, 158710, 0, 0.0, 20, 
2019-12-04 15:20:20.993,386074760, 1269.8096510864298, 2924308, 67.93706204371043, 158781, 0, 0.0, 20, 
2019-12-04 15:20:22.02,125135016, 1269.8096510864298, 2925673, 67.93706204371043, 158840, 0, 0.0, 20, 
2019-12-04 15:20:23.048,152087976, 1269.8096510864298, 2927075, 67.93706204371043, 158907, 0, 0.0, 20, 
2019-12-04 15:20:24.071,176647168, 1269.8096510864298, 2928462, 67.93706204371043, 158977, 0, 0.0, 20, 
2019-12-04 15:20:25.096,202255168, 1274.1104899211073, 2929782, 67.60628082629076, 159043, 0, 0.0, 20, 
2019-12-04 15:20:26.118,225794336, 1274.1104899211073, 2931029, 67.60628082629076, 159114, 0, 0.0, 20, 
2019-12-04 15:20:27.141,240758520, 1274.1104899211073, 2931785, 67.60628082629076, 159149, 0, 0.0, 20, 
2019-12-04 15:20:28.165,252356040, 1274.1104899211073, 2932257, 67.60628082629076, 159180, 0, 0.0, 20, 
2019-12-04 15:20:29.19,263408536, 1274.1104899211073, 2932748, 67.60628082629076, 159217, 0, 0.0, 20, 
2019-12-04 15:20:30.214,273549432, 1233.2923248615944, 2933191, 65.65486235610355, 159237, 0, 0.0, 20, 
2019-12-04 15:20:31.242,283966384, 1233.2923248615944, 2933654, 65.65486235610355, 159263, 0, 0.0, 20, 
2019-12-04 15:20:32.266,295288624, 1233.2923248615944, 2934124, 65.65486235610355, 159288, 0, 0.0, 20, 
2019-12-04 15:20:33.289,305822480, 1233.2923248615944, 2934599, 65.65486235610355, 159315, 0, 0.0, 20, 
2019-12-04 15:20:34.313,316356944, 1233.2923248615944, 2935076, 65.65486235610355, 159343, 0, 0.0, 20, 
2019-12-04 15:20:35.335,325592616, 1171.6391866524496, 2935554, 62.38828792118286, 159369, 0, 0.0, 20, 
2019-12-04 15:20:36.358,336893432, 1171.6391866524496, 2936013, 62.38828792118286, 159395, 0, 0.0, 20, 
2019-12-04 15:20:37.381,346695416, 1171.6391866524496, 2936488, 62.38828792118286, 159417, 0, 0.0, 20, 
2019-12-04 15:20:38.409,357289296, 1171.6391866524496, 2936957, 62.38828792118286, 159437, 0, 0.0, 20, 
2019-12-04 15:20:39.433,367884576, 1171.6391866524496, 2937428, 62.38828792118286, 159463, 0, 0.0, 20, 
2019-12-04 15:20:40.458,378728112, 1114.643712208496, 2937906, 59.30293877199247, 159491, 0, 0.0, 20, 
2019-12-04 15:20:41.485,390825568, 1114.643712208496, 2938391, 59.30293877199247, 159525, 0, 0.0, 20, 
2019-12-04 15:20:42.51,401475616, 1114.643712208496, 2938893, 59.30293877199247, 159548, 0, 0.0, 20, 
2019-12-04 15:20:43.533,129872144, 1114.643712208496, 2939370, 59.30293877199247, 159566, 0, 0.0, 20, 
2019-12-04 15:20:44.56,139878512, 1063.0688646091915, 2939846, 56.432298285950246, 159584, 0, 0.0, 20, 
2019-12-04 15:20:45.59,149541968, 1063.0688646091915, 2940267, 56.432298285950246, 159609, 0, 0.0, 20, 
2019-12-04 15:20:46.618,160901288, 1063.0688646091915, 2940751, 56.432298285950246, 159625, 0, 0.0, 20, 
2019-12-04 15:20:47.645,170503144, 1063.0688646091915, 2941234, 56.432298285950246, 159645, 0, 0.0, 20, 
2019-12-04 15:20:48.689,181225344, 1063.0688646091915, 2941718, 56.432298285950246, 159668, 0, 0.0, 20, 
2019-12-04 15:20:49.712,191316624, 1014.6422559985704, 2942199, 53.42338584765317, 159680, 0, 0.0, 20, 
2019-12-04 15:20:50.738,202032968, 1014.6422559985704, 2942682, 53.42338584765317, 159703, 0, 0.0, 20, 
2019-12-04 15:20:51.766,211636392, 1014.6422559985704, 2943173, 53.42338584765317, 159732, 0, 0.0, 20, 
2019-12-04 15:20:52.792,223054048, 1014.6422559985704, 2943656, 53.42338584765317, 159762, 0, 0.0, 20, 
2019-12-04 15:20:53.818,233924328, 1014.6422559985704, 2944149, 53.42338584765317, 159781, 0, 0.0, 20, 
2019-12-04 15:20:54.844,243732784, 971.0470922513763, 2944602, 51.13478627691332, 159813, 0, 0.0, 20, 
2019-12-04 15:20:55.87,255215736, 971.0470922513763, 2945110, 51.13478627691332, 159844, 0, 0.0, 20, 
2019-12-04 15:20:56.9,266424832, 971.0470922513763, 2945585, 51.13478627691332, 159871, 0, 0.0, 20, 
2019-12-04 15:20:57.923,275524104, 971.0470922513763, 2946039, 51.13478627691332, 159891, 0, 0.0, 20, 
2019-12-04 15:20:58.949,285849360, 971.0470922513763, 2946521, 51.13478627691332, 159915, 0, 0.0, 20, 
2019-12-04 15:20:59.974,295554624, 929.9941294335457, 2946941, 49.157101961124134, 159942, 0, 0.0, 20, 
2019-12-04 15:21:01.0,305509008, 929.9941294335457, 2947436, 49.157101961124134, 159959, 0, 0.0, 20, 
2019-12-04 15:21:02.024,317465664, 929.9941294335457, 2947912, 49.157101961124134, 159984, 0, 0.0, 20, 
2019-12-04 15:21:03.05,326798520, 929.9941294335457, 2948361, 49.157101961124134, 160006, 0, 0.0, 20, 
2019-12-04 15:21:04.077,339965088, 929.9941294335457, 2948850, 49.157101961124134, 160036, 0, 0.0, 20, 
2019-12-04 15:21:05.104,350560480, 892.4474559280533, 2949350, 47.03371332807371, 160068, 0, 0.0, 20, 
2019-12-04 15:21:06.131,361474552, 892.4474559280533, 2949833, 47.03371332807371, 160094, 0, 0.0, 20, 
2019-12-04 15:21:07.157,371336088, 892.4474559280533, 2950342, 47.03371332807371, 160112, 0, 0.0, 20, 
2019-12-04 15:21:08.181,398613992, 892.4474559280533, 2950822, 47.03371332807371, 160145, 0, 0.0, 20, 
2019-12-04 15:21:09.21,127367920, 892.4474559280533, 2951286, 47.03371332807371, 160177, 0, 0.0, 20, 
2019-12-04 15:21:10.236,137090576, 859.2780847497897, 2951760, 45.52785275422406, 160203, 0, 0.0, 20, 
2019-12-04 15:21:11.26,147189632, 859.2780847497897, 2952251, 45.52785275422406, 160225, 0, 0.0, 20, 
2019-12-04 15:21:12.284,157327088, 859.2780847497897, 2952720, 45.52785275422406, 160262, 0, 0.0, 20, 
2019-12-04 15:21:13.31,168697808, 859.2780847497897, 2953198, 45.52785275422406, 160287, 0, 0.0, 20, 
2019-12-04 15:21:14.334,178236512, 859.2780847497897, 2953660, 45.52785275422406, 160313, 0, 0.0, 20, 
2019-12-04 15:21:15.359,188949976, 827.4175362262342, 2954139, 43.99847409037596, 160330, 0, 0.0, 20, 
2019-12-04 15:21:16.384,198341384, 827.4175362262342, 2954595, 43.99847409037596, 160362, 0, 0.0, 20, 
2019-12-04 15:21:17.411,210461112, 827.4175362262342, 2955085, 43.99847409037596, 160390, 0, 0.0, 20, 
2019-12-04 15:21:18.436,219728632, 827.4175362262342, 2955532, 43.99847409037596, 160410, 0, 0.0, 20, 
2019-12-04 15:21:19.46,230333160, 827.4175362262342, 2955994, 43.99847409037596, 160430, 0, 0.0, 20, 
2019-12-04 15:21:20.484,240669848, 797.5927007637381, 2956455, 42.28754656844069, 160455, 0, 0.0, 20, 
2019-12-04 15:21:21.52,250890376, 797.5927007637381, 2956949, 42.28754656844069, 160472, 0, 0.0, 20, 
2019-12-04 15:21:22.544,261914680, 797.5927007637381, 2957434, 42.28754656844069, 160507, 0, 0.0, 20, 
2019-12-04 15:21:23.568,272078112, 797.5927007637381, 2957908, 42.28754656844069, 160527, 0, 0.0, 20, 
2019-12-04 15:21:24.593,282529200, 771.0800122695298, 2958389, 40.87332842878991, 160556, 0, 0.0, 20, 
2019-12-04 15:21:25.62,293750568, 771.0800122695298, 2958882, 40.87332842878991, 160578, 0, 0.0, 20, 
2019-12-04 15:21:26.644,305459152, 771.0800122695298, 2959352, 40.87332842878991, 160606, 0, 0.0, 20, 
2019-12-04 15:21:27.669,315533896, 771.0800122695298, 2959801, 40.87332842878991, 160631, 0, 0.0, 20, 
2019-12-04 15:21:28.693,327020560, 771.0800122695298, 2960280, 40.87332842878991, 160651, 0, 0.0, 20, 
2019-12-04 15:21:29.717,336454656, 746.6871613036262, 2960758, 39.412273757595386, 160676, 0, 0.0, 20, 
2019-12-04 15:21:30.741,347314840, 746.6871613036262, 2961259, 39.412273757595386, 160696, 0, 0.0, 20, 
2019-12-04 15:21:31.766,359301848, 746.6871613036262, 2961756, 39.412273757595386, 160732, 0, 0.0, 20, 
2019-12-04 15:21:32.794,369723672, 746.6871613036262, 2962252, 39.412273757595386, 160762, 0, 0.0, 20, 
2019-12-04 15:21:33.817,378580320, 746.6871613036262, 2962699, 39.412273757595386, 160783, 0, 0.0, 20, 
2019-12-04 15:21:34.841,389552360, 724.1966816643388, 2963133, 38.25993197278441, 160800, 0, 0.0, 20, 
2019-12-04 15:21:35.865,399577080, 724.1966816643388, 2963636, 38.25993197278441, 160826, 0, 0.0, 20, 
2019-12-04 15:21:36.894,127976536, 724.1966816643388, 2964125, 38.25993197278441, 160844, 0, 0.0, 20, 
2019-12-04 15:21:37.919,135337632, 724.1966816643388, 2964629, 38.25993197278441, 160869, 0, 0.0, 20, 
2019-12-04 15:21:38.943,146511784, 724.1966816643388, 2965091, 38.25993197278441, 160885, 0, 0.0, 20, 
2019-12-04 15:21:39.968,158276560, 703.9042194167313, 2965558, 36.97585071088718, 160918, 0, 0.0, 20, 
2019-12-04 15:21:40.993,167402168, 703.9042194167313, 2966025, 36.97585071088718, 160945, 0, 0.0, 20, 
2019-12-04 15:21:42.02,177822864, 703.9042194167313, 2966499, 36.97585071088718, 160965, 0, 0.0, 20, 
2019-12-04 15:21:43.044,188960648, 703.9042194167313, 2966986, 36.97585071088718, 160997, 0, 0.0, 20, 
2019-12-04 15:21:44.067,199247648, 703.9042194167313, 2967441, 36.97585071088718, 161022, 0, 0.0, 20, 
2019-12-04 15:21:45.09,210292664, 684.3387503105921, 2967904, 36.16223461065358, 161056, 0, 0.0, 20, 
2019-12-04 15:21:46.113,222405440, 684.3387503105921, 2968397, 36.16223461065358, 161083, 0, 0.0, 20, 
2019-12-04 15:21:47.137,233386016, 684.3387503105921, 2968899, 36.16223461065358, 161101, 0, 0.0, 20, 
2019-12-04 15:21:48.161,243325624, 684.3387503105921, 2969373, 36.16223461065358, 161126, 0, 0.0, 20, 
2019-12-04 15:21:49.186,252973568, 684.3387503105921, 2969856, 36.16223461065358, 161151, 0, 0.0, 20, 
2019-12-04 15:21:50.212,262703888, 667.28112564726, 2970339, 35.20578714001741, 161173, 0, 0.0, 20, 
2019-12-04 15:21:51.237,275034160, 667.28112564726, 2970834, 35.20578714001741, 161195, 0, 0.0, 20, 
2019-12-04 15:21:52.262,284649152, 667.28112564726, 2971307, 35.20578714001741, 161223, 0, 0.0, 20, 
2019-12-04 15:21:53.289,295978832, 667.28112564726, 2971787, 35.20578714001741, 161245, 0, 0.0, 20, 
2019-12-04 15:21:54.321,305925744, 667.28112564726, 2972254, 35.20578714001741, 161278, 0, 0.0, 20, 
2019-12-04 15:21:55.349,316414752, 651.2995132415836, 2972740, 34.30982186969811, 161301, 0, 0.0, 20, 
2019-12-04 15:21:56.373,326159960, 651.2995132415836, 2973196, 34.30982186969811, 161323, 0, 0.0, 20, 
2019-12-04 15:21:57.399,336754816, 651.2995132415836, 2973655, 34.30982186969811, 161344, 0, 0.0, 20, 
2019-12-04 15:21:58.424,347179568, 651.2995132415836, 2974146, 34.30982186969811, 161364, 0, 0.0, 20, 
2019-12-04 15:21:59.45,357279200, 651.2995132415836, 2974619, 34.30982186969811, 161398, 0, 0.0, 20, 
2019-12-04 15:22:00.476,368284992, 636.099995381672, 2975086, 33.46950290996486, 161414, 0, 0.0, 20, 
2019-12-04 15:22:01.5,378875832, 636.099995381672, 2975602, 33.46950290996486, 161443, 0, 0.0, 20, 
2019-12-04 15:22:02.526,389339328, 636.099995381672, 2976075, 33.46950290996486, 161469, 0, 0.0, 20, 
2019-12-04 15:22:03.554,400438640, 636.099995381672, 2976569, 33.46950290996486, 161495, 0, 0.0, 20, 
2019-12-04 15:22:04.579,128715048, 623.1391953623464, 2977043, 32.744345495777566, 161521, 0, 0.0, 20, 
2019-12-04 15:22:05.603,138808400, 623.1391953623464, 2977530, 32.744345495777566, 161548, 0, 0.0, 20, 
2019-12-04 15:22:06.629,149259664, 623.1391953623464, 2978001, 32.744345495777566, 161567, 0, 0.0, 20, 
2019-12-04 15:22:07.653,159675424, 623.1391953623464, 2978481, 32.744345495777566, 161590, 0, 0.0, 20, 
2019-12-04 15:22:08.678,170239984, 623.1391953623464, 2978968, 32.744345495777566, 161621, 0, 0.0, 20, 
2019-12-04 15:22:09.704,181587888, 610.4950834271021, 2979450, 32.22108852079472, 161658, 0, 0.0, 20, 
2019-12-04 15:22:10.73,191779936, 610.4950834271021, 2979893, 32.22108852079472, 161683, 0, 0.0, 20, 
2019-12-04 15:22:11.762,202564880, 610.4950834271021, 2980371, 32.22108852079472, 161710, 0, 0.0, 20, 
2019-12-04 15:22:12.796,212436112, 610.4950834271021, 2980845, 32.22108852079472, 161733, 0, 0.0, 20, 
2019-12-04 15:22:13.82,224407472, 610.4950834271021, 2981355, 32.22108852079472, 161759, 0, 0.0, 20, 
2019-12-04 15:22:14.845,233160912, 599.3096901412085, 2981845, 31.691695512323513, 161786, 0, 0.0, 20, 
2019-12-04 15:22:15.874,242979376, 599.3096901412085, 2982288, 31.691695512323513, 161811, 0, 0.0, 20, 
2019-12-04 15:22:16.901,254590288, 599.3096901412085, 2982759, 31.691695512323513, 161832, 0, 0.0, 20, 
2019-12-04 15:22:17.924,264137752, 599.3096901412085, 2983225, 31.691695512323513, 161862, 0, 0.0, 20, 
2019-12-04 15:22:18.949,275123160, 599.3096901412085, 2983724, 31.691695512323513, 161888, 0, 0.0, 20, 
2019-12-04 15:22:19.973,286650624, 588.2990312547538, 2984216, 31.092692612216812, 161911, 0, 0.0, 20, 
2019-12-04 15:22:20.997,297094680, 588.2990312547538, 2984689, 31.092692612216812, 161940, 0, 0.0, 20, 
2019-12-04 15:22:22.023,307212616, 588.2990312547538, 2985171, 31.092692612216812, 161967, 0, 0.0, 20, 
2019-12-04 15:22:23.046,318675024, 588.2990312547538, 2985657, 31.092692612216812, 161987, 0, 0.0, 20, 
2019-12-04 15:22:24.071,328308384, 588.2990312547538, 2986115, 31.092692612216812, 162024, 0, 0.0, 20, 
2019-12-04 15:22:25.096,338548240, 578.4086028009942, 2986593, 30.749467861590638, 162043, 0, 0.0, 20, 
2019-12-04 15:22:26.12,349288488, 578.4086028009942, 2987059, 30.749467861590638, 162073, 0, 0.0, 20, 
2019-12-04 15:22:27.147,359784120, 578.4086028009942, 2987526, 30.749467861590638, 162096, 0, 0.0, 20, 
2019-12-04 15:22:28.171,370592904, 578.4086028009942, 2987995, 30.749467861590638, 162122, 0, 0.0, 20, 
2019-12-04 15:22:29.194,382384160, 578.4086028009942, 2988493, 30.749467861590638, 162146, 0, 0.0, 20, 
2019-12-04 15:22:30.224,392728992, 568.9411736511167, 2988948, 30.16183685655418, 162164, 0, 0.0, 20, 
2019-12-04 15:22:31.249,403080616, 568.9411736511167, 2989423, 30.16183685655418, 162184, 0, 0.0, 20, 
2019-12-04 15:22:32.273,130433864, 568.9411736511167, 2989882, 30.16183685655418, 162209, 0, 0.0, 20, 
2019-12-04 15:22:33.325,141109176, 568.9411736511167, 2990359, 30.16183685655418, 162236, 0, 0.0, 20, 
2019-12-04 15:22:34.348,150372776, 568.9411736511167, 2990831, 30.16183685655418, 162261, 0, 0.0, 20, 
2019-12-04 15:22:35.372,160481496, 560.1667538725767, 2991281, 29.50925241298843, 162287, 0, 0.0, 20, 
2019-12-04 15:22:36.396,170577152, 560.1667538725767, 2991768, 29.50925241298843, 162305, 0, 0.0, 20, 
2019-12-04 15:22:37.42,181691448, 560.1667538725767, 2992247, 29.50925241298843, 162327, 0, 0.0, 20, 
2019-12-04 15:22:38.45,192375320, 560.1667538725767, 2992734, 29.50925241298843, 162353, 0, 0.0, 20, 
2019-12-04 15:22:39.475,203451592, 560.1667538725767, 2993228, 29.50925241298843, 162365, 0, 0.0, 20, 
2019-12-04 15:22:40.498,215276152, 552.5416492417935, 2993731, 28.796907921092828, 162387, 0, 0.0, 20, 
2019-12-04 15:22:41.523,224323824, 552.5416492417935, 2994197, 28.796907921092828, 162409, 0, 0.0, 20, 
2019-12-04 15:22:42.546,235316896, 552.5416492417935, 2994715, 28.796907921092828, 162424, 0, 0.0, 20, 
2019-12-04 15:22:43.571,245400896, 552.5416492417935, 2995190, 28.796907921092828, 162452, 0, 0.0, 20, 
2019-12-04 15:22:44.596,256280088, 546.3737435202065, 2995660, 28.381386106144344, 162484, 0, 0.0, 20, 
2019-12-04 15:22:45.626,266887832, 546.3737435202065, 2996110, 28.381386106144344, 162502, 0, 0.0, 20, 
2019-12-04 15:22:46.65,278076520, 546.3737435202065, 2996616, 28.381386106144344, 162525, 0, 0.0, 20, 
2019-12-04 15:22:47.673,287821104, 546.3737435202065, 2997100, 28.381386106144344, 162548, 0, 0.0, 20, 
2019-12-04 15:22:48.699,299477352, 546.3737435202065, 2997589, 28.381386106144344, 162575, 0, 0.0, 20, 
2019-12-04 15:22:49.722,309321624, 540.107324979357, 2998053, 27.855167527477136, 162595, 0, 0.0, 20, 
2019-12-04 15:22:50.747,319424240, 540.107324979357, 2998525, 27.855167527477136, 162627, 0, 0.0, 20, 
2019-12-04 15:22:51.775,329963248, 540.107324979357, 2999001, 27.855167527477136, 162650, 0, 0.0, 20, 
2019-12-04 15:22:52.799,340131944, 540.107324979357, 2999444, 27.855167527477136, 162679, 0, 0.0, 20, 
2019-12-04 15:22:53.829,350840016, 540.107324979357, 2999926, 27.855167527477136, 162706, 0, 0.0, 20, 
2019-12-04 15:22:54.854,363237872, 533.414456810819, 3000406, 27.85075657552425, 162734, 0, 0.0, 20, 
2019-12-04 15:22:55.878,372453472, 533.414456810819, 3000881, 27.85075657552425, 162769, 0, 0.0, 20, 
2019-12-04 15:22:56.902,383295216, 533.414456810819, 3001367, 27.85075657552425, 162793, 0, 0.0, 20, 
2019-12-04 15:22:57.928,394374840, 533.414456810819, 3001855, 27.85075657552425, 162821, 0, 0.0, 20, 
2019-12-04 15:22:58.952,404546336, 533.414456810819, 3002354, 27.85075657552425, 162852, 0, 0.0, 20, 
2019-12-04 15:22:59.98,129154336, 528.6959213711775, 3002823, 27.814716069668528, 162876, 0, 0.0, 20, 
2019-12-04 15:23:01.006,141038800, 528.6959213711775, 3003311, 27.814716069668528, 162907, 0, 0.0, 20, 
2019-12-04 15:23:02.033,150961480, 528.6959213711775, 3003800, 27.814716069668528, 162924, 0, 0.0, 20, 
2019-12-04 15:23:03.056,162305200, 528.6959213711775, 3004274, 27.814716069668528, 162950, 0, 0.0, 20, 
2019-12-04 15:23:04.081,172742432, 528.6959213711775, 3004739, 27.814716069668528, 162973, 0, 0.0, 20, 
2019-12-04 15:23:05.104,183532200, 523.443165521479, 3005193, 27.525699330369388, 163001, 0, 0.0, 20, 
2019-12-04 15:23:06.128,194668304, 523.443165521479, 3005670, 27.525699330369388, 163030, 0, 0.0, 20, 
2019-12-04 15:23:07.154,202768256, 523.443165521479, 3006128, 27.525699330369388, 163054, 0, 0.0, 20, 
2019-12-04 15:23:08.189,213335624, 523.443165521479, 3006563, 27.525699330369388, 163084, 0, 0.0, 20, 
2019-12-04 15:23:09.213,223559152, 523.443165521479, 3007033, 27.525699330369388, 163116, 0, 0.0, 20, 
2019-12-04 15:23:10.24,234824528, 517.4750275282889, 3007498, 27.499657849754865, 163144, 0, 0.0, 20, 
2019-12-04 15:23:11.265,245513200, 517.4750275282889, 3007990, 27.499657849754865, 163176, 0, 0.0, 20, 
2019-12-04 15:23:12.292,256200880, 517.4750275282889, 3008445, 27.499657849754865, 163201, 0, 0.0, 20, 
2019-12-04 15:23:13.317,267850296, 517.4750275282889, 3008970, 27.499657849754865, 163232, 0, 0.0, 20, 
2019-12-04 15:23:14.343,279758512, 517.4750275282889, 3009473, 27.499657849754865, 163253, 0, 0.0, 20, 
2019-12-04 15:23:15.367,290850224, 514.2228318922962, 3009952, 27.427725179744392, 163292, 0, 0.0, 20, 
2019-12-04 15:23:16.391,302401040, 514.2228318922962, 3010468, 27.427725179744392, 163324, 0, 0.0, 20, 
2019-12-04 15:23:17.418,312310560, 514.2228318922962, 3010953, 27.427725179744392, 163353, 0, 0.0, 20, 
2019-12-04 15:23:18.444,322185464, 514.2228318922962, 3011397, 27.427725179744392, 163374, 0, 0.0, 20, 
2019-12-04 15:23:19.469,332863336, 514.2228318922962, 3011860, 27.427725179744392, 163395, 0, 0.0, 20, 
2019-12-04 15:23:20.492,341277360, 510.2712004376711, 3012289, 27.441499513842558, 163423, 0, 0.0, 20, 
2019-12-04 15:23:21.516,351712576, 510.2712004376711, 3012765, 27.441499513842558, 163447, 0, 0.0, 20, 
2019-12-04 15:23:22.541,362568392, 510.2712004376711, 3013267, 27.441499513842558, 163469, 0, 0.0, 20, 
2019-12-04 15:23:23.565,373063520, 510.2712004376711, 3013729, 27.441499513842558, 163493, 0, 0.0, 20, 
2019-12-04 15:23:24.59,383278680, 506.1397993598716, 3014204, 27.150341288586244, 163515, 0, 0.0, 20, 
2019-12-04 15:23:25.613,395210200, 506.1397993598716, 3014683, 27.150341288586244, 163546, 0, 0.0, 20, 
2019-12-04 15:23:26.644,405193384, 506.1397993598716, 3015169, 27.150341288586244, 163572, 0, 0.0, 20, 
2019-12-04 15:23:27.668,133045656, 506.1397993598716, 3015659, 27.150341288586244, 163599, 0, 0.0, 20, 
2019-12-04 15:23:28.696,142306152, 506.1397993598716, 3016113, 27.150341288586244, 163618, 0, 0.0, 20, 
2019-12-04 15:23:29.719,152861632, 502.6745403322053, 3016577, 26.96241837503646, 163643, 0, 0.0, 20, 
2019-12-04 15:23:30.743,163804584, 502.6745403322053, 3017044, 26.96241837503646, 163667, 0, 0.0, 20, 
2019-12-04 15:23:31.768,174494856, 502.6745403322053, 3017515, 26.96241837503646, 163691, 0, 0.0, 20, 
2019-12-04 15:23:32.794,185929728, 502.6745403322053, 3018008, 26.96241837503646, 163719, 0, 0.0, 20, 
2019-12-04 15:23:33.819,196349216, 502.6745403322053, 3018466, 26.96241837503646, 163741, 0, 0.0, 20, 
2019-12-04 15:23:34.843,206173472, 499.02260572340725, 3018914, 26.645600894376894, 163763, 0, 0.0, 20, 
2019-12-04 15:23:35.866,217376768, 499.02260572340725, 3019400, 26.645600894376894, 163787, 0, 0.0, 20, 
2019-12-04 15:23:36.894,228193336, 499.02260572340725, 3019904, 26.645600894376894, 163811, 0, 0.0, 20, 
2019-12-04 15:23:37.918,238855600, 499.02260572340725, 3020394, 26.645600894376894, 163831, 0, 0.0, 20, 
2019-12-04 15:23:38.942,250007320, 499.02260572340725, 3020877, 26.645600894376894, 163859, 0, 0.0, 20, 
2019-12-04 15:23:39.965,259708792, 497.14983757188566, 3021368, 26.41807920913567, 163881, 0, 0.0, 20, 
2019-12-04 15:23:40.989,269944224, 497.14983757188566, 3021832, 26.41807920913567, 163909, 0, 0.0, 20, 
2019-12-04 15:23:42.062,282085752, 497.14983757188566, 3022343, 26.41807920913567, 163939, 0, 0.0, 20, 
2019-12-04 15:23:43.086,292629008, 497.14983757188566, 3022822, 26.41807920913567, 163966, 0, 0.0, 20, 
2019-12-04 15:23:44.118,302707192, 497.14983757188566, 3023277, 26.41807920913567, 163988, 0, 0.0, 20, 
2019-12-04 15:23:45.142,313230664, 494.13152721117757, 3023732, 26.448615909534457, 164021, 0, 0.0, 20, 
2019-12-04 15:23:46.166,324139656, 494.13152721117757, 3024197, 26.448615909534457, 164045, 0, 0.0, 20, 
2019-12-04 15:23:47.191,334943128, 494.13152721117757, 3024697, 26.448615909534457, 164068, 0, 0.0, 20, 
2019-12-04 15:23:48.214,345316368, 494.13152721117757, 3025171, 26.448615909534457, 164099, 0, 0.0, 20, 
2019-12-04 15:23:49.239,355095712, 494.13152721117757, 3025636, 26.448615909534457, 164134, 0, 0.0, 20, 
2019-12-04 15:23:50.262,365133640, 491.7063521978212, 3026112, 26.492702147251705, 164154, 0, 0.0, 20, 
2019-12-04 15:23:51.286,376855608, 491.7063521978212, 3026618, 26.492702147251705, 164171, 0, 0.0, 20, 
2019-12-04 15:23:52.312,387871976, 491.7063521978212, 3027116, 26.492702147251705, 164192, 0, 0.0, 20, 
2019-12-04 15:23:53.335,398691472, 491.7063521978212, 3027598, 26.492702147251705, 164212, 0, 0.0, 20, 
2019-12-04 15:23:54.361,408460920, 491.7063521978212, 3028057, 26.492702147251705, 164231, 0, 0.0, 20, 
2019-12-04 15:23:55.385,135686984, 490.1147281552495, 3028536, 25.845645409837665, 164258, 0, 0.0, 20, 
2019-12-04 15:23:56.41,147220968, 490.1147281552495, 3029007, 25.845645409837665, 164289, 0, 0.0, 20, 
2019-12-04 15:23:57.435,156647840, 490.1147281552495, 3029497, 25.845645409837665, 164311, 0, 0.0, 20, 
2019-12-04 15:23:58.458,168794144, 490.1147281552495, 3029980, 25.845645409837665, 164349, 0, 0.0, 20, 
2019-12-04 15:23:59.485,179208984, 490.1147281552495, 3030456, 25.845645409837665, 164373, 0, 0.0, 20, 
2019-12-04 15:24:00.51,188104576, 488.4104965885797, 3030917, 26.03388920926423, 164401, 0, 0.0, 20, 
2019-12-04 15:24:01.533,199147080, 488.4104965885797, 3031389, 26.03388920926423, 164428, 0, 0.0, 20, 
2019-12-04 15:24:02.56,210417096, 488.4104965885797, 3031857, 26.03388920926423, 164460, 0, 0.0, 20, 
2019-12-04 15:24:03.588,220373040, 488.4104965885797, 3032322, 26.03388920926423, 164485, 0, 0.0, 20, 
2019-12-04 15:24:04.617,230002960, 485.80310524461134, 3032799, 26.047170694773897, 164506, 0, 0.0, 20, 
2019-12-04 15:24:05.644,241499848, 485.80310524461134, 3033292, 26.047170694773897, 164525, 0, 0.0, 20, 
2019-12-04 15:24:06.673,252265256, 485.80310524461134, 3033784, 26.047170694773897, 164547, 0, 0.0, 20, 
2019-12-04 15:24:07.697,263196080, 485.80310524461134, 3034229, 26.047170694773897, 164570, 0, 0.0, 20, 
2019-12-04 15:24:08.722,272970216, 485.80310524461134, 3034707, 26.047170694773897, 164604, 0, 0.0, 20, 
2019-12-04 15:24:09.747,284576992, 484.2037452555472, 3035194, 25.899479080593693, 164632, 0, 0.0, 20, 
2019-12-04 15:24:10.774,294184432, 484.2037452555472, 3035667, 25.899479080593693, 164655, 0, 0.0, 20, 
2019-12-04 15:24:11.8,305134288, 484.2037452555472, 3036154, 25.899479080593693, 164673, 0, 0.0, 20, 
2019-12-04 15:24:12.824,316526792, 484.2037452555472, 3036632, 25.899479080593693, 164702, 0, 0.0, 20, 
2019-12-04 15:24:13.854,327192992, 484.2037452555472, 3037126, 25.899479080593693, 164727, 0, 0.0, 20, 
2019-12-04 15:24:14.878,336895144, 483.2119965428511, 3037629, 25.60368506513825, 164747, 0, 0.0, 20, 
2019-12-04 15:24:15.905,347799320, 483.2119965428511, 3038121, 25.60368506513825, 164767, 0, 0.0, 20, 
2019-12-04 15:24:16.928,359947144, 483.2119965428511, 3038610, 25.60368506513825, 164787, 0, 0.0, 20, 
2019-12-04 15:24:17.953,369816312, 483.2119965428511, 3039093, 25.60368506513825, 164809, 0, 0.0, 20, 
2019-12-04 15:24:18.983,380358008, 483.2119965428511, 3039574, 25.60368506513825, 164832, 0, 0.0, 20, 
2019-12-04 15:24:20.008,391514304, 482.5074282009831, 3040044, 25.283568082115288, 164855, 0, 0.0, 20, 
2019-12-04 15:24:21.032,401466448, 482.5074282009831, 3040518, 25.283568082115288, 164880, 0, 0.0, 20, 
2019-12-04 15:24:22.055,128317568, 482.5074282009831, 3041015, 25.283568082115288, 164902, 0, 0.0, 20, 
2019-12-04 15:24:23.081,140006528, 482.5074282009831, 3041490, 25.283568082115288, 164928, 0, 0.0, 20, 
2019-12-04 15:24:24.104,149413504, 482.5074282009831, 3041983, 25.283568082115288, 164948, 0, 0.0, 20, 
2019-12-04 15:24:25.13,160746192, 481.6033361601367, 3042485, 25.069001825227694, 164970, 0, 0.0, 20, 
2019-12-04 15:24:26.153,170221304, 481.6033361601367, 3042961, 25.069001825227694, 164997, 0, 0.0, 20, 
2019-12-04 15:24:27.177,181527720, 481.6033361601367, 3043434, 25.069001825227694, 165032, 0, 0.0, 20, 
2019-12-04 15:24:28.203,191754784, 481.6033361601367, 3043891, 25.069001825227694, 165058, 0, 0.0, 20, 
2019-12-04 15:24:29.227,202409352, 481.6033361601367, 3044387, 25.069001825227694, 165086, 0, 0.0, 20, 
2019-12-04 15:24:30.251,214303528, 480.7555402105709, 3044907, 25.207404797567186, 165106, 0, 0.0, 20, 
2019-12-04 15:24:31.274,224221168, 480.7555402105709, 3045380, 25.207404797567186, 165125, 0, 0.0, 20, 
2019-12-04 15:24:32.297,234311712, 480.7555402105709, 3045861, 25.207404797567186, 165145, 0, 0.0, 20, 
2019-12-04 15:24:33.32,245315456, 480.7555402105709, 3046318, 25.207404797567186, 165176, 0, 0.0, 20, 
2019-12-04 15:24:34.352,255308528, 480.7555402105709, 3046770, 25.207404797567186, 165208, 0, 0.0, 20, 
2019-12-04 15:24:35.376,265858656, 479.55976123849996, 3047230, 25.062892688975932, 165237, 0, 0.0, 20, 
2019-12-04 15:24:36.404,276325176, 479.55976123849996, 3047716, 25.062892688975932, 165254, 0, 0.0, 20, 
2019-12-04 15:24:37.429,286951464, 479.55976123849996, 3048190, 25.062892688975932, 165276, 0, 0.0, 20, 
2019-12-04 15:24:38.453,299706736, 479.55976123849996, 3048703, 25.062892688975932, 165310, 0, 0.0, 20, 
2019-12-04 15:24:39.477,310378488, 479.55976123849996, 3049171, 25.062892688975932, 165339, 0, 0.0, 20, 
2019-12-04 15:24:40.5,320657008, 478.5395470594857, 3049640, 25.121828535509866, 165361, 0, 0.0, 20, 
2019-12-04 15:24:41.524,331580576, 478.5395470594857, 3050098, 25.121828535509866, 165382, 0, 0.0, 20, 
2019-12-04 15:24:42.545,342866824, 478.5395470594857, 3050596, 25.121828535509866, 165415, 0, 0.0, 20, 
2019-12-04 15:24:43.569,352479424, 478.5395470594857, 3051103, 25.121828535509866, 165436, 0, 0.0, 20, 
2019-12-04 15:24:44.601,356235304, 472.05198707763293, 3051176, 24.71230973678494, 165439, 0, 0.0, 20, 
2019-12-04 15:24:45.627,357168808, 472.05198707763293, 3051176, 24.71230973678494, 165439, 0, 0.0, 20, 
2019-12-04 15:24:46.656,357846424, 472.05198707763293, 3051176, 24.71230973678494, 165439, 0, 0.0, 20, 
