Timestamp, MemoryUsed, ReadLatency1, ReadCount, WriteLatency1, WriteCount, PendingTasks, WaitingOnCommit1, SRDelay, 
2019-12-04 15:16:25.522,558359736, 521.3620280122423, 2652173, 28.22360338246328, 143356, 0, 0.0, 20, 
2019-12-04 15:16:26.69,579331256, 521.3620280122423, 2653200, 28.22360338246328, 143426, 0, 0.0, 20, 
2019-12-04 15:16:27.992,599254200, 521.3620280122423, 2654245, 28.22360338246328, 143477, 0, 0.0, 20, 
2019-12-04 15:16:29.026,619177144, 521.3620280122423, 2655153, 28.22360338246328, 143525, 0, 0.0, 20, 
2019-12-04 15:16:30.103,641197240, 546.9188691692194, 2656284, 29.77285451639283, 143587, 0, 0.0, 20, 
2019-12-04 15:16:31.131,662168760, 546.9188691692194, 2657385, 29.77285451639283, 143649, 0, 0.0, 20, 
2019-12-04 15:16:32.16,688383160, 546.9188691692194, 2658480, 29.77285451639283, 143709, 0, 0.0, 20, 
2019-12-04 15:16:33.194,710403256, 546.9188691692194, 2659604, 29.77285451639283, 143767, 0, 0.0, 20, 
2019-12-04 15:16:34.222,731374776, 546.9188691692194, 2660699, 29.77285451639283, 143841, 0, 0.0, 20, 
2019-12-04 15:16:35.251,753394872, 589.0459584055586, 2661844, 32.38157703250887, 143906, 0, 0.0, 20, 
2019-12-04 15:16:36.278,775414968, 589.0459584055586, 2663039, 32.38157703250887, 143948, 0, 0.0, 20, 
2019-12-04 15:16:37.326,798483640, 589.0459584055586, 2664143, 32.38157703250887, 143998, 0, 0.0, 20, 
2019-12-04 15:16:38.354,175808192, 589.0459584055586, 2665229, 32.38157703250887, 144059, 0, 0.0, 20, 
2019-12-04 15:16:39.382,196779712, 589.0459584055586, 2666348, 32.38157703250887, 144107, 0, 0.0, 20, 
2019-12-04 15:16:40.413,217751232, 629.0520586938261, 2667421, 34.01414399322069, 144176, 0, 0.0, 20, 
2019-12-04 15:16:41.436,239771328, 629.0520586938261, 2668578, 34.01414399322069, 144236, 0, 0.0, 20, 
2019-12-04 15:16:42.467,261791424, 629.0520586938261, 2669767, 34.01414399322069, 144297, 0, 0.0, 20, 
2019-12-04 15:16:43.497,285908672, 629.0520586938261, 2670988, 34.01414399322069, 144386, 0, 0.0, 20, 
2019-12-04 15:16:44.523,306880192, 629.0520586938261, 2672117, 34.01414399322069, 144444, 0, 0.0, 20, 
2019-12-04 15:16:45.551,329948864, 670.1130849568672, 2673329, 36.28375172649048, 144495, 0, 0.0, 20, 
2019-12-04 15:16:46.579,353017536, 670.1130849568672, 2674472, 36.28375172649048, 144555, 0, 0.0, 20, 
2019-12-04 15:16:47.604,375037632, 670.1130849568672, 2675671, 36.28375172649048, 144623, 0, 0.0, 20, 
2019-12-04 15:16:48.631,398106304, 670.1130849568672, 2676857, 36.28375172649048, 144678, 0, 0.0, 20, 
2019-12-04 15:16:49.657,421174976, 670.1130849568672, 2678087, 36.28375172649048, 144743, 0, 0.0, 20, 
2019-12-04 15:16:50.681,444243648, 709.2183155462793, 2679306, 38.00409595217974, 144799, 0, 0.0, 20, 
2019-12-04 15:16:51.708,466263744, 709.2183155462793, 2680436, 38.00409595217974, 144872, 0, 0.0, 20, 
2019-12-04 15:16:52.734,491429568, 709.2183155462793, 2681750, 38.00409595217974, 144943, 0, 0.0, 20, 
2019-12-04 15:16:53.758,515546816, 709.2183155462793, 2683040, 38.00409595217974, 144997, 0, 0.0, 20, 
2019-12-04 15:16:54.781,538615488, 709.2183155462793, 2684244, 38.00409595217974, 145075, 0, 0.0, 20, 
2019-12-04 15:16:55.808,561684160, 748.8428392257624, 2685580, 40.354462667823455, 145143, 0, 0.0, 20, 
2019-12-04 15:16:56.831,587898560, 748.8428392257624, 2686907, 40.354462667823455, 145219, 0, 0.0, 20, 
2019-12-04 15:16:57.855,612015808, 748.8428392257624, 2688031, 40.354462667823455, 145286, 0, 0.0, 20, 
2019-12-04 15:16:58.883,632987328, 748.8428392257624, 2689121, 40.354462667823455, 145340, 0, 0.0, 20, 
2019-12-04 15:16:59.905,658153152, 748.8428392257624, 2690440, 40.354462667823455, 145420, 0, 0.0, 20, 
2019-12-04 15:17:00.929,683318976, 785.3471342706408, 2691834, 42.40496661736317, 145496, 0, 0.0, 20, 
2019-12-04 15:17:01.952,710581952, 785.3471342706408, 2693239, 42.40496661736317, 145570, 0, 0.0, 20, 
2019-12-04 15:17:02.976,735747776, 785.3471342706408, 2694637, 42.40496661736317, 145632, 0, 0.0, 20, 
2019-12-04 15:17:04.006,760913600, 785.3471342706408, 2696040, 42.40496661736317, 145702, 0, 0.0, 20, 
2019-12-04 15:17:05.028,792370880, 832.4132187301582, 2697449, 44.723281484314214, 145780, 0, 0.0, 20, 
2019-12-04 15:17:06.052,181916864, 832.4132187301582, 2698845, 44.723281484314214, 145852, 0, 0.0, 20, 
2019-12-04 15:17:07.081,204985536, 832.4132187301582, 2700193, 44.723281484314214, 145934, 0, 0.0, 20, 
2019-12-04 15:17:08.104,232248512, 832.4132187301582, 2701654, 44.723281484314214, 146018, 0, 0.0, 20, 
2019-12-04 15:17:09.127,258462912, 832.4132187301582, 2703057, 44.723281484314214, 146083, 0, 0.0, 20, 
2019-12-04 15:17:10.152,283628736, 875.3163289287556, 2704469, 46.92019859730118, 146150, 0, 0.0, 20, 
2019-12-04 15:17:11.184,309843136, 875.3163289287556, 2705868, 46.92019859730118, 146230, 0, 0.0, 20, 
2019-12-04 15:17:12.205,336057536, 875.3163289287556, 2707271, 46.92019859730118, 146301, 0, 0.0, 20, 
2019-12-04 15:17:13.228,363320512, 875.3163289287556, 2708814, 46.92019859730118, 146374, 0, 0.0, 20, 
2019-12-04 15:17:14.253,389534912, 875.3163289287556, 2710249, 46.92019859730118, 146445, 0, 0.0, 20, 
2019-12-04 15:17:15.281,415749312, 916.8199677056167, 2711607, 48.861504331137745, 146513, 0, 0.0, 20, 
2019-12-04 15:17:16.305,439866560, 916.8199677056167, 2712974, 48.861504331137745, 146576, 0, 0.0, 20, 
2019-12-04 15:17:17.328,462935232, 916.8199677056167, 2714178, 48.861504331137745, 146648, 0, 0.0, 20, 
2019-12-04 15:17:18.354,488101056, 916.8199677056167, 2715425, 48.861504331137745, 146717, 0, 0.0, 20, 
2019-12-04 15:17:19.379,512218304, 916.8199677056167, 2716690, 48.861504331137745, 146792, 0, 0.0, 20, 
2019-12-04 15:17:20.401,535286976, 942.8679008897922, 2717930, 50.327769487159244, 146855, 0, 0.0, 20, 
2019-12-04 15:17:21.44,559404224, 942.8679008897922, 2719188, 50.327769487159244, 146925, 0, 0.0, 20, 
2019-12-04 15:17:22.465,582472896, 942.8679008897922, 2720436, 50.327769487159244, 146980, 0, 0.0, 20, 
2019-12-04 15:17:23.491,607638720, 942.8679008897922, 2721720, 50.327769487159244, 147040, 0, 0.0, 20, 
2019-12-04 15:17:24.517,631755968, 942.8679008897922, 2722988, 50.327769487159244, 147108, 0, 0.0, 20, 
2019-12-04 15:17:25.544,653776064, 965.3140002064877, 2724212, 51.213056159172496, 147174, 0, 0.0, 20, 
2019-12-04 15:17:26.568,681039040, 965.3140002064877, 2725523, 51.213056159172496, 147236, 0, 0.0, 20, 
2019-12-04 15:17:27.591,703059136, 965.3140002064877, 2726806, 51.213056159172496, 147303, 0, 0.0, 20, 
2019-12-04 15:17:28.621,729273536, 965.3140002064877, 2728101, 51.213056159172496, 147373, 0, 0.0, 20, 
2019-12-04 15:17:29.649,752342208, 965.3140002064877, 2729309, 51.213056159172496, 147449, 0, 0.0, 20, 
2019-12-04 15:17:30.673,777508032, 987.5805113375162, 2730676, 52.47531049517986, 147516, 0, 0.0, 20, 
2019-12-04 15:17:31.707,801625280, 987.5805113375162, 2732003, 52.47531049517986, 147595, 0, 0.0, 20, 
2019-12-04 15:17:32.731,176847064, 987.5805113375162, 2733197, 52.47531049517986, 147642, 0, 0.0, 20, 
2019-12-04 15:17:33.754,202012888, 987.5805113375162, 2734526, 52.47531049517986, 147724, 0, 0.0, 20, 
2019-12-04 15:17:34.778,227178712, 987.5805113375162, 2735905, 52.47531049517986, 147801, 0, 0.0, 20, 
2019-12-04 15:17:35.808,252344536, 1010.9291004931707, 2737379, 53.71659613223575, 147862, 0, 0.0, 20, 
2019-12-04 15:17:36.837,279607512, 1010.9291004931707, 2738745, 53.71659613223575, 147923, 0, 0.0, 20, 
2019-12-04 15:17:37.862,305821912, 1010.9291004931707, 2740111, 53.71659613223575, 147976, 0, 0.0, 20, 
2019-12-04 15:17:38.888,330987736, 1010.9291004931707, 2741539, 53.71659613223575, 148054, 0, 0.0, 20, 
2019-12-04 15:17:39.911,358250712, 1010.9291004931707, 2742971, 53.71659613223575, 148112, 0, 0.0, 20, 
2019-12-04 15:17:40.94,382367960, 1040.7422115309303, 2744190, 54.26696271782562, 148167, 0, 0.0, 20, 
2019-12-04 15:17:41.97,405436632, 1040.7422115309303, 2745506, 54.26696271782562, 148232, 0, 0.0, 20, 
2019-12-04 15:17:42.996,430602456, 1040.7422115309303, 2746845, 54.26696271782562, 148305, 0, 0.0, 20, 
2019-12-04 15:17:44.019,455768280, 1040.7422115309303, 2748179, 54.26696271782562, 148361, 0, 0.0, 20, 
2019-12-04 15:17:45.043,483031256, 1060.3839238088406, 2749587, 54.98120894285995, 148436, 0, 0.0, 20, 
2019-12-04 15:17:46.067,508197080, 1060.3839238088406, 2750979, 54.98120894285995, 148514, 0, 0.0, 20, 
2019-12-04 15:17:47.096,531265752, 1060.3839238088406, 2752239, 54.98120894285995, 148588, 0, 0.0, 20, 
2019-12-04 15:17:48.125,558528728, 1060.3839238088406, 2753619, 54.98120894285995, 148659, 0, 0.0, 20, 
2019-12-04 15:17:49.148,581597400, 1060.3839238088406, 2754913, 54.98120894285995, 148714, 0, 0.0, 20, 
2019-12-04 15:17:50.171,606763224, 1079.2067539863724, 2756248, 55.87821394898489, 148770, 0, 0.0, 20, 
2019-12-04 15:17:51.207,630880472, 1079.2067539863724, 2757573, 55.87821394898489, 148839, 0, 0.0, 20, 
2019-12-04 15:17:52.232,658143448, 1079.2067539863724, 2758955, 55.87821394898489, 148916, 0, 0.0, 20, 
2019-12-04 15:17:53.257,682260696, 1079.2067539863724, 2760208, 55.87821394898489, 148982, 0, 0.0, 20, 
2019-12-04 15:17:54.285,708475096, 1079.2067539863724, 2761582, 55.87821394898489, 149059, 0, 0.0, 20, 
2019-12-04 15:17:55.311,730495192, 1095.0054376366843, 2762782, 56.7994450972095, 149120, 0, 0.0, 20, 
2019-12-04 15:17:56.336,755661016, 1095.0054376366843, 2764104, 56.7994450972095, 149187, 0, 0.0, 20, 
2019-12-04 15:17:57.36,779778264, 1095.0054376366843, 2765415, 56.7994450972095, 149261, 0, 0.0, 20, 
2019-12-04 15:17:58.386,805992664, 1095.0054376366843, 2766793, 56.7994450972095, 149343, 0, 0.0, 20, 
2019-12-04 15:17:59.411,190407568, 1095.0054376366843, 2768093, 56.7994450972095, 149399, 0, 0.0, 20, 
2019-12-04 15:18:00.438,214524816, 1110.9161643560246, 2769442, 57.806929840457464, 149471, 0, 0.0, 20, 
2019-12-04 15:18:01.461,240739216, 1110.9161643560246, 2770833, 57.806929840457464, 149546, 0, 0.0, 20, 
2019-12-04 15:18:02.492,265905040, 1110.9161643560246, 2772196, 57.806929840457464, 149624, 0, 0.0, 20, 
2019-12-04 15:18:03.518,291070864, 1110.9161643560246, 2773573, 57.806929840457464, 149702, 0, 0.0, 20, 
2019-12-04 15:18:04.547,317285264, 1110.9161643560246, 2774936, 57.806929840457464, 149774, 0, 0.0, 20, 
2019-12-04 15:18:05.579,344548240, 1129.888332333938, 2776443, 58.90976283912251, 149852, 0, 0.0, 20, 
2019-12-04 15:18:06.603,372859792, 1129.888332333938, 2777868, 58.90976283912251, 149923, 0, 0.0, 20, 
2019-12-04 15:18:07.626,398025616, 1129.888332333938, 2779202, 58.90976283912251, 149999, 0, 0.0, 20, 
2019-12-04 15:18:08.677,425288592, 1129.888332333938, 2780668, 58.90976283912251, 150086, 0, 0.0, 20, 
2019-12-04 15:18:09.698,450454416, 1129.888332333938, 2781990, 58.90976283912251, 150160, 0, 0.0, 20, 
2019-12-04 15:18:10.721,475620240, 1148.7188055838024, 2783360, 60.11631158470281, 150232, 0, 0.0, 20, 
2019-12-04 15:18:11.746,500786064, 1148.7188055838024, 2784696, 60.11631158470281, 150294, 0, 0.0, 20, 
2019-12-04 15:18:12.767,524903312, 1148.7188055838024, 2785977, 60.11631158470281, 150346, 0, 0.0, 20, 
2019-12-04 15:18:13.788,551117712, 1148.7188055838024, 2787430, 60.11631158470281, 150411, 0, 0.0, 20, 
2019-12-04 15:18:14.811,578380688, 1148.7188055838024, 2788842, 60.11631158470281, 150463, 0, 0.0, 20, 
2019-12-04 15:18:15.839,604595088, 1163.5970364098239, 2790243, 60.07502958971423, 150544, 0, 0.0, 20, 
2019-12-04 15:18:16.861,629760912, 1163.5970364098239, 2791619, 60.07502958971423, 150625, 0, 0.0, 20, 
2019-12-04 15:18:17.887,653878160, 1163.5970364098239, 2792941, 60.07502958971423, 150702, 0, 0.0, 20, 
2019-12-04 15:18:18.911,677995408, 1163.5970364098239, 2794181, 60.07502958971423, 150775, 0, 0.0, 20, 
2019-12-04 15:18:19.933,704209808, 1163.5970364098239, 2795545, 60.07502958971423, 150842, 0, 0.0, 20, 
2019-12-04 15:18:20.955,729375632, 1174.663126380713, 2796935, 61.1564265159897, 150906, 0, 0.0, 20, 
2019-12-04 15:18:21.979,753492880, 1174.663126380713, 2798286, 61.1564265159897, 150968, 0, 0.0, 20, 
2019-12-04 15:18:23.0,780755856, 1174.663126380713, 2799660, 61.1564265159897, 151026, 0, 0.0, 20, 
2019-12-04 15:18:24.027,805921680, 1174.663126380713, 2800950, 61.1564265159897, 151103, 0, 0.0, 20, 
2019-12-04 15:18:25.05,186391904, 1185.8678521429597, 2802255, 61.63964397163445, 151180, 0, 0.0, 20, 
2019-12-04 15:18:26.07,210509152, 1185.8678521429597, 2803594, 61.63964397163445, 151265, 0, 0.0, 20, 
2019-12-04 15:18:27.094,235674976, 1185.8678521429597, 2804967, 61.63964397163445, 151336, 0, 0.0, 20, 
2019-12-04 15:18:28.116,260840800, 1185.8678521429597, 2806337, 61.63964397163445, 151393, 0, 0.0, 20, 
2019-12-04 15:18:29.144,287055200, 1185.8678521429597, 2807694, 61.63964397163445, 151451, 0, 0.0, 20, 
2019-12-04 15:18:30.166,315366752, 1197.4399957468247, 2809057, 62.08422549275179, 151524, 0, 0.0, 20, 
2019-12-04 15:18:31.196,340532576, 1197.4399957468247, 2810344, 62.08422549275179, 151597, 0, 0.0, 20, 
2019-12-04 15:18:32.22,365698400, 1197.4399957468247, 2811751, 62.08422549275179, 151666, 0, 0.0, 20, 
2019-12-04 15:18:33.246,392961376, 1197.4399957468247, 2813160, 62.08422549275179, 151729, 0, 0.0, 20, 
2019-12-04 15:18:34.27,417078624, 1197.4399957468247, 2814512, 62.08422549275179, 151806, 0, 0.0, 20, 
2019-12-04 15:18:35.295,443293024, 1208.5186419958507, 2815942, 62.813082579585924, 151891, 0, 0.0, 20, 
2019-12-04 15:18:36.322,468458848, 1208.5186419958507, 2817370, 62.813082579585924, 151958, 0, 0.0, 20, 
2019-12-04 15:18:37.359,495721824, 1208.5186419958507, 2818759, 62.813082579585924, 152029, 0, 0.0, 20, 
2019-12-04 15:18:38.384,520887648, 1208.5186419958507, 2820174, 62.813082579585924, 152098, 0, 0.0, 20, 
2019-12-04 15:18:39.406,545004896, 1208.5186419958507, 2821431, 62.813082579585924, 152170, 0, 0.0, 20, 
2019-12-04 15:18:40.43,571219296, 1219.766902325814, 2822846, 63.2757789494269, 152245, 0, 0.0, 20, 
2019-12-04 15:18:41.453,596385120, 1219.766902325814, 2824209, 63.2757789494269, 152309, 0, 0.0, 20, 
2019-12-04 15:18:42.478,621550944, 1219.766902325814, 2825606, 63.2757789494269, 152376, 0, 0.0, 20, 
2019-12-04 15:18:43.502,647765344, 1219.766902325814, 2827048, 63.2757789494269, 152448, 0, 0.0, 20, 
2019-12-04 15:18:44.532,673979744, 1219.766902325814, 2828448, 63.2757789494269, 152518, 0, 0.0, 20, 
2019-12-04 15:18:45.563,702291296, 1231.1232417923643, 2829901, 63.493595638204596, 152575, 0, 0.0, 20, 
2019-12-04 15:18:46.595,729554272, 1231.1232417923643, 2831305, 63.493595638204596, 152649, 0, 0.0, 20, 
2019-12-04 15:18:47.621,753671520, 1231.1232417923643, 2832629, 63.493595638204596, 152716, 0, 0.0, 20, 
2019-12-04 15:18:48.647,779885920, 1231.1232417923643, 2834072, 63.493595638204596, 152779, 0, 0.0, 20, 
2019-12-04 15:18:49.67,805051744, 1231.1232417923643, 2835509, 63.493595638204596, 152855, 0, 0.0, 20, 
2019-12-04 15:18:50.702,185521984, 1242.6589744502394, 2836826, 63.85390783686891, 152923, 0, 0.0, 20, 
2019-12-04 15:18:51.726,211736384, 1242.6589744502394, 2838240, 63.85390783686891, 153002, 0, 0.0, 20, 
2019-12-04 15:18:52.751,237950784, 1242.6589744502394, 2839571, 63.85390783686891, 153070, 0, 0.0, 20, 
2019-12-04 15:18:53.781,263116608, 1242.6589744502394, 2840910, 63.85390783686891, 153140, 0, 0.0, 20, 
2019-12-04 15:18:54.803,288282432, 1242.6589744502394, 2842260, 63.85390783686891, 153216, 0, 0.0, 20, 
2019-12-04 15:18:55.827,313448256, 1248.2991234407184, 2843673, 64.37730446766246, 153288, 0, 0.0, 20, 
2019-12-04 15:18:56.855,339662656, 1248.2991234407184, 2845118, 64.37730446766246, 153370, 0, 0.0, 20, 
2019-12-04 15:18:57.879,364828480, 1248.2991234407184, 2846547, 64.37730446766246, 153438, 0, 0.0, 20, 
2019-12-04 15:18:58.902,389994304, 1248.2991234407184, 2847834, 64.37730446766246, 153515, 0, 0.0, 20, 
2019-12-04 15:18:59.927,417257280, 1248.2991234407184, 2849180, 64.37730446766246, 153598, 0, 0.0, 20, 
2019-12-04 15:19:00.952,443471680, 1256.6865344319128, 2850576, 65.03475490227534, 153671, 0, 0.0, 20, 
2019-12-04 15:19:01.976,469686080, 1256.6865344319128, 2852064, 65.03475490227534, 153747, 0, 0.0, 20, 
2019-12-04 15:19:02.997,494851904, 1256.6865344319128, 2853350, 65.03475490227534, 153824, 0, 0.0, 20, 
2019-12-04 15:19:04.019,518969152, 1256.6865344319128, 2854691, 65.03475490227534, 153896, 0, 0.0, 20, 
2019-12-04 15:19:05.044,545183552, 1264.2594050138946, 2856096, 65.79954967327791, 153972, 0, 0.0, 20, 
2019-12-04 15:19:06.07,571397952, 1264.2594050138946, 2857492, 65.79954967327791, 154043, 0, 0.0, 20, 
2019-12-04 15:19:07.098,599709504, 1264.2594050138946, 2858840, 65.79954967327791, 154123, 0, 0.0, 20, 
2019-12-04 15:19:08.129,624875328, 1264.2594050138946, 2860161, 65.79954967327791, 154197, 0, 0.0, 20, 
2019-12-04 15:19:09.155,651089728, 1264.2594050138946, 2861566, 65.79954967327791, 154271, 0, 0.0, 20, 
2019-12-04 15:19:10.187,677304128, 1269.1959104271427, 2862943, 66.31130142578692, 154349, 0, 0.0, 20, 
2019-12-04 15:19:11.214,701421376, 1269.1959104271427, 2864291, 66.31130142578692, 154424, 0, 0.0, 20, 
2019-12-04 15:19:12.238,727635776, 1269.1959104271427, 2865696, 66.31130142578692, 154506, 0, 0.0, 20, 
2019-12-04 15:19:13.259,754898752, 1269.1959104271427, 2867156, 66.31130142578692, 154592, 0, 0.0, 20, 
2019-12-04 15:19:14.283,780064576, 1269.1959104271427, 2868563, 66.31130142578692, 154672, 0, 0.0, 20, 
2019-12-04 15:19:15.307,807327552, 1277.2077870654764, 2869958, 67.26186927958366, 154737, 0, 0.0, 20, 
2019-12-04 15:19:16.332,190703696, 1277.2077870654764, 2871251, 67.26186927958366, 154791, 0, 0.0, 20, 
2019-12-04 15:19:17.356,216918096, 1277.2077870654764, 2872680, 67.26186927958366, 154871, 0, 0.0, 20, 
2019-12-04 15:19:18.383,242083920, 1277.2077870654764, 2874077, 67.26186927958366, 154958, 0, 0.0, 20, 
2019-12-04 15:19:19.408,267249744, 1277.2077870654764, 2875420, 67.26186927958366, 155038, 0, 0.0, 20, 
2019-12-04 15:19:20.441,291366992, 1281.1569703634093, 2876733, 67.57674482660079, 155105, 0, 0.0, 20, 
2019-12-04 15:19:21.47,317581392, 1281.1569703634093, 2878041, 67.57674482660079, 155163, 0, 0.0, 20, 
2019-12-04 15:19:22.498,341698640, 1281.1569703634093, 2879366, 67.57674482660079, 155233, 0, 0.0, 20, 
2019-12-04 15:19:23.525,382593104, 1281.1569703634093, 2880643, 67.57674482660079, 155295, 0, 0.0, 20, 
2019-12-04 15:19:24.548,406710352, 1281.1569703634093, 2881945, 67.57674482660079, 155386, 0, 0.0, 20, 
2019-12-04 15:19:25.571,432924752, 1280.8086062475602, 2883305, 67.61058644175108, 155451, 0, 0.0, 20, 
2019-12-04 15:19:26.595,455993424, 1280.8086062475602, 2884538, 67.61058644175108, 155535, 0, 0.0, 20, 
2019-12-04 15:19:27.624,479062096, 1280.8086062475602, 2885797, 67.61058644175108, 155589, 0, 0.0, 20, 
2019-12-04 15:19:28.656,504227920, 1280.8086062475602, 2887144, 67.61058644175108, 155660, 0, 0.0, 20, 
2019-12-04 15:19:29.682,530442320, 1280.8086062475602, 2888458, 67.61058644175108, 155740, 0, 0.0, 20, 
2019-12-04 15:19:30.706,554559568, 1279.4966465299196, 2889765, 67.54577552830735, 155808, 0, 0.0, 20, 
2019-12-04 15:19:31.734,579725392, 1279.4966465299196, 2891085, 67.54577552830735, 155875, 0, 0.0, 20, 
2019-12-04 15:19:32.759,603842640, 1279.4966465299196, 2892427, 67.54577552830735, 155943, 0, 0.0, 20, 
2019-12-04 15:19:33.785,627959888, 1279.4966465299196, 2893746, 67.54577552830735, 156026, 0, 0.0, 20, 
2019-12-04 15:19:34.81,655222864, 1279.4966465299196, 2895148, 67.54577552830735, 156094, 0, 0.0, 20, 
2019-12-04 15:19:35.836,678291536, 1281.63172878798, 2896340, 67.80596895086912, 156166, 0, 0.0, 20, 
2019-12-04 15:19:36.86,702408784, 1281.63172878798, 2897678, 67.80596895086912, 156238, 0, 0.0, 20, 
2019-12-04 15:19:37.886,729671760, 1281.63172878798, 2898972, 67.80596895086912, 156304, 0, 0.0, 20, 
2019-12-04 15:19:38.909,755886160, 1281.63172878798, 2900402, 67.80596895086912, 156371, 0, 0.0, 20, 
2019-12-04 15:19:39.936,781051984, 1281.63172878798, 2901785, 67.80596895086912, 156447, 0, 0.0, 20, 
2019-12-04 15:19:40.961,807266384, 1282.9084812600947, 2903182, 67.83747393405659, 156527, 0, 0.0, 20, 
2019-12-04 15:19:41.988,180385728, 1282.9084812600947, 2904508, 67.83747393405659, 156599, 0, 0.0, 20, 
2019-12-04 15:19:43.036,205551552, 1282.9084812600947, 2905827, 67.83747393405659, 156679, 0, 0.0, 20, 
2019-12-04 15:19:44.061,230717376, 1282.9084812600947, 2907180, 67.83747393405659, 156755, 0, 0.0, 20, 
2019-12-04 15:19:45.083,256931776, 1285.1545550848953, 2908540, 68.13830890813153, 156811, 0, 0.0, 20, 
2019-12-04 15:19:46.109,282097600, 1285.1545550848953, 2909931, 68.13830890813153, 156875, 0, 0.0, 20, 
2019-12-04 15:19:47.135,306214848, 1285.1545550848953, 2911205, 68.13830890813153, 156941, 0, 0.0, 20, 
2019-12-04 15:19:48.162,330332096, 1285.1545550848953, 2912510, 68.13830890813153, 157008, 0, 0.0, 20, 
2019-12-04 15:19:49.186,355497920, 1285.1545550848953, 2913864, 68.13830890813153, 157080, 0, 0.0, 20, 
2019-12-04 15:19:50.215,379615168, 1285.6379221719087, 2915177, 67.91936581645614, 157145, 0, 0.0, 20, 
2019-12-04 15:19:51.237,403732416, 1285.6379221719087, 2916477, 67.91936581645614, 157212, 0, 0.0, 20, 
2019-12-04 15:19:52.26,429946816, 1285.6379221719087, 2917820, 67.91936581645614, 157263, 0, 0.0, 20, 
2019-12-04 15:19:53.283,456161216, 1285.6379221719087, 2919151, 67.91936581645614, 157340, 0, 0.0, 20, 
2019-12-04 15:19:54.31,480278464, 1285.6379221719087, 2920449, 67.91936581645614, 157399, 0, 0.0, 20, 
2019-12-04 15:19:55.335,505444288, 1286.082641360531, 2921793, 67.49405280880062, 157467, 0, 0.0, 20, 
2019-12-04 15:19:56.371,528512960, 1286.082641360531, 2923096, 67.49405280880062, 157537, 0, 0.0, 20, 
2019-12-04 15:19:57.404,553678784, 1286.082641360531, 2924425, 67.49405280880062, 157598, 0, 0.0, 20, 
2019-12-04 15:19:58.426,578844608, 1286.082641360531, 2925806, 67.49405280880062, 157648, 0, 0.0, 20, 
2019-12-04 15:19:59.451,602961856, 1286.082641360531, 2927078, 67.49405280880062, 157706, 0, 0.0, 20, 
2019-12-04 15:20:00.475,627079104, 1286.076033722174, 2928371, 66.8948614296742, 157785, 0, 0.0, 20, 
2019-12-04 15:20:01.502,653293504, 1286.076033722174, 2929606, 66.8948614296742, 157843, 0, 0.0, 20, 
2019-12-04 15:20:02.525,676362176, 1286.076033722174, 2930906, 66.8948614296742, 157915, 0, 0.0, 20, 
2019-12-04 15:20:03.549,700479424, 1286.076033722174, 2932201, 66.8948614296742, 157991, 0, 0.0, 20, 
2019-12-04 15:20:04.573,725645248, 1286.076033722174, 2933571, 66.8948614296742, 158063, 0, 0.0, 20, 
2019-12-04 15:20:05.597,750811072, 1285.7021587087045, 2934888, 67.14313460172166, 158138, 0, 0.0, 20, 
2019-12-04 15:20:06.621,775976896, 1285.7021587087045, 2936249, 67.14313460172166, 158198, 0, 0.0, 20, 
2019-12-04 15:20:07.644,799045568, 1285.7021587087045, 2937568, 67.14313460172166, 158266, 0, 0.0, 20, 
2019-12-04 15:20:08.666,183380480, 1285.7021587087045, 2938793, 67.14313460172166, 158337, 0, 0.0, 20, 
2019-12-04 15:20:09.69,206449152, 1285.7021587087045, 2940064, 67.14313460172166, 158401, 0, 0.0, 20, 
2019-12-04 15:20:10.713,232663552, 1283.2633407540807, 2941320, 67.06772572255767, 158475, 0, 0.0, 20, 
2019-12-04 15:20:11.735,256780800, 1283.2633407540807, 2942669, 67.06772572255767, 158544, 0, 0.0, 20, 
2019-12-04 15:20:12.758,280898048, 1283.2633407540807, 2943986, 67.06772572255767, 158622, 0, 0.0, 20, 
2019-12-04 15:20:13.786,307112448, 1283.2633407540807, 2945320, 67.06772572255767, 158702, 0, 0.0, 20, 
2019-12-04 15:20:14.811,332278272, 1283.2633407540807, 2946697, 67.06772572255767, 158775, 0, 0.0, 20, 
2019-12-04 15:20:15.846,356395520, 1283.8499476387533, 2948022, 67.43010636547103, 158840, 0, 0.0, 20, 
2019-12-04 15:20:16.879,381561344, 1283.8499476387533, 2949295, 67.43010636547103, 158907, 0, 0.0, 20, 
2019-12-04 15:20:17.909,406727168, 1283.8499476387533, 2950683, 67.43010636547103, 158963, 0, 0.0, 20, 
2019-12-04 15:20:18.931,429795840, 1283.8499476387533, 2951955, 67.43010636547103, 159017, 0, 0.0, 20, 
2019-12-04 15:20:19.957,453913088, 1283.8499476387533, 2953190, 67.43010636547103, 159088, 0, 0.0, 20, 
2019-12-04 15:20:20.981,478030336, 1282.4547268606093, 2954513, 66.89999232994994, 159164, 0, 0.0, 20, 
2019-12-04 15:20:22.004,503196160, 1282.4547268606093, 2955860, 66.89999232994994, 159241, 0, 0.0, 20, 
2019-12-04 15:20:23.036,529410560, 1282.4547268606093, 2957259, 66.89999232994994, 159308, 0, 0.0, 20, 
2019-12-04 15:20:24.06,558770688, 1282.4547268606093, 2958581, 66.89999232994994, 159384, 0, 0.0, 20, 
2019-12-04 15:20:25.084,583936512, 1285.2647877474817, 2959933, 67.40371313104855, 159461, 0, 0.0, 20, 
2019-12-04 15:20:26.107,607005184, 1285.2647877474817, 2961231, 67.40371313104855, 159545, 0, 0.0, 20, 
2019-12-04 15:20:27.13,623782400, 1285.2647877474817, 2961980, 67.40371313104855, 159590, 0, 0.0, 20, 
2019-12-04 15:20:28.155,634268160, 1285.2647877474817, 2962494, 67.40371313104855, 159612, 0, 0.0, 20, 
2019-12-04 15:20:29.179,645802496, 1285.2647877474817, 2962942, 67.40371313104855, 159634, 0, 0.0, 20, 
2019-12-04 15:20:30.202,667822592, 1238.8533858560663, 2963461, 65.21263320632545, 159661, 0, 0.0, 20, 
2019-12-04 15:20:31.231,678308352, 1238.8533858560663, 2963935, 65.21263320632545, 159683, 0, 0.0, 20, 
2019-12-04 15:20:32.254,688794112, 1238.8533858560663, 2964412, 65.21263320632545, 159707, 0, 0.0, 20, 
2019-12-04 15:20:33.278,700328448, 1238.8533858560663, 2964881, 65.21263320632545, 159729, 0, 0.0, 20, 
2019-12-04 15:20:34.301,709765632, 1238.8533858560663, 2965365, 65.21263320632545, 159758, 0, 0.0, 20, 
2019-12-04 15:20:35.325,721299968, 1176.7875919939747, 2965833, 61.93344411072085, 159780, 0, 0.0, 20, 
2019-12-04 15:20:36.347,732834304, 1176.7875919939747, 2966354, 61.93344411072085, 159809, 0, 0.0, 20, 
2019-12-04 15:20:37.369,743320064, 1176.7875919939747, 2966826, 61.93344411072085, 159840, 0, 0.0, 20, 
2019-12-04 15:20:38.393,754854400, 1176.7875919939747, 2967317, 61.93344411072085, 159865, 0, 0.0, 20, 
2019-12-04 15:20:39.421,764291584, 1176.7875919939747, 2967804, 61.93344411072085, 159893, 0, 0.0, 20, 
2019-12-04 15:20:40.447,774777344, 1121.1235055482946, 2968292, 59.15631125490849, 159921, 0, 0.0, 20, 
2019-12-04 15:20:41.474,786311680, 1121.1235055482946, 2968773, 59.15631125490849, 159946, 0, 0.0, 20, 
2019-12-04 15:20:42.499,795748864, 1121.1235055482946, 2969233, 59.15631125490849, 159973, 0, 0.0, 20, 
2019-12-04 15:20:43.521,821963264, 1121.1235055482946, 2969706, 59.15631125490849, 160003, 0, 0.0, 20, 
2019-12-04 15:20:44.546,183958600, 1121.1235055482946, 2970184, 59.15631125490849, 160028, 0, 0.0, 20, 
2019-12-04 15:20:45.577,193395784, 1068.4708731818305, 2970661, 56.425323394419244, 160048, 0, 0.0, 20, 
2019-12-04 15:20:46.604,204930120, 1068.4708731818305, 2971138, 56.425323394419244, 160072, 0, 0.0, 20, 
2019-12-04 15:20:47.632,214367304, 1068.4708731818305, 2971622, 56.425323394419244, 160103, 0, 0.0, 20, 
2019-12-04 15:20:48.674,225901640, 1068.4708731818305, 2972132, 56.425323394419244, 160128, 0, 0.0, 20, 
2019-12-04 15:20:49.701,237435976, 1068.4708731818305, 2972678, 56.425323394419244, 160154, 0, 0.0, 20, 
2019-12-04 15:20:50.727,248970312, 1022.0909669600978, 2973191, 53.88071103280736, 160175, 0, 0.0, 20, 
2019-12-04 15:20:51.754,259456072, 1022.0909669600978, 2973663, 53.88071103280736, 160200, 0, 0.0, 20, 
2019-12-04 15:20:52.779,270990408, 1022.0909669600978, 2974141, 53.88071103280736, 160231, 0, 0.0, 20, 
2019-12-04 15:20:53.806,281476168, 1022.0909669600978, 2974618, 53.88071103280736, 160258, 0, 0.0, 20, 
2019-12-04 15:20:54.831,291961928, 1022.0909669600978, 2975066, 53.88071103280736, 160273, 0, 0.0, 20, 
2019-12-04 15:20:55.857,301399112, 977.3885214213454, 2975533, 51.42761682259067, 160304, 0, 0.0, 20, 
2019-12-04 15:20:56.887,311884872, 977.3885214213454, 2975976, 51.42761682259067, 160329, 0, 0.0, 20, 
2019-12-04 15:20:57.912,323419208, 977.3885214213454, 2976484, 51.42761682259067, 160367, 0, 0.0, 20, 
2019-12-04 15:20:58.938,333904968, 977.3885214213454, 2976982, 51.42761682259067, 160386, 0, 0.0, 20, 
2019-12-04 15:20:59.963,343342152, 977.3885214213454, 2977471, 51.42761682259067, 160416, 0, 0.0, 20, 
2019-12-04 15:21:00.988,356973640, 936.5321350734052, 2977957, 49.55444800570052, 160441, 0, 0.0, 20, 
2019-12-04 15:21:02.012,367459400, 936.5321350734052, 2978431, 49.55444800570052, 160457, 0, 0.0, 20, 
2019-12-04 15:21:03.038,377945160, 936.5321350734052, 2978931, 49.55444800570052, 160482, 0, 0.0, 20, 
2019-12-04 15:21:04.065,388430920, 936.5321350734052, 2979398, 49.55444800570052, 160510, 0, 0.0, 20, 
2019-12-04 15:21:05.093,398916680, 898.8944716608227, 2979848, 47.479244922431945, 160538, 0, 0.0, 20, 
2019-12-04 15:21:06.119,408353864, 898.8944716608227, 2980321, 47.479244922431945, 160563, 0, 0.0, 20, 
2019-12-04 15:21:07.145,419888200, 898.8944716608227, 2980779, 47.479244922431945, 160582, 0, 0.0, 20, 
2019-12-04 15:21:08.17,430373960, 898.8944716608227, 2981248, 47.479244922431945, 160609, 0, 0.0, 20, 
2019-12-04 15:21:09.195,441908296, 898.8944716608227, 2981738, 47.479244922431945, 160637, 0, 0.0, 20, 
2019-12-04 15:21:10.222,451345480, 863.5625405071157, 2982192, 45.56996591644914, 160656, 0, 0.0, 20, 
2019-12-04 15:21:11.249,461831240, 863.5625405071157, 2982674, 45.56996591644914, 160687, 0, 0.0, 20, 
2019-12-04 15:21:12.273,473365576, 863.5625405071157, 2983162, 45.56996591644914, 160715, 0, 0.0, 20, 
2019-12-04 15:21:13.298,483851336, 863.5625405071157, 2983638, 45.56996591644914, 160739, 0, 0.0, 20, 
2019-12-04 15:21:14.323,494337096, 863.5625405071157, 2984135, 45.56996591644914, 160768, 0, 0.0, 20, 
2019-12-04 15:21:15.347,504822856, 831.6152836886745, 2984583, 44.08519342128593, 160795, 0, 0.0, 20, 
2019-12-04 15:21:16.373,514260040, 831.6152836886745, 2985051, 44.08519342128593, 160820, 0, 0.0, 20, 
2019-12-04 15:21:17.396,524745800, 831.6152836886745, 2985528, 44.08519342128593, 160846, 0, 0.0, 20, 
2019-12-04 15:21:18.425,535231560, 831.6152836886745, 2985999, 44.08519342128593, 160875, 0, 0.0, 20, 
2019-12-04 15:21:19.448,545717320, 831.6152836886745, 2986449, 44.08519342128593, 160896, 0, 0.0, 20, 
2019-12-04 15:21:20.474,557251656, 802.2863529584356, 2986979, 42.55922560937443, 160921, 0, 0.0, 20, 
2019-12-04 15:21:21.509,572980296, 802.2863529584356, 2987443, 42.55922560937443, 160945, 0, 0.0, 20, 
2019-12-04 15:21:22.533,583466056, 802.2863529584356, 2987928, 42.55922560937443, 160970, 0, 0.0, 20, 
2019-12-04 15:21:23.557,593951816, 802.2863529584356, 2988419, 42.55922560937443, 160994, 0, 0.0, 20, 
2019-12-04 15:21:24.581,604437576, 802.2863529584356, 2988882, 42.55922560937443, 161007, 0, 0.0, 20, 
2019-12-04 15:21:25.606,613874760, 775.5902741603636, 2989365, 40.77148063734187, 161026, 0, 0.0, 20, 
2019-12-04 15:21:26.633,625409096, 775.5902741603636, 2989857, 40.77148063734187, 161050, 0, 0.0, 20, 
2019-12-04 15:21:27.657,637992008, 775.5902741603636, 2990353, 40.77148063734187, 161088, 0, 0.0, 20, 
2019-12-04 15:21:28.682,648477768, 775.5902741603636, 2990822, 40.77148063734187, 161107, 0, 0.0, 20, 
2019-12-04 15:21:29.706,658963528, 775.5902741603636, 2991308, 40.77148063734187, 161138, 0, 0.0, 20, 
2019-12-04 15:21:30.73,670497864, 751.2045982575086, 2991770, 39.57442713911745, 161163, 0, 0.0, 20, 
2019-12-04 15:21:31.754,680983624, 751.2045982575086, 2992249, 39.57442713911745, 161187, 0, 0.0, 20, 
2019-12-04 15:21:32.783,691469384, 751.2045982575086, 2992754, 39.57442713911745, 161211, 0, 0.0, 20, 
2019-12-04 15:21:33.807,703003720, 751.2045982575086, 2993254, 39.57442713911745, 161236, 0, 0.0, 20, 
2019-12-04 15:21:34.83,713489480, 751.2045982575086, 2993752, 39.57442713911745, 161268, 0, 0.0, 20, 
2019-12-04 15:21:35.853,725023816, 729.5842403169067, 2994233, 38.45709363698944, 161298, 0, 0.0, 20, 
2019-12-04 15:21:36.883,735509576, 729.5842403169067, 2994699, 38.45709363698944, 161324, 0, 0.0, 20, 
2019-12-04 15:21:37.907,744946760, 729.5842403169067, 2995218, 38.45709363698944, 161353, 0, 0.0, 20, 
2019-12-04 15:21:38.932,755432520, 729.5842403169067, 2995695, 38.45709363698944, 161382, 0, 0.0, 20, 
2019-12-04 15:21:39.956,766966856, 729.5842403169067, 2996182, 38.45709363698944, 161405, 0, 0.0, 20, 
2019-12-04 15:21:40.981,777452616, 709.0529060684039, 2996656, 37.60499947689384, 161431, 0, 0.0, 20, 
2019-12-04 15:21:42.009,787938376, 709.0529060684039, 2997155, 37.60499947689384, 161451, 0, 0.0, 20, 
2019-12-04 15:21:43.033,798424136, 709.0529060684039, 2997607, 37.60499947689384, 161481, 0, 0.0, 20, 
2019-12-04 15:21:44.056,809958472, 709.0529060684039, 2998112, 37.60499947689384, 161515, 0, 0.0, 20, 
2019-12-04 15:21:45.079,820444232, 689.6994242730312, 2998573, 36.61315048219585, 161539, 0, 0.0, 20, 
2019-12-04 15:21:46.102,190237984, 689.6994242730312, 2999067, 36.61315048219585, 161567, 0, 0.0, 20, 
2019-12-04 15:21:47.126,199675168, 689.6994242730312, 2999510, 36.61315048219585, 161591, 0, 0.0, 20, 
2019-12-04 15:21:48.15,210160928, 689.6994242730312, 2999981, 36.61315048219585, 161613, 0, 0.0, 20, 
2019-12-04 15:21:49.174,221695264, 689.6994242730312, 3000460, 36.61315048219585, 161633, 0, 0.0, 20, 
2019-12-04 15:21:50.2,232181024, 671.3816456971961, 3000927, 35.55668530080104, 161660, 0, 0.0, 20, 
2019-12-04 15:21:51.226,241618208, 671.3816456971961, 3001385, 35.55668530080104, 161693, 0, 0.0, 20, 
2019-12-04 15:21:52.251,252103968, 671.3816456971961, 3001874, 35.55668530080104, 161718, 0, 0.0, 20, 
2019-12-04 15:21:53.277,263638304, 671.3816456971961, 3002358, 35.55668530080104, 161745, 0, 0.0, 20, 
2019-12-04 15:21:54.309,275172640, 671.3816456971961, 3002858, 35.55668530080104, 161784, 0, 0.0, 20, 
2019-12-04 15:21:55.337,285658400, 655.8237563130871, 3003392, 35.08041504070659, 161807, 0, 0.0, 20, 
2019-12-04 15:21:56.361,298241312, 655.8237563130871, 3003933, 35.08041504070659, 161832, 0, 0.0, 20, 
2019-12-04 15:21:57.387,309775648, 655.8237563130871, 3004437, 35.08041504070659, 161852, 0, 0.0, 20, 
2019-12-04 15:21:58.413,320261408, 655.8237563130871, 3004892, 35.08041504070659, 161883, 0, 0.0, 20, 
2019-12-04 15:21:59.438,330747168, 655.8237563130871, 3005376, 35.08041504070659, 161914, 0, 0.0, 20, 
2019-12-04 15:22:00.463,341232928, 642.0215228281892, 3005842, 34.450331843163006, 161941, 0, 0.0, 20, 
2019-12-04 15:22:01.488,350670112, 642.0215228281892, 3006302, 34.450331843163006, 161974, 0, 0.0, 20, 
2019-12-04 15:22:02.514,362204448, 642.0215228281892, 3006764, 34.450331843163006, 161997, 0, 0.0, 20, 
2019-12-04 15:22:03.542,372690208, 642.0215228281892, 3007238, 34.450331843163006, 162026, 0, 0.0, 20, 
2019-12-04 15:22:04.568,384224544, 642.0215228281892, 3007738, 34.450331843163006, 162048, 0, 0.0, 20, 
2019-12-04 15:22:05.591,395758880, 627.54784100577, 3008240, 33.646751677473354, 162071, 0, 0.0, 20, 
2019-12-04 15:22:06.617,406244640, 627.54784100577, 3008704, 33.646751677473354, 162094, 0, 0.0, 20, 
2019-12-04 15:22:07.641,417778976, 627.54784100577, 3009186, 33.646751677473354, 162121, 0, 0.0, 20, 
2019-12-04 15:22:08.667,427216160, 627.54784100577, 3009661, 33.646751677473354, 162158, 0, 0.0, 20, 
2019-12-04 15:22:09.691,438750496, 627.54784100577, 3010156, 33.646751677473354, 162181, 0, 0.0, 20, 
2019-12-04 15:22:10.717,450284832, 615.1109223250087, 3010654, 33.11530675628745, 162218, 0, 0.0, 20, 
2019-12-04 15:22:11.75,459722016, 615.1109223250087, 3011109, 33.11530675628745, 162250, 0, 0.0, 20, 
2019-12-04 15:22:12.784,471256352, 615.1109223250087, 3011641, 33.11530675628745, 162276, 0, 0.0, 20, 
2019-12-04 15:22:13.808,482790688, 615.1109223250087, 3012149, 33.11530675628745, 162299, 0, 0.0, 20, 
2019-12-04 15:22:14.834,494325024, 615.1109223250087, 3012626, 33.11530675628745, 162329, 0, 0.0, 20, 
2019-12-04 15:22:15.858,504810784, 604.2920583234664, 3013141, 32.70630941023791, 162356, 0, 0.0, 20, 
2019-12-04 15:22:16.89,516345120, 604.2920583234664, 3013646, 32.70630941023791, 162377, 0, 0.0, 20, 
2019-12-04 15:22:17.912,526830880, 604.2920583234664, 3014112, 32.70630941023791, 162404, 0, 0.0, 20, 
2019-12-04 15:22:18.938,536268064, 604.2920583234664, 3014577, 32.70630941023791, 162428, 0, 0.0, 20, 
2019-12-04 15:22:19.961,548850976, 604.2920583234664, 3015059, 32.70630941023791, 162445, 0, 0.0, 20, 
2019-12-04 15:22:20.986,558288160, 593.8424982969152, 3015542, 31.882262408331023, 162470, 0, 0.0, 20, 
2019-12-04 15:22:22.011,569822496, 593.8424982969152, 3016043, 31.882262408331023, 162494, 0, 0.0, 20, 
2019-12-04 15:22:23.035,580308256, 593.8424982969152, 3016551, 31.882262408331023, 162522, 0, 0.0, 20, 
2019-12-04 15:22:24.059,590794016, 593.8424982969152, 3017020, 31.882262408331023, 162549, 0, 0.0, 20, 
2019-12-04 15:22:25.084,604425504, 584.3083945445234, 3017489, 31.395951557094854, 162576, 0, 0.0, 20, 
2019-12-04 15:22:26.109,614911264, 584.3083945445234, 3017957, 31.395951557094854, 162606, 0, 0.0, 20, 
2019-12-04 15:22:27.135,625397024, 584.3083945445234, 3018436, 31.395951557094854, 162624, 0, 0.0, 20, 
2019-12-04 15:22:28.158,635882784, 584.3083945445234, 3018902, 31.395951557094854, 162652, 0, 0.0, 20, 
2019-12-04 15:22:29.183,647417120, 584.3083945445234, 3019411, 31.395951557094854, 162686, 0, 0.0, 20, 
2019-12-04 15:22:30.208,657902880, 574.9449243068959, 3019873, 31.06046179416033, 162714, 0, 0.0, 20, 
2019-12-04 15:22:31.237,668388640, 574.9449243068959, 3020349, 31.06046179416033, 162748, 0, 0.0, 20, 
2019-12-04 15:22:32.262,678874400, 574.9449243068959, 3020834, 31.06046179416033, 162768, 0, 0.0, 20, 
2019-12-04 15:22:33.289,690408736, 574.9449243068959, 3021341, 31.06046179416033, 162801, 0, 0.0, 20, 
2019-12-04 15:22:34.337,701943072, 574.9449243068959, 3021832, 31.06046179416033, 162839, 0, 0.0, 20, 
2019-12-04 15:22:35.361,713477408, 566.6339470376273, 3022330, 30.927698599422598, 162865, 0, 0.0, 20, 
2019-12-04 15:22:36.385,722914592, 566.6339470376273, 3022795, 30.927698599422598, 162892, 0, 0.0, 20, 
2019-12-04 15:22:37.409,733400352, 566.6339470376273, 3023284, 30.927698599422598, 162908, 0, 0.0, 20, 
2019-12-04 15:22:38.434,743886112, 566.6339470376273, 3023762, 30.927698599422598, 162932, 0, 0.0, 20, 
2019-12-04 15:22:39.463,755420448, 566.6339470376273, 3024239, 30.927698599422598, 162968, 0, 0.0, 20, 
2019-12-04 15:22:40.487,765906208, 559.035452172148, 3024746, 30.405772636782416, 162997, 0, 0.0, 20, 
2019-12-04 15:22:41.512,777440544, 559.035452172148, 3025244, 30.405772636782416, 163013, 0, 0.0, 20, 
2019-12-04 15:22:42.535,787926304, 559.035452172148, 3025726, 30.405772636782416, 163044, 0, 0.0, 20, 
2019-12-04 15:22:43.56,798412064, 559.035452172148, 3026232, 30.405772636782416, 163079, 0, 0.0, 20, 
2019-12-04 15:22:44.584,810994976, 559.035452172148, 3026714, 30.405772636782416, 163095, 0, 0.0, 20, 
2019-12-04 15:22:45.615,184354768, 553.0039664360222, 3027178, 29.97355092122769, 163121, 0, 0.0, 20, 
2019-12-04 15:22:46.639,195889104, 553.0039664360222, 3027719, 29.97355092122769, 163145, 0, 0.0, 20, 
2019-12-04 15:22:47.662,207423440, 553.0039664360222, 3028216, 29.97355092122769, 163168, 0, 0.0, 20, 
2019-12-04 15:22:48.687,217909200, 553.0039664360222, 3028700, 29.97355092122769, 163189, 0, 0.0, 20, 
2019-12-04 15:22:49.711,228394960, 553.0039664360222, 3029166, 29.97355092122769, 163228, 0, 0.0, 20, 
2019-12-04 15:22:50.735,238880720, 546.8790514579144, 3029638, 29.607869980098332, 163245, 0, 0.0, 20, 
2019-12-04 15:22:51.763,248317904, 546.8790514579144, 3030109, 29.607869980098332, 163267, 0, 0.0, 20, 
2019-12-04 15:22:52.788,259852240, 546.8790514579144, 3030598, 29.607869980098332, 163296, 0, 0.0, 20, 
2019-12-04 15:22:53.818,270338000, 546.8790514579144, 3031097, 29.607869980098332, 163322, 0, 0.0, 20, 
2019-12-04 15:22:54.842,281872336, 546.8790514579144, 3031561, 29.607869980098332, 163349, 0, 0.0, 20, 
2019-12-04 15:22:55.866,292358096, 540.5722307251132, 3032038, 29.191471687305196, 163385, 0, 0.0, 20, 
2019-12-04 15:22:56.891,303892432, 540.5722307251132, 3032533, 29.191471687305196, 163415, 0, 0.0, 20, 
2019-12-04 15:22:57.916,314378192, 540.5722307251132, 3033005, 29.191471687305196, 163454, 0, 0.0, 20, 
2019-12-04 15:22:58.94,324863952, 540.5722307251132, 3033461, 29.191471687305196, 163473, 0, 0.0, 20, 
2019-12-04 15:22:59.969,335349712, 540.5722307251132, 3033969, 29.191471687305196, 163499, 0, 0.0, 20, 
2019-12-04 15:23:00.993,346884048, 535.009542291943, 3034443, 29.176162456464798, 163515, 0, 0.0, 20, 
2019-12-04 15:23:02.02,357369808, 535.009542291943, 3034940, 29.176162456464798, 163533, 0, 0.0, 20, 
2019-12-04 15:23:03.044,368904144, 535.009542291943, 3035440, 29.176162456464798, 163556, 0, 0.0, 20, 
2019-12-04 15:23:04.069,378341328, 535.009542291943, 3035941, 29.176162456464798, 163575, 0, 0.0, 20, 
2019-12-04 15:23:05.093,389875664, 530.883071127278, 3036463, 28.458468132875865, 163602, 0, 0.0, 20, 
2019-12-04 15:23:06.117,401410000, 530.883071127278, 3036935, 28.458468132875865, 163630, 0, 0.0, 20, 
2019-12-04 15:23:07.142,411895760, 530.883071127278, 3037365, 28.458468132875865, 163657, 0, 0.0, 20, 
2019-12-04 15:23:08.177,422381520, 530.883071127278, 3037837, 28.458468132875865, 163680, 0, 0.0, 20, 
2019-12-04 15:23:09.201,432867280, 530.883071127278, 3038298, 28.458468132875865, 163700, 0, 0.0, 20, 
2019-12-04 15:23:10.228,443353040, 524.4639911799408, 3038779, 27.974059766862183, 163717, 0, 0.0, 20, 
2019-12-04 15:23:11.253,453838800, 524.4639911799408, 3039235, 27.974059766862183, 163745, 0, 0.0, 20, 
2019-12-04 15:23:12.281,463275984, 524.4639911799408, 3039704, 27.974059766862183, 163771, 0, 0.0, 20, 
2019-12-04 15:23:13.305,474810320, 524.4639911799408, 3040172, 27.974059766862183, 163803, 0, 0.0, 20, 
2019-12-04 15:23:14.332,485296080, 524.4639911799408, 3040658, 27.974059766862183, 163831, 0, 0.0, 20, 
2019-12-04 15:23:15.356,495781840, 519.3577083810409, 3041121, 27.864196013868423, 163853, 0, 0.0, 20, 
2019-12-04 15:23:16.381,506267600, 519.3577083810409, 3041557, 27.864196013868423, 163883, 0, 0.0, 20, 
2019-12-04 15:23:17.403,516753360, 519.3577083810409, 3042011, 27.864196013868423, 163905, 0, 0.0, 20, 
2019-12-04 15:23:18.433,528287696, 519.3577083810409, 3042509, 27.864196013868423, 163935, 0, 0.0, 20, 
2019-12-04 15:23:19.457,538773456, 519.3577083810409, 3042990, 27.864196013868423, 163964, 0, 0.0, 20, 
2019-12-04 15:23:20.48,549259216, 514.3558701879867, 3043479, 27.65117866203735, 163986, 0, 0.0, 20, 
2019-12-04 15:23:21.505,559744976, 514.3558701879867, 3043976, 27.65117866203735, 164019, 0, 0.0, 20, 
2019-12-04 15:23:22.53,570230736, 514.3558701879867, 3044449, 27.65117866203735, 164047, 0, 0.0, 20, 
2019-12-04 15:23:23.553,581765072, 514.3558701879867, 3044959, 27.65117866203735, 164072, 0, 0.0, 20, 
2019-12-04 15:23:24.578,592250832, 514.3558701879867, 3045451, 27.65117866203735, 164097, 0, 0.0, 20, 
2019-12-04 15:23:25.602,603785168, 511.62491759326133, 3045965, 27.647086642155667, 164119, 0, 0.0, 20, 
2019-12-04 15:23:26.633,613222352, 511.62491759326133, 3046434, 27.647086642155667, 164139, 0, 0.0, 20, 
2019-12-04 15:23:27.656,626853840, 511.62491759326133, 3046919, 27.647086642155667, 164162, 0, 0.0, 20, 
2019-12-04 15:23:28.681,639436752, 511.62491759326133, 3047426, 27.647086642155667, 164198, 0, 0.0, 20, 
2019-12-04 15:23:29.708,648873936, 511.62491759326133, 3047897, 27.647086642155667, 164223, 0, 0.0, 20, 
2019-12-04 15:23:30.733,660408272, 508.8724531557548, 3048395, 27.355481694784533, 164247, 0, 0.0, 20, 
2019-12-04 15:23:31.757,670894032, 508.8724531557548, 3048868, 27.355481694784533, 164278, 0, 0.0, 20, 
2019-12-04 15:23:32.781,681379792, 508.8724531557548, 3049347, 27.355481694784533, 164310, 0, 0.0, 20, 
2019-12-04 15:23:33.808,695011280, 508.8724531557548, 3049869, 27.355481694784533, 164331, 0, 0.0, 20, 
2019-12-04 15:23:34.831,704448464, 508.8724531557548, 3050384, 27.355481694784533, 164351, 0, 0.0, 20, 
2019-12-04 15:23:35.856,714934224, 506.9477260723782, 3050852, 27.19913001119639, 164381, 0, 0.0, 20, 
2019-12-04 15:23:36.883,726468560, 506.9477260723782, 3051346, 27.19913001119639, 164403, 0, 0.0, 20, 
2019-12-04 15:23:37.908,736954320, 506.9477260723782, 3051831, 27.19913001119639, 164430, 0, 0.0, 20, 
2019-12-04 15:23:38.932,748488656, 506.9477260723782, 3052306, 27.19913001119639, 164459, 0, 0.0, 20, 
2019-12-04 15:23:39.954,760022992, 506.9477260723782, 3052780, 27.19913001119639, 164485, 0, 0.0, 20, 
2019-12-04 15:23:40.977,769460176, 503.8816111866268, 3053257, 27.119243986289774, 164509, 0, 0.0, 20, 
2019-12-04 15:23:42.05,779945936, 503.8816111866268, 3053771, 27.119243986289774, 164534, 0, 0.0, 20, 
2019-12-04 15:23:43.075,791480272, 503.8816111866268, 3054251, 27.119243986289774, 164562, 0, 0.0, 20, 
2019-12-04 15:23:44.106,803014608, 503.8816111866268, 3054726, 27.119243986289774, 164601, 0, 0.0, 20, 
2019-12-04 15:23:45.13,813500368, 501.0606493113795, 3055213, 27.125700880638178, 164625, 0, 0.0, 20, 
2019-12-04 15:23:46.155,181019312, 501.0606493113795, 3055705, 27.125700880638178, 164644, 0, 0.0, 20, 
2019-12-04 15:23:47.179,190456496, 501.0606493113795, 3056151, 27.125700880638178, 164665, 0, 0.0, 20, 
2019-12-04 15:23:48.204,203039408, 501.0606493113795, 3056654, 27.125700880638178, 164683, 0, 0.0, 20, 
2019-12-04 15:23:49.228,214573744, 501.0606493113795, 3057161, 27.125700880638178, 164697, 0, 0.0, 20, 
2019-12-04 15:23:50.251,224010928, 498.8170436698069, 3057627, 26.491996827253864, 164726, 0, 0.0, 20, 
2019-12-04 15:23:51.276,234496688, 498.8170436698069, 3058120, 26.491996827253864, 164743, 0, 0.0, 20, 
2019-12-04 15:23:52.3,244982448, 498.8170436698069, 3058580, 26.491996827253864, 164770, 0, 0.0, 20, 
2019-12-04 15:23:53.324,255468208, 498.8170436698069, 3059045, 26.491996827253864, 164791, 0, 0.0, 20, 
2019-12-04 15:23:54.349,265953968, 498.8170436698069, 3059545, 26.491996827253864, 164817, 0, 0.0, 20, 
2019-12-04 15:23:55.373,277488304, 496.41701337209025, 3060049, 26.132836591447557, 164837, 0, 0.0, 20, 
2019-12-04 15:23:56.398,287974064, 496.41701337209025, 3060538, 26.132836591447557, 164873, 0, 0.0, 20, 
2019-12-04 15:23:57.423,299508400, 496.41701337209025, 3061006, 26.132836591447557, 164899, 0, 0.0, 20, 
2019-12-04 15:23:58.447,309994160, 496.41701337209025, 3061488, 26.132836591447557, 164925, 0, 0.0, 20, 
2019-12-04 15:23:59.473,320479920, 496.41701337209025, 3061971, 26.132836591447557, 164952, 0, 0.0, 20, 
2019-12-04 15:24:00.498,330965680, 494.2408611358832, 3062441, 26.23415338353867, 164973, 0, 0.0, 20, 
2019-12-04 15:24:01.522,342500016, 494.2408611358832, 3062932, 26.23415338353867, 165000, 0, 0.0, 20, 
2019-12-04 15:24:02.549,352985776, 494.2408611358832, 3063422, 26.23415338353867, 165028, 0, 0.0, 20, 
2019-12-04 15:24:03.577,364520112, 494.2408611358832, 3063938, 26.23415338353867, 165052, 0, 0.0, 20, 
2019-12-04 15:24:04.605,376054448, 494.2408611358832, 3064390, 26.23415338353867, 165083, 0, 0.0, 20, 
2019-12-04 15:24:05.631,386540208, 492.92632245976563, 3064879, 26.199440395617177, 165109, 0, 0.0, 20, 
2019-12-04 15:24:06.656,395977392, 492.92632245976563, 3065334, 26.199440395617177, 165128, 0, 0.0, 20, 
2019-12-04 15:24:07.685,407511728, 492.92632245976563, 3065831, 26.199440395617177, 165165, 0, 0.0, 20, 
2019-12-04 15:24:08.71,417997488, 492.92632245976563, 3066297, 26.199440395617177, 165193, 0, 0.0, 20, 
2019-12-04 15:24:09.736,430580400, 492.92632245976563, 3066789, 26.199440395617177, 165220, 0, 0.0, 20, 
2019-12-04 15:24:10.761,442114736, 490.7094481173189, 3067287, 26.21547625618732, 165250, 0, 0.0, 20, 
2019-12-04 15:24:11.788,453649072, 490.7094481173189, 3067752, 26.21547625618732, 165284, 0, 0.0, 20, 
2019-12-04 15:24:12.812,463086256, 490.7094481173189, 3068215, 26.21547625618732, 165310, 0, 0.0, 20, 
2019-12-04 15:24:13.841,474620592, 490.7094481173189, 3068699, 26.21547625618732, 165334, 0, 0.0, 20, 
2019-12-04 15:24:14.867,486154928, 490.7094481173189, 3069193, 26.21547625618732, 165364, 0, 0.0, 20, 
2019-12-04 15:24:15.892,496640688, 488.9736564850243, 3069692, 26.390141130880004, 165388, 0, 0.0, 20, 
2019-12-04 15:24:16.916,507126448, 488.9736564850243, 3070163, 26.390141130880004, 165417, 0, 0.0, 20, 
2019-12-04 15:24:17.941,518660784, 488.9736564850243, 3070634, 26.390141130880004, 165439, 0, 0.0, 20, 
2019-12-04 15:24:18.965,528097968, 488.9736564850243, 3071122, 26.390141130880004, 165461, 0, 0.0, 20, 
2019-12-04 15:24:19.997,539632304, 488.9736564850243, 3071610, 26.390141130880004, 165489, 0, 0.0, 20, 
2019-12-04 15:24:21.02,551166640, 487.42462443999386, 3072086, 26.215027114716097, 165515, 0, 0.0, 20, 
2019-12-04 15:24:22.045,561652400, 487.42462443999386, 3072581, 26.215027114716097, 165540, 0, 0.0, 20, 
2019-12-04 15:24:23.068,573186736, 487.42462443999386, 3073065, 26.215027114716097, 165570, 0, 0.0, 20, 
2019-12-04 15:24:24.093,583672496, 487.42462443999386, 3073553, 26.215027114716097, 165597, 0, 0.0, 20, 
2019-12-04 15:24:25.118,594158256, 486.047419510104, 3074017, 26.117878910517724, 165618, 0, 0.0, 20, 
2019-12-04 15:24:26.142,604644016, 486.047419510104, 3074518, 26.117878910517724, 165640, 0, 0.0, 20, 
2019-12-04 15:24:27.167,616178352, 486.047419510104, 3074977, 26.117878910517724, 165660, 0, 0.0, 20, 
2019-12-04 15:24:28.192,627712688, 486.047419510104, 3075473, 26.117878910517724, 165683, 0, 0.0, 20, 
2019-12-04 15:24:29.215,638198448, 486.047419510104, 3075986, 26.117878910517724, 165699, 0, 0.0, 20, 
2019-12-04 15:24:30.24,648684208, 485.7557879480812, 3076504, 25.596738086852092, 165718, 0, 0.0, 20, 
2019-12-04 15:24:31.263,663364272, 485.7557879480812, 3076997, 25.596738086852092, 165746, 0, 0.0, 20, 
2019-12-04 15:24:32.287,672801456, 485.7557879480812, 3077467, 25.596738086852092, 165775, 0, 0.0, 20, 
2019-12-04 15:24:33.309,684335792, 485.7557879480812, 3077947, 25.596738086852092, 165795, 0, 0.0, 20, 
2019-12-04 15:24:34.341,695870128, 485.7557879480812, 3078450, 25.596738086852092, 165817, 0, 0.0, 20, 
2019-12-04 15:24:35.365,706355888, 485.45549172416423, 3078945, 25.46906995843418, 165847, 0, 0.0, 20, 
2019-12-04 15:24:36.392,716841648, 485.45549172416423, 3079440, 25.46906995843418, 165876, 0, 0.0, 20, 
2019-12-04 15:24:37.417,729424560, 485.45549172416423, 3079953, 25.46906995843418, 165909, 0, 0.0, 20, 
2019-12-04 15:24:38.442,738861744, 485.45549172416423, 3080408, 25.46906995843418, 165937, 0, 0.0, 20, 
2019-12-04 15:24:39.467,750396080, 485.45549172416423, 3080874, 25.46906995843418, 165973, 0, 0.0, 20, 
2019-12-04 15:24:40.489,760881840, 484.3956411239825, 3081364, 25.975263175848376, 166008, 0, 0.0, 20, 
2019-12-04 15:24:41.513,771367600, 484.3956411239825, 3081836, 25.975263175848376, 166035, 0, 0.0, 20, 
2019-12-04 15:24:42.535,781853360, 484.3956411239825, 3082305, 25.975263175848376, 166066, 0, 0.0, 20, 
2019-12-04 15:24:43.558,792339120, 484.3956411239825, 3082774, 25.975263175848376, 166089, 0, 0.0, 20, 
2019-12-04 15:24:44.583,795484848, 484.3956411239825, 3082849, 25.975263175848376, 166097, 0, 0.0, 20, 
2019-12-04 15:24:45.614,796533424, 472.8663942300144, 3082849, 25.577463096250245, 166097, 0, 0.0, 20, 
2019-12-04 15:24:46.643,797582000, 472.8663942300144, 3082849, 25.577463096250245, 166097, 0, 0.0, 20, 
