Timestamp, MemoryUsed, ReadLatency1, ReadCount, WriteLatency1, WriteCount, PendingTasks, WaitingOnCommit1, SRDelay, 
2019-12-10 14:40:55.387,195736152, 486.1473311181527, 2091677, 25.517230882937216, 112981, 0, 0.0, 20, 
2019-12-10 14:40:56.477,206221912, 486.1473311181527, 2092076, 25.517230882937216, 113002, 0, 0.0, 20, 
2019-12-10 14:40:57.515,217756248, 486.1473311181527, 2092650, 25.517230882937216, 113034, 0, 0.0, 20, 
2019-12-10 14:40:58.552,231387736, 486.1473311181527, 2093362, 25.517230882937216, 113088, 0, 0.0, 20, 
2019-12-10 14:40:59.584,245019224, 480.8105091866704, 2094060, 25.44389315077191, 113116, 0, 0.0, 20, 
2019-12-10 14:41:00.615,259699288, 480.8105091866704, 2094781, 25.44389315077191, 113161, 0, 0.0, 20, 
2019-12-10 14:41:01.646,274379352, 480.8105091866704, 2095541, 25.44389315077191, 113211, 0, 0.0, 20, 
2019-12-10 14:41:02.677,289059416, 480.8105091866704, 2096269, 25.44389315077191, 113251, 0, 0.0, 20, 
2019-12-10 14:41:03.705,303739480, 480.8105091866704, 2097062, 25.44389315077191, 113285, 0, 0.0, 20, 
2019-12-10 14:41:04.733,322613848, 500.6226629733521, 2097908, 26.57575296047179, 113331, 0, 0.0, 20, 
2019-12-10 14:41:05.76,339391064, 500.6226629733521, 2098784, 26.57575296047179, 113378, 0, 0.0, 20, 
2019-12-10 14:41:06.798,357216856, 500.6226629733521, 2099711, 26.57575296047179, 113440, 0, 0.0, 20, 
2019-12-10 14:41:07.824,375042648, 500.6226629733521, 2100730, 26.57575296047179, 113488, 0, 0.0, 20, 
2019-12-10 14:41:08.854,394965592, 500.6226629733521, 2101719, 26.57575296047179, 113550, 0, 0.0, 20, 
2019-12-10 14:41:09.878,412791384, 533.1467830708427, 2102707, 28.576581280977692, 113608, 0, 0.0, 20, 
2019-12-10 14:41:10.911,431665752, 533.1467830708427, 2103752, 28.576581280977692, 113671, 0, 0.0, 20, 
2019-12-10 14:41:11.946,452637272, 533.1467830708427, 2104847, 28.576581280977692, 113731, 0, 0.0, 20, 
2019-12-10 14:41:12.979,469414488, 533.1467830708427, 2105876, 28.576581280977692, 113777, 0, 0.0, 20, 
2019-12-10 14:41:14.007,489337432, 571.9454880834176, 2106984, 30.52937002141026, 113827, 0, 0.0, 20, 
2019-12-10 14:41:15.04,514503256, 571.9454880834176, 2108344, 30.52937002141026, 113898, 0, 0.0, 20, 
2019-12-10 14:41:16.069,538620504, 571.9454880834176, 2109755, 30.52937002141026, 113977, 0, 0.0, 20, 
2019-12-10 14:41:17.104,561689176, 571.9454880834176, 2111085, 30.52937002141026, 114053, 0, 0.0, 20, 
2019-12-10 14:41:18.135,584757848, 571.9454880834176, 2112432, 30.52937002141026, 114103, 0, 0.0, 20, 
2019-12-10 14:41:19.169,609923672, 632.4282513899974, 2113882, 33.41341835603748, 114177, 0, 0.0, 20, 
2019-12-10 14:41:20.21,630895192, 632.4282513899974, 2115044, 33.41341835603748, 114235, 0, 0.0, 20, 
2019-12-10 14:41:21.259,631943768, 632.4282513899974, 2115044, 33.41341835603748, 114235, 0, 0.0, 20, 
2019-12-10 14:41:22.306,632992344, 632.4282513899974, 2115044, 33.41341835603748, 114235, 0, 0.0, 20, 
2019-12-10 14:41:23.357,634040920, 632.4282513899974, 2115044, 33.41341835603748, 114235, 0, 0.0, 20, 
