Timestamp, MemoryUsed, ReadLatency1, ReadCount, WriteLatency1, WriteCount, PendingTasks, WaitingOnCommit1, SRDelay, 
2019-12-10 14:40:55.421,389223512, 504.51071434207, 2137453, 27.54561964377877, 115706, 0, 0.0, 20, 
2019-12-10 14:40:56.484,114967616, 504.51071434207, 2137789, 27.54561964377877, 115727, 0, 0.0, 20, 
2019-12-10 14:40:57.523,126615528, 479.55571947638975, 2138412, 26.126758237395062, 115751, 0, 0.0, 20, 
2019-12-10 14:40:58.559,140039408, 479.55571947638975, 2139143, 26.126758237395062, 115780, 0, 0.0, 20, 
2019-12-10 14:40:59.591,153813656, 479.55571947638975, 2139870, 26.126758237395062, 115822, 0, 0.0, 20, 
2019-12-10 14:41:00.622,168503616, 479.55571947638975, 2140640, 26.126758237395062, 115856, 0, 0.0, 20, 
2019-12-10 14:41:01.653,182396800, 479.55571947638975, 2141399, 26.126758237395062, 115909, 0, 0.0, 20, 
2019-12-10 14:41:02.685,198532616, 498.876529377131, 2142198, 26.99613464740103, 115942, 0, 0.0, 20, 
2019-12-10 14:41:03.711,212127336, 498.876529377131, 2143038, 26.99613464740103, 115974, 0, 0.0, 20, 
2019-12-10 14:41:04.74,227944160, 498.876529377131, 2143828, 26.99613464740103, 116028, 0, 0.0, 20, 
2019-12-10 14:41:05.767,245311416, 498.876529377131, 2144755, 26.99613464740103, 116093, 0, 0.0, 20, 
2019-12-10 14:41:06.805,262848048, 498.876529377131, 2145714, 26.99613464740103, 116157, 0, 0.0, 20, 
2019-12-10 14:41:07.83,294583760, 527.5904566911315, 2146697, 28.99533333819766, 116225, 0, 0.0, 20, 
2019-12-10 14:41:08.859,313063888, 527.5904566911315, 2147721, 28.99533333819766, 116271, 0, 0.0, 20, 
2019-12-10 14:41:09.885,331556320, 527.5904566911315, 2148769, 28.99533333819766, 116323, 0, 0.0, 20, 
2019-12-10 14:41:10.919,350663872, 527.5904566911315, 2149783, 28.99533333819766, 116380, 0, 0.0, 20, 
2019-12-10 14:41:11.955,369473040, 527.5904566911315, 2150897, 28.99533333819766, 116447, 0, 0.0, 20, 
2019-12-10 14:41:12.986,388376552, 565.7140428367171, 2151941, 30.978604981066574, 116506, 0, 0.0, 20, 
2019-12-10 14:41:14.014,123665504, 565.7140428367171, 2153101, 30.978604981066574, 116568, 0, 0.0, 20, 
2019-12-10 14:41:15.047,145855072, 565.7140428367171, 2154385, 30.978604981066574, 116620, 0, 0.0, 20, 
2019-12-10 14:41:16.082,169883816, 565.7140428367171, 2155796, 30.978604981066574, 116698, 0, 0.0, 20, 
2019-12-10 14:41:17.111,195172920, 618.1397973610399, 2157151, 30.978604981066574, 116786, 0, 0.0, 20, 
2019-12-10 14:41:18.141,217862624, 618.1397973610399, 2158512, 33.81074335445137, 116862, 0, 0.0, 20, 
2019-12-10 14:41:19.176,241921336, 618.1397973610399, 2159917, 33.81074335445137, 116952, 0, 0.0, 20, 
2019-12-10 14:41:20.217,262412256, 618.1397973610399, 2161089, 33.81074335445137, 117012, 0, 0.0, 20, 
2019-12-10 14:41:21.268,263286096, 618.1397973610399, 2161089, 33.81074335445137, 117012, 0, 0.0, 20, 
2019-12-10 14:41:22.33,264137952, 631.6890870600714, 2161089, 34.72137803648308, 117012, 0, 0.0, 20, 
2019-12-10 14:41:23.365,265322040, 631.6890870600714, 2161089, 34.72137803648308, 117012, 0, 0.0, 20, 
