Timestamp, MemoryUsed, ReadLatency1, ReadCount, WriteLatency1, WriteCount, PendingTasks, WaitingOnCommit1, SRDelay, 
2019-12-10 14:32:26.074,361366760, 106.24025753345332, 1831121, 10.728351458363019, 99968, 0, 0.0, 20, 
2019-12-10 14:32:27.116,367884656, 106.24025753345332, 1831344, 10.728351458363019, 99978, 0, 0.0, 20, 
2019-12-10 14:32:28.165,374715096, 106.24025753345332, 1831646, 10.728351458363019, 99996, 0, 0.0, 20, 
2019-12-10 14:32:29.204,385048376, 106.24025753345332, 1832077, 10.728351458363019, 100020, 0, 0.0, 20, 
2019-12-10 14:32:30.238,104191664, 117.57474072436243, 1832543, 10.878000213117776, 100044, 0, 0.0, 20, 
2019-12-10 14:32:31.271,115181200, 117.57474072436243, 1833027, 10.878000213117776, 100058, 0, 0.0, 20, 
2019-12-10 14:32:32.305,125864528, 117.57474072436243, 1833462, 10.878000213117776, 100085, 0, 0.0, 20, 
2019-12-10 14:32:33.336,135935176, 117.57474072436243, 1833954, 10.878000213117776, 100104, 0, 0.0, 20, 
2019-12-10 14:32:34.366,146681952, 145.70513527793614, 1834483, 11.767266216570485, 100131, 0, 0.0, 20, 
2019-12-10 14:32:35.395,157252280, 145.70513527793614, 1834991, 11.767266216570485, 100151, 0, 0.0, 20, 
2019-12-10 14:32:36.43,167173280, 145.70513527793614, 1835450, 11.767266216570485, 100171, 0, 0.0, 20, 
2019-12-10 14:32:37.462,178321608, 145.70513527793614, 1835941, 11.767266216570485, 100194, 0, 0.0, 20, 
2019-12-10 14:32:38.489,188776184, 145.70513527793614, 1836443, 11.767266216570485, 100212, 0, 0.0, 20, 
2019-12-10 14:32:39.52,198607648, 172.48185022442235, 1836969, 12.441510382499674, 100237, 0, 0.0, 20, 
2019-12-10 14:32:40.549,208242832, 172.48185022442235, 1837448, 12.441510382499674, 100263, 0, 0.0, 20, 
2019-12-10 14:32:41.579,220005944, 172.48185022442235, 1838001, 12.441510382499674, 100279, 0, 0.0, 20, 
2019-12-10 14:32:42.617,230149968, 172.48185022442235, 1838486, 12.441510382499674, 100291, 0, 0.0, 20, 
2019-12-10 14:32:43.647,240818480, 172.48185022442235, 1838990, 12.441510382499674, 100313, 0, 0.0, 20, 
2019-12-10 14:32:44.673,251830464, 198.2529865653221, 1839527, 13.045853844385093, 100340, 0, 0.0, 20, 
2019-12-10 14:32:45.701,262484200, 198.2529865653221, 1840039, 13.045853844385093, 100373, 0, 0.0, 20, 
2019-12-10 14:32:46.731,273790168, 198.2529865653221, 1840581, 13.045853844385093, 100412, 0, 0.0, 20, 
2019-12-10 14:32:47.76,285663896, 198.2529865653221, 1841109, 13.045853844385093, 100440, 0, 0.0, 20, 
2019-12-10 14:32:48.788,296622376, 198.2529865653221, 1841598, 13.045853844385093, 100475, 0, 0.0, 20, 
2019-12-10 14:32:49.819,309291216, 223.4987238535347, 1842222, 14.401432524717292, 100500, 0, 0.0, 20, 
2019-12-10 14:32:50.845,320204776, 223.4987238535347, 1842780, 14.401432524717292, 100529, 0, 0.0, 20, 
2019-12-10 14:32:51.883,333118128, 223.4987238535347, 1843423, 14.401432524717292, 100559, 0, 0.0, 20, 
2019-12-10 14:32:52.909,345761008, 223.4987238535347, 1844085, 14.401432524717292, 100583, 0, 0.0, 20, 
2019-12-10 14:32:53.935,358472160, 223.4987238535347, 1844692, 14.401432524717292, 100617, 0, 0.0, 20, 
2019-12-10 14:32:54.965,370622872, 253.346245907446, 1845324, 15.600651766925115, 100649, 0, 0.0, 20, 
2019-12-10 14:32:55.99,383308096, 253.346245907446, 1845978, 15.600651766925115, 100674, 0, 0.0, 20, 
2019-12-10 14:32:57.021,112438440, 253.346245907446, 1846603, 15.600651766925115, 100710, 0, 0.0, 20, 
2019-12-10 14:32:58.052,124777256, 253.346245907446, 1847186, 15.600651766925115, 100732, 0, 0.0, 20, 
2019-12-10 14:32:59.082,135143480, 253.346245907446, 1847669, 15.600651766925115, 100753, 0, 0.0, 20, 
2019-12-10 14:33:00.108,146071912, 279.46403802944525, 1848157, 16.400155508225858, 100780, 0, 0.0, 20, 
2019-12-10 14:33:01.134,156593616, 279.46403802944525, 1848654, 16.400155508225858, 100816, 0, 0.0, 20, 
2019-12-10 14:33:02.158,166789128, 279.46403802944525, 1849146, 16.400155508225858, 100845, 0, 0.0, 20, 
2019-12-10 14:33:03.184,177601240, 279.46403802944525, 1849656, 16.400155508225858, 100873, 0, 0.0, 20, 
2019-12-10 14:33:04.212,187887968, 279.46403802944525, 1850149, 16.400155508225858, 100901, 0, 0.0, 20, 
2019-12-10 14:33:05.24,199060464, 295.37007932007964, 1850652, 17.439565684293427, 100929, 0, 0.0, 20, 
2019-12-10 14:33:06.266,209186800, 295.37007932007964, 1851141, 17.439565684293427, 100954, 0, 0.0, 20, 
2019-12-10 14:33:07.292,221198152, 295.37007932007964, 1851623, 17.439565684293427, 100977, 0, 0.0, 20, 
2019-12-10 14:33:08.325,231138176, 295.37007932007964, 1852106, 17.439565684293427, 100999, 0, 0.0, 20, 
2019-12-10 14:33:09.36,241582480, 310.10029047083594, 1852608, 17.916135699069216, 101022, 0, 0.0, 20, 
2019-12-10 14:33:10.386,252453432, 310.10029047083594, 1853095, 17.916135699069216, 101042, 0, 0.0, 20, 
2019-12-10 14:33:11.411,263341968, 310.10029047083594, 1853581, 17.916135699069216, 101068, 0, 0.0, 20, 
2019-12-10 14:33:12.438,272985624, 310.10029047083594, 1854068, 17.916135699069216, 101098, 0, 0.0, 20, 
2019-12-10 14:33:13.472,283698192, 310.10029047083594, 1854559, 17.916135699069216, 101122, 0, 0.0, 20, 
2019-12-10 14:33:14.504,293513648, 323.30093439076893, 1855047, 18.61045915252966, 101158, 0, 0.0, 20, 
2019-12-10 14:33:15.533,305454896, 323.30093439076893, 1855564, 18.61045915252966, 101176, 0, 0.0, 20, 
2019-12-10 14:33:16.56,315714864, 323.30093439076893, 1856059, 18.61045915252966, 101196, 0, 0.0, 20, 
2019-12-10 14:33:17.587,326365264, 323.30093439076893, 1856561, 18.61045915252966, 101217, 0, 0.0, 20, 
2019-12-10 14:33:18.63,336918408, 323.30093439076893, 1857057, 18.61045915252966, 101245, 0, 0.0, 20, 
2019-12-10 14:33:19.662,347137120, 336.38958900618786, 1857557, 18.865480758052836, 101271, 0, 0.0, 20, 
2019-12-10 14:33:20.693,357041976, 336.38958900618786, 1858039, 18.865480758052836, 101296, 0, 0.0, 20, 
2019-12-10 14:33:21.732,368663784, 336.38958900618786, 1858544, 18.865480758052836, 101330, 0, 0.0, 20, 
2019-12-10 14:33:22.782,378421232, 336.38958900618786, 1859034, 18.865480758052836, 101351, 0, 0.0, 20, 
2019-12-10 14:33:23.808,106178592, 336.38958900618786, 1859503, 18.865480758052836, 101382, 0, 0.0, 20, 
2019-12-10 14:33:24.846,115790824, 346.70469193610967, 1859992, 19.419934303306942, 101405, 0, 0.0, 20, 
2019-12-10 14:33:25.875,126414168, 346.70469193610967, 1860448, 19.419934303306942, 101429, 0, 0.0, 20, 
2019-12-10 14:33:26.906,137218912, 346.70469193610967, 1860929, 19.419934303306942, 101455, 0, 0.0, 20, 
2019-12-10 14:33:27.936,148496408, 346.70469193610967, 1861448, 19.419934303306942, 101475, 0, 0.0, 20, 
2019-12-10 14:33:28.967,158777992, 346.70469193610967, 1861955, 19.419934303306942, 101505, 0, 0.0, 20, 
2019-12-10 14:33:30.006,170476656, 357.3464052024485, 1862495, 19.72217166882565, 101531, 0, 0.0, 20, 
2019-12-10 14:33:31.04,181449264, 357.3464052024485, 1863027, 19.72217166882565, 101559, 0, 0.0, 20, 
2019-12-10 14:33:32.066,192778080, 357.3464052024485, 1863531, 19.72217166882565, 101578, 0, 0.0, 20, 
2019-12-10 14:33:33.097,202066592, 357.3464052024485, 1864018, 19.72217166882565, 101604, 0, 0.0, 20, 
2019-12-10 14:33:34.133,212406544, 357.3464052024485, 1864519, 19.72217166882565, 101633, 0, 0.0, 20, 
2019-12-10 14:33:35.159,223142880, 368.40055230408706, 1865001, 20.272092459123723, 101664, 0, 0.0, 20, 
2019-12-10 14:33:36.193,234747416, 368.40055230408706, 1865530, 20.272092459123723, 101692, 0, 0.0, 20, 
2019-12-10 14:33:37.223,245089896, 368.40055230408706, 1866046, 20.272092459123723, 101719, 0, 0.0, 20, 
2019-12-10 14:33:38.265,256319408, 368.40055230408706, 1866568, 20.272092459123723, 101742, 0, 0.0, 20, 
2019-12-10 14:33:39.301,266744712, 368.40055230408706, 1867083, 20.272092459123723, 101769, 0, 0.0, 20, 
2019-12-10 14:33:40.336,277252216, 378.69878754003366, 1867571, 20.7300706595036, 101801, 0, 0.0, 20, 
2019-12-10 14:33:41.371,288044072, 378.69878754003366, 1868086, 20.7300706595036, 101829, 0, 0.0, 20, 
2019-12-10 14:33:42.402,299836416, 378.69878754003366, 1868558, 20.7300706595036, 101855, 0, 0.0, 20, 
2019-12-10 14:33:43.427,309820648, 378.69878754003366, 1869069, 20.7300706595036, 101879, 0, 0.0, 20, 
2019-12-10 14:33:44.466,320213216, 386.7504119298071, 1869549, 21.199404296007497, 101908, 0, 0.0, 20, 
2019-12-10 14:33:45.497,329611832, 386.7504119298071, 1870024, 21.199404296007497, 101930, 0, 0.0, 20, 
2019-12-10 14:33:46.539,340954840, 386.7504119298071, 1870492, 21.199404296007497, 101960, 0, 0.0, 20, 
2019-12-10 14:33:47.57,352338176, 386.7504119298071, 1871017, 21.199404296007497, 101991, 0, 0.0, 20, 
2019-12-10 14:33:48.594,365251632, 386.7504119298071, 1871637, 21.199404296007497, 102019, 0, 0.0, 20, 
2019-12-10 14:33:49.619,377872488, 396.86076276384034, 1872234, 21.727158789315393, 102057, 0, 0.0, 20, 
2019-12-10 14:33:50.644,108918232, 396.86076276384034, 1872914, 21.727158789315393, 102101, 0, 0.0, 20, 
2019-12-10 14:33:51.678,125251904, 396.86076276384034, 1873595, 21.727158789315393, 102132, 0, 0.0, 20, 
2019-12-10 14:33:52.703,139457208, 396.86076276384034, 1874351, 21.727158789315393, 102180, 0, 0.0, 20, 
2019-12-10 14:33:53.731,156204848, 396.86076276384034, 1875242, 21.727158789315393, 102237, 0, 0.0, 20, 
2019-12-10 14:33:54.754,174108072, 424.3926080431498, 1876145, 23.460023494961405, 102280, 0, 0.0, 20, 
2019-12-10 14:33:55.779,192192720, 424.3926080431498, 1877076, 23.460023494961405, 102321, 0, 0.0, 20, 
2019-12-10 14:33:56.802,208112960, 424.3926080431498, 1878003, 23.460023494961405, 102361, 0, 0.0, 20, 
2019-12-10 14:33:57.828,227394232, 424.3926080431498, 1878978, 23.460023494961405, 102411, 0, 0.0, 20, 
2019-12-10 14:33:58.854,244707720, 424.3926080431498, 1879895, 23.460023494961405, 102468, 0, 0.0, 20, 
2019-12-10 14:33:59.885,263005344, 463.1876490932391, 1880825, 25.406140564330283, 102526, 0, 0.0, 20, 
2019-12-10 14:34:00.909,281235424, 463.1876490932391, 1881785, 25.406140564330283, 102583, 0, 0.0, 20, 
2019-12-10 14:34:01.933,298151120, 463.1876490932391, 1882661, 25.406140564330283, 102626, 0, 0.0, 20, 
2019-12-10 14:34:02.97,317281744, 463.1876490932391, 1883637, 25.406140564330283, 102679, 0, 0.0, 20, 
2019-12-10 14:34:04.004,334537088, 463.1876490932391, 1884584, 25.406140564330283, 102719, 0, 0.0, 20, 
2019-12-10 14:34:05.035,351789456, 499.1686500340235, 1885569, 27.1486813529955, 102766, 0, 0.0, 20, 
2019-12-10 14:34:06.075,371401584, 499.1686500340235, 1886598, 27.1486813529955, 102815, 0, 0.0, 20, 
2019-12-10 14:34:07.109,109062864, 499.1686500340235, 1887610, 27.1486813529955, 102875, 0, 0.0, 20, 
2019-12-10 14:34:08.144,126033072, 499.1686500340235, 1888580, 27.1486813529955, 102932, 0, 0.0, 20, 
2019-12-10 14:34:09.181,144211368, 499.1686500340235, 1889579, 27.1486813529955, 102988, 0, 0.0, 20, 
2019-12-10 14:34:10.207,162003680, 536.686317294826, 1890559, 29.11969196557582, 103036, 0, 0.0, 20, 
2019-12-10 14:34:11.241,180763568, 536.686317294826, 1891528, 29.11969196557582, 103082, 0, 0.0, 20, 
2019-12-10 14:34:12.274,201579528, 536.686317294826, 1892592, 29.11969196557582, 103147, 0, 0.0, 20, 
2019-12-10 14:34:13.303,218742944, 536.686317294826, 1893557, 29.11969196557582, 103207, 0, 0.0, 20, 
2019-12-10 14:34:14.351,239090344, 571.6839710202728, 1894601, 30.869144802558928, 103249, 0, 0.0, 20, 
2019-12-10 14:34:15.382,257204856, 571.6839710202728, 1895670, 30.869144802558928, 103306, 0, 0.0, 20, 
2019-12-10 14:34:16.421,277619880, 571.6839710202728, 1896695, 30.869144802558928, 103368, 0, 0.0, 20, 
2019-12-10 14:34:17.455,294296600, 571.6839710202728, 1897680, 30.869144802558928, 103416, 0, 0.0, 20, 
2019-12-10 14:34:18.483,315233808, 571.6839710202728, 1898684, 30.869144802558928, 103468, 0, 0.0, 20, 
2019-12-10 14:34:19.507,333348768, 604.6349493579858, 1899691, 32.43074576266026, 103508, 0, 0.0, 20, 
2019-12-10 14:34:20.535,355332952, 604.6349493579858, 1900825, 32.43074576266026, 103558, 0, 0.0, 20, 
2019-12-10 14:34:21.563,374835216, 604.6349493579858, 1901894, 32.43074576266026, 103614, 0, 0.0, 20, 
2019-12-10 14:34:22.589,110323768, 604.6349493579858, 1902961, 32.43074576266026, 103665, 0, 0.0, 20, 
2019-12-10 14:34:23.618,130214032, 604.6349493579858, 1904069, 32.43074576266026, 103728, 0, 0.0, 20, 
2019-12-10 14:34:24.643,151702608, 641.6355998711588, 1905165, 34.075372525845026, 103781, 0, 0.0, 20, 
2019-12-10 14:34:25.668,172529072, 641.6355998711588, 1906330, 34.075372525845026, 103842, 0, 0.0, 20, 
2019-12-10 14:34:26.703,194348008, 641.6355998711588, 1907502, 34.075372525845026, 103919, 0, 0.0, 20, 
2019-12-10 14:34:27.738,213669344, 641.6355998711588, 1908651, 34.075372525845026, 103971, 0, 0.0, 20, 
2019-12-10 14:34:28.763,235076880, 641.6355998711588, 1909735, 34.075372525845026, 104023, 0, 0.0, 20, 
2019-12-10 14:34:29.789,255982672, 679.307825289284, 1910928, 35.972289003242324, 104077, 0, 0.0, 20, 
2019-12-10 14:34:30.833,278498760, 679.307825289284, 1912121, 35.972289003242324, 104136, 0, 0.0, 20, 
2019-12-10 14:34:31.858,299396232, 679.307825289284, 1913320, 35.972289003242324, 104192, 0, 0.0, 20, 
2019-12-10 14:34:32.888,320968360, 679.307825289284, 1914484, 35.972289003242324, 104244, 0, 0.0, 20, 
2019-12-10 14:34:33.911,342206176, 679.307825289284, 1915632, 35.972289003242324, 104298, 0, 0.0, 20, 
2019-12-10 14:34:34.937,362933920, 716.6544535403417, 1916823, 37.47766965717801, 104374, 0, 0.0, 20, 
2019-12-10 14:34:35.964,385419568, 716.6544535403417, 1917995, 37.47766965717801, 104440, 0, 0.0, 20, 
2019-12-10 14:34:37.009,118674896, 716.6544535403417, 1919002, 37.47766965717801, 104498, 0, 0.0, 20, 
2019-12-10 14:34:38.033,129211280, 716.6544535403417, 1919500, 37.47766965717801, 104523, 0, 0.0, 20, 
2019-12-10 14:34:39.071,141857856, 716.6544535403417, 1920017, 37.47766965717801, 104553, 0, 0.0, 20, 
2019-12-10 14:34:40.099,153903688, 723.366368846785, 1920552, 38.11110421723822, 104571, 0, 0.0, 20, 
2019-12-10 14:34:41.126,163995504, 723.366368846785, 1921052, 38.11110421723822, 104600, 0, 0.0, 20, 
2019-12-10 14:34:42.152,175271296, 723.366368846785, 1921576, 38.11110421723822, 104622, 0, 0.0, 20, 
2019-12-10 14:34:43.181,184929168, 723.366368846785, 1922072, 38.11110421723822, 104645, 0, 0.0, 20, 
2019-12-10 14:34:44.208,196607464, 723.366368846785, 1922540, 38.11110421723822, 104666, 0, 0.0, 20, 
2019-12-10 14:34:45.24,206535168, 704.5635041661437, 1923000, 36.87090479980336, 104688, 0, 0.0, 20, 
2019-12-10 14:34:46.27,217000904, 704.5635041661437, 1923489, 36.87090479980336, 104720, 0, 0.0, 20, 
2019-12-10 14:34:47.303,226961064, 704.5635041661437, 1923933, 36.87090479980336, 104743, 0, 0.0, 20, 
2019-12-10 14:34:48.34,238728984, 704.5635041661437, 1924508, 36.87090479980336, 104772, 0, 0.0, 20, 
2019-12-10 14:34:49.367,249026416, 687.2160601864665, 1925037, 36.01770636010033, 104800, 0, 0.0, 20, 
2019-12-10 14:34:50.396,259615240, 687.2160601864665, 1925525, 36.01770636010033, 104825, 0, 0.0, 20, 
2019-12-10 14:34:51.424,269860848, 687.2160601864665, 1926024, 36.01770636010033, 104852, 0, 0.0, 20, 
2019-12-10 14:34:52.451,280529536, 687.2160601864665, 1926516, 36.01770636010033, 104880, 0, 0.0, 20, 
2019-12-10 14:34:53.489,290726472, 687.2160601864665, 1927009, 36.01770636010033, 104906, 0, 0.0, 20, 
2019-12-10 14:34:54.517,300943824, 670.4720765082366, 1927517, 35.34466372060004, 104942, 0, 0.0, 20, 
2019-12-10 14:34:55.543,311681408, 670.4720765082366, 1928010, 35.34466372060004, 104960, 0, 0.0, 20, 
2019-12-10 14:34:56.571,322787344, 670.4720765082366, 1928499, 35.34466372060004, 104988, 0, 0.0, 20, 
2019-12-10 14:34:57.609,332636808, 670.4720765082366, 1928980, 35.34466372060004, 105013, 0, 0.0, 20, 
2019-12-10 14:34:58.641,342332216, 670.4720765082366, 1929495, 35.34466372060004, 105034, 0, 0.0, 20, 
2019-12-10 14:34:59.676,354085608, 655.450654656216, 1930006, 34.43759449198598, 105064, 0, 0.0, 20, 
2019-12-10 14:35:00.702,363942336, 655.450654656216, 1930473, 34.43759449198598, 105089, 0, 0.0, 20, 
2019-12-10 14:35:01.729,374103744, 655.450654656216, 1930945, 34.43759449198598, 105107, 0, 0.0, 20, 
2019-12-10 14:35:02.758,385116056, 655.450654656216, 1931456, 34.43759449198598, 105135, 0, 0.0, 20, 
2019-12-10 14:35:03.79,114111592, 655.450654656216, 1931958, 34.43759449198598, 105160, 0, 0.0, 20, 
2019-12-10 14:35:04.818,124401152, 641.102572518027, 1932448, 33.523094929146815, 105180, 0, 0.0, 20, 
2019-12-10 14:35:05.847,134732472, 641.102572518027, 1932915, 33.523094929146815, 105208, 0, 0.0, 20, 
2019-12-10 14:35:06.88,144831376, 641.102572518027, 1933399, 33.523094929146815, 105231, 0, 0.0, 20, 
2019-12-10 14:35:07.961,155710480, 641.102572518027, 1933931, 33.523094929146815, 105261, 0, 0.0, 20, 
2019-12-10 14:35:08.991,165621160, 641.102572518027, 1934417, 33.523094929146815, 105285, 0, 0.0, 20, 
2019-12-10 14:35:10.039,176091328, 627.7897618666246, 1934908, 32.681714714175676, 105307, 0, 0.0, 20, 
2019-12-10 14:35:11.073,186649880, 627.7897618666246, 1935402, 32.681714714175676, 105325, 0, 0.0, 20, 
2019-12-10 14:35:12.099,197000296, 627.7897618666246, 1935903, 32.681714714175676, 105354, 0, 0.0, 20, 
2019-12-10 14:35:13.127,205643912, 627.7897618666246, 1936385, 32.681714714175676, 105378, 0, 0.0, 20, 
2019-12-10 14:35:14.153,217954048, 627.7897618666246, 1936884, 32.681714714175676, 105405, 0, 0.0, 20, 
2019-12-10 14:35:15.179,229009816, 615.6853048374513, 1937363, 32.05152760047908, 105429, 0, 0.0, 20, 
2019-12-10 14:35:16.205,237893016, 615.6853048374513, 1937828, 32.05152760047908, 105460, 0, 0.0, 20, 
2019-12-10 14:35:17.235,249008040, 615.6853048374513, 1938354, 32.05152760047908, 105485, 0, 0.0, 20, 
2019-12-10 14:35:18.263,260058920, 615.6853048374513, 1938855, 32.05152760047908, 105516, 0, 0.0, 20, 
2019-12-10 14:35:19.289,269856752, 615.6853048374513, 1939350, 32.05152760047908, 105537, 0, 0.0, 20, 
2019-12-10 14:35:20.315,280048200, 604.8524979800483, 1939870, 31.5356919346477, 105555, 0, 0.0, 20, 
2019-12-10 14:35:21.343,290326024, 604.8524979800483, 1940379, 31.5356919346477, 105576, 0, 0.0, 20, 
2019-12-10 14:35:22.371,301591384, 604.8524979800483, 1940883, 31.5356919346477, 105594, 0, 0.0, 20, 
2019-12-10 14:35:23.397,312531744, 604.8524979800483, 1941417, 31.5356919346477, 105612, 0, 0.0, 20, 
2019-12-10 14:35:24.424,323241208, 596.3889995411052, 1941910, 30.48541999676407, 105635, 0, 0.0, 20, 
2019-12-10 14:35:25.451,333398616, 596.3889995411052, 1942420, 30.48541999676407, 105668, 0, 0.0, 20, 
2019-12-10 14:35:26.478,343884832, 596.3889995411052, 1942883, 30.48541999676407, 105698, 0, 0.0, 20, 
2019-12-10 14:35:27.514,353953624, 596.3889995411052, 1943387, 30.48541999676407, 105719, 0, 0.0, 20, 
2019-12-10 14:35:28.546,364886968, 596.3889995411052, 1943892, 30.48541999676407, 105744, 0, 0.0, 20, 
2019-12-10 14:35:29.572,376591344, 587.354897942349, 1944432, 30.014847795770507, 105757, 0, 0.0, 20, 
2019-12-10 14:35:30.604,387825120, 587.354897942349, 1944924, 30.014847795770507, 105794, 0, 0.0, 20, 
2019-12-10 14:35:31.631,114792048, 587.354897942349, 1945394, 30.014847795770507, 105812, 0, 0.0, 20, 
2019-12-10 14:35:32.659,125055064, 587.354897942349, 1945891, 30.014847795770507, 105836, 0, 0.0, 20, 
2019-12-10 14:35:33.683,134778560, 587.354897942349, 1946388, 30.014847795770507, 105875, 0, 0.0, 20, 
2019-12-10 14:35:34.709,144333200, 578.979158756923, 1946886, 29.741811641307912, 105897, 0, 0.0, 20, 
2019-12-10 14:35:35.736,156779512, 578.979158756923, 1947411, 29.741811641307912, 105920, 0, 0.0, 20, 
2019-12-10 14:35:36.761,167360168, 578.979158756923, 1947899, 29.741811641307912, 105943, 0, 0.0, 20, 
2019-12-10 14:35:37.79,177058608, 578.979158756923, 1948402, 29.741811641307912, 105966, 0, 0.0, 20, 
2019-12-10 14:35:38.817,188880360, 578.979158756923, 1948896, 29.741811641307912, 105991, 0, 0.0, 20, 
2019-12-10 14:35:39.84,198421712, 571.7528402132039, 1949375, 29.282721730438972, 106017, 0, 0.0, 20, 
2019-12-10 14:35:40.866,208828800, 571.7528402132039, 1949889, 29.282721730438972, 106043, 0, 0.0, 20, 
2019-12-10 14:35:41.891,219056576, 571.7528402132039, 1950367, 29.282721730438972, 106073, 0, 0.0, 20, 
2019-12-10 14:35:42.93,229384912, 571.7528402132039, 1950855, 29.282721730438972, 106095, 0, 0.0, 20, 
2019-12-10 14:35:43.955,240776168, 571.7528402132039, 1951336, 29.282721730438972, 106119, 0, 0.0, 20, 
2019-12-10 14:35:44.982,250392624, 564.176821408423, 1951825, 28.86033862213133, 106144, 0, 0.0, 20, 
2019-12-10 14:35:46.007,261490872, 564.176821408423, 1952303, 28.86033862213133, 106168, 0, 0.0, 20, 
2019-12-10 14:35:47.039,272961144, 564.176821408423, 1952789, 28.86033862213133, 106200, 0, 0.0, 20, 
2019-12-10 14:35:48.065,282414752, 564.176821408423, 1953289, 28.86033862213133, 106221, 0, 0.0, 20, 
2019-12-10 14:35:49.09,292795944, 564.176821408423, 1953768, 28.86033862213133, 106245, 0, 0.0, 20, 
2019-12-10 14:35:50.118,303580256, 556.7268141097335, 1954270, 28.487718519573246, 106274, 0, 0.0, 20, 
2019-12-10 14:35:51.147,314042776, 556.7268141097335, 1954762, 28.487718519573246, 106306, 0, 0.0, 20, 
2019-12-10 14:35:52.173,324548280, 556.7268141097335, 1955261, 28.487718519573246, 106339, 0, 0.0, 20, 
2019-12-10 14:35:53.198,334288080, 556.7268141097335, 1955737, 28.487718519573246, 106365, 0, 0.0, 20, 
2019-12-10 14:35:54.224,344831432, 556.7268141097335, 1956240, 28.487718519573246, 106393, 0, 0.0, 20, 
2019-12-10 14:35:55.25,355501664, 550.9278902325195, 1956738, 28.54466940228946, 106421, 0, 0.0, 20, 
2019-12-10 14:35:56.279,366286560, 550.9278902325195, 1957234, 28.54466940228946, 106445, 0, 0.0, 20, 
2019-12-10 14:35:57.311,377511056, 550.9278902325195, 1957730, 28.54466940228946, 106468, 0, 0.0, 20, 
2019-12-10 14:35:58.337,386819592, 550.9278902325195, 1958215, 28.54466940228946, 106492, 0, 0.0, 20, 
2019-12-10 14:35:59.365,113876144, 545.576631591354, 1958729, 28.11733323161666, 106512, 0, 0.0, 20, 
2019-12-10 14:36:00.391,124062544, 545.576631591354, 1959228, 28.11733323161666, 106535, 0, 0.0, 20, 
2019-12-10 14:36:01.422,135706744, 545.576631591354, 1959738, 28.11733323161666, 106556, 0, 0.0, 20, 
2019-12-10 14:36:02.447,146335080, 545.576631591354, 1960211, 28.11733323161666, 106594, 0, 0.0, 20, 
2019-12-10 14:36:03.474,156881024, 545.576631591354, 1960703, 28.11733323161666, 106624, 0, 0.0, 20, 
2019-12-10 14:36:04.506,166456816, 540.4453514453489, 1961189, 28.02799619902864, 106648, 0, 0.0, 20, 
2019-12-10 14:36:05.53,178812440, 540.4453514453489, 1961664, 28.02799619902864, 106669, 0, 0.0, 20, 
2019-12-10 14:36:06.557,188418760, 540.4453514453489, 1962157, 28.02799619902864, 106699, 0, 0.0, 20, 
2019-12-10 14:36:07.584,198496808, 540.4453514453489, 1962656, 28.02799619902864, 106729, 0, 0.0, 20, 
2019-12-10 14:36:08.614,211512800, 540.4453514453489, 1963179, 28.02799619902864, 106750, 0, 0.0, 20, 
2019-12-10 14:36:09.642,222042584, 535.6443902217482, 1963651, 27.801882107509254, 106775, 0, 0.0, 20, 
2019-12-10 14:36:10.667,232913176, 535.6443902217482, 1964136, 27.801882107509254, 106797, 0, 0.0, 20, 
2019-12-10 14:36:11.697,244181016, 535.6443902217482, 1964699, 27.801882107509254, 106822, 0, 0.0, 20, 
2019-12-10 14:36:12.722,257507760, 535.6443902217482, 1965293, 27.801882107509254, 106862, 0, 0.0, 20, 
2019-12-10 14:36:13.747,269275936, 535.6443902217482, 1965944, 27.801882107509254, 106900, 0, 0.0, 20, 
2019-12-10 14:36:14.77,283078648, 537.1599970976264, 1966613, 27.81772273957576, 106931, 0, 0.0, 20, 
2019-12-10 14:36:15.799,300168376, 537.1599970976264, 1967407, 27.81772273957576, 106969, 0, 0.0, 20, 
2019-12-10 14:36:16.828,317075016, 537.1599970976264, 1968296, 27.81772273957576, 107020, 0, 0.0, 20, 
2019-12-10 14:36:17.854,334609416, 537.1599970976264, 1969221, 27.81772273957576, 107073, 0, 0.0, 20, 
2019-12-10 14:36:18.895,352816264, 537.1599970976264, 1970188, 27.81772273957576, 107131, 0, 0.0, 20, 
2019-12-10 14:36:19.922,371535200, 562.9728585107566, 1971126, 29.463390766194546, 107177, 0, 0.0, 20, 
2019-12-10 14:36:20.95,388668008, 562.9728585107566, 1972045, 29.463390766194546, 107225, 0, 0.0, 20, 
2019-12-10 14:36:21.983,123031696, 562.9728585107566, 1972997, 29.463390766194546, 107284, 0, 0.0, 20, 
2019-12-10 14:36:23.036,140811920, 562.9728585107566, 1973935, 29.463390766194546, 107351, 0, 0.0, 20, 
2019-12-10 14:36:24.059,158037688, 562.9728585107566, 1974850, 29.463390766194546, 107412, 0, 0.0, 20, 
2019-12-10 14:36:25.084,176292528, 589.7121763723712, 1975772, 31.521176422939828, 107467, 0, 0.0, 20, 
2019-12-10 14:36:26.111,194937344, 589.7121763723712, 1976708, 31.521176422939828, 107517, 0, 0.0, 20, 
2019-12-10 14:36:27.139,212242624, 589.7121763723712, 1977681, 31.521176422939828, 107555, 0, 0.0, 20, 
2019-12-10 14:36:28.172,231408232, 589.7121763723712, 1978676, 31.521176422939828, 107607, 0, 0.0, 20, 
2019-12-10 14:36:29.206,248187936, 589.7121763723712, 1979651, 31.521176422939828, 107655, 0, 0.0, 20, 
2019-12-10 14:36:30.238,266867104, 617.4957687197008, 1980634, 32.678839237522425, 107710, 0, 0.0, 20, 
2019-12-10 14:36:31.267,286673320, 617.4957687197008, 1981619, 32.678839237522425, 107763, 0, 0.0, 20, 
2019-12-10 14:36:32.299,305298184, 617.4957687197008, 1982552, 32.678839237522425, 107813, 0, 0.0, 20, 
2019-12-10 14:36:33.334,323475088, 617.4957687197008, 1983549, 32.678839237522425, 107852, 0, 0.0, 20, 
2019-12-10 14:36:34.36,341119960, 643.8414724138319, 1984533, 33.871869380696296, 107898, 0, 0.0, 20, 
2019-12-10 14:36:35.403,359706728, 643.8414724138319, 1985556, 33.871869380696296, 107948, 0, 0.0, 20, 
2019-12-10 14:36:36.428,380522280, 643.8414724138319, 1986582, 33.871869380696296, 108002, 0, 0.0, 20, 
2019-12-10 14:36:37.458,115284480, 643.8414724138319, 1987619, 33.871869380696296, 108062, 0, 0.0, 20, 
2019-12-10 14:36:38.488,135022648, 643.8414724138319, 1988674, 33.871869380696296, 108115, 0, 0.0, 20, 
2019-12-10 14:36:39.517,153739840, 672.9100073034853, 1989716, 35.32131467603881, 108165, 0, 0.0, 20, 
2019-12-10 14:36:40.544,174270104, 672.9100073034853, 1990749, 35.32131467603881, 108231, 0, 0.0, 20, 
2019-12-10 14:36:41.575,195097536, 672.9100073034853, 1991867, 35.32131467603881, 108291, 0, 0.0, 20, 
2019-12-10 14:36:42.598,213406256, 672.9100073034853, 1992881, 35.32131467603881, 108341, 0, 0.0, 20, 
2019-12-10 14:36:43.623,234942696, 672.9100073034853, 1994007, 35.32131467603881, 108395, 0, 0.0, 20, 
2019-12-10 14:36:44.648,256131872, 703.3323073972196, 1995171, 36.894735480441476, 108450, 0, 0.0, 20, 
2019-12-10 14:36:45.676,276629720, 703.3323073972196, 1996325, 36.894735480441476, 108514, 0, 0.0, 20, 
2019-12-10 14:36:46.699,297482240, 703.3323073972196, 1997457, 36.894735480441476, 108567, 0, 0.0, 20, 
2019-12-10 14:36:47.727,319138520, 703.3323073972196, 1998625, 36.894735480441476, 108645, 0, 0.0, 20, 
2019-12-10 14:36:48.759,340761352, 703.3323073972196, 1999816, 36.894735480441476, 108719, 0, 0.0, 20, 
2019-12-10 14:36:49.794,362849584, 737.9105149131808, 2000980, 39.02997053758154, 108778, 0, 0.0, 20, 
2019-12-10 14:36:50.825,385436664, 737.9105149131808, 2002202, 39.02997053758154, 108845, 0, 0.0, 20, 
2019-12-10 14:36:51.85,121683840, 737.9105149131808, 2003437, 39.02997053758154, 108900, 0, 0.0, 20, 
2019-12-10 14:36:52.9,142620552, 737.9105149131808, 2004616, 39.02997053758154, 108956, 0, 0.0, 20, 
2019-12-10 14:36:53.924,165446920, 737.9105149131808, 2005805, 39.02997053758154, 109023, 0, 0.0, 20, 
2019-12-10 14:36:54.946,185359896, 771.6749178891791, 2007061, 40.77060598678609, 109089, 0, 0.0, 20, 
2019-12-10 14:36:55.973,209771704, 771.6749178891791, 2008262, 40.77060598678609, 109150, 0, 0.0, 20, 
2019-12-10 14:36:56.999,230377832, 771.6749178891791, 2009485, 40.77060598678609, 109201, 0, 0.0, 20, 
2019-12-10 14:36:58.023,253246864, 771.6749178891791, 2010692, 40.77060598678609, 109261, 0, 0.0, 20, 
2019-12-10 14:36:59.056,272908776, 771.6749178891791, 2011759, 40.77060598678609, 109318, 0, 0.0, 20, 
2019-12-10 14:37:00.13,284655520, 799.429507026194, 2012247, 41.84436104628607, 109347, 0, 0.0, 20, 
2019-12-10 14:37:01.159,294443856, 799.429507026194, 2012704, 41.84436104628607, 109376, 0, 0.0, 20, 
2019-12-10 14:37:02.2,305536696, 799.429507026194, 2013190, 41.84436104628607, 109402, 0, 0.0, 20, 
2019-12-10 14:37:03.233,316776424, 799.429507026194, 2013703, 41.84436104628607, 109425, 0, 0.0, 20, 
2019-12-10 14:37:04.259,326935048, 799.429507026194, 2014203, 41.84436104628607, 109455, 0, 0.0, 20, 
2019-12-10 14:37:05.289,338076176, 773.1377513047636, 2014699, 40.62548923522832, 109482, 0, 0.0, 20, 
2019-12-10 14:37:06.318,348521136, 773.1377513047636, 2015192, 40.62548923522832, 109507, 0, 0.0, 20, 
2019-12-10 14:37:07.346,359582424, 773.1377513047636, 2015694, 40.62548923522832, 109540, 0, 0.0, 20, 
2019-12-10 14:37:08.372,369276672, 773.1377513047636, 2016174, 40.62548923522832, 109565, 0, 0.0, 20, 
2019-12-10 14:37:09.4,379721360, 750.0675464976525, 2016690, 39.376144096722435, 109585, 0, 0.0, 20, 
2019-12-10 14:37:10.426,107533232, 750.0675464976525, 2017151, 39.376144096722435, 109612, 0, 0.0, 20, 
2019-12-10 14:37:11.453,125096184, 750.0675464976525, 2017652, 39.376144096722435, 109645, 0, 0.0, 20, 
2019-12-10 14:37:12.538,140466880, 750.0675464976525, 2018145, 39.376144096722435, 109672, 0, 0.0, 20, 
2019-12-10 14:37:13.564,151671400, 750.0675464976525, 2018643, 39.376144096722435, 109699, 0, 0.0, 20, 
2019-12-10 14:37:14.59,162959784, 727.9784130985121, 2019144, 38.3226377825406, 109722, 0, 0.0, 20, 
2019-12-10 14:37:15.619,173993136, 727.9784130985121, 2019664, 38.3226377825406, 109751, 0, 0.0, 20, 
2019-12-10 14:37:16.649,185185464, 727.9784130985121, 2020182, 38.3226377825406, 109776, 0, 0.0, 20, 
2019-12-10 14:37:17.677,196224640, 727.9784130985121, 2020666, 38.3226377825406, 109811, 0, 0.0, 20, 
2019-12-10 14:37:18.718,206743888, 727.9784130985121, 2021176, 38.3226377825406, 109845, 0, 0.0, 20, 
2019-12-10 14:37:19.745,217029824, 708.7907986028944, 2021664, 37.593231938512915, 109865, 0, 0.0, 20, 
2019-12-10 14:37:20.775,226854664, 708.7907986028944, 2022210, 37.593231938512915, 109889, 0, 0.0, 20, 
2019-12-10 14:37:21.812,237634968, 708.7907986028944, 2022719, 37.593231938512915, 109916, 0, 0.0, 20, 
2019-12-10 14:37:22.84,248618560, 708.7907986028944, 2023221, 37.593231938512915, 109944, 0, 0.0, 20, 
2019-12-10 14:37:23.867,259474824, 708.7907986028944, 2023725, 37.593231938512915, 109969, 0, 0.0, 20, 
2019-12-10 14:37:24.893,269831696, 691.4731545146976, 2024223, 36.4903860047156, 109997, 0, 0.0, 20, 
2019-12-10 14:37:25.924,280529240, 691.4731545146976, 2024717, 36.4903860047156, 110033, 0, 0.0, 20, 
2019-12-10 14:37:26.952,292405816, 691.4731545146976, 2025227, 36.4903860047156, 110065, 0, 0.0, 20, 
2019-12-10 14:37:27.979,302821200, 691.4731545146976, 2025694, 36.4903860047156, 110090, 0, 0.0, 20, 
2019-12-10 14:37:29.006,313314616, 691.4731545146976, 2026203, 36.4903860047156, 110123, 0, 0.0, 20, 
2019-12-10 14:37:30.045,322829984, 674.9005081138482, 2026672, 36.03540786072346, 110155, 0, 0.0, 20, 
2019-12-10 14:37:31.074,332747280, 674.9005081138482, 2027147, 36.03540786072346, 110182, 0, 0.0, 20, 
2019-12-10 14:37:32.101,344713264, 674.9005081138482, 2027656, 36.03540786072346, 110209, 0, 0.0, 20, 
2019-12-10 14:37:33.135,354669888, 674.9005081138482, 2028168, 36.03540786072346, 110230, 0, 0.0, 20, 
2019-12-10 14:37:34.166,365019744, 674.9005081138482, 2028681, 36.03540786072346, 110263, 0, 0.0, 20, 
2019-12-10 14:37:35.193,375788456, 659.4770350693045, 2029163, 35.28099430200823, 110292, 0, 0.0, 20, 
2019-12-10 14:37:36.23,385691112, 659.4770350693045, 2029677, 35.28099430200823, 110313, 0, 0.0, 20, 
2019-12-10 14:37:37.258,112577752, 659.4770350693045, 2030160, 35.28099430200823, 110337, 0, 0.0, 20, 
2019-12-10 14:37:38.284,123169656, 659.4770350693045, 2030666, 35.28099430200823, 110360, 0, 0.0, 20, 
2019-12-10 14:37:39.315,133865632, 659.4770350693045, 2031151, 35.28099430200823, 110384, 0, 0.0, 20, 
2019-12-10 14:37:40.34,145395824, 645.1268436697449, 2031654, 34.33104244780549, 110405, 0, 0.0, 20, 
2019-12-10 14:37:41.364,156042616, 645.1268436697449, 2032163, 34.33104244780549, 110434, 0, 0.0, 20, 
2019-12-10 14:37:42.389,166381480, 645.1268436697449, 2032651, 34.33104244780549, 110457, 0, 0.0, 20, 
2019-12-10 14:37:43.415,176182304, 645.1268436697449, 2033147, 34.33104244780549, 110489, 0, 0.0, 20, 
2019-12-10 14:37:44.438,185710560, 631.7001545846804, 2033596, 33.63294683799497, 110514, 0, 0.0, 20, 
2019-12-10 14:37:45.461,197348848, 631.7001545846804, 2034123, 33.63294683799497, 110533, 0, 0.0, 20, 
2019-12-10 14:37:46.488,208254752, 631.7001545846804, 2034637, 33.63294683799497, 110553, 0, 0.0, 20, 
2019-12-10 14:37:47.513,219093776, 631.7001545846804, 2035122, 33.63294683799497, 110583, 0, 0.0, 20, 
2019-12-10 14:37:48.541,230740200, 631.7001545846804, 2035634, 33.63294683799497, 110604, 0, 0.0, 20, 
2019-12-10 14:37:49.566,239962408, 620.4184091289692, 2036133, 32.75080111519952, 110629, 0, 0.0, 20, 
2019-12-10 14:37:50.591,251158024, 620.4184091289692, 2036635, 32.75080111519952, 110648, 0, 0.0, 20, 
2019-12-10 14:37:51.624,262221184, 620.4184091289692, 2037145, 32.75080111519952, 110674, 0, 0.0, 20, 
2019-12-10 14:37:52.65,272569360, 620.4184091289692, 2037659, 32.75080111519952, 110704, 0, 0.0, 20, 
2019-12-10 14:37:53.676,282919888, 620.4184091289692, 2038122, 32.75080111519952, 110731, 0, 0.0, 20, 
2019-12-10 14:37:54.708,292402032, 610.0706844693208, 2038632, 32.05112568957138, 110752, 0, 0.0, 20, 
2019-12-10 14:37:55.733,302711216, 610.0706844693208, 2039116, 32.05112568957138, 110784, 0, 0.0, 20, 
2019-12-10 14:37:56.763,313406336, 610.0706844693208, 2039582, 32.05112568957138, 110816, 0, 0.0, 20, 
2019-12-10 14:37:57.788,324495936, 610.0706844693208, 2040045, 32.05112568957138, 110845, 0, 0.0, 20, 
2019-12-10 14:37:58.814,333560784, 610.0706844693208, 2040509, 32.05112568957138, 110871, 0, 0.0, 20, 
2019-12-10 14:37:59.84,345378888, 598.2475973334135, 2041013, 31.647259978280832, 110891, 0, 0.0, 20, 
2019-12-10 14:38:00.864,356497008, 598.2475973334135, 2041500, 31.647259978280832, 110919, 0, 0.0, 20, 
2019-12-10 14:38:01.89,366458856, 598.2475973334135, 2041990, 31.647259978280832, 110948, 0, 0.0, 20, 
2019-12-10 14:38:02.914,377354568, 598.2475973334135, 2042472, 31.647259978280832, 110967, 0, 0.0, 20, 
2019-12-10 14:38:03.939,387205120, 598.2475973334135, 2042951, 31.647259978280832, 110986, 0, 0.0, 20, 
2019-12-10 14:38:04.971,113252768, 588.2173612552755, 2043427, 31.00383659608737, 111014, 0, 0.0, 20, 
2019-12-10 14:38:05.995,123363296, 588.2173612552755, 2043922, 31.00383659608737, 111038, 0, 0.0, 20, 
2019-12-10 14:38:07.02,134488184, 588.2173612552755, 2044407, 31.00383659608737, 111065, 0, 0.0, 20, 
2019-12-10 14:38:08.045,144578656, 588.2173612552755, 2044882, 31.00383659608737, 111088, 0, 0.0, 20, 
2019-12-10 14:38:09.072,155048024, 588.2173612552755, 2045371, 31.00383659608737, 111111, 0, 0.0, 20, 
2019-12-10 14:38:10.095,165588336, 578.8931518717263, 2045820, 30.443840741206635, 111137, 0, 0.0, 20, 
2019-12-10 14:38:11.12,174144536, 578.8931518717263, 2046296, 30.443840741206635, 111172, 0, 0.0, 20, 
2019-12-10 14:38:12.152,184887216, 578.8931518717263, 2046760, 30.443840741206635, 111198, 0, 0.0, 20, 
2019-12-10 14:38:13.177,195909400, 578.8931518717263, 2047262, 30.443840741206635, 111226, 0, 0.0, 20, 
2019-12-10 14:38:14.201,205749536, 578.8931518717263, 2047767, 30.443840741206635, 111251, 0, 0.0, 20, 
2019-12-10 14:38:15.229,217021104, 570.0426161172971, 2048256, 30.20046867296835, 111280, 0, 0.0, 20, 
2019-12-10 14:38:16.253,227497592, 570.0426161172971, 2048769, 30.20046867296835, 111301, 0, 0.0, 20, 
2019-12-10 14:38:17.285,238245008, 570.0426161172971, 2049263, 30.20046867296835, 111327, 0, 0.0, 20, 
2019-12-10 14:38:18.31,248314112, 570.0426161172971, 2049777, 30.20046867296835, 111356, 0, 0.0, 20, 
2019-12-10 14:38:19.336,258782344, 563.2110017300366, 2050257, 29.768671038945165, 111379, 0, 0.0, 20, 
2019-12-10 14:38:20.36,270572792, 563.2110017300366, 2050751, 29.768671038945165, 111409, 0, 0.0, 20, 
2019-12-10 14:38:21.387,280802872, 563.2110017300366, 2051218, 29.768671038945165, 111438, 0, 0.0, 20, 
2019-12-10 14:38:22.416,290979360, 563.2110017300366, 2051711, 29.768671038945165, 111473, 0, 0.0, 20, 
2019-12-10 14:38:23.441,301791328, 563.2110017300366, 2052194, 29.768671038945165, 111502, 0, 0.0, 20, 
2019-12-10 14:38:24.467,313079168, 556.3819150896156, 2052701, 29.707211496068815, 111530, 0, 0.0, 20, 
2019-12-10 14:38:25.493,323360864, 556.3819150896156, 2053195, 29.707211496068815, 111556, 0, 0.0, 20, 
2019-12-10 14:38:26.52,333574632, 556.3819150896156, 2053677, 29.707211496068815, 111578, 0, 0.0, 20, 
2019-12-10 14:38:27.556,342709032, 556.3819150896156, 2054167, 29.707211496068815, 111595, 0, 0.0, 20, 
2019-12-10 14:38:28.581,354520464, 556.3819150896156, 2054664, 29.707211496068815, 111616, 0, 0.0, 20, 
2019-12-10 14:38:29.608,365211312, 550.1468254202991, 2055162, 28.963047952731944, 111634, 0, 0.0, 20, 
2019-12-10 14:38:30.637,375463072, 550.1468254202991, 2055680, 28.963047952731944, 111661, 0, 0.0, 20, 
2019-12-10 14:38:31.667,385344856, 550.1468254202991, 2056134, 28.963047952731944, 111685, 0, 0.0, 20, 
2019-12-10 14:38:32.694,112893400, 550.1468254202991, 2056635, 28.963047952731944, 111712, 0, 0.0, 20, 
2019-12-10 14:38:33.723,123249864, 550.1468254202991, 2057119, 28.963047952731944, 111736, 0, 0.0, 20, 
2019-12-10 14:38:34.756,133024776, 544.1863903562934, 2057600, 28.47027784600371, 111759, 0, 0.0, 20, 
2019-12-10 14:38:35.79,144780424, 544.1863903562934, 2058119, 28.47027784600371, 111784, 0, 0.0, 20, 
2019-12-10 14:38:36.816,156294176, 544.1863903562934, 2058619, 28.47027784600371, 111813, 0, 0.0, 20, 
2019-12-10 14:38:37.839,165099160, 544.1863903562934, 2059074, 28.47027784600371, 111840, 0, 0.0, 20, 
2019-12-10 14:38:38.867,176170800, 544.1863903562934, 2059592, 28.47027784600371, 111863, 0, 0.0, 20, 
2019-12-10 14:38:39.896,188739648, 539.3261789327854, 2060110, 28.35272092016895, 111896, 0, 0.0, 20, 
2019-12-10 14:38:40.928,199144520, 539.3261789327854, 2060614, 28.35272092016895, 111919, 0, 0.0, 20, 
2019-12-10 14:38:41.959,212470344, 539.3261789327854, 2061128, 28.35272092016895, 111943, 0, 0.0, 20, 
2019-12-10 14:38:42.986,223168048, 539.3261789327854, 2061626, 28.35272092016895, 111973, 0, 0.0, 20, 
2019-12-10 14:38:44.011,234640200, 539.3261789327854, 2062132, 28.35272092016895, 112006, 0, 0.0, 20, 
2019-12-10 14:38:45.041,244591608, 535.6381332953019, 2062633, 28.27654556130195, 112030, 0, 0.0, 20, 
2019-12-10 14:38:46.069,255706160, 535.6381332953019, 2063126, 28.27654556130195, 112055, 0, 0.0, 20, 
2019-12-10 14:38:47.092,268081944, 535.6381332953019, 2063648, 28.27654556130195, 112082, 0, 0.0, 20, 
2019-12-10 14:38:48.121,280958104, 535.6381332953019, 2064257, 28.27654556130195, 112123, 0, 0.0, 20, 
2019-12-10 14:38:49.146,294106608, 535.6381332953019, 2064906, 28.27654556130195, 112164, 0, 0.0, 20, 
2019-12-10 14:38:50.169,308547008, 536.5625691156539, 2065583, 28.574256540549097, 112205, 0, 0.0, 20, 
2019-12-10 14:38:51.191,324651032, 536.5625691156539, 2066472, 28.574256540549097, 112259, 0, 0.0, 20, 
2019-12-10 14:38:52.214,342887144, 536.5625691156539, 2067370, 28.574256540549097, 112311, 0, 0.0, 20, 
2019-12-10 14:38:53.236,362035584, 536.5625691156539, 2068370, 28.574256540549097, 112368, 0, 0.0, 20, 
2019-12-10 14:38:54.26,380537432, 536.5625691156539, 2069315, 28.574256540549097, 112417, 0, 0.0, 20, 
2019-12-10 14:38:55.282,115716816, 563.1427985011356, 2070253, 30.28736440085144, 112485, 0, 0.0, 20, 
2019-12-10 14:38:56.305,133561088, 563.1427985011356, 2071233, 30.28736440085144, 112553, 0, 0.0, 20, 
2019-12-10 14:38:57.328,152086280, 563.1427985011356, 2072195, 30.28736440085144, 112607, 0, 0.0, 20, 
2019-12-10 14:38:58.351,170456624, 563.1427985011356, 2073139, 30.28736440085144, 112645, 0, 0.0, 20, 
2019-12-10 14:38:59.377,188231432, 592.507063028574, 2074069, 32.007419773047424, 112685, 0, 0.0, 20, 
2019-12-10 14:39:00.405,205712232, 592.507063028574, 2074986, 32.007419773047424, 112734, 0, 0.0, 20, 
2019-12-10 14:39:01.429,223215808, 592.507063028574, 2075975, 32.007419773047424, 112784, 0, 0.0, 20, 
2019-12-10 14:39:02.451,242130800, 592.507063028574, 2076950, 32.007419773047424, 112835, 0, 0.0, 20, 
2019-12-10 14:39:03.473,262089256, 592.507063028574, 2077973, 32.007419773047424, 112883, 0, 0.0, 20, 
2019-12-10 14:39:04.495,279095032, 621.3304868261188, 2078959, 33.41404482327402, 112937, 0, 0.0, 20, 
2019-12-10 14:39:05.518,299943800, 621.3304868261188, 2079966, 33.41404482327402, 113000, 0, 0.0, 20, 
2019-12-10 14:39:06.542,316939096, 621.3304868261188, 2080946, 33.41404482327402, 113060, 0, 0.0, 20, 
2019-12-10 14:39:07.565,335863680, 621.3304868261188, 2081930, 33.41404482327402, 113121, 0, 0.0, 20, 
2019-12-10 14:39:08.587,355352424, 621.3304868261188, 2082933, 33.41404482327402, 113180, 0, 0.0, 20, 
2019-12-10 14:39:09.611,375217112, 649.8961798870331, 2083991, 35.31586479302982, 113226, 0, 0.0, 20, 
2019-12-10 14:39:10.633,106854096, 649.8961798870331, 2085031, 35.31586479302982, 113280, 0, 0.0, 20, 
2019-12-10 14:39:11.655,128311008, 649.8961798870331, 2086096, 35.31586479302982, 113338, 0, 0.0, 20, 
2019-12-10 14:39:12.678,147876296, 649.8961798870331, 2087205, 35.31586479302982, 113386, 0, 0.0, 20, 
2019-12-10 14:39:13.701,168267544, 649.8961798870331, 2088304, 35.31586479302982, 113449, 0, 0.0, 20, 
2019-12-10 14:39:14.729,188653768, 683.0540665796212, 2089421, 36.665845706980775, 113498, 0, 0.0, 20, 
2019-12-10 14:39:15.757,210190648, 683.0540665796212, 2090508, 36.665845706980775, 113554, 0, 0.0, 20, 
2019-12-10 14:39:16.782,230839968, 683.0540665796212, 2091601, 36.665845706980775, 113612, 0, 0.0, 20, 
2019-12-10 14:39:17.805,251189776, 683.0540665796212, 2092722, 36.665845706980775, 113664, 0, 0.0, 20, 
2019-12-10 14:39:18.829,272156848, 683.0540665796212, 2093813, 36.665845706980775, 113736, 0, 0.0, 20, 
2019-12-10 14:39:19.851,292951504, 714.2963864174592, 2094983, 38.33964826771919, 113797, 0, 0.0, 20, 
2019-12-10 14:39:20.874,315531816, 714.2963864174592, 2096265, 38.33964826771919, 113859, 0, 0.0, 20, 
2019-12-10 14:39:21.895,336779400, 714.2963864174592, 2097467, 38.33964826771919, 113920, 0, 0.0, 20, 
2019-12-10 14:39:22.925,360146088, 714.2963864174592, 2098710, 38.33964826771919, 113983, 0, 0.0, 20, 
2019-12-10 14:39:23.948,382575832, 714.2963864174592, 2099955, 38.33964826771919, 114047, 0, 0.0, 20, 
2019-12-10 14:39:24.97,122144024, 752.7952896995473, 2101146, 40.183452189327404, 114109, 0, 0.0, 20, 
2019-12-10 14:39:25.993,144740528, 752.7952896995473, 2102348, 40.183452189327404, 114174, 0, 0.0, 20, 
2019-12-10 14:39:27.035,166599504, 752.7952896995473, 2103555, 40.183452189327404, 114242, 0, 0.0, 20, 
2019-12-10 14:39:28.058,187760040, 752.7952896995473, 2104653, 40.183452189327404, 114306, 0, 0.0, 20, 
2019-12-10 14:39:29.08,208061096, 752.7952896995473, 2105895, 40.183452189327404, 114374, 0, 0.0, 20, 
2019-12-10 14:39:30.107,231123232, 786.1851187651719, 2107188, 41.99177150859363, 114422, 0, 0.0, 20, 
2019-12-10 14:39:31.129,256851648, 786.1851187651719, 2108502, 41.99177150859363, 114500, 0, 0.0, 20, 
2019-12-10 14:39:32.153,273593384, 786.1851187651719, 2109430, 41.99177150859363, 114546, 0, 0.0, 20, 
2019-12-10 14:39:33.186,283489600, 786.1851187651719, 2109904, 41.99177150859363, 114571, 0, 0.0, 20, 
2019-12-10 14:39:34.212,296610592, 786.1851187651719, 2110401, 41.99177150859363, 114604, 0, 0.0, 20, 
2019-12-10 14:39:35.238,306658856, 791.3834216521076, 2110905, 42.13634947610796, 114623, 0, 0.0, 20, 
2019-12-10 14:39:36.264,317258024, 791.3834216521076, 2111387, 42.13634947610796, 114645, 0, 0.0, 20, 
2019-12-10 14:39:37.297,327599392, 791.3834216521076, 2111860, 42.13634947610796, 114676, 0, 0.0, 20, 
2019-12-10 14:39:38.323,337915488, 791.3834216521076, 2112324, 42.13634947610796, 114703, 0, 0.0, 20, 
2019-12-10 14:39:39.352,348980544, 766.1667555577063, 2112853, 40.75021150555512, 114728, 0, 0.0, 20, 
2019-12-10 14:39:40.38,359621976, 766.1667555577063, 2113366, 40.75021150555512, 114753, 0, 0.0, 20, 
2019-12-10 14:39:41.408,369960208, 766.1667555577063, 2113876, 40.75021150555512, 114777, 0, 0.0, 20, 
2019-12-10 14:39:42.434,381448576, 766.1667555577063, 2114384, 40.75021150555512, 114798, 0, 0.0, 20, 
2019-12-10 14:39:43.461,106823848, 766.1667555577063, 2114902, 40.75021150555512, 114824, 0, 0.0, 20, 
2019-12-10 14:39:44.49,114792384, 744.0856809571694, 2115363, 39.426929656619954, 114853, 0, 0.0, 20, 
2019-12-10 14:39:45.515,125822680, 744.0856809571694, 2115872, 39.426929656619954, 114882, 0, 0.0, 20, 
2019-12-10 14:39:46.541,137218560, 744.0856809571694, 2116376, 39.426929656619954, 114910, 0, 0.0, 20, 
2019-12-10 14:39:47.566,147607552, 744.0856809571694, 2116872, 39.426929656619954, 114932, 0, 0.0, 20, 
2019-12-10 14:39:48.593,158324128, 744.0856809571694, 2117382, 39.426929656619954, 114953, 0, 0.0, 20, 
2019-12-10 14:39:49.619,168590016, 724.0739428263405, 2117893, 38.20945158252679, 114976, 0, 0.0, 20, 
2019-12-10 14:39:50.645,178597960, 724.0739428263405, 2118409, 38.20945158252679, 114997, 0, 0.0, 20, 
2019-12-10 14:39:51.671,190206976, 724.0739428263405, 2118894, 38.20945158252679, 115024, 0, 0.0, 20, 
2019-12-10 14:39:52.697,201398128, 724.0739428263405, 2119395, 38.20945158252679, 115043, 0, 0.0, 20, 
2019-12-10 14:39:53.723,210413840, 724.0739428263405, 2119872, 38.20945158252679, 115079, 0, 0.0, 20, 
2019-12-10 14:39:54.751,221556424, 704.2230543953744, 2120361, 37.0413443293013, 115095, 0, 0.0, 20, 
2019-12-10 14:39:55.78,233662296, 704.2230543953744, 2120890, 37.0413443293013, 115117, 0, 0.0, 20, 
2019-12-10 14:39:56.805,244456936, 704.2230543953744, 2121392, 37.0413443293013, 115143, 0, 0.0, 20, 
2019-12-10 14:39:57.84,254924728, 704.2230543953744, 2121884, 37.0413443293013, 115173, 0, 0.0, 20, 
2019-12-10 14:39:58.865,264844496, 704.2230543953744, 2122396, 37.0413443293013, 115198, 0, 0.0, 20, 
2019-12-10 14:39:59.894,275473344, 687.8143249496342, 2122883, 35.98262489235733, 115215, 0, 0.0, 20, 
2019-12-10 14:40:00.919,286108072, 687.8143249496342, 2123377, 35.98262489235733, 115249, 0, 0.0, 20, 
2019-12-10 14:40:01.945,297056944, 687.8143249496342, 2123862, 35.98262489235733, 115271, 0, 0.0, 20, 
2019-12-10 14:40:02.973,308199352, 687.8143249496342, 2124340, 35.98262489235733, 115297, 0, 0.0, 20, 
2019-12-10 14:40:04.009,318278880, 687.8143249496342, 2124864, 35.98262489235733, 115336, 0, 0.0, 20, 
2019-12-10 14:40:05.034,328819056, 670.9905244279104, 2125384, 35.31238721214609, 115376, 0, 0.0, 20, 
2019-12-10 14:40:06.062,338838496, 670.9905244279104, 2125885, 35.31238721214609, 115401, 0, 0.0, 20, 
2019-12-10 14:40:07.091,350102416, 670.9905244279104, 2126364, 35.31238721214609, 115422, 0, 0.0, 20, 
2019-12-10 14:40:08.116,359933032, 670.9905244279104, 2126840, 35.31238721214609, 115456, 0, 0.0, 20, 
2019-12-10 14:40:09.143,368991088, 670.9905244279104, 2127320, 35.31238721214609, 115482, 0, 0.0, 20, 
2019-12-10 14:40:10.166,380610048, 655.575845193357, 2127826, 34.7277210121419, 115501, 0, 0.0, 20, 
2019-12-10 14:40:11.189,107444784, 655.575845193357, 2128353, 34.7277210121419, 115524, 0, 0.0, 20, 
2019-12-10 14:40:12.215,119065512, 655.575845193357, 2128848, 34.7277210121419, 115554, 0, 0.0, 20, 
2019-12-10 14:40:13.243,129624872, 655.575845193357, 2129331, 34.7277210121419, 115581, 0, 0.0, 20, 
2019-12-10 14:40:14.268,140283848, 655.575845193357, 2129812, 34.7277210121419, 115602, 0, 0.0, 20, 
2019-12-10 14:40:15.297,151296032, 642.0972648115655, 2130262, 33.85398868184865, 115639, 0, 0.0, 20, 
2019-12-10 14:40:16.321,162376360, 642.0972648115655, 2130774, 33.85398868184865, 115656, 0, 0.0, 20, 
2019-12-10 14:40:17.346,172553248, 642.0972648115655, 2131270, 33.85398868184865, 115680, 0, 0.0, 20, 
2019-12-10 14:40:18.377,183384160, 642.0972648115655, 2131778, 33.85398868184865, 115701, 0, 0.0, 20, 
2019-12-10 14:40:19.404,193789688, 629.3125854043867, 2132296, 33.06610724855542, 115727, 0, 0.0, 20, 
2019-12-10 14:40:20.429,203927280, 629.3125854043867, 2132786, 33.06610724855542, 115749, 0, 0.0, 20, 
2019-12-10 14:40:21.455,213487576, 629.3125854043867, 2133253, 33.06610724855542, 115778, 0, 0.0, 20, 
2019-12-10 14:40:22.48,225013856, 629.3125854043867, 2133774, 33.06610724855542, 115797, 0, 0.0, 20, 
2019-12-10 14:40:23.507,234223400, 629.3125854043867, 2134269, 33.06610724855542, 115827, 0, 0.0, 20, 
2019-12-10 14:40:24.532,246321408, 617.6460592254301, 2134779, 32.51712362427933, 115859, 0, 0.0, 20, 
2019-12-10 14:40:25.556,256506832, 617.6460592254301, 2135252, 32.51712362427933, 115884, 0, 0.0, 20, 
2019-12-10 14:40:26.58,267891056, 617.6460592254301, 2135761, 32.51712362427933, 115907, 0, 0.0, 20, 
2019-12-10 14:40:27.605,279130296, 617.6460592254301, 2136262, 32.51712362427933, 115931, 0, 0.0, 20, 
2019-12-10 14:40:28.632,288414264, 617.6460592254301, 2136766, 32.51712362427933, 115954, 0, 0.0, 20, 
2019-12-10 14:40:29.658,299176504, 607.2641415519853, 2137268, 31.772167550929115, 115977, 0, 0.0, 20, 
2019-12-10 14:40:30.685,309625424, 607.2641415519853, 2137754, 31.772167550929115, 116000, 0, 0.0, 20, 
2019-12-10 14:40:31.709,320312760, 607.2641415519853, 2138236, 31.772167550929115, 116023, 0, 0.0, 20, 
2019-12-10 14:40:32.737,331400240, 607.2641415519853, 2138762, 31.772167550929115, 116049, 0, 0.0, 20, 
2019-12-10 14:40:33.761,341994968, 607.2641415519853, 2139263, 31.772167550929115, 116080, 0, 0.0, 20, 
2019-12-10 14:40:34.787,352472032, 597.0406892662772, 2139728, 31.230694930166273, 116114, 0, 0.0, 20, 
2019-12-10 14:40:35.813,363572664, 597.0406892662772, 2140210, 31.230694930166273, 116138, 0, 0.0, 20, 
2019-12-10 14:40:36.841,373978336, 597.0406892662772, 2140719, 31.230694930166273, 116164, 0, 0.0, 20, 
2019-12-10 14:40:37.865,383529640, 597.0406892662772, 2141172, 31.230694930166273, 116194, 0, 0.0, 20, 
2019-12-10 14:40:38.891,110609896, 597.0406892662772, 2141682, 31.230694930166273, 116227, 0, 0.0, 20, 
2019-12-10 14:40:39.917,123236240, 587.8905169657684, 2142203, 31.00436506001902, 116246, 0, 0.0, 20, 
2019-12-10 14:40:40.94,132427792, 587.8905169657684, 2142689, 31.00436506001902, 116274, 0, 0.0, 20, 
2019-12-10 14:40:41.965,143712664, 587.8905169657684, 2143182, 31.00436506001902, 116294, 0, 0.0, 20, 
2019-12-10 14:40:42.995,154463560, 587.8905169657684, 2143703, 31.00436506001902, 116323, 0, 0.0, 20, 
2019-12-10 14:40:44.023,163043872, 587.8905169657684, 2144163, 31.00436506001902, 116348, 0, 0.0, 20, 
2019-12-10 14:40:45.053,167877848, 579.1361385892324, 2144348, 30.444326951495288, 116358, 0, 0.0, 20, 
2019-12-10 14:40:46.086,168833096, 579.1361385892324, 2144348, 30.444326951495288, 116358, 0, 0.0, 20, 
2019-12-10 14:40:47.112,170264336, 579.1361385892324, 2144348, 30.444326951495288, 116358, 0, 0.0, 20, 
