Timestamp, MemoryUsed, ReadLatency1, ReadCount, WriteLatency1, WriteCount, PendingTasks, WaitingOnCommit1, SRDelay, 
2019-12-10 14:40:55.467,181603192, 491.6226078067515, 2144638, 25.834530859332087, 116376, 0, 0.0, 20, 
2019-12-10 14:40:56.505,190043352, 491.6226078067515, 2145007, 25.834530859332087, 116399, 0, 0.0, 20, 
2019-12-10 14:40:57.542,202282920, 491.6226078067515, 2145602, 25.834530859332087, 116431, 0, 0.0, 20, 
2019-12-10 14:40:58.576,216180104, 491.6226078067515, 2146372, 25.834530859332087, 116462, 0, 0.0, 20, 
2019-12-10 14:40:59.606,231901496, 492.8681073181113, 2147132, 25.8157788071867, 116499, 0, 0.0, 20, 
2019-12-10 14:41:00.637,245695872, 492.8681073181113, 2147889, 25.8157788071867, 116547, 0, 0.0, 20, 
2019-12-10 14:41:01.668,259523960, 492.8681073181113, 2148687, 25.8157788071867, 116592, 0, 0.0, 20, 
2019-12-10 14:41:02.698,275901904, 492.8681073181113, 2149450, 25.8157788071867, 116628, 0, 0.0, 20, 
2019-12-10 14:41:03.724,293458920, 492.8681073181113, 2150323, 25.8157788071867, 116670, 0, 0.0, 20, 
2019-12-10 14:41:04.752,308254192, 515.1702700760425, 2151172, 26.965877632759383, 116711, 0, 0.0, 20, 
2019-12-10 14:41:05.784,324858216, 515.1702700760425, 2152082, 26.965877632759383, 116765, 0, 0.0, 20, 
2019-12-10 14:41:06.817,343626200, 515.1702700760425, 2153047, 26.965877632759383, 116815, 0, 0.0, 20, 
2019-12-10 14:41:07.842,360891320, 515.1702700760425, 2154043, 26.965877632759383, 116864, 0, 0.0, 20, 
2019-12-10 14:41:08.87,381300496, 515.1702700760425, 2155173, 26.965877632759383, 116923, 0, 0.0, 20, 
2019-12-10 14:41:09.903,113809848, 551.5204562590251, 2156212, 29.04745112624393, 116990, 0, 0.0, 20, 
2019-12-10 14:41:10.938,131731272, 551.5204562590251, 2157250, 29.04745112624393, 117047, 0, 0.0, 20, 
2019-12-10 14:41:11.973,151598016, 551.5204562590251, 2158345, 29.04745112624393, 117106, 0, 0.0, 20, 
2019-12-10 14:41:13.0,169209968, 551.5204562590251, 2159372, 29.04745112624393, 117158, 0, 0.0, 20, 
2019-12-10 14:41:14.031,191191904, 551.5204562590251, 2160519, 29.04745112624393, 117218, 0, 0.0, 20, 
2019-12-10 14:41:15.061,213076192, 590.4491951838428, 2161736, 31.234440182825143, 117291, 0, 0.0, 20, 
2019-12-10 14:41:16.096,237924392, 590.4491951838428, 2163256, 31.234440182825143, 117364, 0, 0.0, 20, 
2019-12-10 14:41:17.126,260508256, 590.4491951838428, 2164531, 31.234440182825143, 117431, 0, 0.0, 20, 
2019-12-10 14:41:18.161,284514592, 590.4491951838428, 2165899, 31.234440182825143, 117511, 0, 0.0, 20, 
2019-12-10 14:41:19.189,310705200, 590.4491951838428, 2167417, 31.234440182825143, 117587, 0, 0.0, 20, 
2019-12-10 14:41:20.249,330139640, 651.4833556260959, 2168578, 34.445901029748285, 117648, 0, 0.0, 20, 
2019-12-10 14:41:21.297,330835632, 651.4833556260959, 2168578, 34.445901029748285, 117648, 0, 0.0, 20, 
2019-12-10 14:41:22.347,331901976, 651.4833556260959, 2168578, 34.445901029748285, 117648, 0, 0.0, 20, 
2019-12-10 14:41:23.382,332759368, 651.4833556260959, 2168578, 34.445901029748285, 117648, 0, 0.0, 20, 
