Timestamp, MemoryUsed, ReadLatency1, ReadCount, WriteLatency1, WriteCount, PendingTasks, WaitingOnCommit1, SRDelay, 
2019-12-10 14:32:26.043,348623824, 104.63006166058295, 1765207, 10.820694209441662, 97032, 0, 0.0, 20, 
2019-12-10 14:32:27.102,356256616, 104.63006166058295, 1765427, 10.820694209441662, 97045, 0, 0.0, 20, 
2019-12-10 14:32:28.146,361573032, 104.63006166058295, 1765700, 10.820694209441662, 97057, 0, 0.0, 20, 
2019-12-10 14:32:29.193,370991032, 108.60944621437353, 1766132, 10.723092889367159, 97070, 0, 0.0, 20, 
2019-12-10 14:32:30.227,380722144, 108.60944621437353, 1766571, 10.723092889367159, 97090, 0, 0.0, 20, 
2019-12-10 14:32:31.261,105522368, 108.60944621437353, 1766992, 10.723092889367159, 97114, 0, 0.0, 20, 
2019-12-10 14:32:32.298,113975048, 108.60944621437353, 1767410, 10.723092889367159, 97135, 0, 0.0, 20, 
2019-12-10 14:32:33.329,124613960, 134.30641607490924, 1767894, 11.480824544901337, 97160, 0, 0.0, 20, 
2019-12-10 14:32:34.359,135359664, 134.30641607490924, 1768397, 11.480824544901337, 97189, 0, 0.0, 20, 
2019-12-10 14:32:35.388,146143592, 134.30641607490924, 1768930, 11.480824544901337, 97225, 0, 0.0, 20, 
2019-12-10 14:32:36.42,156815888, 134.30641607490924, 1769400, 11.480824544901337, 97248, 0, 0.0, 20, 
2019-12-10 14:32:37.455,165994408, 134.30641607490924, 1769847, 11.480824544901337, 97265, 0, 0.0, 20, 
2019-12-10 14:32:38.483,177718192, 160.82717074133757, 1770318, 12.449820312623688, 97278, 0, 0.0, 20, 
2019-12-10 14:32:39.514,187762056, 160.82717074133757, 1770848, 12.449820312623688, 97304, 0, 0.0, 20, 
2019-12-10 14:32:40.543,199143272, 160.82717074133757, 1771324, 12.449820312623688, 97331, 0, 0.0, 20, 
2019-12-10 14:32:41.569,210034512, 160.82717074133757, 1771803, 12.449820312623688, 97357, 0, 0.0, 20, 
2019-12-10 14:32:42.61,219370080, 160.82717074133757, 1772259, 12.449820312623688, 97382, 0, 0.0, 20, 
2019-12-10 14:32:43.638,228846992, 184.9076206024568, 1772705, 13.325348339441954, 97404, 0, 0.0, 20, 
2019-12-10 14:32:44.667,241035944, 184.9076206024568, 1773248, 13.325348339441954, 97432, 0, 0.0, 20, 
2019-12-10 14:32:45.695,253012104, 184.9076206024568, 1773753, 13.325348339441954, 97457, 0, 0.0, 20, 
2019-12-10 14:32:46.726,262656008, 184.9076206024568, 1774264, 13.325348339441954, 97485, 0, 0.0, 20, 
2019-12-10 14:32:47.754,274307368, 184.9076206024568, 1774775, 13.325348339441954, 97504, 0, 0.0, 20, 
2019-12-10 14:32:48.782,284606088, 210.10101624302672, 1775288, 14.258801946960615, 97533, 0, 0.0, 20, 
2019-12-10 14:32:49.809,295531040, 210.10101624302672, 1775790, 14.258801946960615, 97555, 0, 0.0, 20, 
2019-12-10 14:32:50.839,307765976, 210.10101624302672, 1776360, 14.258801946960615, 97582, 0, 0.0, 20, 
2019-12-10 14:32:51.874,319313424, 210.10101624302672, 1776970, 14.258801946960615, 97613, 0, 0.0, 20, 
2019-12-10 14:32:52.903,332814072, 210.10101624302672, 1777616, 14.258801946960615, 97647, 0, 0.0, 20, 
2019-12-10 14:32:53.928,345423968, 238.46118111969966, 1778234, 15.389469715134052, 97669, 0, 0.0, 20, 
2019-12-10 14:32:54.957,357396568, 238.46118111969966, 1778829, 15.389469715134052, 97707, 0, 0.0, 20, 
2019-12-10 14:32:55.983,370289408, 238.46118111969966, 1779472, 15.389469715134052, 97746, 0, 0.0, 20, 
2019-12-10 14:32:57.014,382160536, 238.46118111969966, 1780046, 15.389469715134052, 97783, 0, 0.0, 20, 
2019-12-10 14:32:58.043,110784616, 238.46118111969966, 1780576, 15.389469715134052, 97813, 0, 0.0, 20, 
2019-12-10 14:32:59.073,121802944, 264.4578457100045, 1781050, 16.669601036155456, 97836, 0, 0.0, 20, 
2019-12-10 14:33:00.102,131652672, 264.4578457100045, 1781527, 16.669601036155456, 97852, 0, 0.0, 20, 
2019-12-10 14:33:01.127,141547984, 264.4578457100045, 1781986, 16.669601036155456, 97868, 0, 0.0, 20, 
2019-12-10 14:33:02.152,152547248, 264.4578457100045, 1782488, 16.669601036155456, 97891, 0, 0.0, 20, 
2019-12-10 14:33:03.178,163536120, 264.4578457100045, 1782973, 16.669601036155456, 97917, 0, 0.0, 20, 
2019-12-10 14:33:04.206,174174184, 280.7801511550921, 1783431, 16.95187615190168, 97943, 0, 0.0, 20, 
2019-12-10 14:33:05.233,184424024, 280.7801511550921, 1783922, 16.95187615190168, 97968, 0, 0.0, 20, 
2019-12-10 14:33:06.26,195105648, 280.7801511550921, 1784372, 16.95187615190168, 98001, 0, 0.0, 20, 
2019-12-10 14:33:07.286,206216832, 280.7801511550921, 1784867, 16.95187615190168, 98022, 0, 0.0, 20, 
2019-12-10 14:33:08.317,215443720, 294.9498679087895, 1785326, 17.691315307756895, 98052, 0, 0.0, 20, 
2019-12-10 14:33:09.353,226134872, 294.9498679087895, 1785794, 17.691315307756895, 98089, 0, 0.0, 20, 
2019-12-10 14:33:10.38,236007888, 294.9498679087895, 1786265, 17.691315307756895, 98112, 0, 0.0, 20, 
2019-12-10 14:33:11.405,247347888, 294.9498679087895, 1786730, 17.691315307756895, 98132, 0, 0.0, 20, 
2019-12-10 14:33:12.432,257967216, 294.9498679087895, 1787207, 17.691315307756895, 98161, 0, 0.0, 20, 
2019-12-10 14:33:13.458,267660312, 307.73077879172223, 1787672, 18.579516695023468, 98200, 0, 0.0, 20, 
2019-12-10 14:33:14.494,277890152, 307.73077879172223, 1788145, 18.579516695023468, 98230, 0, 0.0, 20, 
2019-12-10 14:33:15.527,287981920, 307.73077879172223, 1788622, 18.579516695023468, 98249, 0, 0.0, 20, 
2019-12-10 14:33:16.555,299664920, 307.73077879172223, 1789109, 18.579516695023468, 98279, 0, 0.0, 20, 
2019-12-10 14:33:17.58,310522656, 307.73077879172223, 1789604, 18.579516695023468, 98302, 0, 0.0, 20, 
2019-12-10 14:33:18.62,320852984, 320.48123372203605, 1790105, 19.14084354725793, 98335, 0, 0.0, 20, 
2019-12-10 14:33:19.655,332558992, 320.48123372203605, 1790592, 19.14084354725793, 98356, 0, 0.0, 20, 
2019-12-10 14:33:20.688,341552840, 320.48123372203605, 1791033, 19.14084354725793, 98381, 0, 0.0, 20, 
2019-12-10 14:33:21.717,352334096, 320.48123372203605, 1791536, 19.14084354725793, 98406, 0, 0.0, 20, 
2019-12-10 14:33:22.769,364218776, 320.48123372203605, 1792047, 19.14084354725793, 98446, 0, 0.0, 20, 
2019-12-10 14:33:23.8,374043400, 332.7239343110265, 1792509, 19.84918258732733, 98478, 0, 0.0, 20, 
2019-12-10 14:33:24.84,104886232, 332.7239343110265, 1792992, 19.84918258732733, 98506, 0, 0.0, 20, 
2019-12-10 14:33:25.869,115709480, 332.7239343110265, 1793499, 19.84918258732733, 98539, 0, 0.0, 20, 
2019-12-10 14:33:26.901,125311464, 332.7239343110265, 1793976, 19.84918258732733, 98557, 0, 0.0, 20, 
2019-12-10 14:33:27.929,135369280, 332.7239343110265, 1794430, 19.84918258732733, 98585, 0, 0.0, 20, 
2019-12-10 14:33:28.957,145419928, 342.9163577639392, 1794880, 20.356965911139863, 98615, 0, 0.0, 20, 
2019-12-10 14:33:29.995,156815728, 342.9163577639392, 1795352, 20.356965911139863, 98635, 0, 0.0, 20, 
2019-12-10 14:33:31.029,166349112, 342.9163577639392, 1795807, 20.356965911139863, 98658, 0, 0.0, 20, 
2019-12-10 14:33:32.06,177234640, 342.9163577639392, 1796278, 20.356965911139863, 98686, 0, 0.0, 20, 
2019-12-10 14:33:33.09,187410040, 342.9163577639392, 1796801, 20.356965911139863, 98704, 0, 0.0, 20, 
2019-12-10 14:33:34.125,197764336, 352.357804501625, 1797272, 20.552300131795192, 98722, 0, 0.0, 20, 
2019-12-10 14:33:35.153,208246856, 352.357804501625, 1797752, 20.552300131795192, 98746, 0, 0.0, 20, 
2019-12-10 14:33:36.181,218521280, 352.357804501625, 1798237, 20.552300131795192, 98776, 0, 0.0, 20, 
2019-12-10 14:33:37.215,229612024, 352.357804501625, 1798711, 20.552300131795192, 98803, 0, 0.0, 20, 
2019-12-10 14:33:38.255,239484520, 361.12431042402375, 1799206, 20.859945227088183, 98829, 0, 0.0, 20, 
2019-12-10 14:33:39.293,249740120, 361.12431042402375, 1799680, 20.859945227088183, 98858, 0, 0.0, 20, 
2019-12-10 14:33:40.327,261055136, 361.12431042402375, 1800184, 20.859945227088183, 98882, 0, 0.0, 20, 
2019-12-10 14:33:41.364,272633200, 361.12431042402375, 1800677, 20.859945227088183, 98909, 0, 0.0, 20, 
2019-12-10 14:33:42.395,283266808, 361.12431042402375, 1801151, 20.859945227088183, 98937, 0, 0.0, 20, 
2019-12-10 14:33:43.422,293188064, 370.42120124845, 1801654, 21.22294796407128, 98961, 0, 0.0, 20, 
2019-12-10 14:33:44.458,304993184, 370.42120124845, 1802139, 21.22294796407128, 98989, 0, 0.0, 20, 
2019-12-10 14:33:45.488,319101944, 370.42120124845, 1802616, 21.22294796407128, 99030, 0, 0.0, 20, 
2019-12-10 14:33:46.531,329317272, 370.42120124845, 1803107, 21.22294796407128, 99065, 0, 0.0, 20, 
2019-12-10 14:33:47.56,340086144, 370.42120124845, 1803575, 21.22294796407128, 99084, 0, 0.0, 20, 
2019-12-10 14:33:48.588,351668216, 378.5429935638804, 1804130, 21.89274006328458, 99107, 0, 0.0, 20, 
2019-12-10 14:33:49.614,366170888, 378.5429935638804, 1804755, 21.89274006328458, 99131, 0, 0.0, 20, 
2019-12-10 14:33:50.638,378535088, 378.5429935638804, 1805356, 21.89274006328458, 99175, 0, 0.0, 20, 
2019-12-10 14:33:51.672,108638224, 378.5429935638804, 1805996, 21.89274006328458, 99209, 0, 0.0, 20, 
2019-12-10 14:33:52.698,124497632, 378.5429935638804, 1806707, 21.89274006328458, 99241, 0, 0.0, 20, 
2019-12-10 14:33:53.725,141523624, 399.6078527334864, 1807558, 22.87677423583374, 99307, 0, 0.0, 20, 
2019-12-10 14:33:54.749,157427048, 399.6078527334864, 1808441, 22.87677423583374, 99343, 0, 0.0, 20, 
2019-12-10 14:33:55.773,176092680, 399.6078527334864, 1809351, 22.87677423583374, 99390, 0, 0.0, 20, 
2019-12-10 14:33:56.796,192932384, 399.6078527334864, 1810221, 22.87677423583374, 99438, 0, 0.0, 20, 
2019-12-10 14:33:57.823,211085608, 399.6078527334864, 1811153, 22.87677423583374, 99494, 0, 0.0, 20, 
2019-12-10 14:33:58.846,228275432, 437.65009238295175, 1812077, 24.88551645820732, 99533, 0, 0.0, 20, 
2019-12-10 14:33:59.879,248343808, 437.65009238295175, 1813058, 24.88551645820732, 99579, 0, 0.0, 20, 
2019-12-10 14:34:00.904,265873040, 437.65009238295175, 1813934, 24.88551645820732, 99627, 0, 0.0, 20, 
2019-12-10 14:34:01.927,283719712, 437.65009238295175, 1814848, 24.88551645820732, 99664, 0, 0.0, 20, 
2019-12-10 14:34:02.962,301657408, 437.65009238295175, 1815782, 24.88551645820732, 99708, 0, 0.0, 20, 
2019-12-10 14:34:03.991,319802984, 474.3297097852167, 1816735, 26.221932773959896, 99769, 0, 0.0, 20, 
2019-12-10 14:34:05.026,338017880, 474.3297097852167, 1817680, 26.221932773959896, 99823, 0, 0.0, 20, 
2019-12-10 14:34:06.069,357494392, 474.3297097852167, 1818607, 26.221932773959896, 99871, 0, 0.0, 20, 
2019-12-10 14:34:07.103,375412424, 474.3297097852167, 1819612, 26.221932773959896, 99909, 0, 0.0, 20, 
2019-12-10 14:34:08.135,112339296, 474.3297097852167, 1820643, 26.221932773959896, 99954, 0, 0.0, 20, 
2019-12-10 14:34:09.176,129221760, 511.6266148973691, 1821618, 27.883255301889204, 100007, 0, 0.0, 20, 
2019-12-10 14:34:10.2,148214512, 511.6266148973691, 1822548, 27.883255301889204, 100048, 0, 0.0, 20, 
2019-12-10 14:34:11.236,166874832, 511.6266148973691, 1823505, 27.883255301889204, 100092, 0, 0.0, 20, 
2019-12-10 14:34:12.269,186066696, 511.6266148973691, 1824447, 27.883255301889204, 100134, 0, 0.0, 20, 
2019-12-10 14:34:13.295,204169680, 545.3337616799478, 1825437, 29.219852409718808, 100184, 0, 0.0, 20, 
2019-12-10 14:34:14.344,223582856, 545.3337616799478, 1826476, 29.219852409718808, 100234, 0, 0.0, 20, 
2019-12-10 14:34:15.373,242704520, 545.3337616799478, 1827458, 29.219852409718808, 100291, 0, 0.0, 20, 
2019-12-10 14:34:16.414,261349216, 545.3337616799478, 1828414, 29.219852409718808, 100347, 0, 0.0, 20, 
2019-12-10 14:34:17.443,279426432, 545.3337616799478, 1829349, 29.219852409718808, 100404, 0, 0.0, 20, 
2019-12-10 14:34:18.477,299083600, 578.0568833372823, 1830390, 31.121208030500828, 100466, 0, 0.0, 20, 
2019-12-10 14:34:19.501,319043544, 578.0568833372823, 1831366, 31.121208030500828, 100514, 0, 0.0, 20, 
2019-12-10 14:34:20.526,338676984, 578.0568833372823, 1832416, 31.121208030500828, 100578, 0, 0.0, 20, 
2019-12-10 14:34:21.556,360458536, 578.0568833372823, 1833510, 31.121208030500828, 100630, 0, 0.0, 20, 
2019-12-10 14:34:22.582,380074912, 578.0568833372823, 1834503, 31.121208030500828, 100671, 0, 0.0, 20, 
2019-12-10 14:34:23.607,115073616, 611.8575566914743, 1835602, 32.71062847888404, 100721, 0, 0.0, 20, 
2019-12-10 14:34:24.637,133918824, 611.8575566914743, 1836595, 32.71062847888404, 100773, 0, 0.0, 20, 
2019-12-10 14:34:25.662,155025128, 611.8575566914743, 1837711, 32.71062847888404, 100817, 0, 0.0, 20, 
2019-12-10 14:34:26.694,175235800, 611.8575566914743, 1838739, 32.71062847888404, 100881, 0, 0.0, 20, 
2019-12-10 14:34:27.732,195739056, 611.8575566914743, 1839830, 32.71062847888404, 100933, 0, 0.0, 20, 
2019-12-10 14:34:28.758,215589880, 645.3223627486808, 1840898, 34.20494811906492, 100984, 0, 0.0, 20, 
2019-12-10 14:34:29.783,237000032, 645.3223627486808, 1842017, 34.20494811906492, 101045, 0, 0.0, 20, 
2019-12-10 14:34:30.815,257495880, 645.3223627486808, 1843143, 34.20494811906492, 101105, 0, 0.0, 20, 
2019-12-10 14:34:31.853,280760200, 645.3223627486808, 1844282, 34.20494811906492, 101164, 0, 0.0, 20, 
2019-12-10 14:34:32.878,301377584, 645.3223627486808, 1845389, 34.20494811906492, 101233, 0, 0.0, 20, 
2019-12-10 14:34:33.906,321882616, 681.3085836973611, 1846522, 36.17145988942725, 101285, 0, 0.0, 20, 
2019-12-10 14:34:34.929,343643704, 681.3085836973611, 1847677, 36.17145988942725, 101348, 0, 0.0, 20, 
2019-12-10 14:34:35.958,364894456, 681.3085836973611, 1848829, 36.17145988942725, 101399, 0, 0.0, 20, 
2019-12-10 14:34:36.987,384053024, 681.3085836973611, 1849773, 36.17145988942725, 101454, 0, 0.0, 20, 
2019-12-10 14:34:38.027,110288624, 681.3085836973611, 1850296, 36.17145988942725, 101481, 0, 0.0, 20, 
2019-12-10 14:34:39.061,120623984, 700.6811357181289, 1850747, 37.00527991852967, 101495, 0, 0.0, 20, 
2019-12-10 14:34:40.093,132287192, 700.6811357181289, 1851224, 37.00527991852967, 101515, 0, 0.0, 20, 
2019-12-10 14:34:41.119,142342096, 700.6811357181289, 1851703, 37.00527991852967, 101543, 0, 0.0, 20, 
2019-12-10 14:34:42.146,152865472, 700.6811357181289, 1852168, 37.00527991852967, 101570, 0, 0.0, 20, 
2019-12-10 14:34:43.174,163840672, 700.6811357181289, 1852657, 37.00527991852967, 101595, 0, 0.0, 20, 
2019-12-10 14:34:44.202,174533088, 681.2774234533653, 1853171, 35.8215150960669, 101620, 0, 0.0, 20, 
2019-12-10 14:34:45.232,185457904, 681.2774234533653, 1853656, 35.8215150960669, 101653, 0, 0.0, 20, 
2019-12-10 14:34:46.264,195506312, 681.2774234533653, 1854102, 35.8215150960669, 101682, 0, 0.0, 20, 
2019-12-10 14:34:47.298,205946632, 681.2774234533653, 1854555, 35.8215150960669, 101702, 0, 0.0, 20, 
2019-12-10 14:34:48.332,216336160, 663.8409154050225, 1855047, 34.972265639037396, 101723, 0, 0.0, 20, 
2019-12-10 14:34:49.361,226631088, 663.8409154050225, 1855507, 34.972265639037396, 101749, 0, 0.0, 20, 
2019-12-10 14:34:50.391,237175784, 663.8409154050225, 1855995, 34.972265639037396, 101773, 0, 0.0, 20, 
2019-12-10 14:34:51.418,247264488, 663.8409154050225, 1856481, 34.972265639037396, 101794, 0, 0.0, 20, 
2019-12-10 14:34:52.446,257230824, 663.8409154050225, 1856980, 34.972265639037396, 101820, 0, 0.0, 20, 
2019-12-10 14:34:53.472,267648352, 648.326260427952, 1857466, 33.951051663358385, 101836, 0, 0.0, 20, 
2019-12-10 14:34:54.511,279144768, 648.326260427952, 1857967, 33.951051663358385, 101860, 0, 0.0, 20, 
2019-12-10 14:34:55.536,289416720, 648.326260427952, 1858439, 33.951051663358385, 101901, 0, 0.0, 20, 
2019-12-10 14:34:56.564,300002552, 648.326260427952, 1858922, 33.951051663358385, 101927, 0, 0.0, 20, 
2019-12-10 14:34:57.602,310115008, 648.326260427952, 1859416, 33.951051663358385, 101944, 0, 0.0, 20, 
2019-12-10 14:34:58.634,321188752, 634.1000621226196, 1859870, 33.2353650879314, 101968, 0, 0.0, 20, 
2019-12-10 14:34:59.67,329783496, 634.1000621226196, 1860294, 33.2353650879314, 101998, 0, 0.0, 20, 
2019-12-10 14:35:00.696,339989312, 634.1000621226196, 1860823, 33.2353650879314, 102026, 0, 0.0, 20, 
2019-12-10 14:35:01.723,352382040, 634.1000621226196, 1861286, 33.2353650879314, 102059, 0, 0.0, 20, 
2019-12-10 14:35:02.751,363396272, 634.1000621226196, 1861787, 33.2353650879314, 102089, 0, 0.0, 20, 
2019-12-10 14:35:03.783,372840744, 619.8439762839776, 1862241, 32.8487506418449, 102111, 0, 0.0, 20, 
2019-12-10 14:35:04.812,383510048, 619.8439762839776, 1862725, 32.8487506418449, 102138, 0, 0.0, 20, 
2019-12-10 14:35:05.84,111480968, 619.8439762839776, 1863229, 32.8487506418449, 102166, 0, 0.0, 20, 
2019-12-10 14:35:06.873,120341056, 619.8439762839776, 1863714, 32.8487506418449, 102195, 0, 0.0, 20, 
2019-12-10 14:35:07.954,131617392, 619.8439762839776, 1864204, 32.8487506418449, 102229, 0, 0.0, 20, 
2019-12-10 14:35:08.983,142122672, 608.1349624361826, 1864680, 32.38111036058907, 102255, 0, 0.0, 20, 
2019-12-10 14:35:10.025,153790496, 608.1349624361826, 1865184, 32.38111036058907, 102280, 0, 0.0, 20, 
2019-12-10 14:35:11.064,163948656, 608.1349624361826, 1865666, 32.38111036058907, 102310, 0, 0.0, 20, 
2019-12-10 14:35:12.093,174023416, 608.1349624361826, 1866158, 32.38111036058907, 102329, 0, 0.0, 20, 
2019-12-10 14:35:13.121,184258688, 608.1349624361826, 1866609, 32.38111036058907, 102357, 0, 0.0, 20, 
2019-12-10 14:35:14.147,194789768, 596.5146204397723, 1867099, 31.774958243948472, 102385, 0, 0.0, 20, 
2019-12-10 14:35:15.173,205518816, 596.5146204397723, 1867565, 31.774958243948472, 102407, 0, 0.0, 20, 
2019-12-10 14:35:16.199,215717880, 596.5146204397723, 1868071, 31.774958243948472, 102430, 0, 0.0, 20, 
2019-12-10 14:35:17.228,226715688, 596.5146204397723, 1868530, 31.774958243948472, 102460, 0, 0.0, 20, 
2019-12-10 14:35:18.257,236388320, 586.3351054362648, 1869017, 31.34520031121063, 102490, 0, 0.0, 20, 
2019-12-10 14:35:19.282,246882752, 586.3351054362648, 1869479, 31.34520031121063, 102518, 0, 0.0, 20, 
2019-12-10 14:35:20.309,257273896, 586.3351054362648, 1869951, 31.34520031121063, 102542, 0, 0.0, 20, 
2019-12-10 14:35:21.336,267253792, 586.3351054362648, 1870440, 31.34520031121063, 102563, 0, 0.0, 20, 
2019-12-10 14:35:22.363,277314512, 586.3351054362648, 1870905, 31.34520031121063, 102593, 0, 0.0, 20, 
2019-12-10 14:35:23.391,288154112, 575.9300769038335, 1871370, 30.869848340181854, 102622, 0, 0.0, 20, 
2019-12-10 14:35:24.417,297449048, 575.9300769038335, 1871847, 30.869848340181854, 102649, 0, 0.0, 20, 
2019-12-10 14:35:25.445,309143568, 575.9300769038335, 1872311, 30.869848340181854, 102667, 0, 0.0, 20, 
2019-12-10 14:35:26.47,322619936, 575.9300769038335, 1872835, 30.869848340181854, 102692, 0, 0.0, 20, 
2019-12-10 14:35:27.501,331134456, 575.9300769038335, 1873311, 30.869848340181854, 102717, 0, 0.0, 20, 
2019-12-10 14:35:28.54,341362064, 567.6522690015164, 1873787, 30.304574477660708, 102746, 0, 0.0, 20, 
2019-12-10 14:35:29.566,352092168, 567.6522690015164, 1874258, 30.304574477660708, 102769, 0, 0.0, 20, 
2019-12-10 14:35:30.596,362835696, 567.6522690015164, 1874723, 30.304574477660708, 102800, 0, 0.0, 20, 
2019-12-10 14:35:31.625,372736792, 567.6522690015164, 1875229, 30.304574477660708, 102836, 0, 0.0, 20, 
2019-12-10 14:35:32.654,384475824, 567.6522690015164, 1875688, 30.304574477660708, 102863, 0, 0.0, 20, 
2019-12-10 14:35:33.678,110530944, 558.8209931779807, 1876135, 30.120310876269023, 102886, 0, 0.0, 20, 
2019-12-10 14:35:34.704,120310128, 558.8209931779807, 1876601, 30.120310876269023, 102908, 0, 0.0, 20, 
2019-12-10 14:35:35.729,130637456, 558.8209931779807, 1877103, 30.120310876269023, 102938, 0, 0.0, 20, 
2019-12-10 14:35:36.755,141503456, 558.8209931779807, 1877576, 30.120310876269023, 102963, 0, 0.0, 20, 
2019-12-10 14:35:37.784,152050056, 558.8209931779807, 1878033, 30.120310876269023, 102992, 0, 0.0, 20, 
2019-12-10 14:35:38.81,162617472, 550.6958271824857, 1878492, 29.758886774099498, 103021, 0, 0.0, 20, 
2019-12-10 14:35:39.836,172932512, 550.6958271824857, 1878964, 29.758886774099498, 103049, 0, 0.0, 20, 
2019-12-10 14:35:40.861,183729328, 550.6958271824857, 1879432, 29.758886774099498, 103075, 0, 0.0, 20, 
2019-12-10 14:35:41.885,194345416, 550.6958271824857, 1879904, 29.758886774099498, 103100, 0, 0.0, 20, 
2019-12-10 14:35:42.92,203992184, 550.6958271824857, 1880358, 29.758886774099498, 103124, 0, 0.0, 20, 
2019-12-10 14:35:43.949,214876856, 543.1723402391721, 1880867, 29.362396079289468, 103148, 0, 0.0, 20, 
2019-12-10 14:35:44.976,225496504, 543.1723402391721, 1881375, 29.362396079289468, 103178, 0, 0.0, 20, 
2019-12-10 14:35:46.002,238011888, 543.1723402391721, 1881857, 29.362396079289468, 103214, 0, 0.0, 20, 
2019-12-10 14:35:47.033,248140384, 543.1723402391721, 1882365, 29.362396079289468, 103233, 0, 0.0, 20, 
2019-12-10 14:35:48.059,258450928, 543.1723402391721, 1882844, 29.362396079289468, 103257, 0, 0.0, 20, 
2019-12-10 14:35:49.084,269419440, 538.5211367229668, 1883355, 29.09355373252181, 103277, 0, 0.0, 20, 
2019-12-10 14:35:50.111,279953000, 538.5211367229668, 1883857, 29.09355373252181, 103299, 0, 0.0, 20, 
2019-12-10 14:35:51.141,289508736, 538.5211367229668, 1884328, 29.09355373252181, 103330, 0, 0.0, 20, 
2019-12-10 14:35:52.167,300497240, 538.5211367229668, 1884804, 29.09355373252181, 103349, 0, 0.0, 20, 
2019-12-10 14:35:53.192,311181912, 534.0339383846143, 1885326, 29.09355373252181, 103379, 0, 0.0, 20, 
2019-12-10 14:35:54.218,321558008, 534.0339383846143, 1885773, 28.702286779295168, 103410, 0, 0.0, 20, 
2019-12-10 14:35:55.244,332412968, 534.0339383846143, 1886248, 28.702286779295168, 103437, 0, 0.0, 20, 
2019-12-10 14:35:56.27,341962480, 534.0339383846143, 1886745, 28.702286779295168, 103466, 0, 0.0, 20, 
2019-12-10 14:35:57.305,352819848, 534.0339383846143, 1887220, 28.702286779295168, 103494, 0, 0.0, 20, 
2019-12-10 14:35:58.332,363588672, 528.2584315574431, 1887694, 28.614152794610263, 103519, 0, 0.0, 20, 
2019-12-10 14:35:59.358,373795480, 528.2584315574431, 1888165, 28.614152794610263, 103546, 0, 0.0, 20, 
2019-12-10 14:36:00.386,385710912, 528.2584315574431, 1888658, 28.614152794610263, 103569, 0, 0.0, 20, 
2019-12-10 14:36:01.416,111017488, 528.2584315574431, 1889143, 28.614152794610263, 103596, 0, 0.0, 20, 
2019-12-10 14:36:02.442,120990320, 528.2584315574431, 1889627, 28.614152794610263, 103630, 0, 0.0, 20, 
2019-12-10 14:36:03.468,131241920, 523.1845755155628, 1890087, 28.46910114596535, 103658, 0, 0.0, 20, 
2019-12-10 14:36:04.494,140767880, 523.1845755155628, 1890565, 28.46910114596535, 103677, 0, 0.0, 20, 
2019-12-10 14:36:05.525,152338544, 523.1845755155628, 1891078, 28.46910114596535, 103705, 0, 0.0, 20, 
2019-12-10 14:36:06.551,163855792, 523.1845755155628, 1891545, 28.46910114596535, 103731, 0, 0.0, 20, 
2019-12-10 14:36:07.578,175155488, 523.1845755155628, 1892006, 28.46910114596535, 103748, 0, 0.0, 20, 
2019-12-10 14:36:08.608,183141016, 518.1805891450406, 1892452, 27.96785149409171, 103771, 0, 0.0, 20, 
2019-12-10 14:36:09.637,192945208, 518.1805891450406, 1892902, 27.96785149409171, 103802, 0, 0.0, 20, 
2019-12-10 14:36:10.662,204128984, 518.1805891450406, 1893348, 27.96785149409171, 103834, 0, 0.0, 20, 
2019-12-10 14:36:11.686,214962856, 518.1805891450406, 1893858, 27.96785149409171, 103864, 0, 0.0, 20, 
2019-12-10 14:36:12.716,228385640, 518.1805891450406, 1894446, 27.96785149409171, 103893, 0, 0.0, 20, 
2019-12-10 14:36:13.741,240732288, 516.3431626877859, 1895052, 28.17830646866416, 103931, 0, 0.0, 20, 
2019-12-10 14:36:14.765,255299968, 516.3431626877859, 1895739, 28.17830646866416, 103959, 0, 0.0, 20, 
2019-12-10 14:36:15.788,269603112, 516.3431626877859, 1896464, 28.17830646866416, 103996, 0, 0.0, 20, 
2019-12-10 14:36:16.822,286712184, 516.3431626877859, 1897312, 28.17830646866416, 104058, 0, 0.0, 20, 
2019-12-10 14:36:17.849,304291104, 516.3431626877859, 1898233, 28.17830646866416, 104106, 0, 0.0, 20, 
2019-12-10 14:36:18.876,322929056, 535.9368255641706, 1899117, 29.139508012108994, 104159, 0, 0.0, 20, 
2019-12-10 14:36:19.912,339765400, 535.9368255641706, 1900010, 29.139508012108994, 104212, 0, 0.0, 20, 
2019-12-10 14:36:20.943,358412608, 535.9368255641706, 1900960, 29.139508012108994, 104246, 0, 0.0, 20, 
2019-12-10 14:36:21.975,378586976, 535.9368255641706, 1901871, 29.139508012108994, 104309, 0, 0.0, 20, 
2019-12-10 14:36:23.031,113572040, 535.9368255641706, 1902820, 29.139508012108994, 104354, 0, 0.0, 20, 
2019-12-10 14:36:24.054,131588520, 563.6065092514219, 1903703, 30.695483040602184, 104397, 0, 0.0, 20, 
2019-12-10 14:36:25.079,147968264, 563.6065092514219, 1904624, 30.695483040602184, 104451, 0, 0.0, 20, 
2019-12-10 14:36:26.106,166085992, 563.6065092514219, 1905524, 30.695483040602184, 104508, 0, 0.0, 20, 
2019-12-10 14:36:27.13,185004632, 563.6065092514219, 1906469, 30.695483040602184, 104550, 0, 0.0, 20, 
2019-12-10 14:36:28.167,202224616, 563.6065092514219, 1907371, 30.695483040602184, 104601, 0, 0.0, 20, 
2019-12-10 14:36:29.201,220321584, 589.4796162263651, 1908330, 32.15903140901832, 104643, 0, 0.0, 20, 
2019-12-10 14:36:30.231,238188432, 589.4796162263651, 1909231, 32.15903140901832, 104688, 0, 0.0, 20, 
2019-12-10 14:36:31.261,255768736, 589.4796162263651, 1910159, 32.15903140901832, 104734, 0, 0.0, 20, 
2019-12-10 14:36:32.295,274107608, 589.4796162263651, 1911086, 32.15903140901832, 104787, 0, 0.0, 20, 
2019-12-10 14:36:33.327,294570368, 615.1709756025166, 1912042, 33.24970303773327, 104839, 0, 0.0, 20, 
2019-12-10 14:36:34.355,311597336, 615.1709756025166, 1912991, 33.24970303773327, 104885, 0, 0.0, 20, 
2019-12-10 14:36:35.392,331971384, 615.1709756025166, 1913989, 33.24970303773327, 104941, 0, 0.0, 20, 
2019-12-10 14:36:36.422,349368888, 615.1709756025166, 1914945, 33.24970303773327, 104980, 0, 0.0, 20, 
2019-12-10 14:36:37.453,368649648, 615.1709756025166, 1915966, 33.24970303773327, 105021, 0, 0.0, 20, 
2019-12-10 14:36:38.482,386834528, 641.6865683741238, 1916955, 34.2851516120754, 105079, 0, 0.0, 20, 
2019-12-10 14:36:39.508,120727976, 641.6865683741238, 1917928, 34.2851516120754, 105133, 0, 0.0, 20, 
2019-12-10 14:36:40.535,140806200, 641.6865683741238, 1918955, 34.2851516120754, 105181, 0, 0.0, 20, 
2019-12-10 14:36:41.57,160585392, 641.6865683741238, 1919960, 34.2851516120754, 105233, 0, 0.0, 20, 
2019-12-10 14:36:42.593,178970040, 641.6865683741238, 1920977, 34.2851516120754, 105289, 0, 0.0, 20, 
2019-12-10 14:36:43.616,199807496, 669.3762615214986, 1922070, 35.63758821638816, 105350, 0, 0.0, 20, 
2019-12-10 14:36:44.642,221819400, 669.3762615214986, 1923206, 35.63758821638816, 105407, 0, 0.0, 20, 
2019-12-10 14:36:45.67,241811720, 669.3762615214986, 1924282, 35.63758821638816, 105457, 0, 0.0, 20, 
2019-12-10 14:36:46.694,263257712, 669.3762615214986, 1925426, 35.63758821638816, 105542, 0, 0.0, 20, 
2019-12-10 14:36:47.719,285035720, 669.3762615214986, 1926575, 35.63758821638816, 105588, 0, 0.0, 20, 
2019-12-10 14:36:48.745,305705184, 703.0234698694237, 1927701, 37.569507994514176, 105650, 0, 0.0, 20, 
2019-12-10 14:36:49.783,326315728, 703.0234698694237, 1928878, 37.569507994514176, 105715, 0, 0.0, 20, 
2019-12-10 14:36:50.816,348363432, 703.0234698694237, 1929963, 37.569507994514176, 105772, 0, 0.0, 20, 
2019-12-10 14:36:51.844,369188632, 703.0234698694237, 1931077, 37.569507994514176, 105837, 0, 0.0, 20, 
2019-12-10 14:36:52.892,110793992, 703.0234698694237, 1932245, 37.569507994514176, 105897, 0, 0.0, 20, 
2019-12-10 14:36:53.919,130431504, 735.1477475242133, 1933425, 39.34695999589095, 105959, 0, 0.0, 20, 
2019-12-10 14:36:54.941,151206904, 735.1477475242133, 1934484, 39.34695999589095, 106014, 0, 0.0, 20, 
2019-12-10 14:36:55.964,171550312, 735.1477475242133, 1935585, 39.34695999589095, 106067, 0, 0.0, 20, 
2019-12-10 14:36:56.993,193567968, 735.1477475242133, 1936736, 39.34695999589095, 106124, 0, 0.0, 20, 
2019-12-10 14:36:58.017,214820848, 735.1477475242133, 1937938, 39.34695999589095, 106174, 0, 0.0, 20, 
2019-12-10 14:36:59.051,235515992, 764.9753587447642, 1938954, 40.43859680150875, 106233, 0, 0.0, 20, 
2019-12-10 14:37:00.083,246956256, 764.9753587447642, 1939484, 40.43859680150875, 106255, 0, 0.0, 20, 
2019-12-10 14:37:01.152,274535520, 764.9753587447642, 1940000, 40.43859680150875, 106279, 0, 0.0, 20, 
2019-12-10 14:37:02.185,284804400, 764.9753587447642, 1940499, 40.43859680150875, 106305, 0, 0.0, 20, 
2019-12-10 14:37:03.227,295620336, 748.6823806522069, 1940955, 39.667937152092186, 106337, 0, 0.0, 20, 
2019-12-10 14:37:04.253,306710960, 748.6823806522069, 1941399, 39.667937152092186, 106375, 0, 0.0, 20, 
2019-12-10 14:37:05.283,316324264, 748.6823806522069, 1941871, 39.667937152092186, 106398, 0, 0.0, 20, 
2019-12-10 14:37:06.313,326564968, 748.6823806522069, 1942354, 39.667937152092186, 106434, 0, 0.0, 20, 
2019-12-10 14:37:07.34,338793208, 748.6823806522069, 1942853, 39.667937152092186, 106458, 0, 0.0, 20, 
2019-12-10 14:37:08.365,347175056, 725.2647984624025, 1943309, 38.91092269484388, 106491, 0, 0.0, 20, 
2019-12-10 14:37:09.394,358622984, 725.2647984624025, 1943786, 38.91092269484388, 106514, 0, 0.0, 20, 
2019-12-10 14:37:10.42,368346456, 725.2647984624025, 1944249, 38.91092269484388, 106531, 0, 0.0, 20, 
2019-12-10 14:37:11.447,381164488, 725.2647984624025, 1944729, 38.91092269484388, 106560, 0, 0.0, 20, 
2019-12-10 14:37:12.525,108835632, 725.2647984624025, 1945247, 38.91092269484388, 106581, 0, 0.0, 20, 
2019-12-10 14:37:13.558,118397352, 704.6790497889978, 1945731, 37.526817737471106, 106604, 0, 0.0, 20, 
2019-12-10 14:37:14.585,128378152, 704.6790497889978, 1946195, 37.526817737471106, 106620, 0, 0.0, 20, 
2019-12-10 14:37:15.611,138823344, 704.6790497889978, 1946666, 37.526817737471106, 106641, 0, 0.0, 20, 
2019-12-10 14:37:16.642,149512296, 704.6790497889978, 1947141, 37.526817737471106, 106654, 0, 0.0, 20, 
2019-12-10 14:37:17.67,159509224, 704.6790497889978, 1947592, 37.526817737471106, 106686, 0, 0.0, 20, 
2019-12-10 14:37:18.712,169520056, 684.7318063253982, 1948049, 36.17342411680885, 106716, 0, 0.0, 20, 
2019-12-10 14:37:19.738,180253464, 684.7318063253982, 1948532, 36.17342411680885, 106748, 0, 0.0, 20, 
2019-12-10 14:37:20.768,190839584, 684.7318063253982, 1949013, 36.17342411680885, 106763, 0, 0.0, 20, 
2019-12-10 14:37:21.797,200532072, 684.7318063253982, 1949488, 36.17342411680885, 106785, 0, 0.0, 20, 
2019-12-10 14:37:22.833,211540760, 684.7318063253982, 1949969, 36.17342411680885, 106807, 0, 0.0, 20, 
2019-12-10 14:37:23.862,222178160, 666.7952254333898, 1950439, 35.088153046064946, 106823, 0, 0.0, 20, 
2019-12-10 14:37:24.887,232513080, 666.7952254333898, 1950905, 35.088153046064946, 106845, 0, 0.0, 20, 
2019-12-10 14:37:25.916,242458904, 666.7952254333898, 1951355, 35.088153046064946, 106867, 0, 0.0, 20, 
2019-12-10 14:37:26.946,254298904, 666.7952254333898, 1951850, 35.088153046064946, 106892, 0, 0.0, 20, 
2019-12-10 14:37:27.973,264178640, 666.7952254333898, 1952314, 35.088153046064946, 106929, 0, 0.0, 20, 
2019-12-10 14:37:28.999,274506344, 650.0049342588159, 1952818, 34.24956662980957, 106948, 0, 0.0, 20, 
2019-12-10 14:37:30.039,284353840, 650.0049342588159, 1953330, 34.24956662980957, 106979, 0, 0.0, 20, 
2019-12-10 14:37:31.067,296221704, 650.0049342588159, 1953811, 34.24956662980957, 107005, 0, 0.0, 20, 
2019-12-10 14:37:32.094,305575888, 650.0049342588159, 1954278, 34.24956662980957, 107027, 0, 0.0, 20, 
2019-12-10 14:37:33.125,317049024, 650.0049342588159, 1954728, 34.24956662980957, 107049, 0, 0.0, 20, 
2019-12-10 14:37:34.159,327003384, 635.5165876680973, 1955220, 33.33410982768258, 107067, 0, 0.0, 20, 
2019-12-10 14:37:35.188,336729352, 635.5165876680973, 1955690, 33.33410982768258, 107099, 0, 0.0, 20, 
2019-12-10 14:37:36.223,347303200, 635.5165876680973, 1956153, 33.33410982768258, 107123, 0, 0.0, 20, 
2019-12-10 14:37:37.252,357029896, 635.5165876680973, 1956638, 33.33410982768258, 107146, 0, 0.0, 20, 
2019-12-10 14:37:38.278,369224488, 621.8828340856843, 1957144, 32.76369790031153, 107182, 0, 0.0, 20, 
2019-12-10 14:37:39.309,379301800, 621.8828340856843, 1957668, 32.76369790031153, 107199, 0, 0.0, 20, 
2019-12-10 14:37:40.334,105727920, 621.8828340856843, 1958134, 32.76369790031153, 107218, 0, 0.0, 20, 
2019-12-10 14:37:41.357,116370480, 621.8828340856843, 1958584, 32.76369790031153, 107249, 0, 0.0, 20, 
2019-12-10 14:37:42.384,126860096, 621.8828340856843, 1959070, 32.76369790031153, 107278, 0, 0.0, 20, 
2019-12-10 14:37:43.409,136874048, 609.5950331249388, 1959550, 32.01501795345794, 107302, 0, 0.0, 20, 
2019-12-10 14:37:44.432,147278960, 609.5950331249388, 1960030, 32.01501795345794, 107324, 0, 0.0, 20, 
2019-12-10 14:37:45.456,158141288, 609.5950331249388, 1960496, 32.01501795345794, 107351, 0, 0.0, 20, 
2019-12-10 14:37:46.482,167681224, 609.5950331249388, 1960955, 32.01501795345794, 107377, 0, 0.0, 20, 
2019-12-10 14:37:47.508,178623552, 609.5950331249388, 1961414, 32.01501795345794, 107405, 0, 0.0, 20, 
2019-12-10 14:37:48.536,188825264, 597.5221368633696, 1961878, 31.630030374418894, 107440, 0, 0.0, 20, 
2019-12-10 14:37:49.56,198135040, 597.5221368633696, 1962340, 31.630030374418894, 107463, 0, 0.0, 20, 
2019-12-10 14:37:50.585,210244960, 597.5221368633696, 1962834, 31.630030374418894, 107489, 0, 0.0, 20, 
2019-12-10 14:37:51.617,221726784, 597.5221368633696, 1963303, 31.630030374418894, 107518, 0, 0.0, 20, 
2019-12-10 14:37:52.645,230261408, 597.5221368633696, 1963755, 31.630030374418894, 107541, 0, 0.0, 20, 
2019-12-10 14:37:53.67,241880816, 586.7823317822188, 1964281, 31.067940180658592, 107572, 0, 0.0, 20, 
2019-12-10 14:37:54.696,251564808, 586.7823317822188, 1964750, 31.067940180658592, 107595, 0, 0.0, 20, 
2019-12-10 14:37:55.728,261801896, 586.7823317822188, 1965218, 31.067940180658592, 107619, 0, 0.0, 20, 
2019-12-10 14:37:56.753,272767576, 586.7823317822188, 1965697, 31.067940180658592, 107639, 0, 0.0, 20, 
2019-12-10 14:37:57.783,282109536, 586.7823317822188, 1966167, 31.067940180658592, 107664, 0, 0.0, 20, 
2019-12-10 14:37:58.808,292978256, 577.2210564445809, 1966667, 30.358898832481888, 107684, 0, 0.0, 20, 
2019-12-10 14:37:59.834,303147016, 577.2210564445809, 1967144, 30.358898832481888, 107705, 0, 0.0, 20, 
2019-12-10 14:38:00.858,316157640, 577.2210564445809, 1967624, 30.358898832481888, 107730, 0, 0.0, 20, 
2019-12-10 14:38:01.884,326580200, 577.2210564445809, 1968119, 30.358898832481888, 107765, 0, 0.0, 20, 
2019-12-10 14:38:02.908,335169568, 577.2210564445809, 1968597, 30.358898832481888, 107792, 0, 0.0, 20, 
2019-12-10 14:38:03.933,347387856, 568.648134112492, 1969100, 30.010380524759242, 107812, 0, 0.0, 20, 
2019-12-10 14:38:04.962,358055408, 568.648134112492, 1969602, 30.010380524759242, 107839, 0, 0.0, 20, 
2019-12-10 14:38:05.99,367435600, 568.648134112492, 1970042, 30.010380524759242, 107861, 0, 0.0, 20, 
2019-12-10 14:38:07.013,377010616, 568.648134112492, 1970526, 30.010380524759242, 107884, 0, 0.0, 20, 
2019-12-10 14:38:08.038,104761224, 568.648134112492, 1970983, 30.010380524759242, 107906, 0, 0.0, 20, 
2019-12-10 14:38:09.065,115133328, 560.4248513452459, 1971448, 29.401888095008516, 107929, 0, 0.0, 20, 
2019-12-10 14:38:10.09,126079216, 560.4248513452459, 1971962, 29.401888095008516, 107951, 0, 0.0, 20, 
2019-12-10 14:38:11.114,136160616, 560.4248513452459, 1972466, 29.401888095008516, 107975, 0, 0.0, 20, 
2019-12-10 14:38:12.14,146589768, 560.4248513452459, 1972939, 29.401888095008516, 108008, 0, 0.0, 20, 
2019-12-10 14:38:13.171,158130840, 560.4248513452459, 1973407, 29.401888095008516, 108039, 0, 0.0, 20, 
2019-12-10 14:38:14.196,169061976, 553.4507372970666, 1973899, 29.14587925808071, 108060, 0, 0.0, 20, 
2019-12-10 14:38:15.222,179146744, 553.4507372970666, 1974386, 29.14587925808071, 108083, 0, 0.0, 20, 
2019-12-10 14:38:16.247,189611408, 553.4507372970666, 1974908, 29.14587925808071, 108099, 0, 0.0, 20, 
2019-12-10 14:38:17.279,200722128, 553.4507372970666, 1975389, 29.14587925808071, 108128, 0, 0.0, 20, 
2019-12-10 14:38:18.305,210672624, 547.6898784200907, 1975880, 28.47857959656788, 108149, 0, 0.0, 20, 
2019-12-10 14:38:19.328,221314080, 547.6898784200907, 1976386, 28.47857959656788, 108170, 0, 0.0, 20, 
2019-12-10 14:38:20.355,232095000, 547.6898784200907, 1976870, 28.47857959656788, 108193, 0, 0.0, 20, 
2019-12-10 14:38:21.379,242976992, 547.6898784200907, 1977375, 28.47857959656788, 108211, 0, 0.0, 20, 
2019-12-10 14:38:22.41,254207584, 547.6898784200907, 1977848, 28.47857959656788, 108243, 0, 0.0, 20, 
2019-12-10 14:38:23.436,264155280, 541.877916640489, 1978328, 28.056527674998588, 108265, 0, 0.0, 20, 
2019-12-10 14:38:24.462,273734672, 541.877916640489, 1978795, 28.056527674998588, 108286, 0, 0.0, 20, 
2019-12-10 14:38:25.488,284168240, 541.877916640489, 1979291, 28.056527674998588, 108306, 0, 0.0, 20, 
2019-12-10 14:38:26.513,295621344, 541.877916640489, 1979757, 28.056527674998588, 108328, 0, 0.0, 20, 
2019-12-10 14:38:27.54,305718984, 541.877916640489, 1980241, 28.056527674998588, 108350, 0, 0.0, 20, 
2019-12-10 14:38:28.575,316094552, 536.002946803681, 1980734, 27.524301108207965, 108375, 0, 0.0, 20, 
2019-12-10 14:38:29.603,326745416, 536.002946803681, 1981235, 27.524301108207965, 108392, 0, 0.0, 20, 
2019-12-10 14:38:30.631,337277800, 536.002946803681, 1981714, 27.524301108207965, 108413, 0, 0.0, 20, 
2019-12-10 14:38:31.661,348610592, 536.002946803681, 1982198, 27.524301108207965, 108434, 0, 0.0, 20, 
2019-12-10 14:38:32.688,359333472, 536.002946803681, 1982676, 27.524301108207965, 108460, 0, 0.0, 20, 
2019-12-10 14:38:33.714,371091288, 531.781056282696, 1983216, 27.162557964707997, 108491, 0, 0.0, 20, 
2019-12-10 14:38:34.749,381334768, 531.781056282696, 1983712, 27.162557964707997, 108513, 0, 0.0, 20, 
2019-12-10 14:38:35.784,111792416, 531.781056282696, 1984201, 27.162557964707997, 108532, 0, 0.0, 20, 
2019-12-10 14:38:36.81,120804216, 531.781056282696, 1984669, 27.162557964707997, 108555, 0, 0.0, 20, 
2019-12-10 14:38:37.833,131182176, 531.781056282696, 1985143, 27.162557964707997, 108584, 0, 0.0, 20, 
2019-12-10 14:38:38.861,142373984, 527.0651914018323, 1985623, 26.74978262062972, 108607, 0, 0.0, 20, 
2019-12-10 14:38:39.89,153031416, 527.0651914018323, 1986099, 26.74978262062972, 108621, 0, 0.0, 20, 
2019-12-10 14:38:40.915,164169768, 527.0651914018323, 1986597, 26.74978262062972, 108644, 0, 0.0, 20, 
2019-12-10 14:38:41.954,176258952, 527.0651914018323, 1987095, 26.74978262062972, 108672, 0, 0.0, 20, 
2019-12-10 14:38:42.979,187246104, 527.0651914018323, 1987587, 26.74978262062972, 108698, 0, 0.0, 20, 
2019-12-10 14:38:44.006,198210264, 522.5504839702315, 1988053, 26.497939907406888, 108739, 0, 0.0, 20, 
2019-12-10 14:38:45.034,208081848, 522.5504839702315, 1988504, 26.497939907406888, 108761, 0, 0.0, 20, 
2019-12-10 14:38:46.062,219423968, 522.5504839702315, 1988991, 26.497939907406888, 108789, 0, 0.0, 20, 
2019-12-10 14:38:47.087,230712328, 522.5504839702315, 1989522, 26.497939907406888, 108819, 0, 0.0, 20, 
2019-12-10 14:38:48.115,244766808, 522.5504839702315, 1990119, 26.497939907406888, 108853, 0, 0.0, 20, 
2019-12-10 14:38:49.14,258314944, 520.5075800678876, 1990753, 26.69799358674278, 108881, 0, 0.0, 20, 
2019-12-10 14:38:50.164,271636128, 520.5075800678876, 1991434, 26.69799358674278, 108921, 0, 0.0, 20, 
2019-12-10 14:38:51.186,290121928, 520.5075800678876, 1992276, 26.69799358674278, 108970, 0, 0.0, 20, 
2019-12-10 14:38:52.209,306870752, 520.5075800678876, 1993153, 26.69799358674278, 109022, 0, 0.0, 20, 
2019-12-10 14:38:53.231,324639464, 540.4558925491064, 1994045, 27.95345670100888, 109068, 0, 0.0, 20, 
2019-12-10 14:38:54.254,343245712, 540.4558925491064, 1995011, 27.95345670100888, 109112, 0, 0.0, 20, 
2019-12-10 14:38:55.276,362021888, 540.4558925491064, 1995933, 27.95345670100888, 109170, 0, 0.0, 20, 
2019-12-10 14:38:56.299,379850136, 540.4558925491064, 1996870, 27.95345670100888, 109219, 0, 0.0, 20, 
2019-12-10 14:38:57.322,113513336, 540.4558925491064, 1997779, 27.95345670100888, 109257, 0, 0.0, 20, 
2019-12-10 14:38:58.346,130302632, 569.8271056928112, 1998679, 29.428360868545248, 109304, 0, 0.0, 20, 
2019-12-10 14:38:59.371,147120656, 569.8271056928112, 1999568, 29.428360868545248, 109356, 0, 0.0, 20, 
2019-12-10 14:39:00.395,165084720, 569.8271056928112, 2000498, 29.428360868545248, 109402, 0, 0.0, 20, 
2019-12-10 14:39:01.423,184684728, 569.8271056928112, 2001463, 29.428360868545248, 109450, 0, 0.0, 20, 
2019-12-10 14:39:02.445,205528728, 569.8271056928112, 2002481, 29.428360868545248, 109502, 0, 0.0, 20, 
2019-12-10 14:39:03.468,223601656, 598.3850735356814, 2003473, 30.817320444148866, 109541, 0, 0.0, 20, 
2019-12-10 14:39:04.49,242239488, 598.3850735356814, 2004461, 30.817320444148866, 109580, 0, 0.0, 20, 
2019-12-10 14:39:05.512,261233760, 598.3850735356814, 2005466, 30.817320444148866, 109615, 0, 0.0, 20, 
2019-12-10 14:39:06.536,279966752, 598.3850735356814, 2006383, 30.817320444148866, 109659, 0, 0.0, 20, 
2019-12-10 14:39:07.56,298301232, 598.3850735356814, 2007336, 30.817320444148866, 109709, 0, 0.0, 20, 
2019-12-10 14:39:08.582,316079672, 626.4027041037585, 2008291, 31.695447016975507, 109758, 0, 0.0, 20, 
2019-12-10 14:39:09.605,334314096, 626.4027041037585, 2009231, 31.695447016975507, 109805, 0, 0.0, 20, 
2019-12-10 14:39:10.628,352778296, 626.4027041037585, 2010176, 31.695447016975507, 109846, 0, 0.0, 20, 
2019-12-10 14:39:11.65,372192880, 626.4027041037585, 2011188, 31.695447016975507, 109891, 0, 0.0, 20, 
2019-12-10 14:39:12.673,105203568, 626.4027041037585, 2012140, 31.695447016975507, 109927, 0, 0.0, 20, 
2019-12-10 14:39:13.696,125692680, 651.5884972873229, 2013137, 32.56732693393879, 109987, 0, 0.0, 20, 
2019-12-10 14:39:14.724,144783648, 651.5884972873229, 2014169, 32.56732693393879, 110042, 0, 0.0, 20, 
2019-12-10 14:39:15.75,164279128, 651.5884972873229, 2015159, 32.56732693393879, 110103, 0, 0.0, 20, 
2019-12-10 14:39:16.777,183584992, 651.5884972873229, 2016238, 32.56732693393879, 110158, 0, 0.0, 20, 
2019-12-10 14:39:17.8,203788648, 651.5884972873229, 2017304, 32.56732693393879, 110208, 0, 0.0, 20, 
2019-12-10 14:39:18.823,225876688, 680.8531612391159, 2018436, 34.312971089142316, 110256, 0, 0.0, 20, 
2019-12-10 14:39:19.846,246521960, 680.8531612391159, 2019578, 34.312971089142316, 110309, 0, 0.0, 20, 
2019-12-10 14:39:20.869,267908104, 680.8531612391159, 2020771, 34.312971089142316, 110361, 0, 0.0, 20, 
2019-12-10 14:39:21.89,290729632, 680.8531612391159, 2021964, 34.312971089142316, 110422, 0, 0.0, 20, 
2019-12-10 14:39:22.92,312545336, 680.8531612391159, 2023173, 34.312971089142316, 110481, 0, 0.0, 20, 
2019-12-10 14:39:23.943,334869032, 718.4440269424157, 2024333, 35.8071034245487, 110549, 0, 0.0, 20, 
2019-12-10 14:39:24.964,355532216, 718.4440269424157, 2025428, 35.8071034245487, 110605, 0, 0.0, 20, 
2019-12-10 14:39:25.988,378940912, 718.4440269424157, 2026653, 35.8071034245487, 110670, 0, 0.0, 20, 
2019-12-10 14:39:27.029,117851112, 718.4440269424157, 2027828, 35.8071034245487, 110737, 0, 0.0, 20, 
2019-12-10 14:39:28.053,138928008, 718.4440269424157, 2028990, 35.8071034245487, 110791, 0, 0.0, 20, 
2019-12-10 14:39:29.075,161604544, 751.558110202997, 2030194, 37.837407334495964, 110855, 0, 0.0, 20, 
2019-12-10 14:39:30.1,183889744, 751.558110202997, 2031436, 37.837407334495964, 110916, 0, 0.0, 20, 
2019-12-10 14:39:31.124,209940672, 751.558110202997, 2032706, 37.837407334495964, 110991, 0, 0.0, 20, 
2019-12-10 14:39:32.149,228256560, 751.558110202997, 2033632, 37.837407334495964, 111035, 0, 0.0, 20, 
2019-12-10 14:39:33.174,237856528, 751.558110202997, 2034102, 37.837407334495964, 111059, 0, 0.0, 20, 
2019-12-10 14:39:34.206,248286944, 770.8307556005705, 2034577, 38.98577683850692, 111077, 0, 0.0, 20, 
2019-12-10 14:39:35.233,258050408, 770.8307556005705, 2035024, 38.98577683850692, 111097, 0, 0.0, 20, 
2019-12-10 14:39:36.258,269529448, 770.8307556005705, 2035512, 38.98577683850692, 111117, 0, 0.0, 20, 
2019-12-10 14:39:37.291,280902632, 770.8307556005705, 2035999, 38.98577683850692, 111139, 0, 0.0, 20, 
2019-12-10 14:39:38.317,291001880, 746.1060295219102, 2036464, 37.4837490547412, 111163, 0, 0.0, 20, 
2019-12-10 14:39:39.345,301315528, 746.1060295219102, 2036909, 37.4837490547412, 111182, 0, 0.0, 20, 
2019-12-10 14:39:40.373,310740040, 746.1060295219102, 2037384, 37.4837490547412, 111205, 0, 0.0, 20, 
2019-12-10 14:39:41.403,321859960, 746.1060295219102, 2037899, 37.4837490547412, 111233, 0, 0.0, 20, 
2019-12-10 14:39:42.427,332582952, 746.1060295219102, 2038371, 37.4837490547412, 111260, 0, 0.0, 20, 
2019-12-10 14:39:43.454,342439080, 723.4221478582953, 2038842, 36.32569242070738, 111287, 0, 0.0, 20, 
2019-12-10 14:39:44.48,353043720, 723.4221478582953, 2039317, 36.32569242070738, 111321, 0, 0.0, 20, 
2019-12-10 14:39:45.509,363353520, 723.4221478582953, 2039831, 36.32569242070738, 111343, 0, 0.0, 20, 
2019-12-10 14:39:46.536,374057344, 723.4221478582953, 2040270, 36.32569242070738, 111366, 0, 0.0, 20, 
2019-12-10 14:39:47.56,383963960, 723.4221478582953, 2040762, 36.32569242070738, 111398, 0, 0.0, 20, 
2019-12-10 14:39:48.588,109084712, 702.6958892852412, 2041223, 35.61203345837111, 111418, 0, 0.0, 20, 
2019-12-10 14:39:49.613,118671112, 702.6958892852412, 2041688, 35.61203345837111, 111432, 0, 0.0, 20, 
2019-12-10 14:39:50.639,130023584, 702.6958892852412, 2042182, 35.61203345837111, 111452, 0, 0.0, 20, 
2019-12-10 14:39:51.665,140957544, 702.6958892852412, 2042663, 35.61203345837111, 111480, 0, 0.0, 20, 
2019-12-10 14:39:52.691,151932680, 702.6958892852412, 2043140, 35.61203345837111, 111502, 0, 0.0, 20, 
2019-12-10 14:39:53.717,162104264, 684.0905532440896, 2043647, 34.36376418438046, 111525, 0, 0.0, 20, 
2019-12-10 14:39:54.746,171962592, 684.0905532440896, 2044104, 34.36376418438046, 111555, 0, 0.0, 20, 
2019-12-10 14:39:55.775,182870736, 684.0905532440896, 2044563, 34.36376418438046, 111586, 0, 0.0, 20, 
2019-12-10 14:39:56.799,194174512, 684.0905532440896, 2045029, 34.36376418438046, 111605, 0, 0.0, 20, 
2019-12-10 14:39:57.834,204089296, 684.0905532440896, 2045518, 34.36376418438046, 111637, 0, 0.0, 20, 
2019-12-10 14:39:58.859,214508792, 665.9014128931593, 2045956, 33.758998991412554, 111667, 0, 0.0, 20, 
2019-12-10 14:39:59.888,225021224, 665.9014128931593, 2046414, 33.758998991412554, 111698, 0, 0.0, 20, 
2019-12-10 14:40:00.913,234388552, 665.9014128931593, 2046860, 33.758998991412554, 111725, 0, 0.0, 20, 
2019-12-10 14:40:01.939,244774312, 665.9014128931593, 2047336, 33.758998991412554, 111751, 0, 0.0, 20, 
2019-12-10 14:40:02.965,256179624, 665.9014128931593, 2047822, 33.758998991412554, 111773, 0, 0.0, 20, 
2019-12-10 14:40:03.994,265576480, 648.4789778721891, 2048280, 33.234570387608485, 111791, 0, 0.0, 20, 
2019-12-10 14:40:05.028,276457976, 648.4789778721891, 2048763, 33.234570387608485, 111815, 0, 0.0, 20, 
2019-12-10 14:40:06.056,286277720, 648.4789778721891, 2049238, 33.234570387608485, 111841, 0, 0.0, 20, 
2019-12-10 14:40:07.085,297097696, 648.4789778721891, 2049737, 33.234570387608485, 111871, 0, 0.0, 20, 
2019-12-10 14:40:08.11,307466784, 648.4789778721891, 2050215, 33.234570387608485, 111895, 0, 0.0, 20, 
2019-12-10 14:40:09.137,317236568, 633.9687199639461, 2050691, 32.43225043832399, 111924, 0, 0.0, 20, 
2019-12-10 14:40:10.16,327901192, 633.9687199639461, 2051172, 32.43225043832399, 111943, 0, 0.0, 20, 
2019-12-10 14:40:11.183,338181792, 633.9687199639461, 2051626, 32.43225043832399, 111962, 0, 0.0, 20, 
2019-12-10 14:40:12.209,349297864, 633.9687199639461, 2052088, 32.43225043832399, 111987, 0, 0.0, 20, 
2019-12-10 14:40:13.236,361232416, 620.0749402401157, 2052574, 31.58214263072016, 112007, 0, 0.0, 20, 
2019-12-10 14:40:14.262,369936240, 620.0749402401157, 2053047, 31.58214263072016, 112031, 0, 0.0, 20, 
2019-12-10 14:40:15.286,379882512, 620.0749402401157, 2053497, 31.58214263072016, 112060, 0, 0.0, 20, 
2019-12-10 14:40:16.315,106753840, 620.0749402401157, 2053939, 31.58214263072016, 112086, 0, 0.0, 20, 
2019-12-10 14:40:17.34,116960792, 620.0749402401157, 2054424, 31.58214263072016, 112112, 0, 0.0, 20, 
2019-12-10 14:40:18.372,128699200, 606.8283034119653, 2054905, 30.927934627094558, 112129, 0, 0.0, 20, 
2019-12-10 14:40:19.397,137773376, 606.8283034119653, 2055346, 30.927934627094558, 112155, 0, 0.0, 20, 
2019-12-10 14:40:20.424,148554352, 606.8283034119653, 2055854, 30.927934627094558, 112179, 0, 0.0, 20, 
2019-12-10 14:40:21.449,159160360, 606.8283034119653, 2056353, 30.927934627094558, 112207, 0, 0.0, 20, 
2019-12-10 14:40:22.475,169878856, 606.8283034119653, 2056801, 30.927934627094558, 112226, 0, 0.0, 20, 
2019-12-10 14:40:23.501,180660872, 595.3444183368645, 2057282, 30.42198090979784, 112260, 0, 0.0, 20, 
2019-12-10 14:40:24.527,190572496, 595.3444183368645, 2057759, 30.42198090979784, 112295, 0, 0.0, 20, 
2019-12-10 14:40:25.551,201334592, 595.3444183368645, 2058257, 30.42198090979784, 112334, 0, 0.0, 20, 
2019-12-10 14:40:26.574,212375456, 595.3444183368645, 2058710, 30.42198090979784, 112360, 0, 0.0, 20, 
2019-12-10 14:40:27.599,223964664, 595.3444183368645, 2059191, 30.42198090979784, 112389, 0, 0.0, 20, 
2019-12-10 14:40:28.626,233521440, 584.6348139616057, 2059660, 30.45220564743624, 112415, 0, 0.0, 20, 
2019-12-10 14:40:29.652,243454600, 584.6348139616057, 2060138, 30.45220564743624, 112441, 0, 0.0, 20, 
2019-12-10 14:40:30.679,254111832, 584.6348139616057, 2060626, 30.45220564743624, 112476, 0, 0.0, 20, 
2019-12-10 14:40:31.703,265762720, 584.6348139616057, 2061120, 30.45220564743624, 112526, 0, 0.0, 20, 
2019-12-10 14:40:32.73,274186320, 584.6348139616057, 2061566, 30.45220564743624, 112548, 0, 0.0, 20, 
2019-12-10 14:40:33.755,287434800, 574.9254223269262, 2062042, 30.464022631409957, 112574, 0, 0.0, 20, 
2019-12-10 14:40:34.781,297029352, 574.9254223269262, 2062501, 30.464022631409957, 112601, 0, 0.0, 20, 
2019-12-10 14:40:35.806,308078792, 574.9254223269262, 2063009, 30.464022631409957, 112630, 0, 0.0, 20, 
2019-12-10 14:40:36.832,318348712, 574.9254223269262, 2063486, 30.464022631409957, 112657, 0, 0.0, 20, 
2019-12-10 14:40:37.86,328097712, 574.9254223269262, 2063973, 30.464022631409957, 112675, 0, 0.0, 20, 
2019-12-10 14:40:38.885,340096160, 566.7919066376975, 2064456, 30.1390813229559, 112702, 0, 0.0, 20, 
2019-12-10 14:40:39.912,350391440, 566.7919066376975, 2064941, 30.1390813229559, 112724, 0, 0.0, 20, 
2019-12-10 14:40:40.934,360656024, 566.7919066376975, 2065405, 30.1390813229559, 112752, 0, 0.0, 20, 
2019-12-10 14:40:41.96,372122456, 566.7919066376975, 2065916, 30.1390813229559, 112767, 0, 0.0, 20, 
2019-12-10 14:40:42.989,382022096, 566.7919066376975, 2066398, 30.1390813229559, 112788, 0, 0.0, 20, 
2019-12-10 14:40:44.016,107319832, 559.1967731370038, 2066861, 29.45633407725115, 112814, 0, 0.0, 20, 
2019-12-10 14:40:45.047,113007384, 559.1967731370038, 2067029, 29.45633407725115, 112821, 0, 0.0, 20, 
2019-12-10 14:40:46.073,114188120, 559.1967731370038, 2067029, 29.45633407725115, 112821, 0, 0.0, 20, 
2019-12-10 14:40:47.105,115104056, 559.1967731370038, 2067029, 29.45633407725115, 112821, 0, 0.0, 20, 
